1220000 3334.1
1220010 3335.5
1220020 3331.5
1220030 3331.5
1220040 3330.3
1220050 3327.4
1220060 3327.4
1220070 3319.8
1220080 3313.2
1220090 3313.2
1220100 3306.4
1220110 3302.2
1220120 3302.2
1220130 3292.6
1220140 3283.7
1220150 3283.7
1220160 3280.9
1220170 3282.2
1220180 3286.6
1220190 3286.6
1220200 3292.9
1220210 3295.6
1220220 3295.6
1220230 3291.8
1220240 3289.9
1220250 3289.9
1220260 3286.8
1220270 3285.5
1220280 3285.5
1220290 3286.6
1220300 3291.2
1220310 3284.4
1220320 3289.0
1220330 3294.6
1220340 3294.6
1220350 3304.8
1220360 3319.0
1220370 3332.0
1220380 3332.0
1220390 3341.2
1220400 3347.5
1220410 3347.5
1220420 3354.3
1220430 3354.1
1220440 3354.1
1220450 3346.6
1220460 3339.1
1220470 3339.1
1220480 3338.2
1220490 3345.6
1220500 3345.6
1220510 3355.1
1220520 3361.6
1220530 3367.6
1220540 3367.6
1220550 3369.9
1220560 3367.3
1220570 3367.3
1220580 3371.5
1220590 3374.7
1220600 3374.7
1220610 3379.2
1220620 3387.0
1220630 3387.0
1220640 3394.9
1220650 3403.1
1220660 3403.1
1220670 3411.2
1220680 3409.4
1220690 3409.4
1220700 3396.3
1220710 3385.0
1220720 3374.6
1220730 3374.6
1220740 3366.1
1220750 3356.6
1220760 3356.6
1220770 3346.9
1220780 3338.8
1220790 3338.8
1220800 3331.6
1220810 3323.0
1220820 3323.0
1220830 3310.9
1220840 3294.7
1220850 3294.7
1220860 3282.5
1220870 3272.8
1220880 3264.1
1220890 3264.1
1220900 3255.0
1220910 3247.1
1220920 3247.1
1220930 3239.1
1220940 3232.9
1220950 3232.9
1220960 3226.1
1220970 3218.3
1220980 3218.3
1220990 3209.9
1221000 3200.0
1221010 3200.0
1221020 3189.8
1221030 3178.0
1221040 3178.0
1221050 3163.9
1221060 3149.1
1221070 3138.1
1221080 3138.1
1221090 3132.4
1221100 3127.3
1221110 3127.3
1221120 3121.8
1221130 3115.9
1221140 3115.9
1221150 3109.6
1221160 3103.9
1221170 3103.9
1221180 3099.2
1221190 3094.1
1221200 3094.1
1221210 3087.1
1221220 3077.7
1221230 3077.7
1221240 3070.8
1221250 3065.0
1221260 3059.1
1221270 3062.6
1221280 3053.5
1221290 3046.2
1221300 3046.2
1221310 3039.5
1221320 3032.6
1221330 3032.6
1221340 3024.9
1221350 3015.4
1221360 3015.4
1221370 3008.6
1221380 3002.4
1221390 3002.4
1221400 2995.9
1221410 2986.8
1221420 2974.2
1221430 2974.2
1221440 2959.6
1221450 2950.0
1221460 2950.0
1221470 2939.0
1221480 2924.4
1221490 2924.4
1221500 2916.5
1221510 2912.3
1221520 2912.3
1221530 2908.3
1221540 2903.3
1221550 2903.3
1221560 2899.4
1221570 2895.7
1221580 2895.7
1221590 2894.3
1221600 2887.2
1221610 2876.6
1221620 2876.6
1221630 2871.7
1221640 2867.5
1221650 2867.5
1221660 2863.6
1221670 2861.4
1221680 2861.4
1221690 2860.2
1221700 2858.1
1221710 2858.1
1221720 2856.4
1221730 2855.4
1221740 2855.4
1221750 2855.5
1221760 2854.5
1221770 2854.5
1221780 2853.6
1221790 2853.3
1221800 2852.6
1221810 2852.6
1221820 2852.4
1221830 2852.2
1221840 2852.2
1221850 2851.8
1221860 2851.3
1221870 2851.3
1221880 2850.8
1221890 2850.3
1221900 2850.3
1221910 2849.8
1221920 2849.1
1221930 2849.1
1221940 2848.6
1221950 2848.1
1221960 2847.8
1221970 2847.8
1221980 2847.4
1221990 2847.2
1222000 2847.2
1222010 2847.1
1222020 2846.9
1222030 2846.9
1222040 2846.6
1222050 2846.3
1222060 2846.3
1222070 2845.9
1222080 2845.6
1222090 2845.6
1222100 2845.4
1222110 2845.4
1222120 2845.4
1222130 2845.2
1222140 2845.0
1222150 2844.7
1222160 2844.7
1222170 2844.7
1222180 2844.6
1222190 2844.6
1222200 2844.3
1222210 2844.0
1222220 2844.0
1222230 2844.4
1222240 2844.1
1222250 2844.1
1222260 2844.2
1222270 2844.1
1222280 2844.1
1222290 2843.9
1222300 2843.7
1222310 2843.5
1222320 2843.5
1222330 2843.5
1222340 2843.5
1222350 2843.5
1222360 2843.4
1222370 2843.3
1222380 2843.3
1222390 2843.0
1222400 2842.7
1222410 2842.7
1222420 2842.5
1222430 2842.3
1222440 2842.3
1222450 2842.4
1222460 2842.6
1222470 2842.6
1222480 2842.6
1222490 2842.7
1222500 2842.7
1222510 2842.7
1222520 2842.8
1222530 2843.2
1222540 2843.2
1222550 2843.6
1222560 2843.7
1222570 2843.7
1222580 2843.8
1222590 2844.0
1222600 2844.0
1222610 2844.2
1222620 2844.5
1222630 2844.5
1222640 2844.9
1222650 2844.9
1222660 2844.9
1222670 2844.8
1222680 2844.3
1222690 2843.3
1222700 2843.3
1222710 2842.8
1222720 2841.2
1222730 2841.2
1222740 2839.7
1222750 2838.1
1222760 2838.1
1222770 2836.4
1222780 2836.1
1222790 2836.1
1222800 2837.5
1222810 2838.0
1222820 2838.0
1222830 2838.3
1222840 2838.4
1222850 2838.9
1222860 2838.9
1222870 2839.9
1222880 2841.3
1222890 2841.3
1222900 2842.8
1222910 2844.1
1222920 2844.1
1222930 2845.5
1222940 2846.8
1222950 2846.8
1222960 2848.1
1222970 2849.6
1222980 2849.6
1222990 2851.2
1223000 2852.8
1223010 2852.8
1223020 2854.8
1223030 2856.9
1223040 2859.2
1223050 2859.2
1223060 2861.6
1223070 2864.0
1223080 2864.0
1223090 2866.5
1223100 2868.9
1223110 2868.9
1223120 2871.3
1223130 2873.6
1223140 2873.6
1223150 2875.5
1223160 2877.2
1223170 2877.2
1223180 2878.6
1223190 2879.2
1223200 2880.2
1223210 2880.2
1223220 2881.0
1223230 2881.7
1223240 2881.7
1223250 2882.3
1223260 2883.2
1223270 2883.2
1223280 2884.0
1223290 2884.9
1223300 2884.9
1223310 2885.7
1223320 2886.6
1223330 2886.6
1223340 2887.3
1223350 2887.9
1223360 2887.9
1223370 2888.4
1223380 2888.9
1223390 2889.4
1223400 2889.4
1223410 2889.8
1223420 2890.2
1223430 2890.2
1223440 2890.7
1223450 2891.1
1223460 2891.1
1223470 2891.5
1223480 2891.9
1223490 2891.9
1223500 2892.4
1223510 2893.0
1223520 2893.0
1223530 2893.5
1223540 2894.0
1223550 2894.0
1223560 2894.4
1223570 2894.9
1223580 2895.4
1223590 2895.4
1223600 2896.1
1223610 2896.8
1223620 2896.8
1223630 2897.6
1223640 2898.4
1223650 2898.4
1223660 2899.1
1223670 2899.9
1223680 2900.8
1223690 2901.7
1223700 2902.5
1223710 2902.5
1223720 2903.4
1223730 2904.3
1223740 2905.2
1223750 2905.2
1223760 2906.2
1223770 2907.1
1223780 2907.1
1223790 2908.1
1223800 2909.0
1223810 2909.0
1223820 2909.9
1223830 2910.8
1223840 2910.8
1223850 2911.8
1223860 2912.6
1223870 2912.6
1223880 2913.3
1223890 2913.9
1223900 2913.9
1223910 2914.5
1223920 2915.0
1223930 2915.5
1223940 2915.5
1223950 2915.9
1223960 2916.3
1223970 2916.3
1223980 2916.6
1223990 2916.9
1224000 2916.9
1224010 2917.1
1224020 2917.1
1224030 2917.1
1224040 2917.0
1224050 2916.8
1224060 2916.8
1224070 2916.4
1224080 2916.0
1224090 2915.9
1224100 2915.9
1224110 2915.4
1224120 2915.1
1224130 2915.1
1224140 2916.0
1224150 2916.9
1224160 2917.0
1224170 2918.0
1224180 2918.6
1224190 2918.6
1224200 2919.1
1224210 2919.7
1224220 2919.7
1224230 2920.3
1224240 2921.0
1224250 2921.0
1224260 2921.6
1224270 2922.2
1224280 2922.8
1224290 2922.8
1224300 2923.4
1224310 2923.9
1224320 2923.9
1224330 2924.4
1224340 2924.8
1224350 2924.8
1224360 2925.4
1224370 2926.6
1224380 2926.6
1224390 2928.6
1224400 2930.2
1224410 2930.2
1224420 2930.5
1224430 2930.0
1224440 2930.0
1224450 2929.3
1224460 2929.0
1224470 2929.9
1224480 2929.9
1224490 2932.1
1224500 2933.1
1224510 2933.1
1224520 2934.5
1224530 2937.8
1224540 2937.8
1224550 2941.2
1224560 2944.4
1224570 2944.4
1224580 2948.2
1224590 2953.3
1224600 2953.3
1224610 2958.6
1224620 2963.3
1224630 2966.6
1224640 2964.5
1224650 2967.6
1224660 2970.4
1224670 2970.4
1224680 2973.2
1224690 2976.3
1224700 2976.3
1224710 2979.6
1224720 2982.6
1224730 2982.6
1224740 2985.5
1224750 2988.7
1224760 2988.7
1224770 2992.2
1224780 2994.4
1224790 2994.4
1224800 2997.0
1224810 3001.1
1224820 3005.7
1224830 3005.7
1224840 3011.1
1224850 3017.4
1224860 3017.4
1224870 3023.7
1224880 3028.8
1224890 3028.8
1224900 3033.7
1224910 3040.1
1224920 3040.1
1224930 3048.3
1224940 3055.9
1224950 3055.9
1224960 3063.7
1224970 3073.4
1224980 3073.4
1224990 3082.6
1225000 3090.7
1225010 3101.6
1225020 3101.6
1225030 3112.5
1225040 3123.0
1225050 3123.0
1225060 3132.7
1225070 3144.1
1225080 3144.1
1225090 3156.4
1225100 3155.0
1225110 3155.0
1225120 3135.9
1225130 3122.8
1225140 3122.8
1225150 3113.2
1225160 3108.0
1225170 3103.3
1225180 3103.3
1225190 3087.5
1225200 3078.6
1225210 3078.6
1225220 3068.7
1225230 3055.3
1225240 3055.3
1225250 3041.0
1225260 3024.1
1225270 3024.1
1225280 3002.1
1225290 2992.7
1225300 2992.7
1225310 2977.5
1225320 2965.0
1225330 2965.0
1225340 2957.4
1225350 2949.5
1225360 2944.6
1225370 2944.6
1225380 2939.9
1225390 2933.0
1225400 2933.0
1225410 2919.5
1225420 2901.4
1225430 2901.4
1225440 2885.7
1225450 2875.7
1225460 2875.7
1225470 2865.7
1225480 2855.6
1225490 2855.6
1225500 2845.7
1225510 2838.8
1225520 2829.7
1225530 2829.7
1225540 2822.3
1225550 2813.7
1225560 2813.7
1225570 2805.3
1225580 2800.3
1225590 2800.3
1225600 2795.4
1225610 2781.4
1225620 2787.9
1225630 2774.6
1225640 2767.6
1225650 2767.6
1225660 2759.7
1225670 2744.2
1225680 2744.2
1225690 2735.3
1225700 2726.2
1225710 2720.1
1225720 2720.1
1225730 2715.0
1225740 2710.0
1225750 2710.0
1225760 2701.3
1225770 2693.9
1225780 2693.9
1225790 2684.9
1225800 2679.5
1225810 2679.5
1225820 2677.9
1225830 2675.8
1225840 2675.8
1225850 2672.7
1225860 2668.8
1225870 2668.8
1225880 2665.1
1225890 2661.3
1225900 2657.6
1225910 2657.6
1225920 2654.6
1225930 2652.3
1225940 2652.3
1225950 2651.6
1225960 2651.5
1225970 2651.5
1225980 2651.7
1225990 2651.9
1226000 2651.9
1226010 2652.1
1226020 2652.8
1226030 2652.8
1226040 2653.6
1226050 2654.5
1226060 2655.1
1226070 2655.1
1226080 2655.7
1226090 2656.3
1226100 2657.9
1226110 2658.5
1226120 2659.1
1226130 2659.1
1226140 2659.9
1226150 2660.5
1226160 2660.5
1226170 2661.0
1226180 2661.3
1226190 2661.3
1226200 2661.7
1226210 2662.1
1226220 2662.1
1226230 2662.6
1226240 2663.2
1226250 2663.7
1226260 2663.7
1226270 2664.2
1226280 2664.7
1226290 2664.7
1226300 2665.3
1226310 2665.9
1226320 2665.9
1226330 2666.5
1226340 2666.9
1226350 2666.9
1226360 2667.1
1226370 2667.4
1226380 2667.4
1226390 2667.9
1226400 2668.4
1226410 2668.8
1226420 2668.8
1226430 2669.4
1226440 2669.9
1226450 2669.9
1226460 2670.3
1226470 2670.9
1226480 2670.9
1226490 2671.5
1226500 2672.0
1226510 2672.0
1226520 2672.6
1226530 2673.2
1226540 2673.2
1226550 2673.5
1226560 2673.7
1226570 2673.7
1226580 2673.7
1226590 2676.1
1226600 2675.7
1226610 2675.7
1226620 2675.3
1226630 2676.2
1226640 2676.2
1226650 2679.6
1226660 2684.7
1226670 2684.7
1226680 2689.9
1226690 2695.3
1226700 2695.3
1226710 2701.4
1226720 2707.6
1226730 2707.6
1226740 2714.4
1226750 2721.7
1226760 2721.7
1226770 2729.8
1226780 2741.1
1226790 2751.7
1226800 2751.7
1226810 2760.4
1226820 2767.6
1226830 2767.6
1226840 2773.1
1226850 2778.4
1226860 2778.4
1226870 2783.6
1226880 2789.8
1226890 2789.8
1226900 2794.8
1226910 2799.7
1226920 2799.7
1226930 2804.2
1226940 2808.6
1226950 2812.6
1226960 2812.6
1226970 2815.7
1226980 2819.3
1226990 2819.3
1227000 2822.6
1227010 2825.7
1227020 2825.7
1227030 2829.2
1227040 2832.7
1227050 2832.7
1227060 2835.7
1227070 2838.6
1227080 2838.1
1227090 2840.5
1227100 2842.4
1227110 2842.4
1227120 2844.1
1227130 2845.3
1227140 2846.0
1227150 2846.0
1227160 2846.6
1227170 2847.1
1227180 2847.1
1227190 2847.7
1227200 2848.3
1227210 2848.3
1227220 2848.9
1227230 2849.7
1227240 2849.7
1227250 2850.7
1227260 2851.7
1227270 2851.7
1227280 2852.6
1227290 2853.9
1227300 2853.9
1227310 2855.1
1227320 2856.1
1227330 2857.7
1227340 2857.7
1227350 2859.6
1227360 2861.6
1227370 2861.6
1227380 2863.9
1227390 2866.4
1227400 2866.4
1227410 2870.0
1227420 2873.6
1227430 2873.6
1227440 2877.0
1227450 2879.7
1227460 2879.7
1227470 2882.0
1227480 2884.5
1227490 2886.4
1227500 2886.4
1227510 2889.3
1227520 2893.2
1227530 2893.2
1227540 2896.6
1227550 2899.3
1227560 2899.3
1227570 2905.7
1227580 2908.4
1227590 2908.4
1227600 2910.5
1227610 2911.5
1227620 2911.5
1227630 2912.7
1227640 2914.5
1227650 2914.5
1227660 2916.0
1227670 2916.7
1227680 2917.8
1227690 2917.8
1227700 2918.8
1227710 2919.3
1227720 2919.3
1227730 2919.1
1227740 2919.5
1227750 2919.5
1227760 2921.4
1227770 2923.8
1227780 2923.8
1227790 2926.2
1227800 2929.3
1227810 2929.3
1227820 2932.3
1227830 2935.8
1227840 2939.8
1227850 2939.8
1227860 2943.8
1227870 2947.7
1227880 2947.7
1227890 2951.4
1227900 2955.1
1227910 2955.1
1227920 2959.1
1227930 2963.7
1227940 2963.7
1227950 2968.5
1227960 2973.0
1227970 2973.0
1227980 2977.0
1227990 2981.2
1228000 2981.2
1228010 2985.3
1228020 2988.5
1228030 2991.5
1228040 2991.5
1228050 2994.8
1228060 2998.7
1228070 2998.7
1228080 3004.3
1228090 3008.9
1228100 3008.9
1228110 3013.4
1228120 3017.5
1228130 3017.5
1228140 3021.5
1228150 3026.0
1228160 3026.0
1228170 3030.6
1228180 3035.0
1228190 3035.0
1228200 3039.3
1228210 3043.8
1228220 3048.6
1228230 3048.6
1228240 3053.5
1228250 3058.8
1228260 3058.8
1228270 3064.6
1228280 3070.9
1228290 3070.9
1228300 3077.4
1228310 3089.3
1228320 3089.3
1228330 3111.7
1228340 3134.7
1228350 3134.7
1228360 3150.4
1228370 3162.9
1228380 3179.0
1228390 3179.0
1228400 3194.6
1228410 3204.5
1228420 3204.5
1228430 3212.3
1228440 3221.3
1228450 3221.3
1228460 3229.9
1228470 3235.4
1228480 3235.4
1228490 3241.0
1228500 3248.5
1228510 3248.5
1228520 3255.2
1228530 3261.2
1228540 3261.2
1228550 3265.2
1228560 3273.3
1228570 3276.3
1228580 3276.3
1228590 3279.2
1228600 3282.1
1228610 3282.1
1228620 3285.3
1228630 3288.9
1228640 3288.9
1228650 3293.2
1228660 3297.6
1228670 3297.6
1228680 3304.3
1228690 3315.9
1228700 3315.9
1228710 3326.0
1228720 3329.3
1228730 3326.5
1228740 3326.5
1228750 3324.1
1228760 3322.4
1228770 3322.4
1228780 3314.3
1228790 3304.2
1228800 3304.2
1228810 3293.5
1228820 3283.6
1228830 3283.6
1228840 3274.5
1228850 3266.5
1228860 3266.5
1228870 3258.8
1228880 3247.6
1228890 3247.6
1228900 3234.0
1228910 3223.4
1228920 3212.4
1228930 3212.4
1228940 3204.8
1228950 3196.2
1228960 3196.2
1228970 3185.3
1228980 3172.6
1228990 3172.6
1229000 3159.6
1229010 3144.4
1229020 3144.4
1229030 3133.3
1229040 3127.7
1229050 3121.5
1229060 3114.5
1229070 3104.8
1229080 3104.8
1229090 3094.4
1229100 3086.9
1229110 3078.0
1229120 3078.0
1229130 3073.2
1229140 3070.7
1229150 3070.7
1229160 3061.5
1229170 3049.8
1229180 3049.8
1229190 3044.2
1229200 3037.8
1229210 3037.8
1229220 3027.7
1229230 3016.4
1229240 3016.4
1229250 3007.6
1229260 2996.9
1229270 2985.9
1229280 2985.9
1229290 2979.2
1229300 2968.8
1229310 2968.8
1229320 2957.7
1229330 2947.7
1229340 2947.7
1229350 2940.2
1229360 2934.3
1229370 2934.3
1229380 2929.9
1229390 2925.5
1229400 2925.5
1229410 2921.5
1229420 2917.1
1229430 2917.1
1229440 2912.0
1229450 2899.4
1229460 2890.9
1229470 2890.9
1229480 2885.3
1229490 2879.5
1229500 2879.5
1229510 2874.0
1229520 2869.0
1229530 2869.0
