1220000 3518.5
1220010 3518.5
1220020 3511.2
1220030 3502.9
1220040 3502.9
1220050 3494.2
1220060 3485.7
1220070 3485.7
1220080 3477.4
1220090 3469.6
1220100 3469.6
1220110 3462.1
1220120 3455.0
1220130 3455.0
1220140 3448.1
1220150 3441.4
1220160 3435.0
1220170 3435.0
1220180 3429.1
1220190 3424.2
1220200 3424.2
1220210 3417.9
1220220 3406.8
1220230 3406.8
1220240 3393.8
1220250 3381.6
1220260 3375.0
1220270 3363.7
1220280 3351.4
1220290 3351.4
1220300 3338.1
1220310 3326.8
1220320 3317.2
1220330 3317.2
1220340 3309.0
1220350 3298.9
1220360 3298.9
1220370 3287.9
1220380 3278.5
1220390 3278.5
1220400 3270.2
1220410 3260.7
1220420 3260.7
1220430 3250.1
1220440 3240.6
1220450 3240.6
1220460 3232.6
1220470 3225.1
1220480 3225.1
1220490 3217.9
1220500 3210.4
1220510 3203.6
1220520 3203.6
1220530 3197.4
1220540 3191.7
1220550 3191.7
1220560 3185.8
1220570 3180.5
1220580 3180.5
1220590 3175.2
1220600 3171.1
1220610 3171.1
1220620 3166.6
1220630 3162.2
1220640 3162.2
1220650 3158.5
1220660 3155.1
1220670 3155.1
1220680 3152.7
1220690 3150.2
1220700 3147.6
1220710 3147.6
1220720 3145.2
1220730 3142.7
1220740 3142.7
1220750 3140.5
1220760 3138.6
1220770 3138.6
1220780 3137.0
1220790 3135.5
1220800 3135.5
1220810 3132.6
1220820 3129.1
1220830 3129.1
1220840 3125.3
1220850 3125.7
1220860 3120.2
1220870 3120.2
1220880 3115.3
1220890 3113.1
1220900 3113.1
1220910 3106.5
1220920 3102.0
1220930 3102.0
1220940 3097.8
1220950 3093.0
1220960 3093.0
1220970 3087.9
1220980 3081.3
1220990 3081.3
1221000 3074.8
1221010 3068.0
1221020 3068.0
1221030 3061.7
1221040 3055.3
1221050 3048.9
1221060 3048.9
1221070 3042.9
1221080 3037.6
1221090 3037.6
1221100 3032.6
1221110 3025.7
1221120 3025.7
1221130 3020.9
1221140 3014.4
1221150 3014.4
1221160 3007.0
1221170 2999.1
1221180 2999.1
1221190 2991.4
1221200 2984.0
1221210 2983.3
1221220 2975.7
1221230 2968.9
1221240 2962.9
1221250 2962.9
1221260 2955.5
1221270 2946.4
1221280 2946.4
1221290 2935.2
1221300 2930.2
1221310 2930.2
1221320 2925.7
1221330 2919.9
1221340 2919.9
1221350 2910.8
1221360 2899.9
1221370 2899.9
1221380 2887.1
1221390 2875.6
1221400 2866.2
1221410 2866.2
1221420 2859.4
1221430 2844.4
1221440 2844.4
1221450 2836.5
1221460 2834.3
1221470 2834.3
1221480 2828.8
1221490 2821.4
1221500 2821.4
1221510 2812.0
1221520 2801.4
1221530 2801.4
1221540 2799.8
1221550 2797.6
1221560 2797.6
1221570 2794.5
1221580 2792.0
1221590 2791.2
1221600 2791.2
1221610 2790.8
1221620 2790.6
1221630 2790.6
1221640 2791.1
1221650 2792.0
1221660 2792.0
1221670 2792.6
1221680 2792.4
1221690 2794.4
1221700 2792.9
1221710 2792.3
1221720 2792.3
1221730 2792.2
1221740 2792.2
1221750 2792.2
1221760 2792.2
1221770 2792.1
1221780 2791.9
1221790 2791.9
1221800 2791.7
1221810 2791.4
1221820 2791.4
1221830 2791.3
1221840 2791.0
1221850 2791.0
1221860 2791.0
1221870 2791.0
1221880 2791.0
1221890 2790.8
1221900 2790.5
1221910 2790.5
1221920 2790.4
1221930 2790.3
1221940 2790.2
1221950 2790.2
1221960 2790.1
1221970 2789.9
1221980 2789.9
1221990 2789.7
1222000 2789.9
1222010 2789.9
1222020 2790.0
1222030 2790.1
1222040 2790.1
1222050 2790.2
1222060 2790.7
1222070 2790.7
1222080 2791.3
1222090 2791.7
1222100 2791.7
1222110 2791.8
1222120 2791.9
1222130 2792.2
1222140 2792.2
1222150 2792.5
1222160 2792.9
1222170 2793.7
1222180 2794.2
1222190 2794.8
1222200 2794.8
1222210 2795.4
1222220 2795.7
1222230 2795.7
1222240 2796.1
1222250 2796.3
1222260 2796.3
1222270 2796.5
1222280 2796.6
1222290 2796.6
1222300 2796.3
1222310 2796.0
1222320 2795.4
1222330 2795.4
1222340 2794.8
1222350 2793.9
1222360 2793.9
1222370 2793.0
1222380 2791.9
1222390 2791.9
1222400 2790.6
1222410 2789.1
1222420 2789.1
1222430 2787.6
1222440 2785.9
1222450 2785.9
1222460 2784.2
1222470 2782.6
1222480 2781.3
1222490 2781.3
1222500 2779.7
1222510 2778.1
1222520 2778.1
1222530 2776.5
1222540 2774.5
1222550 2774.5
1222560 2774.4
1222570 2776.8
1222580 2776.8
1222590 2779.5
1222600 2779.6
1222610 2779.6
1222620 2781.3
1222630 2783.6
1222640 2783.6
1222650 2786.1
1222660 2787.3
1222670 2788.5
1222680 2788.5
1222690 2789.1
1222700 2789.2
1222710 2789.2
1222720 2789.0
1222730 2788.7
1222740 2788.7
1222750 2790.3
1222760 2791.9
1222770 2791.9
1222780 2792.5
1222790 2793.5
1222800 2793.5
1222810 2794.1
1222820 2795.5
1222830 2797.2
1222840 2797.2
1222850 2798.8
1222860 2800.6
1222870 2800.6
1222880 2801.7
1222890 2798.7
1222900 2798.7
1222910 2793.9
1222920 2790.2
1222930 2790.2
1222940 2787.8
1222950 2786.2
1222960 2786.2
1222970 2784.5
1222980 2783.4
1222990 2783.4
1223000 2781.7
1223010 2780.6
1223020 2780.3
1223030 2780.3
1223040 2779.7
1223050 2780.8
1223060 2780.8
1223070 2781.8
1223080 2781.9
1223090 2781.9
1223100 2781.9
1223110 2782.0
1223120 2782.0
1223130 2782.5
1223140 2783.1
1223150 2783.1
1223160 2784.5
1223170 2787.1
1223180 2787.1
1223190 2788.8
1223200 2788.8
1223210 2789.4
1223220 2789.4
1223230 2790.2
1223240 2790.8
1223250 2790.8
1223260 2792.6
1223270 2794.8
1223280 2794.8
1223290 2798.4
1223300 2802.1
1223310 2802.1
1223320 2806.1
1223330 2810.2
1223340 2810.2
1223350 2814.6
1223360 2820.4
1223370 2824.9
1223380 2824.9
1223390 2829.6
1223400 2835.0
1223410 2835.0
1223420 2840.6
1223430 2846.9
1223440 2846.9
1223450 2854.0
1223460 2860.3
1223470 2860.3
1223480 2865.7
1223490 2869.8
1223500 2869.8
1223510 2872.7
1223520 2876.2
1223530 2876.2
1223540 2879.3
1223550 2882.3
1223560 2886.0
1223570 2886.0
1223580 2892.0
1223590 2897.8
1223600 2897.8
1223610 2902.5
1223620 2906.7
1223630 2906.7
1223640 2912.8
1223650 2919.8
1223660 2919.8
1223670 2926.8
1223680 2934.0
1223690 2934.0
1223700 2940.8
1223710 2947.2
1223720 2947.2
1223730 2952.3
1223740 2956.4
1223750 2959.1
1223760 2959.1
1223770 2960.7
1223780 2963.0
1223790 2963.0
1223800 2965.7
1223810 2969.5
1223820 2969.5
1223830 2974.5
1223840 2980.2
1223850 2980.2
1223860 2986.4
1223870 2993.0
1223880 2993.0
1223890 3001.9
1223900 3012.5
1223910 3021.8
1223920 3021.8
1223930 3030.2
1223940 3036.8
1223950 3036.8
1223960 3042.4
1223970 3050.9
1223980 3050.9
1223990 3059.2
1224000 3067.7
1224010 3067.7
1224020 3078.7
1224030 3089.3
1224040 3089.3
1224050 3088.9
1224060 3081.6
1224070 3081.6
1224080 3074.2
1224090 3067.3
1224100 3060.8
1224110 3060.8
1224120 3048.7
1224130 3038.8
1224140 3038.8
1224150 3034.5
1224160 3031.8
1224170 3031.8
1224180 3024.6
1224190 3017.3
1224200 3017.3
1224210 3012.4
1224220 3009.4
1224230 3009.4
1224240 3011.6
1224250 3008.6
1224260 3008.6
1224270 3002.8
1224280 3001.9
1224290 2999.0
1224300 2999.0
1224310 2993.4
1224320 2981.8
1224330 2981.8
1224340 2967.7
1224350 2954.3
1224360 2954.3
1224370 2937.3
1224380 2932.3
1224390 2932.3
1224400 2936.2
1224410 2932.7
1224420 2932.7
1224430 2931.9
1224440 2931.5
1224450 2923.1
1224460 2923.1
1224470 2918.8
1224480 2917.0
1224490 2917.0
1224500 2910.8
1224510 2903.5
1224520 2903.5
1224530 2896.2
1224540 2882.9
1224550 2882.9
1224560 2875.0
1224570 2866.4
1224580 2866.4
1224590 2864.8
1224600 2853.0
1224610 2853.0
1224620 2842.1
1224630 2834.4
1224640 2820.3
1224650 2820.3
1224660 2802.6
1224670 2789.3
1224680 2789.3
1224690 2778.9
1224700 2771.2
1224710 2771.2
1224720 2762.4
1224730 2753.0
1224740 2753.0
1224750 2743.7
1224760 2736.1
1224770 2736.1
1224780 2728.0
1224790 2721.8
1224800 2716.5
1224810 2716.5
1224820 2710.6
1224830 2704.3
1224840 2704.3
1224850 2699.1
1224860 2692.7
1224870 2692.7
1224880 2685.8
1224890 2679.3
1224900 2679.3
1224910 2669.2
1224920 2653.6
1224930 2653.6
1224940 2644.4
1224950 2638.2
1224960 2638.2
1224970 2631.6
1224980 2624.5
1224990 2614.2
1225000 2614.2
1225010 2600.1
1225020 2590.7
1225030 2590.7
1225040 2583.8
1225050 2572.9
1225060 2572.9
1225070 2566.5
1225080 2560.0
1225090 2560.0
1225100 2557.3
1225110 2554.6
1225120 2554.6
1225130 2551.4
1225140 2546.2
1225150 2546.2
1225160 2542.5
1225170 2540.3
1225180 2538.2
1225190 2538.2
1225200 2535.6
1225210 2535.6
1225220 2535.6
1225230 2534.1
1225240 2529.4
1225250 2529.4
1225260 2524.6
1225270 2521.1
1225280 2521.1
1225290 2519.3
1225300 2518.1
1225310 2518.1
1225320 2515.5
1225330 2512.3
1225340 2508.1
1225350 2508.1
1225360 2506.1
1225370 2505.7
1225380 2505.7
1225390 2505.4
1225400 2505.7
1225410 2505.7
1225420 2505.7
1225430 2506.0
1225440 2506.0
1225450 2506.0
1225460 2506.0
1225470 2506.0
1225480 2506.0
1225490 2506.6
1225500 2506.6
1225510 2507.9
1225520 2509.9
1225530 2513.7
1225540 2513.7
1225550 2517.9
1225560 2520.4
1225570 2520.4
1225580 2525.8
1225590 2530.6
1225600 2530.6
1225610 2535.0
1225620 2540.3
1225630 2540.3
1225640 2545.2
1225650 2550.9
1225660 2550.9
1225670 2556.9
1225680 2562.1
1225690 2562.1
1225700 2567.1
1225710 2572.7
1225720 2579.2
1225730 2579.2
1225740 2585.8
1225750 2592.3
1225760 2592.3
1225770 2598.9
1225780 2606.0
1225790 2606.0
1225800 2614.0
1225810 2622.4
1225820 2622.4
1225830 2629.5
1225840 2636.2
1225850 2636.2
1225860 2642.5
1225870 2649.0
1225880 2656.1
1225890 2656.1
1225900 2663.7
1225910 2671.0
1225920 2671.0
1225930 2679.0
1225940 2685.4
1225950 2685.4
1225960 2688.7
1225970 2692.1
1225980 2692.1
1225990 2696.0
1226000 2701.5
1226010 2701.5
1226020 2707.0
1226030 2711.0
1226040 2710.3
1226050 2715.0
1226060 2719.8
1226070 2725.4
1226080 2725.4
1226090 2730.9
1226100 2735.5
1226110 2735.5
1226120 2739.9
1226130 2744.8
1226140 2744.8
1226150 2750.0
1226160 2755.1
1226170 2755.1
1226180 2760.5
1226190 2766.0
1226200 2766.0
1226210 2771.5
1226220 2777.3
1226230 2777.3
1226240 2783.2
1226250 2789.4
1226260 2795.9
1226270 2795.9
1226280 2802.6
1226290 2809.2
1226300 2809.2
1226310 2815.7
1226320 2822.0
1226330 2822.0
1226340 2828.3
1226350 2834.1
1226360 2834.1
1226370 2838.0
1226380 2836.2
1226390 2836.2
1226400 2833.9
1226410 2832.2
1226420 2831.5
1226430 2831.5
1226440 2830.1
1226450 2828.8
1226460 2828.8
1226470 2830.2
1226480 2834.8
1226490 2834.8
1226500 2838.8
1226510 2842.9
1226520 2842.9
1226530 2843.0
1226540 2846.2
1226550 2846.2
1226560 2848.5
1226570 2850.7
1226580 2850.7
1226590 2853.0
1226600 2855.8
1226610 2858.6
1226620 2858.6
1226630 2861.2
1226640 2863.7
1226650 2863.7
1226660 2866.6
1226670 2869.3
1226680 2869.3
1226690 2871.2
1226700 2872.3
1226710 2872.3
1226720 2873.1
1226730 2874.2
1226740 2874.2
1226750 2876.0
1226760 2877.8
1226770 2877.8
1226780 2879.4
1226790 2881.7
1226800 2884.3
1226810 2884.3
1226820 2887.0
1226830 2889.5
1226840 2889.5
1226850 2891.8
1226860 2894.0
1226870 2894.0
1226880 2896.0
1226890 2898.3
1226900 2898.3
1226910 2901.2
1226920 2904.2
1226930 2904.2
1226940 2907.2
1226950 2910.2
1226960 2913.2
1226970 2913.2
1226980 2915.9
1226990 2918.3
1227000 2918.3
1227010 2920.0
1227020 2919.3
1227030 2919.3
1227040 2922.8
1227050 2925.2
1227060 2925.2
1227070 2926.3
1227080 2925.8
1227090 2925.8
1227100 2924.6
1227110 2924.1
1227120 2924.1
1227130 2923.9
1227140 2923.9
1227150 2924.0
1227160 2924.0
1227170 2923.9
1227180 2924.1
1227190 2924.1
1227200 2926.5
1227210 2931.8
1227220 2931.8
1227230 2936.5
1227240 2940.3
1227250 2940.3
1227260 2944.1
1227270 2947.8
1227280 2947.8
1227290 2951.6
1227300 2955.7
1227310 2961.7
1227320 2961.7
1227330 2968.9
1227340 2975.8
1227350 2975.8
1227360 2982.6
1227370 2989.7
1227380 2989.7
1227390 2996.6
1227400 3001.8
1227410 3001.8
1227420 3005.4
1227430 3010.3
1227440 3010.3
1227450 3016.8
1227460 3022.4
1227470 3022.4
1227480 3025.7
1227490 3029.1
1227500 3033.0
1227510 3034.6
1227520 3038.9
1227530 3044.0
1227540 3044.0
1227550 3049.5
1227560 3054.8
1227570 3054.8
1227580 3060.4
1227590 3066.8
1227600 3066.8
1227610 3072.6
1227620 3079.3
1227630 3079.3
1227640 3087.4
1227650 3097.1
1227660 3097.1
1227670 3108.1
1227680 3117.3
1227690 3126.0
1227700 3126.0
1227710 3133.5
1227720 3138.5
1227730 3138.5
1227740 3142.1
1227750 3142.5
1227760 3142.5
1227770 3139.9
1227780 3134.9
1227790 3134.9
1227800 3132.8
1227810 3129.8
1227820 3129.8
1227830 3126.5
1227840 3124.6
1227850 3123.8
1227860 3123.8
1227870 3123.2
1227880 3122.7
1227890 3122.7
1227900 3122.8
1227910 3123.3
1227920 3123.3
1227930 3124.2
1227940 3125.2
1227950 3125.2
1227960 3126.1
1227970 3127.1
1227980 3127.1
1227990 3128.1
1228000 3129.4
1228010 3129.4
1228020 3131.0
1228030 3132.8
1228040 3134.9
1228050 3134.9
1228060 3137.0
1228070 3139.3
1228080 3139.3
1228090 3141.6
1228100 3143.7
1228110 3143.7
1228120 3145.8
1228130 3147.8
1228140 3147.8
1228150 3149.7
1228160 3151.4
1228170 3151.4
1228180 3152.9
1228190 3154.3
1228200 3154.3
1228210 3155.4
1228220 3156.5
1228230 3157.7
1228240 3157.7
1228250 3158.9
1228260 3160.0
1228270 3160.0
1228280 3161.2
1228290 3162.3
1228300 3162.3
1228310 3163.5
1228320 3164.6
1228330 3164.6
1228340 3165.5
1228350 3166.4
1228360 3166.4
1228370 3167.3
1228380 3168.1
1228390 3168.9
1228400 3168.9
1228410 3169.9
1228420 3171.0
1228430 3171.0
1228440 3172.5
1228450 3174.5
1228460 3174.5
1228470 3177.1
1228480 3180.2
1228490 3180.2
1228500 3183.0
1228510 3187.4
1228520 3187.4
1228530 3192.5
1228540 3197.4
1228550 3197.4
1228560 3202.1
1228570 3206.3
1228580 3210.4
1228590 3210.4
1228600 3213.9
1228610 3217.2
1228620 3217.2
1228630 3220.3
1228640 3223.2
1228650 3223.2
1228660 3226.0
1228670 3228.8
1228680 3228.8
1228690 3231.6
1228700 3234.3
1228710 3234.3
1228720 3237.0
1228730 3239.6
1228740 3239.6
1228750 3241.9
1228760 3243.7
1228770 3245.4
1228780 3245.4
1228790 3246.0
1228800 3241.9
1228810 3241.9
1228820 3235.7
1228830 3237.2
1228840 3237.2
1228850 3243.2
1228860 3250.5
1228870 3250.5
1228880 3256.4
1228890 3261.0
1228900 3261.0
1228910 3266.0
1228920 3269.6
1228930 3273.0
1228940 3273.0
1228950 3276.2
1228960 3279.0
1228970 3279.0
1228980 3282.3
1228990 3286.7
1229000 3286.7
1229010 3288.7
1229020 3291.9
1229030 3291.9
1229040 3295.1
1229050 3297.5
1229060 3297.5
1229070 3300.1
1229080 3302.7
1229090 3302.7
1229100 3305.4
1229110 3307.9
1229120 3310.5
1229130 3310.5
1229140 3313.0
1229150 3315.4
1229160 3315.4
1229170 3317.7
1229180 3320.1
1229190 3320.1
1229200 3322.5
1229210 3325.1
1229220 3325.1
1229230 3327.9
1229240 3330.8
1229250 3330.8
1229260 3334.2
1229270 3340.0
1229280 3348.2
1229290 3348.2
1229300 3358.7
1229310 3367.9
1229320 3367.9
1229330 3376.8
1229340 3387.4
1229350 3387.4
1229360 3397.9
1229370 3407.3
1229380 3407.3
1229390 3417.9
1229400 3426.7
1229410 3426.7
1229420 3436.9
1229430 3448.4
1229440 3448.4
1229450 3458.5
1229460 3454.0
1229470 3443.6
1229480 3437.5
1229490 3428.7
1229500 3426.4
1229510 3426.4
1229520 3427.0
1229530 3418.1
1229540 3418.1
1229550 3408.3
1229560 3397.8
1229570 3397.8
1229580 3385.0
1229590 3374.5
1229600 3374.5
1229610 3366.6
1229620 3359.5
1229630 3359.5
1229640 3353.4
1229650 3348.6
1229660 3345.3
1229670 3345.3
1229680 3343.8
1229690 3341.9
1229700 3341.9
1229710 3338.7
1229720 3333.4
1229730 3333.4
1229740 3324.3
1229750 3316.2
1229760 3316.2
1229770 3311.9
1229780 3306.3
1229790 3306.3
1229800 3300.7
1229810 3296.5
1229820 3293.7
1229830 3293.7
1229840 3295.4
1229850 3302.8
1229860 3302.8
1229870 3304.9
1229880 3294.4
1229890 3294.4
1229900 3283.9
1229910 3275.0
1229920 3275.0
1229930 3266.4
1229940 3255.5
1229950 3255.5
1229960 3243.1
1229970 3232.8
1229980 3232.2
1229990 3220.7
1230000 3209.4
1230010 3195.1
1230020 3195.1
1230030 3179.7
1230040 3167.0
1230050 3167.0
1230060 3155.2
1230070 3144.4
1230080 3144.4
1230090 3135.3
1230100 3125.4
1230110 3125.4
1230120 3113.2
1230130 3101.5
1230140 3101.5
1230150 3091.1
