1220000 3314.5
1220010 3314.5
1220020 3323.3
1220030 3331.1
1220040 3331.1
1220050 3338.3
1220060 3345.7
1220070 3345.7
1220080 3354.4
1220090 3365.8
1220100 3365.8
1220110 3376.4
1220120 3387.0
1220130 3387.6
1220140 3387.6
1220150 3386.1
1220160 3394.4
1220170 3394.4
1220180 3403.1
1220190 3396.9
1220200 3392.6
1220210 3385.1
1220220 3378.7
1220230 3378.7
1220240 3372.8
1220250 3367.8
1220260 3367.8
1220270 3362.8
1220280 3359.2
1220290 3359.2
1220300 3355.0
1220310 3350.2
1220320 3345.1
1220330 3345.1
1220340 3339.7
1220350 3333.7
1220360 3333.7
1220370 3328.1
1220380 3322.8
1220390 3322.8
1220400 3317.2
1220410 3311.4
1220420 3311.4
1220430 3306.2
1220440 3301.0
1220450 3301.0
1220460 3295.9
1220470 3290.4
1220480 3290.4
1220490 3286.0
1220500 3281.5
1220510 3276.5
1220520 3276.5
1220530 3271.6
1220540 3265.4
1220550 3265.4
1220560 3259.5
1220570 3255.3
1220580 3255.3
1220590 3249.1
1220600 3243.9
1220610 3243.9
1220620 3239.3
1220630 3234.9
1220640 3234.9
1220650 3230.0
1220660 3226.4
1220670 3222.8
1220680 3225.8
1220690 3222.8
1220700 3220.1
1220710 3220.1
1220720 3217.5
1220730 3215.3
1220740 3215.3
1220750 3213.3
1220760 3211.8
1220770 3211.8
1220780 3210.6
1220790 3209.6
1220800 3209.6
1220810 3208.7
1220820 3207.8
1220830 3207.8
1220840 3206.7
1220850 3205.3
1220860 3203.5
1220870 3203.5
1220880 3201.1
1220890 3197.9
1220900 3197.9
1220910 3194.0
1220920 3189.4
1220930 3189.4
1220940 3182.3
1220950 3171.5
1220960 3171.5
1220970 3164.1
1220980 3157.7
1220990 3157.7
1221000 3149.8
1221010 3144.1
1221020 3144.1
1221030 3136.2
1221040 3128.9
1221050 3124.1
1221060 3124.1
1221070 3118.0
1221080 3109.5
1221090 3109.5
1221100 3096.7
1221110 3085.2
1221120 3085.2
1221130 3073.4
1221140 3058.3
1221150 3058.3
1221160 3047.7
1221170 3040.9
1221180 3040.9
1221190 3034.6
1221200 3028.2
1221210 3022.1
1221220 3022.1
1221230 3016.9
1221240 3011.8
1221250 3011.8
1221260 3003.1
1221270 2994.4
1221280 2994.4
1221290 2988.4
1221300 2982.2
1221310 2982.2
1221320 2976.2
1221330 2971.5
1221340 2971.5
1221350 2967.1
1221360 2962.6
1221370 2962.6
1221380 2957.9
1221390 2953.4
1221400 2947.1
1221410 2947.1
1221420 2939.0
1221430 2929.4
1221440 2929.4
1221450 2915.8
1221460 2900.7
1221470 2900.7
1221480 2880.4
1221490 2862.5
1221500 2862.5
1221510 2853.6
1221520 2845.7
1221530 2845.7
1221540 2839.4
1221550 2834.6
1221560 2834.6
1221570 2830.1
1221580 2826.6
1221590 2824.1
1221600 2824.1
1221610 2822.2
1221620 2819.9
1221630 2819.9
1221640 2818.9
1221650 2818.2
1221660 2818.2
1221670 2817.7
1221680 2817.3
1221690 2817.3
1221700 2817.0
1221710 2816.7
1221720 2816.7
1221730 2816.4
1221740 2816.0
1221750 2815.9
1221760 2815.9
1221770 2815.9
1221780 2815.8
1221790 2815.8
1221800 2815.9
1221810 2816.0
1221820 2816.0
1221830 2816.0
1221840 2815.8
1221850 2815.8
1221860 2815.6
1221870 2815.2
1221880 2815.2
1221890 2814.9
1221900 2814.8
1221910 2814.8
1221920 2814.7
1221930 2814.5
1221940 2814.4
1221950 2814.4
1221960 2814.4
1221970 2814.4
1221980 2814.4
1221990 2814.4
1222000 2814.3
1222010 2814.3
1222020 2814.2
1222030 2814.2
1222040 2814.2
1222050 2814.1
1222060 2814.2
1222070 2814.2
1222080 2814.5
1222090 2814.8
1222100 2815.2
1222110 2815.2
1222120 2816.3
1222130 2816.9
1222140 2816.9
1222150 2817.3
1222160 2817.8
1222170 2817.8
1222180 2818.2
1222190 2818.6
1222200 2818.6
1222210 2819.0
1222220 2819.4
1222230 2819.4
1222240 2819.8
1222250 2820.2
1222260 2820.2
1222270 2820.6
1222280 2821.0
1222290 2821.3
1222300 2821.3
1222310 2821.4
1222320 2821.6
1222330 2821.6
1222340 2822.0
1222350 2822.5
1222360 2822.5
1222370 2822.7
1222380 2822.9
1222390 2822.9
1222400 2823.0
1222410 2822.8
1222420 2822.8
1222430 2822.4
1222440 2821.8
1222450 2821.8
1222460 2821.2
1222470 2820.9
1222480 2820.3
1222490 2820.3
1222500 2819.8
1222510 2819.3
1222520 2819.3
1222530 2818.7
1222540 2818.1
1222550 2818.1
1222560 2817.4
1222570 2816.9
1222580 2816.9
1222590 2816.6
1222600 2816.4
1222610 2816.4
1222620 2816.3
1222630 2816.0
1222640 2815.2
1222650 2815.2
1222660 2815.7
1222670 2818.3
1222680 2818.3
1222690 2821.4
1222700 2824.8
1222710 2824.8
1222720 2828.9
1222730 2832.1
1222740 2832.1
1222750 2835.3
1222760 2837.4
1222770 2837.4
1222780 2837.6
1222790 2836.8
1222800 2836.8
1222810 2836.4
1222820 2836.8
1222830 2837.3
1222840 2837.3
1222850 2838.6
1222860 2839.8
1222870 2839.8
1222880 2840.8
1222890 2841.8
1222900 2841.8
1222910 2842.0
1222920 2842.1
1222930 2842.1
1222940 2840.5
1222950 2839.3
1222960 2839.3
1222970 2838.8
1222980 2836.9
1222990 2836.9
1223000 2836.3
1223010 2837.3
1223020 2837.5
1223030 2837.5
1223040 2837.3
1223050 2836.4
1223060 2836.4
1223070 2836.5
1223080 2838.3
1223090 2838.3
1223100 2837.3
1223110 2836.1
1223120 2836.1
1223130 2834.2
1223140 2832.6
1223150 2832.6
1223160 2831.0
1223170 2827.8
1223180 2825.4
1223190 2825.4
1223200 2824.6
1223210 2825.9
1223220 2825.9
1223230 2827.0
1223240 2827.4
1223250 2827.4
1223260 2830.0
1223270 2831.8
1223280 2831.8
1223290 2833.9
1223300 2835.5
1223310 2835.5
1223320 2838.5
1223330 2839.9
1223340 2839.9
1223350 2840.5
1223360 2841.1
1223370 2841.3
1223380 2841.3
1223390 2839.9
1223400 2839.5
1223410 2839.5
1223420 2840.0
1223430 2840.6
1223440 2840.6
1223450 2840.7
1223460 2841.6
1223470 2841.6
1223480 2843.2
1223490 2844.8
1223500 2844.8
1223510 2846.0
1223520 2847.7
1223530 2851.0
1223540 2851.0
1223550 2853.7
1223560 2856.0
1223570 2857.1
1223580 2859.5
1223590 2862.2
1223600 2862.2
1223610 2865.6
1223620 2868.4
1223630 2868.4
1223640 2870.6
1223650 2872.8
1223660 2872.8
1223670 2874.9
1223680 2877.2
1223690 2877.2
1223700 2879.7
1223710 2882.3
1223720 2885.6
1223730 2885.6
1223740 2888.7
1223750 2892.1
1223760 2892.1
1223770 2895.4
1223780 2898.8
1223790 2898.8
1223800 2902.5
1223810 2906.8
1223820 2906.8
1223830 2911.6
1223840 2916.9
1223850 2916.9
1223860 2922.8
1223870 2928.3
1223880 2928.3
1223890 2933.3
1223900 2938.2
1223910 2941.9
1223920 2941.9
1223930 2944.7
1223940 2947.1
1223950 2947.1
1223960 2949.7
1223970 2952.2
1223980 2952.2
1223990 2955.0
1224000 2957.8
1224010 2957.8
1224020 2961.0
1224030 2964.4
1224040 2964.4
1224050 2965.8
1224060 2969.8
1224070 2973.7
1224080 2973.7
1224090 2978.2
1224100 2982.1
1224110 2982.1
1224120 2985.6
1224130 2990.1
1224140 2990.1
1224150 2995.7
1224160 3000.6
1224170 3000.6
1224180 3005.2
1224190 3009.6
1224200 3009.6
1224210 3014.0
1224220 3017.9
1224230 3017.9
1224240 3022.0
1224250 3027.7
1224260 3034.9
1224270 3034.9
1224280 3042.7
1224290 3053.1
1224300 3053.1
1224310 3062.6
1224320 3070.5
1224330 3070.5
1224340 3078.2
1224350 3085.0
1224360 3085.0
1224370 3092.4
1224380 3099.6
1224390 3099.6
1224400 3106.6
1224410 3113.2
1224420 3113.2
1224430 3121.0
1224440 3130.9
1224450 3142.7
1224460 3142.7
1224470 3153.6
1224480 3159.3
1224490 3159.3
1224500 3150.5
1224510 3139.2
1224520 3139.2
1224530 3133.7
1224540 3125.1
1224550 3125.1
1224560 3116.7
1224570 3103.5
1224580 3103.5
1224590 3090.6
1224600 3077.8
1224610 3064.4
1224620 3064.4
1224630 3050.4
1224640 3042.0
1224650 3042.0
1224660 3027.6
1224670 3009.0
1224680 3009.0
1224690 2996.9
1224700 2987.3
1224710 2987.3
1224720 2975.7
1224730 2960.9
1224740 2960.9
1224750 2945.9
1224760 2934.5
1224770 2934.5
1224780 2916.2
1224790 2903.9
1224800 2886.2
1224810 2886.2
1224820 2871.6
1224830 2863.7
1224840 2863.7
1224850 2857.7
1224860 2853.4
1224870 2853.4
1224880 2846.0
1224890 2834.9
1224900 2834.9
1224910 2829.8
1224920 2823.9
1224930 2823.9
1224940 2818.2
1224950 2813.9
1224960 2809.3
1224970 2809.3
1224980 2802.0
1224990 2792.7
1225000 2792.7
1225010 2785.7
1225020 2783.9
1225030 2783.9
1225040 2774.7
1225050 2767.4
1225060 2767.4
1225070 2757.7
1225080 2748.5
1225090 2748.5
1225100 2739.7
1225110 2729.9
1225120 2729.9
1225130 2723.1
1225140 2715.9
1225150 2706.0
1225160 2706.0
1225170 2691.6
1225180 2681.9
1225190 2681.9
1225200 2673.2
1225210 2666.8
1225220 2666.8
1225230 2661.5
1225240 2654.0
1225250 2654.0
1225260 2647.3
1225270 2641.5
1225280 2641.5
1225290 2635.2
1225300 2629.3
1225310 2629.3
1225320 2623.8
1225330 2618.8
1225340 2616.0
1225350 2616.0
1225360 2612.2
1225370 2609.6
1225380 2609.6
1225390 2607.2
1225400 2603.6
1225410 2603.6
1225420 2600.3
1225430 2597.0
1225440 2597.0
1225450 2593.4
1225460 2590.5
1225470 2590.5
1225480 2587.4
1225490 2583.7
1225500 2580.2
1225510 2583.7
1225520 2580.1
1225530 2578.3
1225540 2578.3
1225550 2578.0
1225560 2578.1
1225570 2578.1
1225580 2578.4
1225590 2579.1
1225600 2579.1
1225610 2579.8
1225620 2580.5
1225630 2580.5
1225640 2581.3
1225650 2581.9
1225660 2581.9
1225670 2582.3
1225680 2582.6
1225690 2582.6
1225700 2582.6
1225710 2582.7
1225720 2582.6
1225730 2582.6
1225740 2582.8
1225750 2583.1
1225760 2583.1
1225770 2583.3
1225780 2583.2
1225790 2583.2
1225800 2583.1
1225810 2582.9
1225820 2582.9
1225830 2582.6
1225840 2582.2
1225850 2582.2
1225860 2581.8
1225870 2581.0
1225880 2580.1
1225890 2580.1
1225900 2579.3
1225910 2578.7
1225920 2578.7
1225930 2578.2
1225940 2578.2
1225950 2578.2
1225960 2578.5
1225970 2579.1
1225980 2579.1
1225990 2582.2
1226000 2583.3
1226010 2583.3
1226020 2584.1
1226030 2584.3
1226040 2586.1
1226050 2586.1
1226060 2591.0
1226070 2599.3
1226080 2599.3
1226090 2606.3
1226100 2612.4
1226110 2612.4
1226120 2620.8
1226130 2629.2
1226140 2629.2
1226150 2634.0
1226160 2637.6
1226170 2637.6
1226180 2643.0
1226190 2650.3
1226200 2650.3
1226210 2656.6
1226220 2660.5
1226230 2664.7
1226240 2664.7
1226250 2666.5
1226260 2670.4
1226270 2670.4
1226280 2677.3
1226290 2684.2
1226300 2684.2
1226310 2693.3
1226320 2702.7
1226330 2702.7
1226340 2709.8
1226350 2716.6
1226360 2716.6
1226370 2724.0
1226380 2731.3
1226390 2731.3
1226400 2738.1
1226410 2744.5
1226420 2751.1
1226430 2751.1
1226440 2757.6
1226450 2763.7
1226460 2763.7
1226470 2769.7
1226480 2775.4
1226490 2775.4
1226500 2781.9
1226510 2785.1
1226520 2785.1
1226530 2787.2
1226540 2790.2
1226550 2790.2
1226560 2793.5
1226570 2796.8
1226580 2800.4
1226590 2800.4
1226600 2804.7
1226610 2808.2
1226620 2808.2
1226630 2810.9
1226640 2814.7
1226650 2814.7
1226660 2818.9
1226670 2822.7
1226680 2822.7
1226690 2825.6
1226700 2827.8
1226710 2827.8
1226720 2830.5
1226730 2833.4
1226740 2833.4
1226750 2835.7
1226760 2837.8
1226770 2839.8
1226780 2839.8
1226790 2841.8
1226800 2848.0
1226810 2848.0
1226820 2851.6
1226830 2855.1
1226840 2855.1
1226850 2859.3
1226860 2862.6
1226870 2862.6
1226880 2867.8
1226890 2874.7
1226900 2874.7
1226910 2882.7
1226920 2888.0
1226930 2890.4
1226940 2890.4
1226950 2892.0
1226960 2898.9
1226970 2893.0
1226980 2897.9
1226990 2903.9
1227000 2903.9
1227010 2909.5
1227020 2913.8
1227030 2913.8
1227040 2919.0
1227050 2925.3
1227060 2925.3
1227070 2930.5
1227080 2934.5
1227090 2934.5
1227100 2937.6
1227110 2939.8
1227120 2940.8
1227130 2940.8
1227140 2940.6
1227150 2940.9
1227160 2940.9
1227170 2941.5
1227180 2941.2
1227190 2941.2
1227200 2940.9
1227210 2941.9
1227220 2941.9
1227230 2943.4
1227240 2947.9
1227250 2947.9
1227260 2952.2
1227270 2956.1
1227280 2956.1
1227290 2960.4
1227300 2964.3
1227310 2968.2
1227320 2968.2
1227330 2972.1
1227340 2977.2
1227350 2977.2
1227360 2982.3
1227370 2988.2
1227380 2988.2
1227390 2994.3
1227400 3000.7
1227410 3000.7
1227420 3009.8
1227430 3020.8
1227440 3020.8
1227450 3030.2
1227460 3037.4
1227470 3041.2
1227480 3041.2
1227490 3043.0
1227500 3040.5
1227510 3040.5
1227520 3038.6
1227530 3036.6
1227540 3036.6
1227550 3032.3
1227560 3029.1
1227570 3029.1
1227580 3026.0
1227590 3023.7
1227600 3023.7
1227610 3024.9
1227620 3027.6
1227630 3027.6
1227640 3029.7
1227650 3031.0
1227660 3031.0
1227670 3031.0
1227680 3030.7
1227690 3030.4
1227700 3030.4
1227710 3029.3
1227720 3026.0
1227730 3026.0
1227740 3022.7
1227750 3020.4
1227760 3020.4
1227770 3017.5
1227780 3013.8
1227790 3013.8
1227800 3012.5
1227810 3012.4
1227820 3012.4
1227830 3013.0
1227840 3012.6
1227850 3013.6
1227860 3013.6
1227870 3016.1
1227880 3019.0
1227890 3019.0
1227900 3021.2
1227910 3022.8
1227920 3022.8
1227930 3024.9
1227940 3028.0
1227950 3025.5
1227960 3028.3
1227970 3031.5
1227980 3031.5
1227990 3034.8
1228000 3038.0
1228010 3040.9
1228020 3040.9
1228030 3043.5
1228040 3046.0
1228050 3046.0
1228060 3048.2
1228070 3050.2
1228080 3050.2
1228090 3052.0
1228100 3053.7
1228110 3053.7
1228120 3055.5
1228130 3057.4
1228140 3057.4
1228150 3059.5
1228160 3061.6
1228170 3061.6
1228180 3064.0
1228190 3066.8
1228200 3069.7
1228210 3069.7
1228220 3072.5
1228230 3075.2
1228240 3075.2
1228250 3077.7
1228260 3080.2
1228270 3080.2
1228280 3082.4
1228290 3084.6
1228300 3084.6
1228310 3087.0
1228320 3089.4
1228330 3089.4
1228340 3091.7
1228350 3094.1
1228360 3096.5
1228370 3096.5
1228380 3098.9
1228390 3101.3
1228400 3101.3
1228410 3103.6
1228420 3106.2
1228430 3106.2
1228440 3108.5
1228450 3111.2
1228460 3111.2
1228470 3114.1
1228480 3117.0
1228490 3117.0
1228500 3120.1
1228510 3123.4
1228520 3123.4
1228530 3126.7
1228540 3130.2
1228550 3133.7
1228560 3133.7
1228570 3137.2
1228580 3140.8
1228590 3140.8
1228600 3144.6
1228610 3148.5
1228620 3148.5
1228630 3152.7
1228640 3158.1
1228650 3158.1
1228660 3163.2
1228670 3165.3
1228680 3165.3
1228690 3168.6
1228700 3172.4
1228710 3172.4
1228720 3176.5
1228730 3180.8
1228740 3185.1
1228750 3185.1
1228760 3189.4
1228770 3193.7
1228780 3193.7
1228790 3198.3
1228800 3203.0
1228810 3203.0
1228820 3208.4
1228830 3213.8
1228840 3213.8
1228850 3219.5
1228860 3224.9
1228870 3224.9
1228880 3230.7
1228890 3236.8
1228900 3243.8
1228910 3243.8
1228920 3251.6
1228930 3262.5
1228940 3259.7
1228950 3274.8
1228960 3285.6
1228970 3285.6
1228980 3294.1
1228990 3301.8
1229000 3301.8
1229010 3309.4
1229020 3315.0
1229030 3315.0
1229040 3307.9
1229050 3299.1
1229060 3299.1
1229070 3292.7
1229080 3287.7
1229090 3285.1
1229100 3285.1
1229110 3280.8
1229120 3279.0
1229130 3279.0
1229140 3274.7
1229150 3271.4
1229160 3271.4
1229170 3261.8
1229180 3252.0
1229190 3252.0
1229200 3242.9
1229210 3233.6
1229220 3233.6
1229230 3225.2
1229240 3215.7
1229250 3215.7
1229260 3205.5
1229270 3194.8
1229280 3188.0
1229290 3188.0
1229300 3183.8
1229310 3180.8
1229320 3180.8
1229330 3177.6
1229340 3174.4
1229350 3174.4
1229360 3173.7
1229370 3173.6
1229380 3173.6
1229390 3173.2
1229400 3174.0
1229410 3174.0
1229420 3174.8
1229430 3167.2
1229440 3167.6
1229450 3167.6
1229460 3169.4
1229470 3172.8
1229480 3172.8
1229490 3177.6
1229500 3184.6
1229510 3184.6
1229520 3191.3
1229530 3192.6
1229540 3192.6
1229550 3183.4
1229560 3173.5
1229570 3173.5
1229580 3163.1
1229590 3152.7
1229600 3152.7
1229610 3141.4
1229620 3129.4
1229630 3119.3
1229640 3119.3
1229650 3110.6
1229660 3101.6
1229670 3101.6
1229680 3094.0
1229690 3085.3
1229700 3085.3
1229710 3076.5
1229720 3067.5
1229730 3067.5
1229740 3059.1
1229750 3051.4
1229760 3051.4
1229770 3043.0
1229780 3035.0
1229790 3026.9
1229800 3026.9
1229810 3019.6
1229820 3013.0
1229830 3013.0
1229840 3006.3
1229850 3001.0
1229860 3001.0
1229870 2996.4
1229880 2992.5
1229890 2992.5
1229900 2989.2
1229910 2985.2
1229920 2978.0
1229930 2974.3
1229940 2973.1
1229950 2973.1
1229960 2973.6
1229970 2976.2
1229980 2981.2
1229990 2981.2
1230000 2988.1
1230010 2995.0
1230020 2995.0
1230030 3001.3
1230040 3005.5
1230050 3005.5
