1220000 3449.5
1220010 3443.6
1220020 3438.3
1220030 3438.3
1220040 3433.7
1220050 3429.8
1220060 3429.8
1220070 3426.1
1220080 3422.5
1220090 3422.5
1220100 3418.8
1220110 3415.0
1220120 3415.0
1220130 3411.5
1220140 3407.9
1220150 3407.9
1220160 3404.0
1220170 3399.2
1220180 3399.2
1220190 3395.8
1220200 3391.3
1220210 3386.6
1220220 3386.6
1220230 3381.4
1220240 3375.9
1220250 3375.9
1220260 3370.2
1220270 3364.4
1220280 3364.4
1220290 3358.6
1220300 3352.9
1220310 3352.9
1220320 3347.5
1220330 3342.4
1220340 3342.4
1220350 3337.3
1220360 3332.2
1220370 3332.2
1220380 3327.5
1220390 3322.4
1220400 3317.0
1220410 3317.0
1220420 3311.7
1220430 3306.7
1220440 3306.7
1220450 3302.6
1220460 3300.8
1220470 3297.4
1220480 3291.6
1220490 3278.6
1220500 3278.6
1220510 3268.8
1220520 3264.6
1220530 3264.6
1220540 3257.8
1220550 3247.0
1220560 3236.2
1220570 3236.2
1220580 3224.6
1220590 3215.3
1220600 3215.3
1220610 3207.1
1220620 3198.5
1220630 3198.5
1220640 3190.6
1220650 3183.6
1220660 3183.6
1220670 3178.5
1220680 3172.6
1220690 3172.6
1220700 3166.6
1220710 3160.9
1220720 3160.9
1220730 3154.8
1220740 3147.7
1220750 3141.0
1220760 3141.0
1220770 3134.9
1220780 3128.0
1220790 3128.0
1220800 3121.5
1220810 3115.6
1220820 3115.6
1220830 3109.3
1220840 3102.9
1220850 3102.9
1220860 3096.2
1220870 3089.3
1220880 3089.3
1220890 3082.6
1220900 3076.2
1220910 3076.2
1220920 3070.1
1220930 3063.8
1220940 3058.9
1220950 3058.9
1220960 3052.9
1220970 3046.7
1220980 3046.7
1220990 3041.0
1221000 3035.8
1221010 3035.8
1221020 3030.9
1221030 3027.2
1221040 3027.2
1221050 3020.9
1221060 3016.7
1221070 3016.7
1221080 3010.0
1221090 3003.0
1221100 2996.5
1221110 2996.5
1221120 2988.7
1221130 2981.2
1221140 2981.2
1221150 2974.0
1221160 2968.6
1221170 2968.6
1221180 2962.4
1221190 2956.3
1221200 2956.3
1221210 2949.5
1221220 2943.5
1221230 2943.5
1221240 2938.5
1221250 2933.4
1221260 2933.4
1221270 2928.1
1221280 2922.0
1221290 2915.2
1221300 2915.2
1221310 2909.8
1221320 2905.0
1221330 2905.0
1221340 2900.0
1221350 2894.0
1221360 2894.0
1221370 2887.7
1221380 2883.5
1221390 2883.5
1221400 2876.9
1221410 2866.8
1221420 2868.8
1221430 2855.5
1221440 2841.7
1221450 2841.7
1221460 2829.1
1221470 2821.7
1221480 2815.1
1221490 2815.1
1221500 2808.4
1221510 2802.3
1221520 2802.3
1221530 2795.9
1221540 2793.1
1221550 2793.1
1221560 2789.8
1221570 2786.6
1221580 2786.6
1221590 2784.0
1221600 2782.1
1221610 2782.1
1221620 2780.5
1221630 2779.7
1221640 2779.0
1221650 2779.0
1221660 2778.0
1221670 2777.5
1221680 2777.5
1221690 2777.0
1221700 2777.1
1221710 2777.1
1221720 2776.9
1221730 2776.6
1221740 2776.6
1221750 2776.3
1221760 2776.0
1221770 2776.0
1221780 2775.6
1221790 2775.3
1221800 2775.3
1221810 2775.2
1221820 2775.2
1221830 2775.3
1221840 2775.3
1221850 2775.5
1221860 2775.5
1221870 2775.5
1221880 2775.2
1221890 2775.0
1221900 2775.9
1221910 2775.8
1221920 2775.4
1221930 2775.4
1221940 2775.3
1221950 2775.3
1221960 2775.3
1221970 2775.4
1221980 2775.7
1221990 2776.2
1222000 2776.2
1222010 2776.4
1222020 2776.6
1222030 2776.6
1222040 2776.9
1222050 2777.0
1222060 2777.0
1222070 2777.0
1222080 2776.9
1222090 2776.9
1222100 2777.0
1222110 2777.1
1222120 2777.1
1222130 2777.3
1222140 2777.4
1222150 2777.4
1222160 2777.8
1222170 2778.0
1222180 2777.9
1222190 2777.9
1222200 2777.7
1222210 2777.3
1222220 2777.3
1222230 2776.8
1222240 2776.2
1222250 2776.2
1222260 2775.6
1222270 2774.9
1222280 2774.9
1222290 2774.0
1222300 2773.0
1222310 2773.0
1222320 2771.8
1222330 2770.6
1222340 2770.6
1222350 2769.1
1222360 2767.4
1222370 2765.6
1222380 2766.6
1222390 2764.9
1222400 2763.3
1222410 2763.3
1222420 2761.8
1222430 2760.6
1222440 2760.6
1222450 2759.9
1222460 2759.7
1222470 2759.7
1222480 2761.7
1222490 2763.5
1222500 2763.5
1222510 2762.9
1222520 2761.3
1222530 2759.2
1222540 2759.2
1222550 2760.2
1222560 2760.2
1222570 2760.2
1222580 2759.0
1222590 2759.2
1222600 2759.2
1222610 2759.1
1222620 2757.9
1222630 2757.9
1222640 2754.0
1222650 2751.5
1222660 2751.5
1222670 2752.2
1222680 2753.5
1222690 2753.5
1222700 2754.3
1222710 2755.7
1222720 2755.3
1222730 2755.3
1222740 2754.7
1222750 2753.8
1222760 2753.8
1222770 2755.4
1222780 2759.4
1222790 2759.4
1222800 2761.7
1222810 2762.8
1222820 2762.8
1222830 2762.8
1222840 2762.8
1222850 2762.8
1222860 2762.9
1222870 2764.3
1222880 2764.3
1222890 2764.4
1222900 2764.4
1222910 2764.6
1222920 2764.6
1222930 2766.5
1222940 2768.2
1222950 2768.2
1222960 2769.6
1222970 2771.5
1222980 2771.5
1222990 2774.3
1223000 2777.0
1223010 2777.0
1223020 2779.5
1223030 2782.3
1223040 2782.3
1223050 2783.9
1223060 2785.0
1223070 2785.9
1223080 2785.9
1223090 2787.1
1223100 2788.2
1223110 2788.2
1223120 2790.9
1223130 2793.8
1223140 2793.8
1223150 2796.8
1223160 2799.6
1223170 2799.6
1223180 2802.5
1223190 2807.2
1223200 2807.2
1223210 2812.0
1223220 2816.1
1223230 2816.1
1223240 2819.6
1223250 2823.0
1223260 2827.4
1223270 2827.4
1223280 2832.8
1223290 2839.2
1223300 2839.2
1223310 2845.7
1223320 2851.6
1223330 2851.6
1223340 2857.4
1223350 2860.7
1223360 2860.7
1223370 2864.9
1223380 2868.8
1223390 2868.8
1223400 2873.1
1223410 2877.7
1223420 2877.7
1223430 2884.0
1223440 2889.4
1223450 2894.5
1223460 2894.5
1223470 2899.6
1223480 2904.6
1223490 2904.6
1223500 2910.4
1223510 2916.8
1223520 2916.8
1223530 2923.8
1223540 2931.0
1223550 2931.0
1223560 2936.9
1223570 2940.1
1223580 2940.1
1223590 2942.7
1223600 2941.9
1223610 2941.2
1223620 2941.2
1223630 2944.3
1223640 2949.8
1223650 2949.8
1223660 2955.5
1223670 2961.1
1223680 2961.1
1223690 2967.0
1223700 2974.5
1223710 2974.5
1223720 2983.1
1223730 2991.7
1223740 2991.7
1223750 3000.8
1223760 3009.8
1223770 3009.8
1223780 3020.8
1223790 3030.8
1223800 3044.4
1223810 3044.4
1223820 3057.2
1223830 3061.7
1223840 3061.7
1223850 3071.8
1223860 3083.0
1223870 3083.0
1223880 3096.3
1223890 3104.2
1223900 3104.2
1223910 3113.0
1223920 3122.4
1223930 3122.4
1223940 3129.2
1223950 3122.8
1223960 3122.8
1223970 3109.5
1223980 3094.8
1223990 3084.3
1224000 3084.3
1224010 3074.6
1224020 3066.7
1224030 3066.7
1224040 3053.5
1224050 3041.3
1224060 3041.3
1224070 3029.3
1224080 3016.9
1224090 3016.9
1224100 3002.6
1224110 2989.2
1224120 2989.2
1224130 2975.4
1224140 2966.4
1224150 2952.8
1224160 2952.8
1224170 2939.7
1224180 2924.2
1224190 2924.2
1224200 2914.5
1224210 2907.9
1224220 2907.9
1224230 2901.2
1224240 2894.7
1224250 2894.7
1224260 2888.2
1224270 2882.0
1224280 2882.0
1224290 2875.7
1224300 2869.5
1224310 2869.5
1224320 2862.5
1224330 2854.7
1224340 2846.8
1224350 2846.8
1224360 2839.7
1224370 2832.8
1224380 2832.8
1224390 2826.3
1224400 2821.0
1224410 2821.0
1224420 2815.8
1224430 2810.9
1224440 2810.9
1224450 2807.1
1224460 2799.4
1224470 2799.4
1224480 2783.7
1224490 2777.4
1224500 2777.4
1224510 2773.7
1224520 2771.3
1224530 2766.3
1224540 2766.3
1224550 2758.1
1224560 2753.0
1224570 2753.0
1224580 2748.4
1224590 2745.6
1224600 2745.6
1224610 2737.8
1224620 2728.7
1224630 2728.7
1224640 2713.1
1224650 2705.6
1224660 2705.6
1224670 2700.6
1224680 2691.5
1224690 2682.0
1224700 2682.0
1224710 2673.1
1224720 2655.6
1224730 2655.6
1224740 2646.0
1224750 2641.0
1224760 2641.0
1224770 2637.1
1224780 2632.9
1224790 2632.9
1224800 2631.4
1224810 2624.3
1224820 2624.3
1224830 2620.3
1224840 2612.1
1224850 2612.1
1224860 2598.7
1224870 2587.5
1224880 2579.0
1224890 2579.0
1224900 2569.6
1224910 2561.3
1224920 2561.3
1224930 2553.9
1224940 2542.5
1224950 2542.5
1224960 2535.5
1224970 2530.5
1224980 2530.5
1224990 2525.5
1225000 2521.2
1225010 2521.2
1225020 2518.3
1225030 2513.6
1225040 2508.7
1225050 2508.7
1225060 2503.9
1225070 2498.7
1225080 2498.7
1225090 2493.4
1225100 2489.1
1225110 2489.1
1225120 2487.1
1225130 2485.9
1225140 2485.9
1225150 2482.1
1225160 2480.0
1225170 2480.0
1225180 2479.5
1225190 2477.0
1225200 2477.0
1225210 2475.9
1225220 2477.0
1225230 2479.8
1225240 2479.8
1225250 2481.5
1225260 2482.3
1225270 2482.3
1225280 2483.3
1225290 2485.1
1225300 2485.1
1225310 2486.8
1225320 2488.5
1225330 2488.5
1225340 2490.0
1225350 2491.9
1225360 2491.9
1225370 2495.0
1225380 2498.5
1225390 2498.5
1225400 2503.0
1225410 2507.5
1225420 2512.0
1225430 2512.0
1225440 2517.4
1225450 2523.3
1225460 2523.3
1225470 2529.4
1225480 2535.7
1225490 2535.7
1225500 2541.4
1225510 2547.0
1225520 2547.0
1225530 2552.7
1225540 2558.6
1225550 2558.6
1225560 2565.2
1225570 2572.6
1225580 2579.4
1225590 2579.4
1225600 2585.0
1225610 2590.4
1225620 2590.4
1225630 2596.0
1225640 2601.9
1225650 2601.9
1225660 2608.1
1225670 2613.9
1225680 2613.9
1225690 2619.5
1225700 2625.1
1225710 2625.1
1225720 2631.3
1225730 2637.8
1225740 2637.8
1225750 2644.6
1225760 2650.8
1225770 2653.6
1225780 2653.6
1225790 2658.8
1225800 2664.1
1225810 2664.1
1225820 2669.1
1225830 2672.4
1225840 2672.4
1225850 2675.8
1225860 2681.2
1225870 2681.2
1225880 2687.5
1225890 2694.8
1225900 2694.8
1225910 2703.6
1225920 2711.5
1225930 2711.5
1225940 2717.3
1225950 2721.0
1225960 2725.3
1225970 2725.3
1225980 2729.6
1225990 2734.3
1226000 2734.3
1226010 2738.0
1226020 2741.4
1226030 2741.4
1226040 2744.3
1226050 2748.0
1226060 2748.0
1226070 2752.6
1226080 2758.2
1226090 2758.2
1226100 2763.5
1226110 2768.4
1226120 2771.5
1226130 2771.5
1226140 2771.8
1226150 2774.6
1226160 2774.6
1226170 2776.9
1226180 2778.0
1226190 2778.0
1226200 2781.1
1226210 2784.4
1226220 2784.4
1226230 2787.4
1226240 2790.8
1226250 2790.8
1226260 2794.3
1226270 2798.6
1226280 2798.6
1226290 2804.0
1226300 2809.5
1226310 2814.9
1226320 2814.9
1226330 2820.4
1226340 2825.6
1226350 2825.6
1226360 2830.5
1226370 2835.2
1226380 2835.2
1226390 2840.1
1226400 2845.1
1226410 2845.1
1226420 2849.8
1226430 2854.2
1226440 2854.2
1226450 2858.5
1226460 2862.7
1226470 2862.7
1226480 2866.6
1226490 2870.1
1226500 2873.6
1226510 2873.6
1226520 2877.4
1226530 2881.5
1226540 2881.5
1226550 2886.1
1226560 2890.8
1226570 2890.8
1226580 2895.8
1226590 2900.7
1226600 2900.7
1226610 2905.3
1226620 2907.6
1226630 2907.6
1226640 2906.3
1226650 2904.1
1226660 2902.7
1226670 2902.7
1226680 2901.3
1226690 2900.2
1226700 2900.2
1226710 2899.7
1226720 2899.2
1226730 2899.2
1226740 2898.5
1226750 2897.1
1226760 2897.1
1226770 2898.9
1226780 2900.9
1226790 2900.9
1226800 2903.0
1226810 2906.3
1226820 2906.3
1226830 2908.9
1226840 2910.6
1226850 2911.6
1226860 2911.6
1226870 2912.3
1226880 2914.1
1226890 2914.1
1226900 2916.2
1226910 2918.6
1226920 2918.6
1226930 2921.6
1226940 2924.3
1226950 2924.3
1226960 2926.8
1226970 2929.2
1226980 2929.2
1226990 2931.5
1227000 2934.1
1227010 2934.1
1227020 2936.6
1227030 2939.0
1227040 2941.3
1227050 2941.3
1227060 2942.8
1227070 2943.6
1227080 2943.6
1227090 2944.0
1227100 2944.3
1227110 2944.3
1227120 2944.8
1227130 2945.5
1227140 2945.5
1227150 2946.6
1227160 2948.1
1227170 2948.1
1227180 2950.6
1227190 2953.4
1227200 2956.1
1227210 2956.1
1227220 2958.9
1227230 2961.3
1227240 2956.1
1227250 2958.0
1227260 2961.7
1227270 2961.7
1227280 2967.7
1227290 2974.5
1227300 2974.5
1227310 2978.6
1227320 2981.6
1227330 2981.6
1227340 2985.6
1227350 2989.2
1227360 2989.2
1227370 2991.6
1227380 2992.4
1227390 2993.4
1227400 2993.4
1227410 2996.1
1227420 2999.6
1227430 2999.6
1227440 3003.6
1227450 3007.7
1227460 3007.7
1227470 3011.8
1227480 3015.7
1227490 3015.7
1227500 3019.2
1227510 3022.8
1227520 3022.8
1227530 3027.3
1227540 3032.3
1227550 3032.3
1227560 3037.4
1227570 3042.6
1227580 3048.5
1227590 3048.5
1227600 3054.3
1227610 3059.8
1227620 3059.8
1227630 3064.4
1227640 3067.7
1227650 3067.7
1227660 3072.1
1227670 3074.4
1227680 3074.4
1227690 3078.2
1227700 3080.0
1227710 3080.0
1227720 3080.8
1227730 3083.2
1227740 3083.7
1227750 3083.7
1227760 3084.2
1227770 3084.7
1227780 3084.7
1227790 3084.9
1227800 3084.7
1227810 3084.7
1227820 3084.4
1227830 3086.2
1227840 3086.2
1227850 3090.1
1227860 3094.4
1227870 3094.4
1227880 3098.7
1227890 3102.7
1227900 3102.7
1227910 3106.4
1227920 3109.8
1227930 3112.8
1227940 3112.8
1227950 3115.5
1227960 3117.8
1227970 3117.8
1227980 3119.8
1227990 3121.5
1228000 3121.5
1228010 3122.8
1228020 3123.8
1228030 3123.8
1228040 3124.6
1228050 3125.2
1228060 3125.2
1228070 3125.7
1228080 3126.0
1228090 3126.0
1228100 3126.2
1228110 3126.3
1228120 3126.1
1228130 3126.1
1228140 3125.1
1228150 3125.6
1228160 3125.6
1228170 3129.5
1228180 3135.2
1228190 3135.2
1228200 3140.9
1228210 3146.4
1228220 3146.3
1228230 3150.8
1228240 3154.8
1228250 3154.8
1228260 3158.4
1228270 3161.8
1228280 3164.6
1228290 3164.6
1228300 3167.3
1228310 3169.8
1228320 3169.8
1228330 3172.0
1228340 3174.3
1228350 3174.3
1228360 3176.5
1228370 3178.8
1228380 3178.8
1228390 3180.9
1228400 3183.0
1228410 3183.0
1228420 3185.2
1228430 3187.2
1228440 3187.2
1228450 3189.0
1228460 3191.1
1228470 3192.7
1228480 3192.7
1228490 3194.4
1228500 3196.0
1228510 3196.0
1228520 3197.7
1228530 3199.0
1228540 3199.0
1228550 3200.5
1228560 3202.2
1228570 3202.2
1228580 3203.7
1228590 3205.1
1228600 3205.1
1228610 3206.4
1228620 3207.8
1228630 3209.2
1228640 3209.2
1228650 3210.7
1228660 3212.5
1228670 3212.5
1228680 3214.6
1228690 3217.2
1228700 3217.2
1228710 3221.2
1228720 3224.5
1228730 3224.5
1228740 3227.5
1228750 3230.8
1228760 3230.8
1228770 3234.1
1228780 3237.1
1228790 3237.1
1228800 3240.0
1228810 3243.0
1228820 3245.9
1228830 3245.9
1228840 3248.7
1228850 3251.4
1228860 3251.4
1228870 3254.2
1228880 3256.9
1228890 3256.9
1228900 3259.5
1228910 3262.3
1228920 3262.3
1228930 3265.0
1228940 3267.5
1228950 3267.5
1228960 3269.6
1228970 3271.6
1228980 3271.6
1228990 3271.9
1229000 3271.6
1229010 3275.5
1229020 3275.5
1229030 3283.9
1229040 3293.5
1229050 3293.5
1229060 3306.8
1229070 3319.6
1229080 3319.6
1229090 3330.2
1229100 3341.2
1229110 3341.2
1229120 3350.9
1229130 3361.1
1229140 3361.1
1229150 3370.8
1229160 3380.1
1229170 3387.9
1229180 3387.9
1229190 3392.6
1229200 3395.6
1229210 3396.0
1229220 3397.7
1229230 3398.0
1229240 3398.0
1229250 3399.6
1229260 3401.6
1229270 3401.6
1229280 3403.5
1229290 3404.9
1229300 3404.9
1229310 3406.2
1229320 3407.3
1229330 3407.3
1229340 3408.0
1229350 3408.4
1229360 3407.3
1229370 3407.3
1229380 3403.9
1229390 3397.3
1229400 3397.3
1229410 3390.9
1229420 3386.1
1229430 3386.1
1229440 3382.7
1229450 3371.9
1229460 3371.9
1229470 3354.4
1229480 3341.6
1229490 3341.6
1229500 3327.8
1229510 3316.2
1229520 3316.2
1229530 3304.9
1229540 3291.7
1229550 3277.3
1229560 3277.3
1229570 3265.6
1229580 3258.1
1229590 3258.1
1229600 3253.2
1229610 3249.3
1229620 3249.3
1229630 3241.7
1229640 3237.4
1229650 3237.4
1229660 3233.9
1229670 3225.4
1229680 3225.4
1229690 3210.0
1229700 3209.2
1229710 3206.6
1229720 3206.6
1229730 3203.6
1229740 3200.8
1229750 3200.8
1229760 3197.9
1229770 3194.9
1229780 3194.9
1229790 3191.6
1229800 3187.9
1229810 3187.9
1229820 3183.5
1229830 3178.5
1229840 3178.5
1229850 3174.3
1229860 3166.4
1229870 3166.4
1229880 3162.2
1229890 3162.5
1229900 3160.6
1229910 3160.6
1229920 3158.6
1229930 3155.5
1229940 3155.5
1229950 3153.8
1229960 3152.0
1229970 3152.0
1229980 3147.8
1229990 3143.9
1230000 3143.9
1230010 3140.3
1230020 3136.9
1230030 3136.9
1230040 3133.5
1230050 3130.3
1230060 3130.3
1230070 3127.0
1230080 3123.7
1230090 3120.3
1230100 3120.3
1230110 3116.4
1230120 3111.9
1230130 3111.9
1230140 3107.0
