1220000 3174.3
1220010 3166.4
1220020 3160.1
1220030 3160.1
1220040 3153.5
1220050 3148.1
1220060 3143.9
1220070 3143.9
1220080 3138.9
1220090 3134.1
1220100 3134.1
1220110 3127.6
1220120 3121.1
1220130 3121.1
1220140 3115.3
1220150 3109.1
1220160 3109.1
1220170 3103.8
1220180 3099.5
1220190 3099.5
1220200 3095.0
1220210 3089.0
1220220 3089.0
1220230 3080.2
1220240 3070.7
1220250 3060.1
1220260 3060.1
1220270 3050.5
1220280 3043.3
1220290 3043.3
1220300 3038.4
1220310 3034.4
1220320 3034.4
1220330 3029.3
1220340 3024.1
1220350 3024.1
1220360 3021.2
1220370 3016.8
1220380 3016.8
1220390 3011.8
1220400 3008.2
1220410 3010.1
1220420 3004.2
1220430 2998.9
1220440 2990.7
1220450 2990.7
1220460 2980.8
1220470 2976.3
1220480 2976.3
1220490 2972.2
1220500 2967.5
1220510 2967.5
1220520 2961.9
1220530 2953.8
1220540 2953.8
1220550 2944.7
1220560 2938.1
1220570 2938.1
1220580 2934.4
1220590 2932.7
1220600 2932.3
1220610 2932.3
1220620 2932.3
1220630 2932.4
1220640 2932.4
1220650 2932.6
1220660 2930.3
1220670 2930.3
1220680 2926.0
1220690 2922.6
1220700 2922.6
1220710 2920.3
1220720 2918.6
1220730 2918.6
1220740 2916.8
1220750 2913.6
1220760 2913.6
1220770 2908.6
1220780 2901.5
1220790 2893.1
1220800 2893.1
1220810 2885.7
1220820 2880.3
1220830 2880.3
1220840 2872.9
1220850 2865.6
1220860 2865.6
1220870 2858.6
1220880 2852.4
1220890 2851.7
1220900 2845.7
1220910 2839.0
1220920 2839.0
1220930 2833.0
1220940 2826.7
1220950 2826.7
1220960 2820.1
1220970 2814.2
1220980 2808.6
1220990 2808.6
1221000 2802.9
1221010 2797.0
1221020 2797.0
1221030 2790.8
1221040 2784.9
1221050 2784.9
1221060 2778.2
1221070 2770.9
1221080 2770.9
1221090 2760.9
1221100 2747.0
1221110 2747.0
1221120 2733.7
1221130 2721.8
1221140 2716.2
1221150 2716.2
1221160 2710.8
1221170 2703.5
1221180 2703.5
1221190 2697.4
1221200 2687.6
1221210 2687.6
1221220 2671.5
1221230 2662.4
1221240 2662.4
1221250 2656.4
1221260 2650.3
1221270 2650.3
1221280 2642.0
1221290 2633.3
1221300 2633.3
1221310 2624.9
1221320 2615.7
1221330 2607.1
1221340 2607.1
1221350 2598.2
1221360 2589.4
1221370 2588.9
1221380 2581.6
1221390 2575.4
1221400 2575.4
1221410 2571.3
1221420 2567.1
1221430 2567.1
1221440 2561.2
1221450 2556.8
1221460 2556.8
1221470 2554.9
1221480 2552.5
1221490 2552.5
1221500 2548.9
1221510 2545.2
1221520 2543.2
1221530 2543.2
1221540 2540.2
1221550 2536.5
1221560 2536.5
1221570 2533.3
1221580 2533.7
1221590 2533.7
1221600 2529.9
1221610 2524.3
1221620 2524.3
1221630 2522.9
1221640 2519.5
1221650 2519.5
1221660 2512.4
1221670 2501.9
1221680 2501.9
1221690 2492.7
1221700 2476.4
1221710 2461.4
1221720 2461.4
1221730 2451.1
1221740 2449.8
1221750 2449.8
1221760 2448.5
1221770 2445.9
1221780 2445.9
1221790 2444.1
1221800 2438.5
1221810 2438.5
1221820 2433.9
1221830 2428.9
1221840 2428.9
1221850 2425.8
1221860 2423.5
1221870 2422.8
1221880 2422.8
1221890 2421.1
1221900 2423.6
1221910 2423.6
1221920 2433.0
1221930 2442.0
1221940 2442.0
1221950 2452.0
1221960 2458.6
1221970 2458.6
1221980 2462.0
1221990 2464.3
1222000 2464.3
1222010 2465.3
1222020 2470.5
1222030 2470.5
1222040 2476.6
1222050 2481.0
1222060 2486.7
1222070 2486.7
1222080 2489.6
1222090 2490.8
1222100 2490.8
1222110 2490.6
1222120 2494.5
1222130 2494.5
1222140 2498.7
1222150 2500.0
1222160 2500.0
1222170 2500.4
1222180 2495.6
1222190 2495.6
1222200 2496.0
1222210 2498.0
1222220 2498.0
1222230 2499.2
1222240 2498.2
1222250 2493.9
1222260 2493.9
1222270 2484.6
1222280 2485.0
1222290 2485.0
1222300 2489.3
1222310 2488.5
1222320 2488.5
1222330 2500.8
1222340 2501.4
1222350 2501.4
1222360 2505.3
1222370 2504.8
1222380 2504.8
1222390 2505.7
1222400 2507.2
1222410 2507.2
1222420 2511.9
1222430 2517.3
1222440 2518.3
1222450 2518.3
1222460 2516.8
1222470 2516.4
1222480 2516.4
1222490 2518.9
1222500 2525.5
1222510 2525.5
1222520 2532.7
1222530 2537.0
1222540 2537.0
1222550 2541.9
1222560 2548.8
1222570 2548.8
1222580 2554.1
1222590 2557.5
1222600 2560.8
1222610 2560.8
1222620 2565.1
1222630 2566.7
1222640 2566.7
1222650 2570.4
1222660 2576.3
1222670 2576.3
1222680 2582.7
1222690 2587.3
1222700 2587.3
1222710 2590.5
1222720 2590.5
1222730 2590.5
1222740 2587.2
1222750 2583.7
1222760 2583.7
1222770 2584.6
1222780 2585.0
1222790 2587.0
1222800 2587.0
1222810 2594.4
1222820 2601.4
1222830 2601.4
1222840 2609.6
1222850 2611.2
1222860 2611.2
1222870 2612.8
1222880 2613.1
1222890 2613.1
1222900 2615.0
1222910 2619.0
1222920 2619.0
1222930 2619.2
1222940 2616.5
1222950 2616.5
1222960 2615.6
1222970 2612.0
1222980 2604.4
1222990 2604.4
1223000 2608.8
1223010 2609.5
1223020 2609.5
1223030 2608.4
1223040 2608.7
1223050 2608.7
1223060 2609.7
1223070 2613.6
1223080 2613.6
1223090 2616.7
1223100 2617.6
1223110 2617.6
1223120 2615.8
1223130 2613.2
1223140 2605.7
1223150 2605.7
1223160 2597.4
1223170 2593.7
1223180 2593.7
1223190 2587.7
1223200 2580.6
1223210 2580.6
1223220 2575.1
1223230 2569.6
1223240 2569.6
1223250 2561.1
1223260 2550.4
1223270 2550.4
1223280 2545.6
1223290 2553.6
1223300 2553.6
1223310 2535.3
1223320 2507.9
1223330 2485.8
1223340 2485.8
1223350 2471.5
1223360 2464.9
1223370 2464.9
1223380 2459.9
1223390 2456.2
1223400 2456.2
1223410 2452.8
1223420 2445.1
1223430 2445.1
1223440 2436.5
1223450 2429.0
1223460 2429.0
1223470 2422.2
1223480 2416.7
1223490 2416.7
1223500 2412.2
1223510 2408.1
1223520 2404.9
1223530 2404.9
1223540 2402.4
1223550 2400.6
1223560 2400.6
1223570 2398.6
1223580 2395.8
1223590 2395.8
1223600 2392.3
1223610 2388.7
1223620 2388.7
1223630 2385.3
1223640 2382.0
1223650 2382.0
1223660 2378.2
1223670 2374.9
1223680 2374.9
1223690 2372.0
1223700 2368.8
1223710 2365.9
1223720 2365.9
1223730 2363.8
1223740 2360.8
1223750 2360.8
1223760 2356.6
1223770 2353.3
1223780 2355.9
1223790 2354.0
1223800 2353.8
1223810 2353.8
1223820 2353.4
1223830 2353.6
1223840 2353.6
1223850 2354.9
1223860 2355.7
1223870 2359.1
1223880 2359.1
1223890 2364.3
1223900 2367.9
1223910 2367.9
1223920 2370.1
1223930 2372.3
1223940 2372.3
1223950 2375.8
1223960 2379.2
1223970 2379.2
1223980 2381.3
1223990 2385.0
1224000 2385.0
1224010 2388.8
1224020 2392.8
1224030 2392.8
1224040 2396.5
1224050 2400.3
1224060 2404.0
1224070 2404.0
1224080 2407.6
1224090 2411.3
1224100 2411.3
1224110 2413.1
1224120 2414.1
1224130 2414.1
1224140 2418.1
1224150 2423.8
1224160 2423.8
1224170 2429.3
1224180 2434.0
1224190 2434.0
1224200 2436.4
1224210 2436.1
1224220 2436.1
1224230 2437.1
1224240 2438.7
1224250 2440.8
1224260 2439.2
1224270 2443.6
1224280 2448.3
1224290 2448.3
1224300 2454.1
1224310 2460.5
1224320 2460.5
1224330 2466.9
1224340 2473.0
1224350 2473.0
1224360 2478.5
1224370 2484.3
1224380 2484.3
1224390 2489.3
1224400 2494.3
1224410 2494.3
1224420 2498.7
1224430 2503.1
1224440 2508.9
1224450 2508.9
1224460 2515.0
1224470 2521.0
1224480 2521.0
1224490 2528.5
1224500 2536.4
1224510 2536.4
1224520 2543.2
1224530 2549.7
1224540 2549.7
1224550 2555.2
1224560 2560.6
1224570 2560.6
1224580 2567.0
1224590 2573.2
1224600 2578.6
1224610 2578.6
1224620 2583.3
1224630 2587.3
1224640 2587.3
1224650 2590.9
1224660 2595.1
1224670 2595.1
1224680 2599.8
1224690 2604.7
1224700 2604.7
1224710 2609.5
1224720 2614.8
1224730 2614.8
1224740 2619.7
1224750 2621.6
1224760 2621.6
1224770 2625.3
1224780 2629.0
1224790 2632.3
1224800 2632.3
1224810 2635.5
1224820 2639.4
1224830 2639.4
1224840 2643.7
1224850 2648.0
1224860 2648.0
1224870 2652.4
1224880 2657.6
1224890 2657.6
1224900 2662.9
1224910 2668.1
1224920 2668.1
1224930 2672.8
1224940 2677.0
1224950 2677.0
1224960 2680.1
1224970 2683.4
1224980 2687.6
1224990 2687.6
1225000 2692.3
1225010 2698.2
1225020 2698.2
1225030 2704.7
1225040 2711.1
1225050 2711.1
1225060 2717.1
1225070 2722.6
1225080 2722.6
1225090 2728.1
1225100 2734.3
1225110 2734.3
1225120 2740.4
1225130 2744.8
1225140 2748.3
1225150 2748.3
1225160 2753.0
1225170 2758.4
1225180 2758.4
1225190 2763.8
1225200 2768.9
1225210 2768.9
1225220 2774.1
1225230 2776.6
1225240 2776.6
1225250 2781.9
1225260 2787.7
1225270 2787.7
1225280 2793.0
1225290 2797.6
1225300 2797.6
1225310 2801.3
1225320 2803.7
1225330 2806.3
1225340 2806.3
1225350 2809.9
1225360 2814.5
1225370 2814.5
1225380 2819.7
1225390 2826.3
1225400 2826.3
1225410 2833.6
1225420 2840.6
1225430 2840.6
1225440 2847.4
1225450 2854.0
1225460 2854.0
1225470 2860.4
1225480 2868.3
1225490 2868.3
1225500 2876.9
1225510 2886.0
1225520 2894.1
1225530 2894.1
1225540 2900.3
1225550 2908.5
1225560 2908.5
1225570 2918.4
1225580 2927.7
1225590 2927.7
1225600 2936.9
1225610 2966.4
1225620 2966.4
1225630 2997.7
1225640 3003.8
1225650 3003.8
1225660 3009.8
1225670 3014.7
1225680 3014.7
1225690 3018.6
1225700 3021.6
1225710 3024.4
1225720 3020.4
1225730 3023.2
1225740 3025.7
1225750 3025.7
1225760 3028.1
1225770 3030.3
1225780 3030.3
1225790 3032.6
1225800 3034.9
1225810 3034.9
1225820 3037.3
1225830 3039.6
1225840 3039.6
1225850 3041.4
1225860 3043.1
1225870 3043.7
1225880 3043.7
1225890 3043.4
1225900 3043.2
1225910 3043.2
1225920 3043.8
1225930 3044.5
1225940 3044.5
1225950 3045.6
1225960 3046.7
1225970 3046.7
1225980 3047.5
1225990 3047.7
1226000 3047.7
1226010 3047.9
1226020 3048.4
1226030 3048.4
1226040 3049.8
1226050 3051.5
1226060 3052.1
1226070 3052.1
1226080 3051.2
1226090 3047.2
1226100 3047.2
1226110 3041.5
1226120 3043.0
1226130 3043.0
1226140 3042.0
1226150 3037.8
1226160 3037.8
1226170 3035.6
1226180 3035.1
1226190 3035.1
1226200 3035.0
1226210 3046.9
1226220 3046.9
1226230 3043.6
1226240 3038.9
1226250 3032.3
1226260 3032.3
1226270 3032.1
1226280 3034.3
1226290 3034.3
1226300 3038.3
1226310 3042.2
1226320 3042.2
1226330 3045.8
1226340 3049.8
1226350 3049.8
1226360 3053.8
1226370 3058.8
1226380 3058.8
1226390 3064.2
1226400 3067.7
1226410 3067.7
1226420 3070.7
1226430 3075.3
1226440 3080.1
1226450 3080.1
1226460 3083.9
1226470 3086.0
1226480 3086.0
1226490 3087.9
1226500 3089.9
1226510 3089.9
1226520 3090.2
1226530 3087.5
1226540 3087.5
1226550 3084.0
1226560 3082.4
1226570 3082.4
1226580 3083.5
1226590 3084.7
1226600 3083.7
1226610 3083.7
1226620 3084.3
1226630 3078.9
1226640 3078.9
1226650 3073.2
1226660 3072.5
1226670 3072.5
1226680 3072.5
1226690 3072.5
1226700 3078.7
1226710 3078.5
1226720 3078.5
1226730 3078.5
1226740 3078.9
1226750 3079.6
1226760 3079.6
1226770 3080.7
1226780 3081.8
1226790 3083.1
1226800 3083.1
1226810 3084.8
1226820 3086.8
1226830 3086.8
1226840 3089.6
1226850 3092.5
1226860 3092.5
1226870 3095.5
1226880 3098.8
1226890 3098.8
1226900 3102.1
1226910 3105.8
1226920 3105.8
1226930 3111.8
1226940 3118.9
1226950 3118.9
1226960 3127.2
1226970 3134.8
1226980 3141.1
1226990 3141.1
1227000 3148.1
1227010 3155.3
1227020 3155.3
1227030 3161.5
1227040 3168.0
1227050 3168.0
1227060 3175.2
1227070 3183.4
1227080 3183.4
1227090 3191.6
1227100 3201.6
1227110 3201.6
1227120 3209.8
1227130 3215.7
1227140 3221.4
1227150 3221.4
1227160 3227.4
1227170 3229.4
1227180 3229.4
1227190 3225.0
1227200 3212.0
1227210 3212.0
1227220 3199.4
1227230 3188.6
1227240 3188.6
1227250 3176.0
1227260 3166.3
1227270 3166.3
1227280 3158.7
1227290 3149.1
1227300 3149.1
1227310 3134.2
1227320 3125.6
1227330 3112.7
1227340 3112.7
1227350 3097.8
1227360 3087.0
1227370 3087.0
1227380 3082.3
1227390 3079.4
1227400 3079.4
1227410 3076.6
1227420 3074.4
1227430 3074.4
1227440 3072.4
1227450 3070.6
1227460 3070.6
1227470 3069.2
1227480 3068.1
1227490 3068.1
1227500 3067.6
1227510 3067.4
1227520 3067.5
1227530 3067.5
1227540 3067.9
1227550 3068.4
1227560 3068.4
1227570 3069.0
1227580 3069.4
1227590 3069.4
1227600 3069.6
1227610 3069.6
1227620 3069.6
1227630 3069.4
1227640 3069.2
1227650 3069.2
1227660 3068.9
1227670 3068.8
1227680 3073.2
1227690 3073.0
1227700 3073.1
1227710 3074.1
1227720 3074.1
1227730 3076.5
1227740 3079.6
1227750 3079.6
1227760 3083.8
1227770 3089.7
1227780 3089.7
1227790 3093.8
1227800 3097.2
1227810 3097.2
1227820 3101.2
1227830 3105.7
1227840 3105.7
1227850 3112.2
1227860 3119.2
1227870 3128.5
1227880 3128.5
1227890 3137.3
1227900 3144.2
1227910 3144.2
1227920 3138.6
1227930 3119.3
1227940 3119.3
1227950 3109.4
1227960 3106.3
1227970 3106.3
1227980 3101.6
1227990 3097.5
1228000 3097.5
1228010 3095.0
1228020 3093.8
1228030 3093.8
1228040 3092.8
1228050 3092.0
1228060 3091.1
1228070 3091.1
1228080 3089.8
1228090 3088.2
1228100 3088.2
1228110 3086.5
1228120 3084.6
1228130 3084.6
1228140 3082.2
1228150 3079.7
1228160 3079.7
1228170 3080.4
1228180 3077.4
1228190 3077.4
1228200 3074.2
1228210 3070.9
1228220 3070.9
1228230 3067.6
1228240 3064.1
1228250 3060.6
1228260 3060.6
1228270 3057.1
1228280 3053.6
1228290 3053.6
1228300 3050.0
1228310 3046.6
1228320 3046.6
1228330 3043.3
1228340 3040.3
1228350 3040.3
1228360 3037.6
1228370 3035.2
1228380 3035.2
1228390 3033.8
1228400 3032.3
1228410 3032.3
1228420 3023.9
1228430 3010.1
1228440 2994.1
1228450 2994.1
1228460 2978.2
1228470 2967.5
1228480 2967.5
1228490 2956.2
1228500 2947.2
1228510 2947.2
1228520 2938.0
1228530 2928.1
1228540 2928.1
1228550 2920.2
1228560 2913.4
1228570 2913.4
1228580 2906.2
1228590 2897.8
1228600 2888.2
1228610 2888.2
1228620 2877.6
1228630 2866.0
1228640 2866.0
1228650 2856.8
1228660 2847.3
1228670 2847.3
1228680 2834.0
1228690 2821.9
1228700 2821.9
1228710 2811.8
1228720 2801.7
1228730 2801.7
1228740 2792.3
1228750 2782.2
1228760 2782.2
1228770 2772.5
1228780 2763.8
1228790 2756.6
1228800 2756.6
1228810 2749.8
1228820 2739.2
1228830 2739.2
1228840 2729.4
1228850 2716.8
1228860 2716.8
1228870 2703.6
1228880 2693.3
1228890 2693.3
1228900 2689.5
1228910 2683.1
1228920 2683.1
1228930 2670.8
1228940 2661.2
1228950 2661.2
1228960 2657.5
1228970 2655.1
1228980 2653.2
1228990 2653.2
1229000 2655.1
1229010 2656.2
1229020 2656.2
1229030 2655.4
1229040 2651.9
1229050 2651.9
1229060 2646.1
1229070 2642.8
1229080 2642.8
1229090 2639.7
1229100 2630.7
1229110 2630.7
1229120 2625.9
1229130 2620.3
1229140 2607.3
1229150 2615.3
1229160 2599.1
1229170 2581.7
1229180 2581.7
1229190 2576.0
1229200 2569.5
1229210 2569.5
1229220 2563.5
1229230 2558.3
1229240 2558.3
1229250 2550.8
1229260 2542.4
1229270 2542.4
1229280 2540.1
1229290 2539.0
1229300 2539.0
1229310 2536.4
1229320 2533.4
1229330 2530.8
1229340 2530.8
1229350 2528.5
1229360 2525.9
1229370 2525.9
1229380 2525.5
1229390 2526.4
1229400 2526.4
1229410 2528.0
1229420 2530.3
1229430 2530.3
1229440 2532.4
1229450 2533.6
1229460 2533.6
1229470 2534.5
1229480 2535.0
1229490 2535.0
1229500 2535.0
1229510 2534.7
1229520 2534.1
1229530 2534.1
1229540 2533.5
1229550 2532.9
1229560 2532.9
1229570 2532.6
1229580 2532.4
1229590 2532.4
1229600 2532.4
1229610 2533.6
1229620 2533.6
1229630 2536.1
1229640 2541.1
1229650 2541.9
1229660 2547.4
1229670 2551.9
1229680 2551.9
1229690 2553.7
1229700 2552.6
1229710 2550.2
1229720 2550.2
1229730 2549.3
1229740 2551.9
1229750 2551.9
1229760 2556.0
1229770 2558.7
1229780 2558.7
1229790 2561.1
1229800 2564.7
1229810 2564.7
1229820 2570.4
1229830 2577.9
1229840 2577.9
1229850 2583.1
1229860 2587.4
1229870 2593.0
1229880 2593.0
1229890 2598.3
1229900 2604.8
1229910 2604.8
1229920 2612.7
1229930 2618.4
1229940 2618.4
1229950 2623.7
1229960 2628.4
1229970 2628.4
1229980 2631.0
1229990 2634.1
1230000 2634.1
1230010 2637.5
1230020 2641.3
1230030 2641.3
1230040 2644.1
1230050 2645.6
1230060 2648.2
1230070 2648.2
1230080 2651.4
1230090 2652.1
1230100 2652.1
1230110 2654.8
1230120 2657.6
1230130 2657.6
1230140 2656.0
1230150 2660.9
1230160 2660.9
1230170 2666.2
1230180 2670.1
1230190 2670.1
1230200 2674.6
1230210 2681.4
1230220 2681.4
1230230 2687.7
1230240 2692.9
1230250 2698.1
1230260 2698.1
1230270 2703.0
1230280 2703.8
1230290 2703.8
1230300 2702.2
1230310 2699.7
1230320 2699.7
1230330 2698.2
1230340 2697.4
1230350 2697.4
1230360 2697.2
1230370 2698.1
1230380 2698.1
1230390 2701.3
1230400 2705.2
1230410 2710.1
1230420 2710.1
1230430 2713.8
1230440 2716.6
1230450 2716.6
1230460 2720.9
1230470 2725.0
1230480 2725.0
1230490 2729.5
1230500 2733.5
1230510 2733.5
1230520 2736.6
1230530 2739.1
1230540 2739.1
1230550 2741.4
1230560 2743.8
1230570 2743.8
1230580 2747.0
1230590 2751.3
1230600 2756.4
1230610 2756.4
1230620 2761.8
1230630 2767.7
1230640 2772.4
1230650 2777.2
1230660 2779.3
1230670 2779.3
1230680 2781.3
1230690 2782.1
1230700 2782.1
1230710 2780.5
1230720 2779.4
1230730 2779.4
1230740 2779.2
1230750 2780.9
1230760 2780.9
1230770 2784.3
1230780 2789.1
1230790 2792.9
1230800 2792.9
1230810 2794.7
1230820 2794.3
1230830 2794.3
1230840 2795.9
1230850 2797.5
1230860 2797.5
1230870 2799.2
1230880 2803.0
1230890 2803.0
1230900 2805.8
1230910 2805.5
1230920 2805.5
1230930 2806.4
1230940 2808.7
1230950 2808.7
1230960 2809.6
1230970 2813.5
1230980 2818.6
1230990 2818.6
1231000 2821.9
1231010 2825.8
1231020 2825.8
1231030 2829.9
1231040 2834.2
1231050 2834.2
1231060 2838.5
1231070 2843.9
1231080 2843.9
1231090 2848.9
1231100 2853.1
1231110 2853.1
1231120 2855.2
1231130 2856.6
1231140 2862.6
1231150 2862.6
1231160 2865.1
1231170 2868.5
1231180 2868.5
1231190 2873.3
1231200 2878.6
1231210 2878.6
1231220 2883.7
1231230 2888.9
1231240 2888.9
1231250 2893.9
1231260 2898.8
1231270 2898.8
1231280 2903.8
1231290 2908.8
1231300 2908.8
1231310 2914.0
1231320 2919.5
1231330 2924.9
1231340 2924.9
1231350 2929.6
1231360 2934.1
1231370 2934.1
1231380 2938.7
1231390 2943.0
1231400 2943.0
1231410 2947.0
1231420 2951.9
1231430 2951.9
1231440 2957.6
1231450 2963.7
1231460 2963.7
1231470 2969.9
1231480 2975.8
1231490 2975.8
1231500 2981.8
1231510 2987.9
1231520 2994.3
1231530 2994.3
1231540 3000.7
1231550 3007.2
1231560 3007.2
1231570 3013.2
1231580 3018.4
1231590 3018.4
1231600 3023.3
1231610 3028.1
1231620 3028.1
1231630 3032.8
1231640 3038.6
1231650 3038.6
1231660 3043.2
1231670 3047.2
1231680 3047.2
1231690 3051.2
1231700 3055.2
1231710 3058.7
1231720 3058.7
1231730 3062.3
1231740 3065.6
1231750 3065.6
1231760 3069.0
1231770 3072.1
1231780 3072.1
1231790 3075.1
1231800 3078.0
1231810 3078.0
1231820 3081.1
1231830 3084.1
1231840 3084.1
1231850 3087.3
1231860 3090.7
1231870 3094.1
1231880 3094.1
1231890 3097.5
1231900 3101.0
1231910 3101.0
1231920 3104.5
1231930 3107.9
1231940 3107.9
1231950 3111.5
1231960 3114.2
1231970 3114.2
1231980 3116.8
1231990 3119.9
1232000 3119.9
1232010 3121.5
1232020 3122.9
1232030 3122.9
1232040 3132.6
1232050 3151.8
1232060 3163.6
1232070 3163.6
1232080 3173.0
1232090 3182.3
1232100 3182.3
1232110 3193.2
1232120 3205.1
1232130 3205.1
1232140 3219.4
1232150 3232.4
1232160 3232.4
1232170 3244.2
1232180 3254.2
1232190 3254.2
1232200 3265.7
1232210 3276.5
1232220 3276.5
1232230 3281.0
1232240 3280.2
1232250 3279.4
1232260 3279.4
1232270 3278.5
1232280 3277.1
1232290 3277.1
1232300 3275.0
1232310 3272.0
1232320 3272.0
1232330 3268.5
1232340 3264.3
1232350 3264.3
1232360 3260.0
1232370 3255.9
1232380 3255.9
1232390 3251.9
1232400 3247.7
1232410 3240.7
1232420 3240.7
1232430 3234.3
1232440 3229.7
1232450 3229.7
1232460 3225.8
1232470 3222.4
1232480 3222.4
1232490 3221.6
1232500 3221.4
1232510 3221.4
1232520 3221.6
1232530 3222.1
1232540 3222.1
1232550 3223.3
1232560 3224.8
1232570 3224.8
1232580 3226.3
1232590 3228.8
1232600 3232.3
1232610 3232.3
1232620 3237.7
1232630 3244.9
1232640 3250.9
1232650 3256.6
1232660 3262.3
1232670 3262.3
1232680 3268.6
1232690 3276.2
1232700 3276.2
1232710 3282.4
1232720 3288.4
1232730 3288.4
1232740 3293.9
1232750 3299.9
1232760 3299.9
1232770 3304.7
1232780 3308.8
1232790 3311.6
1232800 3311.6
1232810 3313.3
1232820 3314.1
1232830 3314.1
1232840 3314.1
1232850 3313.3
1232860 3313.3
1232870 3311.5
1232880 3298.2
1232890 3298.2
1232900 3281.9
1232910 3270.2
1232920 3270.2
1232930 3264.1
1232940 3254.7
1232950 3254.7
1232960 3244.5
1232970 3240.6
1232980 3239.0
1232990 3239.0
1233000 3228.9
1233010 3221.6
1233020 3221.6
1233030 3217.8
1233040 3212.6
1233050 3212.6
1233060 3206.9
1233070 3203.6
1233080 3203.6
1233090 3200.2
1233100 3196.6
1233110 3196.6
1233120 3193.4
1233130 3190.8
1233140 3192.9
1233150 3192.9
1233160 3191.5
1233170 3190.9
1233180 3190.9
1233190 3189.6
1233200 3188.6
1233210 3188.6
1233220 3188.5
1233230 3188.5
1233240 3188.5
1233250 3188.9
1233260 3189.3
1233270 3189.3
1233280 3190.8
1233290 3193.2
1233300 3193.2
1233310 3195.2
1233320 3196.4
1233330 3198.0
1233340 3198.0
1233350 3201.2
1233360 3204.8
1233370 3204.8
1233380 3208.4
1233390 3212.0
1233400 3212.0
1233410 3215.8
1233420 3219.1
1233430 3219.1
1233440 3222.5
1233450 3225.4
1233460 3225.4
1233470 3227.0
1233480 3228.8
1233490 3228.8
1233500 3230.2
1233510 3231.0
1233520 3231.9
1233530 3231.9
1233540 3232.9
1233550 3234.0
1233560 3234.0
1233570 3235.4
1233580 3236.9
1233590 3236.9
1233600 3238.4
1233610 3240.0
1233620 3240.0
1233630 3241.8
1233640 3254.7
1233650 3254.7
1233660 3260.3
1233670 3265.8
1233680 3271.2
1233690 3271.2
1233700 3276.3
1233710 3280.7
1233720 3280.7
1233730 3283.1
1233740 3281.6
1233750 3281.6
1233760 3273.8
1233770 3264.2
1233780 3264.2
1233790 3253.2
1233800 3239.8
1233810 3239.8
1233820 3228.1
1233830 3221.9
1233840 3221.9
1233850 3217.3
1233860 3213.4
1233870 3211.0
1233880 3211.0
1233890 3211.2
1233900 3213.3
1233910 3213.3
1233920 3215.1
1233930 3216.4
1233940 3216.4
1233950 3217.9
1233960 3219.7
1233970 3219.7
1233980 3220.2
1233990 3220.8
1234000 3220.8
1234010 3221.3
1234020 3222.2
1234030 3222.2
1234040 3223.9
1234050 3221.7
1234060 3217.6
1234070 3217.6
1234080 3213.9
1234090 3210.9
1234100 3210.9
1234110 3207.0
1234120 3200.4
1234130 3200.4
1234140 3186.4
1234150 3179.9
1234160 3179.9
1234170 3173.8
1234180 3168.7
1234190 3168.7
1234200 3163.8
1234210 3159.3
1234220 3159.3
1234230 3153.5
1234240 3148.9
1234250 3145.0
1234260 3145.0
1234270 3141.6
1234280 3138.2
1234290 3138.2
1234300 3135.3
1234310 3132.3
1234320 3132.3
1234330 3128.6
1234340 3124.7
1234350 3124.7
1234360 3120.1
1234370 3115.2
1234380 3115.2
1234390 3110.1
1234400 3104.4
1234410 3098.2
1234420 3098.2
1234430 3091.8
1234440 3086.1
1234450 3086.1
1234460 3080.6
1234470 3075.5
1234480 3075.5
1234490 3071.3
1234500 3067.1
1234510 3067.1
