1220000 3167.2
1220010 3162.8
1220020 3162.8
1220030 3158.5
1220040 3154.6
1220050 3154.6
1220060 3150.1
1220070 3145.5
1220080 3140.6
1220090 3140.6
1220100 3134.0
1220110 3130.1
1220120 3130.1
1220130 3125.4
1220140 3120.1
1220150 3120.1
1220160 3114.5
1220170 3109.6
1220180 3109.6
1220190 3104.3
1220200 3099.4
1220210 3099.4
1220220 3094.0
1220230 3089.8
1220240 3089.8
1220250 3083.1
1220260 3075.1
1220270 3066.3
1220280 3066.3
1220290 3057.3
1220300 3049.2
1220310 3049.2
1220320 3041.5
1220330 3034.5
1220340 3034.5
1220350 3027.9
1220360 3021.5
1220370 3021.5
1220380 3015.5
1220390 3010.2
1220400 3010.2
1220410 3005.9
1220420 3002.7
1220430 3000.4
1220440 3000.4
1220450 2995.0
1220460 2987.3
1220470 2987.3
1220480 2980.8
1220490 2976.4
1220500 2976.4
1220510 2972.2
1220520 2966.8
1220530 2966.8
1220540 2957.8
1220550 2952.4
1220560 2952.4
1220570 2950.5
1220580 2949.7
1220590 2949.7
1220600 2948.5
1220610 2943.4
1220620 2938.1
1220630 2938.1
1220640 2931.1
1220650 2923.6
1220660 2923.6
1220670 2917.9
1220680 2915.0
1220690 2915.0
1220700 2909.2
1220710 2901.2
1220720 2901.2
1220730 2893.7
1220740 2887.1
1220750 2887.1
1220760 2880.3
1220770 2876.6
1220780 2876.6
1220790 2872.0
1220800 2862.7
1220810 2853.0
1220820 2853.0
1220830 2844.0
1220840 2833.4
1220850 2833.4
1220860 2822.4
1220870 2813.3
1220880 2813.3
1220890 2805.6
1220900 2797.5
1220910 2797.5
1220920 2790.1
1220930 2782.7
1220940 2782.7
1220950 2777.6
1220960 2773.0
1220970 2767.6
1220980 2767.6
1220990 2762.6
1221000 2756.7
1221010 2756.7
1221020 2747.2
1221030 2739.9
1221040 2739.9
1221050 2734.6
1221060 2728.4
1221070 2728.4
1221080 2720.6
1221090 2711.8
1221100 2711.8
1221110 2701.8
1221120 2691.9
1221130 2691.9
1221140 2684.9
1221150 2677.2
1221160 2669.5
1221170 2669.5
1221180 2659.5
1221190 2646.7
1221200 2646.7
1221210 2638.2
1221220 2630.0
1221230 2630.0
1221240 2620.1
1221250 2610.4
1221260 2610.4
1221270 2601.8
1221280 2593.6
1221290 2593.6
1221300 2582.9
1221310 2572.6
1221320 2572.6
1221330 2565.9
1221340 2557.7
1221350 2551.3
1221360 2551.3
1221370 2546.3
1221380 2543.1
1221390 2543.1
1221400 2539.9
1221410 2538.9
1221420 2538.9
1221430 2539.2
1221440 2539.5
1221450 2539.5
1221460 2540.4
1221470 2540.5
1221480 2540.5
1221490 2541.6
1221500 2541.6
1221510 2541.6
1221520 2540.3
1221530 2539.1
1221540 2537.1
1221550 2537.1
1221560 2534.9
1221570 2532.9
1221580 2532.9
1221590 2531.0
1221600 2529.3
1221610 2529.3
1221620 2527.9
1221630 2526.9
1221640 2526.9
1221650 2525.8
1221660 2524.6
1221670 2524.6
1221680 2521.7
1221690 2516.6
1221700 2511.9
1221710 2511.9
1221720 2506.8
1221730 2501.8
1221740 2501.8
1221750 2497.0
1221760 2493.1
1221770 2493.1
1221780 2489.4
1221790 2486.7
1221800 2486.7
1221810 2484.3
1221820 2482.5
1221830 2482.5
1221840 2480.7
1221850 2479.0
1221860 2479.0
1221870 2477.1
1221880 2475.2
1221890 2473.8
1221900 2473.8
1221910 2473.0
1221920 2472.9
1221930 2472.9
1221940 2473.2
1221950 2476.3
1221960 2476.3
1221970 2479.3
1221980 2481.2
1221990 2481.2
1222000 2484.1
1222010 2489.0
1222020 2489.0
1222030 2494.1
1222040 2500.7
1222050 2500.7
1222060 2506.3
1222070 2509.1
1222080 2511.2
1222090 2511.2
1222100 2515.9
1222110 2520.0
1222120 2520.0
1222130 2524.1
1222140 2527.2
1222150 2527.2
1222160 2533.2
1222170 2538.5
1222180 2538.5
1222190 2542.5
1222200 2546.6
1222210 2546.6
1222220 2550.4
1222230 2556.1
1222240 2560.4
1222250 2560.4
1222260 2562.6
1222270 2566.0
1222280 2566.0
1222290 2570.5
1222300 2575.6
1222310 2575.6
1222320 2580.0
1222330 2585.8
1222340 2585.8
1222350 2591.4
1222360 2596.5
1222370 2596.5
1222380 2600.3
1222390 2602.8
1222400 2602.8
1222410 2606.2
1222420 2608.4
1222430 2611.9
1222440 2611.9
1222450 2616.6
1222460 2620.2
1222470 2620.2
1222480 2623.4
1222490 2626.1
1222500 2626.1
1222510 2630.0
1222520 2634.4
1222530 2634.4
1222540 2637.5
1222550 2641.3
1222560 2641.3
1222570 2646.8
1222580 2650.5
1222590 2650.5
1222600 2653.9
1222610 2656.3
1222620 2659.0
1222630 2661.1
1222640 2664.4
1222650 2667.4
1222660 2667.4
1222670 2672.3
1222680 2678.6
1222690 2678.6
1222700 2685.2
1222710 2690.6
1222720 2690.6
1222730 2691.5
1222740 2694.1
1222750 2694.1
1222760 2698.3
1222770 2702.3
1222780 2702.3
1222790 2705.3
1222800 2708.3
1222810 2711.9
1222820 2711.9
1222830 2715.5
1222840 2719.7
1222850 2719.7
1222860 2725.6
1222870 2730.5
1222880 2730.5
1222890 2731.1
1222900 2732.4
1222910 2732.4
1222920 2733.6
1222930 2736.3
1222940 2736.3
1222950 2740.4
1222960 2745.0
1222970 2750.4
1222980 2750.4
1222990 2753.5
1223000 2756.2
1223010 2756.2
1223020 2761.3
1223030 2763.7
1223040 2763.7
1223050 2766.4
1223060 2769.9
1223070 2769.9
1223080 2772.7
1223090 2775.2
1223100 2775.2
1223110 2779.6
1223120 2782.7
1223130 2782.7
1223140 2786.7
1223150 2791.0
1223160 2796.1
1223170 2796.1
1223180 2800.0
1223190 2803.7
1223200 2803.7
1223210 2808.0
1223220 2812.4
1223230 2812.4
1223240 2816.9
1223250 2819.2
1223260 2819.2
1223270 2821.2
1223280 2822.5
1223290 2822.5
1223300 2823.2
1223310 2825.7
1223320 2825.7
1223330 2825.1
1223340 2814.7
1223350 2806.5
1223360 2806.5
1223370 2796.5
1223380 2786.9
1223390 2786.9
1223400 2776.6
1223410 2767.5
1223420 2767.5
1223430 2761.0
1223440 2751.0
1223450 2751.0
1223460 2737.6
1223470 2727.2
1223480 2727.2
1223490 2718.8
1223500 2710.4
1223510 2703.5
1223520 2703.5
1223530 2695.0
1223540 2683.7
1223550 2683.7
1223560 2674.8
1223570 2666.0
1223580 2666.0
1223590 2660.7
1223600 2651.6
1223610 2651.6
1223620 2643.4
1223630 2634.2
1223640 2634.2
1223650 2627.6
1223660 2617.2
1223670 2617.2
1223680 2606.4
1223690 2594.7
1223700 2583.1
1223710 2583.1
1223720 2568.0
1223730 2559.9
1223740 2559.9
1223750 2552.2
1223760 2544.8
1223770 2544.8
1223780 2538.3
1223790 2528.0
1223800 2528.0
1223810 2517.9
1223820 2510.7
1223830 2510.7
1223840 2504.2
1223850 2498.8
1223860 2498.8
1223870 2494.7
1223880 2490.7
1223890 2486.5
1223900 2486.5
1223910 2482.2
1223920 2477.7
1223930 2477.7
1223940 2473.5
1223950 2469.6
1223960 2469.6
1223970 2465.8
1223980 2461.6
1223990 2461.6
1224000 2457.1
1224010 2452.4
1224020 2452.4
1224030 2447.5
1224040 2442.8
1224050 2442.8
1224060 2438.1
1224070 2436.8
1224080 2432.4
1224090 2432.4
1224100 2428.1
1224110 2423.9
1224120 2423.9
1224130 2419.7
1224140 2415.6
1224150 2415.6
1224160 2411.8
1224170 2408.3
1224180 2408.3
1224190 2405.1
1224200 2401.5
1224210 2401.5
1224220 2397.0
1224230 2390.8
1224240 2386.0
1224250 2386.0
1224260 2385.4
1224270 2385.4
1224280 2385.4
1224290 2388.5
1224300 2392.4
1224310 2392.4
1224320 2393.8
1224330 2394.7
1224340 2394.7
1224350 2394.9
1224360 2394.4
1224370 2394.4
1224380 2396.9
1224390 2399.1
1224400 2399.1
1224410 2401.6
1224420 2403.0
1224430 2404.7
1224440 2404.7
1224450 2407.6
1224460 2411.3
1224470 2411.3
1224480 2414.9
1224490 2418.6
1224500 2418.6
1224510 2423.4
1224520 2428.8
1224530 2428.8
1224540 2434.2
1224550 2438.9
1224560 2437.4
1224570 2442.8
1224580 2447.1
1224590 2447.1
1224600 2451.9
1224610 2456.7
1224620 2460.8
1224630 2460.8
1224640 2465.1
1224650 2468.9
1224660 2468.9
1224670 2472.0
1224680 2475.2
1224690 2475.2
1224700 2478.6
1224710 2482.1
1224720 2482.1
1224730 2486.0
1224740 2489.9
1224750 2489.9
1224760 2495.0
1224770 2500.5
1224780 2506.2
1224790 2506.2
1224800 2512.1
1224810 2517.9
1224820 2517.9
1224830 2523.9
1224840 2529.2
1224850 2529.2
1224860 2533.8
1224870 2538.6
1224880 2538.6
1224890 2544.4
1224900 2550.7
1224910 2550.7
1224920 2556.9
1224930 2563.0
1224940 2563.0
1224950 2569.7
1224960 2576.0
1224970 2582.0
1224980 2582.0
1224990 2587.1
1225000 2592.2
1225010 2592.2
1225020 2596.2
1225030 2599.7
1225040 2598.5
1225050 2602.2
1225060 2606.1
1225070 2606.1
1225080 2610.1
1225090 2614.9
1225100 2614.9
1225110 2619.7
1225120 2625.0
1225130 2625.0
1225140 2630.6
1225150 2637.6
1225160 2644.7
1225170 2644.7
1225180 2649.1
1225190 2654.6
1225200 2654.6
1225210 2662.5
1225220 2668.8
1225230 2668.8
1225240 2675.3
1225250 2682.1
1225260 2682.1
1225270 2690.5
1225280 2698.7
1225290 2698.7
1225300 2706.4
1225310 2713.1
1225320 2718.8
1225330 2718.8
1225340 2724.0
1225350 2728.8
1225360 2728.8
1225370 2733.0
1225380 2736.7
1225390 2736.7
1225400 2740.2
1225410 2743.8
1225420 2743.8
1225430 2747.8
1225440 2752.3
1225450 2752.3
1225460 2756.3
1225470 2760.6
1225480 2760.6
1225490 2765.5
1225500 2770.7
1225510 2776.0
1225520 2776.0
1225530 2779.5
1225540 2783.8
1225550 2783.8
1225560 2787.0
1225570 2788.9
1225580 2788.9
1225590 2790.4
1225600 2793.0
1225610 2793.0
1225620 2796.1
1225630 2799.5
1225640 2799.5
1225650 2802.6
1225660 2806.4
1225670 2806.4
1225680 2811.1
1225690 2815.7
1225700 2819.9
1225710 2819.9
1225720 2823.5
1225730 2826.3
1225740 2826.3
1225750 2829.8
1225760 2833.8
1225770 2833.8
1225780 2837.2
1225790 2839.5
1225800 2839.5
1225810 2842.0
1225820 2844.6
1225830 2844.6
1225840 2847.2
1225850 2849.8
1225860 2849.8
1225870 2852.5
1225880 2855.5
1225890 2859.5
1225900 2859.5
1225910 2864.0
1225920 2868.3
1225930 2868.3
1225940 2872.2
1225950 2875.9
1225960 2875.9
1225970 2879.2
1225980 2883.2
1225990 2883.2
1226000 2886.0
1226010 2887.7
1226020 2887.4
1226030 2889.7
1226040 2891.6
1226050 2894.2
1226060 2894.2
1226070 2896.7
1226080 2898.0
1226090 2898.0
1226100 2899.1
1226110 2901.3
1226120 2901.3
1226130 2903.8
1226140 2906.2
1226150 2906.2
1226160 2908.4
1226170 2910.5
1226180 2910.5
1226190 2913.1
1226200 2915.1
1226210 2915.1
1226220 2916.6
1226230 2918.0
1226240 2919.5
1226250 2919.5
1226260 2922.1
1226270 2926.2
1226280 2926.2
1226290 2930.1
1226300 2933.6
1226310 2933.6
1226320 2937.1
1226330 2940.9
1226340 2940.9
1226350 2945.7
1226360 2950.5
1226370 2950.5
1226380 2953.4
1226390 2956.1
1226400 2956.1
1226410 2959.3
1226420 2963.0
1226430 2966.5
1226440 2966.5
1226450 2969.7
1226460 2972.5
1226470 2972.5
1226480 2975.7
1226490 2979.2
1226500 2979.2
1226510 2983.0
1226520 2986.6
1226530 2986.6
1226540 2989.7
1226550 2992.3
1226560 2992.3
1226570 2995.6
1226580 3000.8
1226590 3005.8
1226600 3005.8
1226610 3008.2
1226620 3008.9
1226630 3008.9
1226640 3009.8
1226650 3011.3
1226660 3011.3
1226670 3012.7
1226680 3013.9
1226690 3013.9
1226700 3015.4
1226710 3017.2
1226720 3017.2
1226730 3018.2
1226740 3018.8
1226750 3018.8
1226760 3020.0
1226770 3021.9
1226780 3023.7
1226790 3023.7
1226800 3025.0
1226810 3025.9
1226820 3025.9
1226830 3025.8
1226840 3025.2
1226850 3025.2
1226860 3025.1
1226870 3024.8
1226880 3024.8
1226890 3025.7
1226900 3027.0
1226910 3027.0
1226920 3027.4
1226930 3027.6
1226940 3027.6
1226950 3026.0
1226960 3024.0
1226970 3022.1
1226980 3022.1
1226990 3021.0
1227000 3020.3
1227010 3020.3
1227020 3021.4
1227030 3025.2
1227040 3025.2
1227050 3030.0
1227060 3033.7
1227070 3033.7
1227080 3035.7
1227090 3036.3
1227100 3036.3
1227110 3036.6
1227120 3036.7
1227130 3036.7
1227140 3036.9
1227150 3037.1
1227160 3036.8
1227170 3036.8
1227180 3037.0
1227190 3037.8
1227200 3037.8
1227210 3038.8
1227220 3040.0
1227230 3040.0
1227240 3041.5
1227250 3042.8
1227260 3042.8
1227270 3043.6
1227280 3043.9
1227290 3043.9
1227300 3045.0
1227310 3046.8
1227320 3048.8
1227330 3048.8
1227340 3051.8
1227350 3055.1
1227360 3055.1
1227370 3058.3
1227380 3061.2
1227390 3061.2
1227400 3063.9
1227410 3066.4
1227420 3066.4
1227430 3068.6
1227440 3070.7
1227450 3070.7
1227460 3072.6
1227470 3074.3
1227480 3074.3
1227490 3075.5
1227500 3077.6
1227510 3079.4
1227520 3079.4
1227530 3080.8
1227540 3082.9
1227550 3082.9
1227560 3084.5
1227570 3086.0
1227580 3086.0
1227590 3087.6
1227600 3089.3
1227610 3089.3
1227620 3091.4
1227630 3093.4
1227640 3093.4
1227650 3095.5
1227660 3097.9
1227670 3097.9
1227680 3100.5
1227690 3103.8
1227700 3107.5
1227710 3107.5
1227720 3109.6
1227730 3111.0
1227740 3111.0
1227750 3112.9
1227760 3115.2
1227770 3115.2
1227780 3117.8
1227790 3120.8
1227800 3120.8
1227810 3124.4
1227820 3127.2
1227830 3127.2
1227840 3130.0
1227850 3132.9
1227860 3136.4
1227870 3136.4
1227880 3140.8
1227890 3146.5
1227900 3146.5
1227910 3153.7
1227920 3157.8
1227930 3157.8
1227940 3160.8
1227950 3166.0
1227960 3166.0
1227970 3172.7
1227980 3172.6
1227990 3172.6
1228000 3181.3
1228010 3186.0
1228020 3186.0
1228030 3192.5
1228040 3204.0
1228050 3213.4
1228060 3213.4
1228070 3223.7
1228080 3229.9
1228090 3229.9
1228100 3229.3
1228110 3224.7
1228120 3224.7
1228130 3221.3
1228140 3218.5
1228150 3218.5
1228160 3215.5
1228170 3208.6
1228180 3208.6
1228190 3200.3
1228200 3192.6
1228210 3192.6
1228220 3187.6
1228230 3182.2
1228240 3174.5
1228250 3174.5
1228260 3168.1
1228270 3157.2
1228280 3157.2
1228290 3142.5
1228300 3125.8
1228310 3125.8
1228320 3108.4
1228330 3095.3
1228340 3095.3
1228350 3081.9
1228360 3070.7
1228370 3070.7
1228380 3062.7
1228390 3055.8
1228400 3055.8
1228410 3039.9
1228420 3018.5
1228430 3005.0
1228440 3005.0
1228450 2992.5
1228460 2984.6
1228470 2987.5
1228480 2982.5
1228490 2977.7
1228500 2977.7
1228510 2974.0
1228520 2971.4
1228530 2971.4
1228540 2968.5
1228550 2965.9
1228560 2965.9
1228570 2962.8
1228580 2960.9
1228590 2959.2
1228600 2959.2
1228610 2957.3
1228620 2955.6
1228630 2955.6
1228640 2953.8
1228650 2951.6
1228660 2951.6
1228670 2949.0
1228680 2946.3
1228690 2946.3
1228700 2943.7
1228710 2941.7
1228720 2941.7
1228730 2940.8
1228740 2940.9
1228750 2940.9
1228760 2940.3
1228770 2938.5
1228780 2935.3
1228790 2935.3
1228800 2931.3
1228810 2927.9
1228820 2927.9
1228830 2925.5
1228840 2923.8
1228850 2923.8
1228860 2920.8
1228870 2916.7
1228880 2916.7
1228890 2912.4
1228900 2909.3
1228910 2909.3
1228920 2907.6
1228930 2905.9
1228940 2905.9
1228950 2902.2
1228960 2902.9
1228970 2898.7
1228980 2898.7
1228990 2896.8
1229000 2895.3
1229010 2895.3
1229020 2892.8
1229030 2889.0
1229040 2889.0
1229050 2877.9
1229060 2866.1
1229070 2866.1
1229080 2857.7
1229090 2852.2
1229100 2852.2
1229110 2848.9
1229120 2846.0
1229130 2842.2
1229140 2842.2
1229150 2837.4
1229160 2831.4
1229170 2831.4
1229180 2824.3
1229190 2818.8
1229200 2818.8
1229210 2815.0
1229220 2807.9
1229230 2807.9
1229240 2802.0
1229250 2797.2
1229260 2797.2
1229270 2792.9
1229280 2789.0
1229290 2789.0
1229300 2786.1
1229310 2784.0
1229320 2781.9
1229330 2781.9
1229340 2780.0
1229350 2778.8
1229360 2778.8
1229370 2778.9
1229380 2780.8
1229390 2780.8
1229400 2782.8
1229410 2782.4
1229420 2782.4
1229430 2780.9
1229440 2777.7
1229450 2777.7
1229460 2780.0
1229470 2771.4
1229480 2771.4
1229490 2757.8
1229500 2753.0
1229510 2747.5
1229520 2747.5
1229530 2741.5
1229540 2737.1
1229550 2737.1
1229560 2733.7
1229570 2729.5
1229580 2729.5
1229590 2723.2
1229600 2718.5
1229610 2718.5
1229620 2712.5
1229630 2703.4
1229640 2703.4
1229650 2692.8
1229660 2691.3
1229670 2678.6
1229680 2678.6
1229690 2670.5
1229700 2665.1
1229710 2665.1
1229720 2662.8
1229730 2660.7
1229740 2660.7
1229750 2658.5
1229760 2657.1
1229770 2657.1
1229780 2656.0
1229790 2655.3
1229800 2655.3
1229810 2655.4
1229820 2655.8
1229830 2655.8
1229840 2656.1
1229850 2656.7
1229860 2656.8
1229870 2656.8
1229880 2656.3
1229890 2656.4
1229900 2656.4
1229910 2656.3
1229920 2655.8
1229930 2655.8
1229940 2655.0
1229950 2656.4
1229960 2656.4
1229970 2654.8
1229980 2653.2
1229990 2653.2
1230000 2650.8
1230010 2648.7
1230020 2648.7
1230030 2647.7
1230040 2647.7
1230050 2647.3
1230060 2647.3
1230070 2646.5
1230080 2646.2
1230090 2646.2
1230100 2645.7
1230110 2645.6
1230120 2645.6
1230130 2645.4
1230140 2645.6
1230150 2645.6
1230160 2646.5
1230170 2648.2
1230180 2648.2
1230190 2649.8
1230200 2651.3
1230210 2651.3
1230220 2653.2
1230230 2655.5
1230240 2657.9
1230250 2657.9
1230260 2660.3
1230270 2662.1
1230280 2662.1
1230290 2662.5
1230300 2664.3
1230310 2664.3
1230320 2670.2
1230330 2675.2
1230340 2675.2
1230350 2680.2
1230360 2685.3
1230370 2685.3
1230380 2688.0
1230390 2690.4
1230400 2692.8
1230410 2692.8
1230420 2695.5
1230430 2697.9
1230440 2697.9
1230450 2704.0
1230460 2705.6
1230470 2705.6
1230480 2708.2
1230490 2713.2
1230500 2713.2
1230510 2719.1
1230520 2723.2
1230530 2723.2
1230540 2727.0
1230550 2730.7
1230560 2730.7
1230570 2732.5
1230580 2734.6
1230590 2736.4
1230600 2736.4
1230610 2737.3
1230620 2739.4
1230630 2739.4
1230640 2742.0
1230650 2744.6
1230660 2744.6
1230670 2746.9
1230680 2749.1
1230690 2749.1
1230700 2751.2
1230710 2753.1
1230720 2753.1
1230730 2755.2
1230740 2757.7
1230750 2757.7
1230760 2760.8
1230770 2764.0
1230780 2768.0
1230790 2768.0
1230800 2771.4
1230810 2773.5
1230820 2773.5
1230830 2775.3
1230840 2777.6
1230850 2777.6
1230860 2780.2
1230870 2783.1
1230880 2783.1
1230890 2786.1
1230900 2789.3
1230910 2789.3
1230920 2793.6
1230930 2798.4
1230940 2803.7
1230950 2806.4
1230960 2811.6
1230970 2817.0
1230980 2817.0
1230990 2822.2
1231000 2826.9
1231010 2826.9
1231020 2831.4
1231030 2835.6
1231040 2835.6
1231050 2839.0
1231060 2842.3
1231070 2842.3
1231080 2845.3
1231090 2847.7
1231100 2847.7
1231110 2850.2
1231120 2852.8
1231130 2856.2
1231140 2856.2
1231150 2860.5
1231160 2865.5
1231170 2865.5
1231180 2870.9
1231190 2875.8
1231200 2875.8
1231210 2879.6
1231220 2883.7
1231230 2883.7
1231240 2887.2
1231250 2890.0
1231260 2890.0
1231270 2893.8
1231280 2896.7
1231290 2896.7
1231300 2900.0
1231310 2903.3
1231320 2906.5
1231330 2906.5
1231340 2909.8
1231350 2913.4
1231360 2913.4
1231370 2917.0
1231380 2920.6
1231390 2920.6
1231400 2924.2
1231410 2927.8
1231420 2927.8
1231430 2931.4
1231440 2937.8
1231450 2937.8
1231460 2941.0
1231470 2943.8
1231480 2946.3
1231490 2946.3
1231500 2948.9
1231510 2951.4
1231520 2951.4
1231530 2954.0
1231540 2956.4
1231550 2956.4
1231560 2958.9
1231570 2961.6
1231580 2961.6
1231590 2964.4
1231600 2967.6
1231610 2967.6
1231620 2970.4
1231630 2973.8
1231640 2973.8
1231650 2977.2
1231660 2979.9
1231670 2983.3
1231680 2983.3
1231690 2986.2
1231700 2989.7
1231710 2989.7
1231720 2993.4
1231730 2996.7
1231740 2996.7
1231750 2999.8
1231760 3003.4
1231770 3003.4
1231780 3007.5
1231790 3011.8
1231800 3011.8
1231810 3014.8
1231820 3019.4
1231830 3019.4
1231840 3022.8
1231850 3025.8
1231860 3028.7
1231870 3028.7
1231880 3031.5
1231890 3034.3
1231900 3034.3
1231910 3037.1
1231920 3040.1
1231930 3040.1
1231940 3045.9
1231950 3049.4
1231960 3049.4
1231970 3052.9
1231980 3056.4
1231990 3056.4
1232000 3060.3
1232010 3064.2
1232020 3064.2
1232030 3068.1
1232040 3072.3
1232050 3076.7
1232060 3076.7
1232070 3081.2
1232080 3085.8
1232090 3085.8
1232100 3090.3
1232110 3094.7
1232120 3094.7
1232130 3099.2
1232140 3103.5
1232150 3103.5
1232160 3107.7
1232170 3111.8
1232180 3111.8
1232190 3115.7
1232200 3119.8
1232210 3123.8
1232220 3123.8
1232230 3127.9
1232240 3132.4
1232250 3132.4
1232260 3137.4
1232270 3144.0
1232280 3144.0
1232290 3151.1
1232300 3158.0
1232310 3158.0
1232320 3165.4
1232330 3173.2
1232340 3173.2
1232350 3180.8
1232360 3186.8
1232370 3186.8
1232380 3193.2
1232390 3198.8
1232400 3201.6
1232410 3201.6
1232420 3201.4
1232430 3193.0
1232440 3185.7
1232450 3174.7
1232460 3164.0
1232470 3164.0
1232480 3158.3
1232490 3156.1
1232500 3156.1
1232510 3151.0
1232520 3143.0
1232530 3143.0
1232540 3134.1
1232550 3127.1
1232560 3127.1
1232570 3125.6
1232580 3129.0
1232590 3129.6
1232600 3129.6
1232610 3126.3
1232620 3121.7
1232630 3121.7
1232640 3117.4
1232650 3116.3
1232660 3116.3
1232670 3116.5
1232680 3118.9
1232690 3118.9
1232700 3119.3
1232710 3114.9
1232720 3114.9
1232730 3101.6
1232740 3094.6
1232750 3094.5
1232760 3094.5
1232770 3093.7
1232780 3096.5
1232790 3096.5
1232800 3099.4
1232810 3098.4
1232820 3098.4
1232830 3094.1
1232840 3092.3
1232850 3092.3
1232860 3092.1
1232870 3087.9
1232880 3087.9
1232890 3081.2
1232900 3073.8
1232910 3073.8
1232920 3068.6
1232930 3063.0
1232940 3047.3
1232950 3047.3
1232960 3042.9
1232970 3045.0
1232980 3045.0
1232990 3048.5
1233000 3050.8
1233010 3050.8
1233020 3047.0
1233030 3037.4
1233040 3037.4
1233050 3031.9
1233060 3034.4
1233070 3034.4
1233080 3032.5
1233090 3027.3
1233100 3027.3
1233110 3022.9
1233120 3019.1
1233130 3016.9
1233140 3016.9
1233150 3017.7
1233160 3015.0
1233170 3015.0
1233180 3011.7
1233190 3015.2
1233200 3015.2
1233210 3016.8
1233220 3018.5
1233230 3018.5
1233240 3020.9
1233250 3022.6
1233260 3022.6
1233270 3016.5
1233280 2999.3
1233290 2999.3
1233300 2982.2
1233310 2966.9
1233320 2971.7
1233330 2971.7
1233340 2976.8
1233350 2986.6
1233360 2986.6
1233370 2996.9
1233380 2999.9
1233390 2999.9
1233400 3003.3
1233410 3006.7
1233420 3006.7
1233430 3012.1
1233440 3008.4
1233450 3008.4
1233460 3013.7
1233470 3019.7
1233480 3027.5
1233490 3027.5
1233500 3025.5
1233510 3024.5
1233520 3024.5
1233530 3023.4
1233540 3023.3
1233550 3023.3
1233560 3024.8
1233570 3025.0
1233580 3025.0
1233590 3026.2
1233600 3030.9
1233610 3030.9
1233620 3035.2
1233630 3039.5
1233640 3039.5
1233650 3042.1
1233660 3040.5
1233670 3039.9
1233680 3039.9
1233690 3040.5
1233700 3028.6
1233710 3028.6
1233720 3005.1
1233730 2980.6
1233740 2980.6
1233750 2968.7
1233760 2964.1
1233770 2964.1
1233780 2961.6
1233790 2959.2
1233800 2959.2
