1220000 3222.9
1220010 3237.2
1220020 3237.2
1220030 3246.6
1220040 3254.0
1220050 3253.4
1220060 3253.4
1220070 3239.5
1220080 3224.9
1220090 3224.9
1220100 3212.1
1220110 3203.4
1220120 3203.4
1220130 3196.6
1220140 3190.5
1220150 3190.5
1220160 3185.1
1220170 3180.1
1220180 3180.1
1220190 3174.2
1220200 3167.8
1220210 3158.3
1220220 3158.3
1220230 3147.3
1220240 3139.1
1220250 3139.1
1220260 3130.4
1220270 3121.7
1220280 3121.7
1220290 3114.3
1220300 3109.0
1220310 3109.0
1220320 3102.9
1220330 3099.9
1220340 3099.9
1220350 3099.4
1220360 3097.5
1220370 3097.5
1220380 3094.9
1220390 3092.8
1220400 3091.6
1220410 3089.7
1220420 3088.8
1220430 3088.4
1220440 3088.4
1220450 3088.3
1220460 3085.9
1220470 3085.9
1220480 3083.4
1220490 3081.1
1220500 3081.1
1220510 3080.9
1220520 3082.1
1220530 3082.1
1220540 3082.3
1220550 3081.7
1220560 3081.7
1220570 3081.1
1220580 3079.2
1220590 3075.5
1220600 3075.5
1220610 3071.2
1220620 3064.8
1220630 3064.8
1220640 3055.0
1220650 3047.4
1220660 3047.4
1220670 3040.9
1220680 3034.1
1220690 3034.1
1220700 3026.2
1220710 3018.4
1220720 3018.4
1220730 3010.8
1220740 3005.4
1220750 3005.4
1220760 3002.8
1220770 3002.4
1220780 3003.2
1220790 3003.2
1220800 3003.8
1220810 3002.3
1220820 3002.3
1220830 2997.8
1220840 2990.2
1220850 2990.2
1220860 2981.6
1220870 2973.7
1220880 2973.7
1220890 2969.9
1220900 2968.6
1220910 2968.6
1220920 2964.5
1220930 2956.9
1220940 2951.8
1220950 2951.8
1220960 2943.1
1220970 2928.4
1220980 2928.4
1220990 2917.2
1221000 2909.8
1221010 2909.8
1221020 2903.8
1221030 2900.7
1221040 2900.7
1221050 2894.1
1221060 2885.9
1221070 2885.9
1221080 2877.3
1221090 2871.2
1221100 2871.2
1221110 2863.9
1221120 2856.3
1221130 2846.4
1221140 2846.4
1221150 2840.7
1221160 2835.1
1221170 2835.1
1221180 2828.2
1221190 2817.0
1221200 2817.0
1221210 2807.9
1221220 2801.1
1221230 2801.1
1221240 2794.7
1221250 2787.8
1221260 2787.8
1221270 2778.9
1221280 2769.3
1221290 2769.3
1221300 2762.0
1221310 2755.2
1221320 2747.4
1221330 2747.4
1221340 2736.7
1221350 2727.1
1221360 2725.6
1221370 2717.3
1221380 2708.8
1221390 2708.8
1221400 2704.0
1221410 2702.2
1221420 2702.2
1221430 2696.5
1221440 2690.0
1221450 2690.0
1221460 2684.3
1221470 2679.0
1221480 2679.0
1221490 2674.8
1221500 2671.8
1221510 2667.9
1221520 2667.9
1221530 2664.5
1221540 2660.6
1221550 2660.6
1221560 2656.4
1221570 2651.7
1221580 2651.7
1221590 2647.3
1221600 2643.4
1221610 2643.4
1221620 2639.7
1221630 2636.1
1221640 2636.1
1221650 2632.4
1221660 2628.6
1221670 2624.6
1221680 2624.6
1221690 2620.7
1221700 2616.9
1221710 2616.9
1221720 2613.4
1221730 2610.4
1221740 2610.4
1221750 2608.3
1221760 2606.6
1221770 2606.6
1221780 2604.2
1221790 2603.5
1221800 2603.5
1221810 2602.3
1221820 2599.7
1221830 2599.7
1221840 2593.0
1221850 2589.5
1221860 2584.1
1221870 2584.1
1221880 2578.8
1221890 2573.2
1221900 2573.2
1221910 2567.5
1221920 2563.3
1221930 2563.3
1221940 2559.9
1221950 2557.9
1221960 2557.9
1221970 2555.6
1221980 2551.3
1221990 2551.3
1222000 2546.6
1222010 2542.0
1222020 2542.0
1222030 2538.7
1222040 2535.5
1222050 2530.5
1222060 2530.5
1222070 2524.9
1222080 2518.9
1222090 2518.9
1222100 2514.8
1222110 2513.5
1222120 2513.5
1222130 2509.5
1222140 2504.3
1222150 2504.3
1222160 2498.3
1222170 2493.6
1222180 2493.6
1222190 2489.6
1222200 2485.1
1222210 2485.1
1222220 2482.6
1222230 2479.8
1222240 2476.8
1222250 2476.8
1222260 2470.8
1222270 2460.5
1222280 2460.5
1222290 2454.0
1222300 2448.5
1222310 2448.5
1222320 2438.5
1222330 2432.3
1222340 2432.3
1222350 2425.1
1222360 2414.4
1222370 2414.4
1222380 2400.5
1222390 2392.5
1222400 2385.5
1222410 2385.5
1222420 2377.9
1222430 2371.4
1222440 2371.4
1222450 2363.2
1222460 2350.2
1222470 2350.2
1222480 2341.9
1222490 2336.3
1222500 2336.3
1222510 2329.8
1222520 2322.3
1222530 2322.3
1222540 2314.4
1222550 2306.0
1222560 2306.0
1222570 2298.2
1222580 2290.2
1222590 2281.0
1222600 2281.0
1222610 2273.0
1222620 2266.4
1222630 2266.4
1222640 2258.9
1222650 2251.2
1222660 2251.2
1222670 2243.6
1222680 2237.2
1222690 2237.2
1222700 2234.5
1222710 2235.3
1222720 2235.3
1222730 2239.4
1222740 2242.3
1222750 2242.3
1222760 2241.3
1222770 2242.0
1222780 2250.2
1222790 2250.2
1222800 2254.0
1222810 2256.4
1222820 2256.4
1222830 2254.2
1222840 2250.7
1222850 2250.7
1222860 2249.1
1222870 2248.9
1222880 2248.9
1222890 2249.7
1222900 2252.2
1222910 2252.2
1222920 2254.6
1222930 2254.8
1222940 2254.8
1222950 2256.4
1222960 2259.2
1222970 2260.5
1222980 2260.5
1222990 2263.9
1223000 2268.5
1223010 2268.5
1223020 2271.3
1223030 2274.2
1223040 2274.2
1223050 2271.0
1223060 2263.9
1223070 2263.9
1223080 2258.3
1223090 2252.3
1223100 2252.3
1223110 2252.8
1223120 2254.9
1223130 2262.8
1223140 2262.8
1223150 2268.8
1223160 2263.5
1223170 2263.5
1223180 2262.7
1223190 2271.5
1223200 2271.5
1223210 2269.9
1223220 2267.1
1223230 2267.1
1223240 2267.9
1223250 2276.8
1223260 2276.8
1223270 2289.4
1223280 2302.6
1223290 2301.9
1223300 2314.5
1223310 2321.1
1223320 2327.7
1223330 2327.7
1223340 2332.9
1223350 2335.2
1223360 2335.2
1223370 2336.2
1223380 2338.1
1223390 2338.1
1223400 2341.4
1223410 2345.2
1223420 2345.2
1223430 2348.9
1223440 2351.5
1223450 2351.5
1223460 2355.1
1223470 2359.0
1223480 2359.0
1223490 2361.5
1223500 2366.0
1223510 2371.3
1223520 2371.3
1223530 2377.4
1223540 2383.7
1223550 2383.7
1223560 2390.4
1223570 2397.1
1223580 2397.1
1223590 2403.2
1223600 2410.2
1223610 2410.2
1223620 2419.1
1223630 2427.1
1223640 2427.1
1223650 2434.3
1223660 2441.0
1223670 2441.0
1223680 2446.6
1223690 2451.5
1223700 2456.0
1223710 2456.0
1223720 2460.5
1223730 2464.6
1223740 2464.6
1223750 2469.0
1223760 2475.1
1223770 2474.6
1223780 2482.4
1223790 2491.4
1223800 2491.4
1223810 2500.3
1223820 2509.3
1223830 2509.3
1223840 2517.1
1223850 2521.8
1223860 2526.2
1223870 2526.2
1223880 2530.2
1223890 2535.7
1223900 2535.7
1223910 2540.0
1223920 2544.2
1223930 2544.2
1223940 2548.3
1223950 2551.8
1223960 2551.8
1223970 2554.4
1223980 2557.3
1223990 2557.3
1224000 2560.8
1224010 2564.5
1224020 2564.5
1224030 2568.3
1224040 2570.3
1224050 2572.1
1224060 2572.1
1224070 2574.2
1224080 2575.7
1224090 2575.7
1224100 2577.2
1224110 2578.2
1224120 2578.2
1224130 2578.8
1224140 2579.5
1224150 2579.5
1224160 2581.1
1224170 2583.4
1224180 2583.4
1224190 2586.9
1224200 2590.7
1224210 2590.7
1224220 2594.7
1224230 2599.4
1224240 2604.3
1224250 2604.3
1224260 2610.1
1224270 2614.9
1224280 2614.9
1224290 2620.0
1224300 2626.2
1224310 2626.2
1224320 2632.8
1224330 2637.5
1224340 2637.5
1224350 2641.9
1224360 2646.3
1224370 2646.3
1224380 2649.7
1224390 2652.6
1224400 2652.6
1224410 2655.3
1224420 2657.6
1224430 2659.9
1224440 2659.9
1224450 2662.4
1224460 2664.7
1224470 2664.7
1224480 2666.3
1224490 2668.8
1224500 2668.8
1224510 2671.2
1224520 2673.2
1224530 2673.2
1224540 2675.7
1224550 2679.0
1224560 2679.0
1224570 2682.1
1224580 2684.7
1224590 2686.5
1224600 2686.5
1224610 2687.4
1224620 2687.3
1224630 2687.3
1224640 2687.5
1224650 2689.0
1224660 2689.0
1224670 2692.4
1224680 2696.7
1224690 2696.7
1224700 2700.9
1224710 2705.0
1224720 2705.0
1224730 2708.2
1224740 2709.9
1224750 2709.9
1224760 2712.0
1224770 2714.1
1224780 2716.5
1224790 2716.5
1224800 2719.2
1224810 2721.9
1224820 2721.9
1224830 2728.3
1224840 2735.9
1224850 2735.9
1224860 2741.1
1224870 2744.8
1224880 2744.8
1224890 2746.7
1224900 2747.6
1224910 2747.6
1224920 2749.4
1224930 2751.3
1224940 2751.3
1224950 2752.2
1224960 2754.3
1224970 2756.3
1224980 2756.3
1224990 2758.7
1225000 2761.4
1225010 2761.4
1225020 2764.9
1225030 2768.5
1225040 2768.5
1225050 2770.8
1225060 2772.5
1225070 2772.5
1225080 2773.6
1225090 2774.4
1225100 2774.4
1225110 2774.8
1225120 2776.0
1225130 2776.0
1225140 2777.0
1225150 2777.6
1225160 2778.0
1225170 2778.0
1225180 2778.5
1225190 2780.1
1225200 2780.1
1225210 2782.1
1225220 2782.4
1225230 2783.4
1225240 2783.3
1225250 2783.1
1225260 2783.1
1225270 2783.1
1225280 2783.2
1225290 2783.2
1225300 2783.2
1225310 2782.8
1225320 2783.7
1225330 2783.7
1225340 2785.8
1225350 2786.0
1225360 2786.0
1225370 2786.2
1225380 2787.6
1225390 2787.6
1225400 2789.9
1225410 2792.3
1225420 2792.3
1225430 2793.3
1225440 2793.3
1225450 2793.3
1225460 2794.5
1225470 2797.5
1225480 2797.5
1225490 2798.9
1225500 2801.2
1225510 2804.2
1225520 2804.2
1225530 2806.6
1225540 2807.5
1225550 2807.5
1225560 2807.4
1225570 2808.0
1225580 2808.0
1225590 2808.6
1225600 2810.4
1225610 2810.4
1225620 2813.4
1225630 2816.0
1225640 2816.0
1225650 2817.6
1225660 2818.9
1225670 2818.9
1225680 2820.1
1225690 2821.9
1225700 2823.6
1225710 2822.5
1225720 2824.2
1225730 2825.6
1225740 2825.6
1225750 2826.7
1225760 2828.1
1225770 2828.1
1225780 2830.4
1225790 2833.8
1225800 2833.8
1225810 2837.7
1225820 2841.8
1225830 2841.8
1225840 2846.1
1225850 2852.3
1225860 2852.3
1225870 2858.0
1225880 2861.8
1225890 2864.7
1225900 2864.7
1225910 2867.8
1225920 2869.6
1225930 2869.6
1225940 2869.8
1225950 2872.4
1225960 2872.4
1225970 2875.9
1225980 2878.2
1225990 2878.2
1226000 2878.8
1226010 2879.1
1226020 2879.1
1226030 2879.2
1226040 2879.4
1226050 2879.5
1226060 2879.5
1226070 2879.9
1226080 2880.0
1226090 2880.0
1226100 2879.8
1226110 2879.5
1226120 2879.5
1226130 2879.8
1226140 2881.3
1226150 2881.3
1226160 2883.2
1226170 2884.9
1226180 2884.9
1226190 2886.5
1226200 2887.4
1226210 2887.4
1226220 2888.5
1226230 2889.5
1226240 2889.2
1226250 2889.2
1226260 2889.9
1226270 2891.2
1226280 2891.2
1226290 2894.0
1226300 2898.1
1226310 2898.1
1226320 2902.0
1226330 2906.8
1226340 2906.8
1226350 2911.7
1226360 2916.7
1226370 2916.7
1226380 2921.6
1226390 2926.3
1226400 2926.3
1226410 2931.9
1226420 2938.2
1226430 2944.2
1226440 2944.2
1226450 2950.3
1226460 2957.1
1226470 2957.1
1226480 2967.6
1226490 2981.4
1226500 2981.4
1226510 2997.7
1226520 3012.5
1226530 3012.5
1226540 3032.2
1226550 3050.6
1226560 3050.6
1226570 3070.8
1226580 3091.6
1226590 3091.6
1226600 3113.8
1226610 3129.1
1226620 3141.2
1226630 3141.2
1226640 3151.4
1226650 3156.6
1226660 3156.6
1226670 3148.3
1226680 3138.2
1226690 3144.5
1226700 3136.1
1226710 3124.3
1226720 3124.3
1226730 3101.8
1226740 3082.7
1226750 3082.7
1226760 3075.0
1226770 3064.0
1226780 3054.5
1226790 3054.5
1226800 3046.8
1226810 3041.9
1226820 3041.9
1226830 3031.0
1226840 3019.6
1226850 3019.6
1226860 3013.9
1226870 3009.4
1226880 3009.4
1226890 3003.9
1226900 2999.0
1226910 2999.0
1226920 2995.5
1226930 2991.7
1226940 2991.7
1226950 2986.2
1226960 2981.9
1226970 2979.3
1226980 2979.3
1226990 2977.7
1227000 2976.3
1227010 2976.3
1227020 2975.1
1227030 2974.1
1227040 2974.1
1227050 2973.2
1227060 2972.5
1227070 2972.5
1227080 2971.7
1227090 2970.9
1227100 2970.9
1227110 2970.1
1227120 2969.2
1227130 2969.2
1227140 2968.1
1227150 2967.0
1227160 2966.0
1227170 2966.0
1227180 2968.4
1227190 2967.7
1227200 2967.7
1227210 2967.4
1227220 2967.3
1227230 2967.3
1227240 2967.6
1227250 2968.7
1227260 2968.7
1227270 2970.7
1227280 2974.6
1227290 2974.6
1227300 2963.6
1227310 2947.0
1227320 2947.0
1227330 2929.9
1227340 2915.1
1227350 2909.4
1227360 2909.4
1227370 2907.8
1227380 2904.8
1227390 2904.8
1227400 2902.5
1227410 2899.1
1227420 2899.1
1227430 2898.0
1227440 2897.1
1227450 2897.1
1227460 2896.2
1227470 2895.1
1227480 2895.1
1227490 2893.8
1227500 2892.5
1227510 2891.4
1227520 2891.4
1227530 2890.5
1227540 2889.8
1227550 2889.8
1227560 2889.1
1227570 2888.5
1227580 2888.5
1227590 2887.8
1227600 2886.9
1227610 2886.9
1227620 2885.8
1227630 2885.1
1227640 2885.1
1227650 2884.6
1227660 2884.4
1227670 2887.5
1227680 2887.3
1227690 2888.7
1227700 2889.9
1227710 2889.9
1227720 2889.0
1227730 2888.0
1227740 2888.0
1227750 2888.2
1227760 2887.2
1227770 2887.2
1227780 2886.3
1227790 2885.2
1227800 2885.2
1227810 2884.1
1227820 2883.2
1227830 2883.2
1227840 2882.5
1227850 2882.3
1227860 2882.3
1227870 2882.5
1227880 2882.8
1227890 2883.0
1227900 2883.0
1227910 2882.9
1227920 2882.7
1227930 2882.7
1227940 2884.4
1227950 2886.9
1227960 2886.9
1227970 2885.7
1227980 2884.3
1227990 2884.3
1228000 2881.2
1228010 2879.8
1228020 2879.8
1228030 2879.5
1228040 2879.2
1228050 2879.2
1228060 2882.5
1228070 2886.3
1228080 2893.0
1228090 2893.0
1228100 2895.5
1228110 2886.8
1228120 2886.8
1228130 2876.2
1228140 2864.1
1228150 2864.1
1228160 2847.5
1228170 2832.1
1228180 2832.1
1228190 2820.6
1228200 2809.3
1228210 2809.3
1228220 2801.2
1228230 2794.2
1228240 2786.9
1228250 2786.9
1228260 2780.0
1228270 2772.2
1228280 2772.2
1228290 2762.4
1228300 2755.5
1228310 2755.5
1228320 2749.7
1228330 2748.4
1228340 2748.4
1228350 2745.7
1228360 2738.9
1228370 2738.9
1228380 2735.2
1228390 2729.0
1228400 2729.0
1228410 2720.6
1228420 2711.3
1228430 2699.6
1228440 2699.6
1228450 2692.3
1228460 2687.2
1228470 2687.2
1228480 2685.6
1228490 2684.8
1228500 2684.8
1228510 2682.3
1228520 2681.7
1228530 2681.7
1228540 2681.8
1228550 2679.4
1228560 2679.4
1228570 2675.9
1228580 2671.3
1228590 2671.3
1228600 2662.8
1228610 2655.9
1228620 2647.5
1228630 2647.5
1228640 2641.7
1228650 2637.5
1228660 2647.1
1228670 2636.4
1228680 2626.3
1228690 2626.3
1228700 2616.5
1228710 2605.7
1228720 2605.7
1228730 2594.3
1228740 2582.9
1228750 2582.9
1228760 2575.9
1228770 2572.2
1228780 2568.1
1228790 2568.1
1228800 2562.7
1228810 2558.4
1228820 2558.4
1228830 2553.7
1228840 2548.3
1228850 2548.3
1228860 2543.8
1228870 2540.6
1228880 2540.6
1228890 2536.5
1228900 2530.6
1228910 2530.6
1228920 2524.0
1228930 2522.6
1228940 2522.6
1228950 2525.0
1228960 2522.8
1228970 2516.2
1228980 2516.2
1228990 2511.1
1229000 2505.4
1229010 2505.4
1229020 2498.0
1229030 2487.6
1229040 2487.6
1229050 2479.2
1229060 2474.7
1229070 2474.7
1229080 2463.6
1229090 2454.4
1229100 2454.4
1229110 2450.7
1229120 2441.2
1229130 2441.2
1229140 2429.7
1229150 2430.1
1229160 2424.9
1229170 2424.9
1229180 2419.9
1229190 2415.5
1229200 2415.5
1229210 2413.0
1229220 2411.1
1229230 2411.1
1229240 2408.8
1229250 2405.7
1229260 2405.7
1229270 2403.6
1229280 2403.2
1229290 2403.2
1229300 2405.1
1229310 2409.5
1229320 2409.5
1229330 2411.3
1229340 2407.4
1229350 2408.6
1229360 2408.6
1229370 2411.7
1229380 2415.1
1229390 2415.1
1229400 2418.6
1229410 2420.0
1229420 2420.0
1229430 2420.8
1229440 2421.7
1229450 2421.7
1229460 2425.4
1229470 2430.5
1229480 2430.5
1229490 2435.6
1229500 2440.5
1229510 2445.0
1229520 2445.0
1229530 2449.2
1229540 2453.0
1229550 2453.0
1229560 2457.5
1229570 2461.6
1229580 2461.6
1229590 2465.6
1229600 2470.1
1229610 2470.1
1229620 2473.9
1229630 2478.3
1229640 2478.4
1229650 2483.8
1229660 2488.4
1229670 2488.4
1229680 2492.0
1229690 2496.0
1229700 2500.0
1229710 2500.0
1229720 2503.5
1229730 2506.5
1229740 2506.5
1229750 2510.6
1229760 2516.0
1229770 2516.0
1229780 2520.9
1229790 2526.4
1229800 2526.4
1229810 2532.3
1229820 2538.0
1229830 2538.0
1229840 2544.1
1229850 2548.8
1229860 2548.8
1229870 2550.0
1229880 2550.9
1229890 2551.8
1229900 2551.8
1229910 2551.1
1229920 2551.1
1229930 2551.1
1229940 2552.5
1229950 2552.5
1229960 2552.5
1229970 2551.4
1229980 2551.5
1229990 2551.5
1230000 2553.5
1230010 2556.4
1230020 2556.4
1230030 2561.7
1230040 2568.5
1230050 2568.5
1230060 2574.8
1230070 2580.4
1230080 2586.2
1230090 2586.2
1230100 2593.4
1230110 2601.9
1230120 2601.9
1230130 2609.4
1230140 2613.5
1230150 2613.5
1230160 2618.2
1230170 2623.4
1230180 2623.4
1230190 2629.3
1230200 2636.0
1230210 2636.0
1230220 2642.6
1230230 2649.0
1230240 2656.1
1230250 2656.1
1230260 2664.2
1230270 2670.4
1230280 2670.4
1230290 2674.7
1230300 2679.5
1230310 2679.5
1230320 2683.7
1230330 2687.8
1230340 2687.8
1230350 2692.1
1230360 2697.3
1230370 2697.3
1230380 2703.2
1230390 2709.0
1230400 2709.0
1230410 2715.0
1230420 2721.1
1230430 2726.1
1230440 2726.1
1230450 2730.2
1230460 2734.1
1230470 2734.1
1230480 2738.6
1230490 2743.2
1230500 2743.2
1230510 2747.9
1230520 2752.6
1230530 2752.6
1230540 2757.2
1230550 2761.5
1230560 2761.5
1230570 2765.9
1230580 2770.0
1230590 2770.0
1230600 2773.8
1230610 2777.9
1230620 2782.6
1230630 2782.6
1230640 2788.0
1230650 2793.3
1230660 2793.3
1230670 2798.7
1230680 2804.3
1230690 2804.3
1230700 2810.2
1230710 2816.1
1230720 2816.1
1230730 2822.0
1230740 2828.1
1230750 2828.1
1230760 2834.2
1230770 2840.0
1230780 2840.0
1230790 2845.8
1230800 2852.0
1230810 2858.0
1230820 2858.0
1230830 2863.9
1230840 2870.2
1230850 2870.2
1230860 2876.6
1230870 2883.1
1230880 2883.1
1230890 2889.7
1230900 2896.6
1230910 2896.6
1230920 2903.3
1230930 2909.9
1230940 2909.9
1230950 2916.3
1230960 2922.4
1230970 2928.4
1230980 2928.4
1230990 2934.5
1231000 2941.2
1231010 2941.2
1231020 2949.6
1231030 2960.2
1231040 2960.2
1231050 2968.9
1231060 2978.5
1231070 2978.5
1231080 2986.7
1231090 2995.0
1231100 2995.0
1231110 3003.5
1231120 3011.4
1231130 3010.1
1231140 3019.0
1231150 3027.2
1231160 3036.4
1231170 3036.4
1231180 3046.0
1231190 3053.9
1231200 3053.9
1231210 3062.1
1231220 3070.8
1231230 3070.8
1231240 3082.1
1231250 3094.4
1231260 3094.4
1231270 3099.0
1231280 3092.0
1231290 3092.0
1231300 3086.2
1231310 3083.0
1231320 3083.0
1231330 3080.8
1231340 3073.9
1231350 3069.2
1231360 3069.2
1231370 3066.0
1231380 3057.3
1231390 3057.3
1231400 3045.8
1231410 3045.4
1231420 3045.4
1231430 3049.1
1231440 3051.4
1231450 3051.4
1231460 3053.4
1231470 3060.1
1231480 3060.1
1231490 3063.7
1231500 3059.6
1231510 3059.6
1231520 3046.2
1231530 3035.2
1231540 3026.4
1231550 3026.4
1231560 3020.8
1231570 3023.1
1231580 3023.1
1231590 3026.7
1231600 3027.1
1231610 3027.1
1231620 3027.2
1231630 3035.5
1231640 3035.5
1231650 3027.5
1231660 2996.3
1231670 2996.3
1231680 2910.1
1231690 2878.2
1231700 2866.5
1231710 2866.5
1231720 2852.7
1231730 2841.8
1231740 2841.8
1231750 2831.0
1231760 2819.6
1231770 2819.6
1231780 2810.8
1231790 2807.2
1231800 2807.2
1231810 2800.7
1231820 2796.3
1231830 2796.3
1231840 2790.0
1231850 2783.6
1231860 2783.6
1231870 2782.2
1231880 2783.3
1231890 2783.8
1231900 2783.8
1231910 2784.1
1231920 2785.9
1231930 2785.9
1231940 2787.8
1231950 2789.8
1231960 2789.8
1231970 2792.2
1231980 2794.2
1231990 2794.2
1232000 2795.9
1232010 2797.0
1232020 2797.0
1232030 2800.2
1232040 2806.1
1232050 2806.1
1232060 2812.3
1232070 2817.6
1232080 2821.1
1232090 2821.1
1232100 2824.9
1232110 2829.3
1232120 2829.3
1232130 2838.4
1232140 2842.1
1232150 2842.1
1232160 2846.4
1232170 2850.3
1232180 2850.3
1232190 2853.7
1232200 2856.9
1232210 2856.9
1232220 2859.9
1232230 2862.4
1232240 2862.4
1232250 2864.6
1232260 2866.8
1232270 2869.6
1232280 2869.6
1232290 2873.2
1232300 2876.6
1232310 2876.6
1232320 2879.7
1232330 2882.6
1232340 2882.6
1232350 2885.2
1232360 2887.6
1232370 2887.6
1232380 2889.9
1232390 2893.0
1232400 2893.0
1232410 2895.5
1232420 2897.5
1232430 2900.8
1232440 2900.8
1232450 2904.6
1232460 2908.4
1232470 2908.4
1232480 2912.5
1232490 2917.4
1232500 2917.4
1232510 2924.3
1232520 2935.3
1232530 2935.3
1232540 2945.1
1232550 2955.6
1232560 2955.6
1232570 2965.9
1232580 2975.9
1232590 2975.9
1232600 2985.9
1232610 2996.1
1232620 3005.9
1232630 3000.3
1232640 3009.9
1232650 3019.5
1232660 3019.5
1232670 3029.0
1232680 3039.4
1232690 3039.4
1232700 3050.9
1232710 3062.9
1232720 3062.9
1232730 3074.1
1232740 3085.2
1232750 3085.2
1232760 3096.5
1232770 3106.7
1232780 3106.7
1232790 3115.9
1232800 3123.8
1232810 3130.6
1232820 3130.6
1232830 3136.6
1232840 3135.1
1232850 3135.1
1232860 3126.0
1232870 3124.8
1232880 3124.8
1232890 3121.7
1232900 3123.2
1232910 3123.2
1232920 3124.4
1232930 3122.9
1232940 3122.9
1232950 3120.9
1232960 3119.7
1232970 3119.7
1232980 3122.5
1232990 3128.1
1233000 3133.5
1233010 3133.5
1233020 3138.1
1233030 3141.0
1233040 3141.0
1233050 3143.9
1233060 3148.1
1233070 3148.1
1233080 3153.9
1233090 3164.4
1233100 3164.4
1233110 3173.1
1233120 3179.0
1233130 3188.7
1233140 3195.6
1233150 3204.1
1233160 3217.6
1233170 3217.6
1233180 3234.8
1233190 3247.0
1233200 3247.0
1233210 3256.2
1233220 3265.6
1233230 3265.6
1233240 3274.2
1233250 3283.1
1233260 3283.1
1233270 3290.9
1233280 3299.0
1233290 3299.0
1233300 3308.9
1233310 3316.8
1233320 3316.8
1233330 3325.6
1233340 3334.1
1233350 3340.4
1233360 3340.4
1233370 3346.7
1233380 3353.7
1233390 3353.7
1233400 3360.3
1233410 3358.6
1233420 3358.6
1233430 3355.5
1233440 3357.7
1233450 3357.7
1233460 3367.1
1233470 3378.9
1233480 3378.9
1233490 3390.2
1233500 3399.1
1233510 3399.1
1233520 3396.5
1233530 3379.9
1233540 3368.5
1233550 3368.5
1233560 3355.8
1233570 3336.5
1233580 3336.5
1233590 3324.4
1233600 3313.3
1233610 3313.3
1233620 3291.6
1233630 3271.9
1233640 3266.5
1233650 3251.8
1233660 3241.5
1233670 3241.5
1233680 3230.2
1233690 3218.3
1233700 3218.3
1233710 3203.0
1233720 3184.2
1233730 3166.5
1233740 3166.5
1233750 3148.8
1233760 3134.5
1233770 3134.5
1233780 3122.9
1233790 3112.6
1233800 3112.6
1233810 3099.7
1233820 3085.0
1233830 3085.0
1233840 3072.4
1233850 3060.5
1233860 3060.5
1233870 3047.8
1233880 3033.5
1233890 3021.4
1233900 3021.4
1233910 3010.8
1233920 3005.7
1233930 3005.7
1233940 3000.0
1233950 2994.3
1233960 2994.3
1233970 2989.7
1233980 2984.8
1233990 2984.8
1234000 2979.9
1234010 2975.8
1234020 2975.8
1234030 2972.1
1234040 2967.6
1234050 2967.6
1234060 2963.8
1234070 2959.2
1234080 2954.7
1234090 2954.7
1234100 2951.3
1234110 2948.1
1234120 2948.1
1234130 2945.9
1234140 2948.4
1234150 2948.4
1234160 2946.6
1234170 2945.4
1234180 2945.4
1234190 2943.7
1234200 2942.0
1234210 2942.0
1234220 2941.5
1234230 2938.8
1234240 2938.8
1234250 2934.9
1234260 2930.1
1234270 2924.3
1234280 2924.3
1234290 2920.3
1234300 2917.4
1234310 2917.4
1234320 2914.7
1234330 2912.9
1234340 2912.9
