1220000 3183.7
1220010 3185.2
1220020 3185.2
1220030 3186.0
1220040 3187.3
1220050 3187.3
1220060 3188.9
1220070 3190.3
1220080 3190.3
1220090 3191.6
1220100 3193.3
1220110 3195.1
1220120 3195.1
1220130 3197.5
1220140 3199.5
1220150 3199.5
1220160 3200.9
1220170 3202.3
1220180 3202.3
1220190 3204.9
1220200 3207.6
1220210 3207.6
1220220 3210.4
1220230 3212.9
1220240 3212.9
1220250 3214.9
1220260 3217.1
1220270 3217.1
1220280 3219.3
1220290 3226.6
1220300 3228.9
1220310 3228.9
1220320 3231.1
1220330 3233.2
1220340 3233.2
1220350 3235.4
1220360 3237.6
1220370 3237.6
1220380 3239.7
1220390 3242.0
1220400 3242.0
1220410 3244.2
1220420 3246.4
1220430 3246.4
1220440 3248.6
1220450 3250.8
1220460 3250.8
1220470 3253.1
1220480 3255.7
1220490 3258.4
1220500 3258.4
1220510 3261.2
1220520 3264.7
1220530 3264.7
1220540 3269.2
1220550 3271.7
1220560 3271.7
1220570 3260.8
1220580 3246.2
1220590 3246.2
1220600 3233.8
1220610 3222.9
1220620 3222.9
1220630 3213.2
1220640 3205.8
1220650 3193.6
1220660 3193.6
1220670 3184.6
1220680 3179.3
1220690 3179.3
1220700 3169.3
1220710 3158.8
1220720 3158.8
1220730 3148.5
1220740 3139.3
1220750 3139.3
1220760 3130.5
1220770 3126.7
1220780 3126.7
1220790 3118.5
1220800 3114.6
1220810 3114.6
1220820 3108.7
1220830 3096.8
1220840 3082.1
1220850 3082.1
1220860 3070.2
1220870 3061.6
1220880 3061.6
1220890 3055.8
1220900 3051.1
1220910 3051.1
1220920 3046.0
1220930 3041.7
1220940 3041.7
1220950 3038.0
1220960 3034.9
1220970 3034.9
1220980 3031.2
1220990 3025.7
1221000 3025.7
1221010 3017.9
1221020 3011.2
1221030 3006.0
1221040 3006.0
1221050 2999.7
1221060 2996.2
1221070 2996.2
1221080 2991.2
1221090 2982.5
1221100 2982.5
1221110 2976.8
1221120 2972.8
1221130 2972.8
1221140 2969.2
1221150 2966.3
1221160 2966.3
1221170 2964.1
1221180 2961.8
1221190 2961.8
1221200 2959.0
1221210 2955.4
1221220 2950.7
1221230 2950.7
1221240 2946.2
1221250 2937.2
1221260 2937.2
1221270 2933.3
1221280 2929.0
1221290 2929.0
1221300 2924.5
1221310 2921.2
1221320 2921.2
1221330 2917.9
1221340 2912.8
1221350 2912.8
1221360 2904.3
1221370 2897.0
1221380 2897.0
1221390 2889.7
1221400 2883.5
1221410 2876.3
1221420 2876.3
1221430 2869.5
1221440 2863.1
1221450 2863.1
1221460 2857.4
1221470 2851.3
1221480 2851.3
1221490 2845.7
1221500 2840.4
1221510 2840.4
1221520 2834.9
1221530 2833.2
1221540 2833.2
1221550 2832.7
1221560 2833.8
1221570 2835.7
1221580 2835.7
1221590 2828.6
1221600 2817.0
1221610 2817.0
1221620 2808.8
1221630 2802.0
1221640 2802.0
1221650 2796.8
1221660 2793.0
1221670 2793.0
1221680 2789.3
1221690 2785.6
1221700 2785.6
1221710 2782.1
1221720 2778.4
1221730 2775.8
1221740 2772.1
1221750 2768.8
1221760 2764.8
1221770 2764.8
1221780 2760.4
1221790 2757.8
1221800 2757.8
1221810 2756.5
1221820 2752.8
1221830 2752.8
1221840 2748.2
1221850 2744.9
1221860 2744.9
1221870 2742.6
1221880 2738.1
1221890 2738.1
1221900 2731.7
1221910 2725.7
1221920 2725.7
1221930 2718.9
1221940 2712.4
1221950 2706.6
1221960 2706.6
1221970 2701.6
1221980 2697.2
1221990 2697.2
1222000 2693.2
1222010 2688.5
1222020 2688.5
1222030 2682.8
1222040 2676.3
1222050 2676.3
1222060 2669.6
1222070 2662.5
1222080 2662.5
1222090 2655.8
1222100 2649.2
1222110 2649.2
1222120 2642.7
1222130 2636.5
1222140 2631.2
1222150 2631.2
1222160 2626.7
1222170 2622.3
1222180 2622.3
1222190 2616.6
1222200 2609.0
1222210 2606.6
1222220 2600.2
1222230 2594.5
1222240 2594.5
1222250 2589.7
1222260 2586.4
1222270 2586.4
1222280 2583.7
1222290 2577.7
1222300 2569.3
1222310 2569.3
1222320 2564.3
1222330 2560.5
1222340 2560.5
1222350 2555.7
1222360 2550.6
1222370 2550.6
1222380 2546.4
1222390 2543.5
1222400 2543.5
1222410 2539.6
1222420 2533.2
1222430 2533.2
1222440 2525.2
1222450 2517.9
1222460 2517.9
1222470 2511.3
1222480 2503.2
1222490 2493.9
1222500 2493.9
1222510 2483.9
1222520 2475.1
1222530 2475.1
1222540 2468.6
1222550 2461.2
1222560 2461.2
1222570 2450.9
1222580 2438.8
1222590 2438.8
1222600 2428.5
1222610 2423.4
1222620 2423.4
1222630 2416.7
1222640 2409.4
1222650 2409.4
1222660 2400.6
1222670 2386.9
1222680 2371.5
1222690 2363.4
1222700 2352.2
1222710 2344.9
1222720 2344.9
1222730 2337.7
1222740 2329.9
1222750 2329.9
1222760 2319.6
1222770 2308.7
1222780 2308.7
1222790 2301.0
1222800 2294.8
1222810 2294.8
1222820 2287.5
1222830 2276.1
1222840 2276.1
1222850 2265.3
1222860 2255.2
1222870 2247.2
1222880 2247.2
1222890 2239.2
1222900 2231.9
1222910 2231.9
1222920 2228.1
1222930 2228.0
1222940 2228.0
1222950 2228.4
1222960 2225.6
1222970 2225.6
1222980 2222.8
1222990 2219.7
1223000 2219.7
1223010 2214.6
1223020 2206.3
1223030 2206.3
1223040 2203.5
1223050 2209.9
1223060 2214.5
1223070 2214.5
1223080 2218.8
1223090 2223.2
1223100 2223.2
1223110 2224.1
1223120 2220.6
1223130 2220.6
1223140 2215.4
1223150 2213.6
1223160 2213.6
1223170 2217.3
1223180 2219.5
1223190 2219.5
1223200 2222.8
1223210 2224.5
1223220 2225.0
1223230 2225.0
1223240 2230.1
1223250 2235.6
1223260 2235.6
1223270 2237.7
1223280 2239.9
1223290 2239.9
1223300 2240.5
1223310 2242.9
1223320 2242.9
1223330 2248.6
1223340 2250.9
1223350 2250.9
1223360 2255.7
1223370 2260.6
1223380 2260.6
1223390 2264.2
1223400 2267.1
1223410 2269.3
1223420 2269.3
1223430 2266.4
1223440 2270.1
1223450 2270.1
1223460 2276.6
1223470 2282.5
1223480 2282.5
1223490 2289.3
1223500 2295.6
1223510 2295.6
1223520 2299.4
1223530 2300.9
1223540 2300.9
1223550 2308.7
1223560 2319.1
1223570 2319.1
1223580 2329.0
1223590 2337.7
1223600 2342.7
1223610 2342.7
1223620 2345.3
1223630 2351.1
1223640 2351.1
1223650 2357.9
1223660 2365.7
1223670 2365.7
1223680 2373.8
1223690 2383.2
1223700 2383.2
1223710 2393.3
1223720 2404.9
1223730 2404.9
1223740 2414.9
1223750 2424.5
1223760 2424.5
1223770 2433.9
1223780 2441.9
1223790 2448.2
1223800 2448.2
1223810 2448.5
1223820 2445.4
1223830 2445.4
1223840 2445.6
1223850 2445.4
1223860 2445.4
1223870 2444.2
1223880 2441.5
1223890 2441.5
1223900 2436.1
1223910 2434.2
1223920 2434.2
1223930 2433.2
1223940 2430.5
1223950 2430.8
1223960 2430.8
1223970 2433.8
1223980 2435.6
1223990 2435.6
1224000 2437.6
1224010 2440.5
1224020 2440.5
1224030 2444.1
1224040 2447.9
1224050 2447.9
1224060 2451.0
1224070 2454.4
1224080 2454.4
1224090 2459.9
1224100 2465.2
1224110 2465.2
1224120 2470.4
1224130 2476.0
1224140 2485.9
1224150 2485.9
1224160 2490.7
1224170 2493.9
1224180 2493.9
1224190 2499.2
1224200 2506.7
1224210 2506.7
1224220 2510.2
1224230 2504.2
1224240 2504.2
1224250 2496.1
1224260 2496.7
1224270 2496.7
1224280 2503.3
1224290 2511.1
1224300 2511.1
1224310 2519.3
1224320 2525.7
1224330 2532.8
1224340 2532.8
1224350 2537.0
1224360 2539.5
1224370 2539.5
1224380 2542.9
1224390 2546.5
1224400 2546.5
1224410 2551.3
1224420 2557.2
1224430 2557.2
1224440 2564.8
1224450 2574.6
1224460 2574.6
1224470 2580.0
1224480 2584.1
1224490 2584.1
1224500 2588.3
1224510 2593.1
1224520 2597.8
1224530 2597.8
1224540 2601.6
1224550 2603.6
1224560 2603.6
1224570 2605.0
1224580 2607.5
1224590 2607.5
1224600 2610.4
1224610 2615.0
1224620 2615.0
1224630 2625.1
1224640 2629.3
1224650 2629.3
1224660 2629.8
1224670 2632.7
1224680 2638.1
1224690 2638.1
1224700 2641.4
1224710 2645.5
1224720 2645.5
1224730 2650.0
1224740 2653.8
1224750 2653.8
1224760 2654.7
1224770 2654.3
1224780 2654.3
1224790 2656.4
1224800 2659.0
1224810 2659.0
1224820 2660.0
1224830 2660.6
1224840 2660.6
1224850 2663.8
1224860 2667.5
1224870 2668.9
1224880 2668.9
1224890 2670.8
1224900 2674.9
1224910 2674.9
1224920 2680.3
1224930 2683.4
1224940 2683.4
1224950 2684.6
1224960 2685.8
1224970 2685.8
1224980 2687.3
1224990 2688.4
1225000 2688.4
1225010 2690.2
1225020 2690.7
1225030 2690.7
1225040 2690.6
1225050 2690.1
1225060 2689.0
1225070 2689.0
1225080 2689.0
1225090 2690.4
1225100 2690.4
1225110 2696.0
1225120 2698.7
1225130 2698.7
1225140 2701.8
1225150 2705.1
1225160 2705.1
1225170 2709.0
1225180 2711.7
1225190 2711.7
1225200 2712.4
1225210 2712.8
1225220 2712.8
1225230 2712.1
1225240 2711.1
1225250 2709.2
1225260 2709.2
1225270 2708.9
1225280 2704.7
1225290 2704.7
1225300 2698.8
1225310 2693.3
1225320 2693.3
1225330 2690.1
1225340 2689.0
1225350 2689.0
1225360 2688.8
1225370 2692.9
1225380 2692.9
1225390 2698.5
1225400 2699.5
1225410 2699.5
1225420 2699.1
1225430 2700.9
1225440 2702.5
1225450 2702.5
1225460 2702.7
1225470 2702.9
1225480 2702.9
1225490 2704.5
1225500 2707.4
1225510 2707.4
1225520 2709.7
1225530 2711.2
1225540 2711.2
1225550 2710.2
1225560 2708.5
1225570 2708.5
1225580 2708.0
1225590 2707.5
1225600 2707.9
1225610 2707.9
1225620 2708.7
1225630 2709.4
1225640 2709.4
1225650 2710.2
1225660 2711.6
1225670 2711.6
1225680 2711.2
1225690 2712.2
1225700 2712.2
1225710 2714.2
1225720 2716.5
1225730 2716.5
1225740 2719.3
1225750 2722.1
1225760 2722.1
1225770 2724.9
1225780 2727.1
1225790 2729.4
1225800 2729.4
1225810 2731.8
1225820 2734.0
1225830 2734.0
1225840 2736.5
1225850 2739.2
1225860 2739.2
1225870 2741.9
1225880 2744.1
1225890 2744.1
1225900 2746.2
1225910 2747.7
1225920 2747.7
1225930 2749.0
1225940 2750.1
1225950 2750.1
1225960 2751.0
1225970 2751.1
1225980 2751.4
1225990 2751.4
1226000 2752.3
1226010 2753.3
1226020 2753.3
1226030 2754.5
1226040 2756.2
1226050 2756.2
1226060 2758.5
1226070 2760.5
1226080 2760.5
1226090 2761.7
1226100 2762.9
1226110 2762.9
1226120 2763.7
1226130 2764.4
1226140 2764.4
1226150 2765.2
1226160 2766.5
1226170 2767.2
1226180 2767.2
1226190 2767.0
1226200 2766.5
1226210 2766.5
1226220 2767.7
1226230 2769.3
1226240 2769.3
1226250 2769.9
1226260 2772.3
1226270 2772.3
1226280 2774.3
1226290 2776.2
1226300 2776.2
1226310 2778.1
1226320 2780.4
1226330 2783.0
1226340 2783.0
1226350 2784.9
1226360 2785.8
1226370 2785.8
1226380 2785.9
1226390 2786.5
1226400 2786.5
1226410 2787.7
1226420 2789.4
1226430 2789.4
1226440 2791.4
1226450 2793.5
1226460 2793.5
1226470 2796.0
1226480 2799.9
1226490 2799.9
1226500 2804.5
1226510 2808.2
1226520 2810.0
1226530 2810.0
1226540 2812.7
1226550 2816.0
1226560 2816.0
1226570 2819.4
1226580 2821.7
1226590 2821.7
1226600 2824.3
1226610 2827.8
1226620 2827.8
1226630 2831.2
1226640 2836.2
1226650 2836.2
1226660 2843.3
1226670 2854.4
1226680 2854.4
1226690 2868.9
1226700 2890.0
1226710 2906.9
1226720 2906.9
1226730 2916.3
1226740 2909.6
1226750 2909.6
1226760 2878.2
1226770 2860.2
1226780 2860.2
1226790 2853.0
1226800 2847.5
1226810 2847.5
1226820 2841.7
1226830 2835.5
1226840 2835.5
1226850 2828.5
1226860 2815.0
1226870 2815.0
1226880 2801.0
1226890 2795.8
1226900 2794.6
1226910 2794.6
1226920 2792.9
1226930 2792.0
1226940 2792.0
1226950 2793.7
1226960 2792.4
1226970 2792.4
1226980 2791.2
1226990 2792.0
1227000 2792.0
1227010 2794.0
1227020 2794.4
1227030 2794.4
1227040 2792.6
1227050 2790.7
1227060 2790.7
1227070 2792.0
1227080 2791.9
1227090 2792.7
1227100 2792.7
1227110 2791.6
1227120 2786.7
1227130 2786.7
1227140 2781.3
1227150 2776.3
1227160 2776.3
1227170 2771.2
1227180 2766.6
1227190 2766.6
1227200 2761.6
1227210 2758.0
1227220 2758.0
1227230 2755.7
1227240 2755.1
1227250 2755.8
1227260 2755.8
1227270 2758.5
1227280 2763.1
1227290 2763.1
1227300 2767.3
1227310 2768.9
1227320 2768.9
1227330 2764.6
1227340 2759.4
1227350 2759.4
1227360 2755.8
1227370 2751.3
1227380 2751.3
1227390 2747.1
1227400 2744.4
1227410 2744.4
1227420 2742.4
1227430 2740.1
1227440 2738.4
1227450 2738.4
1227460 2738.0
1227470 2738.0
1227480 2738.0
1227490 2738.1
1227500 2738.1
1227510 2738.1
1227520 2738.1
1227530 2737.7
1227540 2737.7
1227550 2736.3
1227560 2733.9
1227570 2733.9
1227580 2731.4
1227590 2729.9
1227600 2729.9
1227610 2725.9
1227620 2720.0
1227630 2713.2
1227640 2713.2
1227650 2706.8
1227660 2704.6
1227670 2704.6
1227680 2701.9
1227690 2697.3
1227700 2697.3
1227710 2693.5
1227720 2690.6
1227730 2690.6
1227740 2688.9
1227750 2684.9
1227760 2684.9
1227770 2679.5
1227780 2676.7
1227790 2676.7
1227800 2674.3
1227810 2670.1
1227820 2665.4
1227830 2665.4
1227840 2662.0
1227850 2658.9
1227860 2658.9
1227870 2656.6
1227880 2656.0
1227890 2656.0
1227900 2656.2
1227910 2654.5
1227920 2654.5
1227930 2650.8
1227940 2647.2
1227950 2647.2
1227960 2643.5
1227970 2637.4
1227980 2629.8
1227990 2629.8
1228000 2622.5
1228010 2615.7
1228020 2615.7
1228030 2609.9
1228040 2601.0
1228050 2606.0
1228060 2597.0
1228070 2591.0
1228080 2591.0
1228090 2583.8
1228100 2570.6
1228110 2570.6
1228120 2557.6
1228130 2544.7
1228140 2544.7
1228150 2536.8
1228160 2535.5
1228170 2531.8
1228180 2531.8
1228190 2531.3
1228200 2530.4
1228210 2530.4
1228220 2526.3
1228230 2518.9
1228240 2518.9
1228250 2511.7
1228260 2498.3
1228270 2498.3
1228280 2489.6
1228290 2480.4
1228300 2480.4
1228310 2475.2
1228320 2466.4
1228330 2466.4
1228340 2460.2
1228350 2458.4
1228360 2455.8
1228370 2455.8
1228380 2452.7
1228390 2448.7
1228400 2448.7
1228410 2443.9
1228420 2438.2
1228430 2438.2
1228440 2431.0
1228450 2425.2
1228460 2425.2
1228470 2419.7
1228480 2414.6
1228490 2414.6
1228500 2410.6
1228510 2406.5
1228520 2406.5
1228530 2401.4
1228540 2402.0
1228550 2398.3
1228560 2398.3
1228570 2393.7
1228580 2387.4
1228590 2387.4
1228600 2381.8
1228610 2377.3
1228620 2377.3
1228630 2372.8
1228640 2368.6
1228650 2368.6
1228660 2364.6
1228670 2360.2
1228680 2360.2
1228690 2356.3
1228700 2354.1
1228710 2351.5
1228720 2351.5
1228730 2349.3
1228740 2347.7
1228750 2347.7
1228760 2346.3
1228770 2344.9
1228780 2344.9
1228790 2344.0
1228800 2342.8
1228810 2342.8
1228820 2342.7
1228830 2342.2
1228840 2342.2
1228850 2341.3
1228860 2341.3
1228870 2341.3
1228880 2341.1
1228890 2340.7
1228900 2340.7
1228910 2340.7
1228920 2341.0
1228930 2341.4
1228940 2341.4
1228950 2341.9
1228960 2343.8
1228970 2343.8
1228980 2345.6
1228990 2347.2
1229000 2347.2
1229010 2348.4
1229020 2349.8
1229030 2350.3
1229040 2351.7
1229050 2353.1
1229060 2353.1
1229070 2355.3
1229080 2358.3
1229090 2362.0
1229100 2362.0
1229110 2365.6
1229120 2369.4
1229130 2369.4
1229140 2374.4
1229150 2380.0
1229160 2380.0
1229170 2385.0
1229180 2390.7
1229190 2390.7
1229200 2396.9
1229210 2404.1
1229220 2404.1
1229230 2410.5
1229240 2415.9
1229250 2415.9
1229260 2420.3
1229270 2424.8
1229280 2429.7
1229290 2429.7
1229300 2435.1
1229310 2439.6
1229320 2439.6
1229330 2444.2
1229340 2450.5
1229350 2450.5
1229360 2458.9
1229370 2467.0
1229380 2467.0
1229390 2474.6
1229400 2483.9
1229410 2483.9
1229420 2494.1
1229430 2504.0
1229440 2504.0
1229450 2512.5
1229460 2518.4
1229470 2525.1
1229480 2525.1
1229490 2533.2
1229500 2541.7
1229510 2541.7
1229520 2548.9
1229530 2554.4
1229540 2554.4
1229550 2560.0
1229560 2565.4
1229570 2565.4
1229580 2571.7
1229590 2578.6
1229600 2578.6
1229610 2585.6
1229620 2592.4
1229630 2598.3
1229640 2598.3
1229650 2603.0
1229660 2608.0
1229670 2608.0
1229680 2613.3
1229690 2619.4
1229700 2619.4
1229710 2624.4
1229720 2630.2
1229730 2630.2
1229740 2637.8
1229750 2644.6
1229760 2644.6
1229770 2650.4
1229780 2656.0
1229790 2656.0
1229800 2661.6
1229810 2667.1
1229820 2672.3
1229830 2672.3
1229840 2678.4
1229850 2683.7
1229860 2683.7
1229870 2688.6
1229880 2693.2
1229890 2693.2
1229900 2696.0
1229910 2697.3
1229920 2697.3
1229930 2700.0
1229940 2704.1
1229950 2704.1
1229960 2708.1
1229970 2713.5
1229980 2713.5
1229990 2718.3
1230000 2723.0
1230010 2728.3
1230020 2725.8
1230030 2729.6
1230040 2731.4
1230050 2731.4
1230060 2735.8
1230070 2738.5
1230080 2738.5
1230090 2742.0
1230100 2747.2
1230110 2747.2
1230120 2752.7
1230130 2758.2
1230140 2758.2
1230150 2764.0
1230160 2770.6
1230170 2770.6
1230180 2777.6
1230190 2784.5
1230200 2792.8
1230210 2792.8
1230220 2801.7
1230230 2809.9
1230240 2809.9
1230250 2817.9
1230260 2825.0
1230270 2825.0
1230280 2825.9
1230290 2827.7
1230300 2827.7
1230310 2829.0
1230320 2831.9
1230330 2831.9
1230340 2830.5
1230350 2820.2
1230360 2813.8
1230370 2813.8
1230380 2801.5
1230390 2785.7
1230400 2785.7
1230410 2764.5
1230420 2747.1
1230430 2747.1
1230440 2731.3
1230450 2714.1
1230460 2714.1
1230470 2704.2
1230480 2697.3
1230490 2697.3
1230500 2690.1
1230510 2684.8
1230520 2691.8
1230530 2687.1
1230540 2683.1
1230550 2679.0
1230560 2679.0
1230570 2670.3
1230580 2665.2
1230590 2665.2
1230600 2661.3
1230610 2656.6
1230620 2656.6
1230630 2652.4
1230640 2648.7
1230650 2648.7
1230660 2644.4
1230670 2639.8
1230680 2639.8
1230690 2634.8
1230700 2630.0
1230710 2630.0
1230720 2624.3
1230730 2619.4
1230740 2616.4
1230750 2616.4
1230760 2612.3
1230770 2607.1
1230780 2607.1
1230790 2603.1
1230800 2600.4
1230810 2600.4
1230820 2597.7
1230830 2594.6
1230840 2594.6
1230850 2594.1
1230860 2593.6
1230870 2593.6
1230880 2591.6
1230890 2588.7
1230900 2588.7
1230910 2586.2
1230920 2583.4
1230930 2581.6
1230940 2581.6
1230950 2581.2
1230960 2580.8
1230970 2580.8
1230980 2581.2
1230990 2581.9
1231000 2581.9
1231010 2582.6
1231020 2586.8
1231030 2586.8
1231040 2587.8
1231050 2590.0
1231060 2590.0
1231070 2592.8
1231080 2594.5
1231090 2596.5
1231100 2596.5
1231110 2597.7
1231120 2599.1
1231130 2599.1
1231140 2601.8
1231150 2605.5
1231160 2605.5
1231170 2608.8
1231180 2610.7
1231190 2610.7
1231200 2611.5
1231210 2611.2
1231220 2611.2
1231230 2609.0
1231240 2606.7
1231250 2606.7
1231260 2606.4
1231270 2607.5
1231280 2609.0
1231290 2609.0
1231300 2610.2
1231310 2611.7
1231320 2611.7
1231330 2614.0
1231340 2616.2
1231350 2616.2
1231360 2618.3
1231370 2620.3
1231380 2620.3
1231390 2622.5
1231400 2624.5
1231410 2624.5
1231420 2626.3
1231430 2628.2
1231440 2628.2
1231450 2629.9
1231460 2631.4
1231470 2632.9
1231480 2632.9
1231490 2634.3
1231500 2635.7
1231510 2637.0
1231520 2638.4
1231530 2639.9
1231540 2639.9
1231550 2641.4
1231560 2642.7
1231570 2642.7
1231580 2643.7
1231590 2644.5
1231600 2644.5
1231610 2645.2
1231620 2645.8
1231630 2645.8
1231640 2646.3
1231650 2646.6
1231660 2646.4
1231670 2646.4
1231680 2646.1
1231690 2645.9
1231700 2645.9
1231710 2646.1
1231720 2646.1
1231730 2646.1
1231740 2646.1
1231750 2646.1
1231760 2646.1
1231770 2647.3
1231780 2651.0
1231790 2651.0
1231800 2657.6
1231810 2664.4
1231820 2670.7
1231830 2670.7
1231840 2677.5
1231850 2685.7
1231860 2685.7
1231870 2693.9
1231880 2701.3
1231890 2701.3
1231900 2708.0
1231910 2713.6
1231920 2713.6
1231930 2717.5
1231940 2722.0
1231950 2722.0
1231960 2727.6
1231970 2734.0
1231980 2734.0
1231990 2740.2
1232000 2745.1
1232010 2743.9
1232020 2743.9
1232030 2751.2
1232040 2759.1
1232050 2759.1
1232060 2765.9
1232070 2773.4
1232080 2773.4
1232090 2779.9
1232100 2785.7
1232110 2785.7
1232120 2791.5
1232130 2796.8
1232140 2796.8
1232150 2802.2
1232160 2807.8
1232170 2807.8
1232180 2813.6
1232190 2819.3
1232200 2824.5
1232210 2824.5
1232220 2829.2
1232230 2833.7
1232240 2833.7
1232250 2838.8
1232260 2843.3
1232270 2843.3
1232280 2847.4
1232290 2850.9
1232300 2850.9
1232310 2854.6
1232320 2859.5
1232330 2859.5
1232340 2864.2
1232350 2868.9
1232360 2868.9
1232370 2873.9
1232380 2879.2
1232390 2884.4
1232400 2884.4
1232410 2888.8
1232420 2893.7
1232430 2893.7
1232440 2898.5
1232450 2904.1
1232460 2904.1
1232470 2909.5
1232480 2912.7
1232490 2912.7
1232500 2917.4
1232510 2923.4
1232520 2923.4
1232530 2927.7
1232540 2930.4
1232550 2930.4
1232560 2934.6
1232570 2940.4
1232580 2945.7
1232590 2945.7
1232600 2950.6
1232610 2955.2
1232620 2955.2
1232630 2959.6
1232640 2964.1
1232650 2964.1
1232660 2968.9
1232670 2974.2
1232680 2974.2
1232690 2979.0
1232700 2983.8
1232710 2983.8
1232720 2988.6
1232730 2993.1
1232740 2997.1
1232750 2997.1
1232760 3000.7
1232770 3004.0
1232780 3004.0
1232790 3007.0
1232800 3009.8
1232810 3009.8
1232820 3012.5
1232830 3014.9
1232840 3014.9
1232850 3016.9
1232860 3018.7
1232870 3018.7
1232880 3020.3
1232890 3022.4
1232900 3022.4
1232910 3025.0
1232920 3027.7
1232930 3030.4
1232940 3030.4
1232950 3032.9
1232960 3035.1
1232970 3035.1
1232980 3036.7
1232990 3037.6
1233000 3037.6
1233010 3039.4
1233020 3044.1
1233030 3044.1
1233040 3047.0
1233050 3050.1
1233060 3050.1
1233070 3053.4
1233080 3057.1
1233090 3057.1
1233100 3061.2
1233110 3065.6
1233120 3070.6
1233130 3070.6
1233140 3079.4
1233150 3093.3
1233160 3093.3
1233170 3109.2
1233180 3122.4
1233190 3122.4
1233200 3135.2
1233210 3149.3
1233220 3149.3
1233230 3161.8
1233240 3173.2
1233250 3173.2
1233260 3178.0
1233270 3172.1
1233280 3172.1
1233290 3158.3
1233300 3145.2
1233310 3128.5
1233320 3128.5
1233330 3111.6
1233340 3100.4
1233350 3100.4
1233360 3091.8
1233370 3079.3
1233380 3079.3
1233390 3064.3
1233400 3041.9
1233410 3041.9
1233420 3024.3
1233430 3011.3
1233440 3011.3
1233450 3001.1
1233460 2993.7
1233470 2987.0
1233480 2987.0
1233490 2980.5
1233500 2974.1
1233510 2974.1
1233520 2973.9
1233530 2968.9
1233540 2968.9
1233550 2963.6
1233560 2957.5
1233570 2957.5
1233580 2951.3
1233590 2944.7
1233600 2944.7
1233610 2938.1
1233620 2932.1
1233630 2932.1
1233640 2927.2
1233650 2922.9
1233660 2918.9
1233670 2918.9
1233680 2915.8
1233690 2912.9
1233700 2912.9
1233710 2910.0
1233720 2907.4
1233730 2907.4
1233740 2904.9
1233750 2903.0
1233760 2903.0
1233770 2901.6
1233780 2900.7
1233790 2900.7
1233800 2899.9
1233810 2899.1
1233820 2899.1
1233830 2898.4
1233840 2897.0
1233850 2896.7
1233860 2896.7
1233870 2896.2
1233880 2895.4
1233890 2895.4
1233900 2894.2
1233910 2893.2
1233920 2893.2
1233930 2892.3
1233940 2891.4
1233950 2891.4
1233960 2890.2
1233970 2889.0
1233980 2889.0
1233990 2887.3
1234000 2885.2
1234010 2885.2
1234020 2885.9
1234030 2884.2
1234040 2883.6
1234050 2883.6
