1220000 3071.5
1220010 3079.8
1220020 3087.8
1220030 3087.8
1220040 3094.8
1220050 3100.5
1220060 3100.5
1220070 3105.8
1220080 3110.9
1220090 3110.9
1220100 3116.0
1220110 3120.9
1220120 3120.9
1220130 3124.1
1220140 3124.6
1220150 3124.6
1220160 3125.1
1220170 3128.0
1220180 3128.0
1220190 3133.3
1220200 3139.1
1220210 3143.0
1220220 3143.0
1220230 3146.1
1220240 3149.6
1220250 3149.6
1220260 3152.8
1220270 3155.9
1220280 3155.9
1220290 3158.8
1220300 3162.5
1220310 3162.5
1220320 3167.4
1220330 3173.6
1220340 3173.6
1220350 3180.1
1220360 3186.2
1220370 3186.2
1220380 3191.7
1220390 3198.7
1220400 3208.2
1220410 3208.2
1220420 3212.6
1220430 3214.7
1220440 3208.4
1220450 3214.3
1220460 3220.2
1220470 3220.2
1220480 3226.9
1220490 3234.3
1220500 3234.3
1220510 3242.0
1220520 3250.1
1220530 3250.1
1220540 3257.1
1220550 3264.5
1220560 3264.5
1220570 3272.2
1220580 3273.2
1220590 3265.6
1220600 3265.6
1220610 3253.5
1220620 3243.1
1220630 3243.1
1220640 3235.2
1220650 3227.6
1220660 3227.6
1220670 3218.6
1220680 3209.8
1220690 3209.8
1220700 3202.2
1220710 3195.8
1220720 3195.8
1220730 3189.2
1220740 3183.0
1220750 3183.0
1220760 3176.9
1220770 3170.6
1220780 3165.2
1220790 3165.2
1220800 3160.5
1220810 3156.1
1220820 3156.1
1220830 3152.2
1220840 3148.5
1220850 3148.5
1220860 3145.2
1220870 3142.3
1220880 3142.3
1220890 3139.5
1220900 3136.8
1220910 3136.8
1220920 3131.7
1220930 3129.3
1220940 3127.1
1220950 3127.1
1220960 3125.2
1220970 3123.5
1220980 3123.5
1220990 3122.1
1221000 3121.0
1221010 3121.0
1221020 3120.0
1221030 3119.3
1221040 3119.3
1221050 3121.4
1221060 3126.1
1221070 3126.1
1221080 3134.4
1221090 3140.7
1221100 3140.7
1221110 3146.2
1221120 3152.5
1221130 3159.4
1221140 3159.4
1221150 3157.3
1221160 3149.0
1221170 3149.0
1221180 3143.5
1221190 3137.7
1221200 3137.7
1221210 3129.2
1221220 3120.1
1221230 3120.1
1221240 3111.6
1221250 3102.0
1221260 3102.0
1221270 3092.3
1221280 3082.2
1221290 3082.2
1221300 3068.8
1221310 3054.1
1221320 3040.4
1221330 3040.4
1221340 3028.1
1221350 3016.2
1221360 3016.2
1221370 3003.8
1221380 2993.2
1221390 2993.2
1221400 2983.1
1221410 2976.4
1221420 2976.4
1221430 2969.8
1221440 2962.2
1221450 2962.2
1221460 2955.6
1221470 2949.4
1221480 2949.4
1221490 2942.8
1221500 2937.3
1221510 2932.3
1221520 2932.3
1221530 2927.0
1221540 2920.1
1221550 2920.1
1221560 2913.5
1221570 2908.7
1221580 2908.7
1221590 2901.5
1221600 2889.6
1221610 2889.6
1221620 2881.7
1221630 2876.0
1221640 2876.0
1221650 2871.3
1221660 2866.5
1221670 2866.5
1221680 2860.3
1221690 2853.5
1221700 2849.7
1221710 2849.7
1221720 2847.0
1221730 2843.8
1221740 2843.8
1221750 2840.7
1221760 2837.6
1221770 2837.6
1221780 2834.2
1221790 2830.9
1221800 2830.9
1221810 2827.7
1221820 2824.5
1221830 2824.5
1221840 2821.4
1221850 2818.5
1221860 2816.0
1221870 2816.0
1221880 2812.5
1221890 2810.5
1221900 2810.5
1221910 2809.2
1221920 2807.8
1221930 2807.8
1221940 2806.2
1221950 2804.5
1221960 2804.5
1221970 2803.1
1221980 2801.2
1221990 2801.2
1222000 2799.5
1222010 2797.4
1222020 2797.4
1222030 2794.2
1222040 2791.2
1222050 2789.6
1222060 2789.6
1222070 2784.7
1222080 2778.5
1222090 2778.5
1222100 2774.2
1222110 2769.6
1222120 2769.6
1222130 2767.7
1222140 2765.3
1222150 2765.3
1222160 2763.6
1222170 2763.2
1222180 2763.2
1222190 2762.8
1222200 2758.8
1222210 2758.8
1222220 2752.6
1222230 2747.4
1222240 2740.1
1222250 2740.1
1222260 2735.9
1222270 2734.3
1222280 2734.3
1222290 2727.8
1222300 2721.2
1222310 2721.2
1222320 2714.2
1222330 2706.0
1222340 2706.0
1222350 2701.0
1222360 2693.2
1222370 2693.2
1222380 2688.7
1222390 2682.5
1222400 2682.5
1222410 2672.0
1222420 2661.7
1222430 2655.0
1222440 2655.0
1222450 2648.8
1222460 2642.7
1222470 2642.7
1222480 2636.2
1222490 2630.3
1222500 2630.3
1222510 2624.6
1222520 2617.8
1222530 2617.8
1222540 2611.2
1222550 2605.7
1222560 2605.7
1222570 2600.8
1222580 2595.7
1222590 2595.7
1222600 2590.8
1222610 2585.9
1222620 2580.8
1222630 2580.8
1222640 2575.6
1222650 2570.1
1222660 2570.1
1222670 2564.5
1222680 2560.0
1222690 2560.0
1222700 2556.7
1222710 2552.9
1222720 2552.9
1222730 2548.1
1222740 2543.8
1222750 2543.8
1222760 2539.9
1222770 2535.8
1222780 2531.9
1222790 2531.9
1222800 2528.1
1222810 2524.2
1222820 2524.2
1222830 2521.3
1222840 2517.3
1222850 2517.3
1222860 2514.5
1222870 2510.8
1222880 2510.8
1222890 2508.4
1222900 2503.5
1222910 2503.5
1222920 2497.2
1222930 2491.9
1222940 2491.9
1222950 2485.8
1222960 2477.8
1222970 2470.1
1222980 2470.1
1222990 2463.0
1223000 2457.0
1223010 2457.0
1223020 2447.0
1223030 2434.2
1223040 2434.2
1223050 2427.4
1223060 2420.4
1223070 2420.4
1223080 2411.6
1223090 2402.6
1223100 2402.6
1223110 2395.7
1223120 2391.1
1223130 2391.1
1223140 2387.6
1223150 2380.8
1223160 2373.6
1223170 2373.6
1223180 2367.3
1223190 2359.1
1223200 2359.1
1223210 2349.9
1223220 2344.0
1223230 2344.0
1223240 2339.4
1223250 2331.1
1223260 2331.1
1223270 2320.7
1223280 2311.9
1223290 2311.9
1223300 2306.0
1223310 2301.7
1223320 2301.7
1223330 2297.6
1223340 2295.7
1223350 2293.3
1223360 2293.3
1223370 2291.0
1223380 2286.6
1223390 2286.6
1223400 2280.4
1223410 2273.0
1223420 2273.0
1223430 2260.9
1223440 2248.4
1223450 2248.4
1223460 2239.1
1223470 2230.2
1223480 2230.2
1223490 2220.2
1223500 2206.0
1223510 2206.0
1223520 2193.3
1223530 2185.4
1223540 2177.5
1223550 2177.5
1223560 2168.4
1223570 2153.3
1223580 2153.3
1223590 2141.6
1223600 2146.3
1223610 2146.3
1223620 2153.3
1223630 2159.6
1223640 2159.6
1223650 2167.8
1223660 2177.7
1223670 2177.7
1223680 2187.2
1223690 2198.7
1223700 2205.3
1223710 2205.3
1223720 2208.3
1223730 2210.1
1223740 2210.1
1223750 2212.8
1223760 2217.0
1223770 2217.0
1223780 2218.4
1223790 2216.8
1223800 2216.8
1223810 2221.0
1223820 2222.8
1223830 2222.8
1223840 2221.1
1223850 2215.5
1223860 2215.5
1223870 2211.6
1223880 2208.9
1223890 2206.7
1223900 2206.7
1223910 2202.3
1223920 2196.7
1223930 2196.7
1223940 2192.2
1223950 2187.9
1223960 2187.9
1223970 2184.8
1223980 2185.3
1223990 2185.3
1224000 2185.8
1224010 2185.4
1224020 2185.4
1224030 2185.6
1224040 2186.8
1224050 2186.8
1224060 2188.6
1224070 2190.6
1224080 2192.1
1224090 2192.1
1224100 2193.7
1224110 2194.5
1224120 2194.5
1224130 2193.4
1224140 2191.7
1224150 2191.7
1224160 2192.6
1224170 2196.4
1224180 2196.4
1224190 2197.3
1224200 2199.4
1224210 2199.4
1224220 2203.6
1224230 2208.0
1224240 2208.0
1224250 2212.2
1224260 2217.1
1224270 2221.9
1224280 2221.9
1224290 2230.2
1224300 2234.7
1224310 2234.7
1224320 2238.4
1224330 2242.6
1224340 2242.6
1224350 2247.7
1224360 2253.9
1224370 2253.9
1224380 2260.1
1224390 2268.5
1224400 2268.5
1224410 2276.3
1224420 2284.6
1224430 2284.6
1224440 2292.6
1224450 2297.1
1224460 2301.0
1224470 2301.0
1224480 2303.8
1224490 2304.0
1224500 2304.0
1224510 2299.7
1224520 2299.2
1224530 2299.2
1224540 2301.7
1224550 2304.2
1224560 2304.2
1224570 2307.1
1224580 2313.4
1224590 2313.4
1224600 2322.6
1224610 2331.4
1224620 2338.8
1224630 2338.8
1224640 2345.9
1224650 2352.9
1224660 2352.9
1224670 2358.7
1224680 2366.8
1224690 2366.8
1224700 2373.9
1224710 2378.5
1224720 2378.5
1224730 2381.3
1224740 2382.0
1224750 2382.0
1224760 2384.0
1224770 2390.0
1224780 2395.3
1224790 2402.5
1224800 2405.5
1224810 2406.8
1224820 2406.8
1224830 2406.3
1224840 2406.3
1224850 2406.3
1224860 2406.1
1224870 2405.8
1224880 2405.8
1224890 2407.3
1224900 2411.5
1224910 2411.5
1224920 2418.7
1224930 2421.6
1224940 2421.6
1224950 2421.7
1224960 2422.8
1224970 2422.8
1224980 2428.3
1224990 2432.5
1225000 2434.5
1225010 2434.5
1225020 2436.3
1225030 2438.4
1225040 2438.4
1225050 2439.9
1225060 2439.6
1225070 2439.6
1225080 2438.1
1225090 2435.9
1225100 2435.9
1225110 2434.3
1225120 2434.3
1225130 2434.3
1225140 2435.0
1225150 2435.9
1225160 2435.9
1225170 2434.9
1225180 2436.7
1225190 2443.0
1225200 2443.0
1225210 2450.7
1225220 2455.4
1225230 2455.4
1225240 2461.3
1225250 2466.5
1225260 2469.9
1225270 2475.6
1225280 2478.9
1225290 2478.9
1225300 2481.0
1225310 2483.1
1225320 2483.1
1225330 2485.9
1225340 2490.0
1225350 2490.0
1225360 2494.3
1225370 2499.8
1225380 2504.8
1225390 2504.8
1225400 2509.4
1225410 2513.2
1225420 2513.2
1225430 2516.4
1225440 2520.0
1225450 2520.0
1225460 2523.0
1225470 2526.1
1225480 2526.1
1225490 2529.5
1225500 2532.9
1225510 2532.9
1225520 2534.8
1225530 2535.7
1225540 2537.7
1225550 2537.7
1225560 2541.7
1225570 2544.7
1225580 2544.7
1225590 2546.0
1225600 2548.7
1225610 2548.7
1225620 2552.0
1225630 2556.5
1225640 2556.5
1225650 2560.9
1225660 2566.0
1225670 2566.0
1225680 2572.4
1225690 2579.7
1225700 2579.7
1225710 2587.3
1225720 2594.9
1225730 2602.2
1225740 2602.2
1225750 2610.9
1225760 2616.4
1225770 2616.4
1225780 2621.0
1225790 2625.6
1225800 2625.6
1225810 2631.1
1225820 2636.9
1225830 2636.9
1225840 2642.2
1225850 2648.0
1225860 2648.0
1225870 2652.9
1225880 2655.7
1225890 2655.7
1225900 2658.1
1225910 2659.9
1225920 2662.3
1225930 2662.3
1225940 2665.5
1225950 2668.5
1225960 2668.5
1225970 2672.1
1225980 2675.9
1225990 2675.9
1226000 2679.4
1226010 2682.6
1226020 2682.6
1226030 2686.3
1226040 2689.4
1226050 2689.4
1226060 2693.0
1226070 2697.5
1226080 2697.5
1226090 2702.5
1226100 2707.6
1226110 2713.0
1226120 2713.0
1226130 2719.4
1226140 2726.0
1226150 2726.0
1226160 2732.6
1226170 2739.5
1226180 2739.5
1226190 2746.9
1226200 2754.4
1226210 2754.4
1226220 2761.2
1226230 2766.6
1226240 2768.4
1226250 2773.8
1226260 2778.7
1226270 2778.7
1226280 2783.6
1226290 2786.3
1226300 2788.9
1226310 2788.9
1226320 2791.5
1226330 2794.8
1226340 2794.8
1226350 2798.5
1226360 2803.3
1226370 2803.3
1226380 2809.0
1226390 2814.6
1226400 2814.6
1226410 2821.2
1226420 2826.8
1226430 2826.8
1226440 2832.1
1226450 2836.4
1226460 2829.2
1226470 2829.2
1226480 2817.8
1226490 2811.2
1226500 2811.2
1226510 2802.5
1226520 2796.9
1226530 2796.9
1226540 2796.8
1226550 2793.2
1226560 2793.2
1226570 2778.1
1226580 2771.8
1226590 2771.8
1226600 2763.3
1226610 2755.5
1226620 2755.5
1226630 2747.9
1226640 2737.2
1226650 2727.4
1226660 2727.4
1226670 2714.8
1226680 2708.1
1226690 2708.1
1226700 2698.5
1226710 2688.4
1226720 2688.4
1226730 2691.3
1226740 2683.4
1226750 2683.4
1226760 2673.8
1226770 2661.9
1226780 2661.9
1226790 2649.5
1226800 2640.7
1226810 2640.7
1226820 2630.7
1226830 2615.1
1226840 2598.6
1226850 2598.6
1226860 2591.1
1226870 2585.1
1226880 2585.1
1226890 2578.6
1226900 2570.9
1226910 2570.9
1226920 2560.8
1226930 2551.7
1226940 2551.7
1226950 2545.2
1226960 2541.1
1226970 2541.1
1226980 2536.8
1226990 2532.8
1227000 2532.8
1227010 2529.0
1227020 2524.7
1227030 2520.8
1227040 2520.8
1227050 2517.1
1227060 2513.0
1227070 2513.0
1227080 2508.6
1227090 2504.1
1227100 2504.1
1227110 2500.2
1227120 2496.5
1227130 2496.5
1227140 2494.0
1227150 2492.1
1227160 2492.1
1227170 2489.6
1227180 2488.9
1227190 2488.9
1227200 2491.9
1227210 2493.9
1227220 2497.1
1227230 2497.1
1227240 2498.3
1227250 2496.9
1227260 2496.9
1227270 2494.9
1227280 2491.6
1227290 2491.6
1227300 2489.3
1227310 2489.5
1227320 2489.5
1227330 2489.4
1227340 2488.2
1227350 2488.2
1227360 2488.6
1227370 2487.7
1227380 2485.3
1227390 2485.3
1227400 2483.2
1227410 2479.0
1227420 2479.0
1227430 2474.8
1227440 2468.6
1227450 2468.6
1227460 2462.4
1227470 2460.7
1227480 2460.7
1227490 2460.6
1227500 2455.6
1227510 2455.6
1227520 2447.8
1227530 2448.0
1227540 2448.0
1227550 2447.1
1227560 2442.0
1227570 2428.3
1227580 2428.3
1227590 2418.4
1227600 2412.4
1227610 2412.4
1227620 2408.3
1227630 2401.8
1227640 2401.8
1227650 2389.9
1227660 2380.8
1227670 2380.8
1227680 2374.7
1227690 2364.8
1227700 2364.8
1227710 2361.7
1227720 2356.5
1227730 2356.5
1227740 2353.2
1227750 2348.2
1227760 2342.1
1227770 2342.1
1227780 2335.8
1227790 2330.2
1227800 2330.2
1227810 2323.9
1227820 2318.9
1227830 2318.9
1227840 2317.5
1227850 2316.8
1227860 2316.8
1227870 2315.4
1227880 2315.1
1227890 2315.1
1227900 2313.6
1227910 2311.0
1227920 2311.0
1227930 2306.2
1227940 2302.2
1227950 2300.0
1227960 2300.0
1227970 2299.0
1227980 2298.2
1227990 2298.2
1228000 2297.7
1228010 2297.4
1228020 2297.4
1228030 2296.9
1228040 2296.7
1228050 2296.7
1228060 2296.8
1228070 2296.6
1228080 2296.6
1228090 2296.9
1228100 2297.3
1228110 2297.3
1228120 2297.6
1228130 2297.6
1228140 2297.4
1228150 2297.4
1228160 2297.7
1228170 2297.6
1228180 2297.6
1228190 2297.4
1228200 2297.9
1228210 2297.9
1228220 2297.9
1228230 2297.5
1228240 2297.5
1228250 2297.4
1228260 2297.0
1228270 2297.0
1228280 2296.4
1228290 2296.6
1228300 2296.6
1228310 2296.6
1228320 2296.7
1228330 2297.0
1228340 2297.0
1228350 2297.8
1228360 2298.0
1228370 2298.0
1228380 2298.6
1228390 2298.7
1228400 2298.7
1228410 2300.0
1228420 2302.4
1228430 2302.4
1228440 2305.0
1228450 2307.4
1228460 2307.4
1228470 2310.1
1228480 2313.6
1228490 2318.4
1228500 2318.4
1228510 2323.2
1228520 2328.8
1228530 2328.8
1228540 2334.9
1228550 2340.9
1228560 2340.9
1228570 2346.2
1228580 2351.8
1228590 2351.8
1228600 2358.0
1228610 2364.4
1228620 2364.4
1228630 2372.2
1228640 2379.2
1228650 2379.2
1228660 2385.5
1228670 2393.6
1228680 2403.0
1228690 2403.0
1228700 2405.4
1228710 2412.0
1228720 2412.0
1228730 2419.1
1228740 2425.5
1228750 2425.5
1228760 2430.3
1228770 2434.7
1228780 2434.7
1228790 2439.3
1228800 2443.5
1228810 2443.5
1228820 2447.8
1228830 2452.1
1228840 2452.1
1228850 2456.2
1228860 2460.8
1228870 2465.8
1228880 2465.8
1228890 2469.5
1228900 2473.8
1228910 2473.8
1228920 2478.9
1228930 2484.0
1228940 2484.0
1228950 2490.7
1228960 2497.4
1228970 2497.4
1228980 2503.3
1228990 2508.5
1229000 2508.5
1229010 2515.6
1229020 2523.6
1229030 2523.6
1229040 2530.4
1229050 2536.7
1229060 2542.9
1229070 2542.9
1229080 2548.6
1229090 2554.3
1229100 2554.3
1229110 2560.2
1229120 2565.9
1229130 2565.9
1229140 2570.2
1229150 2573.7
1229160 2573.7
1229170 2576.8
1229180 2580.9
1229190 2578.9
1229200 2583.9
1229210 2587.3
1229220 2589.3
1229230 2589.3
1229240 2591.1
1229250 2592.5
1229260 2592.5
1229270 2593.2
1229280 2592.5
1229290 2592.5
1229300 2590.8
1229310 2588.2
1229320 2588.2
1229330 2584.0
1229340 2579.3
1229350 2579.3
1229360 2570.7
1229370 2563.1
1229380 2563.1
1229390 2556.9
1229400 2546.4
1229410 2541.5
1229420 2541.5
1229430 2537.7
1229440 2534.2
1229450 2534.2
1229460 2530.5
1229470 2526.2
1229480 2526.2
1229490 2522.7
1229500 2519.9
1229510 2519.9
1229520 2517.0
1229530 2513.6
1229540 2513.6
1229550 2506.0
1229560 2494.4
1229570 2494.4
1229580 2483.3
1229590 2475.4
1229600 2472.8
1229610 2472.8
1229620 2475.3
1229630 2476.8
1229640 2476.8
1229650 2471.9
1229660 2466.7
1229670 2466.7
1229680 2468.5
1229690 2464.1
1229700 2464.1
1229710 2460.5
1229720 2457.6
1229730 2457.6
1229740 2454.6
1229750 2451.1
1229760 2451.1
1229770 2447.6
1229780 2444.8
1229790 2441.3
1229800 2441.3
1229810 2438.4
1229820 2437.3
1229830 2437.3
1229840 2437.0
1229850 2436.0
1229860 2436.0
1229870 2434.7
1229880 2434.5
1229890 2434.5
1229900 2434.7
1229910 2434.6
1229920 2434.6
1229930 2434.8
1229940 2435.2
1229950 2435.2
1229960 2435.8
1229970 2436.4
1229980 2437.1
1229990 2437.1
1230000 2437.9
1230010 2438.8
1230020 2438.8
1230030 2439.6
1230040 2440.1
1230050 2440.1
1230060 2440.3
1230070 2441.0
1230080 2441.0
1230090 2442.2
1230100 2442.8
1230110 2442.8
1230120 2442.4
1230130 2443.1
1230140 2443.9
1230150 2443.9
1230160 2444.3
1230170 2444.7
1230180 2445.1
1230190 2445.4
1230200 2445.7
1230210 2445.7
1230220 2446.1
1230230 2447.0
1230240 2447.0
1230250 2448.2
1230260 2449.3
1230270 2449.3
1230280 2450.3
1230290 2451.6
1230300 2451.6
1230310 2453.3
1230320 2455.3
1230330 2457.0
1230340 2457.0
1230350 2458.9
1230360 2461.0
1230370 2461.0
1230380 2463.3
1230390 2466.2
1230400 2466.2
1230410 2469.8
1230420 2473.7
1230430 2473.7
1230440 2477.4
1230450 2481.3
1230460 2481.3
1230470 2485.9
1230480 2491.6
1230490 2491.6
1230500 2497.4
1230510 2501.7
1230520 2506.1
1230530 2506.1
1230540 2511.7
1230550 2517.4
1230560 2517.4
1230570 2523.1
1230580 2528.8
1230590 2528.8
1230600 2533.6
1230610 2540.5
1230620 2540.5
1230630 2549.1
1230640 2558.0
1230650 2558.0
1230660 2568.2
1230670 2581.3
1230680 2566.9
1230690 2582.0
1230700 2589.5
1230710 2595.3
1230720 2595.3
1230730 2589.9
1230740 2582.1
1230750 2582.1
1230760 2586.6
1230770 2596.0
1230780 2596.0
1230790 2607.1
1230800 2614.9
1230810 2614.9
1230820 2619.1
1230830 2623.2
1230840 2623.2
1230850 2629.6
1230860 2636.4
1230870 2646.2
1230880 2646.2
1230890 2658.0
1230900 2667.8
1230910 2667.8
1230920 2674.8
1230930 2680.0
1230940 2680.0
1230950 2684.6
1230960 2690.1
1230970 2690.1
1230980 2695.6
1230990 2702.2
1231000 2702.2
1231010 2708.1
1231020 2710.5
1231030 2710.5
1231040 2717.6
1231050 2727.3
1231060 2735.0
1231070 2735.0
1231080 2741.2
1231090 2748.5
1231100 2748.5
1231110 2757.0
1231120 2762.9
1231130 2762.9
1231140 2766.9
1231150 2769.9
1231160 2769.9
1231170 2765.6
1231180 2768.0
1231190 2768.0
1231200 2772.7
1231210 2779.0
1231220 2779.0
1231230 2784.2
1231240 2788.2
1231250 2792.4
1231260 2792.4
1231270 2796.3
1231280 2799.9
1231290 2799.9
1231300 2805.2
1231310 2810.4
1231320 2810.4
1231330 2815.1
1231340 2819.8
1231350 2819.8
1231360 2824.7
1231370 2829.7
1231380 2829.7
1231390 2834.5
1231400 2839.8
1231410 2839.8
1231420 2845.0
1231430 2849.6
1231440 2853.4
1231450 2853.4
1231460 2858.8
1231470 2867.3
1231480 2867.3
1231490 2873.0
1231500 2876.3
1231510 2876.3
1231520 2879.3
1231530 2882.9
1231540 2882.9
1231550 2888.9
1231560 2895.3
1231570 2895.3
1231580 2903.0
1231590 2913.8
1231600 2913.8
1231610 2923.8
1231620 2935.9
1231630 2946.4
1231640 2946.4
1231650 2952.7
1231660 2957.3
1231670 2945.8
1231680 2953.2
1231690 2962.5
1231700 2962.5
1231710 2970.7
1231720 2981.7
1231730 2981.7
1231740 2993.5
1231750 3004.0
1231760 3004.0
1231770 3015.2
1231780 3026.5
1231790 3035.6
1231800 3035.6
1231810 3044.6
1231820 3054.7
1231830 3054.7
1231840 3067.4
1231850 3076.7
1231860 3076.7
1231870 3083.5
1231880 3090.1
1231890 3090.1
1231900 3095.7
1231910 3102.2
1231920 3102.2
1231930 3110.8
1231940 3118.9
1231950 3118.9
1231960 3125.9
1231970 3132.9
1231980 3139.2
1231990 3139.2
1232000 3143.7
1232010 3150.0
1232020 3150.0
1232030 3157.0
1232040 3162.0
1232050 3162.0
1232060 3167.3
1232070 3174.4
1232080 3174.4
1232090 3183.1
1232100 3191.6
1232110 3191.6
1232120 3199.4
1232130 3207.1
1232140 3207.1
1232150 3213.2
1232160 3219.2
1232170 3222.7
1232180 3222.7
1232190 3229.3
1232200 3235.9
1232210 3235.9
1232220 3242.6
1232230 3249.8
1232240 3249.8
1232250 3257.4
1232260 3265.3
1232270 3265.3
1232280 3272.7
1232290 3279.1
1232300 3279.1
1232310 3284.5
1232320 3290.1
1232330 3290.1
1232340 3295.9
1232350 3298.0
1232360 3291.1
1232370 3291.1
1232380 3279.5
1232390 3268.8
1232400 3268.8
1232410 3258.5
1232420 3243.6
1232430 3243.6
1232440 3233.0
1232450 3222.4
1232460 3222.4
1232470 3209.0
1232480 3190.3
1232490 3190.3
1232500 3180.9
1232510 3179.8
1232520 3179.8
1232530 3180.8
1232540 3178.1
1232550 3168.7
1232560 3168.7
1232570 3154.4
1232580 3141.5
1232590 3141.5
1232600 3123.0
1232610 3104.2
1232620 3104.2
1232630 3088.2
1232640 3082.2
1232650 3082.2
1232660 3077.7
1232670 3076.7
1232680 3076.7
1232690 3072.9
1232700 3069.4
1232710 3066.2
1232720 3066.2
1232730 3063.2
1232740 3060.4
1232750 3060.4
1232760 3057.8
1232770 3055.3
1232780 3055.3
1232790 3052.7
1232800 3050.5
1232810 3050.5
1232820 3048.6
1232830 3046.4
1232840 3046.4
1232850 3044.1
1232860 3041.7
1232870 3041.7
1232880 3039.6
1232890 3037.5
1232900 3035.5
1232910 3035.5
1232920 3033.6
1232930 3031.7
1232940 3031.7
1232950 3029.8
1232960 3028.0
1232970 3028.0
1232980 3026.4
1232990 3024.8
1233000 3024.8
1233010 3023.0
1233020 3021.2
1233030 3021.2
1233040 3019.4
1233050 3017.7
1233060 3017.7
1233070 3016.0
1233080 3014.3
1233090 3012.7
1233100 3012.7
1233110 3010.9
1233120 3009.3
1233130 3009.3
1233140 3007.5
1233150 3005.9
1233160 3005.9
1233170 3009.4
1233180 3008.4
1233190 3008.4
1233200 3007.9
1233210 3008.0
1233220 3008.0
1233230 3009.2
1233240 3008.8
1233250 3008.8
1233260 3010.9
1233270 3014.2
1233280 3012.4
1233290 3012.4
1233300 3009.8
1233310 3007.0
1233320 3007.0
1233330 3003.6
1233340 3000.1
1233350 3000.1
1233360 2995.3
1233370 2987.9
1233380 2987.9
1233390 2974.2
1233400 2958.1
1233410 2958.1
1233420 2943.9
1233430 2928.3
1233440 2928.3
1233450 2916.4
1233460 2906.3
1233470 2893.4
1233480 2893.4
1233490 2881.6
1233500 2873.8
1233510 2873.8
