1220000 3085.8
1220010 3085.8
1220020 3086.5
1220030 3087.3
1220040 3087.3
1220050 3088.1
1220060 3088.9
1220070 3089.7
1220080 3089.7
1220090 3090.4
1220100 3090.9
1220110 3090.9
1220120 3091.2
1220130 3090.8
1220140 3090.8
1220150 3090.3
1220160 3090.8
1220170 3090.8
1220180 3091.9
1220190 3093.2
1220200 3093.2
1220210 3094.4
1220220 3096.0
1220230 3097.8
1220240 3097.8
1220250 3100.1
1220260 3103.0
1220270 3103.0
1220280 3106.3
1220290 3109.7
1220300 3109.7
1220310 3113.0
1220320 3116.4
1220330 3116.4
1220340 3119.8
1220350 3123.3
1220360 3123.3
1220370 3126.7
1220380 3130.3
1220390 3130.3
1220400 3133.9
1220410 3137.5
1220420 3145.6
1220430 3145.6
1220440 3149.4
1220450 3153.5
1220460 3153.5
1220470 3157.9
1220480 3162.5
1220490 3162.5
1220500 3168.4
1220510 3176.2
1220520 3176.2
1220530 3182.5
1220540 3188.8
1220550 3188.8
1220560 3195.5
1220570 3202.4
1220580 3202.4
1220590 3207.7
1220600 3200.8
1220610 3190.1
1220620 3190.1
1220630 3179.5
1220640 3168.2
1220650 3168.2
1220660 3158.6
1220670 3144.0
1220680 3144.0
1220690 3128.8
1220700 3116.7
1220710 3116.7
1220720 3108.0
1220730 3102.6
1220740 3102.6
1220750 3096.0
1220760 3087.5
1220770 3087.5
1220780 3078.9
1220790 3072.6
1220800 3068.4
1220810 3068.4
1220820 3064.0
1220830 3060.7
1220840 3060.7
1220850 3058.0
1220860 3056.5
1220870 3056.5
1220880 3056.7
1220890 3058.0
1220900 3055.2
1220910 3057.5
1220920 3061.0
1220930 3061.0
1220940 3064.6
1220950 3068.1
1220960 3068.7
1220970 3068.7
1220980 3068.0
1220990 3067.7
1221000 3067.7
1221010 3068.2
1221020 3063.5
1221030 3063.5
1221040 3056.1
1221050 3049.7
1221060 3049.7
1221070 3045.9
1221080 3042.4
1221090 3042.4
1221100 3038.8
1221110 3034.8
1221120 3034.8
1221130 3030.6
1221140 3027.4
1221150 3025.5
1221160 3025.5
1221170 3024.3
1221180 3022.5
1221190 3022.5
1221200 3020.1
1221210 3016.4
1221220 3016.4
1221230 3011.3
1221240 3005.5
1221250 3005.5
1221260 2999.6
1221270 2994.1
1221280 2994.1
1221290 2988.5
1221300 2981.7
1221310 2981.7
1221320 2974.8
1221330 2968.0
1221340 2961.4
1221350 2961.4
1221360 2954.8
1221370 2947.0
1221380 2947.0
1221390 2940.1
1221400 2933.1
1221410 2933.1
1221420 2926.9
1221430 2917.8
1221440 2917.8
1221450 2908.1
1221460 2895.2
1221470 2895.2
1221480 2880.6
1221490 2867.7
1221500 2867.7
1221510 2863.3
1221520 2861.0
1221530 2859.5
1221540 2859.5
1221550 2858.3
1221560 2857.5
1221570 2857.5
1221580 2854.8
1221590 2847.0
1221600 2847.0
1221610 2839.3
1221620 2831.4
1221630 2831.4
1221640 2822.3
1221650 2813.9
1221660 2813.9
1221670 2808.4
1221680 2803.0
1221690 2803.0
1221700 2798.0
1221710 2794.5
1221720 2791.4
1221730 2791.4
1221740 2788.9
1221750 2786.5
1221760 2786.5
1221770 2784.3
1221780 2782.0
1221790 2782.0
1221800 2780.1
1221810 2778.8
1221820 2778.8
1221830 2776.8
1221840 2775.6
1221850 2775.5
1221860 2773.7
1221870 2770.5
1221880 2765.9
1221890 2765.9
1221900 2760.9
1221910 2755.1
1221920 2755.1
1221930 2747.4
1221940 2739.5
1221950 2739.5
1221960 2733.7
1221970 2728.0
1221980 2728.0
1221990 2722.0
1222000 2716.6
1222010 2716.6
1222020 2711.0
1222030 2705.5
1222040 2705.5
1222050 2700.4
1222060 2695.6
1222070 2691.5
1222080 2691.5
1222090 2686.8
1222100 2681.8
1222110 2681.8
1222120 2676.9
1222130 2671.9
1222140 2671.9
1222150 2667.1
1222160 2661.8
1222170 2661.8
1222180 2656.0
1222190 2649.3
1222200 2649.3
1222210 2642.4
1222220 2635.2
1222230 2635.2
1222240 2628.0
1222250 2620.9
1222260 2613.9
1222270 2613.9
1222280 2607.2
1222290 2601.6
1222300 2601.6
1222310 2599.1
1222320 2597.6
1222330 2597.6
1222340 2591.4
1222350 2584.4
1222360 2584.4
1222370 2577.6
1222380 2571.7
1222390 2571.7
1222400 2566.9
1222410 2562.1
1222420 2562.1
1222430 2557.8
1222440 2553.9
1222450 2549.0
1222460 2549.0
1222470 2543.2
1222480 2536.5
1222490 2536.5
1222500 2529.4
1222510 2523.4
1222520 2523.4
1222530 2520.6
1222540 2517.5
1222550 2517.5
1222560 2512.7
1222570 2507.9
1222580 2507.9
1222590 2502.6
1222600 2495.4
1222610 2495.4
1222620 2488.4
1222630 2484.9
1222640 2481.3
1222650 2481.3
1222660 2473.6
1222670 2459.4
1222680 2459.4
1222690 2450.5
1222700 2441.5
1222710 2441.5
1222720 2428.2
1222730 2420.7
1222740 2420.7
1222750 2415.6
1222760 2408.6
1222770 2408.6
1222780 2396.5
1222790 2381.7
1222800 2365.7
1222810 2365.7
1222820 2349.9
1222830 2339.6
1222840 2339.6
1222850 2332.5
1222860 2325.5
1222870 2325.5
1222880 2318.0
1222890 2311.7
1222900 2311.7
1222910 2304.4
1222920 2293.3
1222930 2293.3
1222940 2283.3
1222950 2276.0
1222960 2276.0
1222970 2267.2
1222980 2256.5
1222990 2248.7
1223000 2248.7
1223010 2242.8
1223020 2237.8
1223030 2237.8
1223040 2234.7
1223050 2229.7
1223060 2229.7
1223070 2224.4
1223080 2223.8
1223090 2223.8
1223100 2223.4
1223110 2224.2
1223120 2224.2
1223130 2225.1
1223140 2226.0
1223150 2226.0
1223160 2227.0
1223170 2227.9
1223180 2225.6
1223190 2225.6
1223200 2224.5
1223210 2223.2
1223220 2223.2
1223230 2218.7
1223240 2215.1
1223250 2215.1
1223260 2214.7
1223270 2211.8
1223280 2211.8
1223290 2205.4
1223300 2198.8
1223310 2198.8
1223320 2187.6
1223330 2182.3
1223340 2182.3
1223350 2187.1
1223360 2199.2
1223370 2209.7
1223380 2209.7
1223390 2204.0
1223400 2201.8
1223410 2201.8
1223420 2209.9
1223430 2217.1
1223440 2217.1
1223450 2222.4
1223460 2228.1
1223470 2228.1
1223480 2233.7
1223490 2240.4
1223500 2240.4
1223510 2248.1
1223520 2256.9
1223530 2265.8
1223540 2265.8
1223550 2274.0
1223560 2283.9
1223570 2283.9
1223580 2292.0
1223590 2298.8
1223600 2298.8
1223610 2307.2
1223620 2314.3
1223630 2314.3
1223640 2322.3
1223650 2332.3
1223660 2332.3
1223670 2341.9
1223680 2353.4
1223690 2353.4
1223700 2362.6
1223710 2372.0
1223720 2381.4
1223730 2381.4
1223740 2385.6
1223750 2388.0
1223760 2388.0
1223770 2391.4
1223780 2394.4
1223790 2394.4
1223800 2396.5
1223810 2394.6
1223820 2394.6
1223830 2390.5
1223840 2387.7
1223850 2387.7
1223860 2384.8
1223870 2378.8
1223880 2378.8
1223890 2370.9
1223900 2366.7
1223910 2362.9
1223920 2362.9
1223930 2351.5
1223940 2343.2
1223950 2343.2
1223960 2337.2
1223970 2334.8
1223980 2334.8
1223990 2334.2
1224000 2332.6
1224010 2332.6
1224020 2333.4
1224030 2335.2
1224040 2335.2
1224050 2336.7
1224060 2337.2
1224070 2337.2
1224080 2337.5
1224090 2339.4
1224100 2344.1
1224110 2344.1
1224120 2349.2
1224130 2352.1
1224140 2352.1
1224150 2350.8
1224160 2349.9
1224170 2349.9
1224180 2350.3
1224190 2350.6
1224200 2350.6
1224210 2353.4
1224220 2357.8
1224230 2357.8
1224240 2364.5
1224250 2373.0
1224260 2373.0
1224270 2382.8
1224280 2391.3
1224290 2403.0
1224300 2403.0
1224310 2416.6
1224320 2419.0
1224330 2419.0
1224340 2417.3
1224350 2418.0
1224360 2418.0
1224370 2419.5
1224380 2422.0
1224390 2422.0
1224400 2425.3
1224410 2429.9
1224420 2429.9
1224430 2433.9
1224440 2438.0
1224450 2442.7
1224460 2442.7
1224470 2444.2
1224480 2445.1
1224490 2445.1
1224500 2447.5
1224510 2451.4
1224520 2451.4
1224530 2458.8
1224540 2466.8
1224550 2466.8
1224560 2471.6
1224570 2470.5
1224580 2470.5
1224590 2471.2
1224600 2474.7
1224610 2474.7
1224620 2479.2
1224630 2484.9
1224640 2491.5
1224650 2491.5
1224660 2498.3
1224670 2504.4
1224680 2504.4
1224690 2509.9
1224700 2516.5
1224710 2516.5
1224720 2523.0
1224730 2528.8
1224740 2528.8
1224750 2538.1
1224760 2546.0
1224770 2546.0
1224780 2551.5
1224790 2558.8
1224800 2558.8
1224810 2565.6
1224820 2572.0
1224830 2577.1
1224840 2577.1
1224850 2581.4
1224860 2583.0
1224870 2583.0
1224880 2584.0
1224890 2585.6
1224900 2585.6
1224910 2587.3
1224920 2589.0
1224930 2589.0
1224940 2591.1
1224950 2595.9
1224960 2595.9
1224970 2599.9
1224980 2600.3
1224990 2600.3
1225000 2595.5
1225010 2590.0
1225020 2586.4
1225030 2586.4
1225040 2583.7
1225050 2582.0
1225060 2582.0
1225070 2581.3
1225080 2582.4
1225090 2582.4
1225100 2586.3
1225110 2593.5
1225120 2593.5
1225130 2601.9
1225140 2608.7
1225150 2608.7
1225160 2613.5
1225170 2616.5
1225180 2619.1
1225190 2619.1
1225200 2621.1
1225210 2622.4
1225220 2622.4
1225230 2621.6
1225240 2622.7
1225250 2622.7
1225260 2621.4
1225270 2622.0
1225280 2622.0
1225290 2623.1
1225300 2623.5
1225310 2623.5
1225320 2624.5
1225330 2625.9
1225340 2625.9
1225350 2627.3
1225360 2628.5
1225370 2629.5
1225380 2629.5
1225390 2630.5
1225400 2631.3
1225410 2631.3
1225420 2631.3
1225430 2633.3
1225440 2633.3
1225450 2637.3
1225460 2640.5
1225470 2640.5
1225480 2642.1
1225490 2644.6
1225500 2644.6
1225510 2646.5
1225520 2647.6
1225530 2647.6
1225540 2647.5
1225550 2648.1
1225560 2649.7
1225570 2649.7
1225580 2649.4
1225590 2651.0
1225600 2651.0
1225610 2653.3
1225620 2654.4
1225630 2654.4
1225640 2654.5
1225650 2651.4
1225660 2651.4
1225670 2649.7
1225680 2651.1
1225690 2651.1
1225700 2653.6
1225710 2656.4
1225720 2658.0
1225730 2660.8
1225740 2663.8
1225750 2667.8
1225760 2667.8
1225770 2672.4
1225780 2676.8
1225790 2676.8
1225800 2681.1
1225810 2684.8
1225820 2684.8
1225830 2687.9
1225840 2690.5
1225850 2690.5
1225860 2692.6
1225870 2695.0
1225880 2695.0
1225890 2696.8
1225900 2698.5
1225910 2698.5
1225920 2700.3
1225930 2701.9
1225940 2703.7
1225950 2703.7
1225960 2706.1
1225970 2710.1
1225980 2710.1
1225990 2714.9
1226000 2720.0
1226010 2720.0
1226020 2725.0
1226030 2729.5
1226040 2729.5
1226050 2733.2
1226060 2737.6
1226070 2737.6
1226080 2741.9
1226090 2745.9
1226100 2750.1
1226110 2750.1
1226120 2754.5
1226130 2758.8
1226140 2758.8
1226150 2763.1
1226160 2767.3
1226170 2767.3
1226180 2773.3
1226190 2782.4
1226200 2782.4
1226210 2783.6
1226220 2794.7
1226230 2794.7
1226240 2803.9
1226250 2816.4
1226260 2816.4
1226270 2829.1
1226280 2842.0
1226290 2850.9
1226300 2850.9
1226310 2858.8
1226320 2868.1
1226330 2868.1
1226340 2877.4
1226350 2886.3
1226360 2886.3
1226370 2894.9
1226380 2902.5
1226390 2902.5
1226400 2909.3
1226410 2915.9
1226420 2915.9
1226430 2922.2
1226440 2928.4
1226450 2928.4
1226460 2934.4
1226470 2940.4
1226480 2946.7
1226490 2946.7
1226500 2953.2
1226510 2959.9
1226520 2959.9
1226530 2966.8
1226540 2973.3
1226550 2973.3
1226560 2979.4
1226570 2985.1
1226580 2985.1
1226590 2984.0
1226600 2966.4
1226610 2966.4
1226620 2949.3
1226630 2931.9
1226640 2931.9
1226650 2915.8
1226660 2901.4
1226670 2886.7
1226680 2886.7
1226690 2874.1
1226700 2860.0
1226710 2860.0
1226720 2844.0
1226730 2833.2
1226740 2833.2
1226750 2823.9
1226760 2808.8
1226770 2808.8
1226780 2796.3
1226790 2788.5
1226800 2788.5
1226810 2780.6
1226820 2771.3
1226830 2757.1
1226840 2757.1
1226850 2749.1
1226860 2743.5
1226870 2743.5
1226880 2739.7
1226890 2736.2
1226900 2736.2
1226910 2732.5
1226920 2728.9
1226930 2728.9
1226940 2726.5
1226950 2723.6
1226960 2723.6
1226970 2719.6
1226980 2718.0
1226990 2718.0
1227000 2717.0
1227010 2715.9
1227020 2713.7
1227030 2713.7
1227040 2712.5
1227050 2711.7
1227060 2711.7
1227070 2710.7
1227080 2709.9
1227090 2709.9
1227100 2707.5
1227110 2704.1
1227120 2704.1
1227130 2698.6
1227140 2693.7
1227150 2693.7
1227160 2688.6
1227170 2683.1
1227180 2683.1
1227190 2682.4
1227200 2678.4
1227210 2675.6
1227220 2675.6
1227230 2673.9
1227240 2675.4
1227250 2675.4
1227260 2678.2
1227270 2680.6
1227280 2680.6
1227290 2682.7
1227300 2684.3
1227310 2684.3
1227320 2684.4
1227330 2684.2
1227340 2684.2
1227350 2684.6
1227360 2686.3
1227370 2686.3
1227380 2688.6
1227390 2690.0
1227400 2692.6
1227410 2692.6
1227420 2691.7
1227430 2687.1
1227440 2687.1
1227450 2683.5
1227460 2680.5
1227470 2680.5
1227480 2677.5
1227490 2673.7
1227500 2673.7
1227510 2670.4
1227520 2668.0
1227530 2668.0
1227540 2665.1
1227550 2662.1
1227560 2662.1
1227570 2658.6
1227580 2655.8
1227590 2654.1
1227600 2654.1
1227610 2653.3
1227620 2651.7
1227630 2651.7
1227640 2649.0
1227650 2646.1
1227660 2646.1
1227670 2643.1
1227680 2642.7
1227690 2642.7
1227700 2636.8
1227710 2631.0
1227720 2631.0
1227730 2626.5
1227740 2624.1
1227750 2621.4
1227760 2621.4
1227770 2618.7
1227780 2615.3
1227790 2615.3
1227800 2610.2
1227810 2604.3
1227820 2604.3
1227830 2597.5
1227840 2590.4
1227850 2590.4
1227860 2583.8
1227870 2574.5
1227880 2574.5
1227890 2567.2
1227900 2559.5
1227910 2559.5
1227920 2546.7
1227930 2529.1
1227940 2517.5
1227950 2517.5
1227960 2511.3
1227970 2502.7
1227980 2502.7
1227990 2498.3
1228000 2492.8
1228010 2492.8
1228020 2486.7
1228030 2478.9
1228040 2478.9
1228050 2467.7
1228060 2458.1
1228070 2458.1
1228080 2455.5
1228090 2456.1
1228100 2456.1
1228110 2454.3
1228120 2443.2
1228130 2435.0
1228140 2435.0
1228150 2428.8
1228160 2422.7
1228170 2422.7
1228180 2417.8
1228190 2411.9
1228200 2411.9
1228210 2407.0
1228220 2401.9
1228230 2401.9
1228240 2397.0
1228250 2392.4
1228260 2392.4
1228270 2387.5
1228280 2382.3
1228290 2382.3
1228300 2376.9
1228310 2371.5
1228320 2367.2
1228330 2367.2
1228340 2364.5
1228350 2362.2
1228360 2362.2
1228370 2360.3
1228380 2357.4
1228390 2357.4
1228400 2354.5
1228410 2352.1
1228420 2352.1
1228430 2349.4
1228440 2346.4
1228450 2346.4
1228460 2343.0
1228470 2339.4
1228480 2339.4
1228490 2335.8
1228500 2333.3
1228510 2331.3
1228520 2331.3
1228530 2330.3
1228540 2330.0
1228550 2330.0
1228560 2329.5
1228570 2328.8
1228580 2328.8
1228590 2327.8
1228600 2327.1
1228610 2327.1
1228620 2326.4
1228630 2325.8
1228640 2325.8
1228650 2325.3
1228660 2324.7
1228670 2325.3
1228680 2325.3
1228690 2324.4
1228700 2324.3
1228710 2324.3
1228720 2324.1
1228730 2324.9
1228740 2324.9
1228750 2325.5
1228760 2325.9
1228770 2325.9
1228780 2326.2
1228790 2326.7
1228800 2326.7
1228810 2327.3
1228820 2328.4
1228830 2328.4
1228840 2329.6
1228850 2331.0
1228860 2332.6
1228870 2332.6
1228880 2335.6
1228890 2338.4
1228900 2338.4
1228910 2341.7
1228920 2345.1
1228930 2345.1
1228940 2349.0
1228950 2353.7
1228960 2353.7
1228970 2359.0
1228980 2364.9
1228990 2364.9
1229000 2370.9
1229010 2377.8
1229020 2377.8
1229030 2384.6
1229040 2391.2
1229050 2397.8
1229060 2397.8
1229070 2404.5
1229080 2411.7
1229090 2411.7
1229100 2419.6
1229110 2427.1
1229120 2427.1
1229130 2434.5
1229140 2441.5
1229150 2441.5
1229160 2445.4
1229170 2452.3
1229180 2452.3
1229190 2458.4
1229200 2462.6
1229210 2462.6
1229220 2466.0
1229230 2470.1
1229240 2476.0
1229250 2476.0
1229260 2482.2
1229270 2488.2
1229280 2488.2
1229290 2496.1
1229300 2502.2
1229310 2502.2
1229320 2508.5
1229330 2516.4
1229340 2516.4
1229350 2523.3
1229360 2528.9
1229370 2528.9
1229380 2533.2
1229390 2537.7
1229400 2542.9
1229410 2542.9
1229420 2547.9
1229430 2553.3
1229440 2553.3
1229450 2558.8
1229460 2563.5
1229470 2563.5
1229480 2569.1
1229490 2574.9
1229500 2574.9
1229510 2581.0
1229520 2586.0
1229530 2586.0
1229540 2589.8
1229550 2593.2
1229560 2593.2
1229570 2596.8
1229580 2600.4
1229590 2603.2
1229600 2603.2
1229610 2606.3
1229620 2610.4
1229630 2610.4
1229640 2615.1
1229650 2620.2
1229660 2619.1
1229670 2623.8
1229680 2628.4
1229690 2628.4
1229700 2632.2
1229710 2636.6
1229720 2636.6
1229730 2642.4
1229740 2648.0
1229750 2648.0
1229760 2652.8
1229770 2655.4
1229780 2658.3
1229790 2658.3
1229800 2660.7
1229810 2665.5
1229820 2665.5
1229830 2670.4
1229840 2674.9
1229850 2674.9
1229860 2679.2
1229870 2682.7
1229880 2682.7
1229890 2685.4
1229900 2685.6
1229910 2685.6
1229920 2684.3
1229930 2683.8
1229940 2683.8
1229950 2685.2
1229960 2687.6
1229970 2688.2
1229980 2688.2
1229990 2687.1
1230000 2684.8
1230010 2684.8
1230020 2680.7
1230030 2675.9
1230040 2675.9
1230050 2669.2
1230060 2659.0
1230070 2659.0
1230080 2642.7
1230090 2627.5
1230100 2627.5
1230110 2622.4
1230120 2623.2
1230130 2623.2
1230140 2620.3
1230150 2617.9
1230160 2620.6
1230170 2620.6
1230180 2621.4
1230190 2620.2
1230200 2620.2
1230210 2619.4
1230220 2617.5
1230230 2617.5
1230240 2615.8
1230250 2613.9
1230260 2613.9
1230270 2611.8
1230280 2609.3
1230290 2609.3
1230300 2606.1
1230310 2603.4
1230320 2601.5
1230330 2601.5
1230340 2600.0
1230350 2598.2
1230360 2598.2
1230370 2596.2
1230380 2593.4
1230390 2593.4
1230400 2590.4
1230410 2586.8
1230420 2586.8
1230430 2582.1
1230440 2577.4
1230450 2577.4
1230460 2574.4
1230470 2570.4
1230480 2570.4
1230490 2566.1
1230500 2562.8
1230510 2559.5
1230520 2559.5
1230530 2555.6
1230540 2552.2
1230550 2552.2
1230560 2549.4
1230570 2545.6
1230580 2545.6
1230590 2540.9
1230600 2537.4
1230610 2537.4
1230620 2539.2
1230630 2541.7
1230640 2541.7
1230650 2546.7
1230660 2547.1
1230670 2547.1
1230680 2546.6
1230690 2546.2
1230700 2544.9
1230710 2544.9
1230720 2541.3
1230730 2535.9
1230740 2535.9
1230750 2531.8
1230760 2529.4
1230770 2529.4
1230780 2526.8
1230790 2524.0
1230800 2524.0
1230810 2521.6
1230820 2519.7
1230830 2519.7
1230840 2518.7
1230850 2518.0
1230860 2518.0
1230870 2516.7
1230880 2514.7
1230890 2514.8
1230900 2514.8
1230910 2517.1
1230920 2517.7
1230930 2517.7
1230940 2518.3
1230950 2519.4
1230960 2519.4
1230970 2521.2
1230980 2522.4
1230990 2522.4
1231000 2523.6
1231010 2526.7
1231020 2526.7
1231030 2527.8
1231040 2527.4
1231050 2527.8
1231060 2527.8
1231070 2529.0
1231080 2530.2
1231090 2530.2
1231100 2531.6
1231110 2533.1
1231120 2533.1
1231130 2535.1
1231140 2537.8
1231150 2538.9
1231160 2540.8
1231170 2543.5
1231180 2543.5
1231190 2546.3
1231200 2550.5
1231210 2550.5
1231220 2554.9
1231230 2559.0
1231240 2563.9
1231250 2563.9
1231260 2569.8
1231270 2575.3
1231280 2575.3
1231290 2579.9
1231300 2584.5
1231310 2584.5
1231320 2589.9
1231330 2595.5
1231340 2595.5
1231350 2600.6
1231360 2605.8
1231370 2605.8
1231380 2611.1
1231390 2616.4
1231400 2616.4
1231410 2621.4
1231420 2627.2
1231430 2632.8
1231440 2632.8
1231450 2637.0
1231460 2641.5
1231470 2641.5
1231480 2646.1
1231490 2651.5
1231500 2651.5
1231510 2657.5
1231520 2662.7
1231530 2662.7
1231540 2668.2
1231550 2675.6
1231560 2675.6
1231570 2682.7
1231580 2688.5
1231590 2688.5
1231600 2692.2
1231610 2696.8
1231620 2701.9
1231630 2701.9
1231640 2704.0
1231650 2708.4
1231660 2708.4
1231670 2712.0
1231680 2714.8
1231690 2714.8
1231700 2717.3
1231710 2720.3
1231720 2720.3
1231730 2723.8
1231740 2727.5
1231750 2727.5
1231760 2733.3
1231770 2741.8
1231780 2748.3
1231790 2748.3
1231800 2751.0
1231810 2759.8
1231820 2759.8
1231830 2768.3
1231840 2773.0
1231850 2773.0
1231860 2776.6
1231870 2785.4
1231880 2785.4
1231890 2791.3
1231900 2795.4
1231910 2795.4
1231920 2799.4
1231930 2804.0
1231940 2804.0
1231950 2808.6
1231960 2813.6
1231970 2818.6
1231980 2818.6
1231990 2824.5
1232000 2829.5
1232010 2829.5
1232020 2833.9
1232030 2838.6
1232040 2838.6
1232050 2841.9
1232060 2843.6
1232070 2843.6
1232080 2844.8
1232090 2845.3
1232100 2845.3
1232110 2845.6
1232120 2846.1
1232130 2846.1
1232140 2840.6
1232150 2843.1
1232160 2844.8
1232170 2844.8
1232180 2846.3
1232190 2849.3
1232200 2849.3
1232210 2851.2
1232220 2853.6
1232230 2853.6
1232240 2855.7
1232250 2859.1
1232260 2859.1
1232270 2861.9
1232280 2862.7
1232290 2862.7
1232300 2863.8
1232310 2864.9
1232320 2864.9
1232330 2865.9
1232340 2867.0
1232350 2868.1
1232360 2868.1
1232370 2870.4
1232380 2873.4
1232390 2873.4
1232400 2876.5
1232410 2881.0
1232420 2881.0
1232430 2892.4
1232440 2905.3
1232450 2905.3
1232460 2914.4
1232470 2920.9
1232480 2920.9
1232490 2925.6
1232500 2928.3
1232510 2928.3
1232520 2930.2
1232530 2931.9
1232540 2934.9
1232550 2934.9
1232560 2938.2
1232570 2942.9
1232580 2942.9
1232590 2947.7
1232600 2953.8
1232610 2953.8
1232620 2958.6
1232630 2963.7
1232640 2963.7
1232650 2955.1
1232660 2960.5
1232670 2960.5
1232680 2966.7
1232690 2972.0
1232700 2976.6
1232710 2976.6
1232720 2979.7
1232730 2983.2
1232740 2983.2
1232750 2984.8
1232760 2987.7
1232770 2987.7
1232780 2989.1
1232790 2991.1
1232800 2991.1
1232810 2994.6
1232820 2999.3
1232830 2999.3
1232840 3003.9
1232850 3009.0
1232860 3009.0
1232870 3015.1
1232880 3020.9
1232890 3027.6
1232900 3027.6
1232910 3034.4
1232920 3041.5
1232930 3041.5
1232940 3050.4
1232950 3060.1
1232960 3060.1
1232970 3069.0
1232980 3078.2
1232990 3078.2
1233000 3086.7
1233010 3094.6
1233020 3094.6
1233030 3101.4
1233040 3107.7
1233050 3107.7
1233060 3111.8
1233070 3116.7
1233080 3121.4
1233090 3121.4
1233100 3127.2
1233110 3133.2
1233120 3133.2
1233130 3138.9
1233140 3142.3
1233150 3144.9
1233160 3145.9
1233170 3140.3
1233180 3140.3
1233190 3133.0
1233200 3123.9
1233210 3123.9
1233220 3117.5
1233230 3108.7
1233240 3108.7
1233250 3099.5
1233260 3088.6
1233270 3077.4
1233280 3077.4
1233290 3066.8
1233300 3052.9
1233310 3052.9
1233320 3041.1
1233330 3031.7
1233340 3031.7
1233350 3013.5
1233360 2998.8
1233370 2998.8
1233380 2991.1
1233390 2977.9
1233400 2977.9
1233410 2962.5
1233420 2944.1
1233430 2925.4
1233440 2925.4
1233450 2914.6
1233460 2907.4
1233470 2907.4
1233480 2900.4
1233490 2892.5
1233500 2892.5
1233510 2884.0
1233520 2876.0
1233530 2876.0
1233540 2869.5
1233550 2863.6
1233560 2863.6
1233570 2858.6
1233580 2854.5
1233590 2854.5
1233600 2851.0
1233610 2847.0
1233620 2843.0
1233630 2843.0
1233640 2840.6
1233650 2840.7
1233660 2840.7
1233670 2839.2
1233680 2838.2
1233690 2838.2
1233700 2837.3
1233710 2836.1
1233720 2836.1
1233730 2835.0
1233740 2834.2
1233750 2834.2
1233760 2833.8
1233770 2832.8
1233780 2832.8
1233790 2830.5
1233800 2827.4
1233810 2826.1
1233820 2826.1
1233830 2821.3
1233840 2817.7
1233850 2817.7
1233860 2814.9
1233870 2810.1
1233880 2810.1
1233890 2805.8
1233900 2802.4
1233910 2802.4
1233920 2798.9
