1220000 3300.7
1220010 3304.4
1220020 3309.9
1220030 3309.9
1220040 3317.7
1220050 3326.4
1220060 3326.4
1220070 3334.2
1220080 3342.1
1220090 3349.8
1220100 3349.8
1220110 3356.9
1220120 3363.4
1220130 3363.4
1220140 3369.1
1220150 3374.2
1220160 3374.2
1220170 3377.8
1220180 3381.9
1220190 3381.9
1220200 3387.0
1220210 3379.1
1220220 3379.1
1220230 3362.4
1220240 3347.7
1220250 3347.7
1220260 3352.0
1220270 3359.9
1220280 3367.6
1220290 3367.6
1220300 3375.7
1220310 3382.3
1220320 3382.3
1220330 3381.2
1220340 3374.8
1220350 3374.8
1220360 3388.2
1220370 3404.4
1220380 3404.4
1220390 3416.3
1220400 3423.3
1220410 3423.3
1220420 3423.0
1220430 3417.7
1220440 3417.7
1220450 3418.1
1220460 3413.0
1220470 3411.8
1220480 3411.8
1220490 3413.6
1220500 3409.3
1220510 3409.3
1220520 3395.6
1220530 3381.5
1220540 3381.5
1220550 3364.3
1220560 3344.6
1220570 3344.6
1220580 3330.0
1220590 3315.9
1220600 3315.9
1220610 3306.6
1220620 3298.8
1220630 3290.2
1220640 3290.2
1220650 3282.1
1220660 3274.9
1220670 3274.9
1220680 3268.4
1220690 3263.2
1220700 3263.2
1220710 3258.5
1220720 3253.6
1220730 3253.6
1220740 3249.3
1220750 3245.2
1220760 3245.2
1220770 3242.6
1220780 3241.2
1220790 3241.2
1220800 3240.9
1220810 3241.3
1220820 3241.7
1220830 3241.7
1220840 3241.8
1220850 3242.1
1220860 3242.1
1220870 3242.4
1220880 3242.8
1220890 3242.8
1220900 3243.2
1220910 3243.6
1220920 3243.6
1220930 3244.0
1220940 3242.5
1220950 3242.5
1220960 3242.9
1220970 3243.3
1220980 3243.3
1220990 3243.7
1221000 3244.3
1221010 3245.2
1221020 3245.2
1221030 3246.3
1221040 3248.0
1221050 3248.0
1221060 3250.8
1221070 3255.0
1221080 3255.0
1221090 3260.0
1221100 3265.2
1221110 3265.2
1221120 3270.6
1221130 3273.1
1221140 3273.1
1221150 3272.9
1221160 3271.6
1221170 3271.6
1221180 3271.7
1221190 3272.7
1221200 3276.8
1221210 3276.8
1221220 3274.9
1221230 3269.5
1221240 3269.5
1221250 3263.5
1221260 3255.1
1221270 3255.1
1221280 3243.5
1221290 3228.2
1221300 3228.2
1221310 3216.1
1221320 3201.0
1221330 3201.0
1221340 3185.5
1221350 3175.7
1221360 3175.7
1221370 3169.2
1221380 3163.7
1221390 3157.5
1221400 3157.5
1221410 3150.9
1221420 3142.6
1221430 3142.6
1221440 3136.5
1221450 3132.7
1221460 3132.7
1221470 3128.4
1221480 3123.5
1221490 3123.5
1221500 3118.5
1221510 3113.9
1221520 3113.9
1221530 3110.9
1221540 3107.2
1221550 3104.4
1221560 3104.4
1221570 3103.3
1221580 3103.3
1221590 3103.3
1221600 3106.0
1221610 3108.2
1221620 3108.2
1221630 3108.1
1221640 3107.6
1221650 3107.6
1221660 3109.3
1221670 3106.3
1221680 3106.3
1221690 3105.1
1221700 3102.6
1221710 3102.6
1221720 3097.8
1221730 3095.2
1221740 3094.4
1221750 3094.4
1221760 3089.5
1221770 3087.3
1221780 3087.3
1221790 3087.2
1221800 3087.3
1221810 3087.3
1221820 3085.2
1221830 3079.7
1221840 3079.7
1221850 3073.9
1221860 3069.3
1221870 3069.3
1221880 3066.0
1221890 3060.5
1221900 3054.2
1221910 3046.5
1221920 3040.4
1221930 3035.7
1221940 3035.7
1221950 3032.5
1221960 3030.9
1221970 3030.9
1221980 3028.7
1221990 3022.8
1222000 3022.8
1222010 3018.9
1222020 3015.2
1222030 3015.2
1222040 3010.1
1222050 3005.7
1222060 3005.7
1222070 3004.1
1222080 3002.5
1222090 3002.5
1222100 2997.5
1222110 2987.6
1222120 2978.6
1222130 2978.6
1222140 2971.8
1222150 2967.0
1222160 2967.0
1222170 2961.9
1222180 2954.6
1222190 2954.6
1222200 2948.7
1222210 2942.9
1222220 2942.9
1222230 2936.0
1222240 2927.8
1222250 2927.8
1222260 2920.9
1222270 2916.3
1222280 2916.3
1222290 2912.6
1222300 2909.0
1222310 2905.1
1222320 2905.1
1222330 2900.5
1222340 2894.8
1222350 2894.8
1222360 2889.2
1222370 2883.5
1222380 2880.2
1222390 2875.1
1222400 2870.2
1222410 2870.2
1222420 2865.2
1222430 2859.7
1222440 2859.7
1222450 2853.6
1222460 2847.2
1222470 2847.2
1222480 2841.3
1222490 2835.5
1222500 2829.9
1222510 2829.9
1222520 2824.1
1222530 2818.2
1222540 2818.2
1222550 2813.2
1222560 2807.9
1222570 2807.9
1222580 2803.2
1222590 2796.9
1222600 2796.9
1222610 2789.1
1222620 2783.8
1222630 2783.8
1222640 2779.4
1222650 2774.2
1222660 2770.9
1222670 2770.9
1222680 2766.4
1222690 2762.4
1222700 2762.4
1222710 2758.9
1222720 2752.2
1222730 2752.2
1222740 2745.4
1222750 2740.6
1222760 2740.6
1222770 2736.8
1222780 2732.6
1222790 2732.6
1222800 2728.2
1222810 2723.6
1222820 2723.6
1222830 2717.2
1222840 2709.9
1222850 2703.7
1222860 2700.0
1222870 2695.0
1222880 2688.3
1222890 2688.3
1222900 2682.1
1222910 2676.9
1222920 2676.9
1222930 2672.3
1222940 2668.4
1222950 2668.4
1222960 2664.1
1222970 2659.3
1222980 2659.3
1222990 2654.9
1223000 2650.5
1223010 2650.5
1223020 2645.5
1223030 2641.6
1223040 2637.3
1223050 2637.3
1223060 2633.7
1223070 2632.5
1223080 2632.5
1223090 2628.6
1223100 2623.6
1223110 2623.6
1223120 2617.8
1223130 2610.5
1223140 2610.5
1223150 2603.8
1223160 2601.0
1223170 2601.0
1223180 2599.5
1223190 2595.5
1223200 2595.5
1223210 2590.3
1223220 2583.9
1223230 2575.4
1223240 2575.4
1223250 2569.5
1223260 2562.2
1223270 2562.2
1223280 2554.3
1223290 2549.8
1223300 2549.8
1223310 2545.2
1223320 2540.0
1223330 2540.0
1223340 2533.1
1223350 2526.2
1223360 2526.2
1223370 2519.2
1223380 2512.8
1223390 2512.8
1223400 2506.6
1223410 2501.2
1223420 2496.4
1223430 2496.4
1223440 2490.6
1223450 2484.5
1223460 2484.5
1223470 2479.6
1223480 2471.8
1223490 2471.8
1223500 2461.4
1223510 2452.7
1223520 2452.7
1223530 2443.1
1223540 2428.6
1223550 2428.6
1223560 2419.2
1223570 2412.8
1223580 2412.8
1223590 2406.3
1223600 2396.6
1223610 2388.3
1223620 2388.3
1223630 2383.8
1223640 2376.7
1223650 2376.7
1223660 2371.1
1223670 2368.2
1223680 2368.2
1223690 2365.5
1223700 2363.1
1223710 2363.1
1223720 2361.7
1223730 2360.7
1223740 2360.7
1223750 2359.8
1223760 2358.0
1223770 2354.8
1223780 2354.8
1223790 2349.6
1223800 2341.1
1223810 2341.1
1223820 2335.9
1223830 2333.0
1223840 2333.0
1223850 2329.4
1223860 2320.6
1223870 2320.6
1223880 2308.0
1223890 2298.2
1223900 2298.2
1223910 2290.8
1223920 2283.6
1223930 2283.6
1223940 2277.5
1223950 2273.4
1223960 2272.4
1223970 2272.4
1223980 2271.5
1223990 2272.1
1224000 2272.1
1224010 2272.7
1224020 2269.5
1224030 2269.5
1224040 2258.1
1224050 2251.2
1224060 2251.2
1224070 2248.2
1224080 2247.0
1224090 2247.0
1224100 2240.8
1224110 2235.2
1224120 2235.2
1224130 2233.6
1224140 2229.8
1224150 2222.9
1224160 2222.9
1224170 2214.8
1224180 2209.9
1224190 2209.9
1224200 2207.6
1224210 2205.4
1224220 2205.4
1224230 2203.9
1224240 2203.0
1224250 2203.0
1224260 2197.7
1224270 2187.8
1224280 2187.8
1224290 2179.4
1224300 2170.4
1224310 2162.0
1224320 2152.2
1224330 2146.3
1224340 2140.5
1224350 2140.5
1224360 2133.9
1224370 2126.5
1224380 2126.5
1224390 2116.1
1224400 2107.0
1224410 2107.0
1224420 2100.2
1224430 2094.7
1224440 2094.7
1224450 2089.5
1224460 2084.4
1224470 2084.4
1224480 2077.0
1224490 2074.1
1224500 2074.1
1224510 2076.8
1224520 2084.1
1224530 2091.7
1224540 2091.7
1224550 2096.6
1224560 2101.4
1224570 2101.4
1224580 2112.0
1224590 2118.1
1224600 2118.1
1224610 2118.0
1224620 2119.6
1224630 2119.6
1224640 2124.0
1224650 2129.7
1224660 2129.7
1224670 2133.6
1224680 2137.7
1224690 2137.7
1224700 2142.3
1224710 2147.0
1224720 2152.3
1224730 2152.3
1224740 2157.7
1224750 2162.5
1224760 2162.5
1224770 2165.7
1224780 2168.6
1224790 2168.6
1224800 2173.4
1224810 2179.0
1224820 2179.0
1224830 2185.3
1224840 2192.7
1224850 2192.7
1224860 2198.5
1224870 2201.4
1224880 2204.4
1224890 2204.4
1224900 2207.9
1224910 2211.8
1224920 2211.8
1224930 2211.8
1224940 2211.2
1224950 2211.2
1224960 2211.1
1224970 2211.2
1224980 2211.2
1224990 2211.8
1225000 2213.3
1225010 2213.3
1225020 2215.2
1225030 2217.1
1225040 2217.1
1225050 2218.3
1225060 2221.1
1225070 2224.4
1225080 2224.4
1225090 2226.2
1225100 2227.7
1225110 2227.7
1225120 2228.8
1225130 2229.4
1225140 2229.4
1225150 2230.3
1225160 2233.3
1225170 2233.3
1225180 2237.5
1225190 2242.7
1225200 2242.7
1225210 2248.2
1225220 2252.5
1225230 2252.5
1225240 2256.8
1225250 2261.0
1225260 2264.9
1225270 2264.9
1225280 2270.8
1225290 2275.3
1225300 2275.3
1225310 2279.1
1225320 2282.2
1225330 2282.2
1225340 2285.8
1225350 2290.7
1225360 2290.7
1225370 2295.5
1225380 2300.7
1225390 2300.7
1225400 2305.7
1225410 2310.0
1225420 2310.0
1225430 2315.8
1225440 2323.5
1225450 2332.1
1225460 2332.1
1225470 2338.9
1225480 2345.4
1225490 2345.4
1225500 2351.5
1225510 2356.8
1225520 2356.8
1225530 2364.2
1225540 2371.9
1225550 2371.9
1225560 2379.7
1225570 2387.6
1225580 2387.6
1225590 2395.0
1225600 2401.1
1225610 2401.1
1225620 2406.3
1225630 2412.1
1225640 2417.1
1225650 2417.1
1225660 2421.0
1225670 2424.6
1225680 2424.6
1225690 2427.3
1225700 2430.0
1225710 2430.0
1225720 2431.1
1225730 2430.9
1225740 2430.9
1225750 2430.1
1225760 2429.8
1225770 2435.0
1225780 2433.2
1225790 2431.9
1225800 2431.9
1225810 2430.5
1225820 2428.3
1225830 2427.5
1225840 2427.5
1225850 2423.2
1225860 2420.3
1225870 2420.3
1225880 2415.6
1225890 2408.6
1225900 2408.6
1225910 2400.6
1225920 2392.6
1225930 2392.6
1225940 2386.5
1225950 2379.9
1225960 2379.9
1225970 2373.4
1225980 2368.0
1225990 2362.0
1226000 2362.0
1226010 2358.8
1226020 2355.9
1226030 2355.9
1226040 2351.4
1226050 2346.2
1226060 2346.2
1226070 2341.9
1226080 2337.7
1226090 2337.7
1226100 2334.1
1226110 2331.4
1226120 2331.4
1226130 2328.9
1226140 2326.7
1226150 2326.7
1226160 2324.4
1226170 2321.8
1226180 2318.6
1226190 2318.6
1226200 2314.4
1226210 2310.8
1226220 2310.8
1226230 2307.9
1226240 2305.6
1226250 2305.6
1226260 2306.5
1226270 2303.2
1226280 2303.2
1226290 2299.6
1226300 2296.1
1226310 2296.1
1226320 2293.1
1226330 2290.9
1226340 2290.9
1226350 2288.7
1226360 2285.9
1226370 2282.1
1226380 2282.1
1226390 2279.0
1226400 2276.2
1226410 2276.2
1226420 2273.5
1226430 2270.6
1226440 2270.6
1226450 2268.5
1226460 2267.5
1226470 2267.5
1226480 2266.1
1226490 2265.2
1226500 2265.2
1226510 2264.5
1226520 2263.9
1226530 2263.9
1226540 2262.6
1226550 2260.8
1226560 2260.0
1226570 2260.0
1226580 2259.3
1226590 2257.8
1226600 2257.8
1226610 2255.6
1226620 2255.2
1226630 2255.2
1226640 2255.4
1226650 2255.6
1226660 2255.6
1226670 2255.8
1226680 2255.9
1226690 2255.9
1226700 2255.8
1226710 2255.8
1226720 2255.8
1226730 2256.0
1226740 2256.3
1226750 2256.8
1226760 2256.8
1226770 2256.9
1226780 2257.1
1226790 2257.1
1226800 2257.4
1226810 2259.0
1226820 2259.0
1226830 2260.9
1226840 2261.5
1226850 2261.5
1226860 2261.8
1226870 2262.1
1226880 2262.1
1226890 2262.3
1226900 2262.5
1226910 2262.5
1226920 2262.7
1226930 2262.9
1226940 2263.2
1226950 2263.2
1226960 2263.7
1226970 2264.0
1226980 2264.0
1226990 2264.4
1227000 2264.9
1227010 2264.9
1227020 2266.0
1227030 2268.0
1227040 2268.0
1227050 2270.0
1227060 2271.8
1227070 2271.8
1227080 2274.3
1227090 2277.5
1227100 2280.8
1227110 2280.8
1227120 2283.7
1227130 2285.8
1227140 2285.8
1227150 2288.1
1227160 2290.3
1227170 2290.3
1227180 2292.6
1227190 2295.0
1227200 2295.0
1227210 2298.2
1227220 2302.1
1227230 2302.1
1227240 2301.4
1227250 2304.0
1227260 2304.0
1227270 2307.6
1227280 2311.3
1227290 2315.0
1227300 2315.0
1227310 2319.7
1227320 2324.2
1227330 2324.2
1227340 2328.4
1227350 2332.5
1227360 2332.5
1227370 2336.9
1227380 2341.9
1227390 2341.9
1227400 2345.5
1227410 2347.7
1227420 2347.7
1227430 2351.0
1227440 2354.8
1227450 2354.8
1227460 2359.1
1227470 2363.5
1227480 2366.3
1227490 2366.3
1227500 2369.5
1227510 2373.5
1227520 2373.5
1227530 2377.8
1227540 2381.6
1227550 2381.6
1227560 2385.6
1227570 2389.8
1227580 2389.8
1227590 2389.7
1227600 2394.2
1227610 2394.2
1227620 2401.5
1227630 2408.2
1227640 2408.2
1227650 2414.1
1227660 2418.2
1227670 2422.5
1227680 2422.5
1227690 2427.0
1227700 2433.5
1227710 2433.5
1227720 2439.4
1227730 2435.4
1227740 2435.4
1227750 2440.1
1227760 2444.1
1227770 2444.1
1227780 2447.9
1227790 2450.2
1227800 2450.2
1227810 2451.4
1227820 2452.3
1227830 2452.3
1227840 2455.4
1227850 2462.3
1227860 2470.4
1227870 2470.4
1227880 2477.0
1227890 2482.8
1227900 2482.8
1227910 2488.1
1227920 2492.4
1227930 2492.4
1227940 2494.4
1227950 2497.4
1227960 2497.4
1227970 2499.5
1227980 2502.7
1227990 2502.7
1228000 2507.1
1228010 2512.0
1228020 2517.5
1228030 2517.5
1228040 2523.5
1228050 2530.5
1228060 2530.5
1228070 2535.8
1228080 2540.2
1228090 2540.2
1228100 2544.9
1228110 2550.0
1228120 2550.0
1228130 2554.8
1228140 2558.9
1228150 2558.9
1228160 2562.6
1228170 2565.8
1228180 2565.8
1228190 2568.0
1228200 2569.7
1228210 2572.1
1228220 2568.9
1228230 2571.3
1228240 2572.8
1228250 2572.8
1228260 2573.2
1228270 2573.0
1228280 2573.0
1228290 2572.8
1228300 2572.6
1228310 2572.6
1228320 2572.1
1228330 2571.8
1228340 2571.8
1228350 2571.6
1228360 2571.7
1228370 2571.7
1228380 2571.9
1228390 2571.7
1228400 2570.8
1228410 2570.8
1228420 2569.4
1228430 2567.2
1228440 2567.2
1228450 2564.5
1228460 2561.2
1228470 2561.2
1228480 2557.7
1228490 2554.7
1228500 2554.7
1228510 2552.1
1228520 2548.5
1228530 2548.5
1228540 2542.8
1228550 2535.0
1228560 2535.0
1228570 2526.7
1228580 2517.2
1228590 2505.6
1228600 2505.6
1228610 2486.5
1228620 2474.6
1228630 2474.6
1228640 2461.7
1228650 2449.6
1228660 2449.6
1228670 2437.9
1228680 2429.4
1228690 2429.4
1228700 2421.1
1228710 2419.3
1228720 2419.3
1228730 2413.5
1228740 2407.1
1228750 2407.1
1228760 2401.5
1228770 2396.9
1228780 2392.6
1228790 2392.6
1228800 2387.8
1228810 2384.5
1228820 2384.5
1228830 2381.8
1228840 2378.3
1228850 2378.3
1228860 2374.2
1228870 2370.5
1228880 2370.5
1228890 2366.0
1228900 2360.5
1228910 2360.5
1228920 2356.6
1228930 2352.3
1228940 2352.3
1228950 2348.8
1228960 2345.6
1228970 2342.4
1228980 2342.4
1228990 2338.6
1229000 2335.1
1229010 2335.1
1229020 2331.4
1229030 2327.2
1229040 2327.2
1229050 2325.2
1229060 2325.3
1229070 2325.3
1229080 2325.7
1229090 2327.1
1229100 2327.1
1229110 2330.1
1229120 2332.7
1229130 2334.9
1229140 2334.9
1229150 2337.3
1229160 2340.5
1229170 2340.5
1229180 2343.6
1229190 2346.8
1229200 2346.8
1229210 2349.8
1229220 2354.2
1229230 2354.2
1229240 2358.4
1229250 2362.5
1229260 2362.5
1229270 2366.2
1229280 2370.4
1229290 2370.4
1229300 2375.8
1229310 2381.8
1229320 2387.9
1229330 2387.9
1229340 2394.0
1229350 2400.2
1229360 2400.2
1229370 2406.2
1229380 2412.8
1229390 2412.8
1229400 2419.2
1229410 2425.3
1229420 2425.3
1229430 2431.2
1229440 2437.5
1229450 2437.5
1229460 2443.6
1229470 2449.1
1229480 2449.1
1229490 2452.8
1229500 2457.7
1229510 2462.5
1229520 2462.5
1229530 2467.0
1229540 2475.2
1229550 2475.2
1229560 2483.5
1229570 2490.2
1229580 2490.2
1229590 2497.5
1229600 2506.8
1229610 2506.8
1229620 2515.2
1229630 2523.1
1229640 2523.1
1229650 2531.9
1229660 2536.9
1229670 2536.9
1229680 2544.0
1229690 2549.9
1229700 2547.7
1229710 2547.7
1229720 2552.5
1229730 2559.7
1229740 2559.7
1229750 2569.9
1229760 2579.9
1229770 2579.9
1229780 2586.4
1229790 2592.8
1229800 2592.8
1229810 2599.5
1229820 2606.1
1229830 2606.1
1229840 2612.2
1229850 2618.4
1229860 2618.4
1229870 2624.9
1229880 2632.0
1229890 2639.4
1229900 2639.4
1229910 2646.5
1229920 2652.4
1229930 2652.4
1229940 2658.3
1229950 2664.2
1229960 2664.2
1229970 2670.1
1229980 2675.5
1229990 2675.5
1230000 2680.9
1230010 2686.6
1230020 2686.6
1230030 2693.8
1230040 2700.5
1230050 2700.5
1230060 2707.2
1230070 2713.6
1230080 2719.8
1230090 2719.8
1230100 2726.6
1230110 2733.1
1230120 2733.1
1230130 2738.2
1230140 2742.9
1230150 2742.9
1230160 2747.8
1230170 2752.9
1230180 2752.9
1230190 2758.2
1230200 2762.2
1230210 2762.2
1230220 2768.6
1230230 2774.7
1230240 2780.9
1230250 2780.9
1230260 2787.2
1230270 2793.8
1230280 2793.8
1230290 2800.8
1230300 2808.3
1230310 2808.3
1230320 2816.4
1230330 2826.1
1230340 2826.1
1230350 2836.3
1230360 2845.3
1230370 2845.3
1230380 2854.3
1230390 2862.5
1230400 2862.5
1230410 2871.4
1230420 2881.7
1230430 2890.1
1230440 2890.1
1230450 2899.0
1230460 2909.6
1230470 2909.6
1230480 2921.9
1230490 2934.1
1230500 2934.1
1230510 2943.7
1230520 2951.9
1230530 2951.9
1230540 2959.8
1230550 2967.3
1230560 2967.3
1230570 2975.0
1230580 2982.3
1230590 2982.3
1230600 2988.0
1230610 2979.0
1230620 2962.0
1230630 2962.0
1230640 2949.3
1230650 2931.2
1230660 2931.2
1230670 2922.4
1230680 2910.7
1230690 2910.7
1230700 2911.9
1230710 2912.5
1230720 2912.5
1230730 2913.7
1230740 2911.7
1230750 2911.7
1230760 2909.9
1230770 2904.7
1230780 2904.7
1230790 2897.2
1230800 2895.0
1230810 2893.0
1230820 2893.0
1230830 2891.2
1230840 2890.0
1230850 2890.0
1230860 2889.6
1230870 2889.3
1230880 2889.3
1230890 2889.5
1230900 2890.7
1230910 2890.7
1230920 2894.0
1230930 2898.0
1230940 2898.0
1230950 2901.1
1230960 2905.4
1230970 2905.4
1230980 2911.2
1230990 2918.1
1231000 2923.7
1231010 2923.7
1231020 2928.5
1231030 2933.3
1231040 2933.3
1231050 2938.0
1231060 2941.7
1231070 2941.7
1231080 2945.7
1231090 2949.9
1231100 2949.9
1231110 2951.8
1231120 2952.7
1231130 2952.7
1231140 2953.9
1231150 2956.1
1231160 2959.4
1231170 2959.4
1231180 2962.5
1231190 2968.1
1231200 2968.1
1231210 2962.4
1231220 2951.5
1231230 2951.5
1231240 2942.5
1231250 2933.5
1231260 2933.5
1231270 2919.9
1231280 2907.6
1231290 2907.6
1231300 2895.2
1231310 2884.9
1231320 2884.9
1231330 2878.0
1231340 2869.0
1231350 2852.9
1231360 2852.9
1231370 2834.4
1231380 2820.9
1231390 2820.9
1231400 2806.6
1231410 2795.2
1231420 2795.2
1231430 2789.7
1231440 2785.6
1231450 2785.6
1231460 2779.8
1231470 2775.0
1231480 2775.0
1231490 2769.4
1231500 2762.7
1231510 2762.7
1231520 2758.0
1231530 2754.7
1231540 2751.4
1231550 2751.4
1231560 2747.9
1231570 2745.7
1231580 2745.7
1231590 2745.6
1231600 2745.5
1231610 2745.5
1231620 2743.8
1231630 2741.3
1231640 2741.3
1231650 2738.5
1231660 2735.3
1231670 2735.3
1231680 2731.3
1231690 2730.8
1231700 2730.8
1231710 2727.3
1231720 2726.6
1231730 2726.9
1231740 2726.9
1231750 2725.3
1231760 2724.9
1231770 2724.9
1231780 2725.3
1231790 2725.4
1231800 2725.4
1231810 2724.5
1231820 2722.8
1231830 2722.8
1231840 2721.1
1231850 2718.2
1231860 2718.2
1231870 2715.1
1231880 2713.0
1231890 2713.0
1231900 2709.6
1231910 2709.2
1231920 2711.5
1231930 2711.5
1231940 2712.8
1231950 2713.6
1231960 2713.6
1231970 2715.8
1231980 2717.5
1231990 2717.5
1232000 2717.4
1232010 2716.7
1232020 2716.7
1232030 2716.4
1232040 2717.0
1232050 2717.0
1232060 2717.7
1232070 2718.1
1232080 2718.1
1232090 2719.1
1232100 2720.4
1232110 2721.7
1232120 2721.7
1232130 2723.0
1232140 2724.3
1232150 2724.3
1232160 2725.4
1232170 2726.5
1232180 2726.5
1232190 2732.3
1232200 2733.5
1232210 2733.5
1232220 2735.1
1232230 2737.0
1232240 2737.0
1232250 2739.1
1232260 2741.2
1232270 2745.1
1232280 2745.1
1232290 2753.8
1232300 2760.2
1232310 2760.2
1232320 2765.9
1232330 2771.7
1232340 2771.7
1232350 2778.2
1232360 2784.8
1232370 2784.8
1232380 2791.1
1232390 2796.9
1232400 2796.9
1232410 2801.3
1232420 2806.4
1232430 2806.4
1232440 2812.5
1232450 2818.5
1232460 2823.4
1232470 2823.4
1232480 2827.7
1232490 2829.3
1232500 2829.3
1232510 2829.9
1232520 2831.3
1232530 2831.3
1232540 2833.6
1232550 2839.1
1232560 2839.1
1232570 2844.3
1232580 2848.6
1232590 2848.6
1232600 2853.5
1232610 2857.3
1232620 2857.3
1232630 2862.7
1232640 2867.9
1232650 2874.0
1232660 2874.0
1232670 2881.9
1232680 2891.8
1232690 2889.2
1232700 2898.6
1232710 2905.8
1232720 2905.8
1232730 2898.8
1232740 2890.7
1232750 2890.7
1232760 2886.4
1232770 2882.9
1232780 2882.9
1232790 2877.3
1232800 2867.4
1232810 2867.4
1232820 2861.1
1232830 2855.2
1232840 2850.2
1232850 2850.2
1232860 2846.7
1232870 2844.7
1232880 2844.7
1232890 2844.2
1232900 2843.9
1232910 2843.9
1232920 2842.0
1232930 2838.9
1232940 2838.9
1232950 2837.6
1232960 2837.1
1232970 2837.1
1232980 2836.9
1232990 2834.4
1233000 2834.4
1233010 2827.2
1233020 2812.0
1233030 2789.6
1233040 2789.6
1233050 2778.3
1233060 2772.2
1233070 2772.2
1233080 2765.8
1233090 2756.9
1233100 2756.9
1233110 2746.4
1233120 2732.1
1233130 2732.1
1233140 2721.5
1233150 2709.7
1233160 2709.7
1233170 2700.5
1233180 2693.2
1233190 2692.1
1233200 2692.1
1233210 2686.6
1233220 2681.7
1233230 2681.7
1233240 2674.9
1233250 2668.5
1233260 2668.5
1233270 2662.9
1233280 2658.7
1233290 2658.7
1233300 2655.4
1233310 2652.1
1233320 2652.1
1233330 2648.3
1233340 2644.0
1233350 2644.0
1233360 2639.8
1233370 2634.9
1233380 2630.3
1233390 2630.3
1233400 2625.7
1233410 2620.8
1233420 2620.8
1233430 2615.5
1233440 2609.9
1233450 2609.9
1233460 2604.2
1233470 2598.5
1233480 2598.5
1233490 2592.6
1233500 2586.9
1233510 2586.9
1233520 2581.4
1233530 2576.1
1233540 2576.1
