1220000 3365.4
1220010 3365.4
1220020 3357.6
1220030 3354.5
1220040 3354.5
1220050 3353.7
1220060 3357.0
1220070 3357.0
1220080 3361.8
1220090 3368.3
1220100 3368.3
1220110 3375.8
1220120 3384.7
1220130 3384.7
1220140 3393.8
1220150 3401.6
1220160 3401.6
1220170 3407.7
1220180 3414.0
1220190 3421.6
1220200 3418.2
1220210 3425.7
1220220 3431.2
1220230 3431.2
1220240 3432.5
1220250 3413.0
1220260 3413.0
1220270 3395.6
1220280 3399.0
1220290 3399.0
1220300 3402.5
1220310 3408.8
1220320 3408.8
1220330 3416.0
1220340 3423.8
1220350 3431.7
1220360 3431.7
1220370 3438.9
1220380 3447.1
1220390 3447.1
1220400 3457.0
1220410 3464.2
1220420 3464.2
1220430 3468.4
1220440 3462.6
1220450 3462.6
1220460 3448.2
1220470 3435.8
1220480 3435.8
1220490 3426.1
1220500 3414.7
1220510 3414.7
1220520 3403.2
1220530 3390.3
1220540 3376.5
1220550 3376.5
1220560 3362.8
1220570 3351.3
1220580 3351.3
1220590 3342.5
1220600 3333.3
1220610 3333.3
1220620 3324.9
1220630 3317.7
1220640 3317.7
1220650 3310.4
1220660 3302.9
1220670 3302.9
1220680 3292.9
1220690 3285.2
1220700 3285.2
1220710 3277.3
1220720 3269.6
1220730 3263.4
1220740 3263.4
1220750 3259.3
1220760 3255.4
1220770 3255.4
1220780 3252.7
1220790 3251.9
1220800 3251.9
1220810 3251.9
1220820 3252.4
1220830 3252.4
1220840 3252.7
1220850 3253.0
1220860 3253.0
1220870 3253.2
1220880 3253.5
1220890 3253.5
1220900 3254.0
1220910 3254.6
1220920 3255.3
1220930 3255.3
1220940 3255.9
1220950 3256.5
1220960 3256.5
1220970 3257.1
1220980 3257.7
1220990 3257.7
1221000 3258.3
1221010 3259.1
1221020 3259.1
1221030 3260.0
1221040 3261.0
1221050 3261.0
1221060 3262.2
1221070 3263.5
1221080 3263.5
1221090 3265.2
1221100 3267.3
1221110 3271.1
1221120 3271.1
1221130 3276.4
1221140 3278.7
1221150 3278.7
1221160 3276.9
1221170 3278.6
1221180 3278.6
1221190 3282.3
1221200 3285.5
1221210 3285.5
1221220 3286.5
1221230 3281.2
1221240 3281.2
1221250 3270.0
1221260 3257.7
1221270 3257.7
1221280 3246.2
1221290 3234.2
1221300 3222.9
1221310 3222.9
1221320 3208.8
1221330 3192.3
1221340 3192.3
1221350 3184.6
1221360 3179.6
1221370 3179.6
1221380 3174.6
1221390 3167.7
1221400 3167.7
1221410 3159.6
1221420 3152.1
1221430 3152.1
1221440 3147.5
1221450 3144.4
1221460 3142.3
1221470 3142.3
1221480 3141.1
1221490 3138.0
1221500 3138.0
1221510 3133.8
1221520 3129.7
1221530 3129.7
1221540 3126.2
1221550 3123.8
1221560 3123.8
1221570 3122.3
1221580 3121.2
1221590 3121.2
1221600 3119.9
1221610 3118.9
1221620 3118.9
1221630 3117.7
1221640 3114.5
1221650 3115.7
1221660 3115.7
1221670 3118.4
1221680 3117.4
1221690 3117.4
1221700 3115.7
1221710 3118.7
1221720 3118.7
1221730 3120.9
1221740 3122.1
1221750 3122.1
1221760 3122.9
1221770 3122.6
1221780 3122.6
1221790 3118.4
1221800 3114.5
1221810 3114.5
1221820 3110.1
1221830 3107.0
1221840 3103.4
1221850 3103.4
1221860 3097.4
1221870 3090.0
1221880 3090.0
1221890 3085.1
1221900 3083.2
1221910 3083.2
1221920 3080.1
1221930 3076.2
1221940 3076.2
1221950 3073.5
1221960 3068.4
1221970 3068.4
1221980 3063.3
1221990 3056.5
1222000 3056.5
1222010 3053.3
1222020 3051.6
1222030 3047.6
1222040 3047.6
1222050 3040.7
1222060 3035.1
1222070 3035.1
1222080 3030.3
1222090 3025.9
1222100 3025.9
1222110 3022.6
1222120 3015.9
1222130 3015.9
1222140 3009.5
1222150 2999.9
1222160 2999.9
1222170 2989.4
1222180 2980.3
1222190 2980.3
1222200 2971.5
1222210 2962.6
1222220 2955.3
1222230 2955.3
1222240 2948.6
1222250 2942.3
1222260 2942.3
1222270 2935.6
1222280 2930.4
1222290 2930.4
1222300 2927.4
1222310 2923.8
1222320 2923.8
1222330 2920.3
1222340 2916.7
1222350 2916.7
1222360 2914.1
1222370 2907.1
1222380 2907.1
1222390 2899.7
1222400 2894.7
1222410 2890.1
1222420 2890.1
1222430 2885.0
1222440 2879.4
1222450 2879.4
1222460 2873.1
1222470 2866.3
1222480 2866.3
1222490 2859.8
1222500 2852.4
1222510 2852.4
1222520 2846.5
1222530 2841.4
1222540 2841.4
1222550 2836.9
1222560 2833.6
1222570 2830.3
1222580 2830.3
1222590 2826.6
1222600 2817.3
1222610 2817.3
1222620 2810.7
1222630 2802.3
1222640 2802.3
1222650 2798.2
1222660 2795.0
1222670 2795.0
1222680 2793.4
1222690 2791.1
1222700 2791.1
1222710 2782.3
1222720 2774.3
1222730 2774.3
1222740 2769.0
1222750 2763.5
1222760 2757.9
1222770 2757.9
1222780 2751.6
1222790 2745.9
1222800 2745.9
1222810 2741.1
1222820 2735.7
1222830 2735.7
1222840 2730.3
1222850 2724.9
1222860 2724.9
1222870 2720.0
1222880 2715.6
1222890 2715.6
1222900 2710.8
1222910 2705.8
1222920 2705.8
1222930 2700.4
1222940 2692.0
1222950 2684.4
1222960 2684.4
1222970 2679.4
1222980 2672.6
1222990 2672.6
1223000 2665.3
1223010 2659.6
1223020 2659.6
1223030 2654.7
1223040 2650.5
1223050 2650.5
1223060 2645.9
1223070 2640.6
1223080 2639.5
1223090 2633.2
1223100 2626.8
1223110 2626.8
1223120 2621.8
1223130 2617.9
1223140 2614.4
1223150 2614.4
1223160 2611.0
1223170 2607.7
1223180 2607.7
1223190 2603.9
1223200 2599.4
1223210 2599.4
1223220 2592.7
1223230 2585.4
1223240 2585.4
1223250 2578.5
1223260 2572.5
1223270 2572.5
1223280 2567.4
1223290 2561.5
1223300 2561.5
1223310 2554.9
1223320 2549.6
1223330 2545.7
1223340 2545.7
1223350 2540.8
1223360 2534.9
1223370 2534.9
1223380 2528.1
1223390 2521.1
1223400 2521.1
1223410 2514.5
1223420 2508.0
1223430 2508.0
1223440 2501.8
1223450 2495.2
1223460 2495.2
1223470 2488.9
1223480 2483.7
1223490 2483.7
1223500 2479.0
1223510 2469.1
1223520 2456.5
1223530 2456.5
1223540 2446.5
1223550 2436.7
1223560 2436.7
1223570 2427.4
1223580 2417.7
1223590 2417.7
1223600 2412.1
1223610 2407.2
1223620 2407.2
1223630 2400.1
1223640 2391.3
1223650 2391.3
1223660 2385.1
1223670 2378.4
1223680 2373.5
1223690 2373.5
1223700 2369.6
1223710 2366.7
1223720 2366.7
1223730 2364.2
1223740 2362.2
1223750 2362.2
1223760 2360.8
1223770 2359.4
1223780 2359.4
1223790 2353.9
1223800 2346.0
1223810 2346.0
1223820 2341.9
1223830 2340.0
1223840 2340.0
1223850 2336.7
1223860 2331.3
1223870 2321.2
1223880 2321.2
1223890 2314.2
1223900 2310.4
1223910 2310.4
1223920 2304.8
1223930 2293.9
1223940 2293.9
1223950 2285.6
1223960 2280.4
1223970 2280.4
1223980 2275.3
1223990 2270.6
1224000 2270.6
1224010 2266.7
1224020 2265.1
1224030 2265.1
1224040 2264.4
1224050 2261.2
1224060 2261.7
1224070 2261.7
1224080 2261.8
1224090 2259.9
1224100 2259.9
1224110 2255.7
1224120 2249.6
1224130 2249.6
1224140 2244.3
1224150 2240.5
1224160 2240.5
1224170 2234.9
1224180 2231.5
1224190 2231.5
1224200 2229.8
1224210 2225.9
1224220 2225.9
1224230 2219.4
1224240 2211.8
1224250 2206.3
1224260 2206.3
1224270 2201.8
1224280 2198.6
1224290 2198.6
1224300 2194.6
1224310 2187.0
1224320 2187.0
1224330 2180.1
1224340 2173.6
1224350 2173.6
1224360 2165.4
1224370 2157.2
1224380 2157.2
1224390 2150.5
1224400 2143.7
1224410 2143.7
1224420 2131.5
1224430 2117.4
1224440 2106.4
1224450 2106.4
1224460 2100.0
1224470 2093.9
1224480 2093.9
1224490 2089.3
1224500 2082.3
1224510 2082.3
1224520 2074.0
1224530 2072.9
1224540 2072.9
1224550 2081.0
1224560 2090.1
1224570 2090.1
1224580 2096.9
1224590 2102.8
1224600 2102.8
1224610 2110.7
1224620 2113.3
1224630 2117.4
1224640 2117.4
1224650 2124.4
1224660 2128.1
1224670 2128.1
1224680 2128.5
1224690 2131.9
1224700 2131.9
1224710 2137.6
1224720 2142.2
1224730 2142.2
1224740 2147.0
1224750 2151.5
1224760 2151.5
1224770 2155.2
1224780 2159.2
1224790 2163.4
1224800 2163.4
1224810 2168.3
1224820 2172.8
1224830 2172.8
1224840 2177.8
1224850 2182.0
1224860 2182.0
1224870 2187.0
1224880 2192.1
1224890 2192.1
1224900 2197.8
1224910 2203.9
1224920 2203.9
1224930 2207.2
1224940 2208.2
1224950 2208.2
1224960 2211.1
1224970 2212.8
1224980 2214.8
1224990 2214.8
1225000 2218.4
1225010 2219.1
1225020 2218.0
1225030 2218.6
1225040 2220.6
1225050 2220.6
1225060 2222.6
1225070 2223.2
1225080 2223.2
1225090 2224.2
1225100 2227.8
1225110 2227.8
1225120 2231.4
1225130 2234.0
1225140 2234.0
1225150 2235.9
1225160 2237.5
1225170 2238.9
1225180 2238.9
1225190 2240.5
1225200 2243.0
1225210 2243.0
1225220 2246.5
1225230 2250.7
1225240 2250.7
1225250 2255.4
1225260 2260.1
1225270 2260.1
1225280 2265.6
1225290 2270.5
1225300 2270.5
1225310 2274.9
1225320 2279.0
1225330 2279.0
1225340 2282.6
1225350 2286.3
1225360 2290.0
1225370 2290.0
1225380 2294.9
1225390 2300.9
1225400 2300.9
1225410 2306.1
1225420 2310.5
1225430 2310.5
1225440 2317.1
1225450 2326.3
1225460 2326.3
1225470 2336.1
1225480 2346.3
1225490 2346.3
1225500 2354.4
1225510 2358.9
1225520 2358.9
1225530 2364.6
1225540 2372.0
1225550 2379.8
1225560 2379.8
1225570 2385.8
1225580 2390.2
1225590 2390.2
1225600 2395.5
1225610 2400.4
1225620 2400.4
1225630 2403.6
1225640 2406.3
1225650 2406.3
1225660 2409.1
1225670 2408.7
1225680 2408.7
1225690 2406.7
1225700 2404.2
1225710 2404.2
1225720 2402.1
1225730 2400.4
1225740 2400.1
1225750 2400.1
1225760 2399.7
1225770 2397.3
1225780 2397.3
1225790 2394.9
1225800 2392.5
1225810 2392.5
1225820 2391.4
1225830 2389.8
1225840 2389.8
1225850 2387.2
1225860 2382.5
1225870 2382.5
1225880 2377.6
1225890 2372.1
1225900 2365.1
1225910 2365.1
1225920 2358.0
1225930 2352.5
1225940 2352.5
1225950 2346.8
1225960 2342.0
1225970 2342.0
1225980 2338.4
1225990 2338.8
1226000 2338.8
1226010 2335.6
1226020 2333.3
1226030 2333.3
1226040 2330.3
1226050 2327.3
1226060 2327.3
1226070 2324.9
1226080 2322.6
1226090 2320.2
1226100 2320.2
1226110 2317.7
1226120 2314.8
1226130 2314.8
1226140 2312.7
1226150 2309.8
1226160 2309.8
1226170 2306.3
1226180 2303.5
1226190 2303.5
1226200 2300.3
1226210 2296.8
1226220 2296.8
1226230 2293.9
1226240 2291.9
1226250 2291.9
1226260 2289.8
1226270 2287.3
1226280 2284.8
1226290 2284.8
1226300 2282.8
1226310 2280.7
1226320 2280.7
1226330 2279.0
1226340 2277.3
1226350 2277.3
1226360 2274.6
1226370 2271.2
1226380 2271.2
1226390 2268.7
1226400 2266.1
1226410 2266.1
1226420 2263.6
1226430 2261.3
1226440 2261.3
1226450 2260.5
1226460 2260.1
1226470 2258.9
1226480 2259.5
1226490 2257.8
1226500 2256.7
1226510 2256.7
1226520 2254.9
1226530 2253.8
1226540 2253.8
1226550 2253.7
1226560 2253.7
1226570 2253.7
1226580 2253.9
1226590 2254.2
1226600 2254.2
1226610 2254.3
1226620 2254.5
1226630 2254.5
1226640 2254.4
1226650 2254.1
1226660 2254.4
1226670 2254.4
1226680 2254.3
1226690 2254.4
1226700 2254.4
1226710 2254.8
1226720 2255.1
1226730 2255.1
1226740 2256.4
1226750 2257.8
1226760 2257.8
1226770 2259.8
1226780 2260.5
1226790 2260.5
1226800 2260.9
1226810 2261.3
1226820 2261.3
1226830 2261.8
1226840 2261.9
1226850 2262.4
1226860 2262.4
1226870 2263.3
1226880 2264.2
1226890 2264.2
1226900 2266.1
1226910 2267.6
1226920 2267.6
1226930 2269.6
1226940 2272.0
1226950 2272.0
1226960 2273.9
1226970 2272.6
1226980 2272.6
1226990 2275.0
1227000 2277.5
1227010 2279.8
1227020 2279.8
1227030 2283.3
1227040 2288.0
1227050 2288.0
1227060 2291.4
1227070 2293.7
1227080 2293.7
1227090 2295.8
1227100 2298.4
1227110 2298.4
1227120 2301.9
1227130 2305.7
1227140 2305.7
1227150 2309.2
1227160 2312.5
1227170 2312.5
1227180 2316.3
1227190 2320.3
1227200 2323.9
1227210 2323.9
1227220 2327.7
1227230 2332.5
1227240 2332.5
1227250 2337.2
1227260 2342.0
1227270 2342.0
1227280 2346.8
1227290 2351.9
1227300 2351.9
1227310 2357.8
1227320 2363.7
1227330 2363.7
1227340 2368.7
1227350 2373.4
1227360 2373.4
1227370 2377.7
1227380 2382.5
1227390 2387.2
1227400 2387.2
1227410 2392.0
1227420 2396.5
1227430 2396.5
1227440 2400.8
1227450 2405.5
1227460 2397.9
1227470 2401.8
1227480 2404.6
1227490 2404.6
1227500 2408.0
1227510 2413.6
1227520 2413.6
1227530 2420.5
1227540 2426.6
1227550 2426.6
1227560 2430.9
1227570 2433.7
1227580 2428.8
1227590 2428.8
1227600 2428.0
1227610 2427.3
1227620 2427.3
1227630 2434.2
1227640 2441.9
1227650 2441.9
1227660 2446.4
1227670 2450.6
1227680 2450.6
1227690 2455.0
1227700 2458.9
1227710 2458.9
1227720 2462.6
1227730 2466.9
1227740 2466.9
1227750 2472.1
1227760 2476.5
1227770 2479.6
1227780 2479.6
1227790 2484.6
1227800 2490.5
1227810 2490.5
1227820 2495.6
1227830 2500.0
1227840 2500.0
1227850 2504.0
1227860 2508.2
1227870 2508.2
1227880 2513.1
1227890 2516.9
1227900 2516.9
1227910 2520.6
1227920 2525.9
1227930 2530.0
1227940 2530.0
1227950 2533.3
1227960 2530.5
1227970 2530.5
1227980 2533.3
1227990 2538.7
1228000 2538.7
1228010 2543.8
1228020 2547.9
1228030 2547.9
1228040 2551.9
1228050 2555.6
1228060 2555.6
1228070 2559.5
1228080 2563.2
1228090 2563.2
1228100 2566.3
1228110 2569.3
1228120 2572.3
1228130 2572.3
1228140 2574.8
1228150 2576.9
1228160 2576.9
1228170 2578.2
1228180 2579.3
1228190 2579.3
1228200 2580.4
1228210 2581.3
1228220 2581.3
1228230 2581.9
1228240 2582.4
1228250 2582.4
1228260 2582.4
1228270 2581.8
1228280 2581.8
1228290 2581.1
1228300 2580.7
1228310 2579.8
1228320 2579.8
1228330 2578.4
1228340 2576.9
1228350 2576.9
1228360 2574.9
1228370 2571.8
1228380 2571.8
1228390 2568.0
1228400 2564.5
1228410 2564.5
1228420 2561.5
1228430 2558.1
1228440 2558.1
1228450 2554.9
1228460 2549.7
1228470 2549.7
1228480 2545.0
1228490 2539.4
1228500 2533.2
1228510 2533.2
1228520 2527.8
1228530 2521.4
1228540 2521.4
1228550 2512.1
1228560 2503.5
1228570 2503.5
1228580 2492.4
1228590 2478.7
1228600 2478.7
1228610 2465.0
1228620 2456.3
1228630 2456.3
1228640 2439.6
1228650 2422.2
1228660 2422.2
1228670 2414.7
1228680 2408.1
1228690 2401.3
1228700 2401.3
1228710 2394.8
1228720 2390.0
1228730 2390.0
1228740 2384.8
1228750 2379.7
1228760 2379.7
1228770 2374.7
1228780 2369.6
1228790 2369.6
1228800 2364.9
1228810 2360.5
1228820 2360.5
1228830 2356.7
1228840 2353.3
1228850 2353.3
1228860 2350.2
1228870 2347.9
1228880 2345.5
1228890 2345.5
1228900 2342.5
1228910 2340.1
1228920 2340.1
1228930 2337.8
1228940 2338.2
1228950 2338.2
1228960 2334.9
1228970 2331.5
1228980 2331.5
1228990 2328.2
1229000 2324.6
1229010 2324.6
1229020 2322.9
1229030 2323.2
1229040 2323.7
1229050 2323.7
1229060 2324.2
1229070 2326.3
1229080 2326.3
1229090 2329.8
1229100 2333.8
1229110 2333.8
1229120 2337.8
1229130 2342.4
1229140 2342.4
1229150 2346.6
1229160 2351.3
1229170 2351.3
1229180 2356.2
1229190 2360.8
1229200 2360.8
1229210 2366.0
1229220 2371.1
1229230 2376.2
1229240 2376.2
1229250 2381.3
1229260 2386.2
1229270 2386.2
1229280 2391.7
1229290 2397.0
1229300 2397.0
1229310 2402.6
1229320 2408.5
1229330 2408.5
1229340 2414.4
1229350 2420.2
1229360 2420.2
1229370 2426.0
1229380 2431.9
1229390 2431.9
1229400 2437.6
1229410 2444.9
1229420 2453.9
1229430 2453.9
1229440 2456.9
1229450 2463.9
1229460 2463.9
1229470 2470.3
1229480 2477.1
1229490 2477.1
1229500 2484.5
1229510 2490.5
1229520 2490.5
1229530 2496.6
1229540 2503.6
1229550 2503.6
1229560 2508.3
1229570 2512.7
1229580 2512.7
1229590 2521.4
1229600 2530.8
1229610 2539.7
1229620 2539.7
1229630 2548.3
1229640 2557.6
1229650 2557.6
1229660 2566.5
1229670 2574.0
1229680 2574.0
1229690 2579.4
1229700 2583.7
1229710 2583.7
1229720 2588.5
1229730 2594.0
1229740 2594.0
1229750 2600.0
1229760 2607.7
1229770 2607.7
1229780 2617.3
1229790 2625.3
1229800 2633.3
1229810 2633.3
1229820 2641.9
1229830 2650.7
1229840 2650.7
1229850 2657.7
1229860 2664.1
1229870 2664.1
1229880 2671.3
1229890 2678.3
1229900 2678.3
1229910 2684.9
1229920 2690.9
1229930 2685.4
1229940 2691.1
1229950 2695.8
1229960 2695.8
1229970 2700.6
1229980 2705.1
1229990 2710.0
1230000 2710.0
1230010 2715.8
1230020 2720.9
1230030 2720.9
1230040 2726.1
1230050 2730.9
1230060 2730.9
1230070 2734.8
1230080 2736.9
1230090 2736.9
1230100 2740.8
1230110 2747.2
1230120 2747.2
1230130 2754.7
1230140 2761.8
1230150 2767.8
1230160 2767.8
1230170 2772.6
1230180 2777.1
1230190 2777.1
1230200 2781.9
1230210 2787.3
1230220 2787.3
1230230 2793.0
1230240 2799.6
1230250 2799.6
1230260 2807.6
1230270 2815.0
1230280 2815.0
1230290 2824.6
1230300 2838.9
1230310 2838.9
1230320 2851.8
1230330 2863.0
1230340 2871.8
1230350 2871.8
1230360 2880.2
1230370 2887.7
1230380 2887.7
1230390 2894.4
1230400 2900.8
1230410 2900.8
1230420 2907.6
1230430 2909.5
1230440 2909.5
1230450 2915.7
1230460 2922.2
1230470 2922.2
1230480 2929.1
1230490 2936.8
1230500 2936.8
1230510 2944.7
1230520 2951.8
1230530 2958.8
1230540 2958.8
1230550 2966.4
1230560 2973.5
1230570 2973.5
1230580 2978.0
1230590 2960.2
1230600 2960.2
1230610 2941.6
1230620 2926.6
1230630 2926.6
1230640 2905.3
1230650 2892.9
1230660 2892.9
1230670 2883.3
1230680 2878.6
1230690 2878.6
1230700 2874.8
1230710 2872.6
1230720 2871.4
1230730 2871.4
1230740 2870.4
1230750 2867.7
1230760 2867.7
1230770 2862.2
1230780 2860.0
1230790 2860.0
1230800 2858.1
1230810 2856.2
1230820 2856.2
1230830 2856.1
1230840 2857.3
1230850 2857.3
1230860 2857.4
1230870 2857.4
1230880 2857.4
1230890 2857.6
1230900 2858.3
1230910 2860.2
1230920 2865.2
1230930 2868.2
1230940 2871.4
1230950 2871.4
1230960 2875.1
1230970 2878.4
1230980 2878.4
1230990 2881.5
1231000 2886.2
1231010 2886.2
1231020 2892.9
1231030 2900.7
1231040 2900.7
1231050 2905.9
1231060 2911.2
1231070 2916.7
1231080 2916.7
1231090 2922.5
1231100 2928.4
1231110 2928.4
1231120 2932.7
1231130 2934.8
1231140 2934.8
1231150 2936.6
1231160 2938.7
1231170 2938.7
1231180 2941.8
1231190 2944.3
1231200 2944.3
1231210 2941.4
1231220 2934.3
1231230 2934.3
1231240 2927.0
1231250 2917.7
1231260 2906.5
1231270 2906.5
1231280 2896.3
1231290 2889.3
1231300 2889.3
1231310 2878.7
1231320 2862.3
1231330 2862.3
1231340 2849.5
1231350 2839.4
1231360 2839.4
1231370 2816.6
1231380 2802.4
1231390 2802.4
1231400 2794.2
1231410 2787.9
1231420 2790.5
1231430 2783.8
1231440 2777.5
1231450 2771.4
1231460 2771.4
1231470 2764.4
1231480 2758.3
1231490 2758.3
1231500 2749.5
1231510 2738.7
1231520 2738.7
1231530 2735.1
1231540 2731.1
1231550 2731.1
1231560 2728.8
1231570 2728.0
1231580 2728.0
1231590 2724.7
1231600 2722.7
1231610 2722.7
1231620 2722.4
1231630 2720.9
1231640 2718.6
1231650 2718.6
1231660 2716.0
1231670 2713.9
1231680 2713.9
1231690 2710.4
1231700 2705.6
1231710 2705.6
1231720 2700.9
1231730 2697.9
1231740 2697.9
1231750 2696.9
1231760 2695.8
1231770 2695.8
1231780 2694.0
1231790 2692.6
1231800 2692.6
1231810 2691.4
1231820 2691.5
1231830 2692.0
1231840 2692.0
1231850 2692.4
1231860 2693.5
1231870 2693.5
1231880 2696.4
1231890 2699.2
1231900 2699.2
1231910 2701.3
1231920 2702.3
1231930 2702.3
1231940 2700.5
1231950 2697.8
1231960 2697.8
1231970 2696.6
1231980 2696.6
1231990 2696.6
1232000 2696.3
1232010 2696.1
1232020 2696.4
1232030 2696.4
1232040 2696.8
1232050 2697.3
1232060 2697.3
1232070 2698.2
1232080 2698.5
1232090 2698.5
1232100 2698.8
1232110 2699.9
1232120 2699.9
1232130 2701.6
1232140 2703.5
1232150 2703.5
1232160 2705.8
1232170 2708.4
1232180 2711.8
1232190 2711.8
1232200 2716.1
1232210 2721.4
1232220 2721.4
1232230 2728.5
1232240 2734.2
1232250 2734.2
1232260 2738.8
1232270 2744.5
1232280 2744.5
1232290 2750.5
1232300 2755.8
1232310 2755.8
1232320 2762.5
1232330 2769.4
1232340 2769.4
1232350 2776.3
1232360 2782.9
1232370 2789.7
1232380 2789.7
1232390 2796.2
1232400 2801.9
1232410 2801.9
1232420 2805.9
1232430 2809.4
1232440 2809.4
1232450 2813.8
1232460 2819.1
1232470 2819.1
1232480 2824.8
1232490 2830.2
1232500 2830.2
1232510 2835.6
1232520 2840.0
1232530 2840.0
1232540 2845.4
1232550 2852.0
1232560 2858.4
1232570 2858.4
1232580 2864.6
1232590 2870.4
1232600 2870.4
1232610 2875.1
1232620 2883.5
1232630 2883.5
1232640 2895.1
1232650 2904.9
1232660 2904.9
1232670 2913.5
1232680 2912.6
1232690 2912.6
1232700 2902.7
1232710 2892.5
1232720 2892.5
1232730 2881.5
1232740 2870.3
1232750 2861.6
1232760 2861.6
1232770 2854.0
1232780 2844.7
1232790 2844.7
1232800 2838.5
1232810 2834.6
1232820 2834.6
1232830 2831.7
1232840 2829.5
1232850 2829.5
1232860 2827.6
1232870 2824.0
1232880 2824.0
1232890 2818.5
1232900 2814.6
1232910 2814.6
1232920 2813.2
1232930 2809.0
1232940 2806.0
1232950 2806.0
1232960 2801.6
1232970 2797.1
1232980 2797.1
1232990 2792.6
1233000 2788.5
1233010 2788.5
1233020 2783.3
1233030 2777.3
1233040 2777.3
1233050 2769.4
1233060 2760.4
1233070 2760.4
1233080 2751.6
1233090 2743.2
1233100 2743.2
1233110 2735.3
1233120 2727.6
1233130 2718.0
1233140 2718.0
1233150 2710.9
1233160 2704.4
1233170 2704.4
1233180 2697.3
1233190 2689.7
1233200 2689.7
1233210 2682.6
1233220 2676.6
1233230 2676.6
1233240 2671.4
1233250 2667.4
1233260 2667.4
1233270 2664.8
1233280 2661.8
1233290 2658.3
1233300 2658.3
1233310 2655.2
1233320 2652.3
1233330 2652.3
1233340 2649.7
1233350 2646.8
1233360 2646.8
1233370 2644.3
1233380 2643.1
1233390 2643.1
1233400 2638.6
1233410 2633.1
1233420 2633.1
1233430 2624.3
1233440 2620.0
1233450 2620.0
1233460 2615.2
1233470 2610.5
1233480 2605.7
1233490 2605.7
1233500 2601.2
1233510 2595.7
1233520 2595.7
