1220000 3400.0
1220010 3400.0
1220020 3403.7
1220030 3389.9
1220040 3389.9
1220050 3378.9
1220060 3378.3
1220070 3378.3
1220080 3380.4
1220090 3384.6
1220100 3384.6
1220110 3391.7
1220120 3397.0
1220130 3401.6
1220140 3401.6
1220150 3407.3
1220160 3414.6
1220170 3414.6
1220180 3422.1
1220190 3429.4
1220200 3429.4
1220210 3436.2
1220220 3443.2
1220230 3443.2
1220240 3449.4
1220250 3454.9
1220260 3454.9
1220270 3451.5
1220280 3449.3
1220290 3444.8
1220300 3444.8
1220310 3447.9
1220320 3450.8
1220330 3450.8
1220340 3450.3
1220350 3456.7
1220360 3456.7
1220370 3465.9
1220380 3475.9
1220390 3475.9
1220400 3473.3
1220410 3467.9
1220420 3467.9
1220430 3455.7
1220440 3441.9
1220450 3441.9
1220460 3429.5
1220470 3421.8
1220480 3416.6
1220490 3416.6
1220500 3411.8
1220510 3401.2
1220520 3401.2
1220530 3392.9
1220540 3385.4
1220550 3385.4
1220560 3370.6
1220570 3354.5
1220580 3354.5
1220590 3346.4
1220600 3339.5
1220610 3339.5
1220620 3331.6
1220630 3323.6
1220640 3323.6
1220650 3315.6
1220660 3307.9
1220670 3300.0
1220680 3300.0
1220690 3292.5
1220700 3286.2
1220710 3286.2
1220720 3281.3
1220730 3276.8
1220740 3276.8
1220750 3272.5
1220760 3268.2
1220770 3268.2
1220780 3264.8
1220790 3263.2
1220800 3263.2
1220810 3262.2
1220820 3262.3
1220830 3262.3
1220840 3262.8
1220850 3263.4
1220860 3263.9
1220870 3263.9
1220880 3261.6
1220890 3262.1
1220900 3262.1
1220910 3262.9
1220920 3263.7
1220930 3263.7
1220940 3264.7
1220950 3265.6
1220960 3265.6
1220970 3266.6
1220980 3267.5
1220990 3267.5
1221000 3268.4
1221010 3269.3
1221020 3269.3
1221030 3270.2
1221040 3271.2
1221050 3272.3
1221060 3272.3
1221070 3273.5
1221080 3274.7
1221090 3274.7
1221100 3275.9
1221110 3277.4
1221120 3277.4
1221130 3279.2
1221140 3281.5
1221150 3281.5
1221160 3284.5
1221170 3287.3
1221180 3287.3
1221190 3289.7
1221200 3290.7
1221210 3290.7
1221220 3293.3
1221230 3294.4
1221240 3290.5
1221250 3290.5
1221260 3273.3
1221270 3262.5
1221280 3262.5
1221290 3253.9
1221300 3244.9
1221310 3244.9
1221320 3229.8
1221330 3213.9
1221340 3213.9
1221350 3199.7
1221360 3186.4
1221370 3186.4
1221380 3181.3
1221390 3174.7
1221400 3168.5
1221410 3168.5
1221420 3163.6
1221430 3159.6
1221440 3159.6
1221450 3156.1
1221460 3154.5
1221470 3154.5
1221480 3153.7
1221490 3148.9
1221500 3148.9
1221510 3143.2
1221520 3139.2
1221530 3139.2
1221540 3136.7
1221550 3134.9
1221560 3134.9
1221570 3133.2
1221580 3131.7
1221590 3130.3
1221600 3130.3
1221610 3128.9
1221620 3127.7
1221630 3127.7
1221640 3126.7
1221650 3126.3
1221660 3126.3
1221670 3128.2
1221680 3130.5
1221690 3130.5
1221700 3134.7
1221710 3141.5
1221720 3141.5
1221730 3149.6
1221740 3156.7
1221750 3156.7
1221760 3155.0
1221770 3150.1
1221780 3147.6
1221790 3147.6
1221800 3143.8
1221810 3141.2
1221820 3141.2
1221830 3136.1
1221840 3124.3
1221850 3124.3
1221860 3117.7
1221870 3111.5
1221880 3111.5
1221890 3106.8
1221900 3103.0
1221910 3103.0
1221920 3095.3
1221930 3088.7
1221940 3088.7
1221950 3084.2
1221960 3081.5
1221970 3075.8
1221980 3075.8
1221990 3070.2
1222000 3067.0
1222010 3067.0
1222020 3061.6
1222030 3056.2
1222040 3056.2
1222050 3054.3
1222060 3048.8
1222070 3048.8
1222080 3040.2
1222090 3032.0
1222100 3032.0
1222110 3028.0
1222120 3023.9
1222130 3023.9
1222140 3018.5
1222150 3014.4
1222160 3010.1
1222170 3010.1
1222180 3002.6
1222190 2996.7
1222200 2996.7
1222210 2994.2
1222220 2987.7
1222230 2987.7
1222240 2980.1
1222250 2972.1
1222260 2972.1
1222270 2964.0
1222280 2956.7
1222290 2956.7
1222300 2951.0
1222310 2946.6
1222320 2940.2
1222330 2937.5
1222340 2934.0
1222350 2930.3
1222360 2930.3
1222370 2925.5
1222380 2920.1
1222390 2920.1
1222400 2913.4
1222410 2906.3
1222420 2906.3
1222430 2898.5
1222440 2892.9
1222450 2892.9
1222460 2887.6
1222470 2881.7
1222480 2881.7
1222490 2874.8
1222500 2866.8
1222510 2858.4
1222520 2858.4
1222530 2854.0
1222540 2849.9
1222550 2849.9
1222560 2844.9
1222570 2838.2
1222580 2838.2
1222590 2833.6
1222600 2826.7
1222610 2826.7
1222620 2821.8
1222630 2817.3
1222640 2817.3
1222650 2812.5
1222660 2807.7
1222670 2807.7
1222680 2804.8
1222690 2802.2
1222700 2799.2
1222710 2799.2
1222720 2789.1
1222730 2779.9
1222740 2779.9
1222750 2774.5
1222760 2769.8
1222770 2769.8
1222780 2766.2
1222790 2762.3
1222800 2758.2
1222810 2752.5
1222820 2747.4
1222830 2747.4
1222840 2743.3
1222850 2736.2
1222860 2736.2
1222870 2730.3
1222880 2723.9
1222890 2718.2
1222900 2718.2
1222910 2714.3
1222920 2709.4
1222930 2709.4
1222940 2704.4
1222950 2699.5
1222960 2699.5
1222970 2693.1
1222980 2686.8
1222990 2686.8
1223000 2680.3
1223010 2673.2
1223020 2673.2
1223030 2668.1
1223040 2661.0
1223050 2661.0
1223060 2653.9
1223070 2647.3
1223080 2641.0
1223090 2641.0
1223100 2636.8
1223110 2633.0
1223120 2633.0
1223130 2629.1
1223140 2624.8
1223150 2624.8
1223160 2619.7
1223170 2614.4
1223180 2614.4
1223190 2609.3
1223200 2604.9
1223210 2604.9
1223220 2600.7
1223230 2595.9
1223240 2595.9
1223250 2591.4
1223260 2586.2
1223270 2582.5
1223280 2578.5
1223290 2574.8
1223300 2570.1
1223310 2570.1
1223320 2562.7
1223330 2554.8
1223340 2554.8
1223350 2548.0
1223360 2540.5
1223370 2540.5
1223380 2533.7
1223390 2526.7
1223400 2526.7
1223410 2519.9
1223420 2512.7
1223430 2512.7
1223440 2505.5
1223450 2498.7
1223460 2492.7
1223470 2492.7
1223480 2487.4
1223490 2483.0
1223500 2483.0
1223510 2477.6
1223520 2466.2
1223530 2466.2
1223540 2450.7
1223550 2438.6
1223560 2438.6
1223570 2428.1
1223580 2421.1
1223590 2421.1
1223600 2415.4
1223610 2410.7
1223620 2410.7
1223630 2406.6
1223640 2401.4
1223650 2396.0
1223660 2396.0
1223670 2390.0
1223680 2382.3
1223690 2382.3
1223700 2376.3
1223710 2371.0
1223720 2371.0
1223730 2367.0
1223740 2363.9
1223750 2363.9
1223760 2361.8
1223770 2360.5
1223780 2360.5
1223790 2358.0
1223800 2352.6
1223810 2348.4
1223820 2348.4
1223830 2347.0
1223840 2341.2
1223850 2341.2
1223860 2331.6
1223870 2324.3
1223880 2324.3
1223890 2321.8
1223900 2320.5
1223910 2320.5
1223920 2316.7
1223930 2309.1
1223940 2309.1
1223950 2298.0
1223960 2289.2
1223970 2289.2
1223980 2281.2
1223990 2275.9
1224000 2273.5
1224010 2273.5
1224020 2272.8
1224030 2273.5
1224040 2273.5
1224050 2274.0
1224060 2273.4
1224070 2273.4
1224080 2272.4
1224090 2271.1
1224100 2271.1
1224110 2268.8
1224120 2263.6
1224130 2263.6
1224140 2255.5
1224150 2249.0
1224160 2249.0
1224170 2245.3
1224180 2243.6
1224190 2240.7
1224200 2240.7
1224210 2236.1
1224220 2230.5
1224230 2230.5
1224240 2223.8
1224250 2213.7
1224260 2213.7
1224270 2206.4
1224280 2203.1
1224290 2203.1
1224300 2202.0
1224310 2200.2
1224320 2200.2
1224330 2195.8
1224340 2186.5
1224350 2186.5
1224360 2175.5
1224370 2167.0
1224380 2161.5
1224390 2161.5
1224400 2154.5
1224410 2146.0
1224420 2146.0
1224430 2137.4
1224440 2124.6
1224450 2124.6
1224460 2109.8
1224470 2099.9
1224480 2099.9
1224490 2094.7
1224500 2090.9
1224510 2090.9
1224520 2087.0
1224530 2079.7
1224540 2079.7
1224550 2071.1
1224560 2070.0
1224570 2077.4
1224580 2077.4
1224590 2087.7
1224600 2095.0
1224610 2095.0
1224620 2100.3
1224630 2106.3
1224640 2106.3
1224650 2109.1
1224660 2111.4
1224670 2111.4
1224680 2115.2
1224690 2120.4
1224700 2120.4
1224710 2125.9
1224720 2132.0
1224730 2135.1
1224740 2140.9
1224750 2145.2
1224760 2149.4
1224770 2149.4
1224780 2154.8
1224790 2159.3
1224800 2159.3
1224810 2164.2
1224820 2168.7
1224830 2168.7
1224840 2173.2
1224850 2177.6
1224860 2177.6
1224870 2181.0
1224880 2184.9
1224890 2184.9
1224900 2191.1
1224910 2196.5
1224920 2201.1
1224930 2201.1
1224940 2205.8
1224950 2208.5
1224960 2208.5
1224970 2214.5
1224980 2221.0
1224990 2221.0
1225000 2220.3
1225010 2220.7
1225020 2220.7
1225030 2222.1
1225040 2222.9
1225050 2222.9
1225060 2225.1
1225070 2225.6
1225080 2225.6
1225090 2226.5
1225100 2227.5
1225110 2228.9
1225120 2228.9
1225130 2232.6
1225140 2236.7
1225150 2236.7
1225160 2239.2
1225170 2241.1
1225180 2241.1
1225190 2242.9
1225200 2244.5
1225210 2244.5
1225220 2245.4
1225230 2248.2
1225240 2248.2
1225250 2252.7
1225260 2257.0
1225270 2257.0
1225280 2261.1
1225290 2265.4
1225300 2270.2
1225310 2270.2
1225320 2275.6
1225330 2279.9
1225340 2279.9
1225350 2283.3
1225360 2287.4
1225370 2287.4
1225380 2292.6
1225390 2298.5
1225400 2298.5
1225410 2306.7
1225420 2313.2
1225430 2313.2
1225440 2319.0
1225450 2326.5
1225460 2326.5
1225470 2335.7
1225480 2344.5
1225490 2352.4
1225500 2352.4
1225510 2360.4
1225520 2367.3
1225530 2367.3
1225540 2371.9
1225550 2376.2
1225560 2376.2
1225570 2380.3
1225580 2384.2
1225590 2384.2
1225600 2386.9
1225610 2388.7
1225620 2388.7
1225630 2390.1
1225640 2391.0
1225650 2391.0
1225660 2390.5
1225670 2389.1
1225680 2386.4
1225690 2386.4
1225700 2382.5
1225710 2384.1
1225720 2384.1
1225730 2381.8
1225740 2380.0
1225750 2380.0
1225760 2379.1
1225770 2379.8
1225780 2379.8
1225790 2378.3
1225800 2374.9
1225810 2374.9
1225820 2373.2
1225830 2371.4
1225840 2368.2
1225850 2368.2
1225860 2363.6
1225870 2358.1
1225880 2358.1
1225890 2352.9
1225900 2346.5
1225910 2346.5
1225920 2341.1
1225930 2337.3
1225940 2337.3
1225950 2333.8
1225960 2330.5
1225970 2330.5
1225980 2328.4
1225990 2326.3
1226000 2326.3
1226010 2323.3
1226020 2320.8
1226030 2318.5
1226040 2318.5
1226050 2316.3
1226060 2313.7
1226070 2313.7
1226080 2311.4
1226090 2309.2
1226100 2309.2
1226110 2306.5
1226120 2303.6
1226130 2303.6
1226140 2300.9
1226150 2298.8
1226160 2298.8
1226170 2296.1
1226180 2293.5
1226190 2293.5
1226200 2293.2
1226210 2290.4
1226220 2287.6
1226230 2287.6
1226240 2285.5
1226250 2283.6
1226260 2283.6
1226270 2281.1
1226280 2278.8
1226290 2278.8
1226300 2276.7
1226310 2275.1
1226320 2275.1
1226330 2273.6
1226340 2272.2
1226350 2272.2
1226360 2270.0
1226370 2267.2
1226380 2267.2
1226390 2264.4
1226400 2261.5
1226410 2258.3
1226420 2258.3
1226430 2256.4
1226440 2256.1
1226450 2256.1
1226460 2256.6
1226470 2255.6
1226480 2255.6
1226490 2253.5
1226500 2252.5
1226510 2252.5
1226520 2252.6
1226530 2252.8
1226540 2252.8
1226550 2252.9
1226560 2252.7
1226570 2252.7
1226580 2252.7
1226590 2252.6
1226600 2252.7
1226610 2252.7
1226620 2253.1
1226630 2253.3
1226640 2253.3
1226650 2253.4
1226660 2254.6
1226670 2254.6
1226680 2256.6
1226690 2255.8
1226700 2255.8
1226710 2258.2
1226720 2259.2
1226730 2259.2
1226740 2259.7
1226750 2260.0
1226760 2260.0
1226770 2260.4
1226780 2261.0
1226790 2262.0
1226800 2262.0
1226810 2262.9
1226820 2263.9
1226830 2263.9
1226840 2265.3
1226850 2266.7
1226860 2266.7
1226870 2268.4
1226880 2270.5
1226890 2270.5
1226900 2272.7
1226910 2275.3
1226920 2275.3
1226930 2277.8
1226940 2280.4
1226950 2282.8
1226960 2282.8
1226970 2285.9
1226980 2289.2
1226990 2289.2
1227000 2292.3
1227010 2295.2
1227020 2295.2
1227030 2298.5
1227040 2302.3
1227050 2302.3
1227060 2305.6
1227070 2307.5
1227080 2307.5
1227090 2311.5
1227100 2316.1
1227110 2316.1
1227120 2320.7
1227130 2325.2
1227140 2329.2
1227150 2329.2
1227160 2333.4
1227170 2337.6
1227180 2332.9
1227190 2336.8
1227200 2340.6
1227210 2340.6
1227220 2344.8
1227230 2350.4
1227240 2350.4
1227250 2357.8
1227260 2364.4
1227270 2364.4
1227280 2370.1
1227290 2375.3
1227300 2375.3
1227310 2380.1
1227320 2384.9
1227330 2389.7
1227340 2389.7
1227350 2394.9
1227360 2400.0
1227370 2400.0
1227380 2404.4
1227390 2408.9
1227400 2408.9
1227410 2413.1
1227420 2416.5
1227430 2416.5
1227440 2421.3
1227450 2427.3
1227460 2427.3
1227470 2432.2
1227480 2436.8
1227490 2436.8
1227500 2440.7
1227510 2444.4
1227520 2448.5
1227530 2448.5
1227540 2452.2
1227550 2455.5
1227560 2455.5
1227570 2457.3
1227580 2459.1
1227590 2459.1
1227600 2461.4
1227610 2461.8
1227620 2461.8
1227630 2462.5
1227640 2461.3
1227650 2461.3
1227660 2464.5
1227670 2464.5
1227680 2464.5
1227690 2468.8
1227700 2474.6
1227710 2479.5
1227720 2479.5
1227730 2482.4
1227740 2485.5
1227750 2485.5
1227760 2489.7
1227770 2494.4
1227780 2494.4
1227790 2498.7
1227800 2503.6
1227810 2503.6
1227820 2508.1
1227830 2512.1
1227840 2512.1
1227850 2517.3
1227860 2521.4
1227870 2521.4
1227880 2524.5
1227890 2529.7
1227900 2533.4
1227910 2533.4
1227920 2536.4
1227930 2539.2
1227940 2539.2
1227950 2542.6
1227960 2546.6
1227970 2546.6
1227980 2550.1
1227990 2553.6
1228000 2553.6
1228010 2556.8
1228020 2560.4
1228030 2560.4
1228040 2564.2
1228050 2567.5
1228060 2570.7
1228070 2570.7
1228080 2574.1
1228090 2577.5
1228100 2577.5
1228110 2580.7
1228120 2583.3
1228130 2583.3
1228140 2585.3
1228150 2587.5
1228160 2584.7
1228170 2586.4
1228180 2588.1
1228190 2588.1
1228200 2588.5
1228210 2588.7
1228220 2588.7
1228230 2589.0
1228240 2588.9
1228250 2588.2
1228260 2588.2
1228270 2587.3
1228280 2586.5
1228290 2586.5
1228300 2585.0
1228310 2583.1
1228320 2583.1
1228330 2580.7
1228340 2576.6
1228350 2576.6
1228360 2571.9
1228370 2566.5
1228380 2566.5
1228390 2560.6
1228400 2555.9
1228410 2555.9
1228420 2552.1
1228430 2548.2
1228440 2542.8
1228450 2542.8
1228460 2535.3
1228470 2528.3
1228480 2528.3
1228490 2521.6
1228500 2515.2
1228510 2515.2
1228520 2507.1
1228530 2496.8
1228540 2496.8
1228550 2487.2
1228560 2479.9
1228570 2479.9
1228580 2472.7
1228590 2459.9
1228600 2459.9
1228610 2445.0
1228620 2426.0
1228630 2414.0
1228640 2414.0
1228650 2408.2
1228660 2401.0
1228670 2401.0
1228680 2395.5
1228690 2390.5
1228700 2390.5
1228710 2385.4
1228720 2379.6
1228730 2379.6
1228740 2374.1
1228750 2368.9
1228760 2368.9
1228770 2363.3
1228780 2358.4
1228790 2358.4
1228800 2353.7
1228810 2349.9
1228820 2346.7
1228830 2346.7
1228840 2343.4
1228850 2341.4
1228860 2341.4
1228870 2339.1
1228880 2336.7
1228890 2336.7
1228900 2334.4
1228910 2332.0
1228920 2332.0
1228930 2330.5
1228940 2328.9
1228950 2328.9
1228960 2325.9
1228970 2322.4
1228980 2322.4
1228990 2321.2
1229000 2321.6
1229010 2322.9
1229020 2322.9
1229030 2325.6
1229040 2328.0
1229050 2328.0
1229060 2331.4
1229070 2335.6
1229080 2335.6
1229090 2339.7
1229100 2344.5
1229110 2344.5
1229120 2349.7
1229130 2354.4
1229140 2354.4
1229150 2356.1
1229160 2359.5
1229170 2362.7
1229180 2362.7
1229190 2367.1
1229200 2372.9
1229210 2372.9
1229220 2379.4
1229230 2385.8
1229240 2385.8
1229250 2391.0
1229260 2395.4
1229270 2395.4
1229280 2399.9
1229290 2404.8
1229300 2404.8
1229310 2410.0
1229320 2415.8
1229330 2415.8
1229340 2422.5
1229350 2429.2
1229360 2438.0
1229370 2438.0
1229380 2448.4
1229390 2457.2
1229400 2457.2
1229410 2465.3
1229420 2474.2
1229430 2474.2
1229440 2483.5
1229450 2492.9
1229460 2492.9
1229470 2501.3
1229480 2509.3
1229490 2509.3
1229500 2516.7
1229510 2521.5
1229520 2521.5
1229530 2527.5
1229540 2533.7
1229550 2538.3
1229560 2538.3
1229570 2543.3
1229580 2547.7
1229590 2547.7
1229600 2554.3
1229610 2559.9
1229620 2559.9
1229630 2565.3
1229640 2564.2
1229650 2564.2
1229660 2575.1
1229670 2585.4
1229680 2585.4
1229690 2594.7
1229700 2601.6
1229710 2601.6
1229720 2607.0
1229730 2614.5
1229740 2621.5
1229750 2621.5
1229760 2626.5
1229770 2634.2
1229780 2634.2
1229790 2642.0
1229800 2649.4
1229810 2649.4
1229820 2656.1
1229830 2663.5
1229840 2663.5
1229850 2672.6
1229860 2680.2
1229870 2680.2
1229880 2687.2
1229890 2693.1
1229900 2693.1
1229910 2699.2
1229920 2705.1
1229930 2710.9
1229940 2710.9
1229950 2716.3
1229960 2721.0
1229970 2721.0
1229980 2725.8
1229990 2730.7
1230000 2730.7
1230010 2735.6
1230020 2740.2
1230030 2740.2
1230040 2743.9
1230050 2747.9
1230060 2747.9
1230070 2752.9
1230080 2758.2
1230090 2758.2
1230100 2763.6
1230110 2769.0
1230120 2774.4
1230130 2774.4
1230140 2770.9
1230150 2776.2
1230160 2776.2
1230170 2783.5
1230180 2791.8
1230190 2791.8
1230200 2799.3
1230210 2805.9
1230220 2805.9
1230230 2812.9
1230240 2821.6
1230250 2821.6
1230260 2830.4
1230270 2843.6
1230280 2854.6
1230290 2854.6
1230300 2863.2
1230310 2872.0
1230320 2872.0
1230330 2879.0
1230340 2885.8
1230350 2885.8
1230360 2892.3
1230370 2899.0
1230380 2899.0
1230390 2906.1
1230400 2913.4
1230410 2913.4
1230420 2920.4
1230430 2926.8
1230440 2926.8
1230450 2933.4
1230460 2940.4
1230470 2947.5
1230480 2947.5
1230490 2954.3
1230500 2961.0
1230510 2961.0
1230520 2967.8
1230530 2973.2
1230540 2973.2
1230550 2972.8
1230560 2949.9
1230570 2949.9
1230580 2933.8
1230590 2922.9
1230600 2922.9
1230610 2910.2
1230620 2891.0
1230630 2894.6
1230640 2886.3
1230650 2879.6
1230660 2872.2
1230670 2872.2
1230680 2865.5
1230690 2859.6
1230700 2859.6
1230710 2855.9
1230720 2854.7
1230730 2854.7
1230740 2852.3
1230750 2848.0
1230760 2848.0
1230770 2846.0
1230780 2844.1
1230790 2844.1
1230800 2842.0
1230810 2841.1
1230820 2841.1
1230830 2841.3
1230840 2843.7
1230850 2845.9
1230860 2845.9
1230870 2844.2
1230880 2843.6
1230890 2843.6
1230900 2844.3
1230910 2845.6
1230920 2845.6
1230930 2847.2
1230940 2851.2
1230950 2851.2
1230960 2854.3
1230970 2856.8
1230980 2856.8
1230990 2862.9
1231000 2868.2
1231010 2868.2
1231020 2871.2
1231030 2875.7
1231040 2882.0
1231050 2882.0
1231060 2891.4
1231070 2900.1
1231080 2900.1
1231090 2905.2
1231100 2910.0
1231110 2910.0
1231120 2913.5
1231130 2921.8
1231140 2921.8
1231150 2922.9
1231160 2925.6
1231170 2925.6
1231180 2929.9
1231190 2934.8
1231200 2930.3
1231210 2930.3
1231220 2920.9
1231230 2911.6
1231240 2911.6
1231250 2900.4
1231260 2889.2
1231270 2889.2
1231280 2878.3
1231290 2863.2
1231300 2863.2
1231310 2854.1
1231320 2845.5
1231330 2845.5
1231340 2834.2
1231350 2825.7
1231360 2825.7
1231370 2809.9
1231380 2794.6
1231390 2786.7
1231400 2786.7
1231410 2781.4
1231420 2775.1
1231430 2775.1
1231440 2767.4
1231450 2759.9
1231460 2759.9
1231470 2753.7
1231480 2746.4
1231490 2746.4
1231500 2736.5
1231510 2727.7
1231520 2727.7
1231530 2723.2
1231540 2720.6
1231550 2720.6
1231560 2718.0
1231570 2715.1
1231580 2713.6
1231590 2713.6
1231600 2711.4
1231610 2709.2
1231620 2709.2
1231630 2710.3
1231640 2709.1
1231650 2709.1
1231660 2708.0
1231670 2705.7
1231680 2705.7
1231690 2702.5
1231700 2698.6
1231710 2698.6
1231720 2693.1
1231730 2688.1
1231740 2688.1
1231750 2686.2
1231760 2686.0
1231770 2684.6
1231780 2684.6
1231790 2683.3
1231800 2682.9
1231810 2682.9
1231820 2682.9
1231830 2683.0
1231840 2683.0
1231850 2683.9
1231860 2687.6
1231870 2687.6
1231880 2693.8
1231890 2697.9
1231900 2697.9
1231910 2694.9
1231920 2690.5
1231930 2690.5
1231940 2686.6
1231950 2683.9
1231960 2682.8
1231970 2682.8
1231980 2682.4
1231990 2681.7
1232000 2681.7
1232010 2681.4
1232020 2681.6
1232030 2681.6
1232040 2682.1
1232050 2682.7
1232060 2682.7
1232070 2683.6
1232080 2684.5
1232090 2684.5
1232100 2686.3
1232110 2688.6
1232120 2688.6
1232130 2693.5
1232140 2697.1
1232150 2701.9
1232160 2701.9
1232170 2707.5
1232180 2713.9
1232190 2713.9
1232200 2720.2
1232210 2725.7
1232220 2725.7
1232230 2728.8
1232240 2733.0
1232250 2733.0
1232260 2738.4
1232270 2744.0
1232280 2744.0
1232290 2750.0
1232300 2755.4
1232310 2761.0
1232320 2761.0
1232330 2767.3
1232340 2774.6
1232350 2774.6
1232360 2781.2
1232370 2787.5
1232380 2787.5
1232390 2793.0
1232400 2798.2
1232410 2798.2
1232420 2804.2
1232430 2811.6
1232440 2811.6
1232450 2819.3
1232460 2827.1
1232470 2827.1
1232480 2834.5
1232490 2841.4
1232500 2847.8
1232510 2847.8
1232520 2854.3
1232530 2860.8
1232540 2860.8
1232550 2865.9
1232560 2870.6
1232570 2870.6
1232580 2875.5
1232590 2888.6
1232600 2888.6
1232610 2905.6
1232620 2913.7
1232630 2906.5
1232640 2919.2
1232650 2929.8
1232660 2929.8
1232670 2934.2
1232680 2923.7
1232690 2909.0
1232700 2909.0
1232710 2894.9
1232720 2885.3
1232730 2885.3
1232740 2873.8
1232750 2865.1
1232760 2865.1
1232770 2858.7
1232780 2851.5
1232790 2851.5
1232800 2844.5
1232810 2837.7
1232820 2837.7
1232830 2831.5
1232840 2826.8
1232850 2826.8
1232860 2822.8
1232870 2819.3
1232880 2816.6
1232890 2816.6
1232900 2814.4
1232910 2812.3
1232920 2812.3
1232930 2810.4
1232940 2808.3
1232950 2808.3
1232960 2806.5
1232970 2804.8
1232980 2804.8
1232990 2803.2
1233000 2799.5
1233010 2799.5
1233020 2793.3
1233030 2786.6
1233040 2786.6
1233050 2781.1
1233060 2773.9
1233070 2772.7
1233080 2772.7
1233090 2773.3
1233100 2765.3
1233110 2765.3
1233120 2755.8
1233130 2737.3
1233140 2737.3
1233150 2728.1
1233160 2718.0
1233170 2718.0
1233180 2708.4
1233190 2699.0
1233200 2699.0
1233210 2694.2
1233220 2689.7
1233230 2689.7
1233240 2686.4
1233250 2683.9
1233260 2680.8
1233270 2680.8
1233280 2678.5
1233290 2675.5
1233300 2675.5
1233310 2672.7
1233320 2670.3
1233330 2670.3
1233340 2668.4
1233350 2665.0
1233360 2665.0
1233370 2660.7
1233380 2656.2
1233390 2656.2
1233400 2651.3
1233410 2646.5
1233420 2641.5
1233430 2641.5
1233440 2636.8
1233450 2632.3
1233460 2632.3
1233470 2628.1
1233480 2623.2
1233490 2623.2
1233500 2616.5
