1220000 3094.0
1220010 3095.5
1220020 3097.4
1220030 3097.4
1220040 3099.6
1220050 3103.1
1220060 3103.1
1220070 3107.9
1220080 3112.8
1220090 3117.4
1220100 3117.4
1220110 3122.0
1220120 3126.0
1220130 3126.0
1220140 3130.9
1220150 3136.2
1220160 3136.2
1220170 3141.9
1220180 3148.5
1220190 3148.5
1220200 3155.1
1220210 3161.4
1220220 3161.4
1220230 3168.1
1220240 3175.0
1220250 3177.5
1220260 3184.3
1220270 3191.1
1220280 3197.7
1220290 3197.7
1220300 3204.5
1220310 3211.3
1220320 3211.3
1220330 3218.1
1220340 3225.2
1220350 3225.2
1220360 3232.4
1220370 3239.7
1220380 3239.7
1220390 3246.2
1220400 3252.6
1220410 3252.6
1220420 3259.3
1220430 3267.9
1220440 3267.9
1220450 3276.9
1220460 3285.5
1220470 3294.7
1220480 3294.7
1220490 3302.8
1220500 3310.2
1220510 3310.2
1220520 3310.5
1220530 3297.3
1220540 3297.3
1220550 3286.0
1220560 3278.4
1220570 3278.4
1220580 3271.0
1220590 3265.1
1220600 3265.1
1220610 3259.6
1220620 3254.5
1220630 3254.5
1220640 3250.0
1220650 3246.2
1220660 3242.8
1220670 3242.8
1220680 3239.9
1220690 3237.4
1220700 3237.4
1220710 3235.3
1220720 3233.8
1220730 3232.3
1220740 3230.8
1220750 3229.6
1220760 3229.6
1220770 3228.7
1220780 3228.0
1220790 3228.0
1220800 3227.6
1220810 3227.5
1220820 3227.5
1220830 3227.7
1220840 3227.9
1220850 3228.0
1220860 3228.0
1220870 3227.7
1220880 3226.9
1220890 3226.9
1220900 3225.4
1220910 3223.4
1220920 3223.4
1220930 3220.9
1220940 3217.9
1220950 3217.9
1220960 3214.7
1220970 3211.2
1220980 3211.2
1220990 3207.6
1221000 3204.0
1221010 3200.6
1221020 3200.6
1221030 3197.5
1221040 3195.1
1221050 3195.1
1221060 3193.8
1221070 3195.5
1221080 3195.5
1221090 3195.9
1221100 3194.4
1221110 3194.4
1221120 3192.9
1221130 3185.2
1221140 3185.2
1221150 3173.1
1221160 3160.5
1221170 3160.5
1221180 3149.6
1221190 3139.9
1221200 3127.4
1221210 3127.4
1221220 3119.5
1221230 3112.0
1221240 3112.0
1221250 3104.4
1221260 3097.2
1221270 3097.2
1221280 3089.6
1221290 3081.0
1221300 3081.0
1221310 3072.4
1221320 3065.3
1221330 3065.3
1221340 3058.9
1221350 3052.5
1221360 3052.5
1221370 3046.3
1221380 3040.0
1221390 3034.0
1221400 3034.0
1221410 3028.5
1221420 3023.8
1221430 3023.8
1221440 3021.9
1221450 3020.6
1221460 3020.6
1221470 3019.0
1221480 3017.1
1221490 3017.1
1221500 3015.1
1221510 3011.3
1221520 3011.3
1221530 3007.7
1221540 3005.8
1221550 3005.8
1221560 3002.4
1221570 2998.6
1221580 2994.9
1221590 2994.9
1221600 2991.9
1221610 2988.7
1221620 2988.7
1221630 2986.1
1221640 2983.6
1221650 2983.6
1221660 2980.3
1221670 2975.9
1221680 2970.1
1221690 2966.0
1221700 2962.4
1221710 2962.4
1221720 2958.5
1221730 2954.2
1221740 2954.2
1221750 2949.1
1221760 2943.7
1221770 2938.1
1221780 2938.1
1221790 2933.3
1221800 2928.5
1221810 2928.5
1221820 2924.3
1221830 2920.3
1221840 2920.3
1221850 2916.7
1221860 2913.1
1221870 2913.1
1221880 2909.8
1221890 2906.7
1221900 2906.7
1221910 2903.7
1221920 2900.8
1221930 2897.9
1221940 2897.9
1221950 2895.0
1221960 2892.9
1221970 2892.9
1221980 2891.3
1221990 2889.5
1222000 2889.5
1222010 2886.7
1222020 2885.6
1222030 2885.6
1222040 2885.8
1222050 2887.4
1222060 2887.4
1222070 2883.7
1222080 2882.2
1222090 2882.2
1222100 2878.2
1222110 2873.2
1222120 2868.4
1222130 2868.4
1222140 2864.4
1222150 2862.9
1222160 2862.5
1222170 2860.5
1222180 2857.4
1222190 2857.4
1222200 2850.6
1222210 2843.4
1222220 2843.4
1222230 2836.6
1222240 2831.5
1222250 2831.5
1222260 2826.5
1222270 2823.4
1222280 2823.4
1222290 2819.6
1222300 2815.5
1222310 2811.8
1222320 2811.8
1222330 2806.9
1222340 2800.6
1222350 2800.6
1222360 2795.3
1222370 2790.2
1222380 2790.2
1222390 2783.3
1222400 2775.4
1222410 2775.4
1222420 2766.3
1222430 2759.4
1222440 2759.4
1222450 2753.7
1222460 2748.0
1222470 2748.0
1222480 2742.9
1222490 2735.7
1222500 2727.7
1222510 2727.7
1222520 2720.1
1222530 2714.3
1222540 2714.3
1222550 2709.0
1222560 2704.5
1222570 2704.5
1222580 2699.7
1222590 2695.0
1222600 2695.0
1222610 2688.8
1222620 2681.9
1222630 2681.9
1222640 2675.7
1222650 2668.7
1222660 2668.7
1222670 2663.6
1222680 2658.4
1222690 2653.1
1222700 2653.1
1222710 2646.3
1222720 2636.5
1222730 2636.5
1222740 2628.8
1222750 2623.7
1222760 2623.7
1222770 2618.9
1222780 2614.0
1222790 2614.0
1222800 2609.4
1222810 2604.8
1222820 2604.8
1222830 2599.8
1222840 2594.7
1222850 2594.7
1222860 2589.5
1222870 2584.8
1222880 2581.0
1222890 2581.0
1222900 2577.1
1222910 2573.9
1222920 2573.9
1222930 2571.3
1222940 2569.5
1222950 2569.5
1222960 2567.0
1222970 2564.4
1222980 2564.4
1222990 2560.6
1223000 2555.7
1223010 2555.7
1223020 2552.2
1223030 2549.6
1223040 2546.0
1223050 2546.0
1223060 2541.6
1223070 2536.8
1223080 2536.8
1223090 2532.3
1223100 2527.8
1223110 2527.8
1223120 2522.4
1223130 2514.7
1223140 2514.7
1223150 2509.1
1223160 2499.1
1223170 2499.1
1223180 2490.6
1223190 2485.6
1223200 2485.6
1223210 2482.2
1223220 2477.7
1223230 2467.2
1223240 2467.2
1223250 2459.0
1223260 2454.5
1223270 2454.5
1223280 2450.3
1223290 2446.1
1223300 2446.1
1223310 2440.5
1223320 2429.9
1223330 2429.9
1223340 2419.4
1223350 2414.1
1223360 2414.1
1223370 2409.2
1223380 2401.9
1223390 2401.9
1223400 2397.3
1223410 2393.2
1223420 2387.6
1223430 2387.6
1223440 2383.8
1223450 2380.7
1223460 2380.7
1223470 2376.9
1223480 2368.5
1223490 2368.5
1223500 2359.0
1223510 2353.1
1223520 2353.1
1223530 2351.5
1223540 2352.2
1223550 2352.2
1223560 2347.5
1223570 2341.5
1223580 2341.5
1223590 2334.8
1223600 2324.9
1223610 2316.5
1223620 2316.5
1223630 2307.7
1223640 2295.8
1223650 2295.8
1223660 2287.1
1223670 2277.7
1223680 2277.7
1223690 2267.8
1223700 2263.0
1223710 2263.0
1223720 2260.5
1223730 2257.2
1223740 2257.2
1223750 2253.2
1223760 2245.7
1223770 2245.7
1223780 2234.4
1223790 2223.0
1223800 2215.5
1223810 2215.5
1223820 2208.4
1223830 2200.5
1223840 2200.5
1223850 2192.4
1223860 2184.8
1223870 2184.8
1223880 2176.1
1223890 2170.9
1223900 2170.9
1223910 2167.3
1223920 2161.9
1223930 2161.9
1223940 2159.0
1223950 2155.2
1223960 2151.5
1223970 2151.5
1223980 2147.6
1223990 2144.3
1224000 2144.3
1224010 2139.1
1224020 2125.6
1224030 2125.6
1224040 2111.3
1224050 2105.5
1224060 2105.5
1224070 2106.3
1224080 2110.9
1224090 2117.5
1224100 2123.6
1224110 2127.2
1224120 2127.2
1224130 2142.4
1224140 2151.2
1224150 2151.0
1224160 2151.0
1224170 2149.7
1224180 2150.1
1224190 2150.1
1224200 2148.8
1224210 2144.7
1224220 2144.7
1224230 2141.9
1224240 2140.7
1224250 2140.7
1224260 2139.4
1224270 2137.8
1224280 2137.8
1224290 2134.5
1224300 2133.0
1224310 2133.0
1224320 2137.5
1224330 2142.6
1224340 2146.6
1224350 2146.6
1224360 2150.9
1224370 2156.4
1224380 2156.4
1224390 2161.3
1224400 2165.1
1224410 2165.1
1224420 2167.1
1224430 2170.7
1224440 2170.7
1224450 2176.8
1224460 2185.8
1224470 2185.8
1224480 2196.1
1224490 2200.4
1224500 2200.4
1224510 2200.4
1224520 2201.4
1224530 2201.9
1224540 2201.9
1224550 2203.7
1224560 2206.4
1224570 2206.4
1224580 2211.3
1224590 2213.8
1224600 2213.8
1224610 2217.4
1224620 2219.3
1224630 2219.3
1224640 2221.3
1224650 2226.2
1224660 2226.2
1224670 2229.3
1224680 2228.7
1224690 2228.7
1224700 2227.6
1224710 2227.6
1224720 2227.6
1224730 2227.6
1224740 2227.4
1224750 2227.6
1224760 2227.6
1224770 2227.7
1224780 2229.5
1224790 2229.5
1224800 2231.3
1224810 2234.1
1224820 2234.1
1224830 2238.4
1224840 2241.7
1224850 2241.7
1224860 2241.5
1224870 2241.1
1224880 2241.1
1224890 2241.9
1224900 2242.8
1224910 2244.9
1224920 2244.9
1224930 2247.4
1224940 2248.8
1224950 2248.8
1224960 2250.6
1224970 2251.2
1224980 2251.2
1224990 2251.3
1225000 2251.5
1225010 2251.5
1225020 2251.9
1225030 2254.3
1225040 2254.3
1225050 2257.0
1225060 2261.0
1225070 2270.3
1225080 2270.3
1225090 2273.6
1225100 2278.4
1225110 2278.4
1225120 2282.6
1225130 2287.0
1225140 2287.0
1225150 2292.0
1225160 2296.9
1225170 2296.9
1225180 2305.0
1225190 2316.1
1225200 2316.1
1225210 2325.7
1225220 2331.1
1225230 2331.1
1225240 2336.0
1225250 2339.9
1225260 2343.9
1225270 2343.9
1225280 2348.5
1225290 2352.9
1225300 2352.9
1225310 2356.5
1225320 2360.2
1225330 2360.2
1225340 2363.8
1225350 2368.1
1225360 2368.1
1225370 2374.0
1225380 2380.1
1225390 2380.1
1225400 2385.3
1225410 2390.7
1225420 2390.7
1225430 2396.4
1225440 2401.3
1225450 2405.9
1225460 2405.9
1225470 2411.3
1225480 2416.7
1225490 2416.7
1225500 2422.0
1225510 2427.5
1225520 2427.5
1225530 2432.8
1225540 2438.8
1225550 2441.0
1225560 2446.9
1225570 2453.2
1225580 2453.2
1225590 2459.8
1225600 2465.9
1225610 2465.9
1225620 2471.6
1225630 2476.1
1225640 2480.2
1225650 2480.2
1225660 2484.5
1225670 2488.1
1225680 2488.1
1225690 2491.6
1225700 2495.8
1225710 2495.8
1225720 2501.3
1225730 2508.3
1225740 2508.3
1225750 2516.1
1225760 2523.7
1225770 2523.7
1225780 2529.2
1225790 2533.9
1225800 2533.9
1225810 2538.4
1225820 2542.6
1225830 2545.5
1225840 2545.5
1225850 2548.4
1225860 2551.5
1225870 2551.5
1225880 2554.8
1225890 2558.2
1225900 2558.2
1225910 2561.5
1225920 2565.5
1225930 2565.5
1225940 2569.9
1225950 2574.1
1225960 2574.1
1225970 2579.4
1225980 2584.2
1225990 2589.5
1226000 2589.5
1226010 2593.6
1226020 2598.2
1226030 2598.2
1226040 2602.8
1226050 2605.7
1226060 2605.7
1226070 2606.3
1226080 2605.4
1226090 2605.4
1226100 2603.2
1226110 2595.7
1226120 2595.7
1226130 2587.2
1226140 2581.1
1226150 2581.1
1226160 2572.1
1226170 2566.4
1226180 2561.9
1226190 2561.9
1226200 2558.5
1226210 2553.7
1226220 2553.7
1226230 2546.8
1226240 2540.1
1226250 2540.1
1226260 2533.8
1226270 2525.6
1226280 2525.6
1226290 2511.3
1226300 2501.0
1226310 2501.0
1226320 2495.0
1226330 2489.0
1226340 2489.0
1226350 2484.1
1226360 2478.0
1226370 2470.4
1226380 2470.4
1226390 2461.7
1226400 2455.6
1226410 2455.6
1226420 2454.8
1226430 2453.3
1226440 2453.3
1226450 2449.7
1226460 2447.9
1226470 2447.9
1226480 2447.1
1226490 2442.9
1226500 2442.9
1226510 2437.3
1226520 2431.3
1226530 2438.2
1226540 2434.0
1226550 2430.4
1226560 2425.8
1226570 2425.8
1226580 2420.0
1226590 2407.1
1226600 2407.1
1226610 2390.0
1226620 2374.6
1226630 2374.6
1226640 2371.9
1226650 2368.0
1226660 2368.0
1226670 2363.1
1226680 2358.6
1226690 2358.6
1226700 2354.5
1226710 2350.9
1226720 2350.9
1226730 2347.5
1226740 2344.2
1226750 2340.0
1226760 2340.0
1226770 2335.4
1226780 2331.3
1226790 2331.3
1226800 2327.1
1226810 2323.8
1226820 2323.8
1226830 2321.5
1226840 2318.3
1226850 2318.3
1226860 2315.1
1226870 2311.8
1226880 2311.8
1226890 2308.3
1226900 2305.7
1226910 2304.4
1226920 2304.4
1226930 2302.1
1226940 2299.7
1226950 2299.7
1226960 2297.7
1226970 2296.1
1226980 2296.1
1226990 2295.4
1227000 2292.8
1227010 2292.8
1227020 2294.0
1227030 2291.8
1227040 2291.8
1227050 2289.7
1227060 2287.8
1227070 2287.8
1227080 2286.4
1227090 2284.9
1227100 2283.4
1227110 2283.4
1227120 2282.4
1227130 2281.4
1227140 2281.4
1227150 2280.2
1227160 2278.5
1227170 2278.5
1227180 2276.6
1227190 2275.4
1227200 2275.4
1227210 2275.5
1227220 2275.3
1227230 2275.3
1227240 2275.4
1227250 2274.4
1227260 2274.4
1227270 2273.4
1227280 2272.7
1227290 2272.0
1227300 2272.0
1227310 2271.2
1227320 2270.6
1227330 2270.6
1227340 2269.9
1227350 2269.7
1227360 2269.7
1227370 2270.0
1227380 2269.9
1227390 2269.9
1227400 2270.1
1227410 2270.1
1227420 2270.1
1227430 2270.5
1227440 2271.0
1227450 2271.0
1227460 2271.4
1227470 2271.7
1227480 2272.0
1227490 2272.0
1227500 2272.3
1227510 2272.4
1227520 2272.4
1227530 2272.7
1227540 2273.0
1227550 2273.0
1227560 2273.3
1227570 2273.5
1227580 2273.5
1227590 2273.7
1227600 2273.9
1227610 2273.9
1227620 2274.1
1227630 2274.5
1227640 2274.5
1227650 2275.1
1227660 2275.5
1227670 2275.8
1227680 2275.8
1227690 2276.0
1227700 2276.3
1227710 2276.3
1227720 2276.6
1227730 2276.8
1227740 2276.8
1227750 2277.0
1227760 2277.3
1227770 2277.3
1227780 2278.5
1227790 2281.0
1227800 2281.0
1227810 2284.2
1227820 2286.0
1227830 2286.0
1227840 2287.1
1227850 2288.5
1227860 2290.6
1227870 2290.6
1227880 2293.4
1227890 2295.8
1227900 2295.8
1227910 2300.5
1227920 2305.5
1227930 2305.5
1227940 2308.9
1227950 2310.6
1227960 2310.6
1227970 2315.2
1227980 2320.2
1227990 2320.2
1228000 2319.5
1228010 2324.0
1228020 2327.5
1228030 2327.5
1228040 2331.9
1228050 2336.7
1228060 2336.7
1228070 2342.2
1228080 2347.0
1228090 2347.0
1228100 2352.1
1228110 2356.5
1228120 2356.5
1228130 2361.8
1228140 2367.6
1228150 2367.6
1228160 2373.3
1228170 2378.5
1228180 2378.5
1228190 2383.3
1228200 2388.9
1228210 2398.1
1228220 2398.1
1228230 2404.9
1228240 2409.8
1228250 2409.8
1228260 2415.1
1228270 2419.0
1228280 2419.0
1228290 2423.6
1228300 2428.0
1228310 2428.0
1228320 2431.9
1228330 2436.2
1228340 2436.2
1228350 2440.8
1228360 2445.1
1228370 2445.1
1228380 2450.5
1228390 2457.8
1228400 2464.7
1228410 2464.7
1228420 2471.6
1228430 2478.6
1228440 2478.6
1228450 2483.8
1228460 2488.8
1228470 2488.8
1228480 2494.3
1228490 2494.7
1228500 2494.7
1228510 2499.5
1228520 2505.6
1228530 2505.6
1228540 2512.3
1228550 2519.7
1228560 2519.7
1228570 2527.0
1228580 2533.1
1228590 2538.3
1228600 2538.3
1228610 2543.8
1228620 2550.3
1228630 2550.3
1228640 2558.0
1228650 2564.7
1228660 2564.7
1228670 2569.6
1228680 2573.4
1228690 2573.4
1228700 2576.4
1228710 2578.4
1228720 2578.4
1228730 2580.6
1228740 2582.3
1228750 2582.3
1228760 2582.8
1228770 2583.2
1228780 2582.3
1228790 2582.3
1228800 2579.5
1228810 2575.2
1228820 2575.2
1228830 2569.0
1228840 2560.8
1228850 2560.8
1228860 2552.9
1228870 2542.0
1228880 2542.0
1228890 2534.1
1228900 2527.1
1228910 2527.1
1228920 2521.3
1228930 2512.6
1228940 2499.9
1228950 2499.9
1228960 2489.0
1228970 2481.0
1228980 2481.0
1228990 2481.3
1229000 2469.8
1229010 2469.8
1229020 2461.2
1229030 2449.6
1229040 2449.6
1229050 2443.2
1229060 2437.9
1229070 2437.9
1229080 2429.4
1229090 2415.7
1229100 2415.7
1229110 2407.4
1229120 2400.6
1229130 2395.4
1229140 2395.4
1229150 2390.4
1229160 2385.2
1229170 2385.2
1229180 2381.7
1229190 2379.7
1229200 2379.7
1229210 2378.8
1229220 2377.0
1229230 2377.0
1229240 2373.7
1229250 2371.0
1229260 2371.0
1229270 2369.3
1229280 2366.9
1229290 2366.9
1229300 2364.0
1229310 2363.1
1229320 2362.5
1229330 2362.5
1229340 2360.8
1229350 2359.3
1229360 2359.3
1229370 2359.0
1229380 2359.1
1229390 2359.1
1229400 2359.5
1229410 2358.3
1229420 2358.3
1229430 2358.3
1229440 2359.6
1229450 2359.6
1229460 2360.6
1229470 2361.9
1229480 2361.6
1229490 2363.3
1229500 2365.9
1229510 2368.9
1229520 2368.9
1229530 2372.4
1229540 2375.4
1229550 2375.4
1229560 2378.9
1229570 2382.2
1229580 2382.2
1229590 2385.3
1229600 2388.8
1229610 2388.8
1229620 2393.0
1229630 2397.9
1229640 2397.9
1229650 2402.5
1229660 2406.4
1229670 2406.4
1229680 2411.7
1229690 2417.2
1229700 2421.1
1229710 2421.1
1229720 2425.5
1229730 2431.1
1229740 2431.1
1229750 2438.9
1229760 2447.7
1229770 2447.7
1229780 2453.9
1229790 2458.4
1229800 2458.4
1229810 2463.5
1229820 2470.7
1229830 2470.7
1229840 2479.0
1229850 2489.3
1229860 2500.1
1229870 2500.1
1229880 2509.1
1229890 2519.4
1229900 2519.4
1229910 2527.3
1229920 2535.9
1229930 2535.9
1229940 2546.3
1229950 2553.5
1229960 2553.5
1229970 2558.7
1229980 2560.0
1229990 2560.0
1230000 2564.6
1230010 2569.8
1230020 2569.8
1230030 2575.3
1230040 2581.3
1230050 2589.0
1230060 2589.0
1230070 2596.3
1230080 2603.1
1230090 2603.1
1230100 2608.9
1230110 2614.8
1230120 2614.8
1230130 2622.0
1230140 2629.8
1230150 2629.8
1230160 2638.1
1230170 2645.4
1230180 2645.4
1230190 2652.2
1230200 2658.8
1230210 2658.8
1230220 2665.9
1230230 2673.5
1230240 2680.2
1230250 2680.2
1230260 2686.2
1230270 2692.5
1230280 2692.5
1230290 2698.5
1230300 2703.3
1230310 2703.3
1230320 2707.0
1230330 2710.0
1230340 2710.0
1230350 2711.5
1230360 2711.1
1230370 2711.1
1230380 2711.5
1230390 2716.5
1230400 2716.5
1230410 2722.7
1230420 2729.2
1230430 2736.2
1230440 2736.2
1230450 2742.1
1230460 2746.8
1230470 2743.7
1230480 2747.9
1230490 2752.3
1230500 2752.3
1230510 2756.8
1230520 2761.5
1230530 2761.5
1230540 2766.5
1230550 2770.5
1230560 2770.5
1230570 2772.3
1230580 2774.6
1230590 2774.6
1230600 2778.4
1230610 2785.6
1230620 2793.3
1230630 2793.3
1230640 2798.0
1230650 2802.6
1230660 2802.6
1230670 2808.0
1230680 2813.1
1230690 2813.1
1230700 2817.2
1230710 2819.0
1230720 2819.0
1230730 2822.6
1230740 2834.3
1230750 2834.3
1230760 2844.6
1230770 2851.8
1230780 2864.2
1230790 2864.2
1230800 2877.8
1230810 2874.4
1230820 2874.4
1230830 2862.8
1230840 2861.3
1230850 2861.3
1230860 2871.0
1230870 2881.7
1230880 2881.7
1230890 2890.7
1230900 2897.8
1230910 2897.8
1230920 2898.1
1230930 2890.1
1230940 2890.1
1230950 2888.1
1230960 2894.6
1230970 2903.6
1230980 2903.6
1230990 2908.4
1231000 2901.4
1231010 2901.4
1231020 2903.1
1231030 2912.6
1231040 2912.6
1231050 2925.9
1231060 2939.9
1231070 2939.9
1231080 2946.4
1231090 2951.4
1231100 2951.4
1231110 2956.9
1231120 2962.7
1231130 2962.7
1231140 2967.8
1231150 2971.0
1231160 2971.9
1231170 2971.9
1231180 2978.1
1231190 2984.4
1231200 2984.4
1231210 2992.3
1231220 2999.2
1231230 2999.2
1231240 3004.9
1231250 3012.1
1231260 3012.1
1231270 3020.7
1231280 3029.3
1231290 3029.3
1231300 3036.5
1231310 3043.4
1231320 3043.4
1231330 3047.9
1231340 3045.4
1231350 3039.5
1231360 3039.5
1231370 3035.4
1231380 3032.1
1231390 3032.1
1231400 3027.9
1231410 3024.3
1231420 3024.3
1231430 3022.7
1231440 3023.5
1231450 3023.5
1231460 3024.2
1231470 3027.7
1231480 3027.7
1231490 3015.0
1231500 3004.6
1231510 3004.6
1231520 2987.1
1231530 2973.4
1231540 2968.5
1231550 2968.5
1231560 2968.0
1231570 2954.9
1231580 2954.9
1231590 2939.8
1231600 2929.3
1231610 2929.3
1231620 2924.0
1231630 2921.0
1231640 2921.0
1231650 2917.9
1231660 2913.8
1231670 2913.8
1231680 2908.9
1231690 2906.6
1231700 2906.6
1231710 2904.9
1231720 2904.8
1231730 2905.8
1231740 2905.8
1231750 2908.4
1231760 2911.7
1231770 2911.7
1231780 2914.4
1231790 2917.3
1231800 2917.3
1231810 2919.5
1231820 2921.8
1231830 2921.8
1231840 2923.3
1231850 2924.3
1231860 2924.3
1231870 2924.4
1231880 2923.3
1231890 2921.1
1231900 2921.1
1231910 2918.9
1231920 2917.3
1231930 2917.3
1231940 2916.6
1231950 2917.0
1231960 2917.0
1231970 2925.7
1231980 2930.7
1231990 2930.7
1232000 2938.9
1232010 2944.3
1232020 2944.3
1232030 2948.1
1232040 2952.1
1232050 2952.1
1232060 2957.6
1232070 2964.7
1232080 2969.4
1232090 2969.4
1232100 2950.6
1232110 2929.0
1232120 2929.0
1232130 2914.7
1232140 2903.8
1232150 2903.8
1232160 2896.4
1232170 2886.6
1232180 2886.6
1232190 2882.5
1232200 2879.3
1232210 2879.3
1232220 2877.0
1232230 2877.0
1232240 2877.0
1232250 2875.8
1232260 2875.4
1232270 2877.6
1232280 2877.6
1232290 2879.6
1232300 2880.8
1232310 2880.8
1232320 2882.3
1232330 2883.8
1232340 2883.8
1232350 2885.2
1232360 2886.7
1232370 2886.7
1232380 2888.3
1232390 2890.0
1232400 2890.0
1232410 2891.5
1232420 2893.6
1232430 2893.6
1232440 2895.7
1232450 2897.5
1232460 2900.2
1232470 2905.4
1232480 2912.4
1232490 2922.4
1232500 2922.4
1232510 2935.4
1232520 2944.8
1232530 2944.8
1232540 2953.3
1232550 2964.2
1232560 2964.2
1232570 2975.8
1232580 2981.2
1232590 2981.2
1232600 2977.9
1232610 2968.6
1232620 2968.6
1232630 2958.3
1232640 2953.6
1232650 2951.0
1232660 2951.0
1232670 2947.9
1232680 2944.8
1232690 2944.8
1232700 2943.3
1232710 2942.7
1232720 2942.7
1232730 2942.5
1232740 2942.2
1232750 2942.2
1232760 2941.4
1232770 2940.1
1232780 2940.1
1232790 2938.3
1232800 2936.3
1232810 2933.8
1232820 2933.8
1232830 2930.8
1232840 2927.1
1232850 2927.1
1232860 2923.2
1232870 2919.6
1232880 2919.6
1232890 2916.3
1232900 2913.1
1232910 2913.1
1232920 2910.1
1232930 2907.1
1232940 2907.1
1232950 2904.2
1232960 2901.6
1232970 2903.7
1232980 2901.2
1232990 2898.8
1233000 2896.4
1233010 2896.4
1233020 2893.9
1233030 2891.5
1233040 2891.5
1233050 2888.9
1233060 2886.3
1233070 2886.3
1233080 2883.7
1233090 2880.8
1233100 2880.8
1233110 2877.6
1233120 2874.1
1233130 2874.1
1233140 2870.5
1233150 2867.0
1233160 2867.0
1233170 2863.6
1233180 2860.2
1233190 2856.6
1233200 2856.6
1233210 2853.0
1233220 2853.5
1233230 2853.5
1233240 2854.8
1233250 2851.1
1233260 2851.1
1233270 2848.3
1233280 2849.2
1233290 2849.2
1233300 2847.0
1233310 2845.5
1233320 2845.5
1233330 2846.6
1233340 2847.9
1233350 2847.9
1233360 2846.4
1233370 2839.9
1233380 2831.5
1233390 2831.5
1233400 2822.9
1233410 2815.6
1233420 2815.6
1233430 2811.9
1233440 2801.7
1233450 2801.7
1233460 2796.4
1233470 2790.3
1233480 2790.3
1233490 2772.2
1233500 2757.9
1233510 2757.9
1233520 2744.8
1233530 2738.6
1233540 2738.6
