1220000 2885.3
1220010 2888.3
1220020 2891.4
1220030 2894.7
1220040 2894.7
1220050 2898.0
1220060 2901.1
1220070 2901.1
1220080 2904.2
1220090 2907.2
1220100 2907.2
1220110 2910.2
1220120 2913.2
1220130 2913.2
1220140 2916.4
1220150 2919.7
1220160 2919.7
1220170 2923.1
1220180 2926.4
1220190 2926.4
1220200 2929.6
1220210 2932.8
1220220 2935.7
1220230 2935.7
1220240 2938.4
1220250 2940.6
1220260 2940.6
1220270 2942.9
1220280 2944.7
1220290 2944.7
1220300 2946.2
1220310 2947.6
1220320 2947.6
1220330 2948.9
1220340 2950.0
1220350 2952.6
1220360 2953.5
1220370 2954.3
1220380 2954.3
1220390 2955.0
1220400 2955.6
1220410 2956.1
1220420 2956.1
1220430 2956.4
1220440 2956.6
1220450 2956.6
1220460 2957.0
1220470 2957.4
1220480 2957.4
1220490 2958.0
1220500 2958.6
1220510 2958.6
1220520 2959.5
1220530 2960.5
1220540 2960.5
1220550 2961.6
1220560 2962.7
1220570 2962.7
1220580 2963.6
1220590 2964.6
1220600 2965.7
1220610 2965.7
1220620 2966.5
1220630 2968.0
1220640 2968.0
1220650 2969.8
1220660 2972.3
1220670 2972.3
1220680 2975.0
1220690 2977.3
1220700 2977.3
1220710 2979.0
1220720 2980.0
1220730 2980.0
1220740 2980.4
1220750 2980.3
1220760 2980.3
1220770 2979.8
1220780 2979.1
1220790 2978.5
1220800 2978.5
1220810 2979.0
1220820 2980.7
1220830 2981.8
1220840 2984.7
1220850 2988.3
1220860 2988.3
1220870 2992.3
1220880 2996.4
1220890 2996.4
1220900 3000.3
1220910 3004.1
1220920 3004.1
1220930 3007.8
1220940 3012.0
1220950 3012.0
1220960 3015.8
1220970 3021.2
1220980 3026.9
1220990 3026.9
1221000 3032.1
1221010 3037.1
1221020 3037.1
1221030 3042.3
1221040 3047.4
1221050 3047.4
1221060 3052.6
1221070 3058.6
1221080 3058.6
1221090 3064.9
1221100 3071.2
1221110 3071.2
1221120 3077.4
1221130 3083.7
1221140 3089.8
1221150 3089.8
1221160 3095.5
1221170 3101.1
1221180 3101.1
1221190 3107.2
1221200 3116.7
1221210 3116.7
1221220 3128.8
1221230 3139.9
1221240 3139.9
1221250 3151.8
1221260 3159.9
1221270 3159.9
1221280 3166.7
1221290 3173.0
1221300 3176.2
1221310 3182.7
1221320 3192.2
1221330 3199.3
1221340 3199.3
1221350 3202.4
1221360 3205.9
1221370 3205.9
1221380 3210.3
1221390 3217.3
1221400 3217.3
1221410 3225.8
1221420 3234.5
1221430 3234.5
1221440 3240.1
1221450 3246.6
1221460 3246.6
1221470 3253.4
1221480 3260.2
1221490 3260.2
1221500 3268.3
1221510 3275.6
1221520 3277.8
1221530 3277.8
1221540 3270.1
1221550 3260.0
1221560 3260.0
1221570 3250.3
1221580 3243.0
1221590 3243.0
1221600 3235.6
1221610 3228.1
1221620 3228.1
1221630 3223.1
1221640 3220.8
1221650 3220.8
1221660 3219.4
1221670 3218.4
1221680 3218.4
1221690 3217.4
1221700 3216.3
1221710 3215.0
1221720 3215.0
1221730 3213.7
1221740 3212.3
1221750 3212.3
1221760 3210.8
1221770 3209.3
1221780 3209.5
1221790 3207.9
1221800 3206.3
1221810 3206.3
1221820 3204.7
1221830 3203.1
1221840 3203.1
1221850 3201.6
1221860 3200.1
1221870 3200.1
1221880 3198.7
1221890 3197.3
1221900 3195.9
1221910 3195.9
1221920 3194.5
1221930 3193.1
1221940 3193.1
1221950 3191.7
1221960 3190.4
1221970 3190.4
1221980 3189.0
1221990 3187.6
1222000 3187.6
1222010 3186.1
1222020 3184.7
1222030 3184.7
1222040 3183.2
1222050 3181.7
1222060 3181.7
1222070 3180.1
1222080 3178.5
1222090 3176.9
1222100 3176.9
1222110 3175.2
1222120 3173.5
1222130 3173.5
1222140 3171.8
1222150 3170.0
1222160 3170.0
1222170 3168.2
1222180 3166.3
1222190 3166.3
1222200 3164.5
1222210 3162.6
1222220 3162.6
1222230 3160.7
1222240 3159.1
1222250 3159.1
1222260 3158.8
1222270 3156.3
1222280 3157.5
1222290 3157.5
1222300 3158.8
1222310 3156.4
1222320 3156.4
1222330 3151.1
1222340 3148.2
1222350 3148.2
1222360 3146.7
1222370 3148.2
1222380 3148.2
1222390 3149.2
1222400 3148.2
1222410 3148.2
1222420 3148.0
1222430 3145.7
1222440 3145.7
1222450 3144.4
1222460 3140.4
1222470 3133.6
1222480 3133.6
1222490 3131.4
1222500 3129.0
1222510 3129.0
1222520 3125.5
1222530 3120.5
1222540 3120.5
1222550 3118.3
1222560 3115.9
1222570 3115.9
1222580 3112.2
1222590 3107.3
1222600 3107.3
1222610 3099.3
1222620 3087.3
1222630 3078.3
1222640 3078.3
1222650 3070.7
1222660 3063.3
1222670 3063.3
1222680 3055.8
1222690 3051.6
1222700 3051.6
1222710 3050.1
1222720 3047.3
1222730 3047.3
1222740 3038.9
1222750 3025.7
1222760 3025.7
1222770 3015.9
1222780 3009.1
1222790 3009.1
1222800 2998.6
1222810 2985.1
1222820 2975.0
1222830 2975.0
1222840 2966.0
1222850 2956.4
1222860 2956.4
1222870 2947.2
1222880 2936.2
1222890 2936.2
1222900 2926.7
1222910 2919.9
1222920 2919.9
1222930 2914.4
1222940 2908.8
1222950 2908.8
1222960 2903.0
1222970 2896.8
1222980 2896.8
1222990 2890.4
1223000 2883.0
1223010 2874.0
1223020 2874.0
1223030 2867.7
1223040 2862.8
1223050 2862.8
1223060 2858.1
1223070 2852.9
1223080 2852.9
1223090 2844.4
1223100 2832.1
1223110 2832.1
1223120 2825.9
1223130 2820.1
1223140 2820.1
1223150 2811.3
1223160 2797.5
1223170 2797.5
1223180 2785.9
1223190 2780.4
1223200 2775.7
1223210 2775.7
1223220 2770.5
1223230 2766.4
1223240 2766.4
1223250 2761.0
1223260 2755.8
1223270 2755.8
1223280 2750.4
1223290 2745.1
1223300 2745.1
1223310 2739.7
1223320 2734.3
1223330 2734.3
1223340 2728.9
1223350 2723.6
1223360 2723.6
1223370 2718.3
1223380 2713.4
1223390 2708.4
1223400 2708.4
1223410 2703.3
1223420 2698.2
1223430 2698.2
1223440 2693.3
1223450 2688.5
1223460 2688.5
1223470 2683.8
1223480 2679.0
1223490 2679.0
1223500 2674.5
1223510 2669.9
1223520 2669.9
1223530 2665.5
1223540 2661.2
1223550 2661.2
1223560 2657.1
1223570 2653.1
1223580 2649.0
1223590 2649.0
1223600 2645.1
1223610 2641.9
1223620 2641.9
1223630 2639.1
1223640 2636.3
1223650 2636.3
1223660 2634.0
1223670 2633.0
1223680 2633.0
1223690 2633.0
1223700 2632.8
1223710 2634.3
1223720 2634.3
1223730 2632.5
1223740 2632.5
1223750 2631.6
1223760 2627.8
1223770 2625.6
1223780 2625.6
1223790 2622.4
1223800 2616.6
1223810 2616.6
1223820 2609.4
1223830 2602.0
1223840 2602.0
1223850 2595.0
1223860 2587.9
1223870 2587.9
1223880 2581.1
1223890 2574.4
1223900 2574.4
1223910 2568.3
1223920 2562.0
1223930 2562.0
1223940 2557.1
1223950 2551.9
1223960 2545.3
1223970 2545.3
1223980 2539.0
1223990 2527.7
1224000 2527.7
1224010 2517.4
1224020 2510.3
1224030 2510.3
1224040 2504.0
1224050 2499.6
1224060 2499.6
1224070 2497.7
1224080 2497.6
1224090 2497.6
1224100 2496.6
1224110 2493.0
1224120 2493.0
1224130 2489.1
1224140 2485.9
1224150 2480.7
1224160 2480.7
1224170 2475.1
1224180 2470.6
1224190 2470.6
1224200 2465.3
1224210 2461.8
1224220 2461.8
1224230 2458.2
1224240 2452.8
1224250 2452.8
1224260 2446.1
1224270 2439.1
1224280 2439.1
1224290 2432.7
1224300 2428.1
1224310 2423.6
1224320 2423.6
1224330 2419.5
1224340 2415.2
1224350 2415.2
1224360 2410.7
1224370 2406.5
1224380 2406.5
1224390 2403.0
1224400 2399.8
1224410 2399.8
1224420 2396.0
1224430 2391.5
1224440 2391.5
1224450 2385.9
1224460 2379.5
1224470 2379.5
1224480 2372.8
1224490 2365.4
1224500 2356.8
1224510 2356.8
1224520 2349.9
1224530 2344.9
1224540 2344.9
1224550 2340.8
1224560 2334.6
1224570 2334.6
1224580 2327.8
1224590 2321.3
1224600 2321.3
1224610 2313.7
1224620 2307.5
1224630 2307.5
1224640 2302.2
1224650 2299.0
1224660 2299.0
1224670 2297.1
1224680 2293.6
1224690 2290.2
1224700 2290.2
1224710 2288.0
1224720 2286.3
1224730 2286.3
1224740 2283.9
1224750 2280.5
1224760 2280.5
1224770 2275.0
1224780 2267.4
1224790 2267.4
1224800 2259.8
1224810 2252.0
1224820 2252.0
1224830 2245.2
1224840 2238.2
1224850 2238.2
1224860 2228.7
1224870 2219.4
1224880 2213.1
1224890 2213.1
1224900 2209.3
1224910 2204.7
1224920 2204.7
1224930 2199.1
1224940 2193.6
1224950 2193.6
1224960 2186.3
1224970 2177.6
1224980 2177.6
1224990 2170.5
1225000 2166.5
1225010 2166.5
1225020 2162.7
1225030 2158.1
1225040 2158.1
1225050 2154.7
1225060 2153.0
1225070 2151.3
1225080 2151.3
1225090 2149.1
1225100 2144.1
1225110 2144.1
1225120 2132.0
1225130 2124.2
1225140 2124.2
1225150 2119.1
1225160 2113.6
1225170 2111.4
1225180 2106.1
1225190 2099.4
1225200 2099.4
1225210 2094.3
1225220 2089.5
1225230 2089.5
1225240 2083.9
1225250 2079.8
1225260 2078.6
1225270 2078.6
1225280 2080.6
1225290 2085.1
1225300 2085.1
1225310 2087.1
1225320 2088.7
1225330 2088.7
1225340 2091.8
1225350 2090.3
1225360 2090.3
1225370 2085.9
1225380 2081.6
1225390 2081.6
1225400 2075.1
1225410 2071.5
1225420 2071.5
1225430 2069.5
1225440 2066.2
1225450 2060.0
1225460 2060.0
1225470 2054.6
1225480 2047.6
1225490 2047.6
1225500 2035.6
1225510 2026.9
1225520 2026.9
1225530 2018.1
1225540 2002.3
1225550 2002.3
1225560 1978.6
1225570 1963.3
1225580 1963.3
1225590 1965.4
1225600 1975.6
1225610 1975.6
1225620 1988.4
1225630 1999.7
1225640 2004.4
1225650 2004.4
1225660 2006.3
1225670 2006.5
1225680 2006.5
1225690 2008.3
1225700 2011.1
1225710 2011.1
1225720 2011.7
1225730 2010.7
1225740 2010.7
1225750 2009.0
1225760 2006.5
1225770 2006.5
1225780 2005.1
1225790 2006.0
1225800 2007.3
1225810 2007.3
1225820 2008.3
1225830 2009.3
1225840 2009.3
1225850 2011.3
1225860 2012.2
1225870 2012.2
1225880 2012.8
1225890 2014.4
1225900 2014.4
1225910 2016.5
1225920 2019.6
1225930 2019.6
1225940 2022.7
1225950 2016.9
1225960 2016.9
1225970 1994.8
1225980 1980.1
1225990 1983.1
1226000 1983.1
1226010 1991.0
1226020 2002.3
1226030 2002.3
1226040 2015.2
1226050 2029.0
1226060 2029.0
1226070 2040.6
1226080 2050.5
1226090 2050.5
1226100 2058.9
1226110 2065.3
1226120 2065.3
1226130 2068.6
1226140 2071.8
1226150 2071.8
1226160 2074.9
1226170 2076.6
1226180 2078.6
1226190 2078.6
1226200 2080.3
1226210 2081.3
1226220 2081.3
1226230 2080.2
1226240 2076.9
1226250 2076.9
1226260 2076.4
1226270 2079.1
1226280 2079.1
1226290 2081.0
1226300 2082.4
1226310 2082.4
1226320 2083.5
1226330 2084.6
1226340 2084.6
1226350 2086.1
1226360 2087.8
1226370 2089.2
1226380 2089.2
1226390 2090.8
1226400 2093.5
1226410 2093.5
1226420 2095.4
1226430 2099.2
1226440 2099.2
1226450 2099.2
1226460 2097.8
1226470 2097.8
1226480 2097.5
1226490 2097.2
1226500 2097.2
1226510 2098.3
1226520 2100.5
1226530 2100.5
1226540 2105.0
1226550 2107.8
1226560 2107.6
1226570 2107.6
1226580 2107.4
1226590 2108.2
1226600 2108.2
1226610 2111.7
1226620 2115.2
1226630 2119.5
1226640 2122.0
1226650 2124.5
1226660 2124.5
1226670 2128.5
1226680 2131.9
1226690 2131.9
1226700 2133.0
1226710 2133.9
1226720 2133.9
1226730 2133.5
1226740 2133.7
1226750 2134.6
1226760 2134.6
1226770 2137.4
1226780 2139.9
1226790 2139.9
1226800 2136.7
1226810 2134.2
1226820 2134.2
1226830 2133.7
1226840 2133.6
1226850 2133.6
1226860 2133.0
1226870 2132.8
1226880 2132.8
1226890 2133.3
1226900 2134.9
1226910 2134.9
1226920 2135.5
1226930 2135.9
1226940 2135.0
1226950 2135.0
1226960 2131.8
1226970 2130.1
1226980 2130.1
1226990 2131.6
1227000 2134.6
1227010 2134.6
1227020 2139.5
1227030 2141.8
1227040 2141.8
1227050 2143.2
1227060 2144.9
1227070 2144.9
1227080 2146.8
1227090 2148.5
1227100 2148.5
1227110 2150.8
1227120 2154.3
1227130 2159.2
1227140 2159.2
1227150 2165.2
1227160 2170.1
1227170 2170.1
1227180 2174.5
1227190 2178.9
1227200 2178.9
1227210 2182.3
1227220 2185.8
1227230 2185.8
1227240 2191.2
1227250 2195.8
1227260 2195.8
1227270 2201.0
1227280 2206.8
1227290 2206.8
1227300 2211.9
1227310 2216.6
1227320 2219.9
1227330 2219.9
1227340 2221.9
1227350 2224.8
1227360 2224.8
1227370 2228.0
1227380 2230.1
1227390 2230.1
1227400 2230.6
1227410 2231.6
1227420 2231.6
1227430 2231.9
1227440 2232.8
1227450 2232.8
1227460 2233.5
1227470 2232.1
1227480 2229.7
1227490 2229.7
1227500 2227.4
1227510 2225.1
1227520 2225.1
1227530 2223.4
1227540 2220.4
1227550 2220.4
1227560 2218.2
1227570 2217.1
1227580 2217.1
1227590 2214.4
1227600 2208.9
1227610 2215.2
1227620 2209.5
1227630 2202.8
1227640 2202.8
1227650 2200.8
1227660 2207.0
1227670 2213.6
1227680 2213.6
1227690 2219.0
1227700 2224.4
1227710 2224.4
1227720 2229.8
1227730 2234.9
1227740 2234.9
1227750 2239.3
1227760 2242.3
1227770 2242.3
1227780 2244.3
1227790 2247.3
1227800 2247.3
1227810 2254.4
1227820 2260.3
1227830 2260.3
1227840 2267.5
1227850 2272.1
1227860 2276.8
1227870 2276.8
1227880 2282.6
1227890 2287.8
1227900 2287.8
1227910 2291.5
1227920 2296.0
1227930 2296.0
1227940 2301.1
1227950 2303.5
1227960 2303.5
1227970 2305.8
1227980 2310.7
1227990 2310.7
1228000 2315.8
1228010 2320.0
1228020 2320.0
1228030 2322.5
1228040 2325.8
1228050 2330.2
1228060 2330.2
1228070 2335.1
1228080 2339.7
1228090 2339.7
1228100 2344.2
1228110 2349.1
1228120 2349.1
1228130 2353.1
1228140 2355.6
1228150 2355.6
1228160 2360.2
1228170 2365.4
1228180 2365.4
1228190 2371.8
1228200 2378.9
1228210 2378.9
1228220 2386.8
1228230 2395.0
1228240 2402.1
1228250 2402.1
1228260 2408.4
1228270 2412.8
1228280 2412.8
1228290 2416.8
1228300 2421.8
1228310 2421.8
1228320 2426.2
1228330 2430.1
1228340 2430.1
1228350 2434.4
1228360 2438.3
1228370 2438.3
1228380 2442.2
1228390 2445.1
1228400 2445.1
1228410 2448.1
1228420 2450.3
1228430 2452.2
1228440 2452.2
1228450 2453.8
1228460 2454.9
1228470 2454.9
1228480 2456.5
1228490 2458.9
1228500 2458.9
1228510 2462.7
1228520 2467.4
1228530 2467.4
1228540 2472.0
1228550 2477.0
1228560 2477.0
1228570 2482.1
1228580 2488.0
1228590 2488.0
1228600 2491.4
1228610 2496.6
1228620 2501.8
1228630 2501.8
1228640 2507.3
1228650 2512.8
1228660 2512.8
1228670 2519.1
1228680 2526.7
1228690 2526.7
1228700 2534.2
1228710 2541.1
1228720 2541.1
1228730 2547.8
1228740 2554.8
1228750 2554.8
1228760 2561.3
1228770 2567.2
1228780 2567.2
1228790 2572.9
1228800 2579.2
1228810 2586.1
1228820 2586.1
1228830 2592.6
1228840 2598.3
1228850 2598.3
1228860 2601.6
1228870 2603.5
1228880 2603.5
1228890 2607.4
1228900 2610.3
1228910 2610.3
1228920 2611.3
1228930 2612.7
1228940 2612.7
1228950 2615.1
1228960 2617.3
1228970 2618.6
1228980 2618.6
1228990 2621.1
1229000 2624.5
1229010 2624.5
1229020 2627.2
1229030 2628.6
1229040 2628.6
1229050 2629.9
1229060 2633.2
1229070 2633.2
1229080 2637.0
1229090 2640.4
1229100 2640.4
1229110 2641.1
1229120 2642.0
1229130 2642.0
1229140 2642.0
1229150 2641.9
1229160 2642.9
1229170 2642.9
1229180 2645.3
1229190 2647.1
1229200 2647.1
1229210 2648.3
1229220 2649.0
1229230 2649.0
1229240 2650.0
1229250 2651.0
1229260 2651.0
1229270 2654.1
1229280 2658.0
1229290 2658.0
1229300 2660.6
1229310 2662.9
1229320 2662.9
1229330 2665.7
1229340 2668.7
1229350 2671.7
1229360 2671.7
1229370 2674.0
1229380 2676.2
1229390 2676.2
1229400 2678.4
1229410 2680.7
1229420 2680.7
1229430 2683.4
1229440 2686.5
1229450 2686.5
1229460 2689.1
1229470 2690.7
1229480 2690.7
1229490 2692.2
1229500 2694.2
1229510 2694.2
1229520 2697.2
1229530 2700.7
1229540 2704.0
1229550 2704.0
1229560 2707.8
1229570 2711.5
1229580 2711.5
1229590 2720.3
1229600 2726.4
1229610 2726.4
1229620 2732.4
1229630 2735.0
1229640 2735.0
1229650 2736.9
1229660 2743.6
1229670 2743.6
1229680 2748.8
1229690 2752.9
1229700 2752.9
1229710 2757.0
1229720 2762.4
1229730 2768.4
1229740 2768.4
1229750 2773.4
1229760 2777.9
1229770 2777.9
1229780 2782.0
1229790 2786.6
1229800 2786.6
1229810 2790.6
1229820 2795.5
1229830 2795.5
1229840 2800.7
1229850 2806.2
1229860 2806.2
1229870 2811.1
1229880 2815.1
1229890 2815.1
1229900 2818.8
1229910 2822.8
1229920 2826.8
1229930 2826.8
1229940 2830.9
1229950 2834.8
1229960 2834.8
1229970 2838.0
1229980 2840.4
1229990 2840.4
1230000 2842.4
1230010 2844.0
1230020 2844.0
1230030 2846.8
1230040 2850.7
1230050 2850.7
1230060 2854.2
1230070 2858.9
1230080 2864.0
1230090 2868.4
1230100 2872.1
1230110 2876.6
1230120 2876.6
1230130 2881.5
1230140 2886.6
1230150 2886.6
1230160 2884.6
1230170 2870.9
1230180 2870.9
1230190 2856.7
1230200 2843.8
1230210 2843.8
1230220 2829.8
1230230 2821.4
1230240 2821.4
1230250 2812.7
1230260 2787.9
1230270 2787.9
1230280 2772.7
1230290 2759.0
1230300 2746.9
1230310 2746.9
1230320 2746.1
1230330 2749.6
1230340 2749.6
1230350 2752.1
1230360 2748.6
1230370 2748.6
1230380 2733.9
1230390 2726.0
1230400 2726.0
1230410 2709.2
1230420 2702.9
1230430 2702.9
1230440 2701.6
1230450 2696.8
1230460 2686.4
1230470 2686.4
1230480 2676.0
1230490 2664.6
1230500 2664.6
1230510 2652.9
1230520 2647.4
1230530 2647.4
1230540 2641.6
1230550 2635.5
1230560 2635.5
1230570 2630.0
1230580 2629.8
1230590 2629.8
1230600 2626.2
1230610 2623.4
1230620 2623.4
1230630 2621.2
1230640 2617.2
1230650 2612.0
1230660 2612.0
1230670 2608.3
1230680 2604.8
1230690 2604.8
1230700 2599.8
1230710 2594.0
1230720 2594.0
1230730 2589.3
1230740 2584.7
1230750 2584.7
1230760 2580.2
1230770 2575.4
1230780 2575.4
1230790 2569.9
1230800 2564.2
1230810 2564.2
1230820 2559.1
1230830 2553.3
1230840 2547.8
1230850 2547.8
1230860 2542.7
1230870 2537.6
1230880 2537.6
1230890 2533.5
1230900 2530.2
1230910 2530.2
1230920 2526.9
1230930 2523.5
1230940 2523.5
1230950 2519.7
1230960 2515.2
1230970 2515.2
1230980 2510.5
1230990 2505.9
1231000 2505.9
1231010 2501.4
1231020 2497.0
1231030 2491.2
1231040 2491.2
1231050 2486.6
1231060 2483.7
1231070 2483.7
1231080 2481.1
1231090 2477.5
1231100 2477.5
1231110 2473.0
1231120 2469.7
1231130 2469.7
1231140 2465.8
1231150 2462.3
1231160 2462.3
1231170 2460.8
1231180 2459.8
1231190 2459.8
1231200 2458.5
1231210 2458.5
1231220 2459.3
1231230 2459.3
1231240 2460.5
1231250 2461.4
1231260 2461.4
1231270 2462.5
1231280 2463.9
1231290 2463.9
1231300 2464.9
1231310 2465.5
1231320 2465.5
1231330 2467.2
1231340 2470.2
1231350 2470.2
1231360 2473.6
1231370 2477.5
1231380 2477.5
1231390 2481.9
1231400 2486.3
1231410 2490.8
1231420 2490.8
1231430 2496.3
1231440 2502.1
1231450 2502.1
1231460 2509.3
1231470 2516.9
1231480 2516.9
1231490 2524.3
1231500 2532.4
1231510 2532.4
1231520 2540.4
1231530 2546.1
1231540 2546.1
1231550 2549.9
1231560 2553.3
1231570 2553.3
1231580 2559.1
1231590 2563.9
1231600 2569.2
1231610 2569.2
1231620 2575.0
1231630 2581.3
1231640 2581.3
1231650 2588.8
1231660 2596.1
1231670 2596.1
1231680 2603.5
1231690 2611.8
1231700 2611.8
1231710 2621.0
1231720 2630.7
1231730 2630.7
1231740 2642.5
1231750 2653.3
1231760 2653.3
1231770 2660.1
1231780 2665.7
1231790 2670.8
1231800 2670.8
1231810 2679.0
1231820 2686.2
1231830 2686.2
1231840 2690.7
1231850 2694.5
1231860 2694.5
1231870 2697.3
1231880 2700.0
1231890 2700.0
1231900 2702.9
1231910 2706.1
1231920 2706.1
1231930 2709.4
1231940 2712.5
1231950 2715.9
1231960 2715.9
1231970 2719.4
1231980 2723.4
1231990 2723.4
1232000 2728.1
1232010 2733.5
1232020 2733.5
1232030 2739.1
1232040 2744.6
1232050 2744.6
1232060 2750.1
1232070 2756.0
1232080 2755.3
1232090 2760.8
1232100 2766.4
1232110 2766.4
1232120 2772.0
1232130 2778.2
1232140 2785.1
1232150 2785.1
1232160 2791.6
1232170 2797.4
1232180 2797.4
1232190 2803.1
1232200 2809.2
1232210 2809.2
1232220 2815.4
1232230 2821.4
1232240 2821.4
1232250 2827.7
1232260 2833.8
1232270 2833.8
1232280 2839.6
1232290 2845.4
1232300 2845.4
1232310 2850.7
1232320 2855.3
1232330 2859.5
1232340 2859.5
1232350 2864.2
1232360 2869.9
1232370 2869.9
1232380 2875.3
1232390 2880.8
1232400 2880.8
1232410 2886.7
1232420 2892.8
1232430 2892.8
1232440 2898.7
1232450 2904.9
1232460 2904.9
1232470 2910.6
1232480 2916.7
1232490 2916.7
1232500 2924.8
1232510 2934.5
1232520 2944.9
1232530 2944.9
1232540 2955.0
1232550 2967.5
1232560 2967.5
1232570 2977.1
1232580 2964.3
1232590 2964.3
1232600 2947.0
1232610 2930.2
1232620 2930.2
1232630 2914.6
1232640 2900.6
1232650 2900.6
1232660 2890.0
1232670 2883.1
1232680 2883.1
1232690 2876.5
1232700 2871.4
1232710 2867.9
1232720 2867.9
1232730 2869.9
1232740 2871.6
1232750 2871.6
1232760 2872.4
1232770 2863.8
1232780 2863.8
1232790 2854.5
1232800 2847.5
1232810 2847.5
1232820 2842.2
1232830 2836.0
1232840 2836.0
1232850 2834.4
1232860 2840.4
1232870 2840.4
1232880 2846.1
1232890 2840.8
1232900 2830.6
1232910 2830.6
1232920 2819.6
1232930 2804.8
1232940 2804.8
1232950 2796.8
1232960 2796.9
1232970 2796.9
1232980 2794.3
1232990 2784.9
1233000 2784.9
1233010 2775.7
1233020 2766.9
1233030 2766.9
1233040 2759.1
1233050 2751.4
1233060 2751.4
1233070 2744.4
1233080 2725.4
1233090 2712.5
1233100 2712.5
1233110 2698.8
1233120 2689.6
1233130 2689.6
1233140 2684.5
1233150 2676.8
1233160 2676.8
1233170 2668.2
1233180 2660.7
1233190 2660.7
1233200 2654.4
1233210 2645.5
1233220 2645.5
1233230 2632.6
1233240 2623.7
1233250 2623.7
1233260 2623.2
1233270 2623.7
1233280 2618.9
1233290 2618.9
1233300 2610.7
1233310 2604.5
1233320 2604.5
1233330 2601.7
1233340 2603.0
1233350 2603.0
1233360 2606.8
1233370 2609.2
1233380 2609.2
1233390 2608.8
1233400 2607.6
1233410 2607.6
1233420 2605.9
1233430 2602.1
1233440 2597.2
1233450 2597.2
1233460 2592.0
1233470 2585.9
1233480 2585.9
1233490 2579.4
1233500 2572.2
1233510 2572.2
1233520 2565.4
1233530 2560.2
1233540 2560.2
1233550 2554.9
