1220000 2886.3
1220010 2886.3
1220020 2889.9
1220030 2893.3
1220040 2893.9
1220050 2897.2
1220060 2900.4
1220070 2900.4
1220080 2903.1
1220090 2905.6
1220100 2905.6
1220110 2907.9
1220120 2910.3
1220130 2910.3
1220140 2913.1
1220150 2916.4
1220160 2916.4
1220170 2919.7
1220180 2923.0
1220190 2926.4
1220200 2926.4
1220210 2929.6
1220220 2932.5
1220230 2932.5
1220240 2935.2
1220250 2937.7
1220260 2937.7
1220270 2940.0
1220280 2941.7
1220290 2941.7
1220300 2943.5
1220310 2944.9
1220320 2944.9
1220330 2946.2
1220340 2947.3
1220350 2947.3
1220360 2948.5
1220370 2949.4
1220380 2950.2
1220390 2950.2
1220400 2951.0
1220410 2951.5
1220420 2951.5
1220430 2952.0
1220440 2952.5
1220450 2952.5
1220460 2952.9
1220470 2953.4
1220480 2953.4
1220490 2953.9
1220500 2954.6
1220510 2954.6
1220520 2957.3
1220530 2958.3
1220540 2958.3
1220550 2959.4
1220560 2960.4
1220570 2961.0
1220580 2961.0
1220590 2961.9
1220600 2963.0
1220610 2963.0
1220620 2964.8
1220630 2967.4
1220640 2967.4
1220650 2969.9
1220660 2972.6
1220670 2972.6
1220680 2975.3
1220690 2977.4
1220700 2977.4
1220710 2978.8
1220720 2979.7
1220730 2979.7
1220740 2980.1
1220750 2980.1
1220760 2980.0
1220770 2980.0
1220780 2979.7
1220790 2979.5
1220800 2979.5
1220810 2979.4
1220820 2980.5
1220830 2980.5
1220840 2982.7
1220850 2985.7
1220860 2985.7
1220870 2989.1
1220880 2993.0
1220890 2993.0
1220900 2997.6
1220910 3002.0
1220920 3002.0
1220930 3006.3
1220940 3010.3
1220950 3014.0
1220960 3014.0
1220970 3017.6
1220980 3021.7
1220990 3021.7
1221000 3029.7
1221010 3034.1
1221020 3034.1
1221030 3038.9
1221040 3044.0
1221050 3044.0
1221060 3049.8
1221070 3056.2
1221080 3056.2
1221090 3062.4
1221100 3068.6
1221110 3068.6
1221120 3074.5
1221130 3080.3
1221140 3086.1
1221150 3086.1
1221160 3091.7
1221170 3097.5
1221180 3097.5
1221190 3104.6
1221200 3112.9
1221210 3112.9
1221220 3122.7
1221230 3135.3
1221240 3135.3
1221250 3148.4
1221260 3155.2
1221270 3155.2
1221280 3162.8
1221290 3169.3
1221300 3169.3
1221310 3176.0
1221320 3177.6
1221330 3181.4
1221340 3181.4
1221350 3185.7
1221360 3192.9
1221370 3192.9
1221380 3203.0
1221390 3211.0
1221400 3211.0
1221410 3217.8
1221420 3225.4
1221430 3225.4
1221440 3231.8
1221450 3238.6
1221460 3238.6
1221470 3245.5
1221480 3257.1
1221490 3266.3
1221500 3266.3
1221510 3273.9
1221520 3277.9
1221530 3277.9
1221540 3273.7
1221550 3262.0
1221560 3262.0
1221570 3252.1
1221580 3245.1
1221590 3245.1
1221600 3237.4
1221610 3229.4
1221620 3229.4
1221630 3223.6
1221640 3220.9
1221650 3220.9
1221660 3219.3
1221670 3218.1
1221680 3217.0
1221690 3217.0
1221700 3215.8
1221710 3214.5
1221720 3214.5
1221730 3213.2
1221740 3211.9
1221750 3211.9
1221760 3210.5
1221770 3209.0
1221780 3209.0
1221790 3207.6
1221800 3206.1
1221810 3206.1
1221820 3204.6
1221830 3203.2
1221840 3203.2
1221850 3201.8
1221860 3200.3
1221870 3199.0
1221880 3199.0
1221890 3197.6
1221900 3196.3
1221910 3196.3
1221920 3194.9
1221930 3193.6
1221940 3193.6
1221950 3192.2
1221960 3190.6
1221970 3190.6
1221980 3189.3
1221990 3187.9
1222000 3187.9
1222010 3186.5
1222020 3185.0
1222030 3185.0
1222040 3183.5
1222050 3182.0
1222060 3180.5
1222070 3180.5
1222080 3178.9
1222090 3177.3
1222100 3177.3
1222110 3175.6
1222120 3174.0
1222130 3174.0
1222140 3172.3
1222150 3170.5
1222160 3170.5
1222170 3168.7
1222180 3166.9
1222190 3166.9
1222200 3165.1
1222210 3163.3
1222220 3163.3
1222230 3161.6
1222240 3160.1
1222250 3160.0
1222260 3160.0
1222270 3159.9
1222280 3158.7
1222290 3158.7
1222300 3157.5
1222310 3156.3
1222320 3156.3
1222330 3154.4
1222340 3151.3
1222350 3151.3
1222360 3149.2
1222370 3150.1
1222380 3150.1
1222390 3150.4
1222400 3146.9
1222410 3146.9
1222420 3145.2
1222430 3144.4
1222440 3145.5
1222450 3145.5
1222460 3143.3
1222470 3139.8
1222480 3139.8
1222490 3138.2
1222500 3136.7
1222510 3136.7
1222520 3132.9
1222530 3129.6
1222540 3129.6
1222550 3125.9
1222560 3120.1
1222570 3120.1
1222580 3115.3
1222590 3110.5
1222600 3110.5
1222610 3103.3
1222620 3092.0
1222630 3082.3
1222640 3082.3
1222650 3075.3
1222660 3067.5
1222670 3067.5
1222680 3059.2
1222690 3053.3
1222700 3053.3
1222710 3050.8
1222720 3049.9
1222730 3049.9
1222740 3041.4
1222750 3031.7
1222760 3031.7
1222770 3024.6
1222780 3017.6
1222790 3017.6
1222800 3008.2
1222810 2996.9
1222820 2983.2
1222830 2983.2
1222840 2970.8
1222850 2960.1
1222860 2960.1
1222870 2951.3
1222880 2941.1
1222890 2941.1
1222900 2928.6
1222910 2919.4
1222920 2920.0
1222930 2914.2
1222940 2909.4
1222950 2909.4
1222960 2904.2
1222970 2897.7
1222980 2890.7
1222990 2890.7
1223000 2882.3
1223010 2873.3
1223020 2873.3
1223030 2867.7
1223040 2863.2
1223050 2863.2
1223060 2859.4
1223070 2855.5
1223080 2855.5
1223090 2848.0
1223100 2835.2
1223110 2835.2
1223120 2826.1
1223130 2821.1
1223140 2821.1
1223150 2809.9
1223160 2794.5
1223170 2782.7
1223180 2782.7
1223190 2776.8
1223200 2773.2
1223210 2773.2
1223220 2768.6
1223230 2763.8
1223240 2763.8
1223250 2759.0
1223260 2754.2
1223270 2754.2
1223280 2749.0
1223290 2743.8
1223300 2743.8
1223310 2738.7
1223320 2733.5
1223330 2733.5
1223340 2728.3
1223350 2723.2
1223360 2718.0
1223370 2718.0
1223380 2712.9
1223390 2708.0
1223400 2708.0
1223410 2703.5
1223420 2698.3
1223430 2698.3
1223440 2693.3
1223450 2688.4
1223460 2688.4
1223470 2683.6
1223480 2679.0
1223490 2679.0
1223500 2674.3
1223510 2669.6
1223520 2669.6
1223530 2664.9
1223540 2660.6
1223550 2656.5
1223560 2656.5
1223570 2652.4
1223580 2648.4
1223590 2648.4
1223600 2644.6
1223610 2641.1
1223620 2641.1
1223630 2637.6
1223640 2634.7
1223650 2634.7
1223660 2632.0
1223670 2630.4
1223680 2630.4
1223690 2630.5
1223700 2629.9
1223710 2629.9
1223720 2628.5
1223730 2626.1
1223740 2622.2
1223750 2622.2
1223760 2616.0
1223770 2612.0
1223780 2612.0
1223790 2608.7
1223800 2605.6
1223810 2605.6
1223820 2602.6
1223830 2596.4
1223840 2596.4
1223850 2589.0
1223860 2581.2
1223870 2581.2
1223880 2574.1
1223890 2570.8
1223900 2570.8
1223910 2564.8
1223920 2558.8
1223930 2554.5
1223940 2554.5
1223950 2550.2
1223960 2544.1
1223970 2544.1
1223980 2536.8
1223990 2526.7
1224000 2526.7
1224010 2517.7
1224020 2510.4
1224030 2510.4
1224040 2504.3
1224050 2500.1
1224060 2500.1
1224070 2497.8
1224080 2496.4
1224090 2496.4
1224100 2495.6
1224110 2493.0
1224120 2489.8
1224130 2489.8
1224140 2485.9
1224150 2480.9
1224160 2480.9
1224170 2475.8
1224180 2471.1
1224190 2471.1
1224200 2467.2
1224210 2463.3
1224220 2463.3
1224230 2458.9
1224240 2453.6
1224250 2453.6
1224260 2447.5
1224270 2440.1
1224280 2440.1
1224290 2433.9
1224300 2429.1
1224310 2425.1
1224320 2425.1
1224330 2421.2
1224340 2416.6
1224350 2416.6
1224360 2410.4
1224370 2406.4
1224380 2406.4
1224390 2402.6
1224400 2398.4
1224410 2398.4
1224420 2394.9
1224430 2390.4
1224440 2390.4
1224450 2385.0
1224460 2378.1
1224470 2378.1
1224480 2371.0
1224490 2366.7
1224500 2361.4
1224510 2361.4
1224520 2355.3
1224530 2348.6
1224540 2348.6
1224550 2343.7
1224560 2338.7
1224570 2338.7
1224580 2331.8
1224590 2325.1
1224600 2325.1
1224610 2317.4
1224620 2309.9
1224630 2309.9
1224640 2303.6
1224650 2299.1
1224660 2296.4
1224670 2296.4
1224680 2294.4
1224690 2292.6
1224700 2292.6
1224710 2288.0
1224720 2284.2
1224730 2284.2
1224740 2282.3
1224750 2281.0
1224760 2281.0
1224770 2279.0
1224780 2274.4
1224790 2274.4
1224800 2267.1
1224810 2259.4
1224820 2259.4
1224830 2251.9
1224840 2244.4
1224850 2236.8
1224860 2234.7
1224870 2223.9
1224880 2216.0
1224890 2216.0
1224900 2211.5
1224910 2206.6
1224920 2206.6
1224930 2201.1
1224940 2194.7
1224950 2194.7
1224960 2189.0
1224970 2183.3
1224980 2183.3
1224990 2177.7
1225000 2170.6
1225010 2170.6
1225020 2164.6
1225030 2159.3
1225040 2155.1
1225050 2155.1
1225060 2153.3
1225070 2151.9
1225080 2151.9
1225090 2150.1
1225100 2147.3
1225110 2147.3
1225120 2136.0
1225130 2128.3
1225140 2128.3
1225150 2121.3
1225160 2116.8
1225170 2116.8
1225180 2111.6
1225190 2104.9
1225200 2104.9
1225210 2096.0
1225220 2090.9
1225230 2085.6
1225240 2085.6
1225250 2080.7
1225260 2076.8
1225270 2076.8
1225280 2075.5
1225290 2075.7
1225300 2075.7
1225310 2078.2
1225320 2080.7
1225330 2080.7
1225340 2082.5
1225350 2085.9
1225360 2085.9
1225370 2084.8
1225380 2081.6
1225390 2081.6
1225400 2075.9
1225410 2072.7
1225420 2070.7
1225430 2070.7
1225440 2066.6
1225450 2061.1
1225460 2061.1
1225470 2056.0
1225480 2049.4
1225490 2049.4
1225500 2042.0
1225510 2029.7
1225520 2029.7
1225530 2020.0
1225540 2004.9
1225550 2004.9
1225560 1974.1
1225570 1961.9
1225580 1961.9
1225590 1967.0
1225600 1975.6
1225610 1984.1
1225620 1984.1
1225630 1993.0
1225640 1999.6
1225650 1999.6
1225660 2003.5
1225670 2005.0
1225680 2005.0
1225690 2004.9
1225700 2006.1
1225710 2006.1
1225720 2008.0
1225730 2008.1
1225740 2008.1
1225750 2007.0
1225760 2005.2
1225770 2005.2
1225780 2003.0
1225790 2003.1
1225800 2003.1
1225810 2003.1
1225820 2002.4
1225830 2005.7
1225840 2005.7
1225850 2007.8
1225860 2010.0
1225870 2010.0
1225880 2010.5
1225890 2012.3
1225900 2012.3
1225910 2015.3
1225920 2018.7
1225930 2018.7
1225940 2020.5
1225950 2011.0
1225960 2011.0
1225970 1987.5
1225980 1979.0
1225990 1984.1
1226000 1984.1
1226010 1994.1
1226020 2005.6
1226030 2005.6
1226040 2019.8
1226050 2036.5
1226060 2036.5
1226070 2048.5
1226080 2055.4
1226090 2055.4
1226100 2061.4
1226110 2065.7
1226120 2065.7
1226130 2067.4
1226140 2069.6
1226150 2072.6
1226160 2072.6
1226170 2075.7
1226180 2078.3
1226190 2078.3
1226200 2080.3
1226210 2081.3
1226220 2081.3
1226230 2080.4
1226240 2078.0
1226250 2078.0
1226260 2074.6
1226270 2074.2
1226280 2074.2
1226290 2076.3
1226300 2078.7
1226310 2078.7
1226320 2082.4
1226330 2083.1
1226340 2084.5
1226350 2084.5
1226360 2086.0
1226370 2087.7
1226380 2087.7
1226390 2089.4
1226400 2092.0
1226410 2092.0
1226420 2093.3
1226430 2096.8
1226440 2096.8
1226450 2098.6
1226460 2097.3
1226470 2097.3
1226480 2098.1
1226490 2096.7
1226500 2096.7
1226510 2094.6
1226520 2094.8
1226530 2096.9
1226540 2096.9
1226550 2099.0
1226560 2100.5
1226570 2100.5
1226580 2102.1
1226590 2104.5
1226600 2104.5
1226610 2108.7
1226620 2112.1
1226630 2112.1
1226640 2115.4
1226650 2118.8
1226660 2118.8
1226670 2119.7
1226680 2120.5
1226690 2120.5
1226700 2121.9
1226710 2122.7
1226720 2125.9
1226730 2125.9
1226740 2129.8
1226750 2133.0
1226760 2133.0
1226770 2135.0
1226780 2137.1
1226790 2137.1
1226800 2136.7
1226810 2133.7
1226820 2133.7
1226830 2131.7
1226840 2130.7
1226850 2130.7
1226860 2129.7
1226870 2128.9
1226880 2128.9
1226890 2128.5
1226900 2129.9
1226910 2130.7
1226920 2130.7
1226930 2131.5
1226940 2130.2
1226950 2130.2
1226960 2127.3
1226970 2126.7
1226980 2126.7
1226990 2127.7
1227000 2132.1
1227010 2132.1
1227020 2138.0
1227030 2139.7
1227040 2139.7
1227050 2140.9
1227060 2142.6
1227070 2142.6
1227080 2144.0
1227090 2146.2
1227100 2149.1
1227110 2149.1
1227120 2152.7
1227130 2155.4
1227140 2155.4
1227150 2157.5
1227160 2162.4
1227170 2162.4
1227180 2167.9
1227190 2172.5
1227200 2172.5
1227210 2176.5
1227220 2178.9
1227230 2178.9
1227240 2183.0
1227250 2189.0
1227260 2189.0
1227270 2194.0
1227280 2198.7
1227290 2204.5
1227300 2208.1
1227310 2212.9
1227320 2216.2
1227330 2216.2
1227340 2218.9
1227350 2222.0
1227360 2222.0
1227370 2224.4
1227380 2226.6
1227390 2226.6
1227400 2227.1
1227410 2228.3
1227420 2228.3
1227430 2229.4
1227440 2230.4
1227450 2230.4
1227460 2230.5
1227470 2228.4
1227480 2225.3
1227490 2225.3
1227500 2223.1
1227510 2221.5
1227520 2221.5
1227530 2219.1
1227540 2216.8
1227550 2216.8
1227560 2216.0
1227570 2214.0
1227580 2214.0
1227590 2211.1
1227600 2202.2
1227610 2202.2
1227620 2196.2
1227630 2204.5
1227640 2204.5
1227650 2211.1
1227660 2216.6
1227670 2221.9
1227680 2221.9
1227690 2225.9
1227700 2230.5
1227710 2230.5
1227720 2234.8
1227730 2238.1
1227740 2238.1
1227750 2241.2
1227760 2245.0
1227770 2245.0
1227780 2250.5
1227790 2251.7
1227800 2251.7
1227810 2258.3
1227820 2264.8
1227830 2270.8
1227840 2270.8
1227850 2275.1
1227860 2279.4
1227870 2279.4
1227880 2285.2
1227890 2288.9
1227900 2288.9
1227910 2292.0
1227920 2297.3
1227930 2297.3
1227940 2302.5
1227950 2304.1
1227960 2304.1
1227970 2306.0
1227980 2311.8
1227990 2311.8
1228000 2316.6
1228010 2319.5
1228020 2322.2
1228030 2322.2
1228040 2326.5
1228050 2331.1
1228060 2331.1
1228070 2335.0
1228080 2339.0
1228090 2339.0
1228100 2344.8
1228110 2351.1
1228120 2351.1
1228130 2355.2
1228140 2357.1
1228150 2357.1
1228160 2361.9
1228170 2368.0
1228180 2368.0
1228190 2374.7
1228200 2381.6
1228210 2389.4
1228220 2389.4
1228230 2396.6
1228240 2402.9
1228250 2402.9
1228260 2408.1
1228270 2411.8
1228280 2411.8
1228290 2415.8
1228300 2420.4
1228310 2420.4
1228320 2425.0
1228330 2429.5
1228340 2429.5
1228350 2434.2
1228360 2438.5
1228370 2438.5
1228380 2442.9
1228390 2445.5
1228400 2448.1
1228410 2448.1
1228420 2450.1
1228430 2452.1
1228440 2452.1
1228450 2453.8
1228460 2455.4
1228470 2455.4
1228480 2457.2
1228490 2460.2
1228500 2460.2
1228510 2464.1
1228520 2469.4
1228530 2469.4
1228540 2474.0
1228550 2478.9
1228560 2478.9
1228570 2484.4
1228580 2490.3
1228590 2495.8
1228600 2495.8
1228610 2500.8
1228620 2506.4
1228630 2506.4
1228640 2512.6
1228650 2519.4
1228660 2519.4
1228670 2527.3
1228680 2534.3
1228690 2534.3
1228700 2539.9
1228710 2546.1
1228720 2546.1
1228730 2553.0
1228740 2560.2
1228750 2560.2
1228760 2566.8
1228770 2573.8
1228780 2577.2
1228790 2577.2
1228800 2583.6
1228810 2589.5
1228820 2589.5
1228830 2593.5
1228840 2596.2
1228850 2596.2
1228860 2598.7
1228870 2601.5
1228880 2601.5
1228890 2605.2
1228900 2607.9
1228910 2607.9
1228920 2609.0
1228930 2610.3
1228940 2610.3
1228950 2612.9
1228960 2615.4
1228970 2617.4
1228980 2617.4
1228990 2620.5
1229000 2623.3
1229010 2623.3
1229020 2624.9
1229030 2626.5
1229040 2626.5
1229050 2628.9
1229060 2633.0
1229070 2633.0
1229080 2635.1
1229090 2637.1
1229100 2637.1
1229110 2638.6
1229120 2639.8
1229130 2639.8
1229140 2639.8
1229150 2641.0
1229160 2642.1
1229170 2642.1
1229180 2643.8
1229190 2645.6
1229200 2645.6
1229210 2646.5
1229220 2647.2
1229230 2647.2
1229240 2647.8
1229250 2650.7
1229260 2650.7
1229270 2654.9
1229280 2657.2
1229290 2657.2
1229300 2659.2
1229310 2661.4
1229320 2664.2
1229330 2664.2
1229340 2667.2
1229350 2670.1
1229360 2670.1
1229370 2671.8
1229380 2673.6
1229390 2673.6
1229400 2675.7
1229410 2677.9
1229420 2677.9
1229430 2680.0
1229440 2682.5
1229450 2682.5
1229460 2684.6
1229470 2686.5
1229480 2686.5
1229490 2688.7
1229500 2691.6
1229510 2695.1
1229520 2695.1
1229530 2698.8
1229540 2702.2
1229550 2702.2
1229560 2705.5
1229570 2709.2
1229580 2709.2
1229590 2713.9
1229600 2718.9
1229610 2718.9
1229620 2724.3
1229630 2730.1
1229640 2730.1
1229650 2732.3
1229660 2736.5
1229670 2736.5
1229680 2741.6
1229690 2746.2
1229700 2750.8
1229710 2750.8
1229720 2755.7
1229730 2760.7
1229740 2760.7
1229750 2765.7
1229760 2770.7
1229770 2773.4
1229780 2778.2
1229790 2783.2
1229800 2783.2
1229810 2788.3
1229820 2793.2
1229830 2793.2
1229840 2798.2
1229850 2803.6
1229860 2803.6
1229870 2808.8
1229880 2813.6
1229890 2818.3
1229900 2818.3
1229910 2822.1
1229920 2825.4
1229930 2825.4
1229940 2829.0
1229950 2832.6
1229960 2832.6
1229970 2835.7
1229980 2838.1
1229990 2838.1
1230000 2839.8
1230010 2841.5
1230020 2841.5
1230030 2843.9
1230040 2847.3
1230050 2847.3
1230060 2849.8
1230070 2854.2
1230080 2859.6
1230090 2859.6
1230100 2864.3
1230110 2868.6
1230120 2868.6
1230130 2874.4
1230140 2881.3
1230150 2881.3
1230160 2883.4
1230170 2875.3
1230180 2875.3
1230190 2861.0
1230200 2844.1
1230210 2844.1
1230220 2829.3
1230230 2809.4
1230240 2809.4
1230250 2793.2
1230260 2783.3
1230270 2765.7
1230280 2765.7
1230290 2755.4
1230300 2742.8
1230310 2742.8
1230320 2737.9
1230330 2741.7
1230340 2741.7
1230350 2742.1
1230360 2741.3
1230370 2741.3
1230380 2729.2
1230390 2716.8
1230400 2716.8
1230410 2702.3
1230420 2694.9
1230430 2694.9
1230440 2692.5
1230450 2685.8
1230460 2673.9
1230470 2673.9
1230480 2665.7
1230490 2655.1
1230500 2655.1
1230510 2647.2
1230520 2641.8
1230530 2641.8
1230540 2636.8
1230550 2631.2
1230560 2631.2
1230570 2625.3
1230580 2620.2
1230590 2620.2
1230600 2615.7
1230610 2612.3
1230620 2612.3
1230630 2609.0
1230640 2605.4
1230650 2601.8
1230660 2601.8
1230670 2598.6
1230680 2596.0
1230690 2596.0
1230700 2592.0
1230710 2586.7
1230720 2586.7
1230730 2582.2
1230740 2578.2
1230750 2578.2
1230760 2577.0
1230770 2572.8
1230780 2572.8
1230790 2568.2
1230800 2562.7
1230810 2557.0
1230820 2557.0
1230830 2551.0
1230840 2545.0
1230850 2545.0
1230860 2539.7
1230870 2534.9
1230880 2534.9
1230890 2531.0
1230900 2527.7
1230910 2527.7
1230920 2524.6
1230930 2521.2
1230940 2521.2
1230950 2517.7
1230960 2513.3
1230970 2513.3
1230980 2508.2
1230990 2503.7
1231000 2499.6
1231010 2499.6
1231020 2495.2
1231030 2489.8
1231040 2489.8
1231050 2484.4
1231060 2481.6
1231070 2481.6
1231080 2477.7
1231090 2474.1
1231100 2474.1
1231110 2469.4
1231120 2466.2
1231130 2466.2
1231140 2464.1
1231150 2461.1
1231160 2461.1
1231170 2458.5
1231180 2457.5
1231190 2457.3
1231200 2457.3
1231210 2458.4
1231220 2459.7
1231230 2459.7
1231240 2460.9
1231250 2462.6
1231260 2462.3
1231270 2463.3
1231280 2464.8
1231290 2464.8
1231300 2466.6
1231310 2468.5
1231320 2468.5
1231330 2470.3
1231340 2473.1
1231350 2473.1
1231360 2476.4
1231370 2480.0
1231380 2483.9
1231390 2483.9
1231400 2487.7
1231410 2491.8
1231420 2491.8
1231430 2497.2
1231440 2503.3
1231450 2503.3
1231460 2510.1
1231470 2517.6
1231480 2517.6
1231490 2524.9
1231500 2531.8
1231510 2531.8
1231520 2538.6
1231530 2543.6
1231540 2543.6
1231550 2547.1
1231560 2551.1
1231570 2556.3
1231580 2556.3
1231590 2561.9
1231600 2567.4
1231610 2567.4
1231620 2573.7
1231630 2581.1
1231640 2581.1
1231650 2590.6
1231660 2600.8
1231670 2600.8
1231680 2610.4
1231690 2620.4
1231700 2620.4
1231710 2631.1
1231720 2641.6
1231730 2641.6
1231740 2649.6
1231750 2657.7
1231760 2663.1
1231770 2663.1
1231780 2672.9
1231790 2680.9
1231800 2680.9
1231810 2684.2
1231820 2688.8
1231830 2688.8
1231840 2693.3
1231850 2695.1
1231860 2695.1
1231870 2697.8
1231880 2700.8
1231890 2700.8
1231900 2704.3
1231910 2707.9
1231920 2707.9
1231930 2711.2
1231940 2714.2
1231950 2717.3
1231960 2717.3
1231970 2720.4
1231980 2724.1
1231990 2724.1
1232000 2728.5
1232010 2734.0
1232020 2734.0
1232030 2740.1
1232040 2745.8
1232050 2745.8
1232060 2751.6
1232070 2757.6
1232080 2757.6
1232090 2763.5
1232100 2769.5
1232110 2769.5
1232120 2775.5
1232130 2782.2
1232140 2789.2
1232150 2789.2
1232160 2796.1
1232170 2803.1
1232180 2803.1
1232190 2809.5
1232200 2815.0
1232210 2815.0
1232220 2820.2
1232230 2826.0
1232240 2826.0
1232250 2832.0
1232260 2837.0
1232270 2837.0
1232280 2843.5
1232290 2849.5
1232300 2855.0
1232310 2855.0
1232320 2859.8
1232330 2863.9
1232340 2863.9
1232350 2867.9
1232360 2873.1
1232370 2873.1
1232380 2878.4
1232390 2883.4
1232400 2883.4
1232410 2888.8
1232420 2894.4
1232430 2894.4
1232440 2899.8
1232450 2905.8
1232460 2905.8
1232470 2911.1
1232480 2917.3
1232490 2925.5
1232500 2925.5
1232510 2935.4
1232520 2945.1
1232530 2945.1
1232540 2957.6
1232550 2967.9
1232560 2967.9
1232570 2978.4
1232580 2976.2
1232590 2976.2
1232600 2961.0
1232610 2947.9
1232620 2947.9
1232630 2938.6
1232640 2930.9
1232650 2930.9
1232660 2920.6
1232670 2910.4
1232680 2903.7
1232690 2903.7
1232700 2900.9
1232710 2893.6
1232720 2893.6
1232730 2887.3
1232740 2893.8
1232750 2893.8
1232760 2890.9
1232770 2883.7
1232780 2883.7
1232790 2872.1
1232800 2861.4
1232810 2861.4
1232820 2853.3
1232830 2847.1
1232840 2847.1
1232850 2842.2
1232860 2847.9
1232870 2853.1
1232880 2853.1
1232890 2853.3
1232900 2847.6
1232910 2847.6
1232920 2839.4
1232930 2828.8
1232940 2828.8
1232950 2813.6
1232960 2810.1
1232970 2810.1
1232980 2804.4
1232990 2792.3
1233000 2792.3
1233010 2782.5
1233020 2775.8
1233030 2775.8
1233040 2769.2
1233050 2761.1
1233060 2752.5
1233070 2752.5
1233080 2744.2
1233090 2734.5
1233100 2734.5
1233110 2724.3
1233120 2715.4
1233130 2715.4
1233140 2708.0
1233150 2699.6
1233160 2699.6
1233170 2687.8
1233180 2680.1
1233190 2680.1
1233200 2676.9
1233210 2671.0
1233220 2671.0
1233230 2660.7
1233240 2653.7
1233250 2650.0
1233260 2639.8
1233270 2636.5
1233280 2627.0
1233290 2627.0
1233300 2617.3
1233310 2610.7
1233320 2610.7
1233330 2608.3
1233340 2608.9
1233350 2608.9
1233360 2612.3
1233370 2614.9
1233380 2614.9
1233390 2614.1
1233400 2612.9
1233410 2612.9
1233420 2610.8
1233430 2606.9
1233440 2601.5
1233450 2601.5
1233460 2595.1
1233470 2589.0
1233480 2589.0
1233490 2582.8
1233500 2576.8
1233510 2576.8
1233520 2570.0
1233530 2565.8
1233540 2565.8
1233550 2561.5
1233560 2558.0
1233570 2558.0
