1220000 2933.4
1220010 2941.7
1220020 2949.8
1220030 2949.8
1220040 2957.3
1220050 2963.7
1220060 2969.1
1220070 2969.1
1220080 2974.7
1220090 2981.5
1220100 2981.5
1220110 2989.4
1220120 2996.6
1220130 2996.6
1220140 3004.2
1220150 3012.3
1220160 3012.3
1220170 3017.3
1220180 3016.3
1220190 3016.3
1220200 3015.3
1220210 3005.1
1220220 3005.1
1220230 3003.1
1220240 2999.3
1220250 2996.2
1220260 2996.2
1220270 2993.8
1220280 2992.9
1220290 2992.9
1220300 2991.0
1220310 2987.6
1220320 2987.6
1220330 2986.8
1220340 2985.7
1220350 2985.7
1220360 2984.1
1220370 2982.3
1220380 2982.3
1220390 2981.2
1220400 2981.1
1220410 2981.1
1220420 2980.1
1220430 2978.8
1220440 2978.8
1220450 2978.8
1220460 2979.4
1220470 2980.6
1220480 2980.6
1220490 2983.3
1220500 2989.6
1220510 2989.6
1220520 2997.8
1220530 3005.1
1220540 3005.1
1220550 3012.2
1220560 3019.5
1220570 3019.5
1220580 3024.9
1220590 3027.5
1220600 3027.5
1220610 3027.9
1220620 3028.2
1220630 3028.5
1220640 3028.5
1220650 3028.6
1220660 3027.7
1220670 3027.7
1220680 3023.8
1220690 3021.6
1220700 3021.6
1220710 3019.8
1220720 3019.7
1220730 3019.7
1220740 3020.3
1220750 3020.3
1220760 3020.3
1220770 3019.8
1220780 3018.9
1220790 3018.9
1220800 3017.9
1220810 3017.0
1220820 3016.8
1220830 3016.8
1220840 3016.9
1220850 3017.3
1220860 3017.3
1220870 3018.0
1220880 3019.6
1220890 3019.6
1220900 3022.9
1220910 3027.3
1220920 3027.3
1220930 3032.6
1220940 3038.9
1220950 3038.9
1220960 3043.2
1220970 3046.5
1220980 3046.5
1220990 3049.5
1221000 3052.1
1221010 3054.6
1221020 3054.6
1221030 3057.2
1221040 3059.2
1221050 3059.2
1221060 3061.3
1221070 3064.5
1221080 3064.5
1221090 3068.1
1221100 3071.7
1221110 3071.7
1221120 3075.0
1221130 3078.9
1221140 3078.9
1221150 3082.8
1221160 3084.8
1221170 3084.8
1221180 3090.4
1221190 3096.4
1221200 3103.9
1221210 3103.9
1221220 3111.2
1221230 3118.5
1221240 3118.5
1221250 3126.1
1221260 3132.1
1221270 3132.1
1221280 3135.8
1221290 3137.5
1221300 3137.5
1221310 3140.4
1221320 3143.9
1221330 3143.9
1221340 3148.0
1221350 3155.5
1221360 3163.8
1221370 3163.8
1221380 3167.5
1221390 3169.5
1221400 3169.5
1221410 3172.2
1221420 3176.0
1221430 3176.0
1221440 3180.5
1221450 3186.5
1221460 3186.5
1221470 3192.3
1221480 3198.7
1221490 3198.7
1221500 3204.6
1221510 3210.9
1221520 3210.9
1221530 3217.6
1221540 3224.2
1221550 3232.2
1221560 3232.2
1221570 3243.5
1221580 3255.1
1221590 3255.1
1221600 3264.3
1221610 3271.1
1221620 3271.1
1221630 3277.2
1221640 3283.2
1221650 3283.2
1221660 3290.3
1221670 3295.5
1221680 3295.5
1221690 3291.0
1221700 3284.3
1221710 3284.3
1221720 3278.2
1221730 3271.5
1221740 3269.3
1221750 3269.3
1221760 3267.0
1221770 3261.0
1221780 3261.0
1221790 3248.8
1221800 3241.2
1221810 3241.2
1221820 3237.9
1221830 3229.4
1221840 3229.4
1221850 3220.0
1221860 3214.2
1221870 3214.2
1221880 3208.2
1221890 3199.0
1221900 3199.0
1221910 3190.1
1221920 3177.8
1221930 3170.1
1221940 3170.1
1221950 3164.4
1221960 3160.4
1221970 3160.4
1221980 3156.2
1221990 3151.8
1222000 3151.8
1222010 3147.8
1222020 3143.8
1222030 3143.8
1222040 3139.7
1222050 3135.5
1222060 3135.5
1222070 3131.4
1222080 3127.3
1222090 3127.3
1222100 3123.4
1222110 3119.5
1222120 3118.6
1222130 3118.6
1222140 3114.9
1222150 3110.9
1222160 3110.9
1222170 3106.8
1222180 3102.5
1222190 3102.5
1222200 3098.1
1222210 3093.8
1222220 3093.8
1222230 3089.6
1222240 3085.5
1222250 3085.5
1222260 3081.9
1222270 3078.4
1222280 3078.4
1222290 3074.9
1222300 3071.4
1222310 3067.9
1222320 3067.9
1222330 3064.4
1222340 3060.7
1222350 3060.7
1222360 3057.1
1222370 3053.3
1222380 3053.3
1222390 3049.4
1222400 3045.2
1222410 3045.2
1222420 3041.0
1222430 3036.6
1222440 3036.6
1222450 3032.1
1222460 3027.9
1222470 3027.9
1222480 3024.3
1222490 3023.0
1222500 3020.4
1222510 3020.4
1222520 3018.0
1222530 3017.1
1222540 3017.1
1222550 3016.6
1222560 3013.9
1222570 3013.9
1222580 3006.3
1222590 2999.6
1222600 2999.6
1222610 3000.2
1222620 2997.2
1222630 2997.2
1222640 2991.9
1222650 2986.1
1222660 2986.1
1222670 2976.9
1222680 2968.2
1222690 2959.5
1222700 2959.5
1222710 2949.8
1222720 2938.6
1222730 2938.6
1222740 2930.1
1222750 2925.5
1222760 2925.5
1222770 2920.9
1222780 2913.1
1222790 2913.1
1222800 2905.8
1222810 2898.1
1222820 2898.1
1222830 2894.4
1222840 2892.4
1222850 2892.4
1222860 2890.1
1222870 2887.7
1222880 2885.2
1222890 2885.2
1222900 2882.9
1222910 2880.7
1222920 2880.7
1222930 2877.9
1222940 2875.0
1222950 2875.0
1222960 2871.8
1222970 2869.3
1222980 2869.3
1222990 2866.6
1223000 2864.7
1223010 2864.7
1223020 2862.4
1223030 2859.9
1223040 2859.9
1223050 2858.2
1223060 2853.6
1223070 2847.7
1223080 2847.7
1223090 2850.8
1223100 2846.3
1223110 2846.3
1223120 2842.2
1223130 2839.4
1223140 2839.4
1223150 2837.6
1223160 2836.5
1223170 2836.5
1223180 2834.8
1223190 2831.7
1223200 2831.7
1223210 2826.3
1223220 2817.4
1223230 2808.8
1223240 2808.8
1223250 2802.1
1223260 2797.2
1223270 2797.2
1223280 2793.9
1223290 2790.3
1223300 2790.3
1223310 2785.5
1223320 2780.3
1223330 2780.3
1223340 2774.2
1223350 2768.0
1223360 2768.0
1223370 2761.9
1223380 2755.7
1223390 2755.7
1223400 2749.7
1223410 2743.5
1223420 2737.2
1223430 2737.2
1223440 2731.5
1223450 2725.5
1223460 2725.5
1223470 2718.9
1223480 2713.9
1223490 2713.9
1223500 2709.5
1223510 2704.8
1223520 2704.8
1223530 2700.2
1223540 2695.3
1223550 2695.3
1223560 2690.4
1223570 2683.5
1223580 2683.5
1223590 2679.3
1223600 2675.6
1223610 2672.6
1223620 2672.6
1223630 2669.5
1223640 2666.5
1223650 2666.5
1223660 2664.5
1223670 2661.1
1223680 2661.1
1223690 2656.7
1223700 2653.5
1223710 2653.5
1223720 2649.8
1223730 2644.9
1223740 2644.9
1223750 2639.9
1223760 2635.1
1223770 2635.1
1223780 2630.5
1223790 2626.3
1223800 2622.9
1223810 2622.9
1223820 2618.7
1223830 2614.8
1223840 2614.8
1223850 2611.9
1223860 2609.3
1223870 2609.3
1223880 2605.6
1223890 2603.6
1223900 2603.6
1223910 2599.9
1223920 2595.8
1223930 2595.8
1223940 2593.7
1223950 2591.9
1223960 2591.9
1223970 2587.3
1223980 2577.3
1223990 2564.6
1224000 2564.6
1224010 2555.7
1224020 2550.8
1224030 2550.8
1224040 2545.9
1224050 2539.8
1224060 2539.8
1224070 2538.6
1224080 2537.3
1224090 2537.3
1224100 2535.0
1224110 2532.7
1224120 2532.7
1224130 2530.1
1224140 2527.0
1224150 2527.0
1224160 2525.9
1224170 2525.2
1224180 2524.4
1224190 2524.4
1224200 2521.9
1224210 2518.3
1224220 2518.3
1224230 2515.0
1224240 2511.7
1224250 2511.7
1224260 2509.3
1224270 2508.1
1224280 2508.1
1224290 2506.9
1224300 2505.0
1224310 2505.0
1224320 2503.1
1224330 2499.3
1224340 2499.3
1224350 2492.5
1224360 2486.4
1224370 2482.7
1224380 2482.7
1224390 2477.6
1224400 2473.9
1224410 2473.9
1224420 2472.1
1224430 2470.5
1224440 2470.5
1224450 2468.0
1224460 2463.7
1224470 2463.7
1224480 2459.4
1224490 2454.9
1224500 2454.9
1224510 2450.0
1224520 2445.1
1224530 2445.1
1224540 2434.3
1224550 2428.6
1224560 2421.5
1224570 2421.5
1224580 2413.2
1224590 2405.1
1224600 2405.1
1224610 2397.1
1224620 2390.1
1224630 2390.1
1224640 2383.7
1224650 2376.4
1224660 2376.4
1224670 2368.8
1224680 2361.3
1224690 2361.3
1224700 2354.0
1224710 2347.2
1224720 2347.2
1224730 2340.8
1224740 2334.9
1224750 2329.0
1224760 2329.0
1224770 2322.9
1224780 2317.4
1224790 2317.4
1224800 2312.5
1224810 2308.1
1224820 2308.1
1224830 2302.8
1224840 2296.5
1224850 2296.5
1224860 2290.0
1224870 2284.1
1224880 2284.1
1224890 2278.9
1224900 2273.6
1224910 2273.6
1224920 2267.2
1224930 2261.1
1224940 2254.9
1224950 2254.9
1224960 2249.7
1224970 2246.0
1224980 2246.0
1224990 2243.2
1225000 2240.0
1225010 2240.0
1225020 2233.5
1225030 2223.8
1225040 2223.8
1225050 2217.7
1225060 2215.9
1225070 2215.9
1225080 2216.1
1225090 2216.1
1225100 2215.9
1225110 2215.9
1225120 2214.6
1225130 2211.2
1225140 2211.2
1225150 2202.9
1225160 2187.6
1225170 2187.6
1225180 2176.4
1225190 2168.7
1225200 2168.7
1225210 2162.3
1225220 2158.9
1225230 2158.9
1225240 2157.5
1225250 2154.5
1225260 2154.5
1225270 2146.1
1225280 2135.1
1225290 2126.5
1225300 2126.5
1225310 2119.1
1225320 2115.3
1225330 2115.3
1225340 2109.7
1225350 2095.9
1225360 2095.9
1225370 2085.9
1225380 2078.7
1225390 2078.7
1225400 2071.7
1225410 2064.8
1225420 2064.8
1225430 2059.0
1225440 2053.9
1225450 2053.9
1225460 2049.2
1225470 2044.4
1225480 2040.0
1225490 2040.0
1225500 2035.7
1225510 2031.3
1225520 2031.3
1225530 2028.3
1225540 2025.8
1225550 2025.8
1225560 2023.4
1225570 2021.3
1225580 2021.3
1225590 2019.6
1225600 2018.8
1225610 2018.8
1225620 2018.7
1225630 2020.3
1225640 2020.3
1225650 2020.4
1225660 2019.1
1225670 2017.2
1225680 2017.2
1225690 2015.2
1225700 2012.0
1225710 2012.0
1225720 2008.8
1225730 2005.4
1225740 2005.4
1225750 2001.3
1225760 1997.1
1225770 1997.1
1225780 1991.1
1225790 1984.0
1225800 1984.0
1225810 1978.5
1225820 1966.8
1225830 1966.8
1225840 1944.9
1225850 1941.9
1225860 1942.6
1225870 1942.6
1225880 1945.6
1225890 1951.9
1225900 1951.9
1225910 1956.2
1225920 1959.4
1225930 1959.4
1225940 1964.9
1225950 1972.6
1225960 1972.6
1225970 1979.4
1225980 1985.0
1225990 1985.0
1226000 1994.9
1226010 2003.9
1226020 2003.9
1226030 2009.7
1226040 2014.8
1226050 2017.4
1226060 2017.4
1226070 2022.0
1226080 2028.6
1226090 2028.6
1226100 2034.3
1226110 2039.0
1226120 2039.0
1226130 2045.2
1226140 2050.6
1226150 2050.6
1226160 2050.9
1226170 2047.1
1226180 2047.1
1226190 2040.4
1226200 2037.8
1226210 2037.8
1226220 2036.2
1226230 2034.0
1226240 2030.9
1226250 2030.9
1226260 2025.4
1226270 2020.6
1226280 2020.6
1226290 2019.0
1226300 2016.5
1226310 2016.5
1226320 2014.6
1226330 2013.1
1226340 2013.1
1226350 2011.3
1226360 2010.6
1226370 2010.6
1226380 2010.0
1226390 2009.1
1226400 2009.1
1226410 2009.7
1226420 2011.8
1226430 2011.4
1226440 2011.4
1226450 2009.9
1226460 2005.6
1226470 2005.6
1226480 2004.0
1226490 2007.4
1226500 2007.4
1226510 2009.4
1226520 2012.3
1226530 2012.3
1226540 2017.9
1226550 2024.1
1226560 2024.1
1226570 2026.6
1226580 2026.9
1226590 2026.9
1226600 2026.4
1226610 2025.4
1226620 2025.0
1226630 2025.0
1226640 2025.7
1226650 2025.8
1226660 2025.8
1226670 2026.5
1226680 2028.3
1226690 2028.3
1226700 2030.3
1226710 2032.5
1226720 2032.5
1226730 2035.1
1226740 2038.3
1226750 2038.3
1226760 2041.3
1226770 2044.3
1226780 2045.7
1226790 2045.7
1226800 2046.6
1226810 2047.7
1226820 2047.7
1226830 2048.7
1226840 2049.5
1226850 2049.5
1226860 2050.7
1226870 2052.5
1226880 2052.5
1226890 2054.3
1226900 2055.8
1226910 2055.8
1226920 2057.5
1226930 2059.4
1226940 2059.4
1226950 2060.9
1226960 2062.0
1226970 2062.8
1226980 2064.2
1226990 2064.7
1227000 2065.0
1227010 2065.0
1227020 2065.2
1227030 2066.1
1227040 2066.1
1227050 2067.5
1227060 2068.3
1227070 2068.3
1227080 2069.4
1227090 2072.0
1227100 2072.0
1227110 2074.8
1227120 2079.0
1227130 2079.0
1227140 2082.6
1227150 2084.2
1227160 2086.1
1227170 2086.1
1227180 2087.0
1227190 2085.4
1227200 2085.4
1227210 2086.5
1227220 2087.7
1227230 2087.7
1227240 2085.8
1227250 2085.6
1227260 2085.6
1227270 2084.9
1227280 2085.2
1227290 2085.2
1227300 2094.7
1227310 2106.1
1227320 2106.1
1227330 2115.0
1227340 2125.6
1227350 2138.9
1227360 2138.9
1227370 2148.7
1227380 2156.7
1227390 2156.7
1227400 2162.5
1227410 2168.1
1227420 2168.1
1227430 2174.3
1227440 2179.8
1227450 2179.8
1227460 2185.4
1227470 2194.8
1227480 2194.8
1227490 2200.6
1227500 2206.1
1227510 2206.1
1227520 2212.0
1227530 2217.6
1227540 2222.1
1227550 2222.1
1227560 2227.0
1227570 2232.8
1227580 2232.8
1227590 2235.2
1227600 2238.7
1227610 2238.7
1227620 2242.3
1227630 2246.1
1227640 2246.1
1227650 2249.4
1227660 2251.5
1227670 2251.5
1227680 2253.8
1227690 2255.2
1227700 2255.2
1227710 2255.5
1227720 2256.6
1227730 2258.9
1227740 2258.9
1227750 2260.2
1227760 2262.5
1227770 2262.5
1227780 2266.3
1227790 2270.0
1227800 2270.0
1227810 2272.9
1227820 2275.4
1227830 2275.4
1227840 2280.1
1227850 2286.6
1227860 2286.6
1227870 2291.2
1227880 2293.2
1227890 2293.2
1227900 2296.3
1227910 2301.0
1227920 2306.1
1227930 2306.1
1227940 2312.2
1227950 2318.9
1227960 2320.1
1227970 2327.0
1227980 2332.6
1227990 2332.6
1228000 2338.0
1228010 2343.3
1228020 2343.3
1228030 2347.5
1228040 2351.8
1228050 2351.8
1228060 2353.7
1228070 2356.5
1228080 2356.5
1228090 2359.1
1228100 2362.0
1228110 2364.9
1228120 2364.9
1228130 2367.6
1228140 2370.1
1228150 2370.1
1228160 2372.6
1228170 2374.8
1228180 2374.8
1228190 2376.5
1228200 2377.7
1228210 2377.7
1228220 2379.8
1228230 2382.1
1228240 2382.1
1228250 2385.6
1228260 2389.6
1228270 2389.6
1228280 2392.9
1228290 2395.9
1228300 2398.9
1228310 2398.9
1228320 2403.8
1228330 2408.9
1228340 2408.9
1228350 2413.5
1228360 2416.8
1228370 2416.8
1228380 2421.2
1228390 2426.1
1228400 2426.1
1228410 2429.2
1228420 2430.7
1228430 2430.7
1228440 2435.4
1228450 2440.8
1228460 2445.4
1228470 2445.4
1228480 2450.5
1228490 2454.9
1228500 2454.9
1228510 2457.8
1228520 2461.6
1228530 2461.6
1228540 2467.6
1228550 2474.5
1228560 2474.5
1228570 2480.0
1228580 2485.8
1228590 2485.8
1228600 2490.4
1228610 2495.3
1228620 2495.3
1228630 2500.8
1228640 2506.3
1228650 2511.8
1228660 2511.8
1228670 2517.0
1228680 2522.0
1228690 2522.0
1228700 2526.3
1228710 2528.2
1228720 2528.2
1228730 2528.8
1228740 2531.1
1228750 2531.1
1228760 2534.7
1228770 2536.9
1228780 2536.9
1228790 2538.8
1228800 2541.3
1228810 2541.3
1228820 2545.3
1228830 2552.1
1228840 2556.8
1228850 2556.8
1228860 2557.5
1228870 2557.7
1228880 2557.7
1228890 2559.4
1228900 2562.8
1228910 2562.8
1228920 2566.6
1228930 2569.8
1228940 2569.8
1228950 2573.7
1228960 2575.6
1228970 2575.6
1228980 2577.8
1228990 2580.5
1229000 2580.5
1229010 2583.7
1229020 2586.9
1229030 2590.5
1229040 2590.5
1229050 2594.3
1229060 2597.8
1229070 2597.8
1229080 2601.1
1229090 2603.7
1229100 2603.7
1229110 2606.0
1229120 2607.9
1229130 2607.9
1229140 2610.3
1229150 2612.3
1229160 2612.3
1229170 2614.5
1229180 2617.4
1229190 2617.4
1229200 2620.1
1229210 2622.9
1229220 2626.8
1229230 2626.8
1229240 2629.8
1229250 2631.8
1229260 2631.8
1229270 2633.2
1229280 2634.7
1229290 2634.7
1229300 2635.8
1229310 2636.9
1229320 2636.9
1229330 2638.6
1229340 2641.0
1229350 2641.0
1229360 2643.4
1229370 2645.8
1229380 2645.8
1229390 2648.1
1229400 2649.7
1229410 2651.5
1229420 2651.5
1229430 2654.7
1229440 2659.3
1229450 2659.3
1229460 2662.5
1229470 2666.4
1229480 2666.4
1229490 2666.3
1229500 2665.6
1229510 2665.6
1229520 2664.6
1229530 2663.9
1229540 2663.9
1229550 2663.4
1229560 2663.8
1229570 2663.8
1229580 2667.9
1229590 2667.7
1229600 2667.7
1229610 2667.7
1229620 2670.3
1229630 2673.8
1229640 2673.8
1229650 2677.2
1229660 2681.6
1229670 2681.6
1229680 2687.6
1229690 2693.0
1229700 2693.0
1229710 2698.6
1229720 2704.5
1229730 2704.5
1229740 2710.8
1229750 2716.9
1229760 2716.9
1229770 2724.0
1229780 2732.1
1229790 2739.3
1229800 2739.3
1229810 2744.8
1229820 2747.1
1229830 2747.1
1229840 2750.6
1229850 2756.6
1229860 2756.6
1229870 2762.1
1229880 2768.5
1229890 2768.5
1229900 2776.1
1229910 2785.0
1229920 2785.0
1229930 2794.4
1229940 2803.2
1229950 2803.2
1229960 2804.5
1229970 2798.3
1229980 2786.1
1229990 2786.1
1230000 2776.7
1230010 2772.6
1230020 2772.6
1230030 2756.5
1230040 2742.6
1230050 2742.6
1230060 2731.2
1230070 2718.0
1230080 2718.0
1230090 2706.8
1230100 2696.5
1230110 2696.5
1230120 2690.3
1230130 2684.5
1230140 2677.2
1230150 2677.2
1230160 2673.5
1230170 2669.6
1230180 2669.6
1230190 2660.2
1230200 2646.3
1230210 2646.3
1230220 2634.8
1230230 2627.8
1230240 2627.8
1230250 2620.9
1230260 2613.9
1230270 2613.9
1230280 2607.7
1230290 2599.6
1230300 2599.6
1230310 2592.1
1230320 2586.1
1230330 2580.3
1230340 2580.3
1230350 2574.7
1230360 2568.9
1230370 2568.9
1230380 2562.9
1230390 2557.3
1230400 2557.3
1230410 2553.1
1230420 2549.1
1230430 2554.0
1230440 2550.6
1230450 2547.6
1230460 2547.6
1230470 2544.6
1230480 2541.7
1230490 2541.7
1230500 2538.6
1230510 2535.3
1230520 2531.7
1230530 2531.7
1230540 2528.0
1230550 2524.3
1230560 2524.3
1230570 2521.3
1230580 2518.8
1230590 2518.8
1230600 2515.9
1230610 2512.5
1230620 2512.5
1230630 2508.5
1230640 2504.3
1230650 2504.3
1230660 2499.9
1230670 2495.6
1230680 2495.6
1230690 2491.3
1230700 2487.0
1230710 2482.8
1230720 2482.8
1230730 2478.5
1230740 2474.6
1230750 2474.6
1230760 2470.9
1230770 2467.4
1230780 2467.4
1230790 2464.3
1230800 2461.6
1230810 2461.6
1230820 2458.8
1230830 2455.9
1230840 2455.9
1230850 2452.9
1230860 2449.7
1230870 2449.7
1230880 2447.0
1230890 2445.0
1230900 2443.1
1230910 2443.1
1230920 2441.3
1230930 2440.7
1230940 2440.7
1230950 2439.0
1230960 2438.1
1230970 2438.1
1230980 2437.9
1230990 2438.5
1231000 2438.5
1231010 2439.9
1231020 2442.8
1231030 2442.8
1231040 2445.5
1231050 2447.9
1231060 2447.9
1231070 2450.6
1231080 2453.7
1231090 2457.1
1231100 2457.1
1231110 2460.5
1231120 2464.6
1231130 2464.6
1231140 2469.3
1231150 2474.5
1231160 2474.5
1231170 2479.9
1231180 2485.4
1231190 2485.4
1231200 2491.2
1231210 2497.6
1231220 2497.6
1231230 2503.5
1231240 2509.2
1231250 2509.2
1231260 2515.1
1231270 2521.0
1231280 2527.0
1231290 2527.0
1231300 2533.0
1231310 2538.6
1231320 2538.6
1231330 2543.5
1231340 2548.4
1231350 2548.4
1231360 2554.8
1231370 2561.1
1231380 2561.1
1231390 2566.7
1231400 2572.6
1231410 2572.6
1231420 2578.4
1231430 2581.2
1231440 2581.2
1231450 2587.8
1231460 2595.1
1231470 2602.3
1231480 2602.3
1231490 2609.1
1231500 2616.0
1231510 2616.0
1231520 2622.4
1231530 2629.2
1231540 2629.2
1231550 2635.8
1231560 2642.5
1231570 2642.5
1231580 2649.2
1231590 2655.0
1231600 2655.0
1231610 2660.3
1231620 2665.6
1231630 2665.6
1231640 2671.4
1231650 2677.4
1231660 2683.7
1231670 2683.7
1231680 2689.7
1231690 2694.1
1231700 2694.1
1231710 2698.3
1231720 2702.7
1231730 2702.7
1231740 2707.3
1231750 2712.2
1231760 2712.2
1231770 2717.3
1231780 2722.4
1231790 2722.4
1231800 2727.8
1231810 2733.5
1231820 2739.7
1231830 2739.7
1231840 2746.3
1231850 2753.6
1231860 2753.6
1231870 2762.6
1231880 2771.4
1231890 2771.4
1231900 2778.3
1231910 2783.5
1231920 2783.5
1231930 2789.1
1231940 2799.9
1231950 2799.9
1231960 2811.9
1231970 2821.2
1231980 2821.2
1231990 2826.6
1232000 2835.4
1232010 2845.6
1232020 2845.6
1232030 2854.7
1232040 2860.3
1232050 2860.3
1232060 2868.5
1232070 2877.9
1232080 2877.9
1232090 2884.1
1232100 2887.7
1232110 2887.7
1232120 2894.7
1232130 2906.1
1232140 2906.1
1232150 2919.8
1232160 2934.2
1232170 2934.2
1232180 2947.3
1232190 2958.0
1232200 2966.2
1232210 2966.2
1232220 2974.0
1232230 2981.6
1232240 2981.6
1232250 2988.1
1232260 2994.0
1232270 2994.0
1232280 2999.7
1232290 3005.3
1232300 3005.3
1232310 3009.6
1232320 3009.3
1232330 3009.3
1232340 3005.9
1232350 3002.1
1232360 3002.1
1232370 2997.8
1232380 2992.8
1232390 2987.2
1232400 2987.2
1232410 2981.1
1232420 2978.2
1232430 2988.5
1232440 2982.3
1232450 2976.2
1232460 2976.2
1232470 2972.7
1232480 2967.0
1232490 2967.0
1232500 2956.9
1232510 2950.1
1232520 2950.1
1232530 2945.6
1232540 2942.5
1232550 2942.5
1232560 2939.9
1232570 2938.6
1232580 2937.7
1232590 2937.7
1232600 2937.4
1232610 2937.1
1232620 2937.1
1232630 2926.4
1232640 2904.0
1232650 2904.0
1232660 2880.4
1232670 2875.1
1232680 2875.1
1232690 2868.3
1232700 2856.9
1232710 2856.9
1232720 2846.2
1232730 2840.2
1232740 2840.2
1232750 2835.6
1232760 2831.0
1232770 2826.6
1232780 2826.6
1232790 2822.4
1232800 2818.6
1232810 2818.6
1232820 2814.3
1232830 2810.5
1232840 2810.5
1232850 2808.9
1232860 2808.5
1232870 2808.5
1232880 2807.1
1232890 2807.0
1232900 2807.0
1232910 2807.0
1232920 2806.3
1232930 2809.0
1232940 2810.0
1232950 2812.3
1232960 2812.8
1232970 2812.8
1232980 2812.6
1232990 2812.5
1233000 2812.5
1233010 2812.5
1233020 2814.2
1233030 2814.2
1233040 2816.6
1233050 2817.9
1233060 2817.9
1233070 2819.2
1233080 2820.8
1233090 2820.8
1233100 2820.9
1233110 2821.7
1233120 2821.7
1233130 2824.4
1233140 2828.5
1233150 2832.1
1233160 2832.1
1233170 2835.9
1233180 2839.7
1233190 2839.7
1233200 2843.1
1233210 2845.7
1233220 2845.7
1233230 2847.9
1233240 2849.9
1233250 2849.9
1233260 2848.5
1233270 2842.7
1233280 2842.7
1233290 2834.1
1233300 2820.9
1233310 2820.9
1233320 2808.1
1233330 2798.3
1233340 2787.1
1233350 2787.1
1233360 2775.7
1233370 2764.7
1233380 2764.7
1233390 2754.9
1233400 2745.7
1233410 2745.7
1233420 2733.9
1233430 2721.7
1233440 2721.7
1233450 2713.6
1233460 2706.3
1233470 2706.3
1233480 2698.1
1233490 2689.9
1233500 2680.2
1233510 2680.2
1233520 2661.4
1233530 2646.5
1233540 2646.5
1233550 2635.5
1233560 2625.8
1233570 2625.8
1233580 2616.0
1233590 2609.2
1233600 2609.2
1233610 2602.0
1233620 2595.2
1233630 2595.2
1233640 2588.7
1233650 2582.1
1233660 2582.1
1233670 2575.5
1233680 2568.8
1233690 2561.8
1233700 2561.8
1233710 2554.7
1233720 2547.7
1233730 2547.7
1233740 2541.0
1233750 2533.8
1233760 2533.8
