1220000 2940.5
1220010 2940.5
1220020 2944.4
1220030 2947.1
1220040 2947.1
1220050 2948.9
1220060 2949.8
1220070 2949.8
1220080 2949.4
1220090 2949.1
1220100 2950.3
1220110 2950.3
1220120 2954.0
1220130 2955.2
1220140 2955.2
1220150 2955.7
1220160 2954.4
1220170 2954.4
1220180 2954.7
1220190 2956.8
1220200 2956.8
1220210 2960.6
1220220 2960.9
1220230 2960.9
1220240 2961.7
1220250 2963.2
1220260 2963.2
1220270 2966.0
1220280 2969.5
1220290 2974.2
1220300 2974.2
1220310 2978.7
1220320 2983.7
1220330 2983.7
1220340 2989.1
1220350 2995.0
1220360 2995.0
1220370 3001.7
1220380 3008.3
1220390 3008.3
1220400 3015.9
1220410 3024.4
1220420 3024.4
1220430 3034.5
1220440 3043.9
1220450 3043.9
1220460 3054.3
1220470 3063.0
1220480 3068.5
1220490 3068.5
1220500 3072.8
1220510 3074.6
1220520 3074.6
1220530 3075.7
1220540 3078.0
1220550 3078.0
1220560 3079.0
1220570 3082.7
1220580 3082.7
1220590 3086.3
1220600 3089.4
1220610 3089.4
1220620 3091.5
1220630 3093.8
1220640 3093.8
1220650 3094.9
1220660 3094.8
1220670 3095.7
1220680 3095.7
1220690 3099.1
1220700 3105.8
1220710 3105.8
1220720 3114.7
1220730 3123.2
1220740 3123.2
1220750 3131.4
1220760 3136.1
1220770 3136.1
1220780 3138.8
1220790 3142.8
1220800 3142.8
1220810 3144.1
1220820 3146.5
1220830 3146.5
1220840 3146.1
1220850 3144.0
1220860 3143.5
1220870 3143.5
1220880 3142.7
1220890 3143.6
1220900 3143.6
1220910 3146.2
1220920 3148.1
1220930 3148.1
1220940 3150.2
1220950 3152.9
1220960 3152.9
1220970 3156.3
1220980 3159.0
1220990 3159.0
1221000 3161.4
1221010 3162.7
1221020 3162.7
1221030 3164.0
1221040 3165.5
1221050 3166.2
1221060 3166.2
1221070 3167.7
1221080 3170.2
1221090 3170.2
1221100 3173.1
1221110 3175.8
1221120 3175.8
1221130 3179.1
1221140 3183.3
1221150 3183.3
1221160 3188.2
1221170 3193.2
1221180 3193.2
1221190 3199.1
1221200 3205.8
1221210 3205.8
1221220 3212.0
1221230 3218.0
1221240 3224.4
1221250 3224.4
1221260 3231.2
1221270 3238.3
1221280 3238.3
1221290 3244.8
1221300 3252.8
1221310 3252.8
1221320 3261.4
1221330 3270.1
1221340 3275.0
1221350 3284.7
1221360 3292.7
1221370 3292.7
1221380 3300.4
1221390 3309.5
1221400 3318.3
1221410 3318.3
1221420 3327.2
1221430 3335.7
1221440 3335.7
1221450 3346.4
1221460 3356.6
1221470 3356.6
1221480 3359.8
1221490 3357.6
1221500 3357.6
1221510 3351.1
1221520 3342.8
1221530 3342.8
1221540 3339.4
1221550 3339.6
1221560 3339.6
1221570 3340.8
1221580 3342.1
1221590 3344.2
1221600 3344.2
1221610 3346.5
1221620 3350.4
1221630 3350.4
1221640 3355.1
1221650 3360.0
1221660 3360.0
1221670 3364.9
1221680 3366.9
1221690 3366.9
1221700 3360.2
1221710 3350.5
1221720 3350.5
1221730 3338.2
1221740 3334.3
1221750 3334.3
1221760 3337.1
1221770 3330.7
1221780 3320.5
1221790 3320.5
1221800 3316.2
1221810 3312.3
1221820 3283.5
1221830 3278.4
1221840 3274.0
1221850 3274.0
1221860 3271.7
1221870 3268.5
1221880 3268.5
1221890 3266.8
1221900 3264.1
1221910 3264.1
1221920 3261.4
1221930 3262.7
1221940 3262.7
1221950 3264.0
1221960 3265.8
1221970 3266.9
1221980 3266.9
1221990 3263.2
1222000 3253.4
1222010 3253.4
1222020 3260.9
1222030 3271.2
1222040 3271.2
1222050 3273.5
1222060 3270.2
1222070 3270.2
1222080 3259.5
1222090 3253.9
1222100 3253.9
1222110 3248.4
1222120 3245.4
1222130 3245.4
1222140 3258.4
1222150 3260.7
1222160 3257.8
1222170 3257.8
1222180 3248.9
1222190 3237.5
1222200 3237.5
1222210 3221.7
1222220 3218.5
1222230 3218.5
1222240 3230.4
1222250 3228.3
1222260 3228.3
1222270 3221.1
1222280 3223.6
1222290 3223.6
1222300 3214.5
1222310 3214.7
1222320 3214.7
1222330 3205.4
1222340 3210.6
1222350 3217.8
1222360 3217.8
1222370 3216.7
1222380 3208.4
1222390 3208.4
1222400 3212.3
1222410 3220.9
1222420 3220.9
1222430 3225.2
1222440 3226.6
1222450 3226.6
1222460 3221.3
1222470 3215.4
1222480 3215.4
1222490 3208.4
1222500 3203.1
1222510 3203.1
1222520 3201.8
1222530 3192.9
1222540 3185.6
1222550 3185.6
1222560 3180.9
1222570 3178.1
1222580 3178.1
1222590 3173.5
1222600 3165.1
1222610 3165.1
1222620 3162.7
1222630 3157.9
1222640 3157.9
1222650 3150.4
1222660 3144.1
1222670 3144.1
1222680 3139.1
1222690 3135.0
1222700 3135.0
1222710 3131.0
1222720 3127.9
1222730 3125.8
1222740 3125.8
1222750 3119.5
1222760 3115.1
1222770 3115.1
1222780 3104.6
1222790 3104.1
1222800 3104.1
1222810 3104.6
1222820 3108.6
1222830 3108.6
1222840 3111.5
1222850 3108.9
1222860 3108.9
1222870 3107.0
1222880 3101.8
1222890 3101.8
1222900 3093.2
1222910 3085.4
1222920 3077.3
1222930 3077.3
1222940 3071.3
1222950 3065.6
1222960 3065.6
1222970 3059.8
1222980 3054.1
1222990 3054.1
1223000 3048.7
1223010 3043.4
1223020 3043.4
1223030 3038.2
1223040 3034.1
1223050 3034.1
1223060 3030.3
1223070 3025.6
1223080 3025.6
1223090 3020.4
1223100 3016.2
1223110 3009.7
1223120 3009.7
1223130 3001.2
1223140 2993.0
1223150 2993.0
1223160 2984.6
1223170 2976.0
1223180 2976.0
1223190 2968.8
1223200 2963.3
1223210 2963.3
1223220 2960.6
1223230 2958.9
1223240 2958.9
1223250 2956.0
1223260 2951.3
1223270 2946.4
1223280 2939.8
1223290 2931.5
1223300 2924.2
1223310 2924.2
1223320 2916.0
1223330 2907.0
1223340 2907.0
1223350 2898.1
1223360 2888.9
1223370 2888.9
1223380 2881.6
1223390 2878.9
1223400 2878.9
1223410 2875.9
1223420 2869.8
1223430 2869.8
1223440 2864.6
1223450 2859.6
1223460 2859.6
1223470 2852.2
1223480 2844.5
1223490 2836.4
1223500 2836.4
1223510 2826.9
1223520 2815.5
1223530 2815.5
1223540 2805.7
1223550 2798.4
1223560 2798.4
1223570 2791.5
1223580 2783.6
1223590 2783.6
1223600 2776.6
1223610 2770.3
1223620 2770.3
1223630 2764.1
1223640 2757.3
1223650 2757.3
1223660 2752.2
1223670 2746.2
1223680 2740.4
1223690 2740.4
1223700 2738.0
1223710 2734.5
1223720 2734.5
1223730 2731.5
1223740 2727.3
1223750 2722.0
1223760 2718.2
1223770 2713.9
1223780 2713.9
1223790 2708.4
1223800 2702.3
1223810 2702.3
1223820 2696.3
1223830 2690.6
1223840 2690.6
1223850 2685.3
1223860 2680.8
1223870 2676.9
1223880 2676.9
1223890 2673.5
1223900 2671.6
1223910 2671.6
1223920 2670.5
1223930 2668.8
1223940 2668.8
1223950 2667.0
1223960 2664.3
1223970 2664.3
1223980 2661.9
1223990 2659.5
1224000 2659.5
1224010 2657.1
1224020 2654.6
1224030 2651.3
1224040 2651.3
1224050 2647.8
1224060 2644.2
1224070 2644.2
1224080 2640.6
1224090 2637.0
1224100 2637.0
1224110 2634.1
1224120 2631.6
1224130 2631.6
1224140 2629.2
1224150 2627.8
1224160 2627.8
1224170 2626.7
1224180 2625.0
1224190 2625.0
1224200 2623.2
1224210 2622.1
1224220 2620.8
1224230 2619.3
1224240 2617.7
1224250 2616.8
1224260 2616.8
1224270 2616.5
1224280 2617.1
1224290 2617.1
1224300 2618.5
1224310 2619.7
1224320 2619.7
1224330 2622.4
1224340 2624.4
1224350 2624.4
1224360 2624.6
1224370 2623.7
1224380 2623.7
1224390 2621.9
1224400 2619.7
1224410 2618.2
1224420 2618.2
1224430 2617.7
1224440 2617.9
1224450 2617.9
1224460 2616.9
1224470 2613.3
1224480 2613.3
1224490 2610.0
1224500 2606.5
1224510 2606.5
1224520 2603.8
1224530 2601.6
1224540 2601.6
1224550 2599.3
1224560 2596.6
1224570 2596.6
1224580 2594.2
1224590 2592.0
1224600 2589.6
1224610 2589.6
1224620 2587.1
1224630 2584.0
1224640 2584.0
1224650 2580.2
1224660 2576.7
1224670 2576.7
1224680 2573.6
1224690 2570.9
1224700 2570.9
1224710 2568.2
1224720 2560.3
1224730 2560.3
1224740 2558.1
1224750 2556.4
1224760 2556.4
1224770 2554.8
1224780 2554.7
1224790 2555.9
1224800 2555.9
1224810 2555.6
1224820 2554.8
1224830 2554.8
1224840 2552.9
1224850 2547.5
1224860 2547.5
1224870 2540.8
1224880 2533.6
1224890 2533.6
1224900 2526.0
1224910 2518.5
1224920 2518.5
1224930 2511.2
1224940 2504.7
1224950 2504.7
1224960 2498.0
1224970 2491.1
1224980 2484.8
1224990 2484.8
1225000 2478.3
1225010 2472.1
1225020 2472.1
1225030 2467.0
1225040 2461.6
1225050 2461.6
1225060 2456.9
1225070 2452.3
1225080 2452.3
1225090 2447.7
1225100 2443.6
1225110 2443.6
1225120 2440.4
1225130 2436.9
1225140 2436.9
1225150 2432.2
1225160 2426.4
1225170 2419.4
1225180 2419.4
1225190 2410.6
1225200 2401.3
1225210 2395.4
1225220 2387.7
1225230 2383.3
1225240 2383.3
1225250 2377.6
1225260 2375.0
1225270 2375.0
1225280 2369.6
1225290 2364.0
1225300 2364.0
1225310 2356.9
1225320 2349.5
1225330 2349.5
1225340 2342.2
1225350 2334.5
1225360 2325.6
1225370 2325.6
1225380 2317.0
1225390 2308.1
1225400 2308.1
1225410 2300.3
1225420 2289.9
1225430 2289.9
1225440 2280.2
1225450 2274.0
1225460 2274.0
1225470 2268.2
1225480 2263.4
1225490 2263.4
1225500 2259.4
1225510 2255.8
1225520 2255.8
1225530 2252.3
1225540 2249.4
1225550 2247.8
1225560 2247.8
1225570 2243.7
1225580 2238.2
1225590 2238.2
1225600 2233.0
1225610 2227.0
1225620 2227.0
1225630 2220.9
1225640 2215.5
1225650 2215.5
1225660 2211.5
1225670 2207.8
1225680 2207.8
1225690 2205.7
1225700 2197.9
1225710 2197.9
1225720 2195.2
1225730 2190.3
1225740 2185.7
1225750 2185.7
1225760 2179.4
1225770 2173.0
1225780 2173.0
1225790 2168.3
1225800 2163.7
1225810 2163.7
1225820 2158.9
1225830 2154.2
1225840 2154.2
1225850 2149.3
1225860 2144.5
1225870 2144.5
1225880 2139.9
1225890 2135.9
1225900 2135.9
1225910 2132.6
1225920 2129.3
1225930 2125.5
1225940 2125.5
1225950 2122.0
1225960 2118.8
1225970 2118.8
1225980 2115.2
1225990 2112.4
1226000 2112.4
1226010 2106.5
1226020 2102.1
1226030 2102.1
1226040 2101.2
1226050 2099.6
1226060 2099.6
1226070 2097.2
1226080 2094.5
1226090 2094.5
1226100 2091.3
1226110 2088.0
1226120 2083.3
1226130 2083.3
1226140 2078.7
1226150 2075.3
1226160 2075.3
1226170 2069.9
1226180 2063.2
1226190 2063.2
1226200 2059.3
1226210 2055.4
1226220 2055.4
1226230 2052.5
1226240 2050.5
1226250 2050.5
1226260 2046.3
1226270 2039.5
1226280 2039.5
1226290 2032.4
1226300 2026.5
1226310 2021.6
1226320 2021.6
1226330 2016.7
1226340 2011.8
1226350 2011.8
1226360 2007.4
1226370 2003.6
1226380 2003.6
1226390 1999.9
1226400 1995.5
1226410 1995.5
1226420 1992.0
1226430 1987.8
1226440 1987.8
1226450 1983.7
1226460 1978.5
1226470 1973.4
1226480 1973.4
1226490 1968.1
1226500 1961.4
1226510 1961.4
1226520 1955.6
1226530 1951.4
1226540 1951.4
1226550 1946.9
1226560 1941.8
1226570 1941.8
1226580 1938.8
1226590 1935.9
1226600 1935.9
1226610 1928.3
1226620 1919.6
1226630 1919.6
1226640 1914.6
1226650 1910.2
1226660 1907.1
1226670 1905.9
1226680 1903.7
1226690 1901.7
1226700 1901.7
1226710 1899.3
1226720 1895.5
1226730 1895.5
1226740 1890.2
1226750 1886.7
1226760 1886.7
1226770 1891.9
1226780 1897.0
1226790 1897.0
1226800 1900.0
1226810 1901.2
1226820 1901.2
1226830 1902.5
1226840 1904.5
1226850 1906.8
1226860 1906.8
1226870 1907.9
1226880 1908.8
1226890 1908.8
1226900 1909.7
1226910 1910.0
1226920 1910.0
1226930 1909.9
1226940 1910.4
1226950 1910.4
1226960 1910.1
1226970 1909.5
1226980 1909.5
1226990 1909.1
1227000 1908.9
1227010 1908.9
1227020 1910.6
1227030 1913.7
1227040 1915.7
1227050 1915.7
1227060 1917.8
1227070 1921.3
1227080 1921.3
1227090 1924.7
1227100 1927.5
1227110 1927.5
1227120 1931.1
1227130 1936.0
1227140 1936.0
1227150 1936.8
1227160 1936.1
1227170 1936.1
1227180 1936.0
1227190 1936.1
1227200 1936.1
1227210 1936.6
1227220 1937.5
1227230 1939.3
1227240 1939.3
1227250 1942.1
1227260 1944.4
1227270 1944.4
1227280 1949.8
1227290 1958.2
1227300 1958.2
1227310 1966.0
1227320 1970.6
1227330 1970.6
1227340 1973.3
1227350 1976.4
1227360 1976.4
1227370 1979.6
1227380 1981.7
1227390 1981.7
1227400 1981.7
1227410 1979.4
1227420 1976.6
1227430 1976.6
1227440 1974.3
1227450 1972.5
1227460 1972.5
1227470 1971.0
1227480 1970.1
1227490 1970.1
1227500 1970.7
1227510 1972.9
1227520 1972.9
1227530 1975.4
1227540 1980.0
1227550 1980.0
1227560 1984.7
1227570 1989.8
1227580 1989.8
1227590 1995.3
1227600 2001.4
1227610 2008.0
1227620 2008.0
1227630 2014.9
1227640 2021.0
1227650 2025.0
1227660 2031.5
1227670 2038.7
1227680 2038.7
1227690 2046.4
1227700 2054.8
1227710 2054.8
1227720 2061.6
1227730 2066.4
1227740 2066.4
1227750 2071.0
1227760 2075.6
1227770 2075.6
1227780 2082.1
1227790 2091.1
1227800 2101.1
1227810 2101.1
1227820 2109.1
1227830 2115.3
1227840 2115.3
1227850 2121.8
1227860 2128.1
1227870 2128.1
1227880 2134.7
1227890 2143.4
1227900 2143.4
1227910 2150.6
1227920 2157.8
1227930 2157.8
1227940 2164.3
1227950 2166.8
1227960 2166.8
1227970 2168.1
1227980 2168.9
1227990 2172.9
1228000 2172.9
1228010 2176.7
1228020 2180.6
1228030 2180.6
1228040 2185.3
1228050 2189.0
1228060 2189.0
1228070 2192.3
1228080 2195.3
1228090 2195.3
1228100 2197.5
1228110 2199.5
1228120 2199.5
1228130 2203.8
1228140 2209.2
1228150 2214.0
1228160 2218.0
1228170 2223.8
1228180 2230.2
1228190 2230.2
1228200 2234.4
1228210 2238.0
1228220 2238.0
1228230 2240.5
1228240 2241.1
1228250 2241.1
1228260 2242.5
1228270 2245.0
1228280 2245.0
1228290 2246.9
1228300 2250.4
1228310 2250.4
1228320 2254.8
1228330 2258.9
1228340 2258.9
1228350 2263.2
1228360 2267.5
1228370 2271.6
1228380 2271.6
1228390 2275.1
1228400 2277.6
1228410 2277.6
1228420 2280.5
1228430 2284.3
1228440 2284.3
1228450 2288.4
1228460 2291.6
1228470 2291.6
1228480 2294.0
1228490 2297.1
1228500 2297.1
1228510 2299.6
1228520 2302.1
1228530 2302.1
1228540 2304.8
1228550 2307.1
1228560 2309.3
1228570 2309.3
1228580 2312.8
1228590 2316.7
1228600 2316.7
1228610 2319.7
1228620 2322.9
1228630 2322.9
1228640 2328.6
1228650 2331.3
1228660 2331.3
1228670 2335.3
1228680 2340.9
1228690 2340.9
1228700 2346.4
1228710 2350.0
1228720 2353.2
1228730 2353.2
1228740 2356.6
1228750 2360.5
1228760 2360.5
1228770 2364.0
1228780 2367.2
1228790 2367.2
1228800 2370.6
1228810 2374.4
1228820 2374.4
1228830 2378.8
1228840 2383.3
1228850 2383.3
1228860 2386.9
1228870 2389.2
1228880 2389.2
1228890 2392.0
1228900 2397.1
1228910 2400.9
1228920 2400.9
1228930 2403.3
1228940 2405.9
1228950 2405.9
1228960 2408.9
1228970 2411.3
1228980 2411.3
1228990 2413.4
1229000 2415.6
1229010 2415.6
1229020 2418.0
1229030 2419.6
1229040 2419.6
1229050 2420.8
1229060 2421.4
1229070 2421.4
1229080 2420.6
1229090 2419.4
1229100 2419.3
1229110 2419.3
1229120 2421.6
1229130 2430.9
1229140 2430.9
1229150 2435.7
1229160 2440.8
1229170 2440.8
1229180 2445.3
1229190 2447.8
1229200 2447.8
1229210 2450.3
1229220 2448.6
1229230 2448.6
1229240 2446.5
1229250 2445.5
1229260 2445.5
1229270 2447.0
1229280 2446.8
1229290 2445.9
1229300 2445.9
1229310 2444.6
1229320 2440.1
1229330 2440.1
1229340 2430.3
1229350 2422.1
1229360 2422.1
1229370 2417.2
1229380 2414.2
1229390 2414.2
1229400 2412.1
1229410 2412.5
1229420 2412.5
1229430 2413.6
1229440 2415.1
1229450 2415.1
1229460 2416.3
1229470 2416.3
1229480 2415.6
1229490 2415.6
1229500 2414.7
1229510 2413.3
1229520 2413.3
1229530 2411.0
1229540 2407.7
1229550 2407.7
1229560 2404.7
1229570 2402.1
1229580 2402.1
1229590 2400.5
1229600 2397.9
1229610 2397.9
1229620 2395.1
1229630 2398.5
1229640 2398.5
1229650 2395.6
1229660 2392.6
1229670 2390.2
1229680 2390.2
1229690 2389.1
1229700 2388.1
1229710 2388.1
1229720 2386.5
1229730 2385.2
1229740 2385.2
1229750 2384.2
1229760 2383.0
1229770 2383.0
1229780 2381.6
1229790 2379.6
1229800 2379.6
1229810 2377.7
1229820 2375.4
1229830 2375.4
1229840 2373.0
1229850 2371.3
1229860 2369.4
1229870 2369.4
1229880 2366.9
1229890 2364.1
1229900 2364.1
1229910 2362.2
1229920 2360.4
1229930 2360.4
1229940 2358.6
1229950 2357.3
1229960 2357.3
1229970 2355.9
1229980 2354.8
1229990 2354.8
1230000 2353.6
1230010 2354.2
1230020 2354.2
1230030 2355.4
1230040 2356.8
1230050 2358.6
1230060 2358.6
1230070 2361.0
1230080 2363.3
1230090 2363.3
1230100 2365.8
1230110 2368.5
1230120 2367.1
1230130 2370.1
1230140 2373.5
1230150 2373.5
1230160 2377.0
1230170 2380.8
1230180 2380.8
1230190 2384.5
1230200 2388.8
1230210 2388.8
1230220 2393.2
1230230 2397.3
1230240 2401.6
1230250 2401.6
1230260 2406.5
1230270 2411.6
1230280 2411.6
1230290 2416.4
1230300 2421.0
1230310 2421.0
1230320 2425.7
1230330 2431.3
1230340 2431.3
1230350 2436.8
1230360 2442.1
1230370 2442.1
1230380 2447.8
1230390 2453.2
1230400 2453.2
1230410 2457.8
1230420 2462.0
1230430 2465.8
1230440 2465.8
1230450 2469.6
1230460 2473.6
1230470 2473.6
1230480 2477.5
1230490 2482.0
1230500 2482.0
1230510 2487.9
1230520 2494.5
1230530 2494.5
1230540 2501.1
1230550 2507.9
1230560 2507.9
1230570 2514.8
1230580 2521.5
1230590 2521.5
1230600 2527.7
1230610 2534.8
1230620 2537.7
1230630 2537.7
1230640 2544.0
1230650 2550.2
1230660 2550.2
1230670 2557.3
1230680 2563.2
1230690 2563.2
1230700 2569.4
1230710 2576.8
1230720 2576.8
1230730 2585.8
1230740 2596.5
1230750 2596.5
1230760 2604.8
1230770 2612.5
1230780 2612.5
1230790 2619.9
1230800 2626.9
1230810 2633.1
1230820 2633.1
1230830 2636.7
1230840 2639.9
1230850 2639.9
1230860 2643.0
1230870 2646.7
1230880 2646.7
1230890 2652.0
1230900 2657.2
1230910 2657.2
1230920 2662.2
1230930 2666.2
1230940 2666.2
1230950 2671.0
1230960 2675.9
1230970 2681.4
1230980 2681.4
1230990 2686.9
1231000 2691.5
1231010 2691.5
1231020 2696.3
1231030 2701.1
1231040 2701.1
1231050 2706.1
1231060 2711.2
1231070 2711.2
1231080 2717.3
1231090 2723.3
1231100 2723.3
1231110 2728.6
1231120 2728.2
1231130 2728.2
1231140 2732.9
1231150 2737.3
1231160 2741.9
1231170 2741.9
1231180 2748.0
1231190 2756.7
1231200 2756.7
1231210 2764.0
1231220 2771.3
1231230 2771.3
1231240 2780.0
1231250 2788.0
1231260 2788.0
1231270 2795.7
1231280 2803.5
1231290 2803.5
1231300 2810.8
1231310 2818.2
1231320 2818.2
1231330 2826.0
1231340 2831.2
1231350 2837.3
1231360 2837.3
1231370 2843.7
1231380 2850.2
1231390 2850.2
1231400 2857.5
1231410 2865.3
1231420 2865.3
1231430 2872.9
1231440 2878.1
1231450 2878.1
1231460 2876.9
1231470 2871.3
1231480 2871.3
1231490 2870.1
1231500 2870.4
1231510 2870.4
1231520 2871.0
1231530 2873.9
1231540 2873.8
1231550 2873.8
1231560 2866.2
1231570 2862.7
1231580 2862.7
1231590 2861.9
1231600 2861.2
1231610 2861.2
1231620 2871.6
1231630 2875.9
1231640 2875.9
1231650 2880.4
1231660 2869.0
1231670 2869.0
1231680 2850.5
1231690 2833.4
1231700 2833.4
1231710 2819.0
1231720 2805.4
1231730 2793.0
1231740 2793.0
1231750 2774.4
1231760 2756.3
1231770 2756.3
1231780 2744.4
1231790 2738.1
1231800 2738.1
1231810 2731.6
1231820 2724.6
1231830 2724.6
1231840 2717.7
1231850 2711.4
1231860 2711.4
1231870 2705.1
1231880 2698.8
1231890 2698.8
1231900 2692.8
1231910 2687.7
1231920 2683.9
1231930 2683.9
1231940 2679.9
1231950 2675.6
1231960 2675.6
1231970 2674.8
1231980 2674.8
1231990 2674.8
1232000 2673.6
1232010 2670.4
1232020 2670.4
1232030 2669.1
1232040 2669.4
1232050 2669.4
1232060 2668.3
1232070 2666.3
1232080 2666.3
1232090 2664.4
1232100 2659.1
1232110 2651.8
1232120 2654.7
1232130 2651.2
1232140 2652.2
1232150 2652.2
1232160 2655.2
1232170 2660.0
1232180 2660.0
1232190 2662.0
1232200 2661.8
1232210 2661.8
1232220 2660.7
1232230 2658.8
1232240 2658.8
1232250 2656.2
1232260 2655.1
1232270 2655.1
1232280 2656.1
1232290 2655.8
1232300 2655.8
1232310 2655.8
1232320 2656.1
1232330 2656.5
1232340 2656.5
1232350 2655.1
1232360 2651.8
1232370 2651.8
1232380 2654.7
1232390 2657.5
1232400 2657.5
1232410 2659.2
1232420 2660.1
1232430 2660.1
1232440 2660.8
1232450 2660.8
1232460 2660.8
1232470 2658.2
1232480 2656.2
1232490 2655.4
1232500 2655.4
1232510 2656.2
1232520 2658.5
1232530 2658.5
1232540 2661.0
1232550 2662.1
1232560 2662.1
1232570 2662.1
1232580 2660.9
1232590 2660.9
1232600 2657.5
1232610 2653.5
1232620 2656.3
1232630 2659.1
1232640 2661.6
1232650 2661.6
1232660 2664.1
1232670 2666.6
1232680 2669.4
1232690 2669.4
1232700 2671.8
1232710 2674.5
1232720 2674.5
1232730 2676.5
1232740 2678.8
1232750 2678.8
1232760 2681.4
1232770 2683.3
1232780 2683.3
1232790 2684.9
1232800 2685.9
1232810 2685.9
1232820 2686.4
1232830 2686.1
1232840 2686.1
1232850 2685.9
1232860 2686.5
1232870 2687.3
1232880 2687.3
1232890 2688.4
1232900 2690.1
1232910 2690.1
1232920 2692.5
1232930 2694.7
1232940 2694.7
1232950 2696.4
1232960 2698.0
1232970 2698.0
1232980 2699.8
1232990 2702.0
1233000 2702.0
1233010 2703.4
1233020 2704.0
1233030 2704.0
1233040 2704.1
1233050 2702.8
1233060 2702.5
1233070 2702.5
1233080 2702.9
1233090 2703.4
1233100 2703.4
1233110 2703.9
1233120 2703.5
1233130 2703.5
1233140 2702.8
1233150 2702.8
1233160 2702.8
1233170 2704.0
1233180 2705.2
1233190 2705.2
1233200 2705.5
1233210 2705.0
1233220 2705.0
1233230 2705.0
1233240 2706.1
1233250 2707.8
1233260 2707.8
1233270 2710.3
1233280 2713.8
1233290 2713.8
1233300 2719.3
1233310 2725.7
1233320 2725.7
1233330 2731.5
1233340 2737.0
1233350 2737.0
1233360 2740.5
1233370 2741.0
1233380 2741.0
1233390 2742.7
1233400 2745.8
1233410 2748.6
1233420 2748.6
1233430 2751.7
1233440 2756.4
1233450 2756.4
1233460 2762.0
1233470 2767.8
1233480 2767.8
1233490 2774.0
1233500 2780.9
1233510 2780.9
1233520 2790.9
1233530 2802.1
1233540 2802.1
1233550 2812.7
1233560 2823.1
1233570 2823.1
1233580 2831.9
1233590 2839.6
1233600 2843.9
1233610 2843.9
1233620 2846.0
1233630 2838.4
1233640 2838.4
1233650 2827.3
1233660 2819.4
1233670 2819.4
1233680 2812.2
1233690 2807.2
1233700 2807.2
1233710 2800.1
1233720 2793.1
1233730 2793.1
1233740 2783.2
1233750 2765.7
1233760 2765.7
1233770 2743.5
1233780 2727.8
1233790 2718.8
1233800 2718.8
1233810 2709.0
1233820 2698.6
1233830 2698.6
1233840 2688.2
1233850 2673.2
1233860 2673.2
1233870 2663.9
1233880 2657.8
1233890 2657.8
1233900 2647.8
1233910 2639.4
1233920 2639.4
1233930 2630.4
1233940 2623.0
1233950 2623.0
1233960 2616.5
1233970 2610.3
1233980 2604.3
1233990 2604.3
1234000 2598.5
1234010 2592.8
1234020 2592.8
1234030 2587.3
1234040 2582.3
1234050 2582.3
1234060 2578.4
1234070 2574.8
1234080 2574.8
1234090 2571.6
1234100 2569.6
1234110 2569.6
1234120 2568.9
1234130 2573.8
1234140 2573.8
1234150 2572.4
1234160 2571.2
1234170 2571.6
1234180 2571.6
1234190 2573.4
1234200 2575.5
1234210 2575.5
1234220 2578.4
1234230 2580.0
1234240 2580.0
1234250 2581.7
1234260 2583.7
1234270 2583.7
