1220000 2940.5
1220010 2940.5
1220020 2944.4
1220030 2947.1
1220040 2947.1
1220050 2948.9
1220060 2944.5
1220070 2944.5
1220080 2944.3
1220090 2944.3
1220100 2946.1
1220110 2946.1
1220120 2951.5
1220130 2953.6
1220140 2953.6
1220150 2954.0
1220160 2952.9
1220170 2952.9
1220180 2953.5
1220190 2956.3
1220200 2956.3
1220210 2958.3
1220220 2957.6
1220230 2957.6
1220240 2958.9
1220250 2961.2
1220260 2961.2
1220270 2963.7
1220280 2967.6
1220290 2971.7
1220300 2971.7
1220310 2975.9
1220320 2980.1
1220330 2980.1
1220340 2985.1
1220350 2992.9
1220360 2992.9
1220370 3000.6
1220380 3008.3
1220390 3008.3
1220400 3015.9
1220410 3024.4
1220420 3024.4
1220430 3034.5
1220440 3043.9
1220450 3043.9
1220460 3054.3
1220470 3063.0
1220480 3068.5
1220490 3068.5
1220500 3072.8
1220510 3074.6
1220520 3074.6
1220530 3075.7
1220540 3071.5
1220550 3071.5
1220560 3072.3
1220570 3076.2
1220580 3076.2
1220590 3079.9
1220600 3082.2
1220610 3082.2
1220620 3083.7
1220630 3084.7
1220640 3084.7
1220650 3085.0
1220660 3086.4
1220670 3088.2
1220680 3088.2
1220690 3089.9
1220700 3095.1
1220710 3095.1
1220720 3102.9
1220730 3111.9
1220740 3111.9
1220750 3121.9
1220760 3128.8
1220770 3128.8
1220780 3134.6
1220790 3139.6
1220800 3139.6
1220810 3141.4
1220820 3144.7
1220830 3144.7
1220840 3146.5
1220850 3145.1
1220860 3143.5
1220870 3143.5
1220880 3142.7
1220890 3143.6
1220900 3143.6
1220910 3146.2
1220920 3148.1
1220930 3148.1
1220940 3150.2
1220950 3152.9
1220960 3152.9
1220970 3156.3
1220980 3159.0
1220990 3159.0
1221000 3161.4
1221010 3162.1
1221020 3162.1
1221030 3162.8
1221040 3164.3
1221050 3166.3
1221060 3166.3
1221070 3169.9
1221080 3172.5
1221090 3172.5
1221100 3175.1
1221110 3178.1
1221120 3178.1
1221130 3181.5
1221140 3185.4
1221150 3185.4
1221160 3189.9
1221170 3194.9
1221180 3194.9
1221190 3200.4
1221200 3207.2
1221210 3207.2
1221220 3213.9
1221230 3220.1
1221240 3226.4
1221250 3226.4
1221260 3232.6
1221270 3239.2
1221280 3239.2
1221290 3245.9
1221300 3254.4
1221310 3254.4
1221320 3264.4
1221330 3275.0
1221340 3275.0
1221350 3284.7
1221360 3292.7
1221370 3292.7
1221380 3300.4
1221390 3309.5
1221400 3309.5
1221410 3318.3
1221420 3327.2
1221430 3335.7
1221440 3335.7
1221450 3346.4
1221460 3356.6
1221470 3356.6
1221480 3359.8
1221490 3363.7
1221500 3363.7
1221510 3357.6
1221520 3350.5
1221530 3350.5
1221540 3347.3
1221550 3346.9
1221560 3346.9
1221570 3347.6
1221580 3348.6
1221590 3348.6
1221600 3350.2
1221610 3351.8
1221620 3354.8
1221630 3354.8
1221640 3359.7
1221650 3365.0
1221660 3365.0
1221670 3368.5
1221680 3363.9
1221690 3363.9
1221700 3349.8
1221710 3337.3
1221720 3337.3
1221730 3324.8
1221740 3318.1
1221750 3318.1
1221760 3318.3
1221770 3306.6
1221780 3306.6
1221790 3294.2
1221800 3289.5
1221810 3283.5
1221820 3283.5
1221830 3278.4
1221840 3274.0
1221850 3274.0
1221860 3271.7
1221870 3268.5
1221880 3268.5
1221890 3266.8
1221900 3264.1
1221910 3264.1
1221920 3261.4
1221930 3262.7
1221940 3262.7
1221950 3264.0
1221960 3265.8
1221970 3251.1
1221980 3254.0
1221990 3253.6
1222000 3244.9
1222010 3244.9
1222020 3247.7
1222030 3259.5
1222040 3259.5
1222050 3262.0
1222060 3258.1
1222070 3258.1
1222080 3249.0
1222090 3241.1
1222100 3241.1
1222110 3237.5
1222120 3233.6
1222130 3233.6
1222140 3243.4
1222150 3241.9
1222160 3241.9
1222170 3238.4
1222180 3230.8
1222190 3218.0
1222200 3218.0
1222210 3207.0
1222220 3212.8
1222230 3212.8
1222240 3218.8
1222250 3209.8
1222260 3209.8
1222270 3208.5
1222280 3209.9
1222290 3209.9
1222300 3214.5
1222310 3214.7
1222320 3214.7
1222330 3205.4
1222340 3210.6
1222350 3217.8
1222360 3217.8
1222370 3216.7
1222380 3208.4
1222390 3208.4
1222400 3212.3
1222410 3220.9
1222420 3220.9
1222430 3225.2
1222440 3226.6
1222450 3226.6
1222460 3212.2
1222470 3206.3
1222480 3206.3
1222490 3199.3
1222500 3192.7
1222510 3192.7
1222520 3191.5
1222530 3181.9
1222540 3173.6
1222550 3173.6
1222560 3171.4
1222570 3169.7
1222580 3169.7
1222590 3164.8
1222600 3156.8
1222610 3156.8
1222620 3152.8
1222630 3146.8
1222640 3146.8
1222650 3139.8
1222660 3133.3
1222670 3133.3
1222680 3128.3
1222690 3125.1
1222700 3125.1
1222710 3121.6
1222720 3117.5
1222730 3111.8
1222740 3111.8
1222750 3108.5
1222760 3106.0
1222770 3106.0
1222780 3104.6
1222790 3104.1
1222800 3104.1
1222810 3104.6
1222820 3108.6
1222830 3108.6
1222840 3111.5
1222850 3108.9
1222860 3108.9
1222870 3107.0
1222880 3101.8
1222890 3101.8
1222900 3093.2
1222910 3085.4
1222920 3077.3
1222930 3077.3
1222940 3069.0
1222950 3062.3
1222960 3062.3
1222970 3057.2
1222980 3052.8
1222990 3052.8
1223000 3046.3
1223010 3040.1
1223020 3040.1
1223030 3034.9
1223040 3031.3
1223050 3031.3
1223060 3027.2
1223070 3021.8
1223080 3021.8
1223090 3016.6
1223100 3012.2
1223110 3004.7
1223120 3004.7
1223130 2995.7
1223140 2988.1
1223150 2988.1
1223160 2980.6
1223170 2971.3
1223180 2971.3
1223190 2964.3
1223200 2959.7
1223210 2959.7
1223220 2957.1
1223230 2955.4
1223240 2955.4
1223250 2952.2
1223260 2946.4
1223270 2946.4
1223280 2939.8
1223290 2931.5
1223300 2924.2
1223310 2924.2
1223320 2916.0
1223330 2907.0
1223340 2907.0
1223350 2898.1
1223360 2888.9
1223370 2888.9
1223380 2881.6
1223390 2878.9
1223400 2878.9
1223410 2875.9
1223420 2863.6
1223430 2863.6
1223440 2858.5
1223450 2852.5
1223460 2852.5
1223470 2844.4
1223480 2834.7
1223490 2826.6
1223500 2826.6
1223510 2817.8
1223520 2808.2
1223530 2808.2
1223540 2798.6
1223550 2791.2
1223560 2791.2
1223570 2784.4
1223580 2777.3
1223590 2777.3
1223600 2770.7
1223610 2763.8
1223620 2763.8
1223630 2756.9
1223640 2748.9
1223650 2748.9
1223660 2742.6
1223670 2736.6
1223680 2733.2
1223690 2733.2
1223700 2731.3
1223710 2728.2
1223720 2728.2
1223730 2725.5
1223740 2722.0
1223750 2722.0
1223760 2718.2
1223770 2713.9
1223780 2713.9
1223790 2708.4
1223800 2702.3
1223810 2702.3
1223820 2696.3
1223830 2690.6
1223840 2690.6
1223850 2685.3
1223860 2680.8
1223870 2676.9
1223880 2676.9
1223890 2673.5
1223900 2667.4
1223910 2667.4
1223920 2666.1
1223930 2664.5
1223940 2664.5
1223950 2662.9
1223960 2660.2
1223970 2660.2
1223980 2657.8
1223990 2655.5
1224000 2655.5
1224010 2653.4
1224020 2651.3
1224030 2651.3
1224040 2648.5
1224050 2645.5
1224060 2642.0
1224070 2642.0
1224080 2638.6
1224090 2635.1
1224100 2635.1
1224110 2631.9
1224120 2629.5
1224130 2629.5
1224140 2627.0
1224150 2625.6
1224160 2625.6
1224170 2624.6
1224180 2623.2
1224190 2623.2
1224200 2621.7
1224210 2620.4
1224220 2620.4
1224230 2619.3
1224240 2617.7
1224250 2616.8
1224260 2616.8
1224270 2616.5
1224280 2617.1
1224290 2617.1
1224300 2618.5
1224310 2619.7
1224320 2619.7
1224330 2622.4
1224340 2624.4
1224350 2624.4
1224360 2624.6
1224370 2623.7
1224380 2623.7
1224390 2617.6
1224400 2616.5
1224410 2616.5
1224420 2615.9
1224430 2615.6
1224440 2615.9
1224450 2615.9
1224460 2614.5
1224470 2610.2
1224480 2610.2
1224490 2606.4
1224500 2603.7
1224510 2603.7
1224520 2601.6
1224530 2599.1
1224540 2599.1
1224550 2596.7
1224560 2594.0
1224570 2594.0
1224580 2590.1
1224590 2586.5
1224600 2586.5
1224610 2583.5
1224620 2580.9
1224630 2577.7
1224640 2577.7
1224650 2574.2
1224660 2570.8
1224670 2570.8
1224680 2567.9
1224690 2565.1
1224700 2565.1
1224710 2562.7
1224720 2560.3
1224730 2560.3
1224740 2558.1
1224750 2556.4
1224760 2556.4
1224770 2554.8
1224780 2554.7
1224790 2554.7
1224800 2555.9
1224810 2555.6
1224820 2554.8
1224830 2554.8
1224840 2552.9
1224850 2547.5
1224860 2547.5
1224870 2540.8
1224880 2534.1
1224890 2534.1
1224900 2526.8
1224910 2519.5
1224920 2519.5
1224930 2512.2
1224940 2505.1
1224950 2505.1
1224960 2497.8
1224970 2490.4
1224980 2483.4
1224990 2483.4
1225000 2477.1
1225010 2471.8
1225020 2471.8
1225030 2466.7
1225040 2461.5
1225050 2461.5
1225060 2456.5
1225070 2451.3
1225080 2451.3
1225090 2446.1
1225100 2441.4
1225110 2441.4
1225120 2437.1
1225130 2434.1
1225140 2434.1
1225150 2429.4
1225160 2423.2
1225170 2416.4
1225180 2416.4
1225190 2406.6
1225200 2395.4
1225210 2395.4
1225220 2387.7
1225230 2383.3
1225240 2383.3
1225250 2377.6
1225260 2375.0
1225270 2375.0
1225280 2369.6
1225290 2364.0
1225300 2364.0
1225310 2356.9
1225320 2349.5
1225330 2349.5
1225340 2342.2
1225350 2334.5
1225360 2319.4
1225370 2319.4
1225380 2310.2
1225390 2300.3
1225400 2300.3
1225410 2291.6
1225420 2282.2
1225430 2282.2
1225440 2273.9
1225450 2268.8
1225460 2268.8
1225470 2263.3
1225480 2258.1
1225490 2258.1
1225500 2254.0
1225510 2250.0
1225520 2250.0
1225530 2246.3
1225540 2243.2
1225550 2240.9
1225560 2240.9
1225570 2237.4
1225580 2231.6
1225590 2231.6
1225600 2226.6
1225610 2222.7
1225620 2222.7
1225630 2218.1
1225640 2211.6
1225650 2211.6
1225660 2206.4
1225670 2202.2
1225680 2202.2
1225690 2198.8
1225700 2197.9
1225710 2197.9
1225720 2195.2
1225730 2190.3
1225740 2185.7
1225750 2185.7
1225760 2179.4
1225770 2173.0
1225780 2173.0
1225790 2168.3
1225800 2163.7
1225810 2163.7
1225820 2158.9
1225830 2154.2
1225840 2154.2
1225850 2145.2
1225860 2140.3
1225870 2140.3
1225880 2135.9
1225890 2131.7
1225900 2131.7
1225910 2128.5
1225920 2125.0
1225930 2121.1
1225940 2121.1
1225950 2117.6
1225960 2114.2
1225970 2114.2
1225980 2110.7
1225990 2105.7
1226000 2105.7
1226010 2099.5
1226020 2097.3
1226030 2097.3
1226040 2097.0
1226050 2095.5
1226060 2095.5
1226070 2093.0
1226080 2091.0
1226090 2091.0
1226100 2088.7
1226110 2085.7
1226120 2081.9
1226130 2081.9
1226140 2077.3
1226150 2072.0
1226160 2072.0
1226170 2067.4
1226180 2063.2
1226190 2063.2
1226200 2059.3
1226210 2055.4
1226220 2055.4
1226230 2052.5
1226240 2050.5
1226250 2050.5
1226260 2046.3
1226270 2039.5
1226280 2039.5
1226290 2032.4
1226300 2026.5
1226310 2021.6
1226320 2021.6
1226330 2016.7
1226340 2009.6
1226350 2009.6
1226360 2005.8
1226370 2000.7
1226380 2000.7
1226390 1995.7
1226400 1991.1
1226410 1991.1
1226420 1987.2
1226430 1983.6
1226440 1983.6
1226450 1979.0
1226460 1973.5
1226470 1973.5
1226480 1967.8
1226490 1962.4
1226500 1957.1
1226510 1957.1
1226520 1951.8
1226530 1947.4
1226540 1947.4
1226550 1943.6
1226560 1939.8
1226570 1939.8
1226580 1936.8
1226590 1932.0
1226600 1932.0
1226610 1923.5
1226620 1917.4
1226630 1917.4
1226640 1912.7
1226650 1908.9
1226660 1908.9
1226670 1905.9
1226680 1903.7
1226690 1901.7
1226700 1901.7
1226710 1899.3
1226720 1895.5
1226730 1895.5
1226740 1890.2
1226750 1886.7
1226760 1886.7
1226770 1891.9
1226780 1897.0
1226790 1897.0
1226800 1900.0
1226810 1901.2
1226820 1901.2
1226830 1903.4
1226840 1905.6
1226850 1905.6
1226860 1907.4
1226870 1909.0
1226880 1910.0
1226890 1910.0
1226900 1910.9
1226910 1911.4
1226920 1911.4
1226930 1912.2
1226940 1912.9
1226950 1912.9
1226960 1912.1
1226970 1911.6
1226980 1911.6
1226990 1911.1
1227000 1911.2
1227010 1911.2
1227020 1912.8
1227030 1915.1
1227040 1915.1
1227050 1917.1
1227060 1920.0
1227070 1923.5
1227080 1923.5
1227090 1926.2
1227100 1928.8
1227110 1928.8
1227120 1932.2
1227130 1935.5
1227140 1935.5
1227150 1936.8
1227160 1936.1
1227170 1936.1
1227180 1936.0
1227190 1936.1
1227200 1936.1
1227210 1936.6
1227220 1937.5
1227230 1939.3
1227240 1939.3
1227250 1942.1
1227260 1944.4
1227270 1944.4
1227280 1949.8
1227290 1958.2
1227300 1958.2
1227310 1966.0
1227320 1977.4
1227330 1977.4
1227340 1980.7
1227350 1983.2
1227360 1983.2
1227370 1985.5
1227380 1985.5
1227390 1985.5
1227400 1984.3
1227410 1981.8
1227420 1979.0
1227430 1979.0
1227440 1976.8
1227450 1974.9
1227460 1974.9
1227470 1973.4
1227480 1972.9
1227490 1972.9
1227500 1975.4
1227510 1976.8
1227520 1976.8
1227530 1979.4
1227540 1984.9
1227550 1984.9
1227560 1989.3
1227570 1994.0
1227580 1994.0
1227590 1999.4
1227600 2005.1
1227610 2012.0
1227620 2012.0
1227630 2018.5
1227640 2025.0
1227650 2025.0
1227660 2031.5
1227670 2038.7
1227680 2038.7
1227690 2046.4
1227700 2054.8
1227710 2054.8
1227720 2061.6
1227730 2066.4
1227740 2066.4
1227750 2071.0
1227760 2075.6
1227770 2075.6
1227780 2082.1
1227790 2091.1
1227800 2101.1
1227810 2102.3
1227820 2111.6
1227830 2119.4
1227840 2119.4
1227850 2126.8
1227860 2135.0
1227870 2135.0
1227880 2141.8
1227890 2149.8
1227900 2149.8
1227910 2155.4
1227920 2162.6
1227930 2162.6
1227940 2167.8
1227950 2169.0
1227960 2169.0
1227970 2170.3
1227980 2170.7
1227990 2174.6
1228000 2174.6
1228010 2179.0
1228020 2184.0
1228030 2184.0
1228040 2188.3
1228050 2191.8
1228060 2191.8
1228070 2195.0
1228080 2197.6
1228090 2197.6
1228100 2199.4
1228110 2202.4
1228120 2202.4
1228130 2208.3
1228140 2214.0
1228150 2214.0
1228160 2218.0
1228170 2223.8
1228180 2230.2
1228190 2230.2
1228200 2234.4
1228210 2238.0
1228220 2238.0
1228230 2240.5
1228240 2241.1
1228250 2241.1
1228260 2242.5
1228270 2245.0
1228280 2245.0
1228290 2246.9
1228300 2253.0
1228310 2253.0
1228320 2257.5
1228330 2260.3
1228340 2260.3
1228350 2264.2
1228360 2268.1
1228370 2271.4
1228380 2271.4
1228390 2274.7
1228400 2279.0
1228410 2279.0
1228420 2282.9
1228430 2286.4
1228440 2286.4
1228450 2290.7
1228460 2293.7
1228470 2293.7
1228480 2296.9
1228490 2299.9
1228500 2299.9
1228510 2302.4
1228520 2304.7
1228530 2304.7
1228540 2306.8
1228550 2308.9
1228560 2311.9
1228570 2311.9
1228580 2315.9
1228590 2319.9
1228600 2319.9
1228610 2323.3
1228620 2326.2
1228630 2326.2
1228640 2328.6
1228650 2331.3
1228660 2331.3
1228670 2335.3
1228680 2340.9
1228690 2340.9
1228700 2346.4
1228710 2350.0
1228720 2350.0
1228730 2353.2
1228740 2356.6
1228750 2360.5
1228760 2360.5
1228770 2364.0
1228780 2367.2
1228790 2367.2
1228800 2375.2
1228810 2378.8
1228820 2378.8
1228830 2383.4
1228840 2388.1
1228850 2388.1
1228860 2391.2
1228870 2393.4
1228880 2393.4
1228890 2395.9
1228900 2400.4
1228910 2400.4
1228920 2404.5
1228930 2406.5
1228940 2409.1
1228950 2409.1
1228960 2412.8
1228970 2415.3
1228980 2415.3
1228990 2417.6
1229000 2419.4
1229010 2419.4
1229020 2421.3
1229030 2422.6
1229040 2422.6
1229050 2424.0
1229060 2424.6
1229070 2424.6
1229080 2424.1
1229090 2423.2
1229100 2423.2
1229110 2423.5
1229120 2426.4
1229130 2430.9
1229140 2430.9
1229150 2435.7
1229160 2440.8
1229170 2440.8
1229180 2445.3
1229190 2447.8
1229200 2447.8
1229210 2450.3
1229220 2448.6
1229230 2448.6
1229240 2446.5
1229250 2445.5
1229260 2445.5
1229270 2447.0
1229280 2446.8
1229290 2451.4
1229300 2450.4
1229310 2450.4
1229320 2447.4
1229330 2447.4
1229340 2439.3
1229350 2428.7
1229360 2428.7
1229370 2423.0
1229380 2419.4
1229390 2419.4
1229400 2415.7
1229410 2415.6
1229420 2415.6
1229430 2416.5
1229440 2417.8
1229450 2417.8
1229460 2419.2
1229470 2420.1
1229480 2419.5
1229490 2419.5
1229500 2418.2
1229510 2417.3
1229520 2417.3
1229530 2415.1
1229540 2412.5
1229550 2412.5
1229560 2409.4
1229570 2406.9
1229580 2406.9
1229590 2405.8
1229600 2403.4
1229610 2403.4
1229620 2401.1
1229630 2398.5
1229640 2398.5
1229650 2395.6
1229660 2392.6
1229670 2390.2
1229680 2390.2
1229690 2389.1
1229700 2388.1
1229710 2388.1
1229720 2386.5
1229730 2385.2
1229740 2385.2
1229750 2384.2
1229760 2383.0
1229770 2383.0
1229780 2381.6
1229790 2383.9
1229800 2383.9
1229810 2381.9
1229820 2379.4
1229830 2379.4
1229840 2376.9
1229850 2374.9
1229860 2372.5
1229870 2372.5
1229880 2369.9
1229890 2367.2
1229900 2367.2
1229910 2365.6
1229920 2363.8
1229930 2363.8
1229940 2361.2
1229950 2359.6
1229960 2359.6
1229970 2358.2
1229980 2357.3
1229990 2357.3
1230000 2356.2
1230010 2355.6
1230020 2355.6
1230030 2355.3
1230040 2356.2
1230050 2357.6
1230060 2357.6
1230070 2359.9
1230080 2362.0
1230090 2362.0
1230100 2364.4
1230110 2367.1
1230120 2367.1
1230130 2370.1
1230140 2373.5
1230150 2373.5
1230160 2377.0
1230170 2380.8
1230180 2380.8
1230190 2384.5
1230200 2388.8
1230210 2388.8
1230220 2393.2
1230230 2397.3
1230240 2401.6
1230250 2401.6
1230260 2406.5
1230270 2411.6
1230280 2408.6
1230290 2413.1
1230300 2417.8
1230310 2417.8
1230320 2422.9
1230330 2428.5
1230340 2428.5
1230350 2434.6
1230360 2440.1
1230370 2440.1
1230380 2444.8
1230390 2449.2
1230400 2449.2
1230410 2453.3
1230420 2457.0
1230430 2460.7
1230440 2460.7
1230450 2464.5
1230460 2468.7
1230470 2468.7
1230480 2473.6
1230490 2479.1
1230500 2479.1
1230510 2485.4
1230520 2492.0
1230530 2492.0
1230540 2498.7
1230550 2505.2
1230560 2505.2
1230570 2511.2
1230580 2517.4
1230590 2517.4
1230600 2525.6
1230610 2532.3
1230620 2537.7
1230630 2537.7
1230640 2544.0
1230650 2550.2
1230660 2550.2
1230670 2557.3
1230680 2563.2
1230690 2563.2
1230700 2569.4
1230710 2576.8
1230720 2576.8
1230730 2585.8
1230740 2596.5
1230750 2596.5
1230760 2604.8
1230770 2612.5
1230780 2613.4
1230790 2619.2
1230800 2625.1
1230810 2630.6
1230820 2630.6
1230830 2633.2
1230840 2635.9
1230850 2635.9
1230860 2640.2
1230870 2644.2
1230880 2644.2
1230890 2648.9
1230900 2653.8
1230910 2653.8
1230920 2658.8
1230930 2664.4
1230940 2664.4
1230950 2670.0
1230960 2674.4
1230970 2674.4
1230980 2678.8
1230990 2683.6
1231000 2688.6
1231010 2688.6
1231020 2693.0
1231030 2697.0
1231040 2697.0
1231050 2701.3
1231060 2706.8
1231070 2706.8
1231080 2712.9
1231090 2718.5
1231100 2718.5
1231110 2723.5
1231120 2728.2
1231130 2728.2
1231140 2732.9
1231150 2737.3
1231160 2737.3
1231170 2741.9
1231180 2748.0
1231190 2756.7
1231200 2756.7
1231210 2764.0
1231220 2771.3
1231230 2771.3
1231240 2780.0
1231250 2788.0
1231260 2788.0
1231270 2795.7
1231280 2808.4
1231290 2808.4
1231300 2815.5
1231310 2821.3
1231320 2821.3
1231330 2829.3
1231340 2835.3
1231350 2835.3
1231360 2841.1
1231370 2847.1
1231380 2853.2
1231390 2853.2
1231400 2859.9
1231410 2869.1
1231420 2869.1
1231430 2877.7
1231440 2883.5
1231450 2883.5
1231460 2882.0
1231470 2878.8
1231480 2878.8
1231490 2877.9
1231500 2877.6
1231510 2877.6
1231520 2878.4
1231530 2880.8
1231540 2880.8
1231550 2878.6
1231560 2873.3
1231570 2871.0
1231580 2871.0
1231590 2869.6
1231600 2869.6
1231610 2869.6
1231620 2871.6
1231630 2875.9
1231640 2875.9
1231650 2880.4
1231660 2869.0
1231670 2869.0
1231680 2850.5
1231690 2833.4
1231700 2833.4
1231710 2819.0
1231720 2805.4
1231730 2805.4
1231740 2793.0
1231750 2774.4
1231760 2756.3
1231770 2756.3
1231780 2748.2
1231790 2740.9
1231800 2740.9
1231810 2734.1
1231820 2727.3
1231830 2727.3
1231840 2720.9
1231850 2714.7
1231860 2714.7
1231870 2708.5
1231880 2702.3
1231890 2702.3
1231900 2696.8
1231910 2691.9
1231920 2688.4
1231930 2688.4
1231940 2683.2
1231950 2680.1
1231960 2680.1
1231970 2679.6
1231980 2679.8
1231990 2679.8
1232000 2675.7
1232010 2672.2
1232020 2672.2
1232030 2673.2
1232040 2674.5
1232050 2674.5
1232060 2672.9
1232070 2670.8
1232080 2670.8
1232090 2668.6
1232100 2662.6
1232110 2654.7
1232120 2654.7
1232130 2651.2
1232140 2652.2
1232150 2652.2
1232160 2655.2
1232170 2660.0
1232180 2660.0
1232190 2662.0
1232200 2661.8
1232210 2661.8
1232220 2660.7
1232230 2658.8
1232240 2658.8
1232250 2656.2
1232260 2655.1
1232270 2655.1
1232280 2657.2
1232290 2658.0
1232300 2658.3
1232310 2658.3
1232320 2656.1
1232330 2656.0
1232340 2656.0
1232350 2655.6
1232360 2652.2
1232370 2652.2
1232380 2654.8
1232390 2658.1
1232400 2658.1
1232410 2660.2
1232420 2661.6
1232430 2661.6
1232440 2661.9
1232450 2661.6
1232460 2661.6
1232470 2659.4
1232480 2657.7
1232490 2656.9
1232500 2656.9
1232510 2657.2
1232520 2659.2
1232530 2659.2
1232540 2662.0
1232550 2663.5
1232560 2663.5
1232570 2664.0
1232580 2663.5
1232590 2663.5
1232600 2659.9
1232610 2656.3
1232620 2656.3
1232630 2659.1
1232640 2661.6
1232650 2661.6
1232660 2664.1
1232670 2666.6
1232680 2669.4
1232690 2669.4
1232700 2671.8
1232710 2674.5
1232720 2674.5
1232730 2676.5
1232740 2678.8
1232750 2678.8
1232760 2681.4
1232770 2683.3
1232780 2684.3
1232790 2685.9
1232800 2687.1
1232810 2687.1
1232820 2688.1
1232830 2688.5
1232840 2688.5
1232850 2688.4
1232860 2689.1
1232870 2689.9
1232880 2689.9
1232890 2691.3
1232900 2693.2
1232910 2693.2
1232920 2695.4
1232930 2697.2
1232940 2697.2
1232950 2698.4
1232960 2700.2
1232970 2700.2
1232980 2702.4
1232990 2704.8
1233000 2704.8
1233010 2705.9
1233020 2706.0
1233030 2706.0
1233040 2705.5
1233050 2704.4
1233060 2703.8
1233070 2703.8
1233080 2704.0
1233090 2704.6
1233100 2704.6
1233110 2704.5
1233120 2703.5
1233130 2703.5
1233140 2702.8
1233150 2702.8
1233160 2702.8
1233170 2704.0
1233180 2705.2
1233190 2705.2
1233200 2705.5
1233210 2705.0
1233220 2705.0
1233230 2705.0
1233240 2706.1
1233250 2707.8
1233260 2707.8
1233270 2710.3
1233280 2714.5
1233290 2714.5
1233300 2719.9
1233310 2725.2
1233320 2725.2
1233330 2730.2
1233340 2735.8
1233350 2735.8
1233360 2740.7
1233370 2742.2
1233380 2742.2
1233390 2743.9
1233400 2747.3
1233410 2747.3
1233420 2749.7
1233430 2753.1
1233440 2759.1
1233450 2759.1
1233460 2764.7
1233470 2770.5
1233480 2770.5
1233490 2776.2
1233500 2782.9
1233510 2782.9
1233520 2790.3
1233530 2802.8
1233540 2802.8
1233550 2813.3
1233560 2820.3
1233570 2820.3
1233580 2828.4
1233590 2839.0
1233600 2839.0
1233610 2847.1
1233620 2846.0
1233630 2838.4
1233640 2838.4
1233650 2827.3
1233660 2819.4
1233670 2819.4
1233680 2812.2
1233690 2807.2
1233700 2807.2
1233710 2800.1
1233720 2793.1
1233730 2793.1
1233740 2783.2
1233750 2765.7
1233760 2765.7
1233770 2743.5
1233780 2732.1
1233790 2732.1
1233800 2719.0
1233810 2708.3
1233820 2701.0
1233830 2701.0
1233840 2693.3
1233850 2681.4
1233860 2681.4
1233870 2672.4
1233880 2665.7
1233890 2665.7
1233900 2656.8
1233910 2647.6
1233920 2647.6
1233930 2633.8
1233940 2624.2
1233950 2624.2
1233960 2617.6
1233970 2612.4
1233980 2612.4
1233990 2607.3
1234000 2601.5
1234010 2595.4
1234020 2595.4
1234030 2589.8
1234040 2586.0
1234050 2586.0
1234060 2582.7
1234070 2579.0
1234080 2579.0
1234090 2575.5
1234100 2574.0
1234110 2574.0
1234120 2574.0
1234130 2573.8
1234140 2573.8
1234150 2572.4
1234160 2571.2
1234170 2571.6
1234180 2571.6
1234190 2573.4
1234200 2575.5
1234210 2575.5
1234220 2578.4
1234230 2580.0
1234240 2580.0
1234250 2581.7
1234260 2583.7
1234270 2583.7
