1220000 3040.4
1220010 3040.4
1220020 3041.0
1220030 3045.5
1220040 3053.7
1220050 3053.7
1220060 3060.0
1220070 3063.8
1220080 3063.8
1220090 3064.3
1220100 3059.4
1220110 3059.4
1220120 3053.6
1220130 3051.9
1220140 3051.9
1220150 3052.7
1220160 3060.6
1220170 3060.6
1220180 3071.1
1220190 3079.7
1220200 3079.7
1220210 3083.3
1220220 3089.4
1220230 3097.3
1220240 3097.3
1220250 3106.1
1220260 3114.8
1220270 3114.8
1220280 3121.5
1220290 3124.7
1220300 3124.7
1220310 3124.4
1220320 3119.9
1220330 3119.9
1220340 3115.8
1220350 3106.8
1220360 3106.8
1220370 3095.5
1220380 3086.9
1220390 3086.9
1220400 3080.0
1220410 3075.3
1220420 3070.1
1220430 3070.1
1220440 3064.4
1220450 3058.3
1220460 3061.3
1220470 3055.5
1220480 3052.1
1220490 3052.1
1220500 3049.9
1220510 3048.4
1220520 3048.4
1220530 3047.5
1220540 3047.0
1220550 3047.0
1220560 3047.3
1220570 3048.0
1220580 3048.0
1220590 3048.8
1220600 3049.9
1220610 3051.2
1220620 3051.2
1220630 3052.6
1220640 3054.3
1220650 3054.3
1220660 3056.0
1220670 3057.6
1220680 3057.6
1220690 3059.3
1220700 3060.8
1220710 3060.8
1220720 3062.2
1220730 3063.5
1220740 3063.5
1220750 3064.6
1220760 3065.7
1220770 3065.7
1220780 3066.7
1220790 3067.8
1220800 3068.9
1220810 3068.9
1220820 3069.9
1220830 3071.0
1220840 3071.0
1220850 3072.1
1220860 3073.5
1220870 3073.5
1220880 3075.0
1220890 3076.7
1220900 3076.7
1220910 3078.5
1220920 3080.5
1220930 3080.5
1220940 3083.5
1220950 3085.5
1220960 3085.5
1220970 3087.4
1220980 3089.2
1220990 3091.1
1221000 3091.1
1221010 3093.0
1221020 3094.9
1221030 3094.9
1221040 3096.9
1221050 3098.9
1221060 3098.9
1221070 3101.0
1221080 3103.1
1221090 3103.1
1221100 3105.5
1221110 3108.1
1221120 3108.1
1221130 3110.9
1221140 3113.9
1221150 3113.9
1221160 3117.0
1221170 3120.1
1221180 3123.2
1221190 3123.2
1221200 3126.3
1221210 3129.4
1221220 3129.4
1221230 3132.5
1221240 3135.7
1221250 3135.7
1221260 3139.0
1221270 3142.6
1221280 3142.6
1221290 3146.3
1221300 3150.0
1221310 3150.0
1221320 3154.0
1221330 3158.1
1221340 3158.1
1221350 3162.5
1221360 3167.2
1221370 3173.2
1221380 3173.2
1221390 3186.6
1221400 3196.8
1221410 3196.8
1221420 3191.2
1221430 3179.1
1221440 3179.1
1221450 3165.6
1221460 3160.1
1221470 3160.1
1221480 3160.4
1221490 3158.4
1221500 3158.4
1221510 3153.5
1221520 3149.5
1221530 3149.5
1221540 3146.9
1221550 3146.8
1221560 3147.6
1221570 3147.6
1221580 3149.0
1221590 3150.4
1221600 3150.4
1221610 3151.7
1221620 3153.0
1221630 3153.0
1221640 3154.5
1221650 3156.2
1221660 3156.2
1221670 3158.3
1221680 3161.1
1221690 3161.1
1221700 3164.5
1221710 3168.8
1221720 3173.9
1221730 3173.9
1221740 3180.5
1221750 3189.0
1221760 3189.0
1221770 3194.9
1221780 3203.5
1221790 3203.5
1221800 3211.5
1221810 3215.4
1221820 3215.4
1221830 3218.0
1221840 3221.7
1221850 3221.7
1221860 3226.3
1221870 3230.9
1221880 3230.9
1221890 3234.5
1221900 3240.6
1221910 3242.5
1221920 3242.5
1221930 3244.3
1221940 3246.3
1221950 3246.3
1221960 3248.3
1221970 3250.4
1221980 3250.4
1221990 3252.6
1222000 3254.8
1222010 3254.8
1222020 3257.2
1222030 3259.8
1222040 3259.8
1222050 3262.5
1222060 3265.5
1222070 3265.5
1222080 3268.6
1222090 3272.1
1222100 3276.2
1222110 3276.2
1222120 3280.4
1222130 3284.8
1222140 3284.8
1222150 3289.4
1222160 3293.9
1222170 3293.9
1222180 3298.6
1222190 3303.5
1222200 3303.5
1222210 3308.4
1222220 3313.5
1222230 3313.5
1222240 3319.0
1222250 3324.7
1222260 3324.7
1222270 3321.4
1222280 3312.3
1222290 3303.7
1222300 3303.7
1222310 3295.4
1222320 3287.1
1222330 3287.1
1222340 3276.1
1222350 3265.8
1222360 3265.8
1222370 3253.6
1222380 3241.4
1222390 3241.4
1222400 3231.8
1222410 3224.1
1222420 3224.1
1222430 3216.9
1222440 3209.9
1222450 3209.9
1222460 3203.1
1222470 3196.6
1222480 3190.5
1222490 3190.5
1222500 3184.8
1222510 3179.3
1222520 3179.3
1222530 3173.2
1222540 3167.2
1222550 3167.2
1222560 3161.4
1222570 3155.8
1222580 3155.8
1222590 3150.3
1222600 3144.0
1222610 3144.0
1222620 3137.0
1222630 3130.7
1222640 3130.7
1222650 3125.2
1222660 3119.2
1222670 3113.2
1222680 3113.2
1222690 3108.2
1222700 3103.4
1222710 3103.4
1222720 3098.8
1222730 3094.7
1222740 3094.7
1222750 3090.4
1222760 3085.9
1222770 3085.9
1222780 3081.8
1222790 3077.6
1222800 3077.6
1222810 3073.9
1222820 3069.9
1222830 3069.9
1222840 3066.0
1222850 3062.1
1222860 3060.0
1222870 3060.0
1222880 3056.0
1222890 3051.9
1222900 3051.9
1222910 3047.8
1222920 3043.5
1222930 3043.5
1222940 3039.2
1222950 3035.1
1222960 3035.1
1222970 3031.1
1222980 3027.4
1222990 3027.4
1223000 3023.8
1223010 3020.3
1223020 3020.3
1223030 3016.8
1223040 3013.4
1223050 3009.9
1223060 3009.9
1223070 3006.4
1223080 3002.9
1223090 3002.9
1223100 2999.2
1223110 2995.4
1223120 2995.4
1223130 2991.5
1223140 2987.5
1223150 2987.5
1223160 2983.4
1223170 2979.1
1223180 2979.1
1223190 2974.8
1223200 2970.5
1223210 2970.5
1223220 2966.1
1223230 2961.7
1223240 2957.2
1223250 2957.2
1223260 2952.7
1223270 2948.3
1223280 2948.3
1223290 2943.8
1223300 2939.5
1223310 2939.5
1223320 2935.3
1223330 2931.5
1223340 2932.5
1223350 2929.7
1223360 2927.7
1223370 2927.7
1223380 2926.4
1223390 2925.4
1223400 2925.4
1223410 2924.6
1223420 2923.9
1223430 2923.2
1223440 2923.2
1223450 2921.1
1223460 2917.5
1223470 2917.5
1223480 2913.3
1223490 2907.4
1223500 2907.4
1223510 2901.5
1223520 2895.7
1223530 2895.7
1223540 2891.3
1223550 2887.0
1223560 2887.0
1223570 2883.3
1223580 2880.8
1223590 2880.8
1223600 2880.4
1223610 2880.6
1223620 2878.4
1223630 2878.4
1223640 2875.3
1223650 2875.6
1223660 2875.6
1223670 2876.3
1223680 2876.5
1223690 2876.5
1223700 2877.8
1223710 2881.1
1223720 2881.1
1223730 2886.5
1223740 2892.4
1223750 2892.4
1223760 2895.3
1223770 2896.3
1223780 2896.3
1223790 2895.4
1223800 2892.8
1223810 2890.0
1223820 2890.0
1223830 2880.7
1223840 2878.0
1223850 2878.0
1223860 2878.2
1223870 2881.3
1223880 2881.3
1223890 2883.9
1223900 2881.4
1223910 2881.4
1223920 2874.5
1223930 2867.6
1223940 2867.6
1223950 2859.1
1223960 2848.0
1223970 2848.0
1223980 2839.8
1223990 2834.1
1224000 2828.3
1224010 2828.3
1224020 2824.7
1224030 2818.3
1224040 2818.3
1224050 2813.0
1224060 2807.0
1224070 2807.0
1224080 2804.2
1224090 2802.9
1224100 2802.9
1224110 2799.3
1224120 2793.4
1224130 2793.4
1224140 2787.6
1224150 2782.2
1224160 2782.2
1224170 2777.5
1224180 2774.6
1224190 2772.6
1224200 2772.6
1224210 2770.4
1224220 2767.8
1224230 2767.8
1224240 2764.7
1224250 2761.7
1224260 2761.7
1224270 2758.8
1224280 2757.5
1224290 2757.5
1224300 2756.3
1224310 2751.5
1224320 2751.5
1224330 2749.7
1224340 2749.4
1224350 2749.4
1224360 2749.1
1224370 2748.7
1224380 2748.6
1224390 2748.6
1224400 2747.6
1224410 2745.4
1224420 2745.4
1224430 2741.1
1224440 2735.0
1224450 2735.0
1224460 2730.8
1224470 2728.1
1224480 2728.1
1224490 2725.0
1224500 2721.6
1224510 2721.6
1224520 2719.1
1224530 2717.4
1224540 2717.4
1224550 2715.6
1224560 2713.7
1224570 2711.6
1224580 2711.6
1224590 2709.5
1224600 2705.4
1224610 2705.4
1224620 2701.0
1224630 2696.3
1224640 2696.3
1224650 2690.2
1224660 2683.1
1224670 2683.1
1224680 2675.9
1224690 2668.5
1224700 2668.5
1224710 2659.6
1224720 2651.3
1224730 2644.8
1224740 2644.8
1224750 2640.1
1224760 2637.1
1224770 2637.1
1224780 2635.7
1224790 2633.9
1224800 2633.4
1224810 2630.4
1224820 2630.8
1224830 2630.8
1224840 2629.3
1224850 2626.5
1224860 2626.5
1224870 2625.5
1224880 2621.4
1224890 2621.4
1224900 2616.4
1224910 2610.8
1224920 2605.2
1224930 2605.2
1224940 2600.3
1224950 2595.1
1224960 2595.1
1224970 2589.8
1224980 2584.8
1224990 2584.8
1225000 2580.3
1225010 2576.4
1225020 2576.4
1225030 2571.9
1225040 2566.4
1225050 2566.4
1225060 2560.1
1225070 2554.1
1225080 2554.1
1225090 2549.7
1225100 2546.2
1225110 2543.0
1225120 2543.0
1225130 2540.4
1225140 2537.3
1225150 2537.3
1225160 2535.0
1225170 2533.0
1225180 2533.0
1225190 2531.2
1225200 2530.1
1225210 2530.1
1225220 2529.0
1225230 2526.7
1225240 2526.7
1225250 2521.5
1225260 2515.8
1225270 2515.8
1225280 2510.8
1225290 2507.8
1225300 2502.1
1225310 2502.1
1225320 2496.9
1225330 2491.7
1225340 2491.7
1225350 2485.5
1225360 2480.3
1225370 2480.3
1225380 2476.2
1225390 2472.5
1225400 2472.5
1225410 2468.2
1225420 2465.1
1225430 2465.1
1225440 2460.8
1225450 2455.2
1225460 2455.2
1225470 2449.2
1225480 2443.4
1225490 2437.7
1225500 2437.7
1225510 2432.8
1225520 2428.1
1225530 2428.1
1225540 2421.7
1225550 2413.1
1225560 2413.1
1225570 2406.0
1225580 2401.2
1225590 2401.2
1225600 2396.8
1225610 2391.7
1225620 2391.7
1225630 2384.6
1225640 2379.0
1225650 2379.0
1225660 2375.0
1225670 2370.9
1225680 2366.9
1225690 2366.9
1225700 2364.8
1225710 2363.0
1225720 2363.0
1225730 2359.5
1225740 2356.9
1225750 2356.9
1225760 2356.8
1225770 2348.8
1225780 2348.8
1225790 2347.3
1225800 2341.3
1225810 2341.3
1225820 2334.1
1225830 2327.9
1225840 2327.9
1225850 2323.1
1225860 2319.8
1225870 2316.7
1225880 2316.7
1225890 2313.5
1225900 2308.6
1225910 2308.6
1225920 2301.6
1225930 2294.6
1225940 2294.6
1225950 2288.0
1225960 2281.1
1225970 2281.1
1225980 2274.3
1225990 2268.0
1226000 2268.0
1226010 2262.6
1226020 2257.6
1226030 2257.6
1226040 2252.4
1226050 2247.2
1226060 2242.1
1226070 2242.1
1226080 2237.2
1226090 2231.8
1226100 2231.8
1226110 2226.7
1226120 2221.3
1226130 2221.3
1226140 2215.6
1226150 2210.9
1226160 2210.9
1226170 2206.1
1226180 2201.5
1226190 2201.5
1226200 2197.4
1226210 2193.1
1226220 2193.1
1226230 2188.1
1226240 2182.7
1226250 2177.3
1226260 2174.4
1226270 2168.3
1226280 2161.9
1226290 2161.9
1226300 2153.6
1226310 2145.1
1226320 2145.1
1226330 2139.3
1226340 2133.6
1226350 2133.6
1226360 2123.1
1226370 2110.3
1226380 2110.3
1226390 2102.4
1226400 2095.9
1226410 2095.9
1226420 2090.9
1226430 2086.5
1226440 2082.8
1226450 2082.8
1226460 2079.8
1226470 2076.6
1226480 2076.6
1226490 2073.6
1226500 2070.4
1226510 2070.4
1226520 2066.7
1226530 2061.2
1226540 2061.2
1226550 2050.3
1226560 2041.9
1226570 2041.9
1226580 2038.7
1226590 2034.5
1226600 2034.5
1226610 2025.3
1226620 2016.3
1226630 2010.6
1226640 2010.6
1226650 2004.8
1226660 1998.4
1226670 1998.4
1226680 1991.4
1226690 1984.6
1226700 1984.6
1226710 1977.5
1226720 1969.9
1226730 1969.9
1226740 1963.5
1226750 1952.0
1226760 1952.0
1226770 1946.2
1226780 1940.2
1226790 1940.2
1226800 1933.7
1226810 1927.2
1226820 1921.2
1226830 1921.2
1226840 1915.1
1226850 1909.9
1226860 1909.9
1226870 1904.9
1226880 1900.0
1226890 1900.0
1226900 1894.6
1226910 1889.8
1226920 1889.8
1226930 1887.4
1226940 1886.3
1226950 1886.3
1226960 1885.7
1226970 1885.5
1226980 1885.5
1226990 1885.2
1227000 1884.9
1227010 1884.6
1227020 1884.6
1227030 1884.4
1227040 1884.0
1227050 1884.0
1227060 1882.9
1227070 1881.3
1227080 1881.3
1227090 1880.0
1227100 1879.6
1227110 1879.6
1227120 1879.9
1227130 1878.8
1227140 1878.8
1227150 1877.1
1227160 1877.9
1227170 1877.9
1227180 1881.4
1227190 1885.5
1227200 1887.7
1227210 1887.7
1227220 1889.7
1227230 1890.2
1227240 1890.2
1227250 1890.1
1227260 1890.5
1227270 1890.5
1227280 1891.2
1227290 1891.7
1227300 1891.7
1227310 1893.9
1227320 1896.3
1227330 1896.3
1227340 1898.5
1227350 1899.7
1227360 1899.7
1227370 1901.8
1227380 1902.5
1227390 1902.9
1227400 1902.9
1227410 1903.5
1227420 1904.8
1227430 1904.8
1227440 1906.6
1227450 1908.4
1227460 1908.4
1227470 1909.1
1227480 1908.6
1227490 1908.6
1227500 1908.4
1227510 1909.9
1227520 1909.9
1227530 1911.5
1227540 1913.0
1227550 1913.0
1227560 1919.0
1227570 1924.7
1227580 1928.8
1227590 1928.8
1227600 1929.3
1227610 1929.4
1227620 1929.4
1227630 1930.4
1227640 1931.2
1227650 1931.2
1227660 1931.4
1227670 1931.8
1227680 1931.8
1227690 1931.7
1227700 1931.5
1227710 1931.5
1227720 1931.8
1227730 1933.3
1227740 1936.3
1227750 1936.3
1227760 1942.9
1227770 1946.6
1227780 1946.6
1227790 1941.9
1227800 1942.4
1227810 1942.4
1227820 1946.9
1227830 1953.2
1227840 1953.2
1227850 1959.6
1227860 1964.0
1227870 1964.0
1227880 1967.2
1227890 1968.7
1227900 1968.7
1227910 1969.5
1227920 1973.6
1227930 1980.1
1227940 1980.1
1227950 1987.7
1227960 1992.6
1227970 1992.6
1227980 1997.6
1227990 2002.5
1228000 2002.5
1228010 2008.1
1228020 2014.3
1228030 2014.3
1228040 2020.2
1228050 2025.3
1228060 2025.3
1228070 2030.2
1228080 2035.0
1228090 2035.0
1228100 2040.1
1228110 2044.0
1228120 2046.2
1228130 2046.2
1228140 2050.1
1228150 2055.3
1228160 2055.3
1228170 2063.6
1228180 2068.4
1228190 2068.4
1228200 2073.1
1228210 2078.8
1228220 2085.0
1228230 2090.5
1228240 2095.6
1228250 2095.6
1228260 2101.9
1228270 2110.2
1228280 2110.2
1228290 2113.4
1228300 2114.9
1228310 2119.0
1228320 2119.0
1228330 2124.3
1228340 2131.1
1228350 2131.1
1228360 2139.8
1228370 2148.0
1228380 2148.0
1228390 2154.7
1228400 2159.6
1228410 2159.6
1228420 2164.6
1228430 2168.9
1228440 2168.9
1228450 2173.5
1228460 2177.1
1228470 2177.1
1228480 2180.9
1228490 2184.9
1228500 2187.9
1228510 2187.9
1228520 2192.2
1228530 2197.3
1228540 2197.3
1228550 2202.6
1228560 2206.4
1228570 2206.4
1228580 2210.6
1228590 2214.2
1228600 2214.2
1228610 2216.5
1228620 2219.3
1228630 2219.3
1228640 2224.0
1228650 2229.0
1228660 2229.0
1228670 2233.8
1228680 2237.2
1228690 2241.1
1228700 2241.1
1228710 2244.5
1228720 2254.4
1228730 2254.4
1228740 2259.1
1228750 2262.4
1228760 2262.4
1228770 2264.4
1228780 2266.0
1228790 2266.0
1228800 2267.6
1228810 2269.3
1228820 2269.3
1228830 2270.5
1228840 2271.4
1228850 2271.4
1228860 2271.7
1228870 2271.6
1228880 2271.7
1228890 2271.7
1228900 2271.7
1228910 2272.0
1228920 2272.0
1228930 2272.5
1228940 2273.4
1228950 2273.4
1228960 2274.4
1228970 2274.9
1228980 2274.9
1228990 2275.1
1229000 2275.5
1229010 2275.5
1229020 2275.9
1229030 2276.1
1229040 2276.1
1229050 2276.2
1229060 2277.0
1229070 2277.1
1229080 2277.1
1229090 2277.1
1229100 2276.3
1229110 2276.3
1229120 2275.5
1229130 2275.1
1229140 2275.1
1229150 2275.5
1229160 2276.5
1229170 2276.5
1229180 2276.7
1229190 2278.9
1229200 2278.9
1229210 2284.6
1229220 2287.7
1229230 2287.7
1229240 2292.8
1229250 2299.7
1229260 2307.1
1229270 2307.1
1229280 2311.8
1229290 2313.4
1229300 2313.4
1229310 2313.2
1229320 2312.4
1229330 2312.4
1229340 2311.8
1229350 2311.9
1229360 2311.9
1229370 2313.0
1229380 2313.4
1229390 2313.4
1229400 2312.9
1229410 2311.9
1229420 2311.9
1229430 2310.8
1229440 2309.8
1229450 2307.6
1229460 2307.6
1229470 2304.9
1229480 2301.9
1229490 2301.9
1229500 2300.8
1229510 2300.5
1229520 2300.5
1229530 2300.8
1229540 2301.1
1229550 2301.1
1229560 2304.4
1229570 2308.5
1229580 2308.5
1229590 2312.1
1229600 2316.0
1229610 2316.0
1229620 2319.7
1229630 2323.2
1229640 2327.5
1229650 2327.5
1229660 2333.1
1229670 2339.2
1229680 2339.2
1229690 2345.7
1229700 2351.2
1229710 2350.6
1229720 2357.9
1229730 2365.2
1229740 2365.2
1229750 2371.3
1229760 2377.1
1229770 2377.1
1229780 2382.7
1229790 2388.6
1229800 2388.6
1229810 2393.6
1229820 2399.8
1229830 2406.3
1229840 2406.3
1229850 2411.7
1229860 2416.1
1229870 2416.1
1229880 2421.1
1229890 2426.9
1229900 2426.9
1229910 2433.0
1229920 2439.6
1229930 2439.6
1229940 2445.6
1229950 2451.1
1229960 2451.1
1229970 2455.1
1229980 2457.5
1229990 2457.5
1230000 2459.7
1230010 2462.5
1230020 2466.9
1230030 2466.9
1230040 2471.7
1230050 2476.9
1230060 2476.9
1230070 2481.3
1230080 2486.1
1230090 2486.1
1230100 2490.2
1230110 2493.2
1230120 2493.2
1230130 2496.8
1230140 2501.3
1230150 2501.3
1230160 2506.2
1230170 2511.6
1230180 2511.6
1230190 2517.7
1230200 2523.9
1230210 2532.2
1230220 2532.2
1230230 2540.3
1230240 2547.4
1230250 2547.4
1230260 2553.5
1230270 2559.2
1230280 2559.2
1230290 2565.2
1230300 2571.6
1230310 2571.6
1230320 2579.8
1230330 2587.6
1230340 2587.6
1230350 2594.1
1230360 2600.4
1230370 2600.4
1230380 2607.0
1230390 2611.8
1230400 2615.8
1230410 2615.8
1230420 2621.4
1230430 2627.9
1230440 2627.9
1230450 2634.6
1230460 2641.0
1230470 2641.0
1230480 2646.0
1230490 2650.1
1230500 2650.1
1230510 2652.8
1230520 2653.9
1230530 2653.9
1230540 2655.1
1230550 2656.8
1230560 2658.4
1230570 2658.4
1230580 2660.0
1230590 2662.2
1230600 2662.2
1230610 2663.9
1230620 2665.4
1230630 2665.4
1230640 2667.4
1230650 2669.5
1230660 2669.5
1230670 2672.1
1230680 2678.1
1230690 2678.1
1230700 2684.3
1230710 2689.9
1230720 2689.9
1230730 2695.2
1230740 2699.8
1230750 2704.1
1230760 2704.1
1230770 2707.0
1230780 2709.9
1230790 2709.9
1230800 2712.8
1230810 2716.1
1230820 2716.1
1230830 2720.5
1230840 2725.8
1230850 2725.8
1230860 2732.1
1230870 2738.0
1230880 2738.0
1230890 2742.3
1230900 2744.8
1230910 2744.8
1230920 2748.9
1230930 2755.0
1230940 2761.3
1230950 2761.3
1230960 2767.9
1230970 2774.4
1230980 2774.4
1230990 2781.9
1231000 2790.3
1231010 2790.3
1231020 2798.3
1231030 2802.2
1231040 2802.2
1231050 2808.7
1231060 2817.1
1231070 2817.1
1231080 2823.4
1231090 2829.6
1231100 2829.6
1231110 2837.0
1231120 2844.5
1231130 2852.3
1231140 2852.3
1231150 2859.6
1231160 2867.1
1231170 2867.1
1231180 2871.5
1231190 2873.7
1231200 2872.0
1231210 2875.7
1231220 2877.8
1231230 2877.8
1231240 2877.7
1231250 2880.5
1231260 2880.5
1231270 2884.6
1231280 2887.7
1231290 2887.7
1231300 2885.5
1231310 2880.4
1231320 2870.9
1231330 2870.9
1231340 2857.7
1231350 2846.3
1231360 2846.3
1231370 2833.3
1231380 2821.8
1231390 2821.8
1231400 2812.5
1231410 2801.9
1231420 2801.9
1231430 2788.8
1231440 2775.0
1231450 2775.0
1231460 2762.1
1231470 2747.0
1231480 2747.0
1231490 2733.6
1231500 2725.8
1231510 2718.6
1231520 2718.6
1231530 2711.4
1231540 2704.4
1231550 2704.4
1231560 2697.7
1231570 2691.1
1231580 2691.1
1231590 2684.7
1231600 2678.7
1231610 2678.7
1231620 2674.2
1231630 2671.4
1231640 2671.4
1231650 2670.6
1231660 2670.5
1231670 2670.5
1231680 2670.0
1231690 2669.5
1231700 2669.1
1231710 2669.1
1231720 2668.4
1231730 2667.5
1231740 2667.5
1231750 2663.3
1231760 2658.0
1231770 2658.0
1231780 2649.4
1231790 2641.1
1231800 2641.1
1231810 2633.3
1231820 2626.1
1231830 2626.1
1231840 2619.8
1231850 2614.1
1231860 2614.1
1231870 2609.5
1231880 2606.6
1231890 2603.7
1231900 2603.7
1231910 2598.9
1231920 2593.0
1231930 2593.0
1231940 2590.6
1231950 2588.9
1231960 2588.9
1231970 2588.1
1231980 2587.8
1231990 2587.8
1232000 2587.7
1232010 2588.4
1232020 2588.4
1232030 2589.7
1232040 2590.3
1232050 2590.3
1232060 2590.1
1232070 2589.3
1232080 2588.3
1232090 2588.3
1232100 2586.9
1232110 2584.7
1232120 2584.7
1232130 2582.2
1232140 2578.2
1232150 2578.2
1232160 2575.6
1232170 2573.1
1232180 2573.1
1232190 2571.9
1232200 2574.1
1232210 2574.1
1232220 2571.7
1232230 2569.5
1232240 2569.5
1232250 2566.8
1232260 2564.3
1232270 2559.5
1232280 2559.5
1232290 2558.2
1232300 2557.8
1232310 2557.8
1232320 2557.7
1232330 2556.8
1232340 2556.8
1232350 2554.8
1232360 2552.7
1232370 2552.7
1232380 2550.9
1232390 2550.3
1232400 2550.3
1232410 2551.9
1232420 2554.8
1232430 2554.8
1232440 2557.9
1232450 2559.4
1232460 2560.7
1232470 2560.7
1232480 2562.2
1232490 2562.2
1232500 2562.2
1232510 2561.0
1232520 2559.0
1232530 2559.0
1232540 2558.1
1232550 2557.9
1232560 2557.9
1232570 2558.6
1232580 2560.2
1232590 2560.2
1232600 2564.0
1232610 2568.0
1232620 2568.0
1232630 2573.0
1232640 2578.3
1232650 2583.8
1232660 2583.8
1232670 2589.9
1232680 2595.9
1232690 2595.9
1232700 2602.3
1232710 2605.0
1232720 2605.0
1232730 2607.4
1232740 2609.8
1232750 2609.8
1232760 2612.3
1232770 2614.2
1232780 2614.2
1232790 2615.8
1232800 2617.4
1232810 2617.4
1232820 2618.9
1232830 2619.9
1232840 2620.7
1232850 2620.7
1232860 2621.7
1232870 2623.0
1232880 2623.0
1232890 2624.4
1232900 2625.6
1232910 2625.6
1232920 2627.6
1232930 2629.7
1232940 2629.7
1232950 2631.5
1232960 2633.7
1232970 2633.7
1232980 2636.7
1232990 2639.8
1233000 2639.8
1233010 2642.7
1233020 2645.8
1233030 2648.8
1233040 2648.8
1233050 2651.7
1233060 2654.7
1233070 2654.7
1233080 2657.9
1233090 2661.1
1233100 2661.1
1233110 2664.2
1233120 2667.6
1233130 2667.6
1233140 2671.2
1233150 2674.6
1233160 2674.6
1233170 2677.1
1233180 2678.8
1233190 2678.8
1233200 2680.9
1233210 2681.9
1233220 2682.5
1233230 2682.5
1233240 2683.2
1233250 2685.6
1233260 2685.6
1233270 2689.6
1233280 2694.1
1233290 2694.1
1233300 2698.6
1233310 2702.0
1233320 2702.0
1233330 2705.3
1233340 2710.2
1233350 2710.2
1233360 2715.3
1233370 2720.5
1233380 2726.7
1233390 2726.7
1233400 2733.2
1233410 2740.8
1233420 2740.8
1233430 2751.5
1233440 2765.4
1233450 2765.4
1233460 2778.8
1233470 2786.9
1233480 2786.9
1233490 2794.9
1233500 2801.8
1233510 2801.8
1233520 2806.6
1233530 2810.0
1233540 2810.0
1233550 2814.0
1233560 2817.8
1233570 2820.7
1233580 2820.7
1233590 2823.1
1233600 2824.8
1233610 2824.8
1233620 2828.1
1233630 2831.2
1233640 2831.2
1233650 2834.6
1233660 2837.2
1233670 2837.2
1233680 2840.3
1233690 2843.5
1233700 2849.9
1233710 2852.9
1233720 2857.4
1233730 2857.4
1233740 2862.8
1233750 2864.6
1233760 2860.3
1233770 2860.3
1233780 2852.1
1233790 2844.8
1233800 2844.8
1233810 2836.5
1233820 2825.5
1233830 2825.5
1233840 2812.0
1233850 2796.6
1233860 2796.6
1233870 2783.8
1233880 2773.1
1233890 2773.1
1233900 2763.1
1233910 2748.9
1233920 2748.9
1233930 2733.3
1233940 2719.7
1233950 2704.7
1233960 2704.7
1233970 2692.3
1233980 2684.4
1233990 2684.4
1234000 2674.0
1234010 2663.4
1234020 2663.4
1234030 2655.4
1234040 2646.3
1234050 2646.3
1234060 2635.2
1234070 2624.0
1234080 2624.0
1234090 2612.1
1234100 2595.8
1234110 2595.8
1234120 2579.0
1234130 2568.5
1234140 2562.0
1234150 2562.0
1234160 2556.1
1234170 2550.8
1234180 2550.8
1234190 2545.8
1234200 2540.4
1234210 2535.0
1234220 2527.4
1234230 2520.1
1234240 2520.1
1234250 2515.3
1234260 2512.5
1234270 2512.5
1234280 2510.3
1234290 2508.1
1234300 2508.1
1234310 2506.2
1234320 2505.0
1234330 2501.3
1234340 2501.3
1234350 2493.7
1234360 2483.4
1234370 2483.4
1234380 2475.8
1234390 2470.2
1234400 2470.2
1234410 2463.9
1234420 2454.2
1234430 2454.2
1234440 2448.6
1234450 2443.3
1234460 2443.3
1234470 2438.4
1234480 2433.7
1234490 2433.7
1234500 2429.0
1234510 2424.5
