1220000 1872.2
1220010 1872.2
1220020 1875.4
1220030 1877.6
1220040 1877.6
1220050 1888.0
1220060 1903.1
1220070 1903.1
1220080 1910.2
1220090 1923.0
1220100 1923.0
1220110 1927.7
1220120 1927.4
1220130 1927.4
1220140 1928.7
1220150 1935.1
1220160 1944.4
1220170 1944.4
1220180 1954.8
1220190 1969.6
1220200 1969.6
1220210 1983.7
1220220 1998.2
1220230 1998.2
1220240 2006.0
1220250 2011.3
1220260 2011.3
1220270 2016.7
1220280 2024.3
1220290 2024.3
1220300 2032.2
1220310 2037.9
1220320 2037.9
1220330 2046.6
1220340 2052.3
1220350 2058.0
1220360 2058.0
1220370 2064.0
1220380 2069.5
1220390 2069.5
1220400 2080.7
1220410 2095.6
1220420 2095.6
1220430 2104.2
1220440 2111.4
1220450 2111.4
1220460 2118.1
1220470 2120.5
1220480 2120.5
1220490 2121.2
1220500 2124.8
1220510 2124.8
1220520 2123.9
1220530 2121.9
1220540 2151.6
1220550 2151.6
1220560 2172.5
1220570 2179.2
1220580 2179.2
1220590 2187.5
1220600 2194.7
1220610 2194.7
1220620 2200.5
1220630 2206.4
1220640 2206.4
1220650 2213.2
1220660 2220.3
1220670 2220.3
1220680 2225.7
1220690 2230.8
1220700 2230.8
1220710 2236.1
1220720 2240.8
1220730 2240.8
1220740 2246.6
1220750 2254.6
1220760 2264.8
1220770 2264.8
1220780 2274.1
1220790 2280.5
1220800 2280.5
1220810 2290.9
1220820 2295.6
1220830 2295.6
1220840 2300.2
1220850 2304.2
1220860 2304.2
1220870 2307.8
1220880 2310.9
1220890 2310.9
1220900 2313.8
1220910 2315.4
1220920 2315.4
1220930 2316.0
1220940 2316.0
1220950 2314.1
1220960 2314.1
1220970 2311.4
1220980 2308.1
1220990 2308.1
1221000 2306.5
1221010 2310.0
1221020 2310.0
1221030 2313.7
1221040 2317.5
1221050 2317.5
1221060 2321.6
1221070 2323.0
1221080 2323.0
1221090 2322.6
1221100 2321.8
1221110 2321.8
1221120 2321.3
1221130 2320.7
1221140 2319.9
1221150 2319.9
1221160 2319.3
1221170 2319.1
1221180 2319.1
1221190 2318.3
1221200 2316.1
1221210 2316.1
1221220 2312.1
1221230 2312.6
1221240 2312.6
1221250 2315.3
1221260 2315.8
1221270 2315.8
1221280 2314.5
1221290 2322.5
1221300 2322.5
1221310 2319.3
1221320 2317.0
1221330 2315.2
1221340 2315.2
1221350 2312.9
1221360 2308.8
1221370 2308.8
1221380 2301.7
1221390 2288.8
1221400 2288.8
1221410 2290.2
1221420 2296.2
1221430 2296.2
1221440 2308.6
1221450 2321.5
1221460 2321.5
1221470 2334.0
1221480 2346.9
1221490 2346.9
1221500 2352.1
1221510 2352.9
1221520 2354.7
1221530 2354.7
1221540 2357.1
1221550 2360.8
1221560 2360.8
1221570 2364.4
1221580 2366.8
1221590 2366.8
1221600 2372.0
1221610 2377.7
1221620 2377.7
1221630 2382.0
1221640 2382.5
1221650 2382.5
1221660 2379.9
1221670 2384.3
1221680 2384.3
1221690 2390.2
1221700 2395.3
1221710 2397.9
1221720 2397.9
1221730 2399.7
1221740 2400.0
1221750 2400.0
1221760 2403.8
1221770 2416.0
1221780 2416.0
1221790 2420.3
1221800 2425.3
1221810 2425.3
1221820 2428.6
1221830 2429.2
1221840 2429.2
1221850 2430.7
1221860 2433.0
1221870 2433.0
1221880 2435.3
1221890 2439.2
1221900 2445.8
1221910 2445.8
1221920 2450.3
1221930 2452.9
1221940 2452.9
1221950 2454.2
1221960 2455.1
1221970 2455.1
1221980 2456.4
1221990 2457.7
1222000 2457.7
1222010 2458.5
1222020 2459.7
1222030 2459.7
1222040 2463.7
1222050 2467.0
1222060 2467.0
1222070 2468.9
1222080 2471.7
1222090 2474.9
1222100 2474.9
1222110 2478.8
1222120 2482.9
1222130 2482.9
1222140 2486.7
1222150 2489.2
1222160 2489.2
1222170 2490.5
1222180 2490.8
1222190 2490.8
1222200 2490.2
1222210 2490.8
1222220 2490.8
1222230 2490.3
1222240 2490.5
1222250 2492.9
1222260 2495.4
1222270 2497.5
1222280 2500.2
1222290 2500.2
1222300 2504.4
1222310 2509.4
1222320 2509.4
1222330 2510.4
1222340 2510.4
1222350 2510.4
1222360 2511.5
1222370 2511.9
1222380 2511.9
1222390 2512.9
1222400 2513.3
1222410 2513.3
1222420 2512.8
1222430 2512.2
1222440 2512.2
1222450 2511.5
1222460 2511.7
1222470 2511.7
1222480 2511.7
1222490 2511.8
1222500 2513.4
1222510 2513.4
1222520 2515.6
1222530 2517.5
1222540 2517.5
1222550 2519.7
1222560 2525.0
1222570 2525.0
1222580 2538.0
1222590 2549.0
1222600 2549.0
1222610 2553.9
1222620 2560.8
1222630 2560.8
1222640 2570.3
1222650 2580.1
1222660 2583.1
1222670 2583.1
1222680 2582.7
1222690 2581.9
1222700 2581.9
1222710 2580.7
1222720 2584.7
1222730 2595.8
1222740 2603.3
1222750 2608.8
1222760 2608.8
1222770 2609.2
1222780 2606.6
1222790 2606.6
1222800 2604.5
1222810 2599.9
1222820 2599.9
1222830 2593.3
1222840 2587.3
1222850 2583.8
1222860 2583.8
1222870 2582.6
1222880 2581.1
1222890 2581.1
1222900 2581.8
1222910 2583.1
1222920 2583.1
1222930 2583.4
1222940 2581.7
1222950 2581.7
1222960 2584.6
1222970 2587.1
1222980 2587.1
1222990 2587.6
1223000 2591.5
1223010 2591.5
1223020 2595.3
1223030 2598.7
1223040 2601.8
1223050 2601.8
1223060 2604.9
1223070 2607.7
1223080 2607.7
1223090 2610.3
1223100 2613.0
1223110 2613.0
1223120 2615.8
1223130 2618.7
1223140 2618.7
1223150 2621.4
1223160 2624.2
1223170 2624.2
1223180 2627.1
1223190 2631.2
1223200 2631.2
1223210 2636.4
1223220 2642.8
1223230 2648.6
1223240 2648.6
1223250 2654.9
1223260 2660.8
1223270 2660.8
1223280 2666.1
1223290 2670.2
1223300 2670.2
1223310 2674.7
1223320 2680.5
1223330 2680.5
1223340 2685.6
1223350 2689.5
1223360 2689.5
1223370 2693.3
1223380 2697.4
1223390 2697.4
1223400 2702.2
1223410 2707.2
1223420 2711.7
1223430 2711.7
1223440 2716.1
1223450 2721.0
1223460 2721.0
1223470 2729.0
1223480 2739.7
1223490 2739.7
1223500 2743.2
1223510 2745.2
1223520 2745.2
1223530 2744.6
1223540 2747.3
1223550 2747.3
1223560 2751.6
1223570 2755.1
1223580 2755.1
1223590 2764.0
1223600 2771.3
1223610 2774.7
1223620 2774.7
1223630 2780.0
1223640 2793.5
1223650 2793.5
1223660 2800.7
1223670 2798.2
1223680 2798.2
1223690 2798.4
1223700 2807.6
1223710 2807.6
1223720 2810.6
1223730 2814.0
1223740 2814.0
1223750 2818.1
1223760 2823.3
1223770 2823.3
1223780 2826.9
1223790 2830.1
1223800 2833.6
1223810 2833.6
1223820 2839.6
1223830 2841.4
1223840 2841.4
1223850 2845.5
1223860 2851.3
1223870 2851.3
1223880 2856.5
1223890 2862.2
1223900 2862.2
1223910 2868.0
1223920 2873.0
1223930 2873.0
1223940 2876.0
1223950 2878.3
1223960 2878.3
1223970 2882.5
1223980 2887.8
1223990 2894.3
1224000 2894.3
1224010 2900.2
1224020 2904.3
1224030 2904.3
1224040 2907.4
1224050 2911.1
1224060 2911.1
1224070 2915.5
1224080 2919.7
1224090 2919.7
1224100 2924.4
1224110 2929.9
1224120 2929.9
1224130 2934.2
1224140 2935.3
1224150 2935.3
1224160 2934.7
1224170 2932.4
1224180 2929.0
1224190 2934.6
1224200 2931.1
1224210 2927.4
1224220 2927.4
1224230 2923.5
1224240 2919.5
1224250 2919.5
1224260 2915.1
1224270 2910.9
1224280 2910.9
1224290 2906.3
1224300 2902.2
1224310 2902.2
1224320 2897.6
1224330 2895.0
1224340 2895.0
1224350 2892.8
1224360 2892.1
1224370 2891.5
1224380 2891.5
1224390 2890.6
1224400 2890.4
1224410 2890.4
1224420 2890.5
1224430 2890.9
1224440 2890.9
1224450 2891.1
1224460 2890.9
1224470 2890.9
1224480 2890.5
1224490 2889.5
1224500 2889.5
1224510 2887.4
1224520 2885.0
1224530 2885.0
1224540 2882.8
1224550 2878.8
1224560 2875.3
1224570 2875.3
1224580 2871.6
1224590 2867.8
1224600 2867.8
1224610 2864.0
1224620 2861.7
1224630 2861.7
1224640 2859.6
1224650 2857.4
1224660 2857.4
1224670 2853.8
1224680 2851.5
1224690 2851.5
1224700 2849.2
1224710 2846.4
1224720 2846.4
1224730 2843.2
1224740 2839.9
1224750 2839.9
1224760 2836.5
1224770 2833.3
1224780 2830.5
1224790 2830.5
1224800 2827.8
1224810 2825.3
1224820 2825.3
1224830 2822.7
1224840 2818.6
1224850 2818.6
1224860 2814.5
1224870 2811.3
1224880 2811.3
1224890 2809.1
1224900 2812.0
1224910 2812.0
1224920 2816.9
1224930 2819.2
1224940 2819.2
1224950 2816.8
1224960 2811.4
1224970 2806.8
1224980 2806.8
1224990 2803.0
1225000 2798.8
1225010 2798.8
1225020 2795.3
1225030 2792.9
1225040 2792.9
1225050 2793.2
1225060 2794.7
1225070 2794.7
1225080 2796.3
1225090 2796.8
1225100 2796.8
1225110 2795.7
1225120 2793.9
1225130 2793.9
1225140 2791.2
1225150 2786.8
1225160 2775.7
1225170 2775.7
1225180 2772.1
1225190 2770.3
1225200 2770.3
1225210 2768.7
1225220 2765.1
1225230 2765.1
1225240 2762.5
1225250 2760.1
1225260 2760.1
1225270 2756.0
1225280 2750.5
1225290 2750.5
1225300 2749.1
1225310 2748.6
1225320 2748.6
1225330 2745.4
1225340 2744.1
1225350 2744.1
1225360 2744.1
1225370 2744.6
1225380 2745.3
1225390 2745.3
1225400 2745.3
1225410 2745.0
1225420 2745.0
1225430 2744.6
1225440 2743.7
1225450 2743.7
1225460 2742.8
1225470 2742.5
1225480 2742.5
1225490 2742.7
1225500 2744.0
1225510 2744.0
1225520 2746.3
1225530 2748.6
1225540 2751.5
1225550 2751.5
1225560 2754.9
1225570 2758.4
1225580 2758.4
1225590 2763.3
1225600 2767.2
1225610 2767.2
1225620 2768.6
1225630 2768.8
1225640 2768.8
1225650 2764.8
1225660 2767.2
1225670 2767.2
1225680 2769.9
1225690 2773.5
1225700 2773.5
1225710 2779.5
1225720 2784.8
1225730 2789.0
1225740 2789.0
1225750 2789.6
1225760 2784.6
1225770 2784.6
1225780 2783.0
1225790 2782.7
1225800 2782.7
1225810 2782.4
1225820 2776.9
1225830 2776.9
1225840 2774.3
1225850 2773.0
1225860 2773.0
1225870 2772.2
1225880 2771.4
1225890 2771.4
1225900 2770.9
1225910 2770.7
1225920 2772.4
1225930 2772.4
1225940 2774.1
1225950 2776.4
1225960 2776.4
1225970 2778.1
1225980 2780.1
1225990 2780.1
1226000 2783.6
1226010 2786.7
1226020 2786.7
1226030 2788.8
1226040 2789.6
1226050 2789.6
1226060 2789.2
1226070 2789.6
1226080 2789.6
1226090 2790.0
1226100 2789.5
1226110 2787.8
1226120 2787.8
1226130 2783.8
1226140 2779.1
1226150 2779.1
1226160 2774.5
1226170 2773.0
1226180 2773.0
1226190 2773.1
1226200 2772.0
1226210 2772.0
1226220 2770.2
1226230 2769.3
1226240 2769.3
1226250 2765.4
1226260 2758.7
1226270 2758.7
1226280 2752.9
1226290 2749.4
1226300 2745.7
1226310 2745.7
1226320 2740.7
1226330 2736.0
1226340 2736.0
1226350 2729.7
1226360 2723.5
1226370 2723.5
1226380 2720.0
1226390 2714.4
1226400 2714.4
1226410 2699.8
1226420 2687.4
1226430 2687.4
1226440 2680.4
1226450 2675.5
1226460 2675.5
1226470 2671.9
1226480 2670.1
1226490 2666.6
1226500 2666.6
1226510 2661.0
1226520 2656.2
1226530 2656.2
1226540 2653.9
1226550 2649.3
1226560 2649.3
1226570 2638.7
1226580 2629.7
1226590 2629.7
1226600 2624.2
1226610 2620.1
1226620 2621.4
1226630 2618.3
1226640 2614.8
1226650 2614.8
1226660 2613.5
1226670 2612.3
1226680 2608.8
1226690 2608.8
1226700 2605.8
1226710 2602.6
1226720 2602.6
1226730 2598.0
1226740 2593.0
1226750 2593.0
1226760 2584.9
1226770 2578.7
1226780 2578.7
1226790 2573.9
1226800 2570.1
1226810 2570.1
1226820 2564.8
1226830 2559.3
1226840 2559.3
1226850 2553.7
1226860 2550.7
1226870 2548.1
1226880 2548.1
1226890 2546.4
1226900 2544.8
1226910 2544.8
1226920 2543.3
1226930 2542.1
1226940 2542.1
1226950 2537.5
1226960 2531.8
1226970 2531.8
1226980 2527.8
1226990 2524.5
1227000 2524.5
1227010 2520.0
1227020 2514.0
1227030 2514.0
1227040 2507.1
1227050 2500.7
1227060 2495.0
1227070 2495.0
1227080 2491.8
1227090 2486.7
1227100 2486.7
1227110 2479.0
1227120 2472.4
1227130 2472.4
1227140 2463.4
1227150 2452.4
1227160 2452.4
1227170 2445.3
1227180 2439.9
1227190 2439.9
1227200 2434.9
1227210 2433.4
1227220 2433.4
1227230 2431.0
1227240 2421.1
1227250 2410.0
1227260 2410.0
1227270 2401.9
1227280 2394.6
1227290 2394.6
1227300 2390.7
1227310 2388.6
1227320 2388.6
1227330 2382.2
1227340 2371.4
1227350 2371.4
1227360 2363.1
1227370 2358.5
1227380 2358.5
1227390 2354.8
1227400 2348.2
1227410 2348.2
1227420 2340.4
1227430 2332.7
1227440 2326.5
1227450 2326.5
1227460 2321.2
1227470 2317.2
1227480 2317.2
1227490 2314.3
1227500 2310.2
1227510 2310.2
1227520 2307.9
1227530 2307.2
1227540 2307.2
1227550 2307.2
1227560 2306.3
1227570 2306.3
1227580 2297.7
1227590 2285.8
1227600 2286.1
1227610 2275.1
1227620 2265.6
1227630 2256.5
1227640 2256.5
1227650 2248.1
1227660 2240.0
1227670 2240.0
1227680 2232.2
1227690 2225.0
1227700 2225.0
1227710 2219.0
1227720 2213.3
1227730 2213.3
1227740 2207.9
1227750 2202.9
1227760 2202.9
1227770 2197.0
1227780 2191.0
1227790 2191.0
1227800 2184.8
1227810 2177.8
1227820 2168.9
1227830 2168.9
1227840 2159.0
1227850 2149.2
1227860 2149.2
1227870 2139.7
1227880 2131.2
1227890 2131.2
1227900 2122.7
1227910 2113.2
1227920 2113.2
1227930 2104.0
1227940 2095.9
1227950 2095.9
1227960 2088.3
1227970 2082.3
1227980 2082.3
1227990 2077.0
1228000 2070.1
1228010 2062.3
1228020 2062.3
1228030 2052.2
1228040 2044.4
1228050 2044.4
1228060 2041.2
1228070 2038.7
1228080 2038.7
1228090 2036.7
1228100 2026.3
1228110 2026.3
1228120 2024.1
1228130 2020.1
1228140 2020.1
1228150 2012.8
1228160 2005.5
1228170 2005.5
1228180 1995.0
1228190 1982.2
1228200 1969.4
1228210 1969.4
1228220 1959.4
1228230 1951.6
1228240 1951.6
1228250 1943.8
1228260 1936.5
1228270 1936.5
1228280 1929.3
1228290 1922.3
1228300 1922.3
1228310 1915.5
1228320 1909.3
1228330 1909.3
1228340 1903.2
1228350 1897.1
1228360 1897.1
1228370 1891.1
1228380 1885.6
1228390 1880.8
1228400 1880.8
1228410 1875.6
1228420 1869.0
1228430 1869.0
1228440 1862.8
1228450 1856.4
1228460 1856.4
1228470 1850.5
1228480 1844.5
1228490 1844.5
1228500 1838.5
1228510 1832.3
1228520 1832.3
1228530 1826.1
1228540 1819.7
1228550 1819.7
1228560 1813.4
1228570 1807.5
1228580 1802.2
1228590 1802.6
1228600 1797.1
1228610 1793.7
1228620 1793.7
1228630 1792.3
1228640 1790.7
1228650 1790.7
1228660 1786.0
1228670 1784.4
1228680 1784.4
1228690 1786.8
1228700 1787.8
1228710 1787.8
1228720 1787.7
1228730 1787.5
1228740 1787.5
1228750 1787.4
1228760 1786.7
1228770 1787.2
1228780 1787.2
1228790 1787.8
1228800 1787.8
1228810 1787.8
1228820 1787.7
1228830 1787.8
1228840 1787.8
1228850 1790.3
1228860 1792.1
1228870 1792.1
1228880 1792.1
1228890 1791.8
1228900 1791.8
1228910 1792.2
1228920 1793.5
1228930 1793.5
1228940 1794.4
1228950 1794.1
1228960 1793.9
1228970 1793.9
1228980 1794.2
1228990 1796.8
1229000 1796.8
1229010 1800.7
1229020 1806.9
1229030 1806.9
1229040 1814.8
1229050 1819.8
1229060 1819.8
1229070 1824.6
1229080 1829.8
1229090 1829.8
1229100 1834.6
1229110 1839.9
1229120 1839.9
1229130 1844.7
1229140 1848.0
1229150 1851.0
1229160 1851.0
1229170 1856.3
1229180 1863.6
1229190 1863.6
1229200 1871.4
1229210 1878.8
1229220 1878.8
1229230 1885.0
1229240 1890.8
1229250 1890.8
1229260 1898.4
1229270 1906.5
1229280 1906.5
1229290 1912.2
1229300 1915.7
1229310 1915.7
1229320 1922.7
1229330 1928.8
1229340 1928.8
1229350 1931.5
1229360 1937.0
1229370 1940.2
1229380 1940.2
1229390 1944.7
1229400 1951.6
1229410 1951.6
1229420 1960.3
1229430 1969.6
1229440 1969.6
1229450 1977.8
1229460 1984.2
1229470 1984.2
1229480 1986.3
1229490 1992.8
1229500 1992.8
1229510 1999.6
1229520 2004.8
1229530 2004.8
1229540 2005.8
1229550 2008.5
1229560 2013.1
1229570 2013.1
1229580 2019.7
1229590 2024.6
1229600 2024.6
1229610 2029.8
1229620 2036.0
1229630 2036.0
1229640 2041.4
1229650 2046.9
1229660 2046.9
1229670 2052.3
1229680 2056.6
1229690 2056.6
1229700 2061.4
1229710 2066.0
1229720 2066.0
1229730 2071.2
1229740 2076.7
1229750 2080.7
1229760 2080.7
1229770 2084.1
1229780 2088.4
1229790 2088.4
1229800 2093.7
1229810 2098.0
1229820 2098.0
1229830 2100.7
1229840 2103.4
1229850 2103.4
1229860 2106.7
1229870 2112.0
1229880 2112.0
1229890 2118.5
1229900 2124.6
1229910 2124.6
1229920 2129.6
1229930 2133.9
1229940 2137.4
1229950 2137.4
1229960 2141.1
1229970 2145.1
1229980 2145.1
1229990 2150.2
1230000 2155.0
1230010 2155.0
1230020 2157.6
1230030 2161.4
1230040 2161.4
1230050 2164.0
1230060 2169.1
1230070 2169.1
1230080 2176.6
1230090 2179.5
1230100 2179.5
1230110 2181.3
1230120 2184.9
1230130 2187.4
1230140 2187.4
1230150 2189.5
1230160 2192.2
1230170 2192.2
1230180 2194.9
1230190 2198.0
1230200 2198.0
1230210 2201.2
1230220 2204.3
1230230 2204.3
1230240 2207.5
1230250 2210.8
1230260 2210.8
1230270 2214.4
1230280 2217.5
1230290 2217.5
1230300 2220.5
1230310 2224.2
1230320 2227.4
1230330 2227.4
1230340 2230.3
1230350 2233.6
1230360 2233.6
1230370 2237.8
1230380 2241.3
1230390 2241.3
1230400 2244.8
1230410 2247.7
1230420 2247.7
1230430 2249.9
1230440 2252.9
1230450 2252.9
1230460 2256.0
1230470 2259.1
1230480 2259.1
1230490 2261.6
1230500 2264.5
1230510 2266.6
1230520 2266.6
1230530 2269.1
1230540 2272.4
1230550 2272.4
1230560 2275.7
1230570 2282.5
1230580 2282.5
1230590 2285.0
1230600 2288.4
1230610 2288.4
1230620 2293.6
1230630 2299.3
1230640 2299.3
1230650 2304.7
1230660 2309.8
1230670 2309.8
1230680 2315.4
1230690 2323.3
1230700 2329.9
1230710 2329.9
1230720 2333.4
1230730 2334.3
1230740 2334.3
1230750 2333.5
1230760 2331.5
1230770 2331.5
1230780 2329.0
1230790 2327.5
1230800 2327.5
1230810 2327.0
1230820 2326.5
1230830 2326.5
1230840 2327.1
1230850 2329.7
1230860 2329.7
1230870 2334.7
1230880 2340.3
1230890 2346.7
1230900 2346.7
1230910 2351.4
1230920 2353.3
1230930 2353.3
1230940 2353.9
1230950 2355.0
1230960 2355.0
1230970 2356.7
1230980 2359.4
1230990 2359.4
1231000 2362.5
1231010 2365.4
1231020 2365.4
1231030 2367.8
1231040 2369.4
1231050 2369.4
1231060 2371.4
1231070 2378.0
1231080 2380.4
1231090 2380.4
1231100 2383.2
1231110 2385.3
1231120 2385.3
1231130 2387.4
1231140 2390.3
1231150 2390.3
1231160 2393.5
1231170 2397.5
1231180 2397.5
1231190 2401.7
1231200 2406.1
1231210 2406.1
1231220 2412.5
1231230 2420.7
1231240 2420.7
1231250 2424.9
1231260 2429.6
1231270 2433.5
1231280 2433.5
1231290 2437.1
1231300 2440.2
1231310 2440.2
1231320 2442.1
1231330 2443.4
1231340 2443.4
1231350 2445.6
1231360 2448.6
1231370 2448.6
1231380 2451.3
1231390 2454.1
1231400 2454.1
1231410 2456.6
1231420 2458.5
1231430 2458.5
1231440 2460.2
1231450 2460.9
1231460 2461.1
1231470 2461.1
1231480 2461.7
1231490 2462.9
1231500 2462.9
1231510 2464.4
1231520 2467.1
1231530 2467.1
1231540 2471.3
1231550 2477.0
1231560 2477.0
1231570 2482.2
1231580 2485.8
1231590 2485.8
1231600 2489.9
1231610 2493.1
1231620 2493.1
1231630 2498.3
1231640 2501.3
1231650 2503.5
1231660 2503.5
1231670 2505.7
1231680 2509.2
1231690 2509.2
1231700 2511.7
1231710 2516.2
1231720 2516.2
1231730 2518.3
1231740 2519.5
1231750 2519.5
1231760 2520.8
1231770 2522.3
1231780 2522.3
1231790 2523.8
1231800 2525.1
1231810 2525.1
1231820 2526.3
1231830 2527.2
1231840 2527.5
1231850 2527.5
1231860 2527.5
1231870 2526.8
1231880 2526.8
1231890 2526.5
1231900 2527.3
1231910 2527.3
1231920 2528.6
1231930 2529.8
1231940 2529.8
1231950 2530.3
1231960 2529.9
1231970 2529.9
1231980 2529.0
1231990 2528.4
1232000 2528.4
1232010 2528.5
1232020 2528.3
1232030 2528.3
1232040 2528.3
1232050 2529.0
1232060 2530.1
1232070 2531.7
1232080 2532.9
1232090 2534.6
1232100 2534.6
1232110 2538.5
1232120 2542.3
1232130 2542.3
1232140 2545.8
1232150 2549.0
1232160 2549.0
1232170 2551.0
1232180 2551.7
1232190 2551.7
1232200 2552.5
1232210 2554.0
1232220 2555.2
1232230 2555.2
1232240 2556.8
1232250 2558.9
1232260 2558.9
1232270 2561.7
1232280 2565.6
1232290 2565.6
1232300 2570.5
1232310 2574.0
1232320 2574.0
1232330 2575.9
1232340 2576.5
1232350 2576.5
1232360 2575.8
1232370 2575.6
1232380 2575.6
1232390 2576.2
1232400 2580.0
1232410 2588.1
1232420 2588.1
1232430 2593.4
1232440 2597.8
1232450 2597.8
1232460 2603.1
1232470 2606.7
1232480 2606.7
1232490 2608.5
1232500 2610.2
1232510 2610.2
1232520 2611.8
1232530 2613.6
1232540 2613.6
1232550 2616.1
1232560 2618.6
1232570 2622.9
1232580 2630.1
1232590 2636.4
1232600 2641.7
1232610 2641.7
1232620 2648.3
1232630 2653.7
1232640 2653.7
1232650 2658.6
1232660 2663.8
1232670 2663.8
1232680 2666.9
1232690 2671.3
1232700 2671.3
1232710 2674.0
1232720 2676.2
1232730 2676.2
1232740 2675.8
1232750 2674.4
1232760 2674.4
1232770 2674.8
1232780 2677.3
1232790 2680.8
1232800 2680.8
1232810 2684.6
1232820 2687.5
1232830 2687.5
1232840 2689.1
1232850 2689.3
1232860 2689.3
1232870 2689.5
1232880 2692.4
1232890 2692.4
1232900 2697.3
1232910 2701.7
1232920 2701.7
1232930 2705.0
1232940 2707.6
1232950 2707.6
1232960 2709.9
1232970 2713.3
1232980 2717.5
1232990 2717.5
1233000 2721.9
1233010 2726.0
1233020 2726.0
1233030 2731.0
1233040 2736.5
1233050 2736.5
1233060 2741.5
1233070 2750.9
1233080 2750.9
1233090 2753.6
1233100 2757.0
1233110 2757.0
1233120 2760.4
1233130 2763.2
1233140 2763.2
1233150 2765.2
1233160 2766.6
1233170 2768.3
1233180 2768.3
1233190 2770.2
1233200 2771.8
1233210 2771.8
1233220 2773.4
1233230 2774.4
1233240 2774.4
1233250 2776.8
1233260 2780.7
1233270 2780.7
1233280 2785.3
1233290 2790.1
1233300 2790.1
1233310 2795.0
1233320 2799.6
1233330 2799.6
1233340 2803.5
1233350 2807.5
1233360 2812.8
1233370 2812.8
1233380 2817.0
1233390 2820.5
1233400 2820.5
1233410 2823.4
1233420 2826.1
1233430 2826.1
1233440 2828.5
1233450 2829.6
1233460 2829.6
1233470 2829.8
1233480 2829.5
1233490 2829.5
1233500 2828.7
1233510 2828.0
1233520 2828.0
1233530 2828.4
1233540 2829.6
1233550 2832.1
1233560 2832.1
1233570 2833.2
1233580 2836.7
1233590 2836.7
1233600 2840.0
1233610 2842.8
1233620 2842.8
1233630 2845.2
1233640 2847.3
1233650 2847.3
1233660 2849.1
1233670 2850.4
1233680 2850.4
1233690 2851.7
1233700 2854.1
1233710 2854.1
1233720 2857.8
1233730 2861.9
1233740 2865.9
1233750 2865.9
1233760 2870.3
1233770 2875.2
1233780 2875.2
1233790 2881.3
1233800 2887.9
1233810 2887.9
1233820 2895.5
1233830 2902.8
1233840 2902.8
1233850 2911.7
1233860 2923.7
1233870 2923.7
1233880 2939.1
1233890 2951.0
1233900 2951.0
1233910 2955.7
1233920 2965.2
1233930 2965.2
1233940 2978.7
1233950 2987.9
1233960 2990.9
1233970 2990.9
1233980 2995.2
1233990 3000.1
1234000 3000.1
1234010 3003.9
1234020 3007.1
1234030 3007.1
1234040 3003.0
1234050 2988.5
1234060 2988.5
1234070 2977.4
1234080 2966.3
1234090 2966.3
1234100 2955.6
1234110 2946.9
1234120 2946.9
1234130 2933.1
1234140 2916.4
1234150 2900.9
1234160 2900.9
1234170 2883.7
1234180 2863.5
1234190 2863.5
1234200 2842.6
1234210 2823.2
1234220 2823.2
1234230 2820.7
1234240 2802.5
1234250 2802.5
1234260 2782.3
1234270 2769.1
1234280 2769.1
1234290 2758.6
1234300 2747.7
1234310 2747.7
1234320 2736.5
1234330 2723.6
1234340 2713.1
1234350 2713.1
1234360 2706.0
1234370 2699.5
1234380 2699.5
1234390 2692.7
1234400 2685.8
1234410 2685.8
1234420 2677.7
1234430 2668.9
1234440 2668.9
1234450 2663.6
1234460 2658.1
1234470 2658.1
1234480 2652.4
1234490 2646.9
1234500 2646.9
1234510 2641.8
1234520 2637.2
1234530 2632.7
1234540 2632.7
1234550 2628.7
1234560 2625.2
1234570 2625.2
1234580 2623.8
1234590 2621.5
1234600 2621.5
1234610 2619.6
1234620 2616.8
1234630 2616.8
1234640 2611.0
1234650 2605.5
1234660 2605.5
1234670 2603.5
1234680 2603.6
1234690 2603.6
1234700 2601.7
1234710 2599.8
1234720 2596.2
1234730 2596.2
1234740 2593.3
1234750 2590.5
1234760 2590.5
1234770 2587.5
1234780 2584.6
1234790 2584.6
1234800 2577.6
1234810 2572.7
1234820 2572.7
1234830 2570.3
1234840 2568.4
1234850 2568.4
1234860 2565.9
1234870 2560.8
1234880 2560.8
1234890 2556.2
1234900 2554.6
1234910 2553.4
1234920 2553.4
1234930 2551.6
1234940 2548.5
1234950 2548.5
1234960 2543.5
1234970 2536.8
1234980 2536.8
1234990 2533.1
1235000 2530.6
1235010 2530.6
1235020 2528.8
1235030 2527.7
1235040 2527.7
1235050 2527.2
1235060 2528.9
1235070 2528.9
1235080 2531.5
1235090 2536.6
1235100 2539.7
1235110 2539.7
1235120 2542.9
1235130 2546.9
1235140 2546.9
1235150 2551.8
1235160 2556.5
1235170 2556.5
1235180 2559.8
1235190 2562.3
1235200 2562.3
1235210 2564.5
1235220 2566.4
1235230 2566.4
1235240 2568.4
1235250 2571.4
1235260 2571.4
1235270 2574.2
1235280 2575.3
1235290 2575.2
1235300 2575.2
1235310 2574.9
1235320 2574.6
1235330 2574.6
1235340 2574.5
1235350 2573.3
1235360 2573.3
1235370 2572.4
1235380 2572.5
1235390 2572.5
1235400 2575.4
1235410 2578.7
1235420 2578.7
1235430 2582.6
1235440 2587.4
1235450 2587.4
1235460 2591.2
1235470 2592.9
1235480 2594.0
1235490 2594.0
1235500 2595.8
1235510 2598.6
1235520 2598.6
1235530 2601.5
1235540 2604.4
1235550 2604.4
1235560 2607.0
1235570 2610.1
1235580 2610.1
1235590 2612.9
1235600 2619.3
1235610 2619.3
1235620 2623.4
1235630 2627.8
1235640 2627.8
1235650 2631.5
1235660 2635.8
1235670 2640.3
1235680 2640.3
1235690 2643.9
1235700 2647.5
1235710 2647.5
1235720 2652.3
1235730 2657.3
1235740 2657.3
1235750 2661.8
1235760 2668.6
1235770 2668.6
1235780 2676.6
1235790 2688.2
1235800 2688.2
1235810 2697.5
1235820 2706.7
1235830 2706.7
1235840 2718.8
1235850 2723.3
1235860 2721.6
1235870 2721.6
1235880 2719.5
1235890 2719.1
1235900 2719.1
1235910 2721.9
1235920 2728.1
1235930 2728.1
1235940 2732.7
1235950 2737.6
1235960 2737.6
1235970 2741.6
1235980 2741.7
1235990 2741.7
1236000 2730.4
1236010 2712.8
1236020 2712.8
1236030 2689.6
1236040 2670.2
1236050 2651.5
1236060 2651.5
1236070 2646.6
1236080 2644.0
1236090 2644.0
1236100 2646.4
1236110 2643.1
1236120 2643.1
1236130 2642.0
1236140 2642.4
1236150 2642.4
1236160 2642.6
1236170 2642.6
1236180 2642.6
1236190 2643.6
1236200 2639.3
1236210 2639.3
1236220 2629.3
1236230 2617.6
1236240 2606.9
1236250 2606.9
1236260 2594.2
1236270 2580.6
1236280 2580.6
1236290 2570.1
1236300 2563.8
1236310 2563.8
1236320 2560.1
1236330 2558.6
1236340 2558.6
1236350 2558.5
1236360 2557.2
1236370 2557.2
1236380 2555.0
1236390 2553.4
1236400 2553.4
