1220000 1954.5
1220010 1962.8
1220020 1962.8
1220030 1972.6
1220040 1983.6
1220050 1983.6
1220060 1994.9
1220070 2011.5
1220080 2011.5
1220090 2028.2
1220100 2037.6
1220110 2037.6
1220120 2043.6
1220130 2050.1
1220140 2050.1
1220150 2058.2
1220160 2067.8
1220170 2067.8
1220180 2071.3
1220190 2068.4
1220200 2072.2
1220210 2072.2
1220220 2079.8
1220230 2085.1
1220240 2096.2
1220250 2101.6
1220260 2110.8
1220270 2110.8
1220280 2127.2
1220290 2146.1
1220300 2146.1
1220310 2163.2
1220320 2181.6
1220330 2181.6
1220340 2194.5
1220350 2204.0
1220360 2204.0
1220370 2216.4
1220380 2227.1
1220390 2234.9
1220400 2234.9
1220410 2243.1
1220420 2254.4
1220430 2254.4
1220440 2263.4
1220450 2269.6
1220460 2269.6
1220470 2274.4
1220480 2280.3
1220490 2280.3
1220500 2286.3
1220510 2291.7
1220520 2291.7
1220530 2296.0
1220540 2300.0
1220550 2300.0
1220560 2306.0
1220570 2312.9
1220580 2319.7
1220590 2319.7
1220600 2325.9
1220610 2332.1
1220620 2332.1
1220630 2337.9
1220640 2341.7
1220650 2341.7
1220660 2344.6
1220670 2347.7
1220680 2347.7
1220690 2351.3
1220700 2355.7
1220710 2355.7
1220720 2363.7
1220730 2369.8
1220740 2369.8
1220750 2375.8
1220760 2380.1
1220770 2383.0
1220780 2383.0
1220790 2384.8
1220800 2387.1
1220810 2387.1
1220820 2390.2
1220830 2392.9
1220840 2392.9
1220850 2397.4
1220860 2402.3
1220870 2402.3
1220880 2407.2
1220890 2411.8
1220900 2411.8
1220910 2416.8
1220920 2422.0
1220930 2422.0
1220940 2427.0
1220950 2431.4
1220960 2435.6
1220970 2435.6
1220980 2440.8
1220990 2446.6
1221000 2446.6
1221010 2451.8
1221020 2457.5
1221030 2457.5
1221040 2463.3
1221050 2467.8
1221060 2467.8
1221070 2471.6
1221080 2475.3
1221090 2475.3
1221100 2479.2
1221110 2482.9
1221120 2482.9
1221130 2486.6
1221140 2489.8
1221150 2492.3
1221160 2492.3
1221170 2493.5
1221180 2494.8
1221190 2494.8
1221200 2503.3
1221210 2506.2
1221220 2506.2
1221230 2509.7
1221240 2510.9
1221250 2510.9
1221260 2510.7
1221270 2507.4
1221280 2507.4
1221290 2505.4
1221300 2505.6
1221310 2505.6
1221320 2504.8
1221330 2501.8
1221340 2500.7
1221350 2500.7
1221360 2498.9
1221370 2497.8
1221380 2497.8
1221390 2498.0
1221400 2495.7
1221410 2495.7
1221420 2490.4
1221430 2485.2
1221440 2485.2
1221450 2478.9
1221460 2473.0
1221470 2473.0
1221480 2468.8
1221490 2463.1
1221500 2463.1
1221510 2456.3
1221520 2448.9
1221530 2444.1
1221540 2444.1
1221550 2446.1
1221560 2451.1
1221570 2451.1
1221580 2457.3
1221590 2462.9
1221600 2462.9
1221610 2472.5
1221620 2485.4
1221630 2485.4
1221640 2495.8
1221650 2504.4
1221660 2504.4
1221670 2513.3
1221680 2521.0
1221690 2521.0
1221700 2529.9
1221710 2536.0
1221720 2536.8
1221730 2536.8
1221740 2536.3
1221750 2535.9
1221760 2535.9
1221770 2536.1
1221780 2536.0
1221790 2536.0
1221800 2534.3
1221810 2535.6
1221820 2535.6
1221830 2539.2
1221840 2539.4
1221850 2539.4
1221860 2537.0
1221870 2535.1
1221880 2535.1
1221890 2534.8
1221900 2536.1
1221910 2537.9
1221920 2537.9
1221930 2540.8
1221940 2543.5
1221950 2543.5
1221960 2546.2
1221970 2549.2
1221980 2549.2
1221990 2552.3
1222000 2554.2
1222010 2554.2
1222020 2555.4
1222030 2557.0
1222040 2557.0
1222050 2558.9
1222060 2561.5
1222070 2561.5
1222080 2564.4
1222090 2567.4
1222100 2570.9
1222110 2570.9
1222120 2573.5
1222130 2576.4
1222140 2576.4
1222150 2579.8
1222160 2585.9
1222170 2585.9
1222180 2589.3
1222190 2591.9
1222200 2591.9
1222210 2594.3
1222220 2595.8
1222230 2595.8
1222240 2596.6
1222250 2597.1
1222260 2597.1
1222270 2597.6
1222280 2598.0
1222290 2598.3
1222300 2598.3
1222310 2599.4
1222320 2599.8
1222330 2599.8
1222340 2601.1
1222350 2602.1
1222360 2602.1
1222370 2603.4
1222380 2604.4
1222390 2604.4
1222400 2605.9
1222410 2607.2
1222420 2607.2
1222430 2608.0
1222440 2608.8
1222450 2608.8
1222460 2609.4
1222470 2610.1
1222480 2611.1
1222490 2611.1
1222500 2613.0
1222510 2621.7
1222520 2621.7
1222530 2631.7
1222540 2641.5
1222550 2641.5
1222560 2652.7
1222570 2661.1
1222580 2661.1
1222590 2669.5
1222600 2674.3
1222610 2674.3
1222620 2678.4
1222630 2685.1
1222640 2689.9
1222650 2694.4
1222660 2703.6
1222670 2712.8
1222680 2712.8
1222690 2720.7
1222700 2729.9
1222710 2729.9
1222720 2733.7
1222730 2730.7
1222740 2730.7
1222750 2723.3
1222760 2716.6
1222770 2716.6
1222780 2712.6
1222790 2709.6
1222800 2709.6
1222810 2707.1
1222820 2705.4
1222830 2705.4
1222840 2704.4
1222850 2704.4
1222860 2705.2
1222870 2705.2
1222880 2704.7
1222890 2703.7
1222900 2703.7
1222910 2706.1
1222920 2706.9
1222930 2706.9
1222940 2708.7
1222950 2708.0
1222960 2708.0
1222970 2704.8
1222980 2705.0
1222990 2705.0
1223000 2705.5
1223010 2705.4
1223020 2705.4
1223030 2705.1
1223040 2706.7
1223050 2709.0
1223060 2709.0
1223070 2711.1
1223080 2714.9
1223090 2714.9
1223100 2719.7
1223110 2723.1
1223120 2723.1
1223130 2729.3
1223140 2730.4
1223150 2730.4
1223160 2734.0
1223170 2735.6
1223180 2735.6
1223190 2735.5
1223200 2737.7
1223210 2737.7
1223220 2740.0
1223230 2743.7
1223240 2748.3
1223250 2748.3
1223260 2750.5
1223270 2752.8
1223280 2752.8
1223290 2755.9
1223300 2757.9
1223310 2757.9
1223320 2761.4
1223330 2766.7
1223340 2766.7
1223350 2772.7
1223360 2779.6
1223370 2779.6
1223380 2786.6
1223390 2794.9
1223400 2794.9
1223410 2804.8
1223420 2814.5
1223430 2814.5
1223440 2825.9
1223450 2838.5
1223460 2848.3
1223470 2848.3
1223480 2856.8
1223490 2860.2
1223500 2860.2
1223510 2863.4
1223520 2867.9
1223530 2867.9
1223540 2874.1
1223550 2883.8
1223560 2883.8
1223570 2891.0
1223580 2888.6
1223590 2888.6
1223600 2884.3
1223610 2893.3
1223620 2893.3
1223630 2895.3
1223640 2897.2
1223650 2902.3
1223660 2902.3
1223670 2912.0
1223680 2920.3
1223690 2920.3
1223700 2928.0
1223710 2934.4
1223720 2934.4
1223730 2940.9
1223740 2946.6
1223750 2946.6
1223760 2951.9
1223770 2957.7
1223780 2957.7
1223790 2964.0
1223800 2970.9
1223810 2970.9
1223820 2978.3
1223830 2985.8
1223840 2992.3
1223850 2992.3
1223860 2999.3
1223870 3005.7
1223880 3005.7
1223890 3011.6
1223900 3019.1
1223910 3019.1
1223920 3024.2
1223930 3025.7
1223940 3025.7
1223950 3026.7
1223960 3028.7
1223970 3028.7
1223980 3028.4
1223990 3024.9
1224000 3024.9
1224010 3023.7
1224020 3023.3
1224030 3022.8
1224040 3022.8
1224050 3019.9
1224060 3017.4
1224070 3017.4
1224080 3017.2
1224090 3018.4
1224100 3021.6
1224110 3022.9
1224120 3024.3
1224130 3024.3
1224140 3027.1
1224150 3033.1
1224160 3033.1
1224170 3039.4
1224180 3043.2
1224190 3043.2
1224200 3041.1
1224210 3035.2
1224220 3029.9
1224230 3029.9
1224240 3024.8
1224250 3020.1
1224260 3020.1
1224270 3018.5
1224280 3016.0
1224290 3016.0
1224300 3011.9
1224310 3006.5
1224320 3006.5
1224330 2998.6
1224340 2991.5
1224350 2991.5
1224360 2986.2
1224370 2983.3
1224380 2983.3
1224390 2979.7
1224400 2975.0
1224410 2970.3
1224420 2970.3
1224430 2966.3
1224440 2961.9
1224450 2961.9
1224460 2956.5
1224470 2951.4
1224480 2951.4
1224490 2946.1
1224500 2941.0
1224510 2941.0
1224520 2936.4
1224530 2931.6
1224540 2931.6
1224550 2927.0
1224560 2922.4
1224570 2922.4
1224580 2922.0
1224590 2917.5
1224600 2911.3
1224610 2911.3
1224620 2902.8
1224630 2889.7
1224640 2889.7
1224650 2875.7
1224660 2863.4
1224670 2863.4
1224680 2852.4
1224690 2844.6
1224700 2844.6
1224710 2837.1
1224720 2829.5
1224730 2829.5
1224740 2822.3
1224750 2815.1
1224760 2815.1
1224770 2808.3
1224780 2802.8
1224790 2797.8
1224800 2797.8
1224810 2792.8
1224820 2788.2
1224830 2788.2
1224840 2783.6
1224850 2779.2
1224860 2779.2
1224870 2774.9
1224880 2770.5
1224890 2770.5
1224900 2766.1
1224910 2761.7
1224920 2761.7
1224930 2757.2
1224940 2752.7
1224950 2752.7
1224960 2748.1
1224970 2743.5
1224980 2739.0
1224990 2739.0
1225000 2735.0
1225010 2731.6
1225020 2731.6
1225030 2728.0
1225040 2723.8
1225050 2723.8
1225060 2720.7
1225070 2720.5
1225080 2720.5
1225090 2719.9
1225100 2719.0
1225110 2719.0
1225120 2718.5
1225130 2720.0
1225140 2720.0
1225150 2719.9
1225160 2718.0
1225170 2715.6
1225180 2715.6
1225190 2713.5
1225200 2713.4
1225210 2713.4
1225220 2714.3
1225230 2713.8
1225240 2713.8
1225250 2711.6
1225260 2709.3
1225270 2709.3
1225280 2707.5
1225290 2705.0
1225300 2705.0
1225310 2700.7
1225320 2697.5
1225330 2697.5
1225340 2695.7
1225350 2693.4
1225360 2691.4
1225370 2691.4
1225380 2689.2
1225390 2687.4
1225400 2687.4
1225410 2685.8
1225420 2683.9
1225430 2683.9
1225440 2681.7
1225450 2679.4
1225460 2679.4
1225470 2677.3
1225480 2675.3
1225490 2675.3
1225500 2673.9
1225510 2672.9
1225520 2672.9
1225530 2672.1
1225540 2671.2
1225550 2670.6
1225560 2670.6
1225570 2669.8
1225580 2669.1
1225590 2669.1
1225600 2668.9
1225610 2668.9
1225620 2668.9
1225630 2668.9
1225640 2668.9
1225650 2668.9
1225660 2668.9
1225670 2669.0
1225680 2669.0
1225690 2669.4
1225700 2670.2
1225710 2670.2
1225720 2671.1
1225730 2672.1
1225740 2672.7
1225750 2672.7
1225760 2671.5
1225770 2669.6
1225780 2669.6
1225790 2667.1
1225800 2665.2
1225810 2665.2
1225820 2663.5
1225830 2662.7
1225840 2662.7
1225850 2661.2
1225860 2658.6
1225870 2658.6
1225880 2655.5
1225890 2651.6
1225900 2651.6
1225910 2648.5
1225920 2646.0
1225930 2644.3
1225940 2644.3
1225950 2642.6
1225960 2641.3
1225970 2641.3
1225980 2640.3
1225990 2638.9
1226000 2638.9
1226010 2637.7
1226020 2636.8
1226030 2636.8
1226040 2635.3
1226050 2634.5
1226060 2634.5
1226070 2633.6
1226080 2632.6
1226090 2632.6
1226100 2632.1
1226110 2632.8
1226120 2633.5
1226130 2633.5
1226140 2634.9
1226150 2636.5
1226160 2636.5
1226170 2637.5
1226180 2637.9
1226190 2637.9
1226200 2637.8
1226210 2637.3
1226220 2637.3
1226230 2636.5
1226240 2635.4
1226250 2635.4
1226260 2633.9
1226270 2632.6
1226280 2632.6
1226290 2631.4
1226300 2630.1
1226310 2627.8
1226320 2627.8
1226330 2625.6
1226340 2623.8
1226350 2623.8
1226360 2623.1
1226370 2622.6
1226380 2622.6
1226390 2622.1
1226400 2619.1
1226410 2619.1
1226420 2615.7
1226430 2613.0
1226440 2613.0
1226450 2611.0
1226460 2609.7
1226470 2609.7
1226480 2608.5
1226490 2606.3
1226500 2602.8
1226510 2602.8
1226520 2600.0
1226530 2600.2
1226540 2600.2
1226550 2597.4
1226560 2595.0
1226570 2595.0
1226580 2592.8
1226590 2590.8
1226600 2590.8
1226610 2588.7
1226620 2586.0
1226630 2586.0
1226640 2582.9
1226650 2579.3
1226660 2579.3
1226670 2575.7
1226680 2570.5
1226690 2566.1
1226700 2566.1
1226710 2562.7
1226720 2559.6
1226730 2559.6
1226740 2556.1
1226750 2552.7
1226760 2552.7
1226770 2550.1
1226780 2546.4
1226790 2546.4
1226800 2542.1
1226810 2537.8
1226820 2537.8
1226830 2532.8
1226840 2526.7
1226850 2526.7
1226860 2525.1
1226870 2522.4
1226880 2520.0
1226890 2520.0
1226900 2517.0
1226910 2513.5
1226920 2513.5
1226930 2506.4
1226940 2499.4
1226950 2499.4
1226960 2493.7
1226970 2490.1
1226980 2490.1
1226990 2486.8
1227000 2484.1
1227010 2484.1
1227020 2481.1
1227030 2479.0
1227040 2479.0
1227050 2476.3
1227060 2474.3
1227070 2472.8
1227080 2472.8
1227090 2471.1
1227100 2469.5
1227110 2469.5
1227120 2467.5
1227130 2465.3
1227140 2465.3
1227150 2462.3
1227160 2457.7
1227170 2457.7
1227180 2452.3
1227190 2446.7
1227200 2446.7
1227210 2441.5
1227220 2432.1
1227230 2432.1
1227240 2423.3
1227250 2416.5
1227260 2410.6
1227270 2410.6
1227280 2406.4
1227290 2402.5
1227300 2402.5
1227310 2398.2
1227320 2392.6
1227330 2392.6
1227340 2385.2
1227350 2378.1
1227360 2378.1
1227370 2372.2
1227380 2363.8
1227390 2363.8
1227400 2354.8
1227410 2345.3
1227420 2345.3
1227430 2336.7
1227440 2328.8
1227450 2321.5
1227460 2321.5
1227470 2314.6
1227480 2309.0
1227490 2309.0
1227500 2304.0
1227510 2296.2
1227520 2296.2
1227530 2288.1
1227540 2280.3
1227550 2280.3
1227560 2272.6
1227570 2264.2
1227580 2264.2
1227590 2255.9
1227600 2247.6
1227610 2247.6
1227620 2237.9
1227630 2226.5
1227640 2214.5
1227650 2214.5
1227660 2206.8
1227670 2200.9
1227680 2200.9
1227690 2187.8
1227700 2176.5
1227710 2176.5
1227720 2167.5
1227730 2158.5
1227740 2158.5
1227750 2149.9
1227760 2141.3
1227770 2141.3
1227780 2133.4
1227790 2125.7
1227800 2125.7
1227810 2118.2
1227820 2111.0
1227830 2103.2
1227840 2103.2
1227850 2095.1
1227860 2089.1
1227870 2089.1
1227880 2082.3
1227890 2074.0
1227900 2074.0
1227910 2065.9
1227920 2058.0
1227930 2058.0
1227940 2050.9
1227950 2041.3
1227960 2041.3
1227970 2031.1
1227980 2024.3
1227990 2024.3
1228000 2015.6
1228010 2010.1
1228020 2004.4
1228030 2004.4
1228040 1999.0
1228050 1993.3
1228060 1993.3
1228070 1986.3
1228080 1978.8
1228090 1978.8
1228100 1971.9
1228110 1965.9
1228120 1965.9
1228130 1959.5
1228140 1951.4
1228150 1951.4
1228160 1941.0
1228170 1929.2
1228180 1929.2
1228190 1922.1
1228200 1918.4
1228210 1914.9
1228220 1914.9
1228230 1911.0
1228240 1906.7
1228250 1906.7
1228260 1901.9
1228270 1897.2
1228280 1897.2
1228290 1891.8
1228300 1885.7
1228310 1885.7
1228320 1879.0
1228330 1873.2
1228340 1873.2
1228350 1868.2
1228360 1863.4
1228370 1863.4
1228380 1858.4
1228390 1853.6
1228400 1849.5
1228410 1849.5
1228420 1844.9
1228430 1840.5
1228440 1840.5
1228450 1836.0
1228460 1831.5
1228470 1831.5
1228480 1827.1
1228490 1823.0
1228500 1822.4
1228510 1818.3
1228520 1814.6
1228530 1814.6
1228540 1810.5
1228550 1806.9
1228560 1806.9
1228570 1803.3
1228580 1796.2
1228590 1792.3
1228600 1792.3
1228610 1791.3
1228620 1791.2
1228630 1791.2
1228640 1793.8
1228650 1796.0
1228660 1796.0
1228670 1797.2
1228680 1797.4
1228690 1797.4
1228700 1797.3
1228710 1796.8
1228720 1796.8
1228730 1797.1
1228740 1798.9
1228750 1798.9
1228760 1799.9
1228770 1800.5
1228780 1800.7
1228790 1800.7
1228800 1800.7
1228810 1800.6
1228820 1800.6
1228830 1800.7
1228840 1800.7
1228850 1800.7
1228860 1800.7
1228870 1800.7
1228880 1800.7
1228890 1800.9
1228900 1801.6
1228910 1801.6
1228920 1802.5
1228930 1808.2
1228940 1808.2
1228950 1816.3
1228960 1821.9
1228970 1821.8
1228980 1821.8
1228990 1822.0
1229000 1827.1
1229010 1827.1
1229020 1834.2
1229030 1841.4
1229040 1841.4
1229050 1849.3
1229060 1855.7
1229070 1855.7
1229080 1860.2
1229090 1866.0
1229100 1866.0
1229110 1876.8
1229120 1886.1
1229130 1886.1
1229140 1892.1
1229150 1893.2
1229160 1893.2
1229170 1893.3
1229180 1896.3
1229190 1902.3
1229200 1902.3
1229210 1909.1
1229220 1916.2
1229230 1916.2
1229240 1924.1
1229250 1929.3
1229260 1929.3
1229270 1933.2
1229280 1939.0
1229290 1939.0
1229300 1946.2
1229310 1952.8
1229320 1952.8
1229330 1954.6
1229340 1956.4
1229350 1956.4
1229360 1960.3
1229370 1968.7
1229380 1977.4
1229390 1977.4
1229400 1986.2
1229410 1994.8
1229420 1994.8
1229430 2004.2
1229440 2012.7
1229450 2012.7
1229460 2017.5
1229470 2020.7
1229480 2020.7
1229490 2027.2
1229500 2030.2
1229510 2030.2
1229520 2032.8
1229530 2037.9
1229540 2037.9
1229550 2043.8
1229560 2048.6
1229570 2052.7
1229580 2052.7
1229590 2057.4
1229600 2062.0
1229610 2062.0
1229620 2067.0
1229630 2071.9
1229640 2071.9
1229650 2076.9
1229660 2082.7
1229670 2082.7
1229680 2088.8
1229690 2093.8
1229700 2093.8
1229710 2098.0
1229720 2102.2
1229730 2102.2
1229740 2105.9
1229750 2109.5
1229760 2113.7
1229770 2113.7
1229780 2119.3
1229790 2125.2
1229800 2125.2
1229810 2130.2
1229820 2134.4
1229830 2134.4
1229840 2138.6
1229850 2142.5
1229860 2142.5
1229870 2146.7
1229880 2150.3
1229890 2150.3
1229900 2154.6
1229910 2159.7
1229920 2159.7
1229930 2164.5
1229940 2169.1
1229950 2174.2
1229960 2174.2
1229970 2178.8
1229980 2183.6
1229990 2183.6
1230000 2187.3
1230010 2189.1
1230020 2189.1
1230030 2187.8
1230040 2185.3
1230050 2185.3
1230060 2186.5
1230070 2191.1
1230080 2191.1
1230090 2193.3
1230100 2194.3
1230110 2194.3
1230120 2196.3
1230130 2198.2
1230140 2201.7
1230150 2201.7
1230160 2206.1
1230170 2210.4
1230180 2210.4
1230190 2214.8
1230200 2218.5
1230210 2218.5
1230220 2221.2
1230230 2225.2
1230240 2225.2
1230250 2229.5
1230260 2234.3
1230270 2234.3
1230280 2238.8
1230290 2242.4
1230300 2242.4
1230310 2246.3
1230320 2250.4
1230330 2255.2
1230340 2255.2
1230350 2260.4
1230360 2265.7
1230370 2265.7
1230380 2270.4
1230390 2275.0
1230400 2275.0
1230410 2280.0
1230420 2285.0
1230430 2285.0
1230440 2289.8
1230450 2294.7
1230460 2294.7
1230470 2298.8
1230480 2299.2
1230490 2299.2
1230500 2299.3
1230510 2302.1
1230520 2305.3
1230530 2305.3
1230540 2308.3
1230550 2311.7
1230560 2311.7
1230570 2315.1
1230580 2318.1
1230590 2318.1
1230600 2321.0
1230610 2324.6
1230620 2324.6
1230630 2328.6
1230640 2332.6
1230650 2332.6
1230660 2336.6
1230670 2339.0
1230680 2339.0
1230690 2340.4
1230700 2342.5
1230710 2346.2
1230720 2346.2
1230730 2350.5
1230740 2355.2
1230750 2355.2
1230760 2359.1
1230770 2363.2
1230780 2363.2
1230790 2369.1
1230800 2375.4
1230810 2375.4
1230820 2381.9
1230830 2387.4
1230840 2387.4
1230850 2392.5
1230860 2397.5
1230870 2397.5
1230880 2401.6
1230890 2406.0
1230900 2407.2
1230910 2407.2
1230920 2406.2
1230930 2405.4
1230940 2405.4
1230950 2406.5
1230960 2409.0
1230970 2409.0
1230980 2416.1
1230990 2419.7
1231000 2419.7
1231010 2423.5
1231020 2427.6
1231030 2427.6
1231040 2431.6
1231050 2435.6
1231060 2435.6
1231070 2439.5
1231080 2443.1
1231090 2446.2
1231100 2446.2
1231110 2449.8
1231120 2452.8
1231130 2452.8
1231140 2453.8
1231150 2452.5
1231160 2452.5
1231170 2450.5
1231180 2450.2
1231190 2450.2
1231200 2452.3
1231210 2457.1
1231220 2457.1
1231230 2462.5
1231240 2467.6
1231250 2467.6
1231260 2474.0
1231270 2482.1
1231280 2488.6
1231290 2488.6
1231300 2491.8
1231310 2494.0
1231320 2494.0
1231330 2496.0
1231340 2498.0
1231350 2498.0
1231360 2500.9
1231370 2504.8
1231380 2504.8
1231390 2507.3
1231400 2508.1
1231410 2508.1
1231420 2508.4
1231430 2508.2
1231440 2508.2
1231450 2509.9
1231460 2514.4
1231470 2518.7
1231480 2521.9
1231490 2521.8
1231500 2522.4
1231510 2522.4
1231520 2522.3
1231530 2519.3
1231540 2519.3
1231550 2514.2
1231560 2512.0
1231570 2512.0
1231580 2514.7
1231590 2513.7
1231600 2513.7
1231610 2511.4
1231620 2509.0
1231630 2509.0
1231640 2505.8
1231650 2505.4
1231660 2506.8
1231670 2506.8
1231680 2508.5
1231690 2510.6
1231700 2510.6
1231710 2512.0
1231720 2514.1
1231730 2514.1
1231740 2515.9
1231750 2518.1
1231760 2518.1
1231770 2521.0
1231780 2522.5
1231790 2522.5
1231800 2524.0
1231810 2526.1
1231820 2526.1
1231830 2528.2
1231840 2530.4
1231850 2532.7
1231860 2532.7
1231870 2534.7
1231880 2536.2
1231890 2536.2
1231900 2537.1
1231910 2537.8
1231920 2537.8
1231930 2537.6
1231940 2536.6
1231950 2536.6
1231960 2535.7
1231970 2535.4
1231980 2537.0
1231990 2536.5
1232000 2535.7
1232010 2535.7
1232020 2535.4
1232030 2536.3
1232040 2537.7
1232050 2537.7
1232060 2540.1
1232070 2544.2
1232080 2544.2
1232090 2548.1
1232100 2551.6
1232110 2551.6
1232120 2554.7
1232130 2557.4
1232140 2557.4
1232150 2560.3
1232160 2563.5
1232170 2563.5
1232180 2566.7
1232190 2569.6
1232200 2569.6
1232210 2572.3
1232220 2575.1
1232230 2577.8
1232240 2577.8
1232250 2580.5
1232260 2582.6
1232270 2582.6
1232280 2583.9
1232290 2585.0
1232300 2585.0
1232310 2585.9
1232320 2586.5
1232330 2586.5
1232340 2587.8
1232350 2591.0
1232360 2591.0
1232370 2595.0
1232380 2599.2
1232390 2599.2
1232400 2603.7
1232410 2608.2
1232420 2612.0
1232430 2612.0
1232440 2615.8
1232450 2619.6
1232460 2619.6
1232470 2623.7
1232480 2627.4
1232490 2627.4
1232500 2629.0
1232510 2631.1
1232520 2631.1
1232530 2633.1
1232540 2634.5
1232550 2634.5
1232560 2635.8
1232570 2637.1
1232580 2637.1
1232590 2637.6
1232600 2637.5
1232610 2638.3
1232620 2638.3
1232630 2640.3
1232640 2641.7
1232650 2641.7
1232660 2642.7
1232670 2643.2
1232680 2643.2
1232690 2643.4
1232700 2643.2
1232710 2643.2
1232720 2642.3
1232730 2642.2
1232740 2642.2
1232750 2643.9
1232760 2647.6
1232770 2647.6
1232780 2653.0
1232790 2659.0
1232800 2666.0
1232810 2666.0
1232820 2671.3
1232830 2678.3
1232840 2678.3
1232850 2684.5
1232860 2691.2
1232870 2691.2
1232880 2698.3
1232890 2705.1
1232900 2705.1
1232910 2711.9
1232920 2718.9
1232930 2718.9
1232940 2725.7
1232950 2732.5
1232960 2732.5
1232970 2741.1
1232980 2746.6
1232990 2755.2
1233000 2755.2
1233010 2764.9
1233020 2773.7
1233030 2773.7
1233040 2781.5
1233050 2789.7
1233060 2789.7
1233070 2794.1
1233080 2798.2
1233090 2798.2
1233100 2805.3
1233110 2811.9
1233120 2811.9
1233130 2818.4
1233140 2825.8
1233150 2825.8
1233160 2833.0
1233170 2839.7
1233180 2847.2
1233190 2847.2
1233200 2855.5
1233210 2863.5
1233220 2863.5
1233230 2872.1
1233240 2879.7
1233250 2879.7
1233260 2885.0
1233270 2889.1
1233280 2889.1
1233290 2891.4
1233300 2891.2
1233310 2891.2
1233320 2886.2
1233330 2878.2
1233340 2878.2
1233350 2874.4
1233360 2872.1
1233370 2871.8
1233380 2871.8
1233390 2872.7
1233400 2872.8
1233410 2872.8
1233420 2875.2
1233430 2879.9
1233440 2879.9
1233450 2883.1
1233460 2884.7
1233470 2884.7
1233480 2891.6
1233490 2894.1
1233500 2894.1
1233510 2897.2
1233520 2899.9
1233530 2899.9
1233540 2901.0
1233550 2902.4
1233560 2904.7
1233570 2904.7
1233580 2906.4
1233590 2907.1
1233600 2907.1
1233610 2908.0
1233620 2909.6
1233630 2909.6
1233640 2911.5
1233650 2912.8
1233660 2912.8
1233670 2913.6
1233680 2915.1
1233690 2915.1
1233700 2917.3
1233710 2918.4
1233720 2918.4
1233730 2918.1
1233740 2917.6
1233750 2917.5
1233760 2917.5
1233770 2917.6
1233780 2917.8
1233790 2917.8
1233800 2917.5
1233810 2917.4
1233820 2917.4
1233830 2917.7
1233840 2918.1
1233850 2918.1
1233860 2919.5
1233870 2922.3
1233880 2922.3
1233890 2926.1
1233900 2930.6
1233910 2930.6
1233920 2935.4
1233930 2940.5
1233940 2946.2
1233950 2946.2
1233960 2952.5
1233970 2958.6
1233980 2961.0
1233990 2967.5
1234000 2973.7
1234010 2973.7
1234020 2981.6
1234030 2993.0
1234040 2993.0
1234050 3006.0
1234060 3008.8
1234070 3008.8
1234080 2998.7
1234090 2983.5
1234100 2983.5
1234110 2970.6
1234120 2958.4
1234130 2944.8
1234140 2944.8
1234150 2927.1
1234160 2913.7
1234170 2913.7
1234180 2901.1
1234190 2878.0
1234200 2878.0
1234210 2855.0
1234220 2827.8
1234230 2827.8
1234240 2799.0
1234250 2787.3
1234260 2787.3
1234270 2780.0
1234280 2771.6
1234290 2771.6
1234300 2763.5
1234310 2755.9
1234320 2748.2
1234330 2748.2
1234340 2740.8
1234350 2733.4
1234360 2733.4
1234370 2726.2
1234380 2719.1
1234390 2719.1
1234400 2712.3
1234410 2705.6
1234420 2705.6
1234430 2698.9
1234440 2692.5
1234450 2692.5
1234460 2686.3
1234470 2680.3
1234480 2680.3
1234490 2674.6
1234500 2669.0
1234510 2663.5
1234520 2663.5
1234530 2658.2
1234540 2653.1
1234550 2653.1
1234560 2648.2
1234570 2643.8
1234580 2643.8
1234590 2639.7
1234600 2635.6
1234610 2635.6
1234620 2631.0
1234630 2625.3
1234640 2625.3
1234650 2616.9
1234660 2611.0
1234670 2611.0
1234680 2607.2
1234690 2604.0
1234700 2600.7
1234710 2600.7
1234720 2597.1
1234730 2593.5
1234740 2593.5
1234750 2590.3
1234760 2587.4
1234770 2587.4
1234780 2585.0
1234790 2583.0
1234800 2583.0
1234810 2581.0
1234820 2578.2
1234830 2578.2
1234840 2573.8
1234850 2566.7
1234860 2566.7
1234870 2563.9
1234880 2563.9
1234890 2564.2
1234900 2564.2
1234910 2564.5
1234920 2565.4
1234930 2565.4
1234940 2565.6
1234950 2564.4
1234960 2564.4
1234970 2562.6
1234980 2562.5
1234990 2563.8
1235000 2563.6
1235010 2563.7
1235020 2563.7
1235030 2565.3
1235040 2568.8
1235050 2568.8
1235060 2572.4
1235070 2576.1
1235080 2578.1
1235090 2578.1
1235100 2580.9
1235110 2585.1
1235120 2585.1
1235130 2588.6
1235140 2588.5
1235150 2588.5
1235160 2587.5
1235170 2586.1
1235180 2586.1
1235190 2582.4
1235200 2583.3
1235210 2583.3
1235220 2583.7
1235230 2585.0
1235240 2585.0
1235250 2587.2
1235260 2589.8
1235270 2592.9
1235280 2592.9
1235290 2596.8
1235300 2599.0
1235310 2599.0
1235320 2601.3
1235330 2602.2
1235340 2602.2
1235350 2603.5
1235360 2607.8
1235370 2607.8
1235380 2612.8
1235390 2617.4
1235400 2617.4
1235410 2622.7
1235420 2628.5
1235430 2628.5
1235440 2633.4
1235450 2636.7
1235460 2636.7
1235470 2638.5
1235480 2640.9
1235490 2644.1
1235500 2647.9
1235510 2652.5
1235520 2657.4
1235530 2657.4
1235540 2662.9
1235550 2669.6
1235560 2669.6
1235570 2676.3
1235580 2683.6
1235590 2683.6
1235600 2690.2
1235610 2697.0
1235620 2697.0
1235630 2704.3
1235640 2711.5
1235650 2711.5
1235660 2719.1
1235670 2726.4
1235680 2736.1
1235690 2736.1
1235700 2746.6
1235710 2756.3
1235720 2756.3
1235730 2764.3
1235740 2772.9
1235750 2772.9
1235760 2781.2
1235770 2788.6
1235780 2788.6
1235790 2794.5
1235800 2795.9
1235810 2795.9
1235820 2795.2
1235830 2794.2
1235840 2794.2
1235850 2793.3
1235860 2792.2
1235870 2792.4
1235880 2792.4
1235890 2793.2
1235900 2792.6
1235910 2792.6
1235920 2791.5
1235930 2792.4
1235940 2792.4
1235950 2794.5
1235960 2798.0
1235970 2798.0
1235980 2800.6
1235990 2803.0
1236000 2803.0
1236010 2809.7
1236020 2814.1
1236030 2814.1
1236040 2818.8
1236050 2823.2
1236060 2826.9
1236070 2826.9
1236080 2827.0
1236090 2819.4
1236100 2819.4
1236110 2808.5
1236120 2797.0
1236130 2797.0
1236140 2786.6
1236150 2777.1
1236160 2777.1
1236170 2768.1
1236180 2757.4
1236190 2757.4
1236200 2749.7
1236210 2744.7
1236220 2744.7
1236230 2736.3
1236240 2734.5
1236250 2734.0
1236260 2734.0
1236270 2727.5
1236280 2715.1
1236290 2715.1
1236300 2708.2
1236310 2705.0
1236320 2705.0
1236330 2702.9
1236340 2702.2
1236350 2702.2
1236360 2703.4
1236370 2705.6
1236380 2705.6
1236390 2706.1
1236400 2705.5
1236410 2705.5
1236420 2706.5
1236430 2700.6
1236440 2691.1
1236450 2691.1
1236460 2681.9
1236470 2672.8
1236480 2672.8
1236490 2664.7
1236500 2656.0
1236510 2656.0
1236520 2643.6
1236530 2635.7
1236540 2635.7
