1220000 1920.9
1220010 1924.1
1220020 1926.8
1220030 1926.8
1220040 1931.7
1220050 1937.3
1220060 1937.3
1220070 1942.6
1220080 1948.7
1220090 1948.7
1220100 1955.9
1220110 1963.3
1220120 1963.3
1220130 1975.8
1220140 1988.3
1220150 1996.1
1220160 1996.1
1220170 2005.0
1220180 2024.7
1220190 2024.7
1220200 2040.4
1220210 2048.4
1220220 2048.4
1220230 2057.0
1220240 2064.4
1220250 2064.4
1220260 2072.4
1220270 2080.2
1220280 2080.2
1220290 2088.8
1220300 2099.9
1220310 2099.9
1220320 2109.5
1220330 2117.2
1220340 2125.9
1220350 2125.9
1220360 2133.1
1220370 2139.6
1220380 2139.6
1220390 2146.5
1220400 2156.8
1220410 2156.8
1220420 2162.5
1220430 2168.5
1220440 2168.5
1220450 2173.3
1220460 2179.2
1220470 2179.2
1220480 2190.1
1220490 2198.0
1220500 2198.0
1220510 2204.0
1220520 2210.6
1220530 2216.0
1220540 2216.0
1220550 2219.6
1220560 2223.2
1220570 2223.2
1220580 2221.2
1220590 2224.5
1220600 2224.5
1220610 2230.5
1220620 2234.2
1220630 2234.2
1220640 2234.3
1220650 2251.7
1220660 2251.7
1220670 2274.1
1220680 2283.5
1220690 2283.5
1220700 2290.0
1220710 2293.8
1220720 2297.7
1220730 2297.7
1220740 2305.2
1220750 2317.9
1220760 2317.9
1220770 2325.5
1220780 2330.7
1220790 2330.7
1220800 2334.6
1220810 2338.1
1220820 2338.1
1220830 2341.2
1220840 2344.0
1220850 2344.0
1220860 2346.6
1220870 2348.2
1220880 2351.2
1220890 2353.5
1220900 2355.8
1220910 2357.8
1220920 2357.8
1220930 2359.0
1220940 2360.3
1220950 2360.3
1220960 2362.0
1220970 2364.1
1220980 2364.1
1220990 2366.0
1221000 2368.7
1221010 2368.7
1221020 2371.5
1221030 2373.9
1221040 2373.9
1221050 2375.6
1221060 2376.6
1221070 2376.6
1221080 2376.5
1221090 2376.8
1221100 2377.3
1221110 2377.3
1221120 2378.1
1221130 2379.0
1221140 2379.0
1221150 2379.4
1221160 2381.1
1221170 2381.1
1221180 2387.6
1221190 2392.0
1221200 2392.0
1221210 2395.6
1221220 2400.1
1221230 2400.1
1221240 2402.0
1221250 2401.4
1221260 2401.4
1221270 2401.5
1221280 2401.9
1221290 2401.1
1221300 2401.1
1221310 2394.3
1221320 2387.9
1221330 2387.9
1221340 2381.2
1221350 2374.9
1221360 2382.0
1221370 2378.3
1221380 2375.9
1221390 2375.9
1221400 2373.2
1221410 2366.7
1221420 2366.7
1221430 2360.7
1221440 2353.9
1221450 2353.9
1221460 2349.4
1221470 2356.0
1221480 2365.3
1221490 2365.3
1221500 2378.0
1221510 2387.5
1221520 2387.5
1221530 2398.2
1221540 2408.1
1221550 2408.1
1221560 2416.2
1221570 2422.7
1221580 2422.7
1221590 2426.7
1221600 2429.6
1221610 2429.6
1221620 2433.5
1221630 2437.7
1221640 2437.7
1221650 2442.1
1221660 2447.3
1221670 2450.9
1221680 2450.9
1221690 2452.1
1221700 2453.6
1221710 2453.6
1221720 2456.3
1221730 2456.5
1221740 2456.5
1221750 2457.7
1221760 2461.1
1221770 2461.1
1221780 2465.0
1221790 2468.1
1221800 2468.1
1221810 2471.2
1221820 2475.3
1221830 2475.3
1221840 2481.1
1221850 2481.1
1221860 2480.2
1221870 2480.2
1221880 2479.0
1221890 2478.9
1221900 2478.9
1221910 2479.7
1221920 2480.3
1221930 2480.3
1221940 2479.7
1221950 2478.8
1221960 2478.8
1221970 2480.7
1221980 2483.4
1221990 2483.4
1222000 2485.5
1222010 2486.8
1222020 2486.8
1222030 2487.7
1222040 2490.0
1222050 2494.2
1222060 2494.2
1222070 2499.5
1222080 2505.5
1222090 2505.5
1222100 2514.0
1222110 2524.8
1222120 2524.8
1222130 2530.8
1222140 2533.4
1222150 2533.4
1222160 2532.3
1222170 2530.8
1222180 2530.8
1222190 2530.3
1222200 2532.2
1222210 2532.2
1222220 2533.1
1222230 2535.6
1222240 2540.6
1222250 2540.6
1222260 2543.7
1222270 2545.2
1222280 2545.2
1222290 2545.0
1222300 2543.4
1222310 2543.4
1222320 2546.0
1222330 2547.2
1222340 2547.2
1222350 2548.0
1222360 2548.3
1222370 2548.3
1222380 2548.7
1222390 2549.0
1222400 2549.0
1222410 2549.2
1222420 2548.8
1222430 2548.7
1222440 2548.7
1222450 2548.3
1222460 2547.0
1222470 2547.0
1222480 2545.5
1222490 2547.2
1222500 2547.2
1222510 2550.9
1222520 2554.5
1222530 2554.5
1222540 2558.0
1222550 2561.8
1222560 2561.8
1222570 2567.1
1222580 2573.4
1222590 2573.4
1222600 2579.9
1222610 2589.5
1222620 2602.3
1222630 2602.3
1222640 2614.5
1222650 2625.6
1222660 2625.6
1222670 2638.6
1222680 2647.7
1222690 2647.7
1222700 2651.7
1222710 2654.0
1222720 2654.0
1222730 2654.6
1222740 2652.6
1222750 2652.6
1222760 2649.4
1222770 2645.8
1222780 2645.8
1222790 2640.4
1222800 2640.9
1222810 2635.7
1222820 2635.7
1222830 2632.1
1222840 2631.0
1222850 2631.0
1222860 2628.1
1222870 2627.2
1222880 2627.2
1222890 2626.5
1222900 2627.3
1222910 2627.3
1222920 2628.2
1222930 2629.0
1222940 2629.0
1222950 2630.6
1222960 2632.0
1222970 2632.0
1222980 2631.7
1222990 2628.8
1223000 2632.1
1223010 2632.1
1223020 2637.2
1223030 2637.8
1223040 2637.8
1223050 2638.9
1223060 2640.5
1223070 2640.5
1223080 2642.5
1223090 2644.4
1223100 2644.4
1223110 2647.4
1223120 2651.7
1223130 2651.7
1223140 2655.6
1223150 2658.9
1223160 2658.9
1223170 2662.1
1223180 2664.9
1223190 2667.5
1223200 2667.5
1223210 2669.7
1223220 2671.6
1223230 2671.6
1223240 2673.8
1223250 2676.9
1223260 2676.9
1223270 2681.5
1223280 2690.7
1223290 2690.7
1223300 2696.4
1223310 2702.5
1223320 2702.5
1223330 2709.3
1223340 2719.8
1223350 2719.8
1223360 2731.0
1223370 2740.0
1223380 2745.8
1223390 2745.8
1223400 2749.6
1223410 2751.7
1223420 2751.7
1223430 2753.6
1223440 2754.9
1223450 2754.9
1223460 2757.6
1223470 2763.5
1223480 2763.5
1223490 2771.6
1223500 2784.5
1223510 2784.5
1223520 2795.1
1223530 2799.5
1223540 2799.5
1223550 2802.1
1223560 2803.7
1223570 2807.7
1223580 2807.7
1223590 2812.4
1223600 2813.6
1223610 2813.6
1223620 2820.2
1223630 2828.8
1223640 2828.8
1223650 2835.1
1223660 2844.2
1223670 2844.2
1223680 2853.4
1223690 2861.6
1223700 2861.6
1223710 2869.8
1223720 2876.9
1223730 2876.9
1223740 2876.8
1223750 2875.4
1223760 2876.5
1223770 2883.6
1223780 2887.6
1223790 2894.2
1223800 2894.2
1223810 2898.1
1223820 2903.3
1223830 2903.3
1223840 2909.6
1223850 2911.7
1223860 2911.7
1223870 2912.9
1223880 2916.8
1223890 2916.8
1223900 2924.6
1223910 2926.4
1223920 2926.4
1223930 2928.4
1223940 2931.8
1223950 2937.1
1223960 2937.1
1223970 2943.3
1223980 2949.0
1223990 2949.0
1224000 2955.1
1224010 2960.1
1224020 2960.1
1224030 2963.0
1224040 2967.0
1224050 2967.0
1224060 2970.6
1224070 2974.3
1224080 2974.3
1224090 2975.9
1224100 2980.0
1224110 2980.0
1224120 2981.6
1224130 2981.0
1224140 2978.8
1224150 2978.8
1224160 2974.6
1224170 2968.4
1224180 2968.4
1224190 2964.1
1224200 2963.1
1224210 2963.1
1224220 2967.5
1224230 2969.2
1224240 2969.2
1224250 2971.0
1224260 2965.6
1224270 2965.6
1224280 2958.5
1224290 2953.0
1224300 2953.0
1224310 2950.5
1224320 2944.0
1224330 2944.0
1224340 2937.6
1224350 2935.0
1224360 2931.1
1224370 2931.1
1224380 2926.6
1224390 2921.0
1224400 2921.0
1224410 2913.4
1224420 2907.1
1224430 2907.1
1224440 2905.3
1224450 2903.3
1224460 2903.3
1224470 2899.8
1224480 2896.9
1224490 2896.9
1224500 2895.3
1224510 2894.6
1224520 2894.6
1224530 2895.3
1224540 2894.7
1224550 2890.3
1224560 2890.3
1224570 2884.1
1224580 2877.5
1224590 2877.5
1224600 2870.7
1224610 2865.9
1224620 2865.9
1224630 2862.8
1224640 2859.9
1224650 2859.9
1224660 2857.0
1224670 2855.0
1224680 2855.0
1224690 2853.4
1224700 2850.9
1224710 2850.9
1224720 2847.5
1224730 2844.2
1224740 2841.6
1224750 2841.6
1224760 2838.7
1224770 2835.1
1224780 2835.1
1224790 2830.9
1224800 2826.9
1224810 2826.9
1224820 2823.1
1224830 2819.3
1224840 2819.3
1224850 2815.6
1224860 2812.1
1224870 2812.1
1224880 2808.9
1224890 2807.0
1224900 2807.0
1224910 2805.1
1224920 2803.1
1224930 2800.5
1224940 2800.5
1224950 2797.7
1224960 2795.4
1224970 2795.4
1224980 2791.6
1224990 2787.9
1225000 2787.9
1225010 2784.7
1225020 2781.9
1225030 2781.9
1225040 2779.8
1225050 2778.6
1225060 2778.6
1225070 2777.3
1225080 2774.8
1225090 2774.8
1225100 2771.2
1225110 2767.5
1225120 2762.5
1225130 2762.5
1225140 2755.6
1225150 2751.9
1225160 2751.9
1225170 2749.1
1225180 2745.4
1225190 2745.4
1225200 2741.8
1225210 2737.3
1225220 2735.1
1225230 2731.4
1225240 2729.0
1225250 2729.0
1225260 2727.4
1225270 2725.1
1225280 2725.1
1225290 2723.0
1225300 2721.1
1225310 2719.8
1225320 2719.8
1225330 2718.4
1225340 2717.4
1225350 2717.4
1225360 2716.4
1225370 2715.4
1225380 2715.4
1225390 2713.9
1225400 2711.7
1225410 2711.7
1225420 2709.3
1225430 2708.8
1225440 2708.8
1225450 2710.1
1225460 2710.5
1225470 2710.5
1225480 2711.0
1225490 2710.7
1225500 2710.0
1225510 2710.0
1225520 2709.7
1225530 2709.2
1225540 2709.2
1225550 2709.6
1225560 2708.7
1225570 2708.7
1225580 2708.0
1225590 2710.9
1225600 2710.9
1225610 2713.6
1225620 2716.8
1225630 2716.8
1225640 2721.9
1225650 2725.7
1225660 2725.7
1225670 2727.1
1225680 2726.9
1225690 2727.2
1225700 2727.2
1225710 2721.9
1225720 2720.9
1225730 2720.9
1225740 2721.0
1225750 2721.2
1225760 2721.2
1225770 2720.1
1225780 2719.3
1225790 2719.3
1225800 2717.5
1225810 2714.1
1225820 2714.1
1225830 2711.6
1225840 2710.3
1225850 2710.3
1225860 2708.9
1225870 2708.7
1225880 2710.1
1225890 2710.1
1225900 2712.6
1225910 2715.3
1225920 2715.3
1225930 2717.3
1225940 2718.7
1225950 2718.7
1225960 2719.2
1225970 2719.5
1225980 2719.5
1225990 2720.6
1226000 2722.1
1226010 2722.1
1226020 2724.6
1226030 2726.3
1226040 2726.3
1226050 2727.4
1226060 2728.3
1226070 2728.5
1226080 2728.5
1226090 2728.4
1226100 2728.1
1226110 2728.1
1226120 2725.9
1226130 2722.2
1226140 2722.2
1226150 2718.0
1226160 2714.7
1226170 2714.7
1226180 2711.8
1226190 2709.5
1226200 2703.2
1226210 2700.3
1226220 2698.1
1226230 2698.1
1226240 2694.8
1226250 2691.0
1226260 2687.8
1226270 2687.8
1226280 2685.2
1226290 2682.8
1226300 2682.8
1226310 2680.8
1226320 2679.1
1226330 2679.1
1226340 2677.3
1226350 2674.9
1226360 2674.9
1226370 2673.0
1226380 2671.3
1226390 2671.3
1226400 2665.8
1226410 2660.1
1226420 2660.1
1226430 2655.6
1226440 2651.1
1226450 2648.7
1226460 2648.7
1226470 2644.8
1226480 2638.7
1226490 2638.7
1226500 2634.3
1226510 2632.1
1226520 2632.1
1226530 2631.2
1226540 2629.0
1226550 2629.0
1226560 2624.4
1226570 2619.6
1226580 2619.6
1226590 2616.0
1226600 2614.3
1226610 2614.3
1226620 2615.5
1226630 2616.5
1226640 2615.0
1226650 2615.0
1226660 2612.8
1226670 2612.0
1226680 2612.0
1226690 2609.4
1226700 2606.9
1226710 2606.9
1226720 2603.6
1226730 2600.6
1226740 2600.6
1226750 2598.7
1226760 2597.2
1226770 2597.2
1226780 2591.6
1226790 2584.8
1226800 2584.8
1226810 2578.2
1226820 2573.5
1226830 2565.7
1226840 2565.7
1226850 2558.0
1226860 2550.3
1226870 2550.3
1226880 2543.0
1226890 2536.3
1226900 2536.3
1226910 2530.1
1226920 2527.5
1226930 2527.5
1226940 2525.5
1226950 2520.6
1226960 2520.6
1226970 2515.2
1226980 2509.3
1226990 2509.3
1227000 2503.3
1227010 2496.9
1227020 2490.8
1227030 2490.8
1227040 2486.6
1227050 2483.9
1227060 2483.9
1227070 2480.2
1227080 2477.0
1227090 2477.0
1227100 2473.3
1227110 2465.7
1227120 2465.7
1227130 2457.3
1227140 2449.5
1227150 2449.5
1227160 2442.6
1227170 2436.1
1227180 2437.1
1227190 2430.4
1227200 2424.0
1227210 2416.5
1227220 2416.5
1227230 2408.8
1227240 2400.9
1227250 2400.9
1227260 2392.9
1227270 2386.0
1227280 2386.0
1227290 2379.6
1227300 2373.3
1227310 2373.3
1227320 2366.5
1227330 2360.1
1227340 2360.1
1227350 2354.1
1227360 2349.2
1227370 2349.2
1227380 2344.2
1227390 2341.5
1227400 2338.5
1227410 2338.5
1227420 2331.9
1227430 2322.6
1227440 2322.6
1227450 2312.8
1227460 2305.9
1227470 2305.9
1227480 2299.2
1227490 2291.1
1227500 2291.1
1227510 2283.0
1227520 2275.1
1227530 2275.1
1227540 2266.8
1227550 2260.3
1227560 2260.3
1227570 2250.7
1227580 2238.6
1227590 2227.9
1227600 2227.9
1227610 2217.8
1227620 2211.0
1227630 2211.0
1227640 2207.3
1227650 2206.4
1227660 2206.4
1227670 2193.2
1227680 2191.2
1227690 2191.2
1227700 2189.7
1227710 2190.2
1227720 2190.2
1227730 2189.4
1227740 2183.9
1227750 2183.9
1227760 2174.6
1227770 2163.9
1227780 2156.4
1227790 2156.4
1227800 2151.6
1227810 2145.8
1227820 2145.8
1227830 2138.9
1227840 2131.1
1227850 2131.1
1227860 2123.5
1227870 2117.0
1227880 2117.0
1227890 2110.3
1227900 2104.6
1227910 2104.6
1227920 2098.9
1227930 2092.0
1227940 2092.0
1227950 2083.3
1227960 2073.4
1227970 2064.0
1227980 2064.0
1227990 2055.4
1228000 2047.4
1228010 2047.4
1228020 2040.1
1228030 2033.0
1228040 2033.0
1228050 2026.5
1228060 2020.7
1228070 2020.7
1228080 2015.0
1228090 2010.1
1228100 2010.1
1228110 2005.3
1228120 1999.0
1228130 1999.0
1228140 1992.0
1228150 1984.0
1228160 1971.5
1228170 1971.5
1228180 1959.6
1228190 1949.4
1228200 1949.4
1228210 1943.0
1228220 1938.5
1228230 1938.5
1228240 1933.9
1228250 1929.0
1228260 1929.0
1228270 1923.6
1228280 1917.8
1228290 1917.8
1228300 1911.9
1228310 1906.0
1228320 1906.0
1228330 1900.3
1228340 1894.6
1228350 1889.8
1228360 1889.8
1228370 1885.0
1228380 1879.8
1228390 1879.8
1228400 1874.1
1228410 1868.1
1228420 1868.1
1228430 1861.5
1228440 1855.0
1228450 1855.0
1228460 1849.1
1228470 1843.5
1228480 1843.5
1228490 1838.2
1228500 1832.9
1228510 1832.9
1228520 1827.1
1228530 1820.8
1228540 1814.8
1228550 1814.8
1228560 1808.6
1228570 1802.4
1228580 1802.4
1228590 1796.9
1228600 1794.3
1228610 1794.3
1228620 1791.7
1228630 1787.9
1228640 1787.9
1228650 1786.3
1228660 1788.1
1228670 1788.1
1228680 1789.6
1228690 1789.8
1228700 1789.8
1228710 1789.8
1228720 1790.6
1228730 1792.9
1228740 1792.9
1228750 1794.6
1228760 1794.9
1228770 1794.9
1228780 1794.9
1228790 1794.9
1228800 1794.9
1228810 1795.0
1228820 1795.6
1228830 1795.6
1228840 1796.2
1228850 1796.2
1228860 1796.2
1228870 1796.1
1228880 1796.0
1228890 1796.0
1228900 1795.9
1228910 1795.8
1228920 1796.5
1228930 1796.5
1228940 1795.5
1228950 1797.3
1228960 1797.3
1228970 1802.9
1228980 1811.1
1228990 1811.1
1229000 1816.8
1229010 1821.1
1229020 1821.1
1229030 1825.4
1229040 1829.0
1229050 1829.0
1229060 1832.3
1229070 1835.0
1229080 1835.0
1229090 1836.3
1229100 1838.8
1229110 1843.8
1229120 1843.8
1229130 1850.3
1229140 1857.5
1229150 1859.1
1229160 1867.2
1229170 1875.3
1229180 1875.3
1229190 1884.7
1229200 1892.5
1229210 1892.5
1229220 1899.5
1229230 1904.4
1229240 1904.4
1229250 1907.0
1229260 1913.1
1229270 1913.1
1229280 1919.6
1229290 1926.2
1229300 1926.2
1229310 1932.9
1229320 1939.1
1229330 1941.9
1229340 1941.9
1229350 1949.4
1229360 1954.5
1229370 1954.5
1229380 1959.0
1229390 1964.1
1229400 1964.1
1229410 1969.8
1229420 1973.9
1229430 1973.9
1229440 1977.9
1229450 1985.6
1229460 1985.6
1229470 1990.7
1229480 1995.1
1229490 1995.1
1229500 1998.6
1229510 2000.1
1229520 2002.2
1229530 2002.2
1229540 2006.3
1229550 2011.0
1229560 2011.0
1229570 2016.2
1229580 2022.1
1229590 2022.1
1229600 2029.2
1229610 2037.0
1229620 2037.0
1229630 2044.6
1229640 2052.4
1229650 2050.3
1229660 2056.9
1229670 2062.8
1229680 2062.8
1229690 2068.8
1229700 2074.9
1229710 2080.8
1229720 2080.8
1229730 2086.3
1229740 2090.7
1229750 2090.7
1229760 2094.8
1229770 2099.2
1229780 2099.2
1229790 2104.3
1229800 2110.1
1229810 2110.1
1229820 2115.7
1229830 2120.8
1229840 2120.8
1229850 2125.5
1229860 2129.4
1229870 2129.4
1229880 2132.7
1229890 2136.5
1229900 2140.9
1229910 2140.9
1229920 2146.0
1229930 2151.2
1229940 2151.2
1229950 2156.1
1229960 2161.3
1229970 2161.3
1229980 2167.0
1229990 2171.3
1230000 2171.3
1230010 2172.4
1230020 2173.2
1230030 2173.2
1230040 2176.9
1230050 2182.1
1230060 2182.1
1230070 2187.0
1230080 2190.4
1230090 2192.9
1230100 2192.9
1230110 2194.8
1230120 2195.7
1230130 2195.7
1230140 2194.6
1230150 2194.7
1230160 2194.7
1230170 2196.2
1230180 2199.6
1230190 2199.6
1230200 2204.3
1230210 2209.6
1230220 2209.6
1230230 2215.4
1230240 2221.0
1230250 2221.0
1230260 2226.7
1230270 2232.8
1230280 2238.5
1230290 2238.5
1230300 2244.0
1230310 2248.5
1230320 2248.5
1230330 2252.5
1230340 2256.4
1230350 2256.4
1230360 2259.3
1230370 2262.0
1230380 2262.0
1230390 2265.2
1230400 2269.2
1230410 2269.2
1230420 2273.5
1230430 2278.2
1230440 2278.2
1230450 2283.5
1230460 2288.7
1230470 2293.6
1230480 2293.6
1230490 2297.8
1230500 2301.6
1230510 2301.6
1230520 2305.2
1230530 2309.1
1230540 2309.1
1230550 2312.7
1230560 2315.4
1230570 2315.4
1230580 2317.9
1230590 2320.6
1230600 2320.6
1230610 2323.9
1230620 2327.8
1230630 2327.8
1230640 2336.9
1230650 2340.1
1230660 2342.5
1230670 2342.5
1230680 2343.7
1230690 2344.2
1230700 2344.2
1230710 2342.2
1230720 2341.1
1230730 2341.1
1230740 2340.4
1230750 2339.4
1230760 2339.4
1230770 2338.1
1230780 2338.2
1230790 2338.2
1230800 2339.3
1230810 2340.9
1230820 2340.9
1230830 2342.8
1230840 2344.5
1230850 2346.0
1230860 2346.0
1230870 2347.5
1230880 2349.5
1230890 2349.5
1230900 2352.6
1230910 2355.9
1230920 2355.9
1230930 2359.9
1230940 2363.6
1230950 2363.6
1230960 2365.8
1230970 2367.9
1230980 2367.9
1230990 2370.0
1231000 2372.4
1231010 2372.4
1231020 2374.8
1231030 2376.8
1231040 2379.0
1231050 2379.0
1231060 2381.5
1231070 2384.0
1231080 2384.0
1231090 2386.4
1231100 2388.7
1231110 2388.7
1231120 2391.0
1231130 2394.1
1231140 2395.6
1231150 2398.4
1231160 2400.9
1231170 2400.9
1231180 2403.1
1231190 2406.3
1231200 2406.3
1231210 2409.8
1231220 2414.7
1231230 2420.3
1231240 2420.3
1231250 2428.4
1231260 2437.0
1231270 2437.0
1231280 2443.8
1231290 2448.1
1231300 2448.1
1231310 2448.9
1231320 2448.9
1231330 2448.9
1231340 2448.8
1231350 2449.4
1231360 2449.4
1231370 2450.8
1231380 2453.1
1231390 2453.1
1231400 2458.5
1231410 2464.5
1231420 2468.4
1231430 2468.4
1231440 2471.1
1231450 2473.5
1231460 2473.5
1231470 2476.4
1231480 2479.4
1231490 2479.4
1231500 2481.0
1231510 2481.5
1231520 2481.5
1231530 2480.7
1231540 2478.5
1231550 2478.5
1231560 2478.1
1231570 2481.4
1231580 2481.4
1231590 2483.4
1231600 2485.3
1231610 2489.0
1231620 2489.0
1231630 2492.4
1231640 2494.9
1231650 2494.9
1231660 2496.5
1231670 2498.4
1231680 2498.4
1231690 2501.7
1231700 2504.8
1231710 2504.8
1231720 2507.2
1231730 2508.9
1231740 2508.9
1231750 2509.2
1231760 2509.9
1231770 2509.9
1231780 2511.0
1231790 2512.1
1231800 2513.1
1231810 2513.1
1231820 2514.5
1231830 2516.8
1231840 2516.8
1231850 2519.4
1231860 2522.0
1231870 2522.0
1231880 2524.6
1231890 2527.0
1231900 2527.0
1231910 2529.4
1231920 2531.8
1231930 2531.8
1231940 2534.6
1231950 2537.6
1231960 2537.6
1231970 2540.5
1231980 2543.6
1231990 2546.2
1232000 2546.2
1232010 2548.7
1232020 2551.0
1232030 2551.0
1232040 2553.3
1232050 2555.7
1232060 2555.7
1232070 2558.0
1232080 2560.1
1232090 2560.1
1232100 2562.2
1232110 2564.1
1232120 2564.1
1232130 2565.8
1232140 2567.9
1232150 2567.9
1232160 2569.9
1232170 2572.1
1232180 2574.0
1232190 2574.0
1232200 2576.1
1232210 2578.4
1232220 2578.4
1232230 2580.3
1232240 2582.3
1232250 2582.3
1232260 2583.7
1232270 2583.6
1232280 2583.6
1232290 2584.0
1232300 2584.3
1232310 2584.3
1232320 2584.3
1232330 2584.6
1232340 2584.6
1232350 2585.2
1232360 2586.7
1232370 2589.3
1232380 2589.3
1232390 2592.7
1232400 2596.8
1232410 2596.8
1232420 2601.3
1232430 2606.9
1232440 2606.9
1232450 2614.2
1232460 2621.2
1232470 2621.2
1232480 2626.1
1232490 2628.0
1232500 2628.0
1232510 2629.3
1232520 2630.3
1232530 2630.3
1232540 2631.2
1232550 2633.1
1232560 2635.6
1232570 2635.6
1232580 2638.2
1232590 2641.7
1232600 2641.7
1232610 2643.8
1232620 2647.6
1232630 2647.6
1232640 2651.1
1232650 2656.9
1232660 2656.9
1232670 2663.2
1232680 2669.3
1232690 2669.3
1232700 2675.9
1232710 2682.7
1232720 2682.7
1232730 2689.3
1232740 2695.7
1232750 2702.4
1232760 2702.4
1232770 2716.1
1232780 2737.0
1232790 2737.0
1232800 2752.7
1232810 2760.6
1232820 2760.6
1232830 2761.9
1232840 2761.9
1232850 2761.9
1232860 2765.3
1232870 2773.2
1232880 2773.2
1232890 2776.9
1232900 2774.5
1232910 2774.5
1232920 2779.6
1232930 2782.9
1232940 2785.5
1232950 2785.5
1232960 2782.9
1232970 2784.9
1232980 2784.9
1232990 2787.5
1233000 2789.4
1233010 2789.4
1233020 2790.0
1233030 2789.7
1233040 2789.7
1233050 2788.8
1233060 2787.7
1233070 2787.7
1233080 2785.1
1233090 2787.2
1233100 2787.2
1233110 2790.7
1233120 2795.5
1233130 2800.0
1233140 2806.4
1233150 2807.8
1233160 2805.1
1233170 2805.1
1233180 2803.9
1233190 2802.1
1233200 2802.1
1233210 2799.0
1233220 2797.3
1233230 2797.3
1233240 2796.6
1233250 2796.4
1233260 2796.4
1233270 2796.2
1233280 2795.1
1233290 2795.1
1233300 2794.9
1233310 2796.4
1233320 2798.3
1233330 2798.3
1233340 2800.5
1233350 2803.0
1233360 2803.0
1233370 2806.1
1233380 2809.6
1233390 2809.6
1233400 2813.5
1233410 2817.5
1233420 2817.5
1233430 2821.5
1233440 2824.5
1233450 2824.5
1233460 2827.0
1233470 2829.1
1233480 2829.1
1233490 2830.9
1233500 2832.6
1233510 2834.0
1233520 2834.0
1233530 2834.8
1233540 2834.1
1233550 2834.1
1233560 2832.1
1233570 2830.9
1233580 2830.9
1233590 2831.4
1233600 2833.0
1233610 2833.0
1233620 2835.3
1233630 2838.5
1233640 2841.2
1233650 2846.2
1233660 2852.2
1233670 2852.2
1233680 2859.2
1233690 2866.0
1233700 2871.2
1233710 2871.2
1233720 2875.3
1233730 2878.1
1233740 2878.1
1233750 2879.6
1233760 2881.2
1233770 2881.2
1233780 2883.3
1233790 2885.8
1233800 2885.8
1233810 2888.7
1233820 2893.4
1233830 2893.4
1233840 2899.3
1233850 2906.8
1233860 2906.8
1233870 2914.4
1233880 2923.7
1233890 2934.1
1233900 2934.1
1233910 2942.8
1233920 2951.2
1233930 2951.2
1233940 2959.1
1233950 2966.1
1233960 2966.1
1233970 2973.6
1233980 2980.4
1233990 2980.4
1234000 2975.1
1234010 2963.3
1234020 2963.3
1234030 2951.7
1234040 2943.5
1234050 2943.5
1234060 2933.4
1234070 2921.7
1234080 2908.6
1234090 2908.6
1234100 2907.1
1234110 2899.0
1234120 2899.0
1234130 2896.7
1234140 2890.8
1234150 2876.3
1234160 2871.9
1234170 2865.7
1234180 2865.7
1234190 2851.3
1234200 2838.9
1234210 2838.9
1234220 2827.0
1234230 2805.8
1234240 2805.8
1234250 2793.0
1234260 2777.1
1234270 2761.1
1234280 2761.1
1234290 2749.6
1234300 2741.0
1234310 2741.0
1234320 2734.0
1234330 2727.1
1234340 2727.1
1234350 2721.5
1234360 2715.5
1234370 2715.5
1234380 2709.2
1234390 2702.9
1234400 2702.9
1234410 2696.7
1234420 2690.6
1234430 2690.6
1234440 2684.7
1234450 2678.5
1234460 2678.5
1234470 2672.0
1234480 2665.8
1234490 2659.7
1234500 2659.7
1234510 2654.0
1234520 2648.2
1234530 2648.2
1234540 2642.7
1234550 2637.3
1234560 2637.3
1234570 2632.0
1234580 2627.1
1234590 2627.1
1234600 2622.2
1234610 2617.1
1234620 2617.1
1234630 2611.6
1234640 2608.4
1234650 2607.5
1234660 2604.0
1234670 2600.1
1234680 2595.9
1234690 2595.9
1234700 2591.8
1234710 2588.5
1234720 2588.5
1234730 2585.7
1234740 2583.2
1234750 2583.2
1234760 2580.6
1234770 2578.3
1234780 2578.3
1234790 2574.5
1234800 2572.5
1234810 2572.5
1234820 2571.2
1234830 2569.3
1234840 2569.3
1234850 2566.3
1234860 2563.8
1234870 2561.1
1234880 2561.1
1234890 2559.0
1234900 2558.1
1234910 2558.1
1234920 2557.5
1234930 2557.2
1234940 2557.2
1234950 2557.2
1234960 2557.3
1234970 2557.3
1234980 2558.2
1234990 2559.3
1235000 2559.3
1235010 2560.7
1235020 2561.6
1235030 2561.6
1235040 2563.2
1235050 2565.2
1235060 2566.9
1235070 2566.9
1235080 2568.0
1235090 2569.2
1235100 2569.2
1235110 2571.0
1235120 2570.6
1235130 2570.6
1235140 2569.7
1235150 2571.2
1235160 2571.2
1235170 2572.2
1235180 2572.6
1235190 2572.6
1235200 2572.9
1235210 2574.9
1235220 2574.9
1235230 2577.7
1235240 2581.3
1235250 2586.4
1235260 2586.4
1235270 2589.6
1235280 2591.4
1235290 2591.4
1235300 2592.4
1235310 2593.3
1235320 2593.3
1235330 2593.6
1235340 2592.4
1235350 2592.4
1235360 2589.3
1235370 2587.0
1235380 2587.0
1235390 2589.1
1235400 2594.2
1235410 2594.2
1235420 2598.4
1235430 2602.0
1235440 2606.4
1235450 2606.4
1235460 2609.7
1235470 2613.8
1235480 2613.8
1235490 2619.1
1235500 2623.2
1235510 2623.2
1235520 2626.3
1235530 2630.3
1235540 2630.3
1235550 2634.4
1235560 2637.7
1235570 2637.7
1235580 2641.4
1235590 2645.4
1235600 2645.4
1235610 2649.9
1235620 2654.7
1235630 2659.0
1235640 2659.0
1235650 2662.9
1235660 2670.9
1235670 2670.9
1235680 2673.9
1235690 2675.6
1235700 2675.6
1235710 2680.8
1235720 2688.4
1235730 2688.4
1235740 2696.4
1235750 2699.7
1235760 2699.7
1235770 2704.3
1235780 2710.2
1235790 2710.2
1235800 2716.2
1235810 2722.1
1235820 2728.2
1235830 2728.2
1235840 2733.9
1235850 2739.5
1235860 2739.5
1235870 2745.3
1235880 2751.7
1235890 2751.7
1235900 2758.4
1235910 2764.0
1235920 2764.0
1235930 2766.6
1235940 2769.0
1235950 2769.0
1235960 2772.2
1235970 2775.1
1235980 2775.1
1235990 2775.2
1236000 2765.8
1236010 2755.8
1236020 2755.8
1236030 2747.2
1236040 2742.5
1236050 2742.5
1236060 2734.5
1236070 2724.5
1236080 2724.5
1236090 2714.7
1236100 2704.2
1236110 2704.2
1236120 2698.1
1236130 2694.6
1236140 2694.6
1236150 2691.0
1236160 2688.1
1236170 2694.3
1236180 2690.4
1236190 2678.2
1236200 2664.8
1236210 2664.8
1236220 2658.7
1236230 2652.6
1236240 2652.6
1236250 2641.9
1236260 2632.2
1236270 2632.2
1236280 2623.2
1236290 2620.2
1236300 2620.2
1236310 2615.9
1236320 2611.7
1236330 2611.7
1236340 2608.1
1236350 2605.3
1236360 2605.3
1236370 2602.5
1236380 2599.8
1236390 2598.1
1236400 2598.1
1236410 2593.9
1236420 2590.3
1236430 2590.3
1236440 2590.3
1236450 2590.4
1236460 2590.4
1236470 2592.2
