1220000 1797.6
1220010 1797.6
1220020 1793.5
1220030 1789.1
1220040 1789.1
1220050 1785.1
1220060 1779.6
1220070 1779.6
1220080 1772.0
1220090 1764.1
1220100 1757.7
1220110 1751.3
1220120 1746.8
1220130 1746.8
1220140 1742.2
1220150 1737.3
1220160 1737.3
1220170 1732.2
1220180 1726.8
1220190 1722.3
1220200 1722.3
1220210 1718.0
1220220 1713.3
1220230 1713.3
1220240 1707.6
1220250 1703.5
1220260 1703.5
1220270 1699.5
1220280 1694.2
1220290 1694.2
1220300 1687.9
1220310 1683.4
1220320 1683.4
1220330 1679.9
1220340 1678.8
1220350 1678.8
1220360 1680.2
1220370 1685.1
1220380 1687.3
1220390 1687.3
1220400 1689.4
1220410 1694.0
1220420 1694.0
1220430 1699.0
1220440 1701.1
1220450 1701.1
1220460 1705.1
1220470 1710.4
1220480 1710.4
1220490 1717.1
1220500 1725.5
1220510 1725.5
1220520 1733.6
1220530 1741.0
1220540 1741.0
1220550 1747.3
1220560 1752.9
1220570 1762.2
1220580 1774.6
1220590 1797.9
1220600 1813.0
1220610 1813.0
1220620 1823.1
1220630 1829.1
1220640 1829.1
1220650 1834.9
1220660 1844.0
1220670 1844.0
1220680 1854.7
1220690 1865.7
1220700 1865.7
1220710 1881.0
1220720 1890.5
1220730 1890.5
1220740 1895.4
1220750 1897.8
1220760 1899.1
1220770 1899.1
1220780 1898.2
1220790 1898.1
1220800 1898.1
1220810 1901.1
1220820 1904.6
1220830 1904.6
1220840 1907.1
1220850 1908.2
1220860 1908.2
1220870 1906.8
1220880 1903.2
1220890 1903.2
1220900 1901.2
1220910 1897.6
1220920 1897.6
1220930 1892.7
1220940 1888.9
1220950 1885.2
1220960 1885.2
1220970 1883.8
1220980 1882.9
1220990 1882.9
1221000 1881.4
1221010 1878.0
1221020 1878.0
1221030 1871.9
1221040 1866.4
1221050 1866.4
1221060 1862.3
1221070 1857.9
1221080 1857.9
1221090 1855.1
1221100 1855.4
1221110 1855.4
1221120 1856.9
1221130 1855.6
1221140 1858.0
1221150 1858.0
1221160 1854.3
1221170 1849.5
1221180 1849.5
1221190 1845.4
1221200 1842.5
1221210 1842.5
1221220 1840.7
1221230 1838.0
1221240 1838.0
1221250 1836.4
1221260 1838.2
1221270 1838.2
1221280 1837.5
1221290 1837.0
1221300 1837.0
1221310 1836.0
1221320 1838.2
1221330 1840.1
1221340 1840.1
1221350 1842.0
1221360 1842.8
1221370 1842.8
1221380 1843.3
1221390 1844.4
1221400 1844.4
1221410 1845.5
1221420 1846.7
1221430 1846.7
1221440 1847.0
1221450 1843.7
1221460 1843.7
1221470 1841.7
1221480 1846.6
1221490 1846.6
1221500 1848.3
1221510 1845.3
1221520 1846.8
1221530 1849.9
1221540 1853.0
1221550 1853.3
1221560 1853.3
1221570 1854.6
1221580 1855.1
1221590 1855.1
1221600 1856.0
1221610 1858.2
1221620 1858.2
1221630 1859.9
1221640 1862.1
1221650 1862.1
1221660 1866.1
1221670 1870.2
1221680 1870.2
1221690 1872.1
1221700 1874.6
1221710 1881.3
1221720 1881.3
1221730 1886.5
1221740 1889.8
1221750 1889.8
1221760 1893.2
1221770 1897.6
1221780 1897.6
1221790 1900.0
1221800 1899.7
1221810 1899.7
1221820 1904.0
1221830 1910.5
1221840 1910.5
1221850 1910.6
1221860 1905.7
1221870 1905.7
1221880 1902.0
1221890 1898.5
1221900 1898.5
1221910 1889.9
1221920 1883.5
1221930 1887.5
1221940 1887.5
1221950 1896.3
1221960 1908.3
1221970 1908.3
1221980 1918.8
1221990 1925.5
1222000 1925.5
1222010 1928.1
1222020 1938.1
1222030 1938.1
1222040 1942.8
1222050 1948.0
1222060 1948.0
1222070 1952.5
1222080 1956.8
1222090 1956.8
1222100 1961.9
1222110 1966.3
1222120 1969.6
1222130 1969.6
1222140 1976.8
1222150 1985.3
1222160 1985.3
1222170 1993.5
1222180 2000.2
1222190 2000.2
1222200 2006.2
1222210 2012.0
1222220 2012.0
1222230 2017.8
1222240 2021.9
1222250 2021.9
1222260 2026.1
1222270 2031.8
1222280 2031.8
1222290 2038.6
1222300 2046.5
1222310 2054.3
1222320 2054.3
1222330 2061.8
1222340 2069.3
1222350 2069.3
1222360 2076.9
1222370 2084.5
1222380 2084.5
1222390 2091.6
1222400 2096.8
1222410 2096.8
1222420 2101.7
1222430 2106.2
1222440 2106.2
1222450 2110.4
1222460 2114.0
1222470 2114.0
1222480 2119.0
1222490 2124.4
1222500 2134.7
1222510 2134.7
1222520 2139.7
1222530 2145.3
1222540 2145.3
1222550 2150.3
1222560 2155.4
1222570 2155.4
1222580 2159.7
1222590 2158.2
1222600 2158.2
1222610 2158.2
1222620 2162.3
1222630 2162.3
1222640 2167.6
1222650 2173.3
1222660 2173.3
1222670 2179.2
1222680 2186.0
1222690 2193.3
1222700 2193.3
1222710 2200.0
1222720 2205.1
1222730 2205.1
1222740 2210.3
1222750 2216.2
1222760 2216.2
1222770 2223.3
1222780 2229.6
1222790 2229.6
1222800 2235.7
1222810 2240.9
1222820 2240.9
1222830 2245.4
1222840 2250.1
1222850 2250.1
1222860 2255.3
1222870 2261.0
1222880 2266.7
1222890 2266.7
1222900 2271.7
1222910 2276.3
1222920 2276.3
1222930 2280.2
1222940 2282.8
1222950 2282.8
1222960 2285.9
1222970 2289.3
1222980 2294.8
1222990 2297.5
1223000 2302.2
1223010 2302.2
1223020 2307.1
1223030 2311.3
1223040 2311.3
1223050 2315.2
1223060 2319.2
1223070 2323.9
1223080 2323.9
1223090 2328.1
1223100 2333.6
1223110 2333.6
1223120 2339.3
1223130 2344.0
1223140 2344.0
1223150 2348.4
1223160 2353.4
1223170 2353.4
1223180 2357.7
1223190 2361.8
1223200 2361.8
1223210 2366.2
1223220 2370.3
1223230 2370.3
1223240 2373.7
1223250 2377.8
1223260 2385.1
1223270 2385.1
1223280 2393.1
1223290 2401.4
1223300 2401.4
1223310 2408.5
1223320 2415.4
1223330 2415.4
1223340 2422.1
1223350 2428.4
1223360 2428.4
1223370 2435.1
1223380 2439.6
1223390 2439.6
1223400 2442.1
1223410 2442.3
1223420 2442.3
1223430 2446.2
1223440 2453.7
1223450 2462.1
1223460 2463.2
1223470 2471.3
1223480 2479.5
1223490 2479.5
1223500 2487.1
1223510 2493.5
1223520 2493.5
1223530 2499.2
1223540 2506.0
1223550 2506.0
1223560 2512.2
1223570 2518.4
1223580 2518.4
1223590 2525.0
1223600 2530.9
1223610 2530.9
1223620 2535.8
1223630 2541.1
1223640 2547.6
1223650 2547.6
1223660 2554.3
1223670 2561.3
1223680 2561.3
1223690 2567.9
1223700 2574.0
1223710 2574.0
1223720 2579.9
1223730 2586.4
1223740 2586.4
1223750 2592.9
1223760 2599.2
1223770 2599.2
1223780 2605.6
1223790 2611.9
1223800 2611.9
1223810 2617.6
1223820 2622.6
1223830 2627.3
1223840 2627.3
1223850 2632.2
1223860 2636.8
1223870 2636.8
1223880 2640.1
1223890 2642.3
1223900 2642.3
1223910 2642.9
1223920 2642.9
1223930 2642.9
1223940 2643.8
1223950 2643.6
1223960 2643.6
1223970 2644.9
1223980 2647.0
1223990 2647.0
1224000 2649.3
1224010 2651.7
1224020 2651.7
1224030 2654.0
1224040 2656.9
1224050 2660.5
1224060 2660.5
1224070 2664.7
1224080 2669.4
1224090 2669.4
1224100 2673.2
1224110 2675.6
1224120 2675.6
1224130 2676.2
1224140 2677.1
1224150 2677.1
1224160 2679.6
1224170 2684.5
1224180 2684.5
1224190 2692.2
1224200 2699.6
1224210 2699.6
1224220 2707.2
1224230 2714.3
1224240 2721.4
1224250 2721.4
1224260 2728.2
1224270 2734.9
1224280 2734.9
1224290 2740.9
1224300 2746.4
1224310 2746.4
1224320 2751.6
1224330 2757.6
1224340 2757.6
1224350 2763.4
1224360 2768.8
1224370 2768.8
1224380 2773.8
1224390 2779.1
1224400 2779.1
1224410 2785.0
1224420 2790.9
1224430 2801.8
1224440 2801.8
1224450 2807.0
1224460 2812.2
1224470 2812.2
1224480 2818.3
1224490 2828.8
1224500 2828.8
1224510 2842.7
1224520 2858.2
1224530 2858.2
1224540 2870.8
1224550 2881.3
1224560 2881.3
1224570 2893.3
1224580 2902.9
1224590 2902.9
1224600 2910.6
1224610 2917.7
1224620 2931.7
1224630 2931.7
1224640 2941.9
1224650 2939.2
1224660 2939.2
1224670 2939.2
1224680 2943.0
1224690 2943.0
1224700 2944.7
1224710 2943.3
1224720 2943.3
1224730 2945.3
1224740 2951.7
1224750 2951.7
1224760 2959.6
1224770 2964.3
1224780 2964.3
1224790 2965.0
1224800 2965.3
1224810 2964.1
1224820 2964.1
1224830 2966.4
1224840 2971.8
1224850 2971.8
1224860 2983.2
1224870 2994.9
1224880 2994.9
1224890 3002.3
1224900 3001.7
1224910 3001.7
1224920 3013.5
1224930 3011.3
1224940 3011.3
1224950 3009.9
1224960 3014.1
1224970 3014.1
1224980 3023.0
1224990 3024.1
1225000 3022.7
1225010 3022.7
1225020 3026.6
1225030 3029.6
1225040 3029.6
1225050 3031.0
1225060 3029.7
1225070 3029.7
1225080 3030.7
1225090 3032.1
1225100 3032.1
1225110 3034.1
1225120 3034.7
1225130 3034.7
1225140 3033.3
1225150 3028.4
1225160 3028.4
1225170 3026.6
1225180 3028.7
1225190 3026.7
1225200 3026.7
1225210 3026.1
1225220 3023.9
1225230 3023.9
1225240 3021.0
1225250 3023.5
1225260 3023.5
1225270 3028.6
1225280 3028.0
1225290 3028.0
1225300 3026.0
1225310 3023.6
1225320 3023.6
1225330 3025.7
1225340 3029.1
1225350 3029.1
1225360 3028.8
1225370 3027.0
1225380 3023.6
1225390 3023.6
1225400 3018.1
1225410 3010.7
1225420 3010.7
1225430 3002.1
1225440 2993.4
1225450 2993.4
1225460 2985.6
1225470 2978.0
1225480 2978.0
1225490 2973.8
1225500 2972.2
1225510 2972.2
1225520 2970.2
1225530 2969.1
1225540 2969.1
1225550 2962.0
1225560 2951.7
1225570 2941.1
1225580 2941.1
1225590 2931.9
1225600 2922.7
1225610 2922.7
1225620 2915.6
1225630 2909.7
1225640 2909.7
1225650 2903.1
1225660 2896.8
1225670 2896.8
1225680 2891.0
1225690 2886.8
1225700 2886.8
1225710 2884.6
1225720 2879.0
1225730 2879.0
1225740 2864.1
1225750 2852.0
1225760 2844.6
1225770 2844.6
1225780 2840.5
1225790 2836.8
1225800 2836.8
1225810 2830.2
1225820 2822.7
1225830 2822.7
1225840 2815.3
1225850 2807.8
1225860 2807.8
1225870 2800.9
1225880 2796.0
1225890 2788.2
1225900 2777.3
1225910 2769.7
1225920 2769.7
1225930 2771.3
1225940 2766.0
1225950 2759.6
1225960 2759.6
1225970 2753.9
1225980 2751.4
1225990 2751.4
1226000 2741.8
1226010 2731.0
1226020 2731.0
1226030 2723.6
1226040 2720.1
1226050 2720.1
1226060 2716.5
1226070 2713.4
1226080 2713.4
1226090 2711.6
1226100 2710.7
1226110 2710.7
1226120 2709.7
1226130 2707.7
1226140 2704.8
1226150 2704.8
1226160 2702.1
1226170 2698.9
1226180 2698.9
1226190 2695.1
1226200 2690.8
1226210 2690.8
1226220 2685.4
1226230 2680.0
1226240 2680.0
1226250 2675.1
1226260 2670.8
1226270 2670.8
1226280 2667.6
1226290 2664.3
1226300 2664.3
1226310 2661.7
1226320 2657.6
1226330 2657.6
1226340 2652.3
1226350 2648.8
1226360 2643.6
1226370 2643.6
1226380 2634.2
1226390 2629.8
1226400 2629.8
1226410 2624.9
1226420 2620.1
1226430 2620.1
1226440 2615.2
1226450 2609.6
1226460 2609.6
1226470 2604.1
1226480 2599.6
1226490 2599.6
1226500 2594.4
1226510 2588.6
1226520 2588.6
1226530 2583.4
1226540 2578.4
1226550 2574.1
1226560 2574.1
1226570 2571.1
1226580 2569.5
1226590 2569.5
1226600 2568.1
1226610 2567.2
1226620 2567.2
1226630 2566.5
1226640 2563.1
1226650 2563.1
1226660 2560.1
1226670 2558.4
1226680 2558.4
1226690 2557.5
1226700 2556.8
1226710 2556.8
1226720 2555.2
1226730 2552.5
1226740 2551.5
1226750 2551.5
1226760 2550.0
1226770 2548.2
1226780 2548.2
1226790 2546.8
1226800 2545.8
1226810 2545.8
1226820 2544.2
1226830 2543.3
1226840 2543.3
1226850 2542.4
1226860 2541.2
1226870 2536.8
1226880 2535.8
1226890 2533.8
1226900 2533.8
1226910 2531.6
1226920 2531.0
1226930 2530.6
1226940 2530.6
1226950 2530.0
1226960 2529.2
1226970 2529.2
1226980 2527.7
1226990 2525.1
1227000 2525.1
1227010 2522.2
1227020 2517.7
1227030 2517.7
1227040 2513.0
1227050 2509.3
1227060 2509.3
1227070 2506.3
1227080 2504.1
1227090 2504.1
1227100 2502.3
1227110 2499.4
1227120 2496.1
1227130 2496.1
1227140 2492.4
1227150 2489.7
1227160 2489.7
1227170 2487.5
1227180 2485.3
1227190 2485.3
1227200 2483.1
1227210 2481.0
1227220 2481.0
1227230 2479.1
1227240 2476.6
1227250 2476.6
1227260 2473.6
1227270 2470.4
1227280 2470.4
1227290 2465.8
1227300 2460.6
1227310 2455.2
1227320 2455.2
1227330 2450.2
1227340 2445.5
1227350 2445.5
1227360 2442.1
1227370 2437.7
1227380 2437.7
1227390 2436.1
1227400 2433.4
1227410 2433.4
1227420 2430.3
1227430 2429.7
1227440 2429.7
1227450 2429.8
1227460 2429.8
1227470 2429.8
1227480 2429.4
1227490 2429.3
1227500 2429.2
1227510 2429.2
1227520 2428.5
1227530 2427.1
1227540 2427.1
1227550 2425.9
1227560 2424.0
1227570 2424.0
1227580 2419.5
1227590 2413.6
1227600 2413.6
1227610 2407.9
1227620 2403.3
1227630 2403.3
1227640 2400.0
1227650 2396.3
1227660 2396.3
1227670 2392.0
1227680 2387.6
1227690 2382.5
1227700 2382.5
1227710 2376.1
1227720 2369.0
1227730 2369.0
1227740 2361.8
1227750 2355.0
1227760 2355.0
1227770 2347.6
1227780 2340.6
1227790 2340.6
1227800 2333.5
1227810 2326.9
1227820 2326.9
1227830 2320.2
1227840 2312.9
1227850 2312.9
1227860 2304.2
1227870 2297.6
1227880 2291.1
1227890 2291.1
1227900 2283.8
1227910 2277.1
1227920 2277.1
1227930 2270.8
1227940 2264.1
1227950 2264.1
1227960 2257.3
1227970 2250.5
1227980 2250.5
1227990 2243.8
1228000 2237.0
1228010 2237.0
1228020 2230.4
1228030 2223.7
1228040 2223.7
1228050 2215.9
1228060 2205.2
1228070 2196.1
1228080 2196.1
1228090 2185.7
1228100 2173.0
1228110 2173.0
1228120 2161.9
1228130 2149.9
1228140 2149.9
1228150 2139.1
1228160 2130.4
1228170 2130.4
1228180 2116.1
1228190 2107.2
1228200 2107.2
1228210 2099.9
1228220 2093.7
1228230 2093.7
1228240 2086.6
1228250 2076.2
1228260 2069.1
1228270 2069.1
1228280 2061.9
1228290 2055.2
1228300 2055.2
1228310 2047.0
1228320 2033.1
1228330 2033.1
1228340 2022.1
1228350 2010.5
1228360 2010.5
1228370 1998.6
1228380 1985.8
1228390 1985.8
1228400 1976.8
1228410 1968.6
1228420 1968.6
1228430 1960.4
1228440 1951.9
1228450 1943.5
1228460 1943.5
1228470 1934.5
1228480 1925.2
1228490 1925.2
1228500 1917.1
1228510 1908.9
1228520 1908.9
1228530 1902.3
1228540 1895.7
1228550 1895.7
1228560 1889.5
1228570 1883.7
1228580 1883.7
1228590 1878.2
1228600 1873.0
1228610 1873.0
1228620 1868.1
1228630 1863.5
1228640 1863.5
1228650 1858.2
1228660 1850.7
1228670 1844.0
1228680 1844.0
1228690 1839.4
1228700 1834.7
1228710 1834.7
1228720 1830.0
1228730 1825.3
1228740 1825.3
1228750 1818.6
1228760 1802.5
1228770 1802.5
1228780 1787.9
1228790 1780.6
1228800 1780.6
1228810 1773.4
1228820 1763.6
1228830 1763.6
1228840 1757.6
1228850 1762.2
1228860 1770.8
1228870 1770.8
1228880 1778.6
1228890 1781.4
1228900 1781.4
1228910 1784.4
1228920 1785.7
1228930 1785.7
1228940 1783.3
1228950 1782.5
1228960 1782.5
1228970 1787.4
1228980 1788.9
1228990 1788.9
1229000 1785.1
1229010 1779.8
1229020 1779.8
1229030 1779.3
1229040 1779.4
1229050 1780.1
1229060 1780.1
1229070 1781.5
1229080 1784.7
1229090 1784.7
1229100 1789.6
1229110 1793.5
1229120 1793.5
1229130 1797.6
1229140 1801.8
1229150 1801.8
1229160 1806.2
1229170 1811.0
1229180 1811.0
1229190 1814.9
1229200 1821.4
1229210 1821.4
1229220 1829.5
1229230 1835.9
1229240 1839.1
1229250 1839.1
1229260 1842.4
1229270 1846.7
1229280 1846.7
1229290 1852.3
1229300 1858.3
1229310 1858.3
1229320 1864.8
1229330 1872.4
1229340 1876.7
1229350 1884.6
1229360 1891.8
1229370 1891.8
1229380 1897.6
1229390 1902.8
1229400 1902.8
1229410 1909.3
1229420 1917.6
1229430 1925.5
1229440 1925.5
1229450 1931.4
1229460 1936.8
1229470 1936.8
1229480 1944.5
1229490 1953.4
1229500 1953.4
1229510 1961.7
1229520 1969.3
1229530 1969.3
1229540 1973.3
1229550 1974.9
1229560 1974.9
1229570 1976.8
1229580 1979.8
1229590 1979.8
1229600 1983.0
1229610 1985.5
1229620 1989.3
1229630 1989.3
1229640 1994.0
1229650 2000.3
1229660 2000.3
1229670 2006.8
1229680 2013.0
1229690 2013.0
1229700 2017.0
1229710 2019.3
1229720 2019.3
1229730 2022.4
1229740 2025.7
1229750 2025.7
1229760 2030.5
1229770 2036.8
1229780 2036.8
1229790 2043.2
1229800 2049.6
1229810 2053.9
1229820 2053.9
1229830 2058.5
1229840 2065.4
1229850 2065.4
1229860 2069.0
1229870 2071.5
1229880 2071.5
1229890 2075.3
1229900 2080.0
1229910 2080.0
1229920 2087.1
1229930 2094.5
1229940 2094.5
1229950 2099.4
1229960 2103.2
1229970 2103.2
1229980 2107.6
1229990 2111.1
1230000 2112.5
1230010 2112.5
1230020 2117.2
1230030 2121.4
1230040 2121.4
1230050 2124.3
1230060 2128.0
1230070 2128.0
1230080 2129.2
1230090 2132.7
1230100 2132.7
1230110 2137.2
1230120 2140.5
1230130 2140.5
1230140 2143.3
1230150 2147.4
1230160 2147.4
1230170 2152.6
1230180 2154.1
1230190 2155.2
1230200 2155.2
1230210 2158.5
1230220 2161.2
1230230 2161.2
1230240 2162.8
1230250 2163.6
1230260 2163.6
1230270 2164.1
1230280 2164.5
1230290 2164.5
1230300 2166.8
1230310 2168.3
1230320 2168.3
1230330 2168.9
1230340 2169.3
1230350 2169.3
1230360 2169.9
1230370 2170.7
1230380 2171.4
1230390 2171.4
1230400 2172.3
1230410 2174.0
1230420 2174.0
1230430 2176.0
1230440 2178.0
1230450 2178.0
1230460 2180.1
1230470 2182.3
1230480 2182.3
1230490 2184.5
1230500 2186.9
1230510 2186.9
1230520 2189.5
1230530 2192.5
1230540 2192.5
1230550 2195.4
1230560 2198.3
1230570 2201.1
1230580 2201.1
1230590 2203.7
1230600 2206.9
1230610 2206.9
1230620 2211.2
1230630 2215.3
1230640 2215.3
1230650 2219.6
1230660 2224.8
1230670 2224.8
1230680 2228.4
1230690 2230.6
1230700 2230.6
1230710 2233.2
1230720 2235.6
1230730 2235.6
1230740 2238.1
1230750 2240.1
1230760 2241.5
1230770 2241.5
1230780 2242.9
1230790 2243.9
1230800 2243.9
1230810 2244.8
1230820 2245.7
1230830 2247.4
1230840 2249.2
1230850 2252.9
1230860 2252.9
1230870 2258.6
1230880 2264.1
1230890 2264.1
1230900 2269.3
1230910 2275.0
1230920 2275.0
1230930 2280.3
1230940 2285.0
1230950 2285.0
1230960 2288.7
1230970 2292.6
1230980 2297.8
1230990 2297.8
1231000 2303.4
1231010 2308.3
1231020 2308.3
1231030 2313.9
1231040 2318.9
1231050 2318.9
1231060 2323.0
1231070 2327.1
1231080 2327.1
1231090 2330.7
1231100 2336.0
1231110 2336.0
1231120 2341.7
1231130 2347.0
1231140 2347.0
1231150 2351.2
1231160 2355.9
1231170 2361.6
1231180 2361.6
1231190 2368.3
1231200 2374.2
1231210 2374.2
1231220 2378.4
1231230 2383.3
1231240 2383.3
1231250 2388.2
1231260 2395.0
1231270 2395.0
1231280 2402.1
1231290 2407.3
1231300 2407.3
1231310 2410.8
1231320 2414.2
1231330 2415.3
1231340 2419.2
1231350 2424.4
1231360 2429.7
1231370 2429.7
1231380 2435.3
1231390 2441.3
1231400 2441.3
1231410 2447.7
1231420 2453.9
1231430 2453.9
1231440 2459.6
1231450 2464.4
1231460 2464.4
1231470 2468.2
1231480 2471.4
1231490 2471.4
1231500 2474.8
1231510 2480.0
1231520 2480.0
1231530 2486.0
1231540 2490.3
1231550 2492.4
1231560 2492.4
1231570 2492.5
1231580 2491.9
1231590 2491.9
1231600 2492.2
1231610 2493.0
1231620 2493.0
1231630 2495.3
1231640 2500.9
1231650 2500.9
1231660 2504.5
1231670 2507.1
1231680 2507.1
1231690 2508.9
1231700 2509.7
1231710 2509.7
1231720 2510.5
1231730 2510.7
1231740 2508.8
1231750 2508.8
1231760 2507.9
1231770 2506.4
1231780 2506.4
1231790 2506.3
1231800 2507.1
1231810 2507.1
1231820 2508.0
1231830 2509.0
1231840 2509.0
1231850 2511.7
1231860 2516.3
1231870 2516.3
1231880 2522.3
1231890 2529.6
1231900 2529.6
1231910 2537.0
1231920 2543.4
1231930 2548.1
1231940 2548.1
1231950 2552.2
1231960 2556.5
1231970 2556.5
1231980 2559.8
1231990 2562.5
1232000 2562.5
1232010 2566.1
1232020 2570.3
1232030 2570.3
1232040 2575.3
1232050 2581.5
1232060 2581.5
1232070 2590.2
1232080 2596.7
1232090 2596.7
1232100 2601.1
1232110 2602.2
1232120 2604.2
1232130 2604.2
1232140 2606.8
1232150 2610.5
1232160 2610.5
1232170 2622.0
1232180 2633.7
1232190 2633.7
1232200 2642.6
1232210 2650.0
1232220 2650.0
1232230 2660.1
1232240 2666.6
1232250 2666.6
1232260 2670.0
1232270 2674.5
1232280 2674.5
1232290 2678.0
1232300 2680.7
1232310 2683.4
1232320 2683.4
1232330 2694.3
1232340 2697.6
1232350 2697.6
1232360 2698.0
1232370 2697.5
1232380 2697.5
1232390 2698.0
1232400 2699.5
1232410 2699.5
1232420 2702.9
1232430 2706.1
1232440 2706.1
1232450 2710.5
1232460 2715.2
1232470 2715.2
1232480 2722.0
1232490 2729.5
1232500 2735.0
1232510 2735.0
1232520 2735.4
1232530 2735.7
1232540 2735.7
1232550 2738.2
1232560 2740.5
1232570 2740.5
1232580 2745.7
1232590 2749.6
1232600 2749.6
1232610 2749.9
1232620 2751.7
1232630 2751.7
1232640 2754.3
1232650 2756.5
1232660 2756.5
1232670 2758.6
1232680 2760.3
1232690 2763.8
1232700 2763.8
1232710 2767.2
1232720 2768.4
1232730 2768.4
1232740 2767.7
1232750 2766.5
1232760 2766.5
1232770 2767.1
1232780 2768.7
1232790 2768.7
1232800 2770.7
1232810 2773.1
1232820 2773.1
1232830 2780.8
1232840 2784.8
1232850 2784.8
1232860 2787.4
1232870 2789.3
1232880 2793.5
1232890 2793.5
1232900 2796.6
1232910 2796.7
1232920 2796.7
1232930 2798.1
1232940 2799.7
1232950 2799.7
1232960 2804.0
1232970 2807.9
1232980 2807.9
1232990 2811.1
1233000 2814.3
1233010 2814.3
1233020 2818.3
1233030 2822.1
1233040 2822.1
1233050 2825.2
1233060 2828.6
1233070 2833.5
1233080 2833.5
1233090 2838.5
1233100 2842.9
1233110 2842.9
1233120 2847.4
1233130 2853.5
1233140 2853.5
1233150 2860.2
1233160 2866.5
1233170 2866.5
1233180 2874.2
1233190 2882.5
1233200 2882.5
1233210 2890.9
1233220 2901.4
1233230 2901.4
1233240 2912.7
1233250 2920.5
1233260 2920.5
1233270 2927.4
1233280 2933.4
1233290 2938.2
1233300 2938.2
1233310 2940.3
1233320 2941.7
1233330 2942.5
1233340 2944.3
1233350 2947.9
1233360 2947.9
1233370 2952.9
1233380 2958.4
1233390 2958.4
1233400 2962.4
1233410 2965.5
1233420 2965.5
1233430 2967.0
1233440 2970.0
1233450 2970.0
1233460 2976.2
1233470 2984.3
1233480 2991.7
1233490 2991.7
1233500 2992.5
1233510 2982.1
1233520 2982.1
1233530 2968.7
1233540 2951.8
1233550 2951.8
1233560 2934.3
1233570 2919.6
1233580 2919.6
1233590 2909.4
1233600 2902.7
1233610 2902.7
1233620 2899.2
1233630 2896.6
1233640 2896.6
1233650 2892.4
1233660 2881.0
1233670 2873.5
1233680 2873.5
1233690 2873.3
1233700 2870.6
1233710 2870.6
1233720 2864.1
1233730 2860.1
1233740 2860.1
1233750 2857.9
1233760 2856.5
1233770 2856.5
1233780 2857.5
1233790 2855.8
1233800 2855.8
1233810 2850.4
1233820 2849.4
1233830 2857.8
1233840 2858.0
1233850 2852.0
1233860 2845.6
1233870 2845.6
1233880 2840.4
1233890 2832.7
1233900 2832.7
1233910 2822.4
1233920 2808.6
1233930 2808.6
1233940 2793.3
1233950 2777.2
1233960 2777.2
1233970 2757.7
1233980 2740.1
1233990 2740.1
1234000 2721.1
1234010 2706.0
1234020 2706.0
1234030 2694.5
1234040 2683.6
1234050 2665.6
1234060 2665.6
1234070 2651.1
1234080 2638.3
1234090 2638.3
1234100 2627.6
1234110 2616.7
1234120 2616.7
1234130 2608.7
1234140 2601.8
1234150 2601.8
1234160 2595.5
1234170 2589.7
1234180 2589.7
1234190 2585.2
1234200 2581.1
1234210 2581.1
1234220 2575.2
1234230 2567.9
1234240 2552.5
1234250 2552.5
1234260 2542.4
1234270 2530.6
1234280 2530.6
1234290 2520.8
1234300 2514.7
1234310 2514.7
1234320 2508.7
1234330 2500.7
1234340 2502.9
1234350 2495.3
1234360 2488.7
1234370 2488.7
1234380 2484.1
1234390 2479.3
1234400 2479.3
1234410 2473.9
1234420 2468.6
1234430 2463.8
1234440 2463.8
1234450 2459.1
1234460 2454.6
1234470 2454.6
1234480 2450.0
1234490 2445.4
1234500 2445.4
1234510 2440.2
1234520 2434.5
1234530 2434.5
1234540 2428.9
1234550 2423.1
1234560 2423.1
1234570 2416.9
1234580 2411.3
1234590 2411.3
1234600 2406.6
1234610 2402.0
1234620 2398.3
1234630 2398.3
1234640 2395.6
1234650 2393.3
1234660 2393.3
1234670 2390.9
1234680 2388.5
1234690 2388.5
1234700 2387.2
1234710 2386.4
1234720 2386.4
1234730 2386.2
1234740 2385.7
1234750 2385.7
1234760 2385.5
1234770 2386.4
1234780 2386.4
1234790 2386.7
1234800 2387.6
1234810 2390.6
1234820 2390.6
1234830 2392.1
1234840 2395.3
1234850 2395.3
1234860 2399.2
1234870 2403.2
1234880 2403.2
1234890 2407.7
1234900 2412.5
1234910 2412.5
1234920 2417.3
1234930 2421.1
1234940 2421.1
1234950 2425.4
1234960 2429.3
1234970 2429.3
1234980 2432.9
1234990 2435.8
1235000 2437.7
1235010 2437.7
1235020 2439.0
1235030 2440.4
1235040 2440.4
1235050 2443.3
1235060 2445.8
1235070 2445.8
1235080 2449.2
1235090 2453.9
1235100 2453.9
1235110 2456.6
1235120 2459.2
1235130 2459.2
1235140 2463.0
1235150 2467.8
1235160 2467.8
1235170 2474.2
1235180 2481.0
1235190 2486.3
1235200 2486.3
1235210 2490.4
1235220 2492.7
1235230 2492.7
1235240 2494.9
1235250 2498.7
1235260 2498.7
1235270 2502.2
1235280 2503.8
1235290 2503.8
1235300 2504.7
1235310 2505.4
1235320 2505.4
1235330 2506.6
1235340 2507.8
1235350 2509.2
1235360 2508.7
1235370 2509.0
1235380 2508.9
1235390 2508.9
1235400 2509.1
1235410 2509.9
1235420 2509.9
1235430 2511.6
1235440 2514.8
1235450 2514.8
1235460 2517.8
1235470 2521.6
1235480 2521.6
1235490 2525.0
1235500 2527.8
1235510 2527.8
1235520 2529.2
1235530 2529.3
1235540 2529.3
1235550 2529.7
1235560 2530.2
1235570 2530.2
1235580 2529.5
1235590 2528.3
1235600 2526.8
1235610 2526.8
1235620 2524.3
1235630 2520.7
1235640 2520.7
1235650 2517.0
1235660 2513.5
1235670 2513.5
1235680 2505.6
1235690 2497.2
1235700 2497.2
1235710 2495.7
1235720 2492.2
1235730 2492.2
1235740 2485.5
1235750 2479.7
1235760 2479.7
1235770 2475.8
1235780 2471.3
1235790 2464.2
1235800 2464.2
1235810 2451.4
1235820 2442.8
1235830 2442.8
1235840 2436.9
1235850 2428.7
1235860 2431.0
1235870 2424.8
1235880 2418.5
1235890 2418.5
1235900 2411.3
1235910 2405.0
1235920 2405.0
1235930 2398.5
1235940 2392.0
1235950 2392.0
1235960 2388.0
1235970 2385.9
1235980 2384.9
1235990 2384.9
1236000 2383.1
1236010 2375.2
1236020 2375.2
1236030 2364.3
1236040 2352.1
1236050 2352.1
1236060 2341.4
1236070 2329.4
1236080 2329.4
1236090 2314.3
1236100 2302.7
1236110 2302.7
1236120 2290.6
1236130 2272.7
1236140 2272.7
1236150 2253.1
1236160 2233.8
1236170 2224.2
1236180 2224.2
1236190 2217.2
1236200 2210.0
1236210 2210.0
1236220 2202.8
1236230 2196.1
1236240 2196.1
1236250 2190.7
