1220000 1726.4
1220010 1722.1
1220020 1718.6
1220030 1718.6
1220040 1716.3
1220050 1713.7
1220060 1713.7
1220070 1708.9
1220080 1702.1
1220090 1702.1
1220100 1697.3
1220110 1696.0
1220120 1696.0
1220130 1695.7
1220140 1695.0
1220150 1695.0
1220160 1692.8
1220170 1691.4
1220180 1691.4
1220190 1691.4
1220200 1692.1
1220210 1692.3
1220220 1692.3
1220230 1691.9
1220240 1691.3
1220250 1691.3
1220260 1690.3
1220270 1685.6
1220280 1685.6
1220290 1684.2
1220300 1686.5
1220310 1686.5
1220320 1692.7
1220330 1700.3
1220340 1700.3
1220350 1706.5
1220360 1709.3
1220370 1709.3
1220380 1717.2
1220390 1724.9
1220400 1734.8
1220410 1734.8
1220420 1741.8
1220430 1748.0
1220440 1748.0
1220450 1754.6
1220460 1764.5
1220470 1764.5
1220480 1775.5
1220490 1787.2
1220500 1787.2
1220510 1799.0
1220520 1811.0
1220530 1811.0
1220540 1827.5
1220550 1838.5
1220560 1838.5
1220570 1846.8
1220580 1855.7
1220590 1865.2
1220600 1865.2
1220610 1872.2
1220620 1880.2
1220630 1880.2
1220640 1886.8
1220650 1895.5
1220660 1895.5
1220670 1899.9
1220680 1904.1
1220690 1904.1
1220700 1907.0
1220710 1909.4
1220720 1909.4
1220730 1912.0
1220740 1914.1
1220750 1914.1
1220760 1915.8
1220770 1919.8
1220780 1919.1
1220790 1919.1
1220800 1918.7
1220810 1918.3
1220820 1918.3
1220830 1917.1
1220840 1915.9
1220850 1915.9
1220860 1914.6
1220870 1913.3
1220880 1913.3
1220890 1912.5
1220900 1912.8
1220910 1912.8
1220920 1915.2
1220930 1915.5
1220940 1915.5
1220950 1913.7
1220960 1913.3
1220970 1913.1
1220980 1913.1
1220990 1911.6
1221000 1910.0
1221010 1910.0
1221020 1908.4
1221030 1906.0
1221040 1906.0
1221050 1905.5
1221060 1904.6
1221070 1904.6
1221080 1903.4
1221090 1902.4
1221100 1902.4
1221110 1900.3
1221120 1897.8
1221130 1897.8
1221140 1893.7
1221150 1889.9
1221160 1886.9
1221170 1886.9
1221180 1886.2
1221190 1886.2
1221200 1886.2
1221210 1886.1
1221220 1886.3
1221230 1886.3
1221240 1885.5
1221250 1894.6
1221260 1894.6
1221270 1892.6
1221280 1891.1
1221290 1891.1
1221300 1889.9
1221310 1889.9
1221320 1889.9
1221330 1886.9
1221340 1884.0
1221350 1884.4
1221360 1884.4
1221370 1884.7
1221380 1885.0
1221390 1885.0
1221400 1884.6
1221410 1882.5
1221420 1882.5
1221430 1882.5
1221440 1883.2
1221450 1883.2
1221460 1884.4
1221470 1886.4
1221480 1886.4
1221490 1888.7
1221500 1886.1
1221510 1886.1
1221520 1887.6
1221530 1893.9
1221540 1897.4
1221550 1897.4
1221560 1899.2
1221570 1897.8
1221580 1897.8
1221590 1900.8
1221600 1908.8
1221610 1908.8
1221620 1914.8
1221630 1918.1
1221640 1918.1
1221650 1921.9
1221660 1926.4
1221670 1926.4
1221680 1930.6
1221690 1934.9
1221700 1934.9
1221710 1938.8
1221720 1940.6
1221730 1945.9
1221740 1945.9
1221750 1948.0
1221760 1950.7
1221770 1950.7
1221780 1955.1
1221790 1961.0
1221800 1961.0
1221810 1965.1
1221820 1969.0
1221830 1969.0
1221840 1974.3
1221850 1979.7
1221860 1979.7
1221870 1982.7
1221880 1980.6
1221890 1980.6
1221900 1974.8
1221910 1970.6
1221920 1968.9
1221930 1968.9
1221940 1967.8
1221950 1968.3
1221960 1968.3
1221970 1968.0
1221980 1968.3
1221990 1968.3
1222000 1970.1
1222010 1965.5
1222020 1965.5
1222030 1959.8
1222040 1963.7
1222050 1963.7
1222060 1963.8
1222070 1968.8
1222080 1968.8
1222090 1979.1
1222100 1992.9
1222110 2004.7
1222120 2004.7
1222130 2011.0
1222140 2015.7
1222150 2015.7
1222160 2020.5
1222170 2025.6
1222180 2025.6
1222190 2030.4
1222200 2034.7
1222210 2038.6
1222220 2042.5
1222230 2046.7
1222240 2046.7
1222250 2051.8
1222260 2061.6
1222270 2061.6
1222280 2072.4
1222290 2080.4
1222300 2090.0
1222310 2090.0
1222320 2098.9
1222330 2107.3
1222340 2107.3
1222350 2116.1
1222360 2125.8
1222370 2125.8
1222380 2134.3
1222390 2141.1
1222400 2141.1
1222410 2146.9
1222420 2151.5
1222430 2151.5
1222440 2156.0
1222450 2160.5
1222460 2160.5
1222470 2165.2
1222480 2170.6
1222490 2175.4
1222500 2175.4
1222510 2179.6
1222520 2184.8
1222530 2184.8
1222540 2191.3
1222550 2198.1
1222560 2198.1
1222570 2205.4
1222580 2211.2
1222590 2211.2
1222600 2215.3
1222610 2219.7
1222620 2219.7
1222630 2224.6
1222640 2229.6
1222650 2229.6
1222660 2236.0
1222670 2245.5
1222680 2245.5
1222690 2253.1
1222700 2262.2
1222710 2271.3
1222720 2271.3
1222730 2280.0
1222740 2287.3
1222750 2287.3
1222760 2291.8
1222770 2295.0
1222780 2295.0
1222790 2299.7
1222800 2305.8
1222810 2305.8
1222820 2309.7
1222830 2313.5
1222840 2313.5
1222850 2317.9
1222860 2322.0
1222870 2322.0
1222880 2326.1
1222890 2331.6
1222900 2338.5
1222910 2338.5
1222920 2343.9
1222930 2346.7
1222940 2346.7
1222950 2348.9
1222960 2351.0
1222970 2351.0
1222980 2353.6
1222990 2356.0
1223000 2356.0
1223010 2357.9
1223020 2359.9
1223030 2359.9
1223040 2362.7
1223050 2366.2
1223060 2366.2
1223070 2370.3
1223080 2374.2
1223090 2377.3
1223100 2377.3
1223110 2380.1
1223120 2383.7
1223130 2383.7
1223140 2387.7
1223150 2392.4
1223160 2392.4
1223170 2397.6
1223180 2406.3
1223190 2406.3
1223200 2412.7
1223210 2420.1
1223220 2420.1
1223230 2429.5
1223240 2437.6
1223250 2437.6
1223260 2443.2
1223270 2447.9
1223280 2454.5
1223290 2454.5
1223300 2458.7
1223310 2463.3
1223320 2463.3
1223330 2469.9
1223340 2477.5
1223350 2477.5
1223360 2485.5
1223370 2491.9
1223380 2491.9
1223390 2495.5
1223400 2496.5
1223410 2496.5
1223420 2496.0
1223430 2496.0
1223440 2496.0
1223450 2496.4
1223460 2496.6
1223470 2497.0
1223480 2497.0
1223490 2497.6
1223500 2498.5
1223510 2498.5
1223520 2500.4
1223530 2503.4
1223540 2503.4
1223550 2508.0
1223560 2513.3
1223570 2513.3
1223580 2516.8
1223590 2518.9
1223600 2518.9
1223610 2519.7
1223620 2519.9
1223630 2519.9
1223640 2521.4
1223650 2523.9
1223660 2525.1
1223670 2525.1
1223680 2528.7
1223690 2532.5
1223700 2532.5
1223710 2537.2
1223720 2541.8
1223730 2541.8
1223740 2546.7
1223750 2551.6
1223760 2551.6
1223770 2556.7
1223780 2561.9
1223790 2561.9
1223800 2567.3
1223810 2572.7
1223820 2572.7
1223830 2578.2
1223840 2583.9
1223850 2590.0
1223860 2590.0
1223870 2596.0
1223880 2601.7
1223890 2601.7
1223900 2607.4
1223910 2616.3
1223920 2616.3
1223930 2627.2
1223940 2639.0
1223950 2639.0
1223960 2653.3
1223970 2659.2
1223980 2659.2
1223990 2663.8
1224000 2668.8
1224010 2668.8
1224020 2676.2
1224030 2686.3
1224040 2699.5
1224050 2699.5
1224060 2715.1
1224070 2727.3
1224080 2727.3
1224090 2738.1
1224100 2752.6
1224110 2752.6
1224120 2763.1
1224130 2769.5
1224140 2769.5
1224150 2780.3
1224160 2780.3
1224170 2780.3
1224180 2795.7
1224190 2815.6
1224200 2815.6
1224210 2826.8
1224220 2824.5
1224230 2819.0
1224240 2819.0
1224250 2813.5
1224260 2813.7
1224270 2813.7
1224280 2818.0
1224290 2829.2
1224300 2829.2
1224310 2844.2
1224320 2843.4
1224330 2843.4
1224340 2838.1
1224350 2840.3
1224360 2840.3
1224370 2845.4
1224380 2844.9
1224390 2844.9
1224400 2853.7
1224410 2863.3
1224420 2878.7
1224430 2878.7
1224440 2892.3
1224450 2905.8
1224460 2905.8
1224470 2907.6
1224480 2901.2
1224490 2901.2
1224500 2896.6
1224510 2896.0
1224520 2896.0
1224530 2897.1
1224540 2901.4
1224550 2901.4
1224560 2909.9
1224570 2920.4
1224580 2920.4
1224590 2942.4
1224600 2966.2
1224610 2982.5
1224620 2982.5
1224630 2999.0
1224640 2997.0
1224650 2997.0
1224660 3003.4
1224670 3018.7
1224680 3018.7
1224690 3037.3
1224700 3040.5
1224710 3040.5
1224720 3035.5
1224730 3030.2
1224740 3030.2
1224750 3024.3
1224760 3017.8
1224770 3017.8
1224780 3011.3
1224790 3004.5
1224800 2997.3
1224810 2997.3
1224820 2990.8
1224830 2984.9
1224840 2984.9
1224850 2978.9
1224860 2973.9
1224870 2973.9
1224880 2968.2
1224890 2962.1
1224900 2962.1
1224910 2956.6
1224920 2952.5
1224930 2952.5
1224940 2949.1
1224950 2945.9
1224960 2945.9
1224970 2942.5
1224980 2940.1
1224990 2940.1
1225000 2937.7
1225010 2936.3
1225020 2935.2
1225030 2935.2
1225040 2934.6
1225050 2935.1
1225060 2935.1
1225070 2935.6
1225080 2935.5
1225090 2935.5
1225100 2934.9
1225110 2938.2
1225120 2929.9
1225130 2934.7
1225140 2939.5
1225150 2939.5
1225160 2946.5
1225170 2949.4
1225180 2949.4
1225190 2946.7
1225200 2940.7
1225210 2933.8
1225220 2933.8
1225230 2929.7
1225240 2926.3
1225250 2926.3
1225260 2924.4
1225270 2923.9
1225280 2923.9
1225290 2920.3
1225300 2917.4
1225310 2917.4
1225320 2915.3
1225330 2912.2
1225340 2912.2
1225350 2910.4
1225360 2907.8
1225370 2907.8
1225380 2907.3
1225390 2908.6
1225400 2907.3
1225410 2907.3
1225420 2905.1
1225430 2904.8
1225440 2904.8
1225450 2897.2
1225460 2885.7
1225470 2885.7
1225480 2872.8
1225490 2865.2
1225500 2865.2
1225510 2864.7
1225520 2871.1
1225530 2871.1
1225540 2872.5
1225550 2864.3
1225560 2864.3
1225570 2865.4
1225580 2866.2
1225590 2862.7
1225600 2862.7
1225610 2842.0
1225620 2837.2
1225630 2837.2
1225640 2836.7
1225650 2833.8
1225660 2833.8
1225670 2832.9
1225680 2828.6
1225690 2828.6
1225700 2821.9
1225710 2816.1
1225720 2816.1
1225730 2811.9
1225740 2813.8
1225750 2813.8
1225760 2812.4
1225770 2802.0
1225780 2789.9
1225790 2789.9
1225800 2773.5
1225810 2763.0
1225820 2763.0
1225830 2752.7
1225840 2743.5
1225850 2743.5
1225860 2736.5
1225870 2730.9
1225880 2730.9
1225890 2725.8
1225900 2720.9
1225910 2720.9
1225920 2716.4
1225930 2712.5
1225940 2712.5
1225950 2708.7
1225960 2704.2
1225970 2700.4
1225980 2700.4
1225990 2696.1
1226000 2691.3
1226010 2691.3
1226020 2687.1
1226030 2683.4
1226040 2683.4
1226050 2679.2
1226060 2674.8
1226070 2674.8
1226080 2671.8
1226090 2669.1
1226100 2669.1
1226110 2666.4
1226120 2664.3
1226130 2664.3
1226140 2663.2
1226150 2663.0
1226160 2662.9
1226170 2662.9
1226180 2660.3
1226190 2656.6
1226200 2656.6
1226210 2654.2
1226220 2652.2
1226230 2652.2
1226240 2650.7
1226250 2649.0
1226260 2649.0
1226270 2645.5
1226280 2643.6
1226290 2643.6
1226300 2642.0
1226310 2638.9
1226320 2638.9
1226330 2636.2
1226340 2633.9
1226350 2631.5
1226360 2631.5
1226370 2628.6
1226380 2625.3
1226390 2625.3
1226400 2622.4
1226410 2615.9
1226420 2615.9
1226430 2607.2
1226440 2600.7
1226450 2600.7
1226460 2597.5
1226470 2594.8
1226480 2594.8
1226490 2592.3
1226500 2589.4
1226510 2589.4
1226520 2586.1
1226530 2582.8
1226540 2579.2
1226550 2579.2
1226560 2575.2
1226570 2572.4
1226580 2573.9
1226590 2572.8
1226600 2570.8
1226610 2570.8
1226620 2569.2
1226630 2568.1
1226640 2568.1
1226650 2565.9
1226660 2563.9
1226670 2563.9
1226680 2561.5
1226690 2558.0
1226700 2558.0
1226710 2554.8
1226720 2551.0
1226730 2545.5
1226740 2545.5
1226750 2539.5
1226760 2535.8
1226770 2535.8
1226780 2533.8
1226790 2531.6
1226800 2531.6
1226810 2527.5
1226820 2524.5
1226830 2524.5
1226840 2522.5
1226850 2520.3
1226860 2520.3
1226870 2517.0
1226880 2513.9
1226890 2513.9
1226900 2511.3
1226910 2510.2
1226920 2508.8
1226930 2508.8
1226940 2505.7
1226950 2503.1
1226960 2503.1
1226970 2503.1
1226980 2504.1
1226990 2504.1
1227000 2501.7
1227010 2497.5
1227020 2497.5
1227030 2495.1
1227040 2494.0
1227050 2494.0
1227060 2491.9
1227070 2488.6
1227080 2488.6
1227090 2487.5
1227100 2486.1
1227110 2483.9
1227120 2483.9
1227130 2479.7
1227140 2472.9
1227150 2472.9
1227160 2466.5
1227170 2462.2
1227180 2462.2
1227190 2458.8
1227200 2456.2
1227210 2456.2
1227220 2453.9
1227230 2451.8
1227240 2451.8
1227250 2449.6
1227260 2447.4
1227270 2447.4
1227280 2446.3
1227290 2446.1
1227300 2446.1
1227310 2446.0
1227320 2445.9
1227330 2445.3
1227340 2445.3
1227350 2445.6
1227360 2444.8
1227370 2444.8
1227380 2442.7
1227390 2439.6
1227400 2439.6
1227410 2436.0
1227420 2433.4
1227430 2433.4
1227440 2432.0
1227450 2431.3
1227460 2431.3
1227470 2430.7
1227480 2430.3
1227490 2430.3
1227500 2430.4
1227510 2430.5
1227520 2429.5
1227530 2429.5
1227540 2426.1
1227550 2419.8
1227560 2419.8
1227570 2402.5
1227580 2395.2
1227590 2395.2
1227600 2390.9
1227610 2388.4
1227620 2388.4
1227630 2383.6
1227640 2377.9
1227650 2377.9
1227660 2371.8
1227670 2365.6
1227680 2365.6
1227690 2357.5
1227700 2349.3
1227710 2337.7
1227720 2337.7
1227730 2326.3
1227740 2317.4
1227750 2317.4
1227760 2306.8
1227770 2300.5
1227780 2300.5
1227790 2296.3
1227800 2293.0
1227810 2293.0
1227820 2286.8
1227830 2279.6
1227840 2279.6
1227850 2276.2
1227860 2275.5
1227870 2275.5
1227880 2272.4
1227890 2264.1
1227900 2258.1
1227910 2258.1
1227920 2251.7
1227930 2241.3
1227940 2241.3
1227950 2231.4
1227960 2221.9
1227970 2221.9
1227980 2212.8
1227990 2204.0
1228000 2204.0
1228010 2193.3
1228020 2178.5
1228030 2178.5
1228040 2165.0
1228050 2153.7
1228060 2151.0
1228070 2139.9
1228080 2137.3
1228090 2133.2
1228100 2133.2
1228110 2125.8
1228120 2118.1
1228130 2118.1
1228140 2110.3
1228150 2102.7
1228160 2102.7
1228170 2094.9
1228180 2087.3
1228190 2087.3
1228200 2080.0
1228210 2073.1
1228220 2073.1
1228230 2066.1
1228240 2058.3
1228250 2058.3
1228260 2050.8
1228270 2042.0
1228280 2033.4
1228290 2033.4
1228300 2025.5
1228310 2016.5
1228320 2016.5
1228330 2007.9
1228340 1999.1
1228350 1999.1
1228360 1989.5
1228370 1978.5
1228380 1978.5
1228390 1969.9
1228400 1962.1
1228410 1962.1
1228420 1954.3
1228430 1946.6
1228440 1946.6
1228450 1939.0
1228460 1931.8
1228470 1924.9
1228480 1924.9
1228490 1918.1
1228500 1908.8
1228510 1908.8
1228520 1900.4
1228530 1894.1
1228540 1894.1
1228550 1885.7
1228560 1879.8
1228570 1879.8
1228580 1872.8
1228590 1865.2
1228600 1865.2
1228610 1858.4
1228620 1852.6
1228630 1852.6
1228640 1846.4
1228650 1838.6
1228660 1827.7
1228670 1827.7
1228680 1819.0
1228690 1816.6
1228700 1816.6
1228710 1804.5
1228720 1793.5
1228730 1793.5
1228740 1786.4
1228750 1781.6
1228760 1781.6
1228770 1774.6
1228780 1767.1
1228790 1767.1
1228800 1764.3
1228810 1769.5
1228820 1769.5
1228830 1776.4
1228840 1778.5
1228850 1777.7
1228860 1777.7
1228870 1776.1
1228880 1777.0
1228890 1777.0
1228900 1778.1
1228910 1778.8
1228920 1778.8
1228930 1779.7
1228940 1779.9
1228950 1779.9
1228960 1779.9
1228970 1780.4
1228980 1780.4
1228990 1782.0
1229000 1784.0
1229010 1784.0
1229020 1788.8
1229030 1795.0
1229040 1799.6
1229050 1799.6
1229060 1803.7
1229070 1807.5
1229080 1807.5
1229090 1811.2
1229100 1814.8
1229110 1814.8
1229120 1818.6
1229130 1822.3
1229140 1822.3
1229150 1825.7
1229160 1830.2
1229170 1830.2
1229180 1834.9
1229190 1840.3
1229200 1840.3
1229210 1846.4
1229220 1853.3
1229230 1855.9
1229240 1855.9
1229250 1858.0
1229260 1862.2
1229270 1862.2
1229280 1866.4
1229290 1870.2
1229300 1870.2
1229310 1873.4
1229320 1876.6
1229330 1876.6
1229340 1883.6
1229350 1891.0
1229360 1891.0
1229370 1898.0
1229380 1904.4
1229390 1904.4
1229400 1910.0
1229410 1915.0
1229420 1919.7
1229430 1919.7
1229440 1924.8
1229450 1930.1
1229460 1930.1
1229470 1935.8
1229480 1938.5
1229490 1938.5
1229500 1939.5
1229510 1943.5
1229520 1943.5
1229530 1952.0
1229540 1960.1
1229550 1960.1
1229560 1966.8
1229570 1972.8
1229580 1972.8
1229590 1978.8
1229600 1984.9
1229610 1989.5
1229620 1989.5
1229630 1992.5
1229640 1996.1
1229650 1996.1
1229660 2000.0
1229670 2005.1
1229680 2005.1
1229690 2011.9
1229700 2018.8
1229710 2018.8
1229720 2026.2
1229730 2033.3
1229740 2033.3
1229750 2039.2
1229760 2042.5
1229770 2042.5
1229780 2043.2
1229790 2043.7
1229800 2043.7
1229810 2045.1
1229820 2051.1
1229830 2055.7
1229840 2055.7
1229850 2060.5
1229860 2064.0
1229870 2064.0
1229880 2068.1
1229890 2073.5
1229900 2073.5
1229910 2076.2
1229920 2077.4
1229930 2077.4
1229940 2080.0
1229950 2083.4
1229960 2083.4
1229970 2086.7
1229980 2089.7
1229990 2089.7
1230000 2093.4
1230010 2097.9
1230020 2101.1
1230030 2101.1
1230040 2101.8
1230050 2104.1
1230060 2104.1
1230070 2106.1
1230080 2107.6
1230090 2107.6
1230100 2111.1
1230110 2117.8
1230120 2117.8
1230130 2123.6
1230140 2129.6
1230150 2129.6
1230160 2131.2
1230170 2132.4
1230180 2132.4
1230190 2133.7
1230200 2134.4
1230210 2135.0
1230220 2135.0
1230230 2139.6
1230240 2141.9
1230250 2141.9
1230260 2144.6
1230270 2145.5
1230280 2145.5
1230290 2147.3
1230300 2148.9
1230310 2148.9
1230320 2149.2
1230330 2150.2
1230340 2150.2
1230350 2153.5
1230360 2157.4
1230370 2157.4
1230380 2161.9
1230390 2165.4
1230400 2169.1
1230410 2169.1
1230420 2173.3
1230430 2177.2
1230440 2177.2
1230450 2180.6
1230460 2183.8
1230470 2183.8
1230480 2186.1
1230490 2187.3
1230500 2187.3
1230510 2189.6
1230520 2192.6
1230530 2192.2
1230540 2194.8
1230550 2197.7
1230560 2197.7
1230570 2201.4
1230580 2204.9
1230590 2208.4
1230600 2208.4
1230610 2211.9
1230620 2216.7
1230630 2216.7
1230640 2220.7
1230650 2223.4
1230660 2223.4
1230670 2226.7
1230680 2229.5
1230690 2229.5
1230700 2232.9
1230710 2236.0
1230720 2236.0
1230730 2239.9
1230740 2244.2
1230750 2244.2
1230760 2246.7
1230770 2251.4
1230780 2257.0
1230790 2257.0
1230800 2262.8
1230810 2268.8
1230820 2268.8
1230830 2273.2
1230840 2277.6
1230850 2277.6
1230860 2281.7
1230870 2283.8
1230880 2283.8
1230890 2286.7
1230900 2289.5
1230910 2289.5
1230920 2292.9
1230930 2297.6
1230940 2297.6
1230950 2302.0
1230960 2306.4
1230970 2311.0
1230980 2311.0
1230990 2314.2
1231000 2317.6
1231010 2317.6
1231020 2321.5
1231030 2328.1
1231040 2328.1
1231050 2333.5
1231060 2340.2
1231070 2340.2
1231080 2345.7
1231090 2349.3
1231100 2349.3
1231110 2353.8
1231120 2357.5
1231130 2357.5
1231140 2362.5
1231150 2368.0
1231160 2373.3
1231170 2373.3
1231180 2378.7
1231190 2384.5
1231200 2384.5
1231210 2389.7
1231220 2394.8
1231230 2394.8
1231240 2401.5
1231250 2407.0
1231260 2407.0
1231270 2413.8
1231280 2420.0
1231290 2420.0
1231300 2424.7
1231310 2429.1
1231320 2429.1
1231330 2432.7
1231340 2435.9
1231350 2439.9
1231360 2439.9
1231370 2444.5
1231380 2448.5
1231390 2448.5
1231400 2452.5
1231410 2456.8
1231420 2456.8
1231430 2461.3
1231440 2465.8
1231450 2465.8
1231460 2470.3
1231470 2473.5
1231480 2473.5
1231490 2476.1
1231500 2478.0
1231510 2478.0
1231520 2480.3
1231530 2483.0
1231540 2485.5
1231550 2485.5
1231560 2487.9
1231570 2490.7
1231580 2490.7
1231590 2492.3
1231600 2493.0
1231610 2493.0
1231620 2494.0
1231630 2496.1
1231640 2496.1
1231650 2498.7
1231660 2502.1
1231670 2502.1
1231680 2505.6
1231690 2509.0
1231700 2509.0
1231710 2512.2
1231720 2517.2
1231730 2521.4
1231740 2521.4
1231750 2525.0
1231760 2527.2
1231770 2527.2
1231780 2528.9
1231790 2528.0
1231800 2528.0
1231810 2528.8
1231820 2531.2
1231830 2531.2
1231840 2532.6
1231850 2535.8
1231860 2535.8
1231870 2541.1
1231880 2546.6
1231890 2546.6
1231900 2554.2
1231910 2560.1
1231920 2565.9
1231930 2565.9
1231940 2572.2
1231950 2577.8
1231960 2577.8
1231970 2583.2
1231980 2587.9
1231990 2587.9
1232000 2593.1
1232010 2600.4
1232020 2600.4
1232030 2609.6
1232040 2616.4
1232050 2616.4
1232060 2622.4
1232070 2627.3
1232080 2627.3
1232090 2632.4
1232100 2638.2
1232110 2644.7
1232120 2644.7
1232130 2651.6
1232140 2658.6
1232150 2658.6
1232160 2669.3
1232170 2680.2
1232180 2680.2
1232190 2689.1
1232200 2697.9
1232210 2697.9
1232220 2705.8
1232230 2712.2
1232240 2712.2
1232250 2717.4
1232260 2722.2
1232270 2722.2
1232280 2726.1
1232290 2728.3
1232300 2728.3
1232310 2729.7
1232320 2728.4
1232330 2728.7
1232340 2728.7
1232350 2732.6
1232360 2736.5
1232370 2736.5
1232380 2738.9
1232390 2739.4
1232400 2739.4
1232410 2740.9
1232420 2742.9
1232430 2742.9
1232440 2746.4
1232450 2749.9
1232460 2749.9
1232470 2754.4
1232480 2754.8
1232490 2754.8
1232500 2755.7
1232510 2758.6
1232520 2763.5
1232530 2762.5
1232540 2768.3
1232550 2773.4
1232560 2773.4
1232570 2776.7
1232580 2778.3
1232590 2778.3
1232600 2780.9
1232610 2785.5
1232620 2785.5
1232630 2791.1
1232640 2795.9
1232650 2795.9
1232660 2800.2
1232670 2803.9
1232680 2803.9
1232690 2807.4
1232700 2810.9
1232710 2813.7
1232720 2813.7
1232730 2815.4
1232740 2815.4
1232750 2815.4
1232760 2814.2
1232770 2813.6
1232780 2813.6
1232790 2814.1
1232800 2815.4
1232810 2815.4
1232820 2816.8
1232830 2818.0
1232840 2818.0
1232850 2819.7
1232860 2821.6
1232870 2821.6
1232880 2824.7
1232890 2830.2
1232900 2835.9
1232910 2835.9
1232920 2840.6
1232930 2844.7
1232940 2844.7
1232950 2848.4
1232960 2851.6
1232970 2851.6
1232980 2854.2
1232990 2856.9
1233000 2856.9
1233010 2859.7
1233020 2862.7
1233030 2862.7
1233040 2866.6
1233050 2869.7
1233060 2869.7
1233070 2872.7
1233080 2877.8
1233090 2884.0
1233100 2884.0
1233110 2890.0
1233120 2895.2
1233130 2895.2
1233140 2900.1
1233150 2904.6
1233160 2904.6
1233170 2908.4
1233180 2912.2
1233190 2912.2
1233200 2916.8
1233210 2922.2
1233220 2922.2
1233230 2927.1
1233240 2931.9
1233250 2931.9
1233260 2937.8
1233270 2943.7
1233280 2950.0
1233290 2950.0
1233300 2956.1
1233310 2961.8
1233320 2961.8
1233330 2964.4
1233340 2967.5
1233350 2967.5
1233360 2971.1
1233370 2975.9
1233380 2975.9
1233390 2982.7
1233400 2988.9
1233410 2988.9
1233420 2995.4
1233430 3002.6
1233440 3002.6
1233450 3009.7
1233460 3016.2
1233470 3022.1
1233480 3022.1
1233490 3029.5
1233500 3038.6
1233510 3038.6
1233520 3048.4
1233530 3054.7
1233540 3060.3
1233550 3059.7
1233560 3050.3
1233570 3050.3
1233580 3036.1
1233590 3025.1
1233600 3025.1
1233610 3015.3
1233620 3002.0
1233630 3002.0
1233640 2994.4
1233650 2991.0
1233660 2986.1
1233670 2986.1
1233680 2979.6
1233690 2973.2
1233700 2973.2
1233710 2966.6
1233720 2959.5
1233730 2959.5
1233740 2952.8
1233750 2944.7
1233760 2944.7
1233770 2938.9
1233780 2933.5
1233790 2933.5
1233800 2930.5
1233810 2927.7
1233820 2927.7
1233830 2925.8
1233840 2923.8
1233850 2920.8
1233860 2920.8
1233870 2916.3
1233880 2909.0
1233890 2909.0
1233900 2903.7
1233910 2900.5
1233920 2900.5
1233930 2890.6
1233940 2865.3
1233950 2865.3
1233960 2843.9
1233970 2831.0
1233980 2831.0
1233990 2814.4
1234000 2791.2
1234010 2791.2
1234020 2769.1
1234030 2755.3
1234040 2740.3
1234050 2740.3
1234060 2726.5
1234070 2725.4
1234080 2725.4
1234090 2726.4
1234100 2724.9
1234110 2724.9
1234120 2712.5
1234130 2697.4
1234140 2697.4
1234150 2686.5
1234160 2682.9
1234170 2682.9
1234180 2680.2
1234190 2671.5
1234200 2671.5
1234210 2658.3
1234220 2647.8
1234230 2634.8
1234240 2634.8
1234250 2620.1
1234260 2603.4
1234270 2603.4
1234280 2585.9
1234290 2572.0
1234300 2572.0
1234310 2563.2
1234320 2558.5
1234330 2558.5
1234340 2554.5
1234350 2549.5
1234360 2549.5
1234370 2544.7
1234380 2536.8
1234390 2536.8
1234400 2527.9
1234410 2519.2
1234420 2501.6
1234430 2501.6
1234440 2486.4
1234450 2477.9
1234460 2477.9
1234470 2467.8
1234480 2461.6
1234490 2461.6
1234500 2456.2
1234510 2452.2
1234520 2452.2
1234530 2449.2
1234540 2445.8
1234550 2445.8
1234560 2439.9
1234570 2434.5
1234580 2434.5
1234590 2429.2
1234600 2423.1
1234610 2418.9
1234620 2418.9
1234630 2415.1
1234640 2412.9
1234650 2412.9
1234660 2411.2
1234670 2410.0
1234680 2410.0
1234690 2408.6
1234700 2406.5
1234710 2406.5
1234720 2405.3
1234730 2403.6
1234740 2403.6
1234750 2401.9
1234760 2400.5
1234770 2400.5
1234780 2398.6
1234790 2398.7
1234800 2398.7
1234810 2400.6
1234820 2401.2
1234830 2402.7
1234840 2402.7
1234850 2406.9
1234860 2410.8
1234870 2410.8
1234880 2414.1
1234890 2416.8
1234900 2416.8
1234910 2419.6
1234920 2422.6
1234930 2422.6
1234940 2425.9
1234950 2430.4
1234960 2430.4
1234970 2434.4
1234980 2438.6
1234990 2438.6
1235000 2442.0
1235010 2445.0
1235020 2448.3
1235030 2448.3
1235040 2451.5
1235050 2456.0
1235060 2456.0
1235070 2461.9
1235080 2469.5
1235090 2469.5
1235100 2474.6
1235110 2480.6
1235120 2480.6
1235130 2487.7
1235140 2494.1
1235150 2494.1
1235160 2497.8
1235170 2500.6
1235180 2500.6
1235190 2502.9
1235200 2504.7
1235210 2505.1
1235220 2505.1
1235230 2506.6
1235240 2509.5
1235250 2509.5
1235260 2513.2
1235270 2516.9
1235280 2516.9
1235290 2519.4
1235300 2520.5
1235310 2520.5
1235320 2519.6
1235330 2517.2
1235340 2517.2
1235350 2514.8
1235360 2514.1
1235370 2514.1
1235380 2514.5
1235390 2512.9
1235400 2512.1
1235410 2512.1
1235420 2512.1
1235430 2512.1
1235440 2512.1
1235450 2512.1
1235460 2512.5
1235470 2512.5
1235480 2515.4
1235490 2520.4
1235500 2520.4
1235510 2525.7
1235520 2531.6
1235530 2531.6
1235540 2536.1
1235550 2539.2
1235560 2538.1
1235570 2538.6
1235580 2537.8
1235590 2534.9
1235600 2534.9
1235610 2530.6
1235620 2527.2
1235630 2527.2
1235640 2524.8
1235650 2522.8
1235660 2522.8
1235670 2516.0
1235680 2507.8
1235690 2507.8
1235700 2505.2
1235710 2501.8
1235720 2501.8
1235730 2500.2
1235740 2499.1
1235750 2499.1
1235760 2497.7
1235770 2496.1
1235780 2494.6
1235790 2494.6
1235800 2493.8
1235810 2491.7
1235820 2491.7
1235830 2484.4
1235840 2474.6
1235850 2474.6
1235860 2470.3
1235870 2466.3
1235880 2466.3
1235890 2459.1
1235900 2443.3
1235910 2443.3
1235920 2435.7
1235930 2421.7
1235940 2421.7
1235950 2405.4
1235960 2392.8
1235970 2386.3
1235980 2386.3
1235990 2379.4
1236000 2372.3
1236010 2372.3
1236020 2365.8
1236030 2359.9
1236040 2359.9
1236050 2354.1
1236060 2348.4
1236070 2347.4
1236080 2337.8
1236090 2327.6
1236100 2327.6
1236110 2315.7
1236120 2303.0
1236130 2303.0
1236140 2293.5
1236150 2285.1
1236160 2277.8
1236170 2277.8
1236180 2268.4
1236190 2259.6
1236200 2259.6
1236210 2253.3
1236220 2248.0
1236230 2248.0
1236240 2242.6
1236250 2236.5
1236260 2236.5
1236270 2230.2
1236280 2223.8
1236290 2223.8
