1220000 2155.2
1220010 2148.3
1220020 2142.1
1220030 2142.1
1220040 2138.1
1220050 2135.9
1220060 2132.6
1220070 2132.6
1220080 2129.0
1220090 2126.0
1220100 2126.0
1220110 2122.6
1220120 2118.8
1220130 2118.8
1220140 2110.6
1220150 2106.7
1220160 2106.7
1220170 2102.4
1220180 2096.1
1220190 2096.1
1220200 2090.9
1220210 2086.4
1220220 2086.4
1220230 2079.4
1220240 2071.8
1220250 2067.1
1220260 2067.1
1220270 2065.5
1220280 2068.1
1220290 2068.1
1220300 2072.2
1220310 2073.2
1220320 2073.2
1220330 2072.7
1220340 2069.2
1220350 2069.2
1220360 2071.4
1220370 2073.5
1220380 2073.5
1220390 2072.3
1220400 2069.4
1220410 2069.4
1220420 2070.2
1220430 2071.6
1220440 2073.7
1220450 2073.7
1220460 2073.6
1220470 2075.7
1220480 2075.7
1220490 2075.6
1220500 2075.2
1220510 2075.2
1220520 2075.0
1220530 2074.5
1220540 2074.5
1220550 2073.5
1220560 2073.3
1220570 2073.3
1220580 2071.4
1220590 2067.7
1220600 2067.7
1220610 2062.7
1220620 2054.3
1220630 2049.3
1220640 2049.3
1220650 2046.5
1220660 2043.6
1220670 2043.6
1220680 2039.6
1220690 2036.0
1220700 2036.0
1220710 2033.3
1220720 2030.5
1220730 2030.5
1220740 2028.4
1220750 2026.0
1220760 2026.0
1220770 2024.1
1220780 2022.3
1220790 2022.3
1220800 2021.8
1220810 2023.2
1220820 2023.2
1220830 2025.0
1220840 2024.8
1220850 2024.3
1220860 2024.3
1220870 2024.2
1220880 2023.7
1220890 2023.7
1220900 2019.8
1220910 2015.1
1220920 2015.1
1220930 2010.2
1220940 2004.9
1220950 2004.9
1220960 1999.0
1220970 1992.4
1220980 1992.4
1220990 1986.8
1221000 1981.4
1221010 1981.4
1221020 1976.5
1221030 1968.6
1221040 1960.1
1221050 1960.1
1221060 1952.4
1221070 1945.8
1221080 1945.8
1221090 1940.4
1221100 1931.0
1221110 1931.0
1221120 1925.6
1221130 1917.8
1221140 1917.8
1221150 1912.0
1221160 1905.7
1221170 1905.7
1221180 1897.9
1221190 1893.1
1221200 1893.1
1221210 1889.9
1221220 1886.2
1221230 1883.8
1221240 1883.8
1221250 1882.6
1221260 1881.6
1221270 1881.6
1221280 1879.2
1221290 1873.1
1221300 1873.1
1221310 1862.2
1221320 1852.3
1221330 1852.3
1221340 1847.7
1221350 1844.8
1221360 1844.8
1221370 1843.2
1221380 1843.3
1221390 1843.3
1221400 1840.6
1221410 1833.4
1221420 1825.4
1221430 1825.4
1221440 1819.4
1221450 1814.4
1221460 1814.4
1221470 1810.5
1221480 1806.4
1221490 1806.4
1221500 1799.4
1221510 1791.4
1221520 1791.4
1221530 1784.9
1221540 1779.4
1221550 1779.4
1221560 1774.3
1221570 1770.8
1221580 1770.4
1221590 1768.2
1221600 1766.9
1221610 1766.0
1221620 1766.0
1221630 1765.0
1221640 1764.5
1221650 1764.5
1221660 1765.5
1221670 1762.3
1221680 1762.3
1221690 1756.3
1221700 1748.3
1221710 1748.3
1221720 1740.2
1221730 1733.9
1221740 1733.9
1221750 1727.1
1221760 1720.1
1221770 1720.1
1221780 1714.5
1221790 1708.5
1221800 1707.4
1221810 1707.4
1221820 1702.1
1221830 1695.9
1221840 1695.9
1221850 1690.4
1221860 1685.6
1221870 1685.6
1221880 1682.9
1221890 1679.0
1221900 1679.0
1221910 1675.1
1221920 1670.8
1221930 1670.8
1221940 1667.1
1221950 1664.9
1221960 1664.9
1221970 1663.9
1221980 1661.1
1221990 1657.7
1222000 1657.7
1222010 1653.7
1222020 1646.7
1222030 1646.7
1222040 1637.2
1222050 1628.3
1222060 1611.9
1222070 1600.3
1222080 1601.1
1222090 1601.1
1222100 1609.7
1222110 1617.0
1222120 1617.0
1222130 1631.1
1222140 1639.8
1222150 1639.8
1222160 1646.3
1222170 1651.2
1222180 1654.8
1222190 1654.8
1222200 1658.5
1222210 1662.9
1222220 1662.9
1222230 1667.5
1222240 1672.4
1222250 1672.4
1222260 1678.0
1222270 1683.3
1222280 1683.3
1222290 1688.2
1222300 1694.8
1222310 1694.8
1222320 1703.4
1222330 1710.7
1222340 1710.7
1222350 1717.5
1222360 1724.2
1222370 1724.2
1222380 1730.5
1222390 1735.7
1222400 1741.3
1222410 1741.3
1222420 1747.4
1222430 1752.3
1222440 1752.3
1222450 1756.5
1222460 1763.2
1222470 1763.2
1222480 1769.7
1222490 1774.5
1222500 1774.5
1222510 1780.9
1222520 1787.8
1222530 1787.8
1222540 1799.4
1222550 1802.7
1222560 1802.7
1222570 1811.5
1222580 1823.0
1222590 1831.8
1222600 1831.8
1222610 1838.4
1222620 1844.4
1222630 1844.4
1222640 1852.1
1222650 1859.5
1222660 1859.5
1222670 1863.5
1222680 1867.3
1222690 1867.3
1222700 1870.3
1222710 1874.3
1222720 1874.3
1222730 1879.8
1222740 1885.6
1222750 1885.6
1222760 1890.3
1222770 1894.7
1222780 1898.5
1222790 1898.5
1222800 1902.6
1222810 1906.9
1222820 1906.9
1222830 1911.0
1222840 1913.9
1222850 1913.9
1222860 1916.5
1222870 1920.0
1222880 1920.0
1222890 1923.8
1222900 1927.1
1222910 1927.1
1222920 1930.1
1222930 1932.8
1222940 1932.8
1222950 1935.4
1222960 1938.6
1222970 1943.3
1222980 1943.3
1222990 1948.7
1223000 1955.0
1223010 1955.0
1223020 1959.0
1223030 1963.4
1223040 1963.4
1223050 1968.8
1223060 1974.9
1223070 1974.9
1223080 1981.6
1223090 1988.6
1223100 1988.6
1223110 1995.7
1223120 2002.8
1223130 2002.8
1223140 2009.0
1223150 2013.3
1223160 2016.8
1223170 2016.8
1223180 2017.4
1223190 2015.1
1223200 2015.1
1223210 2013.9
1223220 2015.6
1223230 2015.6
1223240 2018.9
1223250 2021.2
1223260 2021.2
1223270 2024.6
1223280 2028.4
1223290 2028.4
1223300 2033.1
1223310 2039.8
1223320 2039.8
1223330 2046.9
1223340 2053.7
1223350 2061.6
1223360 2061.6
1223370 2069.5
1223380 2076.9
1223390 2076.9
1223400 2087.7
1223410 2099.2
1223420 2099.2
1223430 2109.5
1223440 2117.9
1223450 2117.9
1223460 2126.5
1223470 2135.7
1223480 2135.7
1223490 2143.2
1223500 2149.0
1223510 2149.0
1223520 2156.7
1223530 2164.6
1223540 2172.7
1223550 2172.7
1223560 2181.2
1223570 2190.0
1223580 2190.0
1223590 2197.2
1223600 2204.6
1223610 2204.6
1223620 2212.5
1223630 2220.0
1223640 2220.0
1223650 2227.3
1223660 2235.0
1223670 2235.0
1223680 2242.5
1223690 2249.6
1223700 2249.6
1223710 2256.8
1223720 2263.9
1223730 2271.5
1223740 2271.5
1223750 2279.5
1223760 2287.7
1223770 2287.7
1223780 2295.5
1223790 2302.9
1223800 2302.9
1223810 2310.8
1223820 2319.5
1223830 2319.5
1223840 2329.2
1223850 2338.8
1223860 2338.8
1223870 2346.9
1223880 2354.8
1223890 2354.8
1223900 2364.9
1223910 2377.5
1223920 2377.5
1223930 2391.0
1223940 2405.7
1223950 2418.1
1223960 2418.1
1223970 2427.4
1223980 2434.0
1223990 2431.5
1224000 2437.6
1224010 2446.1
1224020 2446.1
1224030 2454.8
1224040 2462.0
1224050 2462.0
1224060 2467.8
1224070 2472.3
1224080 2472.3
1224090 2477.4
1224100 2482.8
1224110 2482.8
1224120 2485.9
1224130 2488.5
1224140 2494.2
1224150 2494.2
1224160 2498.5
1224170 2499.9
1224180 2499.9
1224190 2500.7
1224200 2502.5
1224210 2502.5
1224220 2503.9
1224230 2504.4
1224240 2504.4
1224250 2505.9
1224260 2508.3
1224270 2508.3
1224280 2512.9
1224290 2518.3
1224300 2518.3
1224310 2524.7
1224320 2532.0
1224330 2539.6
1224340 2539.6
1224350 2547.3
1224360 2555.3
1224370 2555.3
1224380 2563.0
1224390 2570.1
1224400 2570.1
1224410 2576.7
1224420 2583.8
1224430 2583.8
1224440 2591.9
1224450 2601.3
1224460 2601.3
1224470 2602.6
1224480 2609.8
1224490 2609.8
1224500 2617.6
1224510 2623.1
1224520 2630.5
1224530 2630.5
1224540 2642.0
1224550 2647.9
1224560 2647.9
1224570 2649.5
1224580 2650.1
1224590 2650.1
1224600 2651.8
1224610 2658.7
1224620 2658.7
1224630 2671.6
1224640 2680.4
1224650 2680.4
1224660 2684.2
1224670 2687.4
1224680 2687.4
1224690 2694.4
1224700 2700.4
1224710 2701.4
1224720 2701.4
1224730 2708.4
1224740 2717.3
1224750 2717.3
1224760 2725.9
1224770 2732.0
1224780 2732.0
1224790 2739.3
1224800 2750.0
1224810 2750.0
1224820 2763.1
1224830 2774.9
1224840 2774.9
1224850 2784.6
1224860 2791.6
1224870 2791.6
1224880 2799.8
1224890 2811.2
1224900 2823.1
1224910 2823.1
1224920 2836.3
1224930 2847.4
1224940 2847.4
1224950 2857.0
1224960 2865.4
1224970 2865.4
1224980 2877.6
1224990 2889.0
1225000 2889.0
1225010 2899.6
1225020 2911.1
1225030 2911.1
1225040 2919.4
1225050 2920.5
1225060 2920.5
1225070 2917.0
1225080 2917.6
1225090 2915.3
1225100 2915.3
1225110 2908.7
1225120 2907.2
1225130 2907.2
1225140 2905.7
1225150 2903.9
1225160 2903.9
1225170 2909.1
1225180 2911.3
1225190 2911.3
1225200 2913.3
1225210 2918.1
1225220 2918.1
1225230 2921.3
1225240 2928.9
1225250 2928.9
1225260 2934.6
1225270 2942.5
1225280 2952.1
1225290 2952.1
1225300 2962.0
1225310 2971.0
1225320 2971.0
1225330 2979.1
1225340 2990.1
1225350 2990.1
1225360 3007.2
1225370 3022.6
1225380 3022.6
1225390 3032.6
1225400 3040.5
1225410 3040.5
1225420 3049.4
1225430 3046.5
1225440 3046.5
1225450 3042.8
1225460 3037.5
1225470 3037.5
1225480 3032.6
1225490 3027.8
1225500 3024.7
1225510 3024.7
1225520 3022.4
1225530 3020.1
1225540 3020.1
1225550 3017.2
1225560 3013.8
1225570 3013.8
1225580 3011.2
1225590 3009.4
1225600 3009.4
1225610 3008.1
1225620 3005.4
1225630 3005.4
1225640 2997.5
1225650 2988.7
1225660 2988.7
1225670 2980.8
1225680 2972.8
1225690 2965.2
1225700 2965.2
1225710 2959.2
1225720 2953.1
1225730 2953.1
1225740 2948.4
1225750 2944.9
1225760 2944.9
1225770 2941.2
1225780 2937.2
1225790 2937.2
1225800 2933.7
1225810 2929.3
1225820 2929.3
1225830 2924.0
1225840 2918.6
1225850 2918.6
1225860 2912.8
1225870 2907.4
1225880 2902.0
1225890 2902.0
1225900 2896.2
1225910 2889.6
1225920 2889.6
1225930 2882.2
1225940 2872.3
1225950 2872.3
1225960 2864.9
1225970 2857.1
1225980 2857.1
1225990 2849.9
1226000 2841.5
1226010 2841.5
1226020 2827.9
1226030 2805.7
1226040 2805.7
1226050 2787.4
1226060 2777.5
1226070 2766.4
1226080 2766.4
1226090 2751.5
1226100 2741.1
1226110 2741.1
1226120 2738.8
1226130 2736.4
1226140 2736.4
1226150 2731.7
1226160 2725.9
1226170 2725.9
1226180 2720.1
1226190 2714.0
1226200 2714.0
1226210 2707.4
1226220 2700.8
1226230 2700.8
1226240 2693.9
1226250 2687.3
1226260 2680.9
1226270 2680.9
1226280 2674.9
1226290 2669.1
1226300 2669.1
1226310 2662.5
1226320 2655.6
1226330 2655.6
1226340 2649.4
1226350 2643.6
1226360 2643.6
1226370 2638.2
1226380 2633.6
1226390 2633.6
1226400 2629.8
1226410 2625.2
1226420 2625.2
1226430 2617.3
1226440 2613.2
1226450 2609.6
1226460 2609.6
1226470 2605.8
1226480 2601.2
1226490 2601.2
1226500 2595.6
1226510 2589.9
1226520 2589.9
1226530 2585.5
1226540 2582.5
1226550 2582.5
1226560 2579.2
1226570 2575.3
1226580 2575.3
1226590 2572.5
1226600 2572.7
1226610 2572.7
1226620 2572.4
1226630 2568.7
1226640 2561.3
1226650 2561.3
1226660 2556.5
1226670 2549.0
1226680 2549.0
1226690 2542.2
1226700 2539.2
1226710 2539.2
1226720 2535.3
1226730 2528.7
1226740 2528.7
1226750 2521.8
1226760 2517.3
1226770 2517.3
1226780 2513.7
1226790 2509.8
1226800 2509.8
1226810 2506.8
1226820 2506.0
1226830 2506.0
1226840 2503.6
1226850 2497.9
1226860 2493.4
1226870 2493.4
1226880 2491.1
1226890 2489.4
1226900 2489.4
1226910 2488.5
1226920 2481.7
1226930 2481.7
1226940 2481.1
1226950 2479.9
1226960 2479.9
1226970 2477.9
1226980 2474.9
1226990 2474.9
1227000 2471.9
1227010 2468.7
1227020 2468.7
1227030 2465.5
1227040 2462.6
1227050 2459.9
1227060 2459.9
1227070 2457.0
1227080 2454.0
1227090 2454.0
1227100 2451.4
1227110 2449.5
1227120 2449.5
1227130 2447.6
1227140 2445.3
1227150 2445.3
1227160 2442.9
1227170 2440.9
1227180 2440.9
1227190 2438.4
1227200 2435.9
1227210 2435.9
1227220 2433.2
1227230 2429.8
1227240 2427.5
1227250 2427.5
1227260 2425.3
1227270 2420.4
1227280 2420.4
1227290 2414.8
1227300 2409.7
1227310 2409.7
1227320 2407.0
1227330 2403.2
1227340 2403.2
1227350 2398.9
1227360 2394.1
1227370 2394.1
1227380 2388.9
1227390 2385.0
1227400 2385.0
1227410 2383.2
1227420 2377.6
1227430 2369.5
1227440 2369.5
1227450 2361.1
1227460 2353.8
1227470 2353.8
1227480 2348.4
1227490 2344.1
1227500 2344.1
1227510 2338.8
1227520 2333.3
1227530 2333.3
1227540 2328.1
1227550 2323.3
1227560 2323.3
1227570 2319.2
1227580 2314.4
1227590 2314.4
1227600 2311.0
1227610 2307.5
1227620 2302.4
1227630 2302.4
1227640 2297.7
1227650 2292.9
1227660 2292.9
1227670 2287.2
1227680 2282.5
1227690 2282.5
1227700 2277.8
1227710 2273.3
1227720 2273.3
1227730 2268.3
1227740 2263.4
1227750 2263.4
1227760 2258.7
1227770 2253.9
1227780 2253.9
1227790 2249.2
1227800 2245.0
1227810 2240.6
1227820 2240.6
1227830 2235.5
1227840 2230.4
1227850 2230.4
1227860 2224.9
1227870 2219.4
1227880 2219.4
1227890 2214.1
1227900 2209.6
1227910 2209.6
1227920 2204.7
1227930 2198.9
1227940 2198.9
1227950 2192.9
1227960 2187.7
1227970 2187.7
1227980 2182.7
1227990 2177.8
1228000 2173.7
1228010 2173.7
1228020 2170.0
1228030 2165.8
1228040 2165.8
1228050 2161.7
1228060 2157.1
1228070 2157.1
1228080 2153.0
1228090 2148.8
1228100 2148.8
1228110 2144.9
1228120 2142.0
1228130 2142.0
1228140 2140.3
1228150 2138.6
1228160 2138.6
1228170 2136.2
1228180 2129.5
1228190 2119.9
1228200 2119.9
1228210 2111.2
1228220 2102.7
1228230 2102.7
1228240 2095.4
1228250 2088.7
1228260 2088.7
1228270 2082.5
1228280 2076.0
1228290 2076.0
1228300 2069.8
1228310 2064.1
1228320 2064.1
1228330 2059.0
1228340 2054.9
1228350 2054.9
1228360 2050.9
1228370 2046.3
1228380 2046.3
1228390 2035.3
1228400 2029.1
1228410 2022.3
1228420 2022.3
1228430 2015.1
1228440 2008.2
1228450 2008.2
1228460 2001.7
1228470 1994.2
1228480 1994.2
1228490 1986.7
1228500 1978.3
1228510 1978.3
1228520 1969.7
1228530 1961.5
1228540 1961.5
1228550 1952.9
1228560 1944.3
1228570 1944.3
1228580 1937.2
1228590 1929.7
1228600 1922.9
1228610 1922.9
1228620 1916.9
1228630 1911.1
1228640 1911.1
1228650 1905.0
1228660 1898.5
1228670 1898.5
1228680 1892.0
1228690 1885.8
1228700 1885.8
1228710 1879.9
1228720 1874.3
1228730 1874.3
1228740 1868.4
1228750 1862.7
1228760 1862.7
1228770 1856.8
1228780 1850.4
1228790 1843.9
1228800 1843.9
1228810 1837.5
1228820 1831.3
1228830 1831.3
1228840 1825.6
1228850 1819.9
1228860 1819.9
1228870 1813.9
1228880 1808.2
1228890 1806.9
1228900 1801.4
1228910 1796.5
1228920 1796.5
1228930 1791.0
1228940 1785.5
1228950 1785.5
1228960 1780.1
1228970 1774.8
1228980 1769.6
1228990 1769.6
1229000 1764.8
1229010 1760.6
1229020 1760.6
1229030 1756.8
1229040 1752.8
1229050 1752.8
1229060 1749.5
1229070 1746.3
1229080 1746.3
1229090 1742.8
1229100 1739.4
1229110 1739.4
1229120 1736.0
1229130 1731.6
1229140 1731.6
1229150 1727.1
1229160 1725.9
1229170 1723.3
1229180 1723.3
1229190 1721.8
1229200 1718.6
1229210 1718.6
1229220 1715.5
1229230 1712.9
1229240 1712.9
1229250 1707.2
1229260 1701.4
1229270 1701.4
1229280 1701.0
1229290 1702.3
1229300 1702.3
1229310 1706.4
1229320 1711.7
1229330 1711.7
1229340 1718.7
1229350 1728.7
1229360 1739.7
1229370 1739.7
1229380 1745.7
1229390 1754.1
1229400 1754.1
1229410 1763.5
1229420 1775.4
1229430 1775.4
1229440 1787.0
1229450 1794.9
1229460 1794.9
1229470 1801.3
1229480 1807.4
1229490 1807.4
1229500 1815.0
1229510 1822.2
1229520 1822.2
1229530 1829.1
1229540 1835.7
1229550 1841.8
1229560 1841.8
1229570 1847.5
1229580 1853.1
1229590 1853.1
1229600 1858.8
1229610 1865.6
1229620 1865.6
1229630 1872.6
1229640 1879.1
1229650 1879.1
1229660 1885.2
1229670 1891.0
1229680 1891.0
1229690 1896.5
1229700 1902.3
1229710 1902.3
1229720 1907.9
1229730 1913.5
1229740 1920.3
1229750 1920.3
1229760 1928.2
1229770 1936.9
1229780 1936.9
1229790 1944.5
1229800 1952.2
1229810 1952.2
1229820 1960.6
1229830 1969.2
1229840 1969.2
1229850 1976.9
1229860 1984.6
1229870 1984.6
1229880 1997.0
1229890 2003.6
1229900 2003.6
1229910 2009.6
1229920 2013.9
1229930 2018.8
1229940 2018.8
1229950 2024.9
1229960 2031.1
1229970 2031.1
1229980 2037.4
1229990 2044.3
1230000 2044.3
1230010 2050.9
1230020 2056.3
1230030 2056.3
1230040 2060.7
1230050 2064.8
1230060 2064.8
1230070 2069.2
1230080 2073.7
1230090 2073.7
1230100 2079.3
1230110 2084.5
1230120 2084.5
1230130 2088.6
1230140 2091.8
1230150 2095.0
1230160 2095.0
1230170 2098.3
1230180 2101.5
1230190 2101.5
1230200 2104.7
1230210 2107.8
1230220 2107.8
1230230 2111.5
1230240 2116.1
1230250 2116.1
1230260 2120.9
1230270 2126.0
1230280 2126.0
1230290 2131.4
1230300 2137.1
1230310 2137.1
1230320 2142.5
1230330 2147.3
1230340 2151.9
1230350 2151.9
1230360 2156.5
1230370 2161.4
1230380 2161.4
1230390 2164.9
1230400 2168.3
1230410 2168.3
1230420 2168.9
1230430 2169.3
1230440 2169.3
1230450 2170.6
1230460 2171.3
1230470 2171.3
1230480 2172.0
1230490 2174.0
1230500 2174.0
1230510 2178.5
1230520 2182.9
1230530 2185.9
1230540 2185.9
1230550 2189.2
1230560 2193.4
1230570 2193.4
1230580 2198.1
1230590 2201.7
1230600 2201.7
1230610 2203.8
1230620 2205.8
1230630 2205.8
1230640 2208.7
1230650 2212.3
1230660 2212.3
1230670 2215.6
1230680 2218.6
1230690 2218.6
1230700 2221.8
1230710 2224.2
1230720 2225.9
1230730 2225.9
1230740 2228.0
1230750 2231.1
1230760 2231.1
1230770 2234.4
1230780 2236.7
1230790 2236.7
1230800 2238.6
1230810 2240.5
1230820 2240.5
1230830 2242.7
1230840 2245.4
1230850 2245.4
1230860 2248.2
1230870 2252.7
1230880 2252.7
1230890 2255.8
1230900 2258.4
1230910 2261.3
1230920 2261.3
1230930 2264.8
1230940 2267.6
1230950 2267.6
1230960 2270.0
1230970 2270.8
1230980 2270.8
1230990 2273.7
1231000 2277.9
1231010 2277.9
1231020 2281.7
1231030 2286.1
1231040 2286.1
1231050 2291.6
1231060 2296.4
1231070 2296.4
1231080 2301.0
1231090 2305.0
1231100 2308.5
1231110 2308.5
1231120 2313.7
1231130 2316.9
1231140 2316.9
1231150 2320.3
1231160 2323.1
1231170 2323.1
1231180 2324.7
1231190 2326.1
1231200 2326.1
1231210 2326.8
1231220 2325.7
1231230 2325.7
1231240 2326.0
1231250 2329.1
1231260 2329.1
1231270 2334.6
1231280 2340.7
1231290 2348.2
1231300 2348.2
1231310 2355.6
1231320 2362.8
1231330 2362.8
1231340 2369.6
1231350 2376.3
1231360 2376.3
1231370 2379.7
1231380 2385.5
1231390 2385.5
1231400 2390.4
1231410 2396.0
1231420 2396.0
1231430 2405.2
1231440 2411.7
1231450 2411.7
1231460 2416.1
1231470 2418.1
1231480 2420.3
1231490 2420.3
1231500 2423.6
1231510 2428.1
1231520 2428.1
1231530 2432.2
1231540 2436.5
1231550 2436.5
1231560 2442.7
1231570 2451.3
1231580 2451.3
1231590 2458.1
1231600 2462.6
1231610 2462.6
1231620 2467.5
1231630 2471.7
1231640 2471.7
1231650 2475.3
1231660 2479.2
1231670 2479.2
1231680 2483.4
1231690 2487.6
1231700 2491.6
1231710 2491.6
1231720 2495.9
1231730 2500.3
1231740 2500.3
1231750 2504.5
1231760 2508.2
1231770 2508.2
1231780 2511.4
1231790 2514.1
1231800 2514.1
1231810 2516.2
1231820 2519.0
1231830 2519.0
1231840 2521.9
1231850 2524.5
1231860 2524.5
1231870 2526.8
1231880 2530.2
1231890 2533.5
1231900 2533.5
1231910 2535.0
1231920 2536.3
1231930 2536.3
1231940 2541.6
1231950 2547.4
1231960 2547.4
1231970 2550.9
1231980 2553.3
1231990 2553.3
1232000 2555.4
1232010 2559.0
1232020 2559.0
1232030 2564.5
1232040 2569.7
1232050 2569.7
1232060 2572.9
1232070 2574.1
1232080 2575.4
1232090 2575.4
1232100 2577.0
1232110 2578.2
1232120 2578.2
1232130 2579.6
1232140 2581.6
1232150 2581.6
1232160 2583.9
1232170 2585.5
1232180 2585.5
1232190 2587.8
1232200 2590.9
1232210 2590.9
1232220 2593.1
1232230 2596.5
1232240 2596.5
1232250 2601.2
1232260 2606.8
1232270 2615.8
1232280 2615.8
1232290 2625.8
1232300 2635.2
1232310 2635.2
1232320 2642.5
1232330 2648.0
1232340 2648.0
1232350 2652.8
1232360 2657.7
1232370 2659.6
1232380 2663.7
1232390 2668.5
1232400 2668.5
1232410 2674.7
1232420 2682.0
1232430 2682.0
1232440 2688.0
1232450 2693.7
1232460 2699.3
1232470 2699.3
1232480 2705.1
1232490 2710.6
1232500 2710.6
1232510 2715.6
1232520 2720.8
1232530 2720.8
1232540 2726.7
1232550 2732.8
1232560 2732.8
1232570 2739.3
1232580 2747.3
1232590 2747.3
1232600 2757.6
1232610 2766.0
1232620 2766.0
1232630 2773.2
1232640 2780.6
1232650 2783.5
1232660 2783.5
1232670 2776.6
1232680 2766.0
1232690 2766.0
1232700 2750.8
1232710 2737.0
1232720 2737.0
1232730 2723.6
1232740 2714.8
1232750 2714.8
1232760 2711.4
1232770 2704.8
1232780 2704.8
1232790 2696.8
1232800 2693.4
1232810 2693.4
1232820 2693.0
1232830 2696.3
1232840 2695.9
1232850 2695.9
1232860 2686.2
1232870 2687.8
1232880 2687.8
1232890 2682.5
1232900 2675.4
1232910 2675.4
1232920 2667.0
1232930 2661.8
1232940 2661.8
1232950 2656.7
1232960 2651.3
1232970 2651.3
1232980 2645.8
1232990 2641.7
1233000 2641.7
1233010 2639.0
1233020 2637.4
1233030 2639.7
1233040 2639.7
1233050 2641.5
1233060 2644.0
1233070 2644.0
1233080 2649.7
1233090 2649.3
1233100 2649.3
1233110 2651.0
1233120 2651.8
1233130 2651.8
1233140 2654.1
1233150 2656.0
1233160 2656.0
1233170 2650.5
1233180 2643.9
1233190 2643.9
1233200 2635.2
1233210 2625.5
1233220 2625.5
1233230 2617.2
1233240 2607.5
1233250 2596.3
1233260 2596.3
1233270 2586.6
1233280 2574.1
1233290 2574.1
1233300 2558.4
1233310 2546.0
1233320 2546.0
1233330 2534.9
1233340 2527.4
1233350 2527.4
1233360 2521.5
1233370 2518.4
1233380 2518.4
1233390 2519.9
1233400 2523.8
1233410 2523.8
1233420 2521.1
1233430 2518.6
1233440 2514.1
1233450 2514.1
1233460 2509.4
1233470 2510.2
1233480 2510.2
1233490 2506.9
1233500 2503.6
1233510 2503.6
1233520 2499.6
1233530 2492.7
1233540 2492.7
1233550 2481.2
1233560 2470.8
1233570 2470.8
1233580 2461.3
1233590 2454.0
1233600 2454.0
1233610 2445.3
1233620 2439.1
1233630 2432.2
1233640 2432.2
1233650 2424.9
1233660 2420.1
1233670 2420.1
1233680 2415.9
1233690 2410.7
1233700 2410.7
1233710 2405.2
1233720 2399.2
1233730 2399.2
1233740 2392.0
1233750 2382.6
1233760 2382.6
1233770 2373.2
1233780 2360.2
1233790 2360.2
1233800 2353.7
1233810 2348.2
1233820 2342.6
1233830 2342.6
1233840 2337.5
1233850 2333.3
1233860 2333.3
1233870 2329.2
1233880 2330.2
1233890 2330.2
1233900 2325.0
1233910 2321.8
1233920 2321.8
1233930 2318.2
1233940 2314.6
1233950 2314.6
1233960 2310.4
1233970 2306.0
1233980 2306.0
1233990 2301.3
1234000 2296.6
1234010 2291.8
1234020 2291.8
1234030 2287.4
1234040 2283.6
1234050 2283.6
1234060 2279.5
1234070 2276.4
1234080 2276.4
1234090 2274.0
1234100 2272.2
1234110 2272.2
1234120 2270.3
1234130 2268.5
1234140 2268.5
1234150 2266.1
1234160 2263.5
1234170 2263.5
1234180 2260.9
1234190 2258.5
1234200 2256.2
1234210 2256.2
1234220 2254.2
1234230 2252.3
1234240 2252.3
1234250 2250.5
1234260 2249.0
1234270 2249.0
1234280 2247.0
1234290 2246.3
1234300 2246.3
1234310 2249.3
1234320 2249.9
1234330 2249.9
1234340 2249.8
1234350 2251.3
1234360 2251.3
1234370 2253.0
1234380 2255.6
1234390 2257.7
1234400 2257.7
1234410 2260.3
1234420 2263.3
1234430 2263.3
1234440 2265.5
1234450 2270.6
1234460 2270.6
1234470 2276.0
1234480 2279.0
1234490 2279.0
1234500 2286.3
1234510 2292.7
1234520 2292.7
1234530 2297.9
1234540 2303.8
1234550 2303.8
1234560 2310.2
1234570 2316.6
1234580 2323.0
1234590 2323.0
1234600 2330.2
1234610 2337.9
1234620 2337.9
1234630 2344.5
1234640 2351.5
1234650 2351.5
1234660 2358.7
1234670 2365.6
1234680 2365.6
1234690 2372.1
1234700 2378.5
1234710 2378.5
1234720 2384.4
1234730 2389.3
1234740 2389.3
1234750 2393.5
1234760 2399.3
1234770 2399.3
1234780 2406.0
1234790 2413.0
1234800 2420.6
1234810 2420.6
1234820 2429.2
1234830 2438.0
1234840 2438.0
1234850 2446.3
1234860 2451.7
1234870 2451.7
1234880 2454.0
1234890 2458.1
1234900 2458.1
1234910 2459.6
1234920 2460.6
1234930 2460.6
1234940 2462.5
1234950 2465.4
1234960 2465.4
1234970 2467.3
1234980 2469.6
1234990 2473.9
1235000 2473.9
1235010 2479.3
1235020 2485.6
1235030 2485.6
1235040 2492.0
1235050 2497.5
1235060 2497.5
1235070 2501.3
1235080 2504.3
1235090 2504.3
1235100 2506.6
1235110 2508.5
1235120 2508.5
1235130 2509.9
1235140 2509.6
1235150 2509.6
1235160 2508.7
1235170 2506.7
1235180 2502.2
1235190 2502.2
1235200 2499.3
1235210 2497.5
1235220 2497.5
1235230 2494.5
1235240 2489.2
1235250 2489.2
1235260 2480.8
1235270 2472.7
1235280 2472.7
1235290 2470.0
1235300 2465.5
1235310 2465.5
1235320 2459.2
1235330 2452.3
1235340 2452.3
1235350 2449.4
1235360 2445.1
1235370 2440.8
1235380 2440.8
1235390 2433.5
1235400 2416.4
1235410 2416.4
1235420 2404.2
1235430 2394.5
1235440 2394.5
1235450 2385.5
1235460 2369.8
1235470 2369.8
1235480 2350.0
1235490 2340.6
1235500 2340.6
1235510 2335.5
1235520 2330.9
1235530 2330.9
1235540 2328.2
1235550 2328.1
1235560 2329.4
1235570 2329.4
1235580 2330.1
1235590 2331.2
1235600 2331.2
1235610 2331.6
1235620 2331.4
1235630 2331.4
1235640 2331.3
1235650 2330.7
1235660 2330.7
1235670 2330.7
1235680 2331.0
1235690 2331.0
1235700 2331.4
1235710 2332.2
1235720 2332.2
1235730 2333.3
1235740 2334.6
1235750 2336.2
1235760 2336.2
1235770 2337.6
1235780 2338.3
1235790 2338.3
1235800 2339.3
1235810 2340.4
1235820 2340.4
1235830 2341.1
1235840 2343.0
1235850 2343.0
1235860 2345.3
1235870 2347.7
1235880 2347.7
1235890 2349.6
1235900 2345.0
1235910 2345.0
1235920 2345.3
1235930 2345.7
1235940 2347.8
1235950 2347.8
1235960 2349.3
1235970 2350.9
1235980 2350.9
1235990 2352.3
1236000 2353.6
1236010 2353.6
1236020 2355.0
1236030 2356.4
1236040 2356.4
1236050 2358.0
1236060 2359.7
1236070 2359.7
1236080 2361.2
1236090 2362.5
1236100 2362.5
1236110 2363.7
1236120 2364.6
1236130 2365.6
1236140 2365.6
1236150 2366.9
1236160 2368.4
1236170 2368.4
1236180 2369.9
1236190 2367.4
1236200 2367.4
1236210 2358.4
1236220 2345.7
1236230 2345.7
1236240 2365.5
1236250 2379.8
1236260 2379.8
1236270 2382.4
1236280 2382.4
1236290 2382.4
1236300 2382.4
