1220000 2550.5
1220010 2550.5
1220020 2551.4
1220030 2551.5
1220040 2551.5
1220050 2550.7
1220060 2548.8
1220070 2548.8
1220080 2545.0
1220090 2540.8
1220100 2540.8
1220110 2533.2
1220120 2529.9
1220130 2527.2
1220140 2527.2
1220150 2524.2
1220160 2522.9
1220170 2522.9
1220180 2520.4
1220190 2516.2
1220200 2516.2
1220210 2512.7
1220220 2510.3
1220230 2510.3
1220240 2508.1
1220250 2506.1
1220260 2506.1
1220270 2503.5
1220280 2501.2
1220290 2501.2
1220300 2498.7
1220310 2496.7
1220320 2495.7
1220330 2495.7
1220340 2495.0
1220350 2494.0
1220360 2494.0
1220370 2492.6
1220380 2491.1
1220390 2491.1
1220400 2489.3
1220410 2487.2
1220420 2487.2
1220430 2486.2
1220440 2484.9
1220450 2484.9
1220460 2480.2
1220470 2474.3
1220480 2474.3
1220490 2468.3
1220500 2464.3
1220510 2460.1
1220520 2460.1
1220530 2453.8
1220540 2446.5
1220550 2446.5
1220560 2439.8
1220570 2433.7
1220580 2433.7
1220590 2425.7
1220600 2419.0
1220610 2419.0
1220620 2412.5
1220630 2406.2
1220640 2406.2
1220650 2401.0
1220660 2396.1
1220670 2396.1
1220680 2389.5
1220690 2382.6
1220700 2376.8
1220710 2376.8
1220720 2370.8
1220730 2364.6
1220740 2364.6
1220750 2359.4
1220760 2353.8
1220770 2353.8
1220780 2346.3
1220790 2340.4
1220800 2340.4
1220810 2334.1
1220820 2327.3
1220830 2327.3
1220840 2321.5
1220850 2316.7
1220860 2316.7
1220870 2311.9
1220880 2306.4
1220890 2300.7
1220900 2300.7
1220910 2295.3
1220920 2289.7
1220930 2289.7
1220940 2283.2
1220950 2273.7
1220960 2273.7
1220970 2263.8
1220980 2255.8
1220990 2255.8
1221000 2246.5
1221010 2235.3
1221020 2235.3
1221030 2224.6
1221040 2216.0
1221050 2216.0
1221060 2206.9
1221070 2195.3
1221080 2189.1
1221090 2189.1
1221100 2182.7
1221110 2175.5
1221120 2175.5
1221130 2168.8
1221140 2161.6
1221150 2161.6
1221160 2154.3
1221170 2147.5
1221180 2147.5
1221190 2140.0
1221200 2131.2
1221210 2131.2
1221220 2121.8
1221230 2115.1
1221240 2115.1
1221250 2110.9
1221260 2105.3
1221270 2105.3
1221280 2098.5
1221290 2091.9
1221300 2086.4
1221310 2086.4
1221320 2080.0
1221330 2073.0
1221340 2073.0
1221350 2065.7
1221360 2058.0
1221370 2058.0
1221380 2050.8
1221390 2044.7
1221400 2044.7
1221410 2036.5
1221420 2027.9
1221430 2027.9
1221440 2020.4
1221450 2012.9
1221460 2012.9
1221470 2005.4
1221480 1998.9
1221490 1993.1
1221500 1993.1
1221510 1988.1
1221520 1983.0
1221530 1983.0
1221540 1977.2
1221550 1968.2
1221560 1968.2
1221570 1957.4
1221580 1945.1
1221590 1945.1
1221600 1936.7
1221610 1929.7
1221620 1929.7
1221630 1922.5
1221640 1915.0
1221650 1915.0
1221660 1907.1
1221670 1898.8
1221680 1891.0
1221690 1891.0
1221700 1884.3
1221710 1878.0
1221720 1878.0
1221730 1869.7
1221740 1858.6
1221750 1858.6
1221760 1848.2
1221770 1835.4
1221780 1835.4
1221790 1825.8
1221800 1817.0
1221810 1817.0
1221820 1811.2
1221830 1803.0
1221840 1803.0
1221850 1800.5
1221860 1799.7
1221870 1799.5
1221880 1799.5
1221890 1798.3
1221900 1792.1
1221910 1792.1
1221920 1786.4
1221930 1781.3
1221940 1781.3
1221950 1775.1
1221960 1768.3
1221970 1768.3
1221980 1761.0
1221990 1751.5
1222000 1751.5
1222010 1741.0
1222020 1733.0
1222030 1730.6
1222040 1724.8
1222050 1719.3
1222060 1713.7
1222070 1713.7
1222080 1708.2
1222090 1701.8
1222100 1701.8
1222110 1694.6
1222120 1688.4
1222130 1688.4
1222140 1678.8
1222150 1670.0
1222160 1670.0
1222170 1663.0
1222180 1657.4
1222190 1657.4
1222200 1653.9
1222210 1650.4
1222220 1650.4
1222230 1645.2
1222240 1639.8
1222250 1634.6
1222260 1634.6
1222270 1630.6
1222280 1627.2
1222290 1627.2
1222300 1623.8
1222310 1621.5
1222320 1621.5
1222330 1617.8
1222340 1613.4
1222350 1613.4
1222360 1611.8
1222370 1609.4
1222380 1609.4
1222390 1605.5
1222400 1602.9
1222410 1602.9
1222420 1600.7
1222430 1599.0
1222440 1599.0
1222450 1596.8
1222460 1594.5
1222470 1592.8
1222480 1592.8
1222490 1590.8
1222500 1588.2
1222510 1588.4
1222520 1585.3
1222530 1584.0
1222540 1584.0
1222550 1582.9
1222560 1581.0
1222570 1581.0
1222580 1576.2
1222590 1572.2
1222600 1572.2
1222610 1569.9
1222620 1571.6
1222630 1571.6
1222640 1575.7
1222650 1579.5
1222660 1579.9
1222670 1579.9
1222680 1580.0
1222690 1580.6
1222700 1580.6
1222710 1581.0
1222720 1582.3
1222730 1582.3
1222740 1584.8
1222750 1589.3
1222760 1589.3
1222770 1593.5
1222780 1596.9
1222790 1596.9
1222800 1599.9
1222810 1602.5
1222820 1602.5
1222830 1605.1
1222840 1608.6
1222850 1611.6
1222860 1611.6
1222870 1613.9
1222880 1616.0
1222890 1616.0
1222900 1617.1
1222910 1616.4
1222920 1616.4
1222930 1617.2
1222940 1620.3
1222950 1620.3
1222960 1626.3
1222970 1632.3
1222980 1632.3
1222990 1643.0
1223000 1648.8
1223010 1648.8
1223020 1655.8
1223030 1665.5
1223040 1675.4
1223050 1675.4
1223060 1684.1
1223070 1693.9
1223080 1693.9
1223090 1703.8
1223100 1711.4
1223110 1711.4
1223120 1719.9
1223130 1724.2
1223140 1724.2
1223150 1728.6
1223160 1735.0
1223170 1735.0
1223180 1734.9
1223190 1737.9
1223200 1737.9
1223210 1740.5
1223220 1738.2
1223230 1743.5
1223240 1743.5
1223250 1751.7
1223260 1760.2
1223270 1760.2
1223280 1766.5
1223290 1771.0
1223300 1771.0
1223310 1775.8
1223320 1781.2
1223330 1781.2
1223340 1789.7
1223350 1813.9
1223360 1813.9
1223370 1826.9
1223380 1827.3
1223390 1827.3
1223400 1825.8
1223410 1826.6
1223420 1841.6
1223430 1841.6
1223440 1855.3
1223450 1858.4
1223460 1858.4
1223470 1854.9
1223480 1865.0
1223490 1865.0
1223500 1865.0
1223510 1868.5
1223520 1868.5
1223530 1872.0
1223540 1875.8
1223550 1875.8
1223560 1883.1
1223570 1888.5
1223580 1888.5
1223590 1891.1
1223600 1900.4
1223610 1900.4
1223620 1912.3
1223630 1926.7
1223640 1937.1
1223650 1937.1
1223660 1942.3
1223670 1945.4
1223680 1945.4
1223690 1947.1
1223700 1935.4
1223710 1935.4
1223720 1926.3
1223730 1943.4
1223740 1943.4
1223750 1956.8
1223760 1965.6
1223770 1965.6
1223780 1970.7
1223790 1981.4
1223800 1981.4
1223810 2002.7
1223820 2010.4
1223830 2015.9
1223840 2015.9
1223850 2020.8
1223860 2029.6
1223870 2029.6
1223880 2038.7
1223890 2044.0
1223900 2044.0
1223910 2049.3
1223920 2053.1
1223930 2053.1
1223940 2055.5
1223950 2059.3
1223960 2067.0
1223970 2074.0
1223980 2079.6
1223990 2079.6
1224000 2083.2
1224010 2084.1
1224020 2087.2
1224030 2087.2
1224040 2092.2
1224050 2098.9
1224060 2098.9
1224070 2106.5
1224080 2112.5
1224090 2112.5
1224100 2119.5
1224110 2125.7
1224120 2125.7
1224130 2129.6
1224140 2131.2
1224150 2131.2
1224160 2139.4
1224170 2136.0
1224180 2136.0
1224190 2139.2
1224200 2153.5
1224210 2167.8
1224220 2167.8
1224230 2176.8
1224240 2182.7
1224250 2182.7
1224260 2186.7
1224270 2189.8
1224280 2189.8
1224290 2193.0
1224300 2195.9
1224310 2195.9
1224320 2199.3
1224330 2203.1
1224340 2203.1
1224350 2206.7
1224360 2209.8
1224370 2209.8
1224380 2209.5
1224390 2205.8
1224400 2201.0
1224410 2201.0
1224420 2197.0
1224430 2195.0
1224440 2195.0
1224450 2203.1
1224460 2209.8
1224470 2209.8
1224480 2216.8
1224490 2220.8
1224500 2220.8
1224510 2223.4
1224520 2227.7
1224530 2227.7
1224540 2234.0
1224550 2239.2
1224560 2239.2
1224570 2240.5
1224580 2239.0
1224590 2239.6
1224600 2239.6
1224610 2245.1
1224620 2247.7
1224630 2247.7
1224640 2248.8
1224650 2251.4
1224660 2251.4
1224670 2256.4
1224680 2259.5
1224690 2259.5
1224700 2261.1
1224710 2265.9
1224720 2265.9
1224730 2278.5
1224740 2287.0
1224750 2287.0
1224760 2291.9
1224770 2299.1
1224780 2299.1
1224790 2303.4
1224800 2304.5
1224810 2306.5
1224820 2306.5
1224830 2313.3
1224840 2320.2
1224850 2320.2
1224860 2322.7
1224870 2322.5
1224880 2322.5
1224890 2321.4
1224900 2320.8
1224910 2320.8
1224920 2322.0
1224930 2331.0
1224940 2331.0
1224950 2335.1
1224960 2335.2
1224970 2335.2
1224980 2336.6
1224990 2339.6
1225000 2343.8
1225010 2343.8
1225020 2348.9
1225030 2350.8
1225040 2350.8
1225050 2350.2
1225060 2353.3
1225070 2353.3
1225080 2357.3
1225090 2369.6
1225100 2369.6
1225110 2375.8
1225120 2381.4
1225130 2381.4
1225140 2388.5
1225150 2397.9
1225160 2397.9
1225170 2403.8
1225180 2407.4
1225190 2412.3
1225200 2412.3
1225210 2420.2
1225220 2427.9
1225230 2427.9
1225240 2433.6
1225250 2438.5
1225260 2438.5
1225270 2443.2
1225280 2447.5
1225290 2447.5
1225300 2451.8
1225310 2456.5
1225320 2456.5
1225330 2460.8
1225340 2466.0
1225350 2466.0
1225360 2472.2
1225370 2478.2
1225380 2481.4
1225390 2481.4
1225400 2482.1
1225410 2486.6
1225420 2491.8
1225430 2495.1
1225440 2496.7
1225450 2496.7
1225460 2494.7
1225470 2489.3
1225480 2489.3
1225490 2483.8
1225500 2480.2
1225510 2480.2
1225520 2477.6
1225530 2478.3
1225540 2478.3
1225550 2480.8
1225560 2484.7
1225570 2488.9
1225580 2488.9
1225590 2493.2
1225600 2497.3
1225610 2497.3
1225620 2501.0
1225630 2503.9
1225640 2503.9
1225650 2505.5
1225660 2506.3
1225670 2506.3
1225680 2505.5
1225690 2503.4
1225700 2503.4
1225710 2500.9
1225720 2497.1
1225730 2497.1
1225740 2494.5
1225750 2495.2
1225760 2496.1
1225770 2496.1
1225780 2496.9
1225790 2496.7
1225800 2496.7
1225810 2496.1
1225820 2495.5
1225830 2495.5
1225840 2495.6
1225850 2495.6
1225860 2495.6
1225870 2495.1
1225880 2493.1
1225890 2493.1
1225900 2492.5
1225910 2500.6
1225920 2500.6
1225930 2500.9
1225940 2500.5
1225950 2504.0
1225960 2504.0
1225970 2509.3
1225980 2514.7
1225990 2514.7
1226000 2520.7
1226010 2526.4
1226020 2526.4
1226030 2533.4
1226040 2542.1
1226050 2542.1
1226060 2546.5
1226070 2549.6
1226080 2549.6
1226090 2554.1
1226100 2558.4
1226110 2558.4
1226120 2562.7
1226130 2566.2
1226140 2566.2
1226150 2569.6
1226160 2571.7
1226170 2580.3
1226180 2580.3
1226190 2592.4
1226200 2597.8
1226210 2597.8
1226220 2613.9
1226230 2634.7
1226240 2634.7
1226250 2647.8
1226260 2666.4
1226270 2666.4
1226280 2681.2
1226290 2688.0
1226300 2688.0
1226310 2686.0
1226320 2680.2
1226330 2680.2
1226340 2675.1
1226350 2670.3
1226360 2663.1
1226370 2663.1
1226380 2655.5
1226390 2652.7
1226400 2669.0
1226410 2664.2
1226420 2661.1
1226430 2661.1
1226440 2655.8
1226450 2659.7
1226460 2659.7
1226470 2660.4
1226480 2658.2
1226490 2658.2
1226500 2653.5
1226510 2652.5
1226520 2652.5
1226530 2653.4
1226540 2655.3
1226550 2658.7
1226560 2658.7
1226570 2665.1
1226580 2675.3
1226590 2675.3
1226600 2688.5
1226610 2705.3
1226620 2705.3
1226630 2713.9
1226640 2719.0
1226650 2719.0
1226660 2719.8
1226670 2721.3
1226680 2721.3
1226690 2718.9
1226700 2710.7
1226710 2710.7
1226720 2702.4
1226730 2694.5
1226740 2687.2
1226750 2687.2
1226760 2679.1
1226770 2670.4
1226780 2670.4
1226790 2663.4
1226800 2656.0
1226810 2656.0
1226820 2648.7
1226830 2640.8
1226840 2640.8
1226850 2633.4
1226860 2627.1
1226870 2627.1
1226880 2620.2
1226890 2611.4
1226900 2611.4
1226910 2602.9
1226920 2596.2
1226930 2589.5
1226940 2589.5
1226950 2582.3
1226960 2575.0
1226970 2575.0
1226980 2567.8
1226990 2560.7
1227000 2560.7
1227010 2552.8
1227020 2544.7
1227030 2544.7
1227040 2537.7
1227050 2533.1
1227060 2533.1
1227070 2531.0
1227080 2528.5
1227090 2528.5
1227100 2526.1
1227110 2523.4
1227120 2519.4
1227130 2519.4
1227140 2516.3
1227150 2512.8
1227160 2512.8
1227170 2510.1
1227180 2505.1
1227190 2505.1
1227200 2498.2
1227210 2491.4
1227220 2491.4
1227230 2485.2
1227240 2480.0
1227250 2480.0
1227260 2475.8
1227270 2470.7
1227280 2470.7
1227290 2464.8
1227300 2458.5
1227310 2458.5
1227320 2454.9
1227330 2452.7
1227340 2449.6
1227350 2449.6
1227360 2446.5
1227370 2443.6
1227380 2443.8
1227390 2441.9
1227400 2440.7
1227410 2440.7
1227420 2439.4
1227430 2438.5
1227440 2438.5
1227450 2436.3
1227460 2431.9
1227470 2431.9
1227480 2429.0
1227490 2425.6
1227500 2425.6
1227510 2420.5
1227520 2416.9
1227530 2413.2
1227540 2413.2
1227550 2407.3
1227560 2403.5
1227570 2403.5
1227580 2402.3
1227590 2397.4
1227600 2397.4
1227610 2390.3
1227620 2383.2
1227630 2383.2
1227640 2377.2
1227650 2372.2
1227660 2372.2
1227670 2367.6
1227680 2360.7
1227690 2360.7
1227700 2348.6
1227710 2341.4
1227720 2335.7
1227730 2335.7
1227740 2330.7
1227750 2324.5
1227760 2324.5
1227770 2318.0
1227780 2312.0
1227790 2312.0
1227800 2306.1
1227810 2299.0
1227820 2299.0
1227830 2293.4
1227840 2289.1
1227850 2289.1
1227860 2283.8
1227870 2276.9
1227880 2276.9
1227890 2270.8
1227900 2265.3
1227910 2260.9
1227920 2260.9
1227930 2257.1
1227940 2253.3
1227950 2253.3
1227960 2248.1
1227970 2241.7
1227980 2241.7
1227990 2235.4
1228000 2229.0
1228010 2229.0
1228020 2222.9
1228030 2216.9
1228040 2216.9
1228050 2211.6
1228060 2205.9
1228070 2205.9
1228080 2199.1
1228090 2192.9
1228100 2186.5
1228110 2186.5
1228120 2180.8
1228130 2176.2
1228140 2176.2
1228150 2169.7
1228160 2161.2
1228170 2161.2
1228180 2152.9
1228190 2146.3
1228200 2146.3
1228210 2141.0
1228220 2135.4
1228230 2135.4
1228240 2129.6
1228250 2122.3
1228260 2122.3
1228270 2114.5
1228280 2106.1
1228290 2098.4
1228300 2098.4
1228310 2090.8
1228320 2083.2
1228330 2083.2
1228340 2077.4
1228350 2073.0
1228360 2070.6
1228370 2064.1
1228380 2057.1
1228390 2057.1
1228400 2051.6
1228410 2047.1
1228420 2047.1
1228430 2042.9
1228440 2035.3
1228450 2035.3
1228460 2029.2
1228470 2021.2
1228480 2021.2
1228490 2012.0
1228500 2003.4
1228510 1994.0
1228520 1994.0
1228530 1984.8
1228540 1975.9
1228550 1975.9
1228560 1966.7
1228570 1959.3
1228580 1959.3
1228590 1954.2
1228600 1949.4
1228610 1949.4
1228620 1945.2
1228630 1941.7
1228640 1941.7
1228650 1938.0
1228660 1933.7
1228670 1933.7
1228680 1927.7
1228690 1920.8
1228700 1914.3
1228710 1914.3
1228720 1907.1
1228730 1899.6
1228740 1899.6
1228750 1893.0
1228760 1887.3
1228770 1887.3
1228780 1881.4
1228790 1874.2
1228800 1874.2
1228810 1866.6
1228820 1859.0
1228830 1859.0
1228840 1852.4
1228850 1846.5
1228860 1847.2
1228870 1842.0
1228880 1836.4
1228890 1831.0
1228900 1831.0
1228910 1825.7
1228920 1821.0
1228930 1821.0
1228940 1816.5
1228950 1812.1
1228960 1812.1
1228970 1808.5
1228980 1805.7
1228990 1805.7
1229000 1803.3
1229010 1800.6
1229020 1800.6
1229030 1800.1
1229040 1799.7
1229050 1799.7
1229060 1791.8
1229070 1782.8
1229080 1774.2
1229090 1774.2
1229100 1767.1
1229110 1760.8
1229120 1760.8
1229130 1755.5
1229140 1750.0
1229150 1750.0
1229160 1745.1
1229170 1736.5
1229180 1736.5
1229190 1729.0
1229200 1723.1
1229210 1723.1
1229220 1714.7
1229230 1704.5
1229240 1704.5
1229250 1693.0
1229260 1686.1
1229270 1670.9
1229280 1670.9
1229290 1659.5
1229300 1659.4
1229310 1659.4
1229320 1661.3
1229330 1664.6
1229340 1664.6
1229350 1670.1
1229360 1673.9
1229370 1673.9
1229380 1675.5
1229390 1676.9
1229400 1676.9
1229410 1678.6
1229420 1680.6
1229430 1680.6
1229440 1682.7
1229450 1684.9
1229460 1688.2
1229470 1688.2
1229480 1693.5
1229490 1698.6
1229500 1698.6
1229510 1703.0
1229520 1708.8
1229530 1708.8
1229540 1715.4
1229550 1721.6
1229560 1721.6
1229570 1728.6
1229580 1736.2
1229590 1736.2
1229600 1744.5
1229610 1752.2
1229620 1752.2
1229630 1757.8
1229640 1761.8
1229650 1768.8
1229660 1768.8
1229670 1771.7
1229680 1775.9
1229690 1775.9
1229700 1783.7
1229710 1792.4
1229720 1792.4
1229730 1799.0
1229740 1805.2
1229750 1805.2
1229760 1810.9
1229770 1815.9
1229780 1815.9
1229790 1822.0
1229800 1827.6
1229810 1827.6
1229820 1833.6
1229830 1839.2
1229840 1839.2
1229850 1845.5
1229860 1851.0
1229870 1857.7
1229880 1857.7
1229890 1864.8
1229900 1872.1
1229910 1872.1
1229920 1878.6
1229930 1884.2
1229940 1884.2
1229950 1890.0
1229960 1897.9
1229970 1897.9
1229980 1907.0
1229990 1916.0
1230000 1916.0
1230010 1923.5
1230020 1931.7
1230030 1931.7
1230040 1940.6
1230050 1949.2
1230060 1956.8
1230070 1956.8
1230080 1964.4
1230090 1972.5
1230100 1972.5
1230110 1980.2
1230120 1987.1
1230130 1987.1
1230140 1994.4
1230150 2002.5
1230160 2002.5
1230170 2013.5
1230180 2021.2
1230190 2021.2
1230200 2028.1
1230210 2034.0
1230220 2034.0
1230230 2040.4
1230240 2047.1
1230250 2053.6
1230260 2053.6
1230270 2061.2
1230280 2068.1
1230290 2068.1
1230300 2074.5
1230310 2080.9
1230320 2080.9
1230330 2087.3
1230340 2093.0
1230350 2093.9
1230360 2099.7
1230370 2106.4
1230380 2106.4
1230390 2113.0
1230400 2117.6
1230410 2117.6
1230420 2125.9
1230430 2137.2
1230440 2146.7
1230450 2146.7
1230460 2156.4
1230470 2165.1
1230480 2165.1
1230490 2172.2
1230500 2178.2
1230510 2178.2
1230520 2184.2
1230530 2190.8
1230540 2190.8
1230550 2197.5
1230560 2204.1
1230570 2204.1
1230580 2209.1
1230590 2214.3
1230600 2214.3
1230610 2221.4
1230620 2228.1
1230630 2233.5
1230640 2233.5
1230650 2238.1
1230660 2243.3
1230670 2243.3
1230680 2249.1
1230690 2253.5
1230700 2253.5
1230710 2258.5
1230720 2264.7
1230730 2264.7
1230740 2271.2
1230750 2276.4
1230760 2276.4
1230770 2281.3
1230780 2286.2
1230790 2286.2
1230800 2290.5
1230810 2294.4
1230820 2297.7
1230830 2297.7
1230840 2301.1
1230850 2303.7
1230860 2303.7
1230870 2307.3
1230880 2311.5
1230890 2311.5
1230900 2315.2
1230910 2318.7
1230920 2318.7
1230930 2322.4
1230940 2325.8
1230950 2325.8
1230960 2329.5
1230970 2336.6
1230980 2336.6
1230990 2344.3
1231000 2348.6
1231010 2348.6
1231020 2351.6
1231030 2354.2
1231040 2355.6
1231050 2355.6
1231060 2356.9
1231070 2358.6
1231080 2358.6
1231090 2359.9
1231100 2361.6
1231110 2361.6
1231120 2363.5
1231130 2365.7
1231140 2365.7
1231150 2366.8
1231160 2368.0
1231170 2368.0
1231180 2371.6
1231190 2378.4
1231200 2378.4
1231210 2386.7
1231220 2395.8
1231230 2404.6
1231240 2404.6
1231250 2410.2
1231260 2415.2
1231270 2415.2
1231280 2420.0
1231290 2423.6
1231300 2423.6
1231310 2427.8
1231320 2432.3
1231330 2432.3
1231340 2438.9
1231350 2442.3
1231360 2442.3
1231370 2444.9
1231380 2448.3
1231390 2448.3
1231400 2451.4
1231410 2452.4
1231420 2452.6
1231430 2452.6
1231440 2449.6
1231450 2443.3
1231460 2443.3
1231470 2439.3
1231480 2438.3
1231490 2438.3
1231500 2437.0
1231510 2436.3
1231520 2436.3
1231530 2435.2
1231540 2434.7
1231550 2434.7
1231560 2435.1
1231570 2437.0
1231580 2437.0
1231590 2437.5
1231600 2436.0
1231610 2436.0
1231620 2436.0
1231630 2435.9
1231640 2436.3
1231650 2436.3
1231660 2437.9
1231670 2441.3
1231680 2441.3
1231690 2444.2
1231700 2445.0
1231710 2445.0
1231720 2439.2
1231730 2430.5
1231740 2430.5
1231750 2424.1
1231760 2419.1
1231770 2419.1
1231780 2417.3
1231790 2416.4
1231800 2412.4
1231810 2412.4
1231820 2404.9
1231830 2400.8
1231840 2415.6
1231850 2417.8
1231860 2411.3
1231870 2411.3
1231880 2391.6
1231890 2371.0
1231900 2371.0
1231910 2357.3
1231920 2352.1
1231930 2352.1
1231940 2351.8
1231950 2356.6
1231960 2356.6
1231970 2361.5
1231980 2363.9
1231990 2364.8
1232000 2364.8
1232010 2364.6
1232020 2365.2
1232030 2365.2
1232040 2364.6
1232050 2361.8
1232060 2361.8
1232070 2354.0
1232080 2349.2
1232090 2349.2
1232100 2347.4
1232110 2350.0
1232120 2350.0
1232130 2350.1
1232140 2347.8
1232150 2347.8
1232160 2340.2
1232170 2322.1
1232180 2307.3
1232190 2307.3
1232200 2302.4
1232210 2302.9
1232220 2302.9
1232230 2306.6
1232240 2320.0
1232250 2320.0
1232260 2327.1
1232270 2327.0
1232280 2327.0
1232290 2326.3
1232300 2325.3
1232310 2325.3
1232320 2315.2
1232330 2300.6
1232340 2302.2
1232350 2293.0
1232360 2292.6
1232370 2292.6
1232380 2291.6
1232390 2296.4
1232400 2297.9
1232410 2297.9
1232420 2299.1
1232430 2305.2
1232440 2305.2
1232450 2301.7
1232460 2303.6
1232470 2303.6
1232480 2300.8
1232490 2297.9
1232500 2297.9
1232510 2289.8
1232520 2290.2
1232530 2290.2
1232540 2291.0
1232550 2290.4
1232560 2290.4
1232570 2287.7
1232580 2284.5
1232590 2278.6
1232600 2278.6
1232610 2270.9
1232620 2269.9
1232630 2269.9
1232640 2271.5
1232650 2270.4
1232660 2270.4
1232670 2269.7
1232680 2268.6
1232690 2268.6
1232700 2266.7
1232710 2262.3
1232720 2262.3
1232730 2253.7
1232740 2243.2
1232750 2243.2
1232760 2233.6
1232770 2228.4
1232780 2221.6
1232790 2221.6
1232800 2214.4
1232810 2208.3
1232820 2208.3
1232830 2203.8
1232840 2208.2
1232850 2208.2
1232860 2207.7
1232870 2206.3
1232880 2206.3
1232890 2201.9
1232900 2196.4
1232910 2196.4
1232920 2192.0
1232930 2188.9
1232940 2188.9
1232950 2186.1
1232960 2182.9
1232970 2179.1
1232980 2179.1
1232990 2175.0
1233000 2171.4
1233010 2171.4
1233020 2168.0
1233030 2164.8
1233040 2164.8
1233050 2160.8
1233060 2156.5
1233070 2156.5
1233080 2153.1
1233090 2149.9
1233100 2149.9
1233110 2146.8
1233120 2143.9
1233130 2143.9
1233140 2142.4
1233150 2142.5
1233160 2143.2
1233170 2143.2
1233180 2142.3
1233190 2140.6
1233200 2140.6
1233210 2140.9
1233220 2140.3
1233230 2140.3
1233240 2138.0
1233250 2136.3
1233260 2136.3
1233270 2135.4
1233280 2135.9
1233290 2135.9
1233300 2136.8
1233310 2137.6
1233320 2137.6
1233330 2138.8
1233340 2140.3
1233350 2140.4
1233360 2140.4
1233370 2143.3
1233380 2147.8
1233390 2147.8
1233400 2151.8
1233410 2154.0
1233420 2154.0
1233430 2154.8
1233440 2155.7
1233450 2155.7
1233460 2159.7
1233470 2163.9
1233480 2163.9
1233490 2166.6
1233500 2168.7
1233510 2168.7
1233520 2170.7
1233530 2174.2
1233540 2174.2
1233550 2174.6
1233560 2175.1
1233570 2177.0
1233580 2177.0
1233590 2179.4
1233600 2182.9
1233610 2182.9
1233620 2188.3
1233630 2194.1
1233640 2194.1
1233650 2200.1
1233660 2205.5
1233670 2205.5
1233680 2209.9
1233690 2215.1
1233700 2215.1
1233710 2220.4
1233720 2225.8
1233730 2225.8
1233740 2231.1
1233750 2236.3
1233760 2241.4
1233770 2241.4
1233780 2246.0
1233790 2250.5
1233800 2250.5
1233810 2254.2
1233820 2257.8
1233830 2257.8
1233840 2261.0
1233850 2258.7
1233860 2258.7
1233870 2261.2
1233880 2265.0
1233890 2265.0
1233900 2269.6
1233910 2275.3
1233920 2275.3
1233930 2279.9
1233940 2284.4
1233950 2289.3
1233960 2289.3
1233970 2293.9
1233980 2297.8
1233990 2297.8
1234000 2301.2
1234010 2304.7
1234020 2304.7
1234030 2307.9
1234040 2310.8
1234050 2310.8
1234060 2313.3
1234070 2315.9
1234080 2315.9
1234090 2318.1
1234100 2318.6
1234110 2318.6
1234120 2319.6
1234130 2324.3
1234140 2322.4
1234150 2322.4
1234160 2315.1
1234170 2313.4
1234180 2313.4
1234190 2316.7
1234200 2325.1
1234210 2325.1
1234220 2334.4
1234230 2340.6
1234240 2340.6
1234250 2344.2
1234260 2348.6
1234270 2348.6
1234280 2354.1
1234290 2358.0
1234300 2358.0
1234310 2361.2
1234320 2366.0
1234330 2371.5
1234340 2371.5
1234350 2372.0
1234360 2377.1
1234370 2377.1
1234380 2381.5
1234390 2385.9
1234400 2385.9
1234410 2389.5
1234420 2393.4
1234430 2393.4
1234440 2397.8
1234450 2402.2
1234460 2402.2
1234470 2406.6
1234480 2411.7
1234490 2411.7
1234500 2417.2
1234510 2423.1
1234520 2430.7
1234530 2430.7
1234540 2438.8
1234550 2445.9
1234560 2445.9
1234570 2451.5
1234580 2456.4
1234590 2456.4
1234600 2459.7
1234610 2461.3
1234620 2461.3
1234630 2462.4
1234640 2463.4
1234650 2463.4
1234660 2464.8
1234670 2467.2
1234680 2467.2
1234690 2470.8
1234700 2476.6
1234710 2482.3
1234720 2482.3
1234730 2487.8
1234740 2493.2
1234750 2493.2
1234760 2497.9
1234770 2500.8
1234780 2500.8
1234790 2502.1
1234800 2502.4
1234810 2502.4
1234820 2502.2
1234830 2502.3
1234840 2502.3
1234850 2503.5
1234860 2508.1
1234870 2508.1
1234880 2510.9
1234890 2514.0
1234900 2514.0
1234910 2517.8
1234920 2522.4
1234930 2527.3
1234940 2527.3
1234950 2532.5
1234960 2538.0
1234970 2538.0
1234980 2542.8
1234990 2546.5
1235000 2546.5
1235010 2548.5
1235020 2549.4
1235030 2549.4
1235040 2549.5
1235050 2549.4
1235060 2549.4
1235070 2549.9
1235080 2551.2
1235090 2551.2
1235100 2554.5
1235110 2558.6
1235120 2563.1
1235130 2563.1
1235140 2567.6
1235150 2571.6
1235160 2571.6
1235170 2575.3
1235180 2579.2
1235190 2579.2
1235200 2582.9
1235210 2586.1
1235220 2586.1
1235230 2589.6
1235240 2592.5
1235250 2592.5
1235260 2594.5
1235270 2596.2
1235280 2596.2
1235290 2598.0
1235300 2599.9
1235310 2602.8
1235320 2602.8
1235330 2606.5
1235340 2610.9
1235350 2610.9
1235360 2616.0
1235370 2622.5
1235380 2622.5
1235390 2628.2
1235400 2631.9
1235410 2631.9
1235420 2633.8
1235430 2635.9
1235440 2635.9
1235450 2639.1
1235460 2642.2
1235470 2642.2
1235480 2645.0
1235490 2647.7
1235500 2650.6
1235510 2650.6
1235520 2654.6
1235530 2660.8
1235540 2660.8
1235550 2667.9
1235560 2673.4
1235570 2673.4
1235580 2677.5
1235590 2681.5
1235600 2681.5
1235610 2685.6
1235620 2687.6
1235630 2687.6
1235640 2688.2
1235650 2686.3
1235660 2686.3
1235670 2684.8
1235680 2683.9
1235690 2682.0
1235700 2682.0
1235710 2680.9
1235720 2682.3
1235730 2682.3
1235740 2683.6
1235750 2684.8
1235760 2684.8
1235770 2688.3
1235780 2691.7
1235790 2691.7
1235800 2695.8
1235810 2700.4
1235820 2700.4
1235830 2705.7
1235840 2712.7
1235850 2712.7
1235860 2719.8
1235870 2728.5
1235880 2734.8
1235890 2734.8
1235900 2741.0
1235910 2746.6
1235920 2746.6
1235930 2751.7
1235940 2755.4
1235950 2755.4
1235960 2757.2
1235970 2758.2
1235980 2758.2
1235990 2758.1
1236000 2757.0
1236010 2757.0
1236020 2757.0
1236030 2756.9
1236040 2756.9
1236050 2758.1
1236060 2759.8
1236070 2759.8
1236080 2760.3
1236090 2763.6
1236100 2766.1
1236110 2766.1
1236120 2768.2
1236130 2771.9
1236140 2771.9
1236150 2776.0
1236160 2780.2
1236170 2780.2
1236180 2785.5
1236190 2789.2
1236200 2789.2
1236210 2792.8
1236220 2796.5
1236230 2796.5
1236240 2799.2
1236250 2803.3
1236260 2803.3
1236270 2809.0
1236280 2813.4
1236290 2816.2
1236300 2816.2
1236310 2818.9
1236320 2823.6
1236330 2823.6
1236340 2828.9
1236350 2835.3
1236360 2835.3
1236370 2841.9
1236380 2853.5
1236390 2853.5
1236400 2858.6
1236410 2865.0
1236420 2865.0
1236430 2872.6
1236440 2878.9
1236450 2878.9
1236460 2884.4
1236470 2887.1
1236480 2889.7
1236490 2889.7
1236500 2892.8
1236510 2895.7
1236520 2895.7
1236530 2899.7
1236540 2905.1
1236550 2905.1
1236560 2910.3
1236570 2915.4
1236580 2915.4
1236590 2921.2
1236600 2927.2
1236610 2927.2
1236620 2932.9
1236630 2939.0
1236640 2939.0
1236650 2946.1
1236660 2951.7
1236670 2956.5
1236680 2956.5
1236690 2957.0
1236700 2946.7
1236710 2946.7
1236720 2934.6
1236730 2920.4
1236740 2920.4
1236750 2907.7
1236760 2893.7
1236770 2893.7
1236780 2877.4
1236790 2863.5
1236800 2863.5
1236810 2850.2
1236820 2839.7
1236830 2839.7
1236840 2827.3
1236850 2812.5
1236860 2803.0
1236870 2803.0
1236880 2790.1
1236890 2771.3
1236900 2771.3
1236910 2761.2
1236920 2745.9
1236930 2745.9
1236940 2736.4
1236950 2729.5
1236960 2729.5
1236970 2722.6
1236980 2716.1
1236990 2716.1
1237000 2709.5
1237010 2702.3
1237020 2702.3
1237030 2695.5
1237040 2688.8
1237050 2681.8
1237060 2681.8
1237070 2675.4
1237080 2669.8
1237090 2669.8
1237100 2661.6
1237110 2641.4
1237120 2641.4
1237130 2620.1
1237140 2602.6
1237150 2602.6
1237160 2590.0
1237170 2582.5
1237180 2582.5
1237190 2577.3
1237200 2572.4
1237210 2572.4
1237220 2567.3
1237230 2562.2
1237240 2557.4
1237250 2557.4
1237260 2552.5
1237270 2547.8
1237280 2547.8
1237290 2543.2
1237300 2538.6
1237310 2538.6
1237320 2534.0
1237330 2529.5
1237340 2529.5
1237350 2525.2
1237360 2521.1
1237370 2521.1
1237380 2518.0
1237390 2515.0
1237400 2511.5
1237410 2508.6
