1220000 2433.5
1220010 2432.7
1220020 2432.7
1220030 2432.5
1220040 2432.7
1220050 2432.7
1220060 2432.7
1220070 2432.7
1220080 2433.3
1220090 2433.3
1220100 2433.5
1220110 2434.8
1220120 2434.8
1220130 2436.6
1220140 2438.0
1220150 2438.0
1220160 2439.4
1220170 2440.8
1220180 2440.8
1220190 2441.6
1220200 2442.1
1220210 2442.1
1220220 2442.9
1220230 2443.4
1220240 2443.3
1220250 2443.3
1220260 2442.6
1220270 2441.6
1220280 2441.6
1220290 2440.4
1220300 2440.3
1220310 2440.3
1220320 2440.2
1220330 2439.2
1220340 2439.2
1220350 2438.3
1220360 2437.7
1220370 2437.7
1220380 2437.0
1220390 2432.8
1220400 2432.8
1220410 2431.0
1220420 2426.6
1220430 2426.6
1220440 2420.7
1220450 2415.0
1220460 2410.1
1220470 2410.1
1220480 2404.8
1220490 2398.9
1220500 2398.9
1220510 2391.6
1220520 2385.4
1220530 2385.4
1220540 2381.1
1220550 2375.9
1220560 2375.9
1220570 2370.5
1220580 2365.4
1220590 2365.4
1220600 2360.3
1220610 2355.5
1220620 2355.5
1220630 2350.8
1220640 2346.1
1220650 2340.7
1220660 2340.7
1220670 2334.7
1220680 2328.2
1220690 2328.2
1220700 2322.3
1220710 2316.1
1220720 2316.1
1220730 2309.4
1220740 2303.2
1220750 2303.2
1220760 2297.2
1220770 2291.4
1220780 2291.4
1220790 2285.7
1220800 2280.7
1220810 2280.7
1220820 2275.1
1220830 2269.8
1220840 2264.6
1220850 2264.6
1220860 2259.2
1220870 2252.3
1220880 2252.3
1220890 2246.5
1220900 2240.2
1220910 2240.2
1220920 2234.4
1220930 2228.9
1220940 2228.9
1220950 2223.1
1220960 2217.5
1220970 2217.5
1220980 2212.4
1220990 2208.0
1221000 2208.0
1221010 2203.4
1221020 2199.6
1221030 2194.5
1221040 2194.5
1221050 2188.0
1221060 2180.0
1221070 2180.0
1221080 2169.4
1221090 2159.5
1221100 2159.5
1221110 2152.4
1221120 2145.0
1221130 2145.0
1221140 2137.3
1221150 2129.8
1221160 2129.8
1221170 2122.8
1221180 2116.4
1221190 2116.4
1221200 2107.8
1221210 2098.5
1221220 2090.4
1221230 2090.4
1221240 2081.8
1221250 2071.3
1221260 2071.3
1221270 2059.6
1221280 2050.6
1221290 2050.6
1221300 2042.4
1221310 2035.9
1221320 2035.9
1221330 2029.7
1221340 2023.1
1221350 2019.2
1221360 2013.1
1221370 2006.7
1221380 2006.7
1221390 2000.2
1221400 1992.5
1221410 1984.1
1221420 1984.1
1221430 1976.2
1221440 1968.0
1221450 1968.0
1221460 1959.8
1221470 1950.9
1221480 1950.9
1221490 1941.8
1221500 1934.0
1221510 1934.0
1221520 1926.9
1221530 1920.4
1221540 1920.4
1221550 1914.0
1221560 1908.1
1221570 1908.1
1221580 1901.8
1221590 1895.1
1221600 1895.1
1221610 1887.6
1221620 1877.6
1221630 1866.9
1221640 1866.9
1221650 1856.6
1221660 1851.6
1221670 1851.6
1221680 1846.0
1221690 1839.0
1221700 1839.0
1221710 1827.2
1221720 1813.6
1221730 1813.6
1221740 1809.3
1221750 1804.3
1221760 1804.3
1221770 1798.5
1221780 1791.1
1221790 1791.1
1221800 1784.7
1221810 1777.6
1221820 1770.3
1221830 1765.9
1221840 1759.4
1221850 1754.2
1221860 1754.2
1221870 1749.9
1221880 1745.2
1221890 1745.2
1221900 1740.9
1221910 1737.0
1221920 1737.0
1221930 1732.3
1221940 1726.7
1221950 1726.7
1221960 1719.7
1221970 1710.9
1221980 1710.9
1221990 1702.5
1222000 1697.8
1222010 1692.9
1222020 1692.9
1222030 1686.8
1222040 1679.6
1222050 1679.6
1222060 1673.7
1222070 1669.3
1222080 1669.3
1222090 1664.8
1222100 1660.8
1222110 1660.8
1222120 1656.8
1222130 1652.4
1222140 1652.4
1222150 1648.7
1222160 1645.4
1222170 1645.4
1222180 1642.8
1222190 1641.8
1222200 1639.9
1222210 1639.9
1222220 1637.6
1222230 1633.6
1222240 1633.6
1222250 1629.4
1222260 1625.8
1222270 1625.8
1222280 1622.7
1222290 1619.2
1222300 1619.2
1222310 1614.4
1222320 1611.4
1222330 1611.4
1222340 1609.1
1222350 1606.0
1222360 1606.0
1222370 1603.7
1222380 1601.9
1222390 1598.5
1222400 1598.5
1222410 1594.8
1222420 1591.3
1222430 1591.3
1222440 1586.0
1222450 1581.4
1222460 1581.4
1222470 1577.5
1222480 1575.8
1222490 1575.8
1222500 1577.1
1222510 1585.7
1222520 1585.7
1222530 1590.3
1222540 1592.1
1222550 1592.1
1222560 1595.3
1222570 1599.7
1222580 1603.7
1222590 1603.7
1222600 1607.3
1222610 1611.1
1222620 1611.1
1222630 1613.8
1222640 1615.9
1222650 1615.9
1222660 1618.8
1222670 1622.3
1222680 1622.3
1222690 1626.2
1222700 1630.5
1222710 1630.5
1222720 1634.9
1222730 1642.1
1222740 1642.1
1222750 1649.0
1222760 1654.2
1222770 1659.0
1222780 1659.0
1222790 1662.1
1222800 1672.0
1222810 1672.0
1222820 1678.7
1222830 1683.8
1222840 1683.8
1222850 1687.2
1222860 1690.0
1222870 1690.0
1222880 1693.0
1222890 1697.2
1222900 1697.2
1222910 1704.5
1222920 1718.8
1222930 1718.8
1222940 1730.1
1222950 1738.9
1222960 1738.9
1222970 1761.6
1222980 1774.3
1222990 1786.7
1223000 1786.7
1223010 1794.9
1223020 1800.8
1223030 1800.8
1223040 1805.7
1223050 1810.5
1223060 1810.5
1223070 1815.1
1223080 1820.3
1223090 1820.3
1223100 1831.1
1223110 1842.7
1223120 1842.7
1223130 1847.7
1223140 1849.0
1223150 1849.0
1223160 1851.0
1223170 1851.1
1223180 1850.5
1223190 1850.5
1223200 1851.5
1223210 1858.7
1223220 1858.7
1223230 1869.9
1223240 1881.9
1223250 1881.9
1223260 1894.4
1223270 1902.5
1223280 1903.3
1223290 1910.0
1223300 1914.9
1223310 1914.9
1223320 1919.3
1223330 1924.3
1223340 1924.3
1223350 1930.7
1223360 1937.7
1223370 1943.6
1223380 1943.6
1223390 1948.8
1223400 1954.1
1223410 1954.1
1223420 1960.3
1223430 1966.4
1223440 1966.4
1223450 1972.0
1223460 1977.3
1223470 1977.3
1223480 1982.4
1223490 1986.9
1223500 1986.9
1223510 1992.2
1223520 1997.3
1223530 1997.3
1223540 2001.1
1223550 2004.4
1223560 2010.5
1223570 2010.5
1223580 2018.6
1223590 2031.2
1223600 2031.2
1223610 2039.0
1223620 2042.9
1223630 2042.9
1223640 2045.5
1223650 2048.8
1223660 2048.8
1223670 2055.8
1223680 2061.8
1223690 2061.8
1223700 2066.1
1223710 2070.8
1223720 2070.8
1223730 2074.1
1223740 2075.8
1223750 2081.1
1223760 2086.6
1223770 2094.5
1223780 2102.2
1223790 2102.2
1223800 2106.7
1223810 2112.3
1223820 2112.3
1223830 2120.0
1223840 2126.3
1223850 2126.3
1223860 2130.1
1223870 2131.3
1223880 2131.3
1223890 2131.2
1223900 2131.2
1223910 2131.2
1223920 2125.2
1223930 2121.4
1223940 2136.7
1223950 2136.7
1223960 2151.8
1223970 2165.4
1223980 2165.4
1223990 2167.7
1224000 2166.4
1224010 2166.4
1224020 2166.3
1224030 2173.9
1224040 2173.9
1224050 2197.7
1224060 2223.2
1224070 2223.2
1224080 2238.9
1224090 2252.0
1224100 2252.0
1224110 2260.4
1224120 2266.3
1224130 2266.3
1224140 2271.9
1224150 2278.2
1224160 2284.4
1224170 2284.4
1224180 2289.4
1224190 2296.3
1224200 2296.3
1224210 2303.1
1224220 2308.7
1224230 2308.7
1224240 2314.5
1224250 2320.7
1224260 2320.7
1224270 2323.2
1224280 2326.0
1224290 2326.0
1224300 2327.7
1224310 2328.3
1224320 2328.3
1224330 2327.8
1224340 2328.1
1224350 2328.3
1224360 2328.3
1224370 2335.9
1224380 2339.1
1224390 2339.1
1224400 2340.5
1224410 2341.5
1224420 2341.5
1224430 2341.9
1224440 2341.7
1224450 2341.7
1224460 2339.4
1224470 2334.0
1224480 2334.0
1224490 2328.6
1224500 2325.4
1224510 2325.4
1224520 2323.8
1224530 2324.3
1224540 2328.5
1224550 2328.5
1224560 2334.8
1224570 2341.0
1224580 2341.0
1224590 2345.1
1224600 2345.6
1224610 2345.6
1224620 2347.5
1224630 2351.7
1224640 2351.7
1224650 2357.7
1224660 2363.4
1224670 2363.4
1224680 2366.9
1224690 2370.0
1224700 2370.0
1224710 2375.3
1224720 2380.0
1224730 2386.4
1224740 2395.9
1224750 2404.5
1224760 2409.0
1224770 2409.0
1224780 2419.8
1224790 2432.8
1224800 2432.8
1224810 2436.6
1224820 2440.1
1224830 2440.1
1224840 2442.0
1224850 2448.3
1224860 2448.3
1224870 2453.4
1224880 2460.1
1224890 2460.1
1224900 2458.5
1224910 2457.3
1224920 2455.0
1224930 2455.0
1224940 2456.8
1224950 2462.3
1224960 2462.3
1224970 2464.7
1224980 2465.1
1224990 2465.1
1225000 2466.4
1225010 2471.2
1225020 2471.2
1225030 2473.6
1225040 2470.5
1225050 2470.5
1225060 2468.3
1225070 2472.7
1225080 2472.7
1225090 2477.8
1225100 2480.5
1225110 2482.9
1225120 2482.9
1225130 2487.4
1225140 2495.4
1225150 2495.4
1225160 2505.1
1225170 2510.6
1225180 2510.6
1225190 2513.8
1225200 2516.1
1225210 2516.1
1225220 2525.6
1225230 2526.6
1225240 2526.6
1225250 2524.6
1225260 2525.8
1225270 2525.8
1225280 2532.7
1225290 2539.4
1225300 2546.0
1225310 2546.0
1225320 2552.9
1225330 2560.6
1225340 2560.6
1225350 2568.6
1225360 2575.0
1225370 2575.0
1225380 2578.2
1225390 2581.1
1225400 2581.1
1225410 2584.2
1225420 2587.1
1225430 2587.1
1225440 2590.0
1225450 2592.7
1225460 2592.7
1225470 2596.3
1225480 2599.3
1225490 2599.3
1225500 2602.6
1225510 2607.5
1225520 2611.1
1225530 2611.1
1225540 2611.0
1225550 2603.6
1225560 2603.6
1225570 2597.6
1225580 2592.3
1225590 2592.3
1225600 2588.7
1225610 2587.2
1225620 2587.2
1225630 2586.4
1225640 2586.0
1225650 2586.0
1225660 2588.6
1225670 2589.5
1225680 2589.5
1225690 2589.4
1225700 2588.2
1225710 2590.9
1225720 2590.9
1225730 2589.8
1225740 2592.0
1225750 2592.0
1225760 2595.3
1225770 2595.9
1225780 2595.9
1225790 2595.6
1225800 2594.9
1225810 2594.9
1225820 2593.8
1225830 2593.6
1225840 2593.6
1225850 2594.1
1225860 2592.9
1225870 2592.9
1225880 2589.8
1225890 2587.0
1225900 2585.4
1225910 2585.4
1225920 2584.6
1225930 2588.9
1225940 2588.9
1225950 2595.3
1225960 2604.3
1225970 2604.3
1225980 2614.8
1225990 2625.9
1226000 2625.9
1226010 2630.3
1226020 2630.9
1226030 2630.9
1226040 2630.4
1226050 2631.2
1226060 2631.2
1226070 2633.6
1226080 2637.0
1226090 2641.9
1226100 2641.9
1226110 2647.0
1226120 2651.8
1226130 2651.8
1226140 2656.6
1226150 2660.5
1226160 2660.5
1226170 2662.3
1226180 2662.7
1226190 2662.7
1226200 2667.7
1226210 2666.2
1226220 2666.2
1226230 2662.3
1226240 2660.2
1226250 2660.2
1226260 2661.8
1226270 2665.5
1226280 2669.9
1226290 2669.9
1226300 2677.9
1226310 2694.3
1226320 2694.3
1226330 2717.1
1226340 2737.6
1226350 2737.6
1226360 2757.5
1226370 2776.7
1226380 2776.7
1226390 2794.1
1226400 2799.6
1226410 2799.6
1226420 2794.1
1226430 2787.5
1226440 2787.5
1226450 2780.6
1226460 2774.0
1226470 2767.2
1226480 2767.2
1226490 2761.3
1226500 2756.8
1226510 2756.8
1226520 2751.6
1226530 2745.3
1226540 2745.3
1226550 2739.2
1226560 2733.6
1226570 2733.6
1226580 2727.5
1226590 2721.4
1226600 2721.4
1226610 2716.3
1226620 2711.7
1226630 2711.7
1226640 2706.1
1226650 2699.7
1226660 2693.8
1226670 2693.8
1226680 2690.0
1226690 2682.2
1226700 2682.2
1226710 2677.5
1226720 2672.7
1226730 2672.7
1226740 2667.8
1226750 2662.9
1226760 2662.9
1226770 2659.2
1226780 2655.1
1226790 2655.1
1226800 2648.9
1226810 2641.7
1226820 2641.7
1226830 2633.6
1226840 2624.5
1226850 2624.5
1226860 2616.2
1226870 2608.7
1226880 2601.3
1226890 2601.3
1226900 2593.6
1226910 2585.5
1226920 2585.5
1226930 2577.9
1226940 2571.0
1226950 2571.0
1226960 2564.1
1226970 2557.5
1226980 2557.5
1226990 2551.3
1227000 2545.0
1227010 2545.0
1227020 2539.1
1227030 2533.7
1227040 2533.7
1227050 2528.1
1227060 2522.5
1227070 2516.2
1227080 2516.2
1227090 2508.6
1227100 2500.8
1227110 2500.8
1227120 2493.5
1227130 2485.7
1227140 2485.7
1227150 2478.6
1227160 2471.4
1227170 2471.4
1227180 2464.0
1227190 2458.8
1227200 2458.8
1227210 2454.6
1227220 2450.9
1227230 2450.9
1227240 2445.5
1227250 2440.9
1227260 2438.3
1227270 2438.3
1227280 2436.7
1227290 2435.4
1227300 2435.4
1227310 2434.3
1227320 2432.8
1227330 2432.8
1227340 2431.5
1227350 2429.6
1227360 2429.6
1227370 2427.6
1227380 2425.1
1227390 2425.1
1227400 2422.2
1227410 2419.3
1227420 2419.3
1227430 2415.3
1227440 2409.3
1227450 2402.4
1227460 2402.4
1227470 2395.3
1227480 2388.5
1227490 2388.5
1227500 2383.9
1227510 2380.3
1227520 2380.3
1227530 2376.4
1227540 2372.9
1227550 2372.9
1227560 2369.1
1227570 2364.5
1227580 2364.5
1227590 2359.3
1227600 2355.8
1227610 2355.8
1227620 2351.4
1227630 2346.2
1227640 2338.9
1227650 2338.9
1227660 2331.4
1227670 2321.9
1227680 2321.9
1227690 2318.0
1227700 2316.4
1227710 2316.4
1227720 2314.7
1227730 2313.1
1227740 2313.1
1227750 2312.0
1227760 2309.3
1227770 2309.3
1227780 2305.5
1227790 2300.9
1227800 2300.9
1227810 2294.8
1227820 2288.3
1227830 2283.4
1227840 2283.4
1227850 2280.0
1227860 2276.3
1227870 2276.3
1227880 2272.6
1227890 2269.3
1227900 2269.3
1227910 2266.3
1227920 2263.4
1227930 2263.4
1227940 2260.9
1227950 2256.4
1227960 2256.4
1227970 2250.2
1227980 2242.9
1227990 2242.9
1228000 2235.3
1228010 2227.2
1228020 2227.2
1228030 2219.7
1228040 2213.7
1228050 2207.9
1228060 2207.9
1228070 2204.5
1228080 2201.9
1228090 2201.9
1228100 2198.5
1228110 2193.5
1228120 2193.5
1228130 2188.8
1228140 2185.6
1228150 2185.6
1228160 2179.3
1228170 2170.8
1228180 2170.8
1228190 2162.2
1228200 2153.7
1228210 2153.7
1228220 2145.4
1228230 2137.8
1228240 2130.5
1228250 2130.5
1228260 2123.4
1228270 2116.7
1228280 2116.7
1228290 2111.0
1228300 2105.3
1228310 2105.3
1228320 2098.2
1228330 2089.6
1228340 2089.6
1228350 2081.2
1228360 2072.4
1228370 2072.4
1228380 2063.5
1228390 2055.4
1228400 2055.4
1228410 2046.9
1228420 2037.7
1228430 2029.8
1228440 2029.8
1228450 2024.1
1228460 2019.7
1228470 2019.7
1228480 2015.9
1228490 2011.3
1228500 2011.3
1228510 2005.5
1228520 1998.8
1228530 1998.8
1228540 1991.9
1228550 1985.3
1228560 1985.3
1228570 1979.6
1228580 1973.8
1228590 1973.8
1228600 1968.8
1228610 1963.3
1228620 1956.9
1228630 1956.9
1228640 1948.3
1228650 1940.4
1228660 1942.6
1228670 1935.3
1228680 1928.6
1228690 1928.6
1228700 1921.7
1228710 1915.2
1228720 1915.2
1228730 1907.7
1228740 1896.0
1228750 1896.0
1228760 1886.5
1228770 1880.4
1228780 1880.4
1228790 1876.4
1228800 1872.5
1228810 1868.1
1228820 1868.1
1228830 1864.2
1228840 1861.4
1228850 1861.4
1228860 1859.2
1228870 1858.6
1228880 1858.6
1228890 1856.4
1228900 1851.5
1228910 1851.5
1228920 1847.8
1228930 1847.0
1228940 1847.0
1228950 1843.7
1228960 1834.9
1228970 1834.9
1228980 1826.6
1228990 1820.1
1229000 1811.8
1229010 1811.8
1229020 1800.4
1229030 1791.0
1229040 1791.0
1229050 1783.7
1229060 1775.5
1229070 1775.5
1229080 1767.1
1229090 1758.5
1229100 1758.5
1229110 1746.8
1229120 1735.1
1229130 1735.1
1229140 1721.9
1229150 1696.8
1229160 1696.8
1229170 1691.4
1229180 1684.9
1229190 1677.0
1229200 1677.0
1229210 1670.1
1229220 1668.6
1229230 1668.6
1229240 1669.0
1229250 1667.8
1229260 1667.8
1229270 1667.5
1229280 1667.8
1229290 1667.8
1229300 1668.8
1229310 1670.2
1229320 1670.2
1229330 1670.1
1229340 1671.8
1229350 1671.8
1229360 1675.1
1229370 1680.9
1229380 1680.9
1229390 1684.0
1229400 1687.1
1229410 1690.3
1229420 1690.3
1229430 1694.0
1229440 1701.0
1229450 1701.0
1229460 1709.1
1229470 1717.8
1229480 1717.8
1229490 1725.6
1229500 1731.9
1229510 1731.9
1229520 1738.0
1229530 1742.7
1229540 1742.7
1229550 1748.0
1229560 1754.3
1229570 1754.3
1229580 1761.0
1229590 1768.0
1229600 1773.9
1229610 1773.9
1229620 1779.6
1229630 1784.8
1229640 1784.8
1229650 1795.4
1229660 1799.9
1229670 1799.9
1229680 1803.8
1229690 1807.2
1229700 1807.2
1229710 1809.5
1229720 1810.9
1229730 1810.9
1229740 1812.4
1229750 1815.6
1229760 1815.6
1229770 1818.9
1229780 1822.6
1229790 1827.4
1229800 1827.4
1229810 1833.7
1229820 1840.7
1229830 1840.7
1229840 1847.8
1229850 1854.7
1229860 1854.7
1229870 1861.4
1229880 1867.5
1229890 1867.5
1229900 1873.0
1229910 1877.7
1229920 1877.7
1229930 1882.0
1229940 1886.5
1229950 1886.5
1229960 1891.6
1229970 1897.0
1229980 1902.7
1229990 1902.7
1230000 1908.7
1230010 1915.2
1230020 1915.2
1230030 1922.1
1230040 1929.2
1230050 1929.2
1230060 1936.9
1230070 1944.3
1230080 1944.3
1230090 1951.7
1230100 1959.0
1230110 1959.0
1230120 1966.4
1230130 1975.2
1230140 1974.6
1230150 1981.7
1230160 1988.7
1230170 1996.1
1230180 1996.1
1230190 2004.4
1230200 2013.0
1230210 2013.0
1230220 2021.6
1230230 2030.3
1230240 2030.3
1230250 2038.7
1230260 2047.0
1230270 2047.0
1230280 2055.8
1230290 2064.4
1230300 2064.4
1230310 2073.1
1230320 2084.0
1230330 2084.0
1230340 2097.1
1230350 2110.1
1230360 2123.0
1230370 2123.0
1230380 2132.2
1230390 2137.1
1230400 2137.1
1230410 2148.5
1230420 2157.6
1230430 2157.6
1230440 2165.0
1230450 2171.9
1230460 2171.9
1230470 2178.6
1230480 2184.9
1230490 2184.9
1230500 2191.1
1230510 2197.3
1230520 2197.3
1230530 2203.7
1230540 2210.8
1230550 2218.6
1230560 2218.6
1230570 2226.6
1230580 2232.6
1230590 2232.6
1230600 2238.2
1230610 2246.1
1230620 2246.1
1230630 2254.9
1230640 2263.5
1230650 2263.5
1230660 2267.6
1230670 2268.0
1230680 2268.0
1230690 2267.9
1230700 2270.9
1230710 2270.9
1230720 2273.9
1230730 2278.3
1230740 2278.3
1230750 2283.9
1230760 2289.7
1230770 2293.7
1230780 2293.7
1230790 2296.9
1230800 2300.2
1230810 2300.2
1230820 2304.0
1230830 2308.5
1230840 2308.5
1230850 2312.5
1230860 2315.8
1230870 2315.8
1230880 2320.5
1230890 2323.3
1230900 2323.3
1230910 2325.8
1230920 2328.5
1230930 2328.5
1230940 2330.8
1230950 2337.3
1230960 2342.3
1230970 2342.3
1230980 2345.0
1230990 2348.4
1231000 2348.4
1231010 2351.2
1231020 2353.5
1231030 2353.5
1231040 2357.5
1231050 2361.1
1231060 2361.1
1231070 2363.9
1231080 2367.4
1231090 2367.4
1231100 2372.5
1231110 2378.6
1231120 2378.6
1231130 2385.2
1231140 2389.9
1231150 2394.3
1231160 2394.3
1231170 2397.1
1231180 2398.8
1231190 2398.8
1231200 2400.7
1231210 2403.8
1231220 2403.8
1231230 2408.4
1231240 2414.1
1231250 2414.1
1231260 2417.6
1231270 2420.0
1231280 2420.0
1231290 2422.7
1231300 2425.1
1231310 2425.1
1231320 2427.1
1231330 2430.5
1231340 2433.7
1231350 2433.7
1231360 2436.8
1231370 2442.0
1231380 2442.0
1231390 2449.8
1231400 2456.2
1231410 2456.2
1231420 2459.9
1231430 2462.2
1231440 2462.2
1231450 2464.9
1231460 2468.8
1231470 2468.8
1231480 2473.7
1231490 2478.5
1231500 2478.5
1231510 2483.9
1231520 2493.4
1231530 2504.2
1231540 2504.2
1231550 2511.6
1231560 2515.6
1231570 2515.6
1231580 2520.5
1231590 2524.0
1231600 2524.0
1231610 2526.0
1231620 2528.3
1231630 2528.3
1231640 2531.2
1231650 2535.0
1231660 2535.0
1231670 2538.3
1231680 2539.6
1231690 2539.6
1231700 2540.0
1231710 2538.8
1231720 2538.0
1231730 2538.0
1231740 2535.9
1231750 2535.1
1231760 2535.1
1231770 2536.1
1231780 2535.7
1231790 2535.7
1231800 2533.5
1231810 2529.2
1231820 2529.2
1231830 2523.8
1231840 2521.1
1231850 2521.1
1231860 2520.2
1231870 2519.0
1231880 2519.0
1231890 2518.7
1231900 2519.8
1231910 2520.1
1231920 2520.1
1231930 2516.0
1231940 2508.8
1231950 2508.8
1231960 2503.6
1231970 2498.3
1231980 2498.3
1231990 2493.0
1232000 2488.9
1232010 2488.9
1232020 2485.1
1232030 2481.3
1232040 2481.3
1232050 2476.6
1232060 2471.8
1232070 2471.8
1232080 2469.3
1232090 2467.7
1232100 2467.7
1232110 2465.4
1232120 2462.6
1232130 2459.0
1232140 2461.6
1232150 2461.2
1232160 2462.1
1232170 2462.1
1232180 2462.3
1232190 2460.6
1232200 2460.6
1232210 2460.2
1232220 2459.4
1232230 2459.4
1232240 2457.1
1232250 2455.6
1232260 2455.6
1232270 2454.4
1232280 2454.2
1232290 2454.2
1232300 2456.2
1232310 2461.2
1232320 2468.2
1232330 2468.2
1232340 2473.5
1232350 2473.5
1232360 2473.5
1232370 2471.8
1232380 2469.6
1232390 2469.6
1232400 2467.0
1232410 2463.3
1232420 2463.3
1232430 2460.3
1232440 2458.3
1232450 2458.3
1232460 2457.8
1232470 2455.0
1232480 2455.0
1232490 2449.9
1232500 2448.8
1232510 2448.6
1232520 2448.6
1232530 2446.7
1232540 2444.6
1232550 2444.6
1232560 2440.9
1232570 2440.0
1232580 2440.0
1232590 2441.4
1232600 2447.3
1232610 2447.3
1232620 2445.8
1232630 2444.1
1232640 2453.6
1232650 2452.6
1232660 2448.8
1232670 2448.8
1232680 2441.8
1232690 2437.3
1232700 2433.2
1232710 2433.2
1232720 2426.8
1232730 2423.2
1232740 2423.2
1232750 2418.3
1232760 2411.5
1232770 2411.5
1232780 2405.2
1232790 2400.9
1232800 2400.9
1232810 2394.7
1232820 2386.4
1232830 2386.4
1232840 2378.5
1232850 2371.8
1232860 2371.8
1232870 2365.1
1232880 2359.5
1232890 2351.3
1232900 2351.3
1232910 2342.2
1232920 2335.4
1232930 2335.4
1232940 2328.9
1232950 2321.9
1232960 2321.9
1232970 2314.2
1232980 2306.8
1232990 2306.8
1233000 2300.2
1233010 2292.6
1233020 2292.6
1233030 2285.5
1233040 2280.2
1233050 2280.2
1233060 2274.2
1233070 2268.8
1233080 2264.3
1233090 2264.3
1233100 2260.7
1233110 2256.7
1233120 2256.7
1233130 2252.4
1233140 2254.4
1233150 2254.4
1233160 2248.7
1233170 2242.5
1233180 2242.5
1233190 2236.4
1233200 2232.4
1233210 2232.4
1233220 2226.8
1233230 2221.0
1233240 2221.0
1233250 2216.0
1233260 2211.5
1233270 2209.4
1233280 2209.4
1233290 2208.5
1233300 2208.4
1233310 2208.4
1233320 2207.1
1233330 2206.7
1233340 2206.7
1233350 2206.3
1233360 2206.1
1233370 2206.1
1233380 2203.5
1233390 2201.2
1233400 2201.2
1233410 2199.1
1233420 2197.1
1233430 2197.1
1233440 2195.5
1233450 2193.9
1233460 2193.9
1233470 2191.9
1233480 2189.2
1233490 2186.6
1233500 2186.6
1233510 2184.0
1233520 2182.1
1233530 2182.1
1233540 2180.7
1233550 2177.9
1233560 2177.9
1233570 2175.5
1233580 2174.4
1233590 2174.4
1233600 2173.6
1233610 2172.6
1233620 2172.6
1233630 2171.9
1233640 2171.2
1233650 2174.3
1233660 2172.8
1233670 2171.5
1233680 2170.8
1233690 2170.8
1233700 2169.2
1233710 2167.5
1233720 2167.5
1233730 2166.7
1233740 2167.4
1233750 2167.4
1233760 2169.6
1233770 2171.4
1233780 2171.4
1233790 2172.7
1233800 2175.1
1233810 2175.1
1233820 2177.7
1233830 2181.1
1233840 2181.1
1233850 2183.1
1233860 2184.9
1233870 2188.7
1233880 2188.7
1233890 2192.1
1233900 2194.5
1233910 2194.5
1233920 2198.2
1233930 2202.0
1233940 2202.0
1233950 2205.7
1233960 2209.8
1233970 2209.8
1233980 2213.8
1233990 2218.0
1234000 2218.0
1234010 2223.1
1234020 2228.1
1234030 2228.1
1234040 2232.8
1234050 2237.8
1234060 2242.8
1234070 2242.8
1234080 2247.7
1234090 2252.6
1234100 2252.6
1234110 2257.5
1234120 2263.2
1234130 2263.2
1234140 2269.0
1234150 2272.6
1234160 2272.6
1234170 2278.9
1234180 2284.2
1234190 2284.2
1234200 2288.8
1234210 2292.6
1234220 2292.6
1234230 2296.0
1234240 2300.5
1234250 2306.1
1234260 2306.1
1234270 2311.3
1234280 2315.5
1234290 2315.5
1234300 2320.4
1234310 2324.0
1234320 2324.0
1234330 2326.4
1234340 2329.4
1234350 2329.4
1234360 2332.9
1234370 2337.1
1234380 2337.1
1234390 2342.2
1234400 2348.0
1234410 2348.0
1234420 2354.0
1234430 2359.8
1234440 2365.6
1234450 2365.6
1234460 2370.8
1234470 2374.7
1234480 2374.7
1234490 2378.1
1234500 2381.4
1234510 2381.4
1234520 2384.6
1234530 2388.6
1234540 2388.6
1234550 2392.8
1234560 2397.0
1234570 2397.0
1234580 2401.7
1234590 2407.3
1234600 2407.3
1234610 2415.2
1234620 2424.2
1234630 2424.2
1234640 2433.1
1234650 2441.4
1234660 2447.9
1234670 2447.9
1234680 2452.9
1234690 2459.0
1234700 2459.0
1234710 2462.0
1234720 2463.3
1234730 2463.3
1234740 2466.8
1234750 2471.2
1234760 2471.2
1234770 2475.3
1234780 2479.7
1234790 2479.7
1234800 2485.3
1234810 2490.9
1234820 2490.9
1234830 2497.1
1234840 2503.7
1234850 2510.2
1234860 2510.2
1234870 2516.8
1234880 2523.8
1234890 2523.8
1234900 2529.7
1234910 2533.5
1234920 2533.5
1234930 2538.0
1234940 2541.8
1234950 2541.8
1234960 2545.2
1234970 2549.0
1234980 2549.0
1234990 2553.5
1235000 2556.9
1235010 2556.9
1235020 2558.7
1235030 2559.7
1235040 2560.4
1235050 2560.4
1235060 2561.0
1235070 2562.1
1235080 2562.1
1235090 2563.5
1235100 2564.5
1235110 2564.5
1235120 2566.3
1235130 2568.9
1235140 2568.9
1235150 2572.1
1235160 2572.1
1235170 2572.1
1235180 2574.4
1235190 2577.0
1235200 2577.0
1235210 2579.5
1235220 2582.2
1235230 2586.9
1235240 2586.9
1235250 2591.8
1235260 2597.1
1235270 2597.1
1235280 2602.7
1235290 2608.5
1235300 2608.5
1235310 2614.6
1235320 2620.5
1235330 2620.5
1235340 2625.6
1235350 2628.6
1235360 2628.6
1235370 2630.7
1235380 2633.5
1235390 2633.5
1235400 2636.8
1235410 2641.1
1235420 2646.2
1235430 2646.2
1235440 2651.2
1235450 2656.4
1235460 2656.4
1235470 2662.5
1235480 2667.2
1235490 2667.2
1235500 2671.5
1235510 2676.6
1235520 2676.6
1235530 2683.0
1235540 2689.8
1235550 2689.8
1235560 2695.4
1235570 2699.8
1235580 2699.8
1235590 2704.9
1235600 2711.0
1235610 2718.1
1235620 2718.1
1235630 2723.9
1235640 2728.6
1235650 2728.6
1235660 2734.1
1235670 2742.4
1235680 2742.4
1235690 2750.2
1235700 2756.1
1235710 2756.1
1235720 2761.6
1235730 2765.5
1235740 2765.5
1235750 2770.0
1235760 2773.2
1235770 2773.2
1235780 2773.3
1235790 2772.7
1235800 2773.0
1235810 2773.0
1235820 2773.1
1235830 2773.5
1235840 2773.5
1235850 2773.7
1235860 2775.3
1235870 2775.3
1235880 2777.8
1235890 2780.3
1235900 2780.3
1235910 2783.1
1235920 2786.3
1235930 2786.3
1235940 2790.0
1235950 2794.3
1235960 2794.3
1235970 2794.3
1235980 2786.5
1235990 2786.5
1236000 2780.5
1236010 2778.9
1236020 2777.5
1236030 2777.5
1236040 2770.1
1236050 2759.7
1236060 2759.7
1236070 2761.4
1236080 2769.4
1236090 2769.4
1236100 2776.9
1236110 2784.9
1236120 2784.9
1236130 2791.9
1236140 2800.5
1236150 2800.5
1236160 2805.2
1236170 2797.0
1236180 2785.3
1236190 2780.3
1236200 2776.3
1236210 2768.4
1236220 2768.4
1236230 2764.7
1236240 2764.4
1236250 2764.4
1236260 2765.6
1236270 2768.0
1236280 2768.0
1236290 2771.3
1236300 2775.0
1236310 2775.0
1236320 2778.8
1236330 2783.4
1236340 2783.4
1236350 2787.8
1236360 2792.9
1236370 2792.9
1236380 2798.6
1236390 2796.6
1236400 2793.3
1236410 2793.3
1236420 2800.4
1236430 2804.8
1236440 2804.8
1236450 2808.9
1236460 2814.3
1236470 2814.3
1236480 2819.4
1236490 2824.1
1236500 2824.1
1236510 2831.5
1236520 2840.9
1236530 2840.9
1236540 2849.2
1236550 2857.4
1236560 2857.4
1236570 2865.7
1236580 2870.1
1236590 2867.6
1236600 2867.6
1236610 2862.7
1236620 2856.5
1236630 2856.5
1236640 2851.7
1236650 2852.4
1236660 2852.4
1236670 2848.1
1236680 2848.1
1236690 2835.0
1236700 2835.6
1236710 2840.1
1236720 2840.1
1236730 2848.6
1236740 2857.7
1236750 2857.7
1236760 2864.2
1236770 2863.2
1236780 2860.0
1236790 2860.0
1236800 2857.5
1236810 2849.6
1236820 2849.6
1236830 2842.7
1236840 2837.5
1236850 2837.5
1236860 2835.6
1236870 2834.6
1236880 2834.6
1236890 2830.7
1236900 2821.4
1236910 2821.4
1236920 2805.2
1236930 2794.5
1236940 2794.5
1236950 2784.1
1236960 2773.7
1236970 2769.9
1236980 2769.9
1236990 2762.7
1237000 2748.0
1237010 2748.0
1237020 2737.1
1237030 2731.5
1237040 2731.5
1237050 2713.8
1237060 2682.4
1237070 2682.4
1237080 2653.4
1237090 2637.7
1237100 2637.7
1237110 2624.4
1237120 2607.8
1237130 2607.8
1237140 2592.1
1237150 2585.3
1237160 2578.5
1237170 2578.5
1237180 2571.4
1237190 2564.6
1237200 2564.7
1237210 2558.0
1237220 2552.4
1237230 2552.4
1237240 2548.6
1237250 2545.8
1237260 2545.8
1237270 2541.8
1237280 2534.0
1237290 2534.0
1237300 2527.7
1237310 2523.9
1237320 2523.9
1237330 2522.9
1237340 2522.6
1237350 2522.6
1237360 2523.2
1237370 2525.6
