1220000 2554.9
1220010 2551.0
1220020 2551.0
1220030 2547.0
1220040 2542.5
1220050 2542.5
1220060 2535.5
1220070 2527.8
1220080 2527.8
1220090 2521.7
1220100 2516.4
1220110 2516.4
1220120 2511.5
1220130 2507.1
1220140 2507.1
1220150 2503.3
1220160 2499.8
1220170 2497.3
1220180 2497.3
1220190 2493.8
1220200 2489.6
1220210 2487.2
1220220 2484.9
1220230 2483.3
1220240 2483.3
1220250 2482.7
1220260 2482.4
1220270 2482.4
1220280 2482.6
1220290 2483.6
1220300 2483.6
1220310 2485.3
1220320 2486.9
1220330 2486.9
1220340 2485.8
1220350 2482.7
1220360 2482.7
1220370 2477.5
1220380 2469.5
1220390 2454.2
1220400 2454.2
1220410 2441.7
1220420 2435.1
1220430 2435.1
1220440 2429.9
1220450 2425.2
1220460 2425.2
1220470 2420.2
1220480 2413.6
1220490 2413.6
1220500 2406.2
1220510 2399.1
1220520 2399.1
1220530 2393.5
1220540 2389.2
1220550 2389.2
1220560 2383.8
1220570 2376.7
1220580 2370.5
1220590 2370.5
1220600 2365.5
1220610 2361.9
1220620 2361.9
1220630 2359.2
1220640 2356.6
1220650 2356.6
1220660 2354.4
1220670 2352.4
1220680 2352.4
1220690 2347.9
1220700 2345.5
1220710 2345.5
1220720 2343.3
1220730 2341.5
1220740 2341.5
1220750 2340.1
1220760 2339.2
1220770 2338.0
1220780 2338.0
1220790 2335.8
1220800 2333.6
1220810 2333.6
1220820 2331.5
1220830 2328.8
1220840 2328.8
1220850 2325.6
1220860 2321.9
1220870 2321.9
1220880 2319.5
1220890 2317.8
1220900 2317.8
1220910 2315.5
1220920 2311.9
1220930 2311.9
1220940 2309.3
1220950 2305.4
1220960 2300.5
1220970 2300.5
1220980 2295.9
1220990 2290.5
1221000 2290.5
1221010 2284.3
1221020 2279.1
1221030 2279.1
1221040 2275.1
1221050 2271.7
1221060 2271.7
1221070 2268.1
1221080 2265.5
1221090 2265.5
1221100 2262.8
1221110 2259.7
1221120 2259.7
1221130 2255.4
1221140 2251.2
1221150 2247.2
1221160 2247.2
1221170 2237.7
1221180 2234.7
1221190 2234.7
1221200 2232.3
1221210 2229.6
1221220 2229.6
1221230 2225.6
1221240 2224.6
1221250 2224.6
1221260 2223.9
1221270 2220.6
1221280 2220.6
1221290 2216.8
1221300 2213.5
1221310 2213.5
1221320 2210.9
1221330 2208.9
1221340 2207.6
1221350 2207.6
1221360 2206.1
1221370 2203.8
1221380 2203.8
1221390 2200.3
1221400 2195.4
1221410 2195.4
1221420 2189.4
1221430 2183.2
1221440 2183.2
1221450 2177.0
1221460 2170.9
1221470 2170.9
1221480 2164.1
1221490 2157.9
1221500 2157.9
1221510 2151.5
1221520 2142.1
1221530 2142.1
1221540 2132.7
1221550 2124.7
1221560 2116.7
1221570 2116.7
1221580 2109.3
1221590 2103.2
1221600 2103.2
1221610 2096.1
1221620 2088.4
1221630 2088.4
1221640 2081.3
1221650 2075.6
1221660 2075.6
1221670 2068.4
1221680 2060.9
1221690 2060.9
1221700 2053.6
1221710 2040.7
1221720 2040.7
1221730 2026.4
1221740 2016.6
1221750 2011.3
1221760 2011.3
1221770 2008.1
1221780 2004.6
1221790 2004.6
1221800 1998.4
1221810 1991.4
1221820 1991.4
1221830 1984.5
1221840 1977.5
1221850 1977.5
1221860 1970.3
1221870 1962.9
1221880 1962.9
1221890 1956.9
1221900 1950.7
1221910 1950.7
1221920 1944.8
1221930 1939.5
1221940 1935.6
1221950 1935.6
1221960 1930.8
1221970 1925.2
1221980 1925.2
1221990 1920.7
1222000 1916.9
1222010 1916.9
1222020 1914.4
1222030 1911.3
1222040 1911.3
1222050 1902.0
1222060 1896.8
1222070 1896.8
1222080 1889.0
1222090 1876.7
1222100 1876.7
1222110 1871.8
1222120 1872.5
1222130 1859.5
1222140 1859.5
1222150 1850.2
1222160 1840.7
1222170 1840.7
1222180 1835.0
1222190 1831.4
1222200 1831.4
1222210 1820.1
1222220 1812.2
1222230 1812.2
1222240 1806.3
1222250 1798.3
1222260 1798.3
1222270 1794.7
1222280 1790.5
1222290 1790.5
1222300 1785.9
1222310 1781.2
1222320 1776.4
1222330 1776.4
1222340 1770.9
1222350 1765.5
1222360 1765.5
1222370 1759.6
1222380 1748.9
1222390 1748.9
1222400 1736.2
1222410 1728.9
1222420 1728.9
1222430 1723.0
1222440 1712.2
1222450 1712.2
1222460 1704.2
1222470 1698.5
1222480 1698.5
1222490 1693.2
1222500 1687.3
1222510 1687.3
1222520 1681.4
1222530 1674.1
1222540 1667.4
1222550 1667.4
1222560 1661.0
1222570 1654.8
1222580 1654.8
1222590 1647.1
1222600 1640.4
1222610 1636.8
1222620 1630.8
1222630 1624.7
1222640 1624.7
1222650 1618.8
1222660 1612.2
1222670 1612.2
1222680 1606.9
1222690 1602.9
1222700 1602.9
1222710 1598.7
1222720 1595.3
1222730 1591.4
1222740 1591.4
1222750 1587.5
1222760 1584.5
1222770 1584.5
1222780 1583.5
1222790 1581.5
1222800 1581.5
1222810 1580.6
1222820 1577.3
1222830 1577.3
1222840 1572.8
1222850 1569.8
1222860 1569.8
1222870 1568.2
1222880 1567.3
1222890 1567.3
1222900 1566.5
1222910 1565.5
1222920 1564.5
1222930 1564.5
1222940 1562.8
1222950 1559.5
1222960 1559.5
1222970 1556.5
1222980 1554.1
1222990 1554.1
1223000 1554.8
1223010 1556.0
1223020 1556.0
1223030 1556.8
1223040 1560.9
1223050 1560.9
1223060 1566.3
1223070 1568.7
1223080 1568.7
1223090 1570.9
1223100 1573.8
1223110 1576.9
1223120 1576.9
1223130 1580.1
1223140 1582.9
1223150 1582.9
1223160 1585.3
1223170 1588.5
1223180 1588.5
1223190 1592.7
1223200 1595.7
1223210 1595.7
1223220 1598.8
1223230 1601.6
1223240 1601.6
1223250 1604.1
1223260 1606.3
1223270 1606.3
1223280 1608.5
1223290 1610.3
1223300 1612.5
1223310 1612.5
1223320 1614.9
1223330 1617.7
1223340 1617.7
1223350 1621.0
1223360 1625.6
1223370 1625.6
1223380 1631.2
1223390 1634.0
1223400 1634.0
1223410 1634.4
1223420 1634.3
1223430 1634.3
1223440 1635.1
1223450 1636.8
1223460 1636.8
1223470 1638.7
1223480 1640.7
1223490 1644.3
1223500 1644.3
1223510 1650.0
1223520 1658.5
1223530 1658.5
1223540 1669.2
1223550 1674.7
1223560 1674.7
1223570 1678.5
1223580 1689.9
1223590 1689.9
1223600 1695.4
1223610 1700.5
1223620 1700.5
1223630 1706.9
1223640 1716.4
1223650 1716.4
1223660 1724.2
1223670 1730.4
1223680 1730.4
1223690 1737.4
1223700 1743.8
1223710 1750.1
1223720 1750.1
1223730 1755.1
1223740 1762.3
1223750 1762.3
1223760 1779.1
1223770 1782.2
1223780 1782.2
1223790 1786.6
1223800 1791.9
1223810 1791.9
1223820 1796.1
1223830 1798.7
1223840 1798.7
1223850 1799.9
1223860 1801.3
1223870 1801.3
1223880 1806.9
1223890 1812.0
1223900 1811.9
1223910 1811.9
1223920 1813.9
1223930 1817.1
1223940 1817.1
1223950 1823.2
1223960 1829.5
1223970 1829.5
1223980 1837.2
1223990 1842.1
1224000 1842.1
1224010 1847.3
1224020 1852.5
1224030 1852.5
1224040 1856.1
1224050 1857.1
1224060 1865.6
1224070 1865.4
1224080 1863.6
1224090 1864.0
1224100 1864.0
1224110 1865.1
1224120 1872.5
1224130 1872.5
1224140 1887.1
1224150 1895.7
1224160 1895.7
1224170 1902.8
1224180 1911.1
1224190 1911.1
1224200 1917.1
1224210 1922.6
1224220 1922.6
1224230 1928.0
1224240 1934.4
1224250 1934.4
1224260 1935.2
1224270 1932.5
1224280 1931.2
1224290 1931.2
1224300 1935.5
1224310 1942.2
1224320 1942.2
1224330 1945.8
1224340 1950.8
1224350 1950.8
1224360 1957.6
1224370 1966.5
1224380 1966.5
1224390 1975.3
1224400 1978.2
1224410 1978.2
1224420 1977.7
1224430 1979.8
1224440 1979.8
1224450 1975.9
1224460 1967.9
1224470 1959.4
1224480 1959.4
1224490 1951.5
1224500 1958.1
1224510 1958.1
1224520 1971.9
1224530 1983.5
1224540 1983.5
1224550 2001.9
1224560 2014.6
1224570 2014.6
1224580 2030.2
1224590 2047.3
1224600 2047.3
1224610 2063.4
1224620 2070.5
1224630 2070.5
1224640 2077.3
1224650 2077.7
1224660 2081.2
1224670 2081.2
1224680 2091.5
1224690 2098.9
1224700 2098.9
1224710 2104.3
1224720 2113.1
1224730 2113.1
1224740 2122.3
1224750 2133.3
1224760 2133.3
1224770 2142.1
1224780 2151.2
1224790 2151.2
1224800 2162.7
1224810 2175.5
1224820 2175.5
1224830 2185.9
1224840 2192.8
1224850 2192.8
1224860 2198.7
1224870 2206.8
1224880 2214.7
1224890 2214.7
1224900 2219.7
1224910 2222.7
1224920 2222.7
1224930 2223.3
1224940 2222.0
1224950 2222.0
1224960 2219.4
1224970 2215.6
1224980 2215.6
1224990 2215.0
1225000 2216.9
1225010 2216.9
1225020 2219.1
1225030 2221.7
1225040 2231.5
1225050 2235.3
1225060 2240.6
1225070 2248.2
1225080 2248.2
1225090 2250.1
1225100 2248.1
1225110 2248.1
1225120 2246.7
1225130 2247.6
1225140 2247.6
1225150 2248.8
1225160 2251.1
1225170 2251.1
1225180 2253.4
1225190 2254.9
1225200 2254.9
1225210 2256.4
1225220 2258.9
1225230 2258.9
1225240 2263.1
1225250 2268.0
1225260 2272.2
1225270 2272.2
1225280 2274.3
1225290 2274.5
1225300 2274.5
1225310 2276.0
1225320 2279.8
1225330 2279.8
1225340 2284.0
1225350 2284.8
1225360 2284.8
1225370 2281.4
1225380 2277.6
1225390 2277.6
1225400 2274.1
1225410 2271.6
1225420 2271.6
1225430 2269.9
1225440 2269.5
1225450 2267.1
1225460 2267.1
1225470 2260.0
1225480 2257.1
1225490 2257.1
1225500 2257.4
1225510 2258.0
1225520 2261.1
1225530 2260.8
1225540 2259.8
1225550 2259.8
1225560 2259.8
1225570 2261.6
1225580 2261.6
1225590 2264.0
1225600 2265.5
1225610 2265.5
1225620 2265.8
1225630 2269.5
1225640 2275.3
1225650 2275.3
1225660 2280.8
1225670 2286.5
1225680 2286.5
1225690 2290.5
1225700 2294.6
1225710 2294.6
1225720 2298.1
1225730 2299.7
1225740 2299.7
1225750 2301.1
1225760 2303.7
1225770 2303.7
1225780 2306.0
1225790 2309.4
1225800 2309.4
1225810 2314.3
1225820 2318.3
1225830 2318.3
1225840 2324.2
1225850 2331.4
1225860 2337.7
1225870 2337.7
1225880 2338.7
1225890 2340.1
1225900 2340.1
1225910 2339.0
1225920 2336.0
1225930 2336.0
1225940 2335.0
1225950 2335.7
1225960 2335.7
1225970 2336.7
1225980 2337.2
1225990 2337.2
1226000 2337.2
1226010 2346.4
1226020 2346.4
1226030 2349.7
1226040 2352.7
1226050 2353.4
1226060 2353.4
1226070 2352.4
1226080 2355.3
1226090 2355.3
1226100 2358.3
1226110 2361.6
1226120 2361.6
1226130 2366.9
1226140 2369.8
1226150 2369.8
1226160 2369.0
1226170 2366.3
1226180 2366.3
1226190 2365.8
1226200 2367.3
1226210 2367.3
1226220 2369.2
1226230 2374.7
1226240 2378.2
1226250 2378.2
1226260 2377.8
1226270 2377.5
1226280 2377.5
1226290 2381.4
1226300 2388.5
1226310 2388.5
1226320 2394.2
1226330 2395.0
1226340 2395.0
1226350 2394.9
1226360 2395.0
1226370 2395.0
1226380 2396.7
1226390 2399.0
1226400 2399.0
1226410 2401.4
1226420 2407.2
1226430 2406.3
1226440 2406.3
1226450 2402.9
1226460 2399.6
1226470 2399.6
1226480 2397.7
1226490 2396.6
1226500 2402.1
1226510 2400.6
1226520 2398.3
1226530 2398.3
1226540 2396.6
1226550 2394.7
1226560 2394.7
1226570 2393.1
1226580 2392.8
1226590 2392.8
1226600 2392.5
1226610 2393.0
1226620 2395.0
1226630 2395.0
1226640 2398.4
1226650 2401.8
1226660 2401.8
1226670 2404.3
1226680 2406.9
1226690 2406.9
1226700 2409.9
1226710 2413.0
1226720 2413.0
1226730 2416.0
1226740 2418.8
1226750 2418.8
1226760 2421.7
1226770 2425.4
1226780 2425.4
1226790 2428.2
1226800 2428.9
1226810 2429.5
1226820 2429.5
1226830 2431.9
1226840 2434.4
1226850 2434.4
1226860 2433.7
1226870 2433.1
1226880 2433.1
1226890 2437.2
1226900 2441.0
1226910 2441.0
1226920 2442.9
1226930 2444.9
1226940 2444.9
1226950 2456.1
1226960 2459.5
1226970 2459.5
1226980 2461.3
1226990 2470.4
1227000 2470.4
1227010 2468.5
1227020 2466.7
1227030 2466.9
1227040 2466.9
1227050 2468.8
1227060 2469.7
1227070 2469.7
1227080 2469.6
1227090 2469.1
1227100 2469.1
1227110 2468.7
1227120 2468.9
1227130 2468.9
1227140 2468.7
1227150 2467.2
1227160 2467.2
1227170 2464.4
1227180 2461.5
1227190 2461.5
1227200 2458.8
1227210 2456.2
1227220 2453.3
1227230 2453.3
1227240 2450.5
1227250 2447.9
1227260 2447.9
1227270 2445.8
1227280 2443.9
1227290 2443.9
1227300 2441.7
1227310 2439.7
1227320 2439.7
1227330 2438.1
1227340 2436.8
1227350 2436.8
1227360 2435.6
1227370 2434.5
1227380 2434.5
1227390 2433.9
1227400 2433.2
1227410 2429.9
1227420 2429.9
1227430 2423.5
1227440 2418.0
1227450 2418.0
1227460 2412.8
1227470 2408.4
1227480 2408.1
1227490 2406.9
1227500 2404.8
1227510 2404.8
1227520 2401.7
1227530 2400.0
1227540 2400.0
1227550 2397.6
1227560 2395.5
1227570 2395.5
1227580 2393.8
1227590 2391.5
1227600 2388.8
1227610 2388.8
1227620 2385.0
1227630 2380.8
1227640 2380.8
1227650 2376.5
1227660 2372.0
1227670 2372.0
1227680 2367.1
1227690 2363.3
1227700 2363.3
1227710 2357.4
1227720 2350.7
1227730 2350.7
1227740 2345.5
1227750 2340.1
1227760 2340.1
1227770 2335.5
1227780 2329.9
1227790 2323.2
1227800 2323.2
1227810 2315.5
1227820 2309.7
1227830 2309.7
1227840 2304.6
1227850 2297.2
1227860 2297.2
1227870 2291.6
1227880 2285.0
1227890 2285.0
1227900 2278.0
1227910 2273.4
1227920 2273.4
1227930 2269.5
1227940 2266.8
1227950 2266.8
1227960 2264.5
1227970 2260.4
1227980 2256.3
1227990 2256.3
1228000 2251.6
1228010 2245.3
1228020 2245.3
1228030 2240.3
1228040 2234.1
1228050 2234.1
1228060 2226.6
1228070 2220.1
1228080 2220.1
1228090 2214.0
1228100 2209.4
1228110 2209.4
1228120 2203.2
1228130 2193.3
1228140 2193.3
1228150 2182.2
1228160 2171.8
1228170 2171.8
1228180 2160.2
1228190 2150.1
1228200 2141.2
1228210 2141.2
1228220 2132.9
1228230 2124.7
1228240 2124.7
1228250 2117.7
1228260 2112.7
1228270 2112.7
1228280 2108.0
1228290 2102.8
1228300 2102.8
1228310 2096.7
1228320 2088.9
1228330 2088.9
1228340 2081.7
1228350 2074.2
1228360 2074.2
1228370 2066.5
1228380 2059.3
1228390 2051.6
1228400 2051.6
1228410 2041.6
1228420 2031.7
1228430 2031.7
1228440 2022.7
1228450 2014.1
1228460 2014.1
1228470 2004.4
1228480 1997.4
1228490 1997.4
1228500 1990.6
1228510 1983.4
1228520 1983.4
1228530 1976.4
1228540 1969.5
1228550 1969.5
1228560 1962.8
1228570 1957.0
1228580 1951.6
1228590 1951.6
1228600 1946.3
1228610 1941.3
1228620 1941.3
1228630 1935.8
1228640 1930.1
1228650 1930.1
1228660 1924.5
1228670 1919.6
1228680 1919.6
1228690 1915.0
1228700 1910.6
1228710 1910.6
1228720 1906.5
1228730 1902.2
1228740 1902.2
1228750 1897.3
1228760 1893.3
1228770 1890.3
1228780 1890.3
1228790 1886.9
1228800 1884.0
1228810 1884.0
1228820 1881.1
1228830 1878.0
1228840 1878.0
1228850 1874.5
1228860 1869.6
1228870 1869.6
1228880 1863.7
1228890 1857.7
1228900 1857.7
1228910 1852.5
1228920 1847.5
1228930 1847.5
1228940 1842.4
1228950 1837.6
1228960 1830.2
1228970 1830.2
1228980 1826.0
1228990 1821.8
1229000 1821.8
1229010 1817.3
1229020 1812.8
1229030 1812.8
1229040 1808.4
1229050 1805.1
1229060 1805.1
1229070 1800.3
1229080 1794.6
1229090 1794.6
1229100 1788.9
1229110 1783.5
1229120 1783.5
1229130 1779.0
1229140 1775.0
1229150 1775.0
1229160 1769.4
1229170 1761.5
1229180 1752.3
1229190 1752.3
1229200 1745.1
1229210 1736.2
1229220 1736.2
1229230 1726.2
1229240 1719.4
1229250 1719.4
1229260 1712.4
1229270 1702.2
1229280 1702.2
1229290 1692.7
1229300 1682.9
1229310 1682.9
1229320 1671.0
1229330 1665.2
1229340 1665.2
1229350 1657.3
1229360 1648.3
1229370 1642.3
1229380 1642.3
1229390 1642.1
1229400 1643.3
1229410 1643.3
1229420 1643.7
1229430 1643.6
1229440 1643.6
1229450 1643.8
1229460 1644.6
1229470 1644.6
1229480 1644.1
1229490 1643.9
1229500 1643.9
1229510 1646.4
1229520 1648.8
1229530 1648.8
1229540 1652.1
1229550 1652.9
1229560 1653.7
1229570 1653.7
1229580 1656.6
1229590 1662.2
1229600 1662.2
1229610 1668.6
1229620 1674.0
1229630 1674.0
1229640 1679.8
1229650 1686.5
1229660 1686.5
1229670 1693.1
1229680 1699.9
1229690 1699.9
1229700 1707.8
1229710 1716.1
1229720 1716.1
1229730 1724.3
1229740 1732.7
1229750 1742.5
1229760 1742.5
1229770 1752.3
1229780 1765.0
1229790 1765.0
1229800 1777.8
1229810 1786.4
1229820 1786.4
1229830 1797.5
1229840 1817.0
1229850 1817.0
1229860 1834.0
1229870 1837.1
1229880 1837.1
1229890 1840.1
1229900 1848.1
1229910 1848.1
1229920 1861.2
1229930 1873.6
1229940 1887.9
1229950 1887.9
1229960 1891.9
1229970 1892.0
1229980 1892.0
1229990 1897.3
1230000 1900.8
1230010 1900.8
1230020 1906.0
1230030 1913.9
1230040 1913.9
1230050 1922.2
1230060 1928.5
1230070 1928.5
1230080 1933.6
1230090 1942.3
1230100 1942.3
1230110 1950.0
1230120 1953.0
1230130 1959.5
1230140 1959.5
1230150 1969.3
1230160 1975.2
1230170 1975.2
1230180 1985.0
1230190 1999.0
1230200 1999.0
1230210 2006.2
1230220 2013.3
1230230 2013.3
1230240 2019.1
1230250 2025.6
1230260 2025.6
1230270 2033.4
1230280 2039.4
1230290 2039.4
1230300 2041.1
1230310 2046.8
1230320 2046.8
1230330 2053.6
1230340 2059.8
1230350 2064.9
1230360 2064.9
1230370 2070.7
1230380 2075.1
1230390 2075.1
1230400 2078.8
1230410 2081.1
1230420 2081.1
1230430 2088.6
1230440 2095.8
1230450 2097.5
1230460 2104.5
1230470 2110.6
1230480 2110.6
1230490 2116.0
1230500 2122.3
1230510 2122.3
1230520 2128.7
1230530 2135.2
1230540 2140.7
1230550 2140.7
1230560 2145.3
1230570 2149.6
1230580 2149.6
1230590 2154.1
1230600 2158.5
1230610 2158.5
1230620 2162.8
1230630 2166.5
1230640 2166.5
1230650 2169.5
1230660 2173.1
1230670 2173.1
1230680 2177.3
1230690 2183.2
1230700 2183.2
1230710 2187.3
1230720 2188.7
1230730 2191.0
1230740 2191.0
1230750 2195.5
1230760 2197.2
1230770 2197.2
1230780 2197.4
1230790 2197.0
1230800 2197.0
1230810 2196.2
1230820 2195.0
1230830 2195.0
1230840 2193.2
1230850 2191.4
1230860 2191.4
1230870 2190.2
1230880 2190.4
1230890 2190.4
1230900 2190.5
1230910 2190.5
1230920 2190.8
1230930 2190.8
1230940 2190.8
1230950 2194.5
1230960 2194.5
1230970 2190.1
1230980 2184.3
1230990 2184.3
1231000 2181.9
1231010 2184.8
1231020 2184.8
1231030 2186.1
1231040 2184.9
1231050 2184.9
1231060 2183.8
1231070 2181.9
1231080 2181.9
1231090 2180.5
1231100 2178.8
1231110 2178.0
1231120 2178.0
1231130 2175.4
1231140 2173.5
1231150 2173.5
1231160 2172.5
1231170 2170.8
1231180 2170.8
1231190 2170.6
1231200 2171.1
1231210 2171.1
1231220 2171.9
1231230 2172.0
1231240 2172.0
1231250 2170.0
1231260 2167.6
1231270 2167.6
1231280 2163.2
1231290 2156.7
1231300 2150.8
1231310 2150.8
1231320 2146.2
1231330 2140.7
1231340 2140.7
1231350 2139.9
1231360 2136.8
1231370 2136.8
1231380 2135.4
1231390 2135.0
1231400 2135.0
1231410 2133.7
1231420 2131.5
1231430 2131.5
1231440 2128.7
1231450 2136.4
1231460 2136.4
1231470 2133.1
1231480 2130.3
1231490 2130.3
1231500 2128.6
1231510 2125.6
1231520 2120.8
1231530 2120.8
1231540 2117.0
1231550 2113.6
1231560 2113.6
1231570 2109.5
1231580 2105.1
1231590 2105.1
1231600 2100.2
1231610 2096.5
1231620 2096.5
1231630 2093.5
1231640 2091.3
1231650 2091.3
1231660 2088.5
1231670 2086.6
1231680 2086.6
1231690 2086.6
1231700 2086.2
1231710 2085.4
1231720 2085.4
1231730 2083.5
1231740 2080.8
1231750 2080.8
1231760 2077.0
1231770 2074.2
1231780 2074.2
1231790 2072.8
1231800 2071.7
1231810 2071.7
1231820 2071.3
1231830 2070.6
1231840 2070.6
1231850 2069.5
1231860 2068.4
1231870 2068.4
1231880 2066.7
1231890 2065.8
1231900 2065.9
1231910 2065.9
1231920 2067.2
1231930 2066.7
1231940 2066.7
1231950 2070.9
1231960 2071.4
1231970 2071.4
1231980 2071.7
1231990 2071.5
1232000 2071.5
1232010 2072.0
1232020 2072.7
1232030 2072.7
1232040 2072.3
1232050 2071.9
1232060 2071.9
1232070 2070.3
1232080 2068.6
1232090 2066.7
1232100 2066.7
1232110 2066.1
1232120 2065.8
1232130 2065.8
1232140 2063.7
1232150 2061.5
1232160 2061.5
1232170 2063.0
1232180 2065.6
1232190 2065.6
1232200 2068.1
1232210 2069.2
1232220 2069.2
1232230 2070.4
1232240 2072.2
1232250 2072.2
1232260 2074.4
1232270 2076.9
1232280 2078.8
1232290 2078.8
1232300 2080.8
1232310 2083.2
1232320 2083.2
1232330 2085.2
1232340 2087.7
1232350 2087.7
1232360 2090.0
1232370 2091.0
1232380 2091.0
1232390 2090.7
1232400 2090.9
1232410 2090.9
1232420 2093.2
1232430 2094.7
1232440 2094.7
1232450 2092.4
1232460 2094.2
1232470 2096.3
1232480 2096.3
1232490 2097.9
1232500 2099.6
1232510 2099.6
1232520 2101.9
1232530 2103.6
1232540 2103.6
1232550 2105.4
1232560 2107.0
1232570 2107.0
1232580 2109.9
1232590 2113.4
1232600 2113.4
1232610 2116.3
1232620 2118.6
1232630 2118.6
1232640 2120.9
1232650 2123.5
1232660 2123.5
1232670 2126.4
1232680 2129.6
1232690 2133.7
1232700 2133.7
1232710 2136.3
1232720 2138.4
1232730 2138.4
1232740 2142.5
1232750 2146.2
1232760 2146.2
1232770 2149.4
1232780 2151.4
1232790 2151.4
1232800 2155.1
1232810 2159.7
1232820 2159.7
1232830 2163.6
1232840 2167.3
1232850 2167.3
1232860 2171.5
1232870 2176.1
1232880 2179.7
1232890 2179.7
1232900 2185.1
1232910 2191.1
1232920 2191.1
1232930 2195.5
1232940 2201.0
1232950 2192.9
1232960 2198.8
1232970 2203.6
1232980 2203.6
1232990 2207.6
1233000 2212.9
1233010 2212.9
1233020 2219.9
1233030 2224.4
1233040 2224.4
1233050 2231.6
1233060 2238.3
1233070 2244.6
1233080 2244.6
1233090 2251.6
1233100 2258.6
1233110 2258.6
1233120 2263.9
1233130 2271.3
1233140 2271.3
1233150 2275.7
1233160 2277.7
1233170 2277.7
1233180 2283.6
1233190 2291.1
1233200 2291.1
1233210 2296.4
1233220 2301.4
1233230 2301.4
1233240 2306.2
1233250 2311.9
1233260 2317.3
1233270 2317.3
1233280 2322.0
1233290 2327.1
1233300 2327.1
1233310 2331.2
1233320 2334.8
1233330 2334.8
1233340 2338.2
1233350 2342.1
1233360 2342.1
1233370 2347.1
1233380 2351.3
1233390 2351.3
1233400 2355.3
1233410 2359.5
1233420 2359.5
1233430 2363.5
1233440 2367.6
1233450 2366.8
1233460 2366.8
1233470 2370.6
1233480 2373.5
1233490 2373.5
1233500 2373.8
1233510 2372.7
1233520 2372.7
1233530 2372.7
1233540 2376.1
1233550 2376.1
1233560 2380.1
1233570 2385.5
1233580 2385.5
1233590 2392.7
1233600 2400.4
1233610 2400.4
1233620 2405.4
1233630 2409.9
1233640 2413.8
1233650 2413.8
1233660 2416.0
1233670 2418.7
1233680 2418.7
1233690 2423.5
1233700 2429.5
1233710 2429.5
1233720 2433.9
1233730 2436.7
1233740 2436.7
1233750 2437.7
1233760 2439.2
1233770 2439.2
1233780 2442.6
1233790 2446.9
1233800 2446.9
1233810 2451.4
1233820 2454.7
1233830 2454.7
1233840 2457.7
1233850 2461.0
1233860 2461.5
1233870 2461.5
1233880 2461.1
1233890 2465.7
1233900 2465.7
1233910 2470.9
1233920 2476.7
1233930 2476.7
1233940 2481.0
1233950 2484.0
1233960 2479.2
1233970 2481.1
1233980 2483.0
1233990 2483.0
1234000 2485.7
1234010 2485.7
1234020 2485.7
1234030 2481.1
1234040 2480.0
1234050 2483.0
1234060 2483.0
1234070 2488.8
1234080 2492.6
1234090 2492.6
1234100 2496.4
1234110 2498.3
1234120 2498.3
1234130 2496.7
1234140 2494.7
1234150 2494.7
1234160 2498.1
1234170 2500.9
1234180 2500.9
1234190 2504.1
1234200 2507.0
1234210 2507.0
1234220 2510.5
1234230 2515.2
1234240 2521.6
1234250 2521.6
1234260 2528.3
1234270 2533.0
1234280 2533.0
1234290 2535.9
1234300 2537.8
1234310 2537.8
1234320 2539.0
1234330 2540.1
1234340 2540.1
1234350 2541.2
1234360 2541.8
1234370 2541.8
1234380 2542.3
1234390 2543.4
1234400 2543.4
1234410 2544.7
1234420 2545.6
1234430 2546.4
1234440 2546.4
1234450 2549.2
1234460 2546.0
1234470 2546.0
1234480 2547.1
1234490 2547.2
1234500 2547.2
1234510 2546.8
1234520 2546.4
1234530 2546.4
1234540 2546.3
1234550 2548.7
1234560 2548.7
1234570 2553.1
1234580 2557.7
1234590 2557.7
1234600 2565.7
1234610 2571.6
1234620 2574.4
1234630 2574.4
1234640 2575.6
1234650 2579.7
1234660 2579.7
1234670 2584.4
1234680 2587.5
1234690 2587.5
1234700 2589.9
1234710 2590.4
1234720 2590.4
1234730 2587.5
1234740 2585.2
1234750 2585.2
1234760 2586.8
1234770 2588.7
1234780 2588.7
1234790 2587.3
1234800 2587.9
1234810 2591.3
1234820 2591.3
1234830 2596.1
1234840 2599.1
1234850 2599.1
1234860 2601.1
1234870 2602.4
1234880 2602.4
1234890 2603.8
1234900 2606.4
1234910 2606.4
1234920 2608.5
1234930 2610.0
1234940 2610.0
1234950 2610.1
1234960 2610.2
1234970 2607.5
1234980 2606.5
1234990 2607.6
1235000 2607.6
1235010 2609.3
1235020 2611.3
1235030 2613.6
1235040 2613.6
1235050 2615.0
1235060 2614.8
1235070 2614.8
1235080 2614.3
1235090 2614.1
1235100 2614.1
1235110 2613.9
1235120 2613.8
1235130 2613.8
1235140 2612.5
1235150 2613.1
1235160 2613.1
1235170 2615.0
1235180 2616.9
1235190 2616.9
1235200 2618.5
1235210 2620.4
1235220 2622.2
1235230 2622.2
1235240 2623.6
1235250 2624.7
1235260 2624.7
1235270 2625.6
1235280 2626.2
1235290 2626.2
1235300 2627.2
1235310 2628.8
1235320 2628.8
1235330 2631.0
1235340 2632.7
1235350 2632.7
1235360 2635.0
1235370 2638.3
1235380 2638.3
1235390 2641.8
1235400 2643.5
1235410 2642.8
1235420 2642.8
1235430 2642.4
1235440 2643.6
1235450 2643.6
1235460 2648.3
1235470 2652.1
1235480 2645.9
1235490 2647.9
1235500 2649.5
1235510 2649.5
1235520 2650.9
1235530 2654.4
1235540 2654.4
1235550 2657.9
1235560 2660.7
1235570 2660.7
1235580 2663.6
1235590 2666.7
1235600 2668.6
1235610 2668.6
1235620 2669.6
1235630 2669.7
1235640 2669.7
1235650 2669.1
1235660 2668.6
1235670 2668.6
1235680 2668.2
1235690 2668.6
1235700 2668.6
1235710 2668.8
1235720 2668.3
1235730 2668.3
1235740 2668.2
1235750 2669.0
1235760 2669.0
1235770 2670.3
1235780 2671.8
1235790 2674.1
1235800 2674.1
1235810 2677.0
1235820 2680.5
1235830 2680.5
1235840 2683.4
1235850 2685.1
1235860 2685.1
1235870 2685.3
1235880 2683.8
1235890 2683.8
1235900 2681.3
1235910 2678.7
1235920 2678.7
1235930 2677.3
1235940 2677.4
1235950 2677.4
1235960 2675.8
1235970 2673.8
1235980 2670.8
1235990 2669.5
1236000 2668.3
1236010 2669.7
1236020 2669.7
1236030 2673.3
1236040 2677.4
1236050 2677.4
1236060 2681.3
1236070 2686.0
1236080 2686.0
1236090 2691.3
1236100 2697.1
1236110 2697.1
1236120 2702.7
1236130 2709.2
1236140 2709.2
1236150 2717.1
1236160 2724.8
1236170 2724.8
1236180 2733.5
1236190 2741.8
1236200 2747.8
1236210 2747.8
1236220 2749.1
1236230 2751.8
1236240 2751.8
1236250 2752.8
1236260 2751.9
1236270 2751.9
1236280 2749.1
1236290 2749.0
1236300 2749.0
1236310 2749.3
1236320 2748.8
1236330 2748.8
1236340 2750.7
1236350 2753.3
1236360 2753.3
1236370 2757.2
1236380 2761.8
1236390 2766.0
1236400 2766.0
1236410 2769.5
1236420 2772.5
1236430 2772.5
1236440 2775.6
1236450 2778.4
1236460 2778.4
1236470 2780.5
1236480 2781.7
1236490 2776.1
1236500 2778.8
1236510 2782.1
1236520 2782.1
1236530 2785.6
1236540 2788.8
1236550 2788.8
1236560 2791.9
1236570 2795.2
1236580 2798.6
1236590 2798.6
1236600 2803.7
1236610 2810.4
1236620 2810.4
1236630 2816.8
1236640 2823.2
1236650 2823.2
1236660 2829.3
1236670 2834.2
1236680 2834.2
1236690 2838.2
1236700 2842.2
1236710 2842.2
1236720 2846.7
1236730 2851.5
1236740 2851.5
1236750 2856.2
1236760 2860.3
1236770 2864.4
1236780 2864.4
1236790 2870.4
1236800 2877.3
1236810 2877.3
1236820 2882.5
1236830 2887.3
1236840 2887.3
1236850 2892.9
1236860 2900.4
1236870 2900.4
1236880 2907.3
1236890 2910.8
1236900 2910.8
1236910 2902.6
1236920 2891.6
1236930 2891.6
1236940 2877.0
1236950 2859.4
1236960 2841.8
1236970 2841.8
1236980 2829.1
1236990 2818.6
1237000 2819.5
1237010 2811.4
1237020 2805.2
1237030 2805.2
1237040 2798.6
1237050 2789.8
1237060 2789.8
1237070 2779.0
1237080 2768.9
1237090 2768.9
1237100 2753.7
1237110 2739.3
1237120 2739.3
1237130 2726.9
1237140 2718.7
1237150 2718.7
1237160 2711.6
1237170 2704.9
1237180 2698.2
1237190 2698.2
1237200 2691.8
1237210 2685.5
1237220 2685.5
1237230 2679.0
1237240 2672.6
1237250 2672.6
1237260 2666.5
1237270 2660.7
1237280 2660.7
1237290 2655.2
1237300 2649.4
1237310 2649.4
1237320 2642.1
1237330 2635.0
1237340 2635.0
1237350 2629.3
1237360 2624.1
1237370 2618.9
1237380 2618.9
1237390 2613.9
1237400 2608.7
1237410 2608.7
1237420 2605.9
