1220000 2807.6
1220010 2807.3
1220020 2807.2
1220030 2807.2
1220040 2807.2
1220050 2807.2
1220060 2807.2
1220070 2807.2
1220080 2807.5
1220090 2807.5
1220100 2808.6
1220110 2808.7
1220120 2808.7
1220130 2808.8
1220140 2809.7
1220150 2810.7
1220160 2810.7
1220170 2813.3
1220180 2816.3
1220190 2816.3
1220200 2817.2
1220210 2815.9
1220220 2815.9
1220230 2819.2
1220240 2820.8
1220250 2820.8
1220260 2821.0
1220270 2819.4
1220280 2819.4
1220290 2817.0
1220300 2816.3
1220310 2816.3
1220320 2816.3
1220330 2816.9
1220340 2821.4
1220350 2821.4
1220360 2831.4
1220370 2840.1
1220380 2840.1
1220390 2848.8
1220400 2857.4
1220410 2848.9
1220420 2854.2
1220430 2859.2
1220440 2859.2
1220450 2863.2
1220460 2855.3
1220470 2855.3
1220480 2847.1
1220490 2839.6
1220500 2839.6
1220510 2832.5
1220520 2827.3
1220530 2827.3
1220540 2819.5
1220550 2807.1
1220560 2795.2
1220570 2795.2
1220580 2785.8
1220590 2777.9
1220600 2777.9
1220610 2770.1
1220620 2762.9
1220630 2762.9
1220640 2753.0
1220650 2741.4
1220660 2741.4
1220670 2730.7
1220680 2719.3
1220690 2719.3
1220700 2706.2
1220710 2694.4
1220720 2694.4
1220730 2685.6
1220740 2676.3
1220750 2669.5
1220760 2669.5
1220770 2663.9
1220780 2658.2
1220790 2658.2
1220800 2653.3
1220810 2650.1
1220820 2650.1
1220830 2646.1
1220840 2640.9
1220850 2640.9
1220860 2635.2
1220870 2627.9
1220880 2625.5
1220890 2617.1
1220900 2609.6
1220910 2609.6
1220920 2603.9
1220930 2599.7
1220940 2596.0
1220950 2596.0
1220960 2590.0
1220970 2581.8
1220980 2581.8
1220990 2573.6
1221000 2565.9
1221010 2565.9
1221020 2558.6
1221030 2551.6
1221040 2551.6
1221050 2546.6
1221060 2543.8
1221070 2543.8
1221080 2541.5
1221090 2539.8
1221100 2539.8
1221110 2538.2
1221120 2536.5
1221130 2534.6
1221140 2534.6
1221150 2531.6
1221160 2525.4
1221170 2525.4
1221180 2519.8
1221190 2516.1
1221200 2516.1
1221210 2513.4
1221220 2511.7
1221230 2511.7
1221240 2510.3
1221250 2509.2
1221260 2509.2
1221270 2507.5
1221280 2505.6
1221290 2505.6
1221300 2503.2
1221310 2498.5
1221320 2498.5
1221330 2493.5
1221340 2490.6
1221350 2487.3
1221360 2481.0
1221370 2477.0
1221380 2472.8
1221390 2472.8
1221400 2469.3
1221410 2467.5
1221420 2467.5
1221430 2464.7
1221440 2460.6
1221450 2460.6
1221460 2458.0
1221470 2456.4
1221480 2456.4
1221490 2454.2
1221500 2451.5
1221510 2451.5
1221520 2449.5
1221530 2447.5
1221540 2444.4
1221550 2444.4
1221560 2439.9
1221570 2435.2
1221580 2435.2
1221590 2430.1
1221600 2425.2
1221610 2425.2
1221620 2420.0
1221630 2414.4
1221640 2414.4
1221650 2409.0
1221660 2403.8
1221670 2403.8
1221680 2398.2
1221690 2392.0
1221700 2392.0
1221710 2385.8
1221720 2379.5
1221730 2373.8
1221740 2373.8
1221750 2368.9
1221760 2364.0
1221770 2364.0
1221780 2358.7
1221790 2353.4
1221800 2353.4
1221810 2347.7
1221820 2341.6
1221830 2341.6
1221840 2333.7
1221850 2329.1
1221860 2329.1
1221870 2323.7
1221880 2319.2
1221890 2319.2
1221900 2314.6
1221910 2310.6
1221920 2306.8
1221930 2306.8
1221940 2304.0
1221950 2301.4
1221960 2301.4
1221970 2300.0
1221980 2296.9
1221990 2296.9
1222000 2294.2
1222010 2293.1
1222020 2293.1
1222030 2291.2
1222040 2287.1
1222050 2287.1
1222060 2283.7
1222070 2280.0
1222080 2280.0
1222090 2275.9
1222100 2270.2
1222110 2270.2
1222120 2258.4
1222130 2243.8
1222140 2232.8
1222150 2232.8
1222160 2225.8
1222170 2220.8
1222180 2220.8
1222190 2216.4
1222200 2211.1
1222210 2211.1
1222220 2205.4
1222230 2198.5
1222240 2198.5
1222250 2191.0
1222260 2184.4
1222270 2184.4
1222280 2178.4
1222290 2172.7
1222300 2172.7
1222310 2166.8
1222320 2161.0
1222330 2151.4
1222340 2151.4
1222350 2146.0
1222360 2141.1
1222370 2141.1
1222380 2137.1
1222390 2133.4
1222400 2133.4
1222410 2128.9
1222420 2122.8
1222430 2122.8
1222440 2117.0
1222450 2111.4
1222460 2111.4
1222470 2105.7
1222480 2100.0
1222490 2100.0
1222500 2096.7
1222510 2095.5
1222520 2093.2
1222530 2093.2
1222540 2090.1
1222550 2087.0
1222560 2087.0
1222570 2083.7
1222580 2081.0
1222590 2081.0
1222600 2079.4
1222610 2076.6
1222620 2076.6
1222630 2071.0
1222640 2064.1
1222650 2064.1
1222660 2057.9
1222670 2053.3
1222680 2053.3
1222690 2048.8
1222700 2044.1
1222710 2039.3
1222720 2039.3
1222730 2034.9
1222740 2030.3
1222750 2030.3
1222760 2024.2
1222770 2019.0
1222780 2019.0
1222790 2014.7
1222800 2010.8
1222810 2006.1
1222820 2002.4
1222830 1998.9
1222840 1998.9
1222850 1994.5
1222860 1991.1
1222870 1991.1
1222880 1987.0
1222890 1981.8
1222900 1976.6
1222910 1976.6
1222920 1973.0
1222930 1969.4
1222940 1969.4
1222950 1964.1
1222960 1959.5
1222970 1959.5
1222980 1955.8
1222990 1952.7
1223000 1952.7
1223010 1949.2
1223020 1946.1
1223030 1946.1
1223040 1942.6
1223050 1938.9
1223060 1938.9
1223070 1933.5
1223080 1928.2
1223090 1928.2
1223100 1923.0
1223110 1916.6
1223120 1910.2
1223130 1910.2
1223140 1905.7
1223150 1900.2
1223160 1900.2
1223170 1894.2
1223180 1888.3
1223190 1888.3
1223200 1883.1
1223210 1878.7
1223220 1878.7
1223230 1874.4
1223240 1870.0
1223250 1870.0
1223260 1864.8
1223270 1859.2
1223280 1859.2
1223290 1853.5
1223300 1846.7
1223310 1842.3
1223320 1842.3
1223330 1839.5
1223340 1835.8
1223350 1835.8
1223360 1833.0
1223370 1830.7
1223380 1830.7
1223390 1827.9
1223400 1824.9
1223410 1824.9
1223420 1822.3
1223430 1820.5
1223440 1820.5
1223450 1818.4
1223460 1816.4
1223470 1816.4
1223480 1813.9
1223490 1811.4
1223500 1810.3
1223510 1810.3
1223520 1809.0
1223530 1807.4
1223540 1807.4
1223550 1807.0
1223560 1807.8
1223570 1807.8
1223580 1808.5
1223590 1809.5
1223600 1809.5
1223610 1809.1
1223620 1808.0
1223630 1808.0
1223640 1808.5
1223650 1810.6
1223660 1810.6
1223670 1812.0
1223680 1813.6
1223690 1815.2
1223700 1815.2
1223710 1817.6
1223720 1819.3
1223730 1819.3
1223740 1821.1
1223750 1820.9
1223760 1820.9
1223770 1820.7
1223780 1818.8
1223790 1818.8
1223800 1818.8
1223810 1818.0
1223820 1818.0
1223830 1817.9
1223840 1817.2
1223850 1817.2
1223860 1817.0
1223870 1817.1
1223880 1817.1
1223890 1817.8
1223900 1817.0
1223910 1814.7
1223920 1814.7
1223930 1811.0
1223940 1807.3
1223950 1807.3
1223960 1803.5
1223970 1800.0
1223980 1800.0
1223990 1797.8
1224000 1792.2
1224010 1792.2
1224020 1786.3
1224030 1775.4
1224040 1775.4
1224050 1764.9
1224060 1760.5
1224070 1760.5
1224080 1752.6
1224090 1740.8
1224100 1737.5
1224110 1737.5
1224120 1732.7
1224130 1722.7
1224140 1722.7
1224150 1714.2
1224160 1706.0
1224170 1706.0
1224180 1698.9
1224190 1692.1
1224200 1692.1
1224210 1686.1
1224220 1682.3
1224230 1682.3
1224240 1679.2
1224250 1672.5
1224260 1661.9
1224270 1655.6
1224280 1650.4
1224290 1643.8
1224300 1643.8
1224310 1638.6
1224320 1635.8
1224330 1635.8
1224340 1631.7
1224350 1627.9
1224360 1627.9
1224370 1624.6
1224380 1620.3
1224390 1620.3
1224400 1616.3
1224410 1612.0
1224420 1612.0
1224430 1608.1
1224440 1605.9
1224450 1605.9
1224460 1605.6
1224470 1604.1
1224480 1599.7
1224490 1599.7
1224500 1595.2
1224510 1591.4
1224520 1591.4
1224530 1587.4
1224540 1582.8
1224550 1582.8
1224560 1578.3
1224570 1577.0
1224580 1577.0
1224590 1574.2
1224600 1570.7
1224610 1570.7
1224620 1569.3
1224630 1566.7
1224640 1566.7
1224650 1562.7
1224660 1558.3
1224670 1555.1
1224680 1555.1
1224690 1552.4
1224700 1551.6
1224710 1551.6
1224720 1547.5
1224730 1543.4
1224740 1543.4
1224750 1532.7
1224760 1530.4
1224770 1530.4
1224780 1527.7
1224790 1524.1
1224800 1524.1
1224810 1520.1
1224820 1516.6
1224830 1516.6
1224840 1513.6
1224850 1510.6
1224860 1510.6
1224870 1509.0
1224880 1507.8
1224890 1506.4
1224900 1506.4
1224910 1504.5
1224920 1502.4
1224930 1502.4
1224940 1499.8
1224950 1497.7
1224960 1497.7
1224970 1497.0
1224980 1496.7
1224990 1496.7
1225000 1496.7
1225010 1497.0
1225020 1497.0
1225030 1497.8
1225040 1500.0
1225050 1500.0
1225060 1502.3
1225070 1503.5
1225080 1503.5
1225090 1503.5
1225100 1503.5
1225110 1503.8
1225120 1503.8
1225130 1502.1
1225140 1502.5
1225150 1502.5
1225160 1505.1
1225170 1507.5
1225180 1507.5
1225190 1508.9
1225200 1509.9
1225210 1509.9
1225220 1511.6
1225230 1513.6
1225240 1517.0
1225250 1520.4
1225260 1528.1
1225270 1532.4
1225280 1532.4
1225290 1535.4
1225300 1534.3
1225310 1534.3
1225320 1535.4
1225330 1541.7
1225340 1541.7
1225350 1546.8
1225360 1546.5
1225370 1546.5
1225380 1546.8
1225390 1549.9
1225400 1549.9
1225410 1553.8
1225420 1554.8
1225430 1554.8
1225440 1553.6
1225450 1553.4
1225460 1552.2
1225470 1552.2
1225480 1552.6
1225490 1553.1
1225500 1553.1
1225510 1554.4
1225520 1556.6
1225530 1556.6
1225540 1558.7
1225550 1562.1
1225560 1562.1
1225570 1566.3
1225580 1570.4
1225590 1570.4
1225600 1574.7
1225610 1579.2
1225620 1579.2
1225630 1581.5
1225640 1582.9
1225650 1582.9
1225660 1582.7
1225670 1586.5
1225680 1591.0
1225690 1591.0
1225700 1593.6
1225710 1596.7
1225720 1601.9
1225730 1606.7
1225740 1611.8
1225750 1611.8
1225760 1619.0
1225770 1626.1
1225780 1626.1
1225790 1630.2
1225800 1632.4
1225810 1632.4
1225820 1633.7
1225830 1634.2
1225840 1634.2
1225850 1634.0
1225860 1632.0
1225870 1629.8
1225880 1629.8
1225890 1630.6
1225900 1634.7
1225910 1634.7
1225920 1641.5
1225930 1645.6
1225940 1645.6
1225950 1650.3
1225960 1653.7
1225970 1653.7
1225980 1660.9
1225990 1671.5
1226000 1671.5
1226010 1674.0
1226020 1673.8
1226030 1673.8
1226040 1673.3
1226050 1672.1
1226060 1671.1
1226070 1671.1
1226080 1669.8
1226090 1667.1
1226100 1667.1
1226110 1666.0
1226120 1663.4
1226130 1663.4
1226140 1656.8
1226150 1649.7
1226160 1649.7
1226170 1644.5
1226180 1642.6
1226190 1642.6
1226200 1641.0
1226210 1653.1
1226220 1653.1
1226230 1645.0
1226240 1641.7
1226250 1637.1
1226260 1637.1
1226270 1635.5
1226280 1636.1
1226290 1636.1
1226300 1633.3
1226310 1632.4
1226320 1632.4
1226330 1636.1
1226340 1640.5
1226350 1640.5
1226360 1640.8
1226370 1639.4
1226380 1639.4
1226390 1637.0
1226400 1635.1
1226410 1635.1
1226420 1636.2
1226430 1638.8
1226440 1637.8
1226450 1637.8
1226460 1638.6
1226470 1641.4
1226480 1641.4
1226490 1641.4
1226500 1641.8
1226510 1641.8
1226520 1644.3
1226530 1648.7
1226540 1648.7
1226550 1653.5
1226560 1657.8
1226570 1657.8
1226580 1659.9
1226590 1663.7
1226600 1663.7
1226610 1664.6
1226620 1665.4
1226630 1665.4
1226640 1666.8
1226650 1669.5
1226660 1672.4
1226670 1672.4
1226680 1673.6
1226690 1676.7
1226700 1683.2
1226710 1686.0
1226720 1687.6
1226730 1687.6
1226740 1690.8
1226750 1695.1
1226760 1695.1
1226770 1699.3
1226780 1701.4
1226790 1701.4
1226800 1701.6
1226810 1702.9
1226820 1702.9
1226830 1705.5
1226840 1707.2
1226850 1705.4
1226860 1705.4
1226870 1706.1
1226880 1713.4
1226890 1713.4
1226900 1717.9
1226910 1723.2
1226920 1723.2
1226930 1727.9
1226940 1734.1
1226950 1734.1
1226960 1739.5
1226970 1743.5
1226980 1743.5
1226990 1745.2
1227000 1744.2
1227010 1744.2
1227020 1747.3
1227030 1752.2
1227040 1752.2
1227050 1752.2
1227060 1749.6
1227070 1747.2
1227080 1747.2
1227090 1753.4
1227100 1768.8
1227110 1768.8
1227120 1777.6
1227130 1786.2
1227140 1786.2
1227150 1793.2
1227160 1797.4
1227170 1797.4
1227180 1800.6
1227190 1814.5
1227200 1814.5
1227210 1820.8
1227220 1827.7
1227230 1832.0
1227240 1832.0
1227250 1834.5
1227260 1836.8
1227270 1836.8
1227280 1837.3
1227290 1836.2
1227300 1836.2
1227310 1843.6
1227320 1852.7
1227330 1852.7
1227340 1861.8
1227350 1870.5
1227360 1870.5
1227370 1874.5
1227380 1874.9
1227390 1874.9
1227400 1876.0
1227410 1878.7
1227420 1878.7
1227430 1882.1
1227440 1891.2
1227450 1899.1
1227460 1899.1
1227470 1901.4
1227480 1901.0
1227490 1901.0
1227500 1901.4
1227510 1904.4
1227520 1904.4
1227530 1907.1
1227540 1910.8
1227550 1910.8
1227560 1916.0
1227570 1920.4
1227580 1920.4
1227590 1924.4
1227600 1928.5
1227610 1928.5
1227620 1931.9
1227630 1930.5
1227640 1927.8
1227650 1927.8
1227660 1926.6
1227670 1927.9
1227680 1927.9
1227690 1936.6
1227700 1938.5
1227710 1938.5
1227720 1938.5
1227730 1939.5
1227740 1939.5
1227750 1941.5
1227760 1942.4
1227770 1942.4
1227780 1943.5
1227790 1943.4
1227800 1943.4
1227810 1941.6
1227820 1940.7
1227830 1940.3
1227840 1940.3
1227850 1936.7
1227860 1932.5
1227870 1932.5
1227880 1930.2
1227890 1925.9
1227900 1925.9
1227910 1922.4
1227920 1919.0
1227930 1919.0
1227940 1914.8
1227950 1914.1
1227960 1914.1
1227970 1913.8
1227980 1911.6
1227990 1911.6
1228000 1909.4
1228010 1905.0
1228020 1899.9
1228030 1899.9
1228040 1895.2
1228050 1892.1
1228060 1892.1
1228070 1891.7
1228080 1892.3
1228090 1892.3
1228100 1892.8
1228110 1890.7
1228120 1890.7
1228130 1884.3
1228140 1881.0
1228150 1881.0
1228160 1879.4
1228170 1875.4
1228180 1882.1
1228190 1879.2
1228200 1877.0
1228210 1877.0
1228220 1876.2
1228230 1873.6
1228240 1866.1
1228250 1866.1
1228260 1858.1
1228270 1852.2
1228280 1852.2
1228290 1847.9
1228300 1842.0
1228310 1842.0
1228320 1836.5
1228330 1832.0
1228340 1832.0
1228350 1827.8
1228360 1822.8
1228370 1822.8
1228380 1818.0
1228390 1813.6
1228400 1813.6
1228410 1809.5
1228420 1805.2
1228430 1801.1
1228440 1801.1
1228450 1797.5
1228460 1795.3
1228470 1795.3
1228480 1793.0
1228490 1789.9
1228500 1789.9
1228510 1786.1
1228520 1781.4
1228530 1781.4
1228540 1775.2
1228550 1769.0
1228560 1769.0
1228570 1764.3
1228580 1759.4
1228590 1759.4
1228600 1754.0
1228610 1748.3
1228620 1742.4
1228630 1742.4
1228640 1738.4
1228650 1734.8
1228660 1734.8
1228670 1735.2
1228680 1727.3
1228690 1727.3
1228700 1720.6
1228710 1714.7
1228720 1714.7
1228730 1709.9
1228740 1706.5
1228750 1706.5
1228760 1704.5
1228770 1702.0
1228780 1702.0
1228790 1699.3
1228800 1695.4
1228810 1690.4
1228820 1690.4
1228830 1685.0
1228840 1680.2
1228850 1680.2
1228860 1675.3
1228870 1669.3
1228880 1669.3
1228890 1662.5
1228900 1656.2
1228910 1656.2
1228920 1648.5
1228930 1644.1
1228940 1644.1
1228950 1640.6
1228960 1635.1
1228970 1635.1
1228980 1629.2
1228990 1620.8
1229000 1611.0
1229010 1611.0
1229020 1599.0
1229030 1594.4
1229040 1594.4
1229050 1611.2
1229060 1618.4
1229070 1618.4
1229080 1620.5
1229090 1624.7
1229100 1624.7
1229110 1627.3
1229120 1629.1
1229130 1629.1
1229140 1632.2
1229150 1636.5
1229160 1636.5
1229170 1639.3
1229180 1645.0
1229190 1645.0
1229200 1650.8
1229210 1656.8
1229220 1663.1
1229230 1663.1
1229240 1669.5
1229250 1676.3
1229260 1676.3
1229270 1683.2
1229280 1689.6
1229290 1689.6
1229300 1696.2
1229310 1703.1
1229320 1703.1
1229330 1710.5
1229340 1718.0
1229350 1718.0
1229360 1725.6
1229370 1733.0
1229380 1733.0
1229390 1740.1
1229400 1747.5
1229410 1757.3
1229420 1757.3
1229430 1768.6
1229440 1774.3
1229450 1774.3
1229460 1782.8
1229470 1799.3
1229480 1799.3
1229490 1811.2
1229500 1821.4
1229510 1821.4
1229520 1831.3
1229530 1840.2
1229540 1840.2
1229550 1848.1
1229560 1859.2
1229570 1859.2
1229580 1867.7
1229590 1875.6
1229600 1883.3
1229610 1883.3
1229620 1890.6
1229630 1897.9
1229640 1897.9
1229650 1905.1
1229660 1910.9
1229670 1910.9
1229680 1920.6
1229690 1929.5
1229700 1929.5
1229710 1944.4
1229720 1958.7
1229730 1958.7
1229740 1968.5
1229750 1977.1
1229760 1977.1
1229770 1984.7
1229780 1993.1
1229790 2000.9
1229800 2000.9
1229810 2009.6
1229820 2026.4
1229830 2026.4
1229840 2048.4
1229850 2058.6
1229860 2058.6
1229870 2066.1
1229880 2076.1
1229890 2076.1
1229900 2090.0
1229910 2100.0
1229920 2100.0
1229930 2108.8
1229940 2114.3
1229950 2114.3
1229960 2118.9
1229970 2123.9
1229980 2129.4
1229990 2129.4
1230000 2134.7
1230010 2138.7
1230020 2138.7
1230030 2142.1
1230040 2145.1
1230050 2145.1
1230060 2148.7
1230070 2152.2
1230080 2152.2
1230090 2155.3
1230100 2158.0
1230110 2158.0
1230120 2162.9
1230130 2167.2
1230140 2167.2
1230150 2170.3
1230160 2167.5
1230170 2167.5
1230180 2169.6
1230190 2170.7
1230200 2173.4
1230210 2173.4
1230220 2175.1
1230230 2173.1
1230240 2173.1
1230250 2171.5
1230260 2171.6
1230270 2171.6
1230280 2172.9
1230290 2173.7
1230300 2173.7
1230310 2174.1
1230320 2174.9
1230330 2174.9
1230340 2175.9
1230350 2177.3
1230360 2177.3
1230370 2179.2
1230380 2181.5
1230390 2184.1
1230400 2184.1
1230410 2186.5
1230420 2189.0
1230430 2189.0
1230440 2191.6
1230450 2193.2
1230460 2193.2
1230470 2194.9
1230480 2197.1
1230490 2197.1
1230500 2200.0
1230510 2204.3
1230520 2204.3
1230530 2210.1
1230540 2215.7
1230550 2215.7
1230560 2216.5
1230570 2218.9
1230580 2223.3
1230590 2223.3
1230600 2227.3
1230610 2231.3
1230620 2231.3
1230630 2235.6
1230640 2241.2
1230650 2241.2
1230660 2235.4
1230670 2234.9
1230680 2234.9
1230690 2237.1
1230700 2242.1
1230710 2242.1
1230720 2246.5
1230730 2249.8
1230740 2249.8
1230750 2253.0
1230760 2256.6
1230770 2259.8
1230780 2259.8
1230790 2263.9
1230800 2268.4
1230810 2268.4
1230820 2272.3
1230830 2275.6
1230840 2275.6
1230850 2279.1
1230860 2281.5
1230870 2281.5
1230880 2283.0
1230890 2283.9
1230900 2283.9
1230910 2283.5
1230920 2287.3
1230930 2287.3
1230940 2292.6
1230950 2295.6
1230960 2295.6
1230970 2298.8
1230980 2305.2
1230990 2310.8
1231000 2310.8
1231010 2316.2
1231020 2321.5
1231030 2321.5
1231040 2327.0
1231050 2333.2
1231060 2333.2
1231070 2339.7
1231080 2346.6
1231090 2346.6
1231100 2353.9
1231110 2360.1
1231120 2360.1
1231130 2366.2
1231140 2371.5
1231150 2371.5
1231160 2373.5
1231170 2378.5
1231180 2384.4
1231190 2384.4
1231200 2395.5
1231210 2402.6
1231220 2402.6
1231230 2409.8
1231240 2416.1
1231250 2416.1
1231260 2422.3
1231270 2428.2
1231280 2428.2
1231290 2431.1
1231300 2433.7
1231310 2433.7
1231320 2438.3
1231330 2442.9
1231340 2442.9
1231350 2447.8
1231360 2454.0
1231370 2459.0
1231380 2459.0
1231390 2464.2
1231400 2468.0
1231410 2468.0
1231420 2472.9
1231430 2479.7
1231440 2479.7
1231450 2485.6
1231460 2492.9
1231470 2492.9
1231480 2502.4
1231490 2511.2
1231500 2511.2
1231510 2522.1
1231520 2529.0
1231530 2529.0
1231540 2534.2
1231550 2539.0
1231560 2544.5
1231570 2544.5
1231580 2551.5
1231590 2558.3
1231600 2558.3
1231610 2564.1
1231620 2567.1
1231630 2567.1
1231640 2567.6
1231650 2564.6
1231660 2564.6
1231670 2565.2
1231680 2565.0
1231690 2565.0
1231700 2562.7
1231710 2560.6
1231720 2560.6
1231730 2560.5
1231740 2561.3
1231750 2563.0
1231760 2563.0
1231770 2567.5
1231780 2573.6
1231790 2573.6
1231800 2577.6
1231810 2580.0
1231820 2580.0
1231830 2582.7
1231840 2582.7
1231850 2582.7
1231860 2582.3
1231870 2583.6
1231880 2583.6
1231890 2586.8
1231900 2588.4
1231910 2588.4
1231920 2588.3
1231930 2588.1
1231940 2588.1
1231950 2588.9
1231960 2590.8
1231970 2593.4
1231980 2593.4
1231990 2598.5
1232000 2604.4
1232010 2604.4
1232020 2610.7
1232030 2615.8
1232040 2615.8
1232050 2620.2
1232060 2623.2
1232070 2623.2
1232080 2624.7
1232090 2625.6
1232100 2625.6
1232110 2625.3
1232120 2624.7
1232130 2624.7
1232140 2624.3
1232150 2623.2
1232160 2618.3
1232170 2618.3
1232180 2617.6
1232190 2620.7
1232200 2620.7
1232210 2625.5
1232220 2630.7
1232230 2630.7
1232240 2634.9
1232250 2636.6
1232260 2636.6
1232270 2637.1
1232280 2637.7
1232290 2637.7
1232300 2639.8
1232310 2642.4
1232320 2642.4
1232330 2644.4
1232340 2646.7
1232350 2649.6
1232360 2649.6
1232370 2652.2
1232380 2653.3
1232390 2653.3
1232400 2654.2
1232410 2656.2
1232420 2656.2
1232430 2658.3
1232440 2659.3
1232450 2659.3
1232460 2660.3
1232470 2661.1
1232480 2661.1
1232490 2662.9
1232500 2668.5
1232510 2668.5
1232520 2673.6
1232530 2678.5
1232540 2683.3
1232550 2683.3
1232560 2686.7
1232570 2690.9
1232580 2690.9
1232590 2699.1
1232600 2712.3
1232610 2712.3
1232620 2720.7
1232630 2724.3
1232640 2724.3
1232650 2727.3
1232660 2722.9
1232670 2722.9
1232680 2721.4
1232690 2718.5
1232700 2718.5
1232710 2715.0
1232720 2710.4
1232730 2710.4
1232740 2705.8
1232750 2703.6
1232760 2702.8
1232770 2702.8
1232780 2704.2
1232790 2707.3
1232800 2707.3
1232810 2711.6
1232820 2716.0
1232830 2716.0
1232840 2719.6
1232850 2724.0
1232860 2724.0
1232870 2728.7
1232880 2731.6
1232890 2731.6
1232900 2728.5
1232910 2729.3
1232920 2729.3
1232930 2730.7
1232940 2732.7
1232950 2734.8
1232960 2734.8
1232970 2733.9
1232980 2728.0
1232990 2728.0
1233000 2724.2
1233010 2724.4
1233020 2724.4
1233030 2723.3
1233040 2714.9
1233050 2714.9
1233060 2707.1
1233070 2702.5
1233080 2702.5
1233090 2700.0
1233100 2698.5
1233110 2698.5
1233120 2696.2
1233130 2696.0
1233140 2696.0
1233150 2696.0
1233160 2696.0
1233170 2696.2
1233180 2696.2
1233190 2696.7
1233200 2697.9
1233210 2697.9
1233220 2700.1
1233230 2701.4
1233240 2701.4
1233250 2702.3
1233260 2703.5
1233270 2703.5
1233280 2703.5
1233290 2703.4
1233300 2703.4
1233310 2703.7
1233320 2706.1
1233330 2711.5
1233340 2711.5
1233350 2715.8
1233360 2718.1
1233370 2718.1
1233380 2720.1
1233390 2723.5
1233400 2723.5
1233410 2725.1
1233420 2726.3
1233430 2726.3
1233440 2727.3
1233450 2729.8
1233460 2729.8
1233470 2732.9
1233480 2736.6
1233490 2736.6
1233500 2741.6
1233510 2747.0
1233520 2752.8
1233530 2752.8
1233540 2758.7
1233550 2764.7
1233560 2764.7
1233570 2773.6
1233580 2782.2
1233590 2782.2
1233600 2793.7
1233610 2809.3
1233620 2809.3
1233630 2821.1
1233640 2829.4
1233650 2829.4
1233660 2834.1
1233670 2839.9
1233680 2839.9
1233690 2843.7
1233700 2847.7
1233710 2847.7
1233720 2851.3
1233730 2853.7
1233740 2855.1
1233750 2855.1
1233760 2856.2
1233770 2859.3
1233780 2859.3
1233790 2863.6
1233800 2869.7
1233810 2869.7
1233820 2878.8
1233830 2888.5
1233840 2888.5
1233850 2894.2
1233860 2899.6
1233870 2899.6
1233880 2903.2
1233890 2905.4
1233900 2905.4
1233910 2910.0
1233920 2914.9
1233930 2919.3
1233940 2919.3
1233950 2924.0
1233960 2930.4
1233970 2930.4
1233980 2937.7
1233990 2944.7
1234000 2944.7
1234010 2951.1
1234020 2958.1
1234030 2958.1
1234040 2965.3
1234050 2973.1
1234060 2973.1
1234070 2981.7
1234080 2988.8
1234090 2988.8
1234100 2990.9
1234110 2987.0
1234120 2979.5
1234130 2979.5
1234140 2970.5
1234150 2964.4
1234160 2964.4
1234170 2971.1
1234180 2966.6
1234190 2966.6
1234200 2959.2
1234210 2953.5
1234220 2953.5
1234230 2948.9
1234240 2945.1
1234250 2945.1
1234260 2940.7
1234270 2936.2
1234280 2936.2
1234290 2932.7
1234300 2929.7
1234310 2925.1
1234320 2925.1
1234330 2918.3
1234340 2914.2
1234350 2914.2
1234360 2912.1
1234370 2910.9
1234380 2910.9
1234390 2908.3
1234400 2903.5
1234410 2903.5
1234420 2900.5
1234430 2898.9
1234440 2898.9
1234450 2896.5
1234460 2892.5
1234470 2892.5
1234480 2890.2
1234490 2889.1
1234500 2889.1
1234510 2885.2
1234520 2881.6
1234530 2879.5
1234540 2879.5
1234550 2877.4
1234560 2875.1
1234570 2875.1
1234580 2873.2
1234590 2872.2
1234600 2872.2
1234610 2870.6
1234620 2868.6
1234630 2868.6
1234640 2865.4
1234650 2862.2
1234660 2862.2
1234670 2865.6
1234680 2864.0
1234690 2864.0
1234700 2862.5
1234710 2860.4
1234720 2858.1
1234730 2858.1
1234740 2856.9
1234750 2856.2
1234760 2856.2
1234770 2856.3
1234780 2856.2
1234790 2856.2
1234800 2855.7
1234810 2856.2
1234820 2856.2
1234830 2858.4
1234840 2860.8
1234850 2860.8
1234860 2864.6
1234870 2866.5
1234880 2866.5
1234890 2866.3
1234900 2866.5
1234910 2865.7
1234920 2865.7
1234930 2864.8
1234940 2864.5
1234950 2864.5
1234960 2863.9
1234970 2862.9
1234980 2862.9
1234990 2862.3
1235000 2862.9
1235010 2862.9
1235020 2864.1
1235030 2865.3
1235040 2865.3
1235050 2867.3
1235060 2868.2
1235070 2868.2
1235080 2868.2
1235090 2868.3
1235100 2869.0
1235110 2869.0
1235120 2871.0
1235130 2872.7
1235140 2872.7
1235150 2871.8
1235160 2870.2
1235170 2870.2
1235180 2876.1
1235190 2880.6
1235200 2880.6
1235210 2884.6
1235220 2887.0
1235230 2887.0
1235240 2891.7
1235250 2898.8
1235260 2898.8
1235270 2908.4
1235280 2915.5
1235290 2919.6
1235300 2919.6
1235310 2923.4
1235320 2931.2
1235330 2931.2
1235340 2936.4
1235350 2938.4
1235360 2938.4
1235370 2945.6
1235380 2954.9
1235390 2954.9
1235400 2958.5
1235410 2960.4
1235420 2960.4
1235430 2965.7
1235440 2968.9
1235450 2968.9
1235460 2968.6
1235470 2965.8
1235480 2965.8
1235490 2962.8
1235500 2964.1
1235510 2963.4
1235520 2963.4
1235530 2961.3
1235540 2960.4
1235550 2960.4
1235560 2958.4
1235570 2957.1
1235580 2957.1
1235590 2958.0
1235600 2961.1
1235610 2961.1
1235620 2969.5
1235630 2977.2
1235640 2977.2
1235650 2981.6
1235660 2989.3
1235670 2989.3
1235680 2997.8
1235690 3007.7
1235700 3014.8
1235710 3014.8
1235720 3018.5
1235730 3021.1
1235740 3021.1
1235750 3019.2
1235760 3012.3
1235770 3012.3
1235780 3014.3
1235790 3020.3
1235800 3020.3
1235810 3021.3
1235820 3024.2
1235830 3024.2
1235840 3028.1
1235850 3017.8
1235860 3017.8
1235870 3006.5
1235880 3009.0
1235890 3009.8
1235900 3009.8
1235910 3008.7
1235920 3007.6
1235930 3007.6
1235940 3004.5
1235950 3004.7
1235960 3004.7
1235970 3006.4
1235980 3009.2
1235990 3009.2
1236000 3010.0
1236010 3011.2
1236020 3011.2
1236030 3014.2
1236040 3017.2
1236050 3017.2
1236060 3020.3
1236070 3027.7
1236080 3032.4
1236090 3032.4
1236100 3035.9
1236110 3040.3
1236120 3040.3
1236130 3047.0
1236140 3053.9
1236150 3053.9
1236160 3057.3
1236170 3060.7
1236180 3060.7
1236190 3054.6
1236200 3057.8
1236210 3057.8
1236220 3063.7
1236230 3070.7
1236240 3070.7
1236250 3076.1
1236260 3080.7
1236270 3080.7
1236280 3084.1
1236290 3084.1
1236300 3080.6
1236310 3080.6
1236320 3074.9
1236330 3069.9
1236340 3069.9
1236350 3060.4
1236360 3048.5
1236370 3048.5
1236380 3037.3
1236390 3029.7
1236400 3029.7
1236410 3022.4
1236420 3014.7
1236430 3014.7
1236440 3005.9
1236450 2996.6
1236460 2996.6
1236470 2990.4
1236480 2987.2
1236490 2985.6
1236500 2985.6
1236510 2981.7
1236520 2976.9
1236530 2976.9
1236540 2973.5
1236550 2972.2
1236560 2972.2
1236570 2971.9
1236580 2969.6
1236590 2969.6
1236600 2964.7
1236610 2958.4
1236620 2958.4
1236630 2954.8
1236640 2952.8
1236650 2952.8
1236660 2950.6
1236670 2946.4
1236680 2944.6
1236690 2944.6
1236700 2947.6
1236710 2947.9
1236720 2947.9
1236730 2951.2
1236740 2951.2
1236750 2951.2
1236760 2950.3
1236770 2950.2
1236780 2950.2
1236790 2952.4
1236800 2953.0
1236810 2953.0
1236820 2951.2
1236830 2951.5
1236840 2951.5
1236850 2952.7
1236860 2954.3
1236870 2956.2
1236880 2956.2
1236890 2958.4
1236900 2960.9
1236910 2960.9
1236920 2963.6
1236930 2966.6
1236940 2966.6
1236950 2969.7
1236960 2973.2
1236970 2973.2
1236980 2977.4
1236990 2983.0
1237000 2983.0
1237010 2986.6
1237020 2988.7
1237030 2988.7
1237040 2990.8
1237050 2992.4
1237060 2993.4
1237070 2993.4
1237080 2994.5
1237090 2996.7
1237100 2996.7
1237110 2997.1
1237120 2997.9
1237130 2997.9
1237140 2999.2
1237150 3001.9
1237160 3001.9
1237170 3001.3
1237180 2994.0
1237190 2994.0
1237200 2981.2
1237210 2959.3
1237220 2959.3
1237230 2952.6
1237240 2946.5
1237250 2946.5
1237260 2934.8
1237270 2923.6
1237280 2922.1
1237290 2922.1
1237300 2921.6
1237310 2906.7
1237320 2906.7
1237330 2894.9
1237340 2892.9
1237350 2892.9
1237360 2892.0
1237370 2890.3
1237380 2890.3
1237390 2887.9
1237400 2884.7
1237410 2884.7
1237420 2882.3
1237430 2880.1
1237440 2880.1
1237450 2877.2
1237460 2873.6
1237470 2871.3
1237480 2871.3
1237490 2869.1
1237500 2866.9
1237510 2866.9
1237520 2865.5
1237530 2865.1
1237540 2865.1
1237550 2867.0
1237560 2869.7
1237570 2869.7
1237580 2872.8
1237590 2876.0
1237600 2876.0
1237610 2878.6
1237620 2881.3
1237630 2881.3
1237640 2884.5
1237650 2887.8
1237660 2891.1
1237670 2891.1
1237680 2894.2
1237690 2898.2
1237700 2898.2
1237710 2903.6
1237720 2909.1
1237730 2905.6
1237740 2910.4
1237750 2915.8
1237760 2915.8
1237770 2922.3
1237780 2929.3
1237790 2929.3
1237800 2936.4
1237810 2941.8
1237820 2941.8
1237830 2943.8
1237840 2935.9
1237850 2924.5
1237860 2924.5
1237870 2911.8
1237880 2901.0
1237890 2901.0
1237900 2896.9
1237910 2895.7
1237920 2895.7
1237930 2895.8
1237940 2895.9
1237950 2895.9
1237960 2895.8
1237970 2896.5
1237980 2896.5
1237990 2897.8
1238000 2897.6
1238010 2897.6
1238020 2899.3
1238030 2902.9
1238040 2902.9
1238050 2908.2
1238060 2913.2
1238070 2918.8
1238080 2918.8
1238090 2925.3
1238100 2930.3
1238110 2930.3
1238120 2935.2
1238130 2937.7
1238140 2937.7
1238150 2936.5
1238160 2933.5
1238170 2933.5
1238180 2931.1
1238190 2929.2
1238200 2929.2
1238210 2927.8
1238220 2926.6
1238230 2926.6
1238240 2930.0
1238250 2929.0
1238260 2928.6
1238270 2928.6
1238280 2928.4
1238290 2928.4
1238300 2928.4
1238310 2928.8
1238320 2929.3
1238330 2929.3
1238340 2930.0
1238350 2931.0
1238360 2931.0
1238370 2932.2
1238380 2933.7
1238390 2933.7
1238400 2935.3
1238410 2937.2
1238420 2937.2
1238430 2939.2
1238440 2941.2
1238450 2943.3
1238460 2943.3
1238470 2945.5
1238480 2947.9
1238490 2947.9
1238500 2950.5
1238510 2953.9
1238520 2953.9
1238530 2957.7
1238540 2961.5
1238550 2961.5
1238560 2965.0
1238570 2968.3
1238580 2968.3
1238590 2971.4
1238600 2974.2
1238610 2974.2
1238620 2977.0
1238630 2979.9
1238640 2982.7
1238650 2982.7
1238660 2985.3
1238670 2987.9
1238680 2987.9
1238690 2990.8
1238700 2995.9
1238710 2995.9
1238720 3002.9
1238730 3008.9
1238740 3008.9
1238750 3007.2
1238760 2998.1
1238770 2998.1
1238780 2988.6
1238790 2980.9
1238800 2980.9
1238810 2971.9
1238820 2959.3
1238830 2942.8
1238840 2942.8
1238850 2925.3
1238860 2908.1
1238870 2908.1
1238880 2900.3
1238890 2893.8
1238900 2893.8
1238910 2887.4
1238920 2881.4
1238930 2881.4
1238940 2876.3
1238950 2872.1
1238960 2872.1
1238970 2869.0
1238980 2867.3
1238990 2867.3
1239000 2867.0
1239010 2866.8
1239020 2866.8
1239030 2866.9
1239040 2867.4
1239050 2867.5
1239060 2867.5
1239070 2868.7
1239080 2874.0
1239090 2874.0
1239100 2875.1
1239110 2866.7
1239120 2866.7
1239130 2865.9
1239140 2863.4
1239150 2863.4
1239160 2866.4
1239170 2865.8
1239180 2865.8
1239190 2860.5
1239200 2863.7
1239210 2863.7
1239220 2860.8
1239230 2857.9
1239240 2849.9
1239250 2849.9
1239260 2837.1
1239270 2841.0
1239280 2841.0
1239290 2837.6
1239300 2832.9
1239310 2832.9
1239320 2828.1
1239330 2824.4
1239340 2824.4
1239350 2820.2
1239360 2819.0
1239370 2819.0
1239380 2817.9
1239390 2816.3
1239400 2816.3
1239410 2814.2
1239420 2810.9
1239430 2807.5
1239440 2807.5
1239450 2803.2
1239460 2800.1
1239470 2800.1
1239480 2798.1
1239490 2796.9
1239500 2796.9
1239510 2796.2
1239520 2793.1
1239530 2793.1
1239540 2791.3
1239550 2790.0
1239560 2790.0
1239570 2789.2
1239580 2788.4
1239590 2788.4
1239600 2787.7
1239610 2787.1
1239620 2786.5
1239630 2786.5
1239640 2786.0
1239650 2785.8
1239660 2785.8
1239670 2785.6
1239680 2785.4
1239690 2785.4
1239700 2785.4
1239710 2785.4
1239720 2785.4
1239730 2785.5
1239740 2785.6
1239750 2785.6
1239760 2785.6
1239770 2785.7
1239780 2789.0
1239790 2789.0
1239800 2788.9
1239810 2788.9
1239820 2788.9
1239830 2789.0
1239840 2789.0
1239850 2789.0
1239860 2789.2
1239870 2790.5
1239880 2790.5
1239890 2794.1
1239900 2799.9
1239910 2799.9
1239920 2805.2
1239930 2809.3
1239940 2809.3
1239950 2812.0
1239960 2813.2
1239970 2813.2
1239980 2815.7
1239990 2819.5
