1220000 2807.4
1220010 2807.3
1220020 2807.2
1220030 2807.2
1220040 2807.2
1220050 2807.2
1220060 2807.2
1220070 2807.3
1220080 2807.9
1220090 2807.9
1220100 2809.4
1220110 2811.0
1220120 2812.6
1220130 2812.6
1220140 2813.5
1220150 2815.6
1220160 2815.6
1220170 2819.1
1220180 2824.0
1220190 2824.0
1220200 2829.1
1220210 2831.4
1220220 2831.4
1220230 2830.6
1220240 2829.0
1220250 2829.0
1220260 2826.9
1220270 2823.8
1220280 2823.8
1220290 2823.4
1220300 2824.3
1220310 2826.8
1220320 2826.8
1220330 2830.1
1220340 2835.8
1220350 2835.8
1220360 2845.3
1220370 2854.5
1220380 2854.5
1220390 2863.4
1220400 2870.9
1220410 2870.9
1220420 2870.9
1220430 2862.3
1220440 2862.3
1220450 2852.0
1220460 2843.1
1220470 2843.1
1220480 2836.4
1220490 2826.8
1220500 2820.3
1220510 2820.3
1220520 2811.8
1220530 2799.2
1220540 2799.2
1220550 2785.2
1220560 2776.0
1220570 2776.0
1220580 2766.9
1220590 2757.7
1220600 2757.7
1220610 2752.6
1220620 2745.3
1220630 2745.3
1220640 2736.2
1220650 2726.1
1220660 2726.1
1220670 2714.1
1220680 2704.1
1220690 2696.9
1220700 2696.9
1220710 2690.0
1220720 2683.2
1220730 2683.2
1220740 2675.9
1220750 2669.9
1220760 2669.9
1220770 2664.3
1220780 2660.3
1220790 2660.3
1220800 2658.3
1220810 2655.2
1220820 2655.2
1220830 2649.9
1220840 2643.5
1220850 2643.5
1220860 2637.3
1220870 2630.3
1220880 2630.3
1220890 2622.4
1220900 2616.0
1220910 2610.9
1220920 2610.9
1220930 2605.5
1220940 2599.0
1220950 2599.0
1220960 2593.3
1220970 2587.9
1220980 2587.9
1220990 2581.6
1221000 2573.8
1221010 2573.8
1221020 2564.9
1221030 2556.2
1221040 2556.2
1221050 2549.5
1221060 2545.2
1221070 2545.2
1221080 2542.4
1221090 2540.2
1221100 2538.0
1221110 2538.0
1221120 2535.4
1221130 2531.7
1221140 2531.7
1221150 2529.0
1221160 2525.7
1221170 2525.7
1221180 2523.6
1221190 2521.5
1221200 2521.5
1221210 2519.8
1221220 2518.1
1221230 2516.2
1221240 2514.2
1221250 2511.8
1221260 2511.8
1221270 2509.6
1221280 2507.8
1221290 2506.8
1221300 2506.8
1221310 2505.9
1221320 2504.7
1221330 2504.7
1221340 2501.7
1221350 2496.9
1221360 2496.9
1221370 2491.6
1221380 2486.3
1221390 2486.3
1221400 2482.4
1221410 2479.7
1221420 2479.7
1221430 2477.2
1221440 2475.1
1221450 2475.1
1221460 2473.3
1221470 2471.5
1221480 2469.4
1221490 2469.4
1221500 2467.2
1221510 2464.6
1221520 2464.6
1221530 2460.9
1221540 2457.1
1221550 2457.1
1221560 2453.8
1221570 2449.5
1221580 2449.5
1221590 2444.9
1221600 2440.8
1221610 2440.8
1221620 2435.9
1221630 2431.1
1221640 2431.1
1221650 2426.3
1221660 2421.5
1221670 2416.5
1221680 2416.5
1221690 2410.8
1221700 2407.0
1221710 2394.8
1221720 2389.2
1221730 2383.2
1221740 2383.2
1221750 2377.6
1221760 2372.5
1221770 2372.5
1221780 2367.5
1221790 2361.1
1221800 2361.1
1221810 2354.1
1221820 2347.9
1221830 2347.9
1221840 2342.6
1221850 2339.1
1221860 2339.1
1221870 2335.8
1221880 2332.9
1221890 2329.3
1221900 2329.3
1221910 2326.0
1221920 2322.1
1221930 2322.1
1221940 2318.4
1221950 2315.8
1221960 2315.8
1221970 2313.4
1221980 2310.1
1221990 2310.1
1222000 2306.3
1222010 2302.7
1222020 2302.7
1222030 2299.3
1222040 2295.8
1222050 2295.8
1222060 2291.9
1222070 2287.7
1222080 2281.3
1222090 2281.3
1222100 2272.1
1222110 2258.3
1222120 2258.3
1222130 2248.9
1222140 2242.6
1222150 2242.6
1222160 2235.7
1222170 2228.4
1222180 2228.4
1222190 2219.5
1222200 2213.3
1222210 2213.3
1222220 2207.6
1222230 2202.0
1222240 2202.0
1222250 2195.7
1222260 2189.3
1222270 2182.7
1222280 2182.7
1222290 2176.7
1222300 2171.4
1222310 2171.4
1222320 2167.7
1222330 2163.5
1222340 2163.5
1222350 2157.4
1222360 2150.2
1222370 2150.2
1222380 2142.7
1222390 2135.4
1222400 2135.4
1222410 2129.5
1222420 2124.8
1222430 2124.8
1222440 2121.0
1222450 2118.4
1222460 2115.1
1222470 2115.1
1222480 2111.7
1222490 2108.3
1222500 2108.3
1222510 2104.6
1222520 2101.4
1222530 2101.4
1222540 2098.3
1222550 2094.7
1222560 2094.7
1222570 2091.5
1222580 2088.6
1222590 2088.6
1222600 2085.0
1222610 2082.1
1222620 2082.1
1222630 2079.2
1222640 2075.9
1222650 2075.9
1222660 2071.6
1222670 2065.4
1222680 2056.2
1222690 2056.2
1222700 2050.4
1222710 2045.6
1222720 2045.6
1222730 2041.3
1222740 2036.3
1222750 2036.3
1222760 2031.7
1222770 2027.4
1222780 2027.4
1222790 2022.5
1222800 2017.9
1222810 2017.9
1222820 2014.3
1222830 2010.4
1222840 2010.4
1222850 2006.1
1222860 2001.7
1222870 1997.2
1222880 1997.2
1222890 1991.9
1222900 1986.3
1222910 1986.3
1222920 1981.1
1222930 1976.7
1222940 1976.7
1222950 1972.3
1222960 1968.2
1222970 1968.2
1222980 1963.2
1222990 1958.4
1223000 1958.4
1223010 1954.4
1223020 1949.7
1223030 1949.7
1223040 1945.3
1223050 1941.6
1223060 1937.9
1223070 1937.9
1223080 1934.2
1223090 1930.2
1223100 1930.2
1223110 1926.1
1223120 1920.8
1223130 1920.8
1223140 1914.9
1223150 1908.8
1223160 1907.1
1223170 1901.3
1223180 1894.8
1223190 1894.8
1223200 1887.1
1223210 1881.7
1223220 1881.7
1223230 1876.5
1223240 1871.4
1223250 1867.0
1223260 1867.0
1223270 1863.7
1223280 1861.8
1223290 1861.8
1223300 1858.5
1223310 1854.0
1223320 1854.0
1223330 1850.9
1223340 1848.8
1223350 1848.8
1223360 1847.7
1223370 1846.6
1223380 1846.6
1223390 1843.2
1223400 1840.1
1223410 1840.1
1223420 1837.5
1223430 1834.4
1223440 1831.4
1223450 1831.4
1223460 1829.4
1223470 1827.0
1223480 1827.0
1223490 1824.4
1223500 1823.9
1223510 1823.9
1223520 1823.4
1223530 1820.6
1223540 1820.6
1223550 1818.2
1223560 1817.2
1223570 1817.2
1223580 1817.4
1223590 1818.5
1223600 1818.5
1223610 1817.9
1223620 1817.3
1223630 1817.3
1223640 1815.2
1223650 1816.5
1223660 1818.6
1223670 1818.6
1223680 1821.7
1223690 1823.3
1223700 1823.3
1223710 1823.7
1223720 1824.7
1223730 1824.7
1223740 1826.4
1223750 1826.8
1223760 1826.8
1223770 1827.4
1223780 1829.0
1223790 1829.0
1223800 1831.7
1223810 1833.5
1223820 1833.5
1223830 1833.7
1223840 1833.8
1223850 1833.6
1223860 1833.6
1223870 1833.9
1223880 1834.6
1223890 1834.6
1223900 1834.5
1223910 1832.1
1223920 1832.1
1223930 1829.5
1223940 1826.3
1223950 1826.3
1223960 1821.2
1223970 1817.9
1223980 1817.9
1223990 1815.9
1224000 1814.6
1224010 1814.6
1224020 1810.3
1224030 1805.6
1224040 1802.5
1224050 1802.5
1224060 1800.3
1224070 1796.9
1224080 1796.9
1224090 1791.7
1224100 1780.6
1224110 1780.6
1224120 1767.3
1224130 1745.2
1224140 1745.2
1224150 1734.2
1224160 1728.3
1224170 1728.3
1224180 1722.4
1224190 1715.2
1224200 1715.2
1224210 1712.3
1224220 1709.9
1224230 1706.8
1224240 1706.8
1224250 1703.2
1224260 1695.6
1224270 1695.6
1224280 1687.2
1224290 1680.8
1224300 1680.8
1224310 1672.5
1224320 1661.1
1224330 1661.1
1224340 1653.2
1224350 1653.0
1224360 1653.0
1224370 1645.7
1224380 1639.1
1224390 1639.1
1224400 1639.4
1224410 1638.5
1224420 1638.5
1224430 1635.1
1224440 1630.9
1224450 1627.3
1224460 1627.3
1224470 1624.0
1224480 1618.8
1224490 1618.8
1224500 1614.1
1224510 1610.0
1224520 1610.0
1224530 1605.5
1224540 1602.2
1224550 1602.2
1224560 1601.0
1224570 1599.0
1224580 1599.0
1224590 1594.9
1224600 1590.3
1224610 1590.3
1224620 1582.4
1224630 1580.9
1224640 1577.0
1224650 1577.0
1224660 1572.6
1224670 1570.0
1224680 1570.0
1224690 1566.6
1224700 1564.0
1224710 1564.0
1224720 1562.3
1224730 1558.6
1224740 1558.6
1224750 1554.3
1224760 1550.5
1224770 1550.5
1224780 1547.4
1224790 1543.4
1224800 1543.4
1224810 1539.4
1224820 1535.4
1224830 1531.9
1224840 1531.9
1224850 1527.5
1224860 1525.3
1224870 1525.3
1224880 1521.3
1224890 1516.5
1224900 1516.5
1224910 1513.6
1224920 1511.4
1224930 1511.4
1224940 1508.6
1224950 1506.6
1224960 1506.6
1224970 1505.1
1224980 1502.8
1224990 1502.8
1225000 1499.7
1225010 1498.2
1225020 1497.4
1225030 1497.4
1225040 1496.0
1225050 1495.5
1225060 1495.5
1225070 1495.5
1225080 1496.9
1225090 1496.9
1225100 1500.1
1225110 1499.7
1225120 1499.7
1225130 1499.1
1225140 1498.8
1225150 1498.8
1225160 1498.3
1225170 1500.6
1225180 1500.6
1225190 1503.9
1225200 1503.8
1225210 1503.8
1225220 1504.6
1225230 1506.8
1225240 1508.9
1225250 1508.9
1225260 1510.5
1225270 1513.0
1225280 1513.0
1225290 1516.4
1225300 1519.1
1225310 1519.1
1225320 1521.6
1225330 1525.2
1225340 1525.2
1225350 1529.4
1225360 1533.1
1225370 1533.1
1225380 1535.6
1225390 1538.4
1225400 1538.4
1225410 1541.5
1225420 1543.0
1225430 1543.2
1225440 1543.2
1225450 1542.8
1225460 1542.3
1225470 1542.3
1225480 1542.0
1225490 1541.5
1225500 1541.5
1225510 1541.3
1225520 1543.4
1225530 1543.4
1225540 1546.8
1225550 1549.5
1225560 1549.5
1225570 1552.4
1225580 1554.9
1225590 1559.0
1225600 1562.8
1225610 1566.2
1225620 1569.1
1225630 1569.1
1225640 1570.4
1225650 1573.7
1225660 1573.7
1225670 1576.3
1225680 1576.7
1225690 1576.7
1225700 1580.4
1225710 1587.1
1225720 1587.1
1225730 1596.3
1225740 1605.2
1225750 1605.2
1225760 1608.1
1225770 1609.8
1225780 1609.8
1225790 1614.8
1225800 1616.4
1225810 1617.8
1225820 1617.8
1225830 1615.6
1225840 1611.0
1225850 1611.0
1225860 1610.3
1225870 1610.1
1225880 1610.1
1225890 1619.5
1225900 1626.5
1225910 1626.5
1225920 1626.4
1225930 1625.4
1225940 1625.4
1225950 1626.0
1225960 1626.1
1225970 1626.1
1225980 1628.1
1225990 1632.1
1226000 1638.1
1226010 1638.1
1226020 1647.3
1226030 1652.8
1226040 1652.8
1226050 1654.0
1226060 1653.7
1226070 1653.7
1226080 1655.9
1226090 1652.8
1226100 1652.8
1226110 1650.9
1226120 1648.7
1226130 1648.7
1226140 1644.3
1226150 1640.0
1226160 1640.0
1226170 1634.2
1226180 1627.7
1226190 1627.7
1226200 1623.7
1226210 1623.2
1226220 1621.4
1226230 1621.4
1226240 1620.5
1226250 1618.8
1226260 1618.8
1226270 1616.2
1226280 1613.3
1226290 1613.3
1226300 1613.1
1226310 1616.4
1226320 1616.4
1226330 1623.0
1226340 1623.3
1226350 1623.3
1226360 1623.7
1226370 1623.5
1226380 1623.5
1226390 1622.8
1226400 1621.6
1226410 1622.4
1226420 1622.4
1226430 1623.7
1226440 1623.4
1226450 1623.4
1226460 1618.7
1226470 1617.7
1226480 1617.7
1226490 1619.4
1226500 1620.0
1226510 1620.0
1226520 1621.9
1226530 1624.1
1226540 1624.1
1226550 1625.9
1226560 1628.1
1226570 1635.9
1226580 1639.3
1226590 1642.4
1226600 1645.6
1226610 1645.6
1226620 1648.4
1226630 1650.2
1226640 1650.2
1226650 1652.6
1226660 1655.0
1226670 1655.0
1226680 1659.1
1226690 1664.3
1226700 1664.3
1226710 1664.5
1226720 1666.8
1226730 1666.8
1226740 1670.4
1226750 1676.1
1226760 1676.1
1226770 1680.6
1226780 1680.6
1226790 1680.5
1226800 1680.5
1226810 1681.2
1226820 1682.9
1226830 1682.9
1226840 1685.3
1226850 1684.0
1226860 1684.0
1226870 1684.4
1226880 1684.4
1226890 1684.4
1226900 1691.1
1226910 1698.3
1226920 1698.3
1226930 1707.8
1226940 1717.8
1226950 1717.8
1226960 1721.6
1226970 1723.2
1226980 1723.2
1226990 1723.0
1227000 1721.8
1227010 1716.4
1227020 1716.4
1227030 1713.9
1227040 1722.1
1227050 1722.1
1227060 1732.8
1227070 1744.2
1227080 1744.2
1227090 1754.6
1227100 1759.1
1227110 1759.1
1227120 1762.0
1227130 1765.8
1227140 1765.8
1227150 1774.7
1227160 1780.6
1227170 1780.6
1227180 1785.4
1227190 1790.3
1227200 1796.1
1227210 1796.1
1227220 1798.5
1227230 1800.6
1227240 1800.6
1227250 1801.7
1227260 1802.3
1227270 1802.3
1227280 1805.7
1227290 1809.9
1227300 1809.9
1227310 1812.6
1227320 1819.4
1227330 1819.4
1227340 1826.6
1227350 1836.6
1227360 1836.6
1227370 1845.8
1227380 1845.8
1227390 1846.4
1227400 1846.4
1227410 1854.4
1227420 1856.9
1227430 1856.9
1227440 1858.1
1227450 1866.7
1227460 1866.7
1227470 1871.9
1227480 1879.5
1227490 1879.5
1227500 1883.8
1227510 1884.4
1227520 1884.4
1227530 1883.1
1227540 1884.2
1227550 1893.3
1227560 1897.7
1227570 1901.1
1227580 1903.8
1227590 1903.8
1227600 1906.1
1227610 1907.8
1227620 1907.8
1227630 1908.5
1227640 1909.5
1227650 1909.5
1227660 1912.5
1227670 1914.3
1227680 1914.3
1227690 1912.7
1227700 1912.0
1227710 1912.0
1227720 1915.2
1227730 1917.5
1227740 1917.5
1227750 1919.0
1227760 1921.5
1227770 1923.3
1227780 1923.3
1227790 1923.4
1227800 1923.5
1227810 1923.5
1227820 1921.0
1227830 1918.6
1227840 1918.6
1227850 1917.2
1227860 1914.7
1227870 1914.7
1227880 1910.1
1227890 1905.8
1227900 1905.8
1227910 1903.9
1227920 1901.2
1227930 1901.2
1227940 1896.5
1227950 1893.2
1227960 1893.2
1227970 1889.9
1227980 1887.2
1227990 1884.5
1228000 1884.5
1228010 1882.9
1228020 1878.6
1228030 1878.6
1228040 1881.7
1228050 1879.3
1228060 1879.3
1228070 1877.6
1228080 1876.0
1228090 1876.0
1228100 1874.8
1228110 1872.6
1228120 1872.6
1228130 1868.9
1228140 1866.9
1228150 1866.9
1228160 1864.2
1228170 1861.4
1228180 1859.1
1228190 1859.1
1228200 1857.5
1228210 1855.7
1228220 1855.7
1228230 1851.6
1228240 1847.0
1228250 1847.0
1228260 1843.0
1228270 1838.5
1228280 1838.5
1228290 1834.0
1228300 1829.8
1228310 1829.8
1228320 1826.8
1228330 1823.9
1228340 1823.9
1228350 1820.5
1228360 1817.5
1228370 1813.7
1228380 1813.7
1228390 1809.1
1228400 1804.3
1228410 1804.3
1228420 1799.6
1228430 1795.2
1228440 1795.2
1228450 1790.3
1228460 1785.7
1228470 1785.7
1228480 1781.2
1228490 1777.1
1228500 1777.1
1228510 1773.2
1228520 1769.3
1228530 1769.3
1228540 1768.4
1228550 1762.8
1228560 1757.7
1228570 1757.7
1228580 1751.9
1228590 1746.4
1228600 1746.4
1228610 1741.7
1228620 1737.1
1228630 1737.1
1228640 1733.7
1228650 1727.9
1228660 1727.9
1228670 1721.8
1228680 1715.4
1228690 1715.4
1228700 1709.2
1228710 1704.0
1228720 1704.0
1228730 1700.2
1228740 1698.0
1228750 1698.0
1228760 1696.4
1228770 1694.3
1228780 1689.2
1228790 1689.2
1228800 1683.3
1228810 1678.4
1228820 1678.4
1228830 1674.2
1228840 1670.9
1228850 1670.9
1228860 1667.2
1228870 1662.2
1228880 1662.2
1228890 1656.6
1228900 1649.0
1228910 1649.0
1228920 1644.5
1228930 1643.8
1228940 1643.8
1228950 1638.3
1228960 1634.2
1228970 1627.2
1228980 1627.2
1228990 1615.3
1229000 1602.9
1229010 1602.9
1229020 1593.5
1229030 1596.9
1229040 1596.9
1229050 1609.8
1229060 1620.5
1229070 1620.5
1229080 1624.5
1229090 1626.5
1229100 1626.5
1229110 1628.6
1229120 1631.4
1229130 1631.4
1229140 1634.8
1229150 1639.6
1229160 1645.2
1229170 1645.2
1229180 1650.8
1229190 1656.3
1229200 1656.3
1229210 1662.1
1229220 1668.2
1229230 1668.2
1229240 1674.8
1229250 1681.6
1229260 1681.6
1229270 1688.5
1229280 1695.8
1229290 1695.8
1229300 1703.3
1229310 1711.3
1229320 1711.3
1229330 1719.4
1229340 1727.2
1229350 1734.8
1229360 1734.8
1229370 1745.3
1229380 1755.4
1229390 1755.4
1229400 1764.4
1229410 1774.7
1229420 1774.7
1229430 1789.8
1229440 1805.2
1229450 1805.2
1229460 1816.8
1229470 1828.1
1229480 1828.1
1229490 1836.1
1229500 1842.6
1229510 1842.6
1229520 1849.8
1229530 1850.1
1229540 1855.7
1229550 1855.7
1229560 1863.8
1229570 1873.4
1229580 1873.4
1229590 1881.8
1229600 1889.0
1229610 1889.0
1229620 1896.6
1229630 1904.4
1229640 1904.4
1229650 1912.9
1229660 1922.0
1229670 1922.0
1229680 1932.0
1229690 1946.8
1229700 1946.8
1229710 1958.0
1229720 1967.9
1229730 1967.9
1229740 1976.1
1229750 1984.2
1229760 1991.5
1229770 1991.5
1229780 1998.9
1229790 2007.8
1229800 2007.8
1229810 2026.7
1229820 2042.5
1229830 2042.5
1229840 2052.9
1229850 2062.3
1229860 2062.3
1229870 2075.8
1229880 2096.3
1229890 2096.3
1229900 2106.6
1229910 2113.6
1229920 2113.6
1229930 2118.5
1229940 2123.0
1229950 2128.5
1229960 2128.5
1229970 2134.2
1229980 2139.4
1229990 2139.4
1230000 2144.1
1230010 2147.7
1230020 2144.3
1230030 2147.9
1230040 2152.2
1230050 2152.2
1230060 2156.4
1230070 2160.8
1230080 2160.8
1230090 2165.3
1230100 2170.3
1230110 2170.3
1230120 2174.8
1230130 2178.4
1230140 2181.4
1230150 2181.4
1230160 2185.4
1230170 2188.9
1230180 2188.9
1230190 2192.6
1230200 2195.8
1230210 2195.8
1230220 2197.4
1230230 2197.4
1230240 2197.4
1230250 2196.6
1230260 2196.3
1230270 2196.3
1230280 2196.2
1230290 2196.8
1230300 2196.8
1230310 2197.1
1230320 2197.1
1230330 2198.0
1230340 2198.0
1230350 2199.9
1230360 2201.5
1230370 2201.5
1230380 2203.7
1230390 2205.5
1230400 2205.5
1230410 2207.5
1230420 2209.5
1230430 2209.5
1230440 2212.6
1230450 2215.7
1230460 2215.7
1230470 2216.8
1230480 2220.8
1230490 2220.8
1230500 2226.8
1230510 2231.8
1230520 2224.1
1230530 2223.6
1230540 2229.4
1230550 2233.7
1230560 2233.7
1230570 2234.6
1230580 2239.9
1230590 2239.9
1230600 2245.6
1230610 2248.1
1230620 2248.1
1230630 2253.0
1230640 2258.3
1230650 2258.3
1230660 2261.5
1230670 2260.1
1230680 2260.1
1230690 2258.3
1230700 2261.5
1230710 2261.5
1230720 2270.6
1230730 2276.6
1230740 2277.7
1230750 2277.7
1230760 2278.9
1230770 2282.5
1230780 2282.5
1230790 2283.9
1230800 2285.7
1230810 2285.7
1230820 2288.5
1230830 2291.7
1230840 2291.7
1230850 2294.8
1230860 2297.8
1230870 2297.8
1230880 2300.7
1230890 2303.3
1230900 2303.3
1230910 2304.7
1230920 2304.4
1230930 2304.4
1230940 2304.4
1230950 2309.5
1230960 2314.6
1230970 2314.6
1230980 2318.2
1230990 2322.5
1231000 2322.5
1231010 2328.5
1231020 2331.1
1231030 2331.1
1231040 2336.4
1231050 2341.7
1231060 2341.7
1231070 2348.0
1231080 2354.3
1231090 2354.3
1231100 2360.9
1231110 2367.0
1231120 2372.7
1231130 2372.7
1231140 2378.4
1231150 2384.9
1231160 2384.9
1231170 2391.4
1231180 2398.8
1231190 2398.8
1231200 2406.4
1231210 2414.6
1231220 2414.6
1231230 2422.0
1231240 2428.6
1231250 2428.6
1231260 2433.9
1231270 2439.3
1231280 2439.3
1231290 2442.9
1231300 2446.1
1231310 2451.1
1231320 2451.1
1231330 2456.4
1231340 2462.0
1231350 2462.0
1231360 2467.2
1231370 2472.8
1231380 2472.8
1231390 2479.6
1231400 2484.8
1231410 2484.8
1231420 2490.7
1231430 2496.4
1231440 2496.4
1231450 2502.2
1231460 2508.7
1231470 2508.7
1231480 2515.6
1231490 2523.6
1231500 2523.6
1231510 2532.5
1231520 2539.2
1231530 2545.3
1231540 2545.3
1231550 2550.4
1231560 2554.3
1231570 2554.3
1231580 2559.5
1231590 2566.2
1231600 2566.2
1231610 2571.8
1231620 2573.9
1231630 2573.9
1231640 2574.1
1231650 2574.3
1231660 2574.3
1231670 2575.3
1231680 2576.1
1231690 2576.1
1231700 2577.7
1231710 2578.2
1231720 2575.1
1231730 2575.1
1231740 2573.1
1231750 2576.3
1231760 2576.3
1231770 2579.9
1231780 2583.6
1231790 2583.6
1231800 2588.0
1231810 2591.5
1231820 2591.5
1231830 2593.4
1231840 2595.1
1231850 2595.1
1231860 2596.2
1231870 2598.5
1231880 2598.5
1231890 2601.3
1231900 2604.2
1231910 2606.0
1231920 2606.0
1231930 2607.1
1231940 2607.7
1231950 2607.7
1231960 2608.9
1231970 2610.1
1231980 2610.1
1231990 2612.7
1232000 2617.3
1232010 2617.3
1232020 2617.3
1232030 2621.9
1232040 2621.9
1232050 2625.4
1232060 2628.3
1232070 2628.3
1232080 2630.8
1232090 2632.7
1232100 2633.7
1232110 2633.7
1232120 2633.2
1232130 2632.1
1232140 2632.1
1232150 2631.1
1232160 2629.3
1232170 2629.3
1232180 2628.4
1232190 2629.6
1232200 2629.6
1232210 2632.6
1232220 2635.6
1232230 2635.6
1232240 2638.8
1232250 2641.7
1232260 2641.7
1232270 2643.6
1232280 2646.3
1232290 2646.3
1232300 2648.0
1232310 2649.5
1232320 2651.7
1232330 2651.7
1232340 2654.0
1232350 2657.2
1232360 2657.2
1232370 2660.2
1232380 2663.5
1232390 2663.5
1232400 2665.6
1232410 2666.4
1232420 2666.4
1232430 2667.9
1232440 2670.7
1232450 2670.7
1232460 2672.3
1232470 2674.1
1232480 2674.1
1232490 2676.1
1232500 2680.1
1232510 2685.4
1232520 2681.0
1232530 2686.6
1232540 2692.3
1232550 2692.3
1232560 2699.1
1232570 2708.2
1232580 2708.2
1232590 2715.2
1232600 2719.5
1232610 2719.5
1232620 2723.3
1232630 2726.3
1232640 2726.3
1232650 2728.9
1232660 2731.3
1232670 2731.3
1232680 2730.9
1232690 2727.2
1232700 2723.2
1232710 2723.2
1232720 2719.4
1232730 2716.7
1232740 2716.7
1232750 2714.1
1232760 2712.2
1232770 2712.2
1232780 2711.7
1232790 2712.7
1232800 2712.7
1232810 2715.1
1232820 2718.4
1232830 2718.4
1232840 2721.6
1232850 2724.1
1232860 2724.1
1232870 2727.2
1232880 2732.3
1232890 2735.4
1232900 2735.4
1232910 2733.7
1232920 2734.5
1232930 2734.5
1232940 2735.9
1232950 2734.1
1232960 2734.1
1232970 2734.2
1232980 2734.6
1232990 2734.6
1233000 2733.2
1233010 2729.1
1233020 2727.8
1233030 2721.1
1233040 2714.9
1233050 2714.9
1233060 2706.7
1233070 2702.1
1233080 2699.0
1233090 2699.0
1233100 2696.2
1233110 2696.0
1233120 2696.0
1233130 2696.0
1233140 2699.8
1233150 2699.8
1233160 2704.7
1233170 2706.9
1233180 2706.9
1233190 2707.6
1233200 2710.2
1233210 2710.2
1233220 2715.3
1233230 2716.2
1233240 2716.2
1233250 2715.1
1233260 2712.1
1233270 2712.1
1233280 2709.2
1233290 2708.8
1233300 2710.7
1233310 2710.7
1233320 2713.4
1233330 2719.6
1233340 2719.6
1233350 2723.1
1233360 2726.2
1233370 2726.2
1233380 2728.4
1233390 2729.7
1233400 2729.7
1233410 2732.3
1233420 2734.5
1233430 2734.5
1233440 2737.0
1233450 2741.0
1233460 2741.0
1233470 2745.5
1233480 2749.9
1233490 2754.3
1233500 2754.3
1233510 2759.5
1233520 2760.4
1233530 2760.4
1233540 2766.2
1233550 2774.5
1233560 2774.5
1233570 2782.7
1233580 2792.5
1233590 2792.5
1233600 2803.9
1233610 2813.5
1233620 2813.5
1233630 2824.4
1233640 2831.7
1233650 2831.7
1233660 2838.2
1233670 2842.7
1233680 2844.5
1233690 2844.5
1233700 2844.2
1233710 2844.3
1233720 2844.3
1233730 2845.6
1233740 2847.9
1233750 2847.9
1233760 2852.2
1233770 2858.5
1233780 2858.5
1233790 2865.4
1233800 2873.2
1233810 2873.2
1233820 2881.1
1233830 2892.4
1233840 2892.4
1233850 2902.6
1233860 2910.1
1233870 2914.4
1233880 2914.4
1233890 2917.5
1233900 2920.9
1233910 2920.9
1233920 2924.3
1233930 2929.1
1233940 2929.1
1233950 2935.8
1233960 2944.6
1233970 2944.6
1233980 2953.4
1233990 2961.2
1234000 2961.2
1234010 2968.9
1234020 2976.4
1234030 2971.3
1234040 2978.7
1234050 2985.4
1234060 2985.4
1234070 2989.3
1234080 2986.9
1234090 2980.4
1234100 2980.4
1234110 2972.6
1234120 2964.1
1234130 2964.1
1234140 2954.6
1234150 2948.9
1234160 2948.9
1234170 2947.4
1234180 2942.3
1234190 2942.3
1234200 2936.1
1234210 2932.0
1234220 2932.0
1234230 2928.6
1234240 2926.0
1234250 2926.0
1234260 2921.9
1234270 2918.4
1234280 2914.9
1234290 2914.9
1234300 2911.4
1234310 2907.6
1234320 2907.6
1234330 2905.5
1234340 2902.4
1234350 2902.4
1234360 2899.4
1234370 2896.9
1234380 2896.9
1234390 2894.1
1234400 2890.9
1234410 2890.9
1234420 2886.3
1234430 2880.8
1234440 2880.8
1234450 2876.5
1234460 2873.5
1234470 2871.6
1234480 2871.6
1234490 2870.9
1234500 2868.9
1234510 2868.9
1234520 2866.0
1234530 2868.8
1234540 2868.8
1234550 2866.8
1234560 2865.2
1234570 2865.2
1234580 2863.0
1234590 2861.1
1234600 2861.1
1234610 2859.1
1234620 2856.8
1234630 2856.8
1234640 2853.8
1234650 2851.6
1234660 2849.5
1234670 2849.5
1234680 2847.5
1234690 2845.8
1234700 2845.8
1234710 2843.6
1234720 2841.6
1234730 2841.6
1234740 2839.9
1234750 2838.1
1234760 2838.1
1234770 2837.2
1234780 2836.8
1234790 2836.8
1234800 2838.0
1234810 2839.8
1234820 2839.8
1234830 2841.4
1234840 2842.2
1234850 2844.1
1234860 2844.1
1234870 2846.5
1234880 2849.6
1234890 2849.6
1234900 2853.2
1234910 2856.4
1234920 2856.4
1234930 2859.2
1234940 2860.8
1234950 2860.8
1234960 2860.5
1234970 2859.5
1234980 2859.5
1234990 2857.2
1235000 2856.3
1235010 2856.3
1235020 2856.2
1235030 2856.8
1235040 2859.6
1235050 2861.9
1235060 2864.1
1235070 2864.5
1235080 2864.5
1235090 2864.2
1235100 2863.0
1235110 2863.0
1235120 2863.7
1235130 2865.1
1235140 2865.1
1235150 2863.6
1235160 2860.2
1235170 2860.2
1235180 2861.0
1235190 2862.0
1235200 2862.0
1235210 2866.0
1235220 2872.6
1235230 2872.6
1235240 2875.0
1235250 2880.3
1235260 2886.3
1235270 2886.3
1235280 2893.5
1235290 2896.9
1235300 2896.9
1235310 2898.0
1235320 2901.2
1235330 2901.2
1235340 2905.9
1235350 2910.9
1235360 2910.9
1235370 2918.1
1235380 2926.2
1235390 2926.2
1235400 2932.7
1235410 2940.4
1235420 2940.4
1235430 2942.7
1235440 2941.8
1235450 2939.3
1235460 2939.3
1235470 2937.6
1235480 2937.6
1235490 2937.6
1235500 2937.0
1235510 2936.3
1235520 2936.3
1235530 2936.9
1235540 2937.8
1235550 2945.3
1235560 2944.3
1235570 2943.5
1235580 2943.5
1235590 2943.8
1235600 2946.7
1235610 2946.7
1235620 2951.3
1235630 2960.0
1235640 2964.7
1235650 2964.7
1235660 2974.9
1235670 2984.9
1235680 2984.9
1235690 2991.8
1235700 2998.6
1235710 2998.6
1235720 3000.7
1235730 3001.0
1235740 3001.0
1235750 3007.7
1235760 3010.8
1235770 3010.8
1235780 3019.2
1235790 3024.3
1235800 3024.3
1235810 3029.7
1235820 3035.2
1235830 3035.2
1235840 3044.9
1235850 3040.4
1235860 3034.8
1235870 3034.8
1235880 3038.0
1235890 3045.2
1235900 3045.2
1235910 3047.6
1235920 3040.4
1235930 3040.4
1235940 3038.1
1235950 3043.8
1235960 3043.8
1235970 3047.7
1235980 3051.3
1235990 3051.3
1236000 3056.6
1236010 3058.9
1236020 3058.9
1236030 3056.6
1236040 3059.5
1236050 3054.0
1236060 3054.0
1236070 3058.8
1236080 3062.9
1236090 3062.9
1236100 3065.9
1236110 3070.5
1236120 3070.5
1236130 3073.6
1236140 3076.9
1236150 3076.9
1236160 3076.4
1236170 3078.3
1236180 3078.3
1236190 3079.8
1236200 3087.5
1236210 3087.5
1236220 3090.6
1236230 3087.5
1236240 3085.3
1236250 3085.3
1236260 3082.8
1236270 3078.1
1236280 3078.1
1236290 3072.1
1236300 3063.0
1236310 3063.0
1236320 3053.4
1236330 3043.8
1236340 3043.8
1236350 3035.5
1236360 3028.7
1236370 3028.7
1236380 3022.3
1236390 3013.4
1236400 3013.4
1236410 3003.8
1236420 2994.7
1236430 2986.0
1236440 2986.0
1236450 2979.4
1236460 2973.6
1236470 2973.6
1236480 2968.9
1236490 2964.1
1236500 2964.1
1236510 2959.1
1236520 2955.2
1236530 2955.2
1236540 2954.1
1236550 2953.8
1236560 2959.8
1236570 2960.3
1236580 2962.9
1236590 2962.9
1236600 2959.6
1236610 2952.3
1236620 2946.8
1236630 2946.8
1236640 2942.8
1236650 2939.5
1236660 2939.5
1236670 2938.2
1236680 2937.5
1236690 2937.5
1236700 2936.9
1236710 2936.5
1236720 2936.5
1236730 2936.5
1236740 2936.8
1236750 2936.8
1236760 2937.0
1236770 2937.4
1236780 2937.4
1236790 2937.9
1236800 2938.6
1236810 2938.6
1236820 2939.5
1236830 2940.6
1236840 2941.8
1236850 2941.8
1236860 2943.2
1236870 2944.8
1236880 2944.8
1236890 2946.7
1236900 2948.8
1236910 2948.8
1236920 2951.3
1236930 2953.8
1236940 2953.8
1236950 2956.7
1236960 2959.7
1236970 2959.7
1236980 2962.2
1236990 2964.9
1237000 2964.9
1237010 2967.5
1237020 2970.1
1237030 2972.6
1237040 2972.6
1237050 2974.5
1237060 2975.9
1237070 2980.6
1237080 2981.6
1237090 2982.3
1237100 2982.3
1237110 2983.1
1237120 2983.9
1237130 2983.9
1237140 2984.9
1237150 2986.2
1237160 2986.2
1237170 2988.2
1237180 2992.1
1237190 2992.1
1237200 2990.8
1237210 2980.1
1237220 2967.4
1237230 2967.4
1237240 2953.2
1237250 2951.3
1237260 2951.3
1237270 2956.6
1237280 2959.3
1237290 2959.3
1237300 2948.8
1237310 2930.6
1237320 2930.6
1237330 2916.5
1237340 2913.0
1237350 2913.0
1237360 2910.9
1237370 2908.1
1237380 2908.1
1237390 2905.4
1237400 2902.6
1237410 2899.7
1237420 2899.7
1237430 2896.2
1237440 2892.0
1237450 2892.0
1237460 2888.5
1237470 2885.8
1237480 2885.8
1237490 2882.8
1237500 2881.1
1237510 2881.1
1237520 2879.8
1237530 2877.7
1237540 2877.7
1237550 2878.0
1237560 2880.3
1237570 2880.3
1237580 2885.3
1237590 2885.2
1237600 2885.2
1237610 2888.3
1237620 2891.3
1237630 2894.5
1237640 2894.5
1237650 2897.2
1237660 2899.7
1237670 2899.7
1237680 2903.4
1237690 2907.3
1237700 2907.3
1237710 2912.0
1237720 2917.0
1237730 2917.0
1237740 2921.8
1237750 2926.9
1237760 2926.9
1237770 2932.0
1237780 2938.0
1237790 2938.0
1237800 2944.5
1237810 2953.1
1237820 2962.2
1237830 2962.2
1237840 2968.6
1237850 2965.7
1237860 2965.7
1237870 2954.9
1237880 2948.4
1237890 2948.4
1237900 2937.4
1237910 2932.4
1237920 2932.4
1237930 2924.3
1237940 2921.1
1237950 2921.1
1237960 2920.1
1237970 2920.0
1237980 2920.0
1237990 2919.9
1238000 2923.4
1238010 2928.0
1238020 2928.0
1238030 2929.3
1238040 2931.9
1238050 2931.9
1238060 2936.6
1238070 2933.9
1238080 2933.9
1238090 2929.4
1238100 2933.5
1238110 2933.5
1238120 2928.9
1238130 2925.8
1238140 2925.8
1238150 2923.8
1238160 2922.1
1238170 2922.1
1238180 2920.8
1238190 2919.8
1238200 2919.0
1238210 2919.0
1238220 2918.5
1238230 2918.1
1238240 2918.1
1238250 2918.2
1238260 2918.3
1238270 2918.3
1238280 2918.5
1238290 2919.0
1238300 2919.0
1238310 2919.7
1238320 2920.5
1238330 2920.5
1238340 2921.4
1238350 2922.4
1238360 2922.4
1238370 2923.7
1238380 2925.1
1238390 2926.8
1238400 2926.8
1238410 2928.7
1238420 2930.7
1238430 2930.7
1238440 2932.9
1238450 2935.1
1238460 2935.1
1238470 2937.5
1238480 2940.4
1238490 2940.4
1238500 2944.0
1238510 2947.7
1238520 2947.7
1238530 2951.3
1238540 2954.4
1238550 2954.4
1238560 2957.2
1238570 2959.7
1238580 2959.7
1238590 2962.0
1238600 2964.2
1238610 2970.0
1238620 2970.0
1238630 2972.6
1238640 2974.9
1238650 2974.9
1238660 2977.0
1238670 2979.1
1238680 2979.1
1238690 2981.3
1238700 2984.6
1238710 2984.6
1238720 2989.4
1238730 2995.9
1238740 2995.9
1238750 2994.2
1238760 2985.5
1238770 2985.5
1238780 2977.1
1238790 2970.5
1238800 2958.1
1238810 2958.1
1238820 2947.4
1238830 2939.2
1238840 2939.2
1238850 2926.3
1238860 2904.8
1238870 2904.8
1238880 2889.7
1238890 2882.9
1238900 2882.9
1238910 2876.1
1238920 2869.8
1238930 2869.8
1238940 2863.8
1238950 2859.0
1238960 2859.0
1238970 2854.7
1238980 2851.4
1238990 2849.2
1239000 2849.2
1239010 2846.8
1239020 2845.8
1239030 2845.8
1239040 2846.1
1239050 2846.9
1239060 2846.9
1239070 2847.7
1239080 2847.9
1239090 2847.9
1239100 2845.9
1239110 2843.0
1239120 2843.0
1239130 2848.2
1239140 2845.8
1239150 2845.8
1239160 2844.6
1239170 2843.7
1239180 2843.5
1239190 2843.5
1239200 2835.4
1239210 2829.0
1239220 2829.0
1239230 2824.2
1239240 2821.2
1239250 2821.2
1239260 2820.8
1239270 2819.6
1239280 2819.6
1239290 2817.5
1239300 2814.5
1239310 2814.5
1239320 2810.7
1239330 2807.4
1239340 2807.4
1239350 2804.1
1239360 2800.8
1239370 2800.8
1239380 2798.1
1239390 2796.7
1239400 2795.7
1239410 2795.7
1239420 2793.0
1239430 2790.9
1239440 2790.9
1239450 2788.2
1239460 2786.3
1239470 2786.3
1239480 2785.0
1239490 2784.3
1239500 2784.3
1239510 2782.7
1239520 2780.8
1239530 2780.8
1239540 2779.5
1239550 2778.8
1239560 2778.8
1239570 2778.2
1239580 2777.7
1239590 2777.1
1239600 2777.1
1239610 2776.7
1239620 2776.3
1239630 2776.3
1239640 2779.3
1239650 2779.2
1239660 2779.2
1239670 2779.1
1239680 2778.9
1239690 2778.9
1239700 2779.0
1239710 2779.1
1239720 2779.1
1239730 2779.2
1239740 2779.2
1239750 2779.2
1239760 2779.2
1239770 2779.1
1239780 2779.1
1239790 2779.1
1239800 2779.0
1239810 2778.8
1239820 2778.8
1239830 2778.7
1239840 2778.9
1239850 2778.9
1239860 2781.0
1239870 2785.7
1239880 2785.7
1239890 2790.2
1239900 2793.6
1239910 2793.6
1239920 2797.5
1239930 2801.4
1239940 2801.4
1239950 2803.7
1239960 2805.8
1239970 2807.4
1239980 2807.4
1239990 2809.3
