1220000 2934.1
1220010 2934.1
1220020 2935.0
1220030 2934.3
1220040 2934.3
1220050 2934.5
1220060 2933.9
1220070 2933.9
1220080 2936.1
1220090 2937.3
1220100 2937.3
1220110 2929.7
1220120 2913.4
1220130 2899.8
1220140 2899.8
1220150 2886.0
1220160 2878.1
1220170 2878.1
1220180 2868.7
1220190 2858.0
1220200 2858.0
1220210 2851.7
1220220 2846.0
1220230 2846.0
1220240 2840.1
1220250 2828.6
1220260 2828.6
1220270 2822.0
1220280 2815.5
1220290 2815.5
1220300 2808.1
1220310 2801.5
1220320 2795.3
1220330 2795.3
1220340 2790.4
1220350 2785.7
1220360 2785.7
1220370 2781.1
1220380 2777.1
1220390 2777.1
1220400 2773.7
1220410 2770.5
1220420 2770.5
1220430 2766.6
1220440 2763.2
1220450 2763.2
1220460 2759.5
1220470 2756.2
1220480 2756.2
1220490 2753.8
1220500 2751.8
1220510 2751.8
1220520 2748.2
1220530 2744.0
1220540 2740.2
1220550 2740.2
1220560 2736.3
1220570 2732.1
1220580 2732.1
1220590 2728.2
1220600 2724.7
1220610 2724.7
1220620 2722.4
1220630 2719.2
1220640 2719.2
1220650 2714.7
1220660 2707.4
1220670 2707.4
1220680 2701.6
1220690 2700.6
1220700 2700.6
1220710 2700.6
1220720 2700.6
1220730 2700.6
1220740 2700.6
1220750 2700.6
1220760 2700.6
1220770 2700.6
1220780 2700.6
1220790 2700.6
1220800 2700.6
1220810 2700.6
1220820 2701.0
1220830 2701.0
1220840 2703.0
1220850 2706.0
1220860 2706.0
1220870 2707.9
1220880 2709.4
1220890 2709.4
1220900 2711.3
1220910 2713.8
1220920 2715.9
1220930 2715.9
1220940 2717.0
1220950 2717.5
1220960 2717.5
1220970 2719.2
1220980 2721.5
1220990 2721.5
1221000 2721.7
1221010 2720.6
1221020 2720.6
1221030 2719.7
1221040 2719.0
1221050 2719.0
1221060 2717.1
1221070 2714.2
1221080 2714.2
1221090 2713.9
1221100 2713.7
1221110 2714.3
1221120 2714.3
1221130 2714.1
1221140 2713.9
1221150 2713.9
1221160 2713.7
1221170 2713.2
1221180 2713.2
1221190 2712.5
1221200 2711.2
1221210 2705.4
1221220 2703.8
1221230 2701.9
1221240 2701.9
1221250 2698.9
1221260 2694.0
1221270 2694.0
1221280 2689.1
1221290 2684.1
1221300 2684.1
1221310 2680.1
1221320 2677.2
1221330 2675.3
1221340 2675.3
1221350 2674.3
1221360 2675.1
1221370 2675.1
1221380 2677.4
1221390 2680.1
1221400 2680.1
1221410 2680.5
1221420 2682.7
1221430 2682.7
1221440 2683.9
1221450 2685.8
1221460 2685.8
1221470 2686.7
1221480 2687.5
1221490 2687.5
1221500 2689.7
1221510 2691.1
1221520 2689.6
1221530 2689.6
1221540 2686.8
1221550 2683.4
1221560 2683.4
1221570 2679.7
1221580 2676.3
1221590 2676.3
1221600 2673.9
1221610 2671.2
1221620 2671.2
1221630 2666.8
1221640 2661.8
1221650 2661.8
1221660 2656.7
1221670 2652.1
1221680 2652.1
1221690 2641.8
1221700 2637.0
1221710 2631.4
1221720 2631.4
1221730 2626.5
1221740 2621.9
1221750 2621.9
1221760 2618.8
1221770 2616.4
1221780 2616.4
1221790 2613.6
1221800 2610.2
1221810 2610.2
1221820 2607.2
1221830 2604.1
1221840 2604.1
1221850 2600.7
1221860 2596.9
1221870 2596.9
1221880 2592.1
1221890 2587.3
1221900 2582.5
1221910 2582.5
1221920 2576.9
1221930 2572.5
1221940 2572.5
1221950 2568.0
1221960 2557.3
1221970 2557.3
1221980 2551.0
1221990 2547.5
1222000 2547.5
1222010 2549.4
1222020 2544.6
1222030 2544.6
1222040 2538.8
1222050 2535.2
1222060 2535.2
1222070 2531.3
1222080 2527.2
1222090 2527.2
1222100 2522.6
1222110 2516.8
1222120 2507.1
1222130 2507.1
1222140 2497.5
1222150 2487.5
1222160 2487.5
1222170 2474.4
1222180 2467.7
1222190 2467.7
1222200 2462.4
1222210 2456.1
1222220 2456.1
1222230 2447.8
1222240 2438.3
1222250 2438.3
1222260 2429.7
1222270 2421.9
1222280 2421.9
1222290 2412.7
1222300 2402.7
1222310 2393.5
1222320 2393.5
1222330 2384.5
1222340 2378.9
1222350 2378.9
1222360 2374.5
1222370 2370.3
1222380 2370.3
1222390 2365.7
1222400 2361.0
1222410 2361.0
1222420 2356.3
1222430 2351.7
1222440 2351.7
1222450 2346.9
1222460 2341.9
1222470 2341.9
1222480 2336.6
1222490 2331.9
1222500 2327.0
1222510 2327.0
1222520 2321.8
1222530 2316.1
1222540 2316.1
1222550 2310.4
1222560 2305.5
1222570 2305.5
1222580 2300.8
1222590 2296.1
1222600 2296.1
1222610 2291.3
1222620 2286.3
1222630 2286.3
1222640 2281.7
1222650 2273.3
1222660 2273.3
1222670 2269.1
1222680 2265.1
1222690 2265.1
1222700 2261.4
1222710 2257.7
1222720 2253.9
1222730 2253.9
1222740 2250.0
1222750 2246.0
1222760 2246.0
1222770 2242.6
1222780 2239.4
1222790 2239.4
1222800 2236.1
1222810 2232.7
1222820 2232.7
1222830 2228.9
1222840 2225.3
1222850 2225.3
1222860 2221.9
1222870 2218.3
1222880 2218.3
1222890 2214.4
1222900 2210.8
1222910 2207.2
1222920 2207.2
1222930 2203.5
1222940 2200.4
1222950 2200.4
1222960 2196.4
1222970 2192.3
1222980 2192.3
1222990 2188.9
1223000 2185.7
1223010 2185.7
1223020 2182.6
1223030 2179.1
1223040 2179.1
1223050 2176.0
1223060 2172.9
1223070 2172.9
1223080 2170.0
1223090 2167.3
1223100 2164.5
1223110 2164.5
1223120 2161.6
1223130 2158.9
1223140 2156.1
1223150 2153.5
1223160 2151.1
1223170 2151.1
1223180 2149.0
1223190 2146.7
1223200 2146.7
1223210 2144.5
1223220 2142.9
1223230 2142.9
1223240 2141.6
1223250 2138.8
1223260 2138.8
1223270 2136.5
1223280 2134.4
1223290 2132.9
1223300 2132.9
1223310 2131.1
1223320 2129.9
1223330 2129.9
1223340 2128.5
1223350 2127.2
1223360 2127.2
1223370 2125.6
1223380 2123.6
1223390 2123.6
1223400 2122.2
1223410 2120.8
1223420 2120.8
1223430 2119.4
1223440 2118.6
1223450 2118.6
1223460 2118.6
1223470 2118.3
1223480 2118.3
1223490 2117.9
1223500 2117.3
1223510 2116.5
1223520 2116.5
1223530 2116.1
1223540 2115.9
1223550 2115.9
1223560 2115.4
1223570 2114.9
1223580 2114.9
1223590 2114.9
1223600 2115.2
1223610 2115.2
1223620 2113.5
1223630 2113.8
1223640 2113.8
1223650 2113.4
1223660 2112.6
1223670 2112.6
1223680 2111.7
1223690 2110.7
1223700 2109.7
1223710 2109.7
1223720 2108.3
1223730 2107.5
1223740 2107.5
1223750 2107.0
1223760 2106.6
1223770 2106.6
1223780 2106.9
1223790 2107.5
1223800 2107.5
1223810 2107.9
1223820 2108.1
1223830 2108.1
1223840 2108.3
1223850 2107.6
1223860 2107.6
1223870 2106.9
1223880 2107.1
1223890 2108.2
1223900 2108.2
1223910 2110.7
1223920 2113.6
1223930 2113.6
1223940 2114.4
1223950 2113.9
1223960 2113.9
1223970 2113.0
1223980 2112.3
1223990 2112.3
1224000 2111.4
1224010 2110.9
1224020 2110.9
1224030 2111.2
1224040 2111.7
1224050 2111.7
1224060 2113.1
1224070 2114.9
1224080 2115.2
1224090 2115.2
1224100 2113.3
1224110 2108.6
1224120 2108.6
1224130 2107.8
1224140 2107.5
1224150 2107.5
1224160 2106.7
1224170 2105.4
1224180 2105.4
1224190 2103.5
1224200 2100.9
1224210 2100.9
1224220 2097.5
1224230 2093.9
1224240 2093.9
1224250 2089.5
1224260 2085.7
1224270 2085.7
1224280 2082.7
1224290 2080.2
1224300 2078.2
1224310 2078.2
1224320 2075.7
1224330 2073.4
1224340 2073.4
1224350 2070.0
1224360 2066.9
1224370 2066.9
1224380 2063.9
1224390 2061.0
1224400 2061.0
1224410 2058.6
1224420 2056.0
1224430 2056.0
1224440 2052.9
1224450 2047.8
1224460 2047.8
1224470 2042.9
1224480 2038.3
1224490 2033.7
1224500 2033.7
1224510 2029.2
1224520 2025.3
1224530 2025.3
1224540 2022.0
1224550 2018.8
1224560 2018.8
1224570 2016.8
1224580 2014.5
1224590 2014.1
1224600 2010.9
1224610 2005.4
1224620 2005.4
1224630 1999.8
1224640 1994.6
1224650 1994.6
1224660 1992.1
1224670 1990.1
1224680 1988.0
1224690 1988.0
1224700 1985.6
1224710 1982.2
1224720 1982.2
1224730 1978.1
1224740 1973.9
1224750 1973.9
1224760 1969.5
1224770 1966.5
1224780 1966.5
1224790 1964.9
1224800 1964.4
1224810 1964.4
1224820 1964.5
1224830 1966.7
1224840 1966.7
1224850 1969.9
1224860 1972.0
1224870 1974.2
1224880 1974.2
1224890 1974.9
1224900 1976.0
1224910 1976.0
1224920 1975.8
1224930 1973.7
1224940 1973.7
1224950 1971.6
1224960 1969.4
1224970 1969.4
1224980 1966.5
1224990 1964.3
1225000 1964.3
1225010 1963.4
1225020 1962.0
1225030 1962.0
1225040 1959.7
1225050 1957.5
1225060 1957.5
1225070 1955.1
1225080 1950.7
1225090 1945.1
1225100 1945.1
1225110 1939.1
1225120 1935.1
1225130 1935.1
1225140 1931.4
1225150 1924.7
1225160 1924.7
1225170 1919.0
1225180 1914.7
1225190 1914.7
1225200 1910.8
1225210 1905.9
1225220 1905.9
1225230 1901.9
1225240 1898.6
1225250 1898.6
1225260 1896.8
1225270 1894.1
1225280 1892.0
1225290 1892.0
1225300 1890.0
1225310 1887.7
1225320 1887.7
1225330 1885.5
1225340 1881.3
1225350 1881.3
1225360 1876.4
1225370 1872.1
1225380 1872.1
1225390 1867.5
1225400 1863.4
1225410 1863.4
1225420 1861.2
1225430 1860.1
1225440 1860.1
1225450 1857.5
1225460 1854.2
1225470 1851.6
1225480 1851.6
1225490 1851.6
1225500 1853.3
1225510 1853.3
1225520 1855.0
1225530 1854.2
1225540 1854.2
1225550 1853.6
1225560 1852.7
1225570 1853.7
1225580 1851.7
1225590 1849.3
1225600 1849.3
1225610 1843.8
1225620 1839.0
1225630 1839.0
1225640 1835.6
1225650 1833.9
1225660 1830.9
1225670 1830.9
1225680 1827.6
1225690 1825.8
1225700 1825.8
1225710 1823.9
1225720 1820.9
1225730 1820.9
1225740 1818.4
1225750 1816.0
1225760 1816.0
1225770 1813.8
1225780 1813.7
1225790 1813.7
1225800 1810.7
1225810 1808.3
1225820 1808.3
1225830 1805.7
1225840 1803.6
1225850 1803.6
1225860 1799.7
1225870 1797.5
1225880 1796.9
1225890 1796.9
1225900 1798.6
1225910 1800.5
1225920 1800.5
1225930 1802.4
1225940 1805.3
1225950 1805.3
1225960 1807.4
1225970 1810.1
1225980 1810.1
1225990 1811.6
1226000 1806.7
1226010 1806.7
1226020 1803.8
1226030 1799.6
1226040 1799.6
1226050 1793.4
1226060 1776.8
1226070 1776.8
1226080 1776.8
1226090 1776.4
1226100 1775.3
1226110 1775.3
1226120 1772.4
1226130 1769.1
1226140 1769.1
1226150 1768.4
1226160 1771.0
1226170 1771.0
1226180 1774.1
1226190 1776.1
1226200 1776.1
1226210 1775.4
1226220 1773.1
1226230 1773.1
1226240 1770.6
1226250 1769.8
1226260 1769.1
1226270 1769.1
1226280 1762.4
1226290 1755.0
1226300 1755.0
1226310 1749.3
1226320 1743.4
1226330 1743.4
1226340 1737.0
1226350 1731.3
1226360 1731.3
1226370 1723.5
1226380 1712.9
1226390 1712.9
1226400 1704.4
1226410 1697.4
1226420 1697.4
1226430 1691.0
1226440 1685.6
1226450 1680.1
1226460 1680.1
1226470 1674.3
1226480 1669.1
1226490 1669.1
1226500 1664.0
1226510 1658.8
1226520 1658.8
1226530 1652.1
1226540 1647.0
1226550 1640.5
1226560 1634.6
1226570 1628.3
1226580 1628.3
1226590 1624.4
1226600 1622.0
1226610 1622.0
1226620 1621.8
1226630 1619.1
1226640 1619.1
1226650 1614.8
1226660 1610.8
1226670 1605.4
1226680 1605.4
1226690 1602.7
1226700 1598.9
1226710 1598.9
1226720 1595.0
1226730 1592.1
1226740 1592.1
1226750 1589.3
1226760 1586.4
1226770 1586.4
1226780 1583.1
1226790 1579.2
1226800 1579.2
1226810 1575.0
1226820 1569.4
1226830 1569.4
1226840 1562.6
1226850 1556.2
1226860 1550.4
1226870 1550.4
1226880 1544.7
1226890 1539.9
1226900 1539.9
1226910 1535.3
1226920 1530.9
1226930 1530.9
1226940 1527.4
1226950 1525.6
1226960 1525.6
1226970 1522.8
1226980 1518.8
1226990 1518.8
1227000 1514.7
1227010 1510.0
1227020 1510.0
1227030 1505.6
1227040 1495.3
1227050 1491.2
1227060 1491.2
1227070 1486.9
1227080 1483.4
1227090 1483.4
1227100 1480.5
1227110 1478.4
1227120 1478.4
1227130 1476.4
1227140 1472.0
1227150 1472.0
1227160 1469.3
1227170 1468.2
1227180 1468.2
1227190 1466.1
1227200 1461.8
1227210 1461.8
1227220 1457.9
1227230 1456.3
1227240 1455.9
1227250 1455.9
1227260 1455.9
1227270 1456.5
1227280 1456.5
1227290 1458.0
1227300 1458.8
1227310 1458.8
1227320 1458.8
1227330 1459.1
1227340 1459.1
1227350 1459.1
1227360 1458.9
1227370 1458.9
1227380 1458.9
1227390 1458.9
1227400 1458.9
1227410 1459.0
1227420 1458.8
1227430 1458.8
1227440 1457.8
1227450 1457.7
1227460 1458.1
1227470 1458.1
1227480 1459.4
1227490 1464.4
1227500 1464.4
1227510 1466.9
1227520 1468.3
1227530 1468.4
1227540 1469.7
1227550 1470.3
1227560 1470.3
1227570 1470.2
1227580 1470.1
1227590 1470.1
1227600 1470.2
1227610 1470.4
1227620 1470.4
1227630 1470.9
1227640 1471.3
1227650 1471.5
1227660 1471.5
1227670 1471.6
1227680 1471.9
1227690 1471.9
1227700 1472.6
1227710 1473.5
1227720 1473.5
1227730 1474.4
1227740 1475.1
1227750 1475.1
1227760 1475.7
1227770 1476.7
1227780 1476.7
1227790 1478.3
1227800 1478.8
1227810 1478.8
1227820 1479.0
1227830 1481.0
1227840 1483.4
1227850 1483.4
1227860 1487.0
1227870 1489.0
1227880 1489.0
1227890 1488.2
1227900 1486.7
1227910 1486.7
1227920 1486.5
1227930 1487.5
1227940 1487.5
1227950 1492.6
1227960 1498.3
1227970 1498.3
1227980 1502.1
1227990 1500.0
1228000 1500.0
1228010 1497.0
1228020 1509.9
1228030 1509.9
1228040 1505.8
1228050 1504.0
1228060 1500.3
1228070 1500.3
1228080 1494.3
1228090 1490.8
1228100 1490.8
1228110 1490.7
1228120 1491.6
1228130 1491.6
1228140 1492.4
1228150 1494.4
1228160 1494.4
1228170 1497.0
1228180 1501.0
1228190 1501.0
1228200 1510.0
1228210 1524.1
1228220 1524.1
1228230 1536.0
1228240 1551.1
1228250 1567.0
1228260 1567.0
1228270 1572.6
1228280 1580.1
1228290 1580.1
1228300 1589.1
1228310 1600.7
1228320 1600.7
1228330 1607.9
1228340 1612.2
1228350 1612.2
1228360 1614.6
1228370 1615.9
1228380 1615.9
1228390 1617.4
1228400 1618.8
1228410 1618.8
1228420 1620.2
1228430 1621.7
1228440 1623.7
1228450 1623.7
1228460 1625.7
1228470 1627.9
1228480 1627.9
1228490 1630.6
1228500 1633.5
1228510 1631.5
1228520 1634.1
1228530 1637.0
1228540 1637.0
1228550 1641.5
1228560 1647.7
1228570 1647.7
1228580 1654.5
1228590 1661.7
1228600 1661.7
1228610 1668.8
1228620 1675.5
1228630 1680.7
1228640 1680.7
1228650 1684.6
1228660 1688.3
1228670 1688.3
1228680 1691.5
1228690 1694.3
1228700 1694.3
1228710 1700.3
1228720 1707.2
1228730 1707.2
1228740 1714.7
1228750 1722.5
1228760 1722.5
1228770 1729.7
1228780 1736.5
1228790 1736.5
1228800 1742.7
1228810 1748.2
1228820 1748.2
1228830 1753.5
1228840 1759.8
1228850 1766.2
1228860 1766.2
1228870 1772.7
1228880 1780.7
1228890 1780.7
1228900 1787.2
1228910 1793.0
1228920 1793.0
1228930 1800.3
1228940 1807.8
1228950 1807.8
1228960 1812.8
1228970 1816.3
1228980 1816.3
1228990 1821.9
1229000 1831.3
1229010 1826.1
1229020 1835.9
1229030 1850.9
1229040 1863.4
1229050 1863.4
1229060 1871.8
1229070 1881.8
1229080 1881.8
1229090 1887.1
1229100 1888.7
1229110 1888.7
1229120 1890.3
1229130 1892.2
1229140 1892.2
1229150 1897.6
1229160 1902.6
1229170 1902.6
1229180 1907.7
1229190 1914.1
1229200 1914.1
1229210 1924.0
1229220 1929.9
1229230 1939.8
1229240 1939.8
1229250 1951.1
1229260 1958.0
1229270 1958.0
1229280 1964.9
1229290 1973.2
1229300 1973.2
1229310 1984.1
1229320 1993.9
1229330 1993.9
1229340 2000.0
1229350 2005.0
1229360 2005.0
1229370 2010.6
1229380 2015.4
1229390 2015.4
1229400 2019.8
1229410 2025.1
1229420 2031.5
1229430 2031.5
1229440 2039.4
1229450 2044.7
1229460 2044.7
1229470 2049.8
1229480 2055.5
1229490 2055.5
1229500 2057.4
1229510 2063.7
1229520 2063.7
1229530 2070.2
1229540 2076.3
1229550 2076.3
1229560 2082.4
1229570 2089.1
1229580 2089.1
1229590 2095.9
1229600 2102.3
1229610 2102.3
1229620 2109.1
1229630 2116.3
1229640 2123.5
1229650 2123.5
1229660 2130.4
1229670 2137.3
1229680 2137.3
1229690 2144.5
1229700 2152.0
1229710 2152.0
1229720 2160.2
1229730 2168.4
1229740 2168.4
1229750 2176.6
1229760 2184.2
1229770 2184.2
1229780 2192.0
1229790 2199.3
1229800 2199.3
1229810 2206.5
1229820 2214.3
1229830 2222.6
1229840 2222.6
1229850 2231.3
1229860 2243.1
1229870 2243.1
1229880 2257.4
1229890 2271.4
1229900 2271.4
1229910 2281.6
1229920 2291.1
1229930 2291.1
1229940 2303.6
1229950 2322.7
1229960 2322.7
1229970 2337.1
1229980 2350.0
1229990 2350.0
1230000 2364.7
1230010 2386.8
1230020 2402.2
1230030 2402.2
1230040 2409.0
1230050 2416.2
1230060 2416.2
1230070 2426.2
1230080 2434.4
1230090 2434.4
1230100 2439.5
1230110 2445.7
1230120 2445.7
1230130 2452.3
1230140 2457.6
1230150 2457.6
1230160 2463.5
1230170 2470.0
1230180 2470.0
1230190 2474.4
1230200 2476.8
1230210 2478.2
1230220 2478.2
1230230 2479.9
1230240 2482.6
1230250 2482.6
1230260 2485.7
1230270 2488.5
1230280 2488.5
1230290 2490.5
1230300 2492.2
1230310 2492.2
1230320 2493.7
1230330 2495.3
1230340 2495.3
1230350 2498.3
1230360 2501.8
1230370 2501.8
1230380 2504.8
1230390 2508.6
1230400 2508.6
1230410 2511.3
1230420 2513.2
1230430 2515.0
1230440 2515.0
1230450 2518.9
1230460 2523.7
1230470 2523.7
1230480 2528.9
1230490 2534.4
1230500 2529.0
1230510 2533.0
1230520 2534.6
1230530 2534.6
1230540 2534.3
1230550 2534.7
1230560 2534.7
1230570 2537.7
1230580 2541.9
1230590 2541.9
1230600 2547.1
1230610 2550.9
1230620 2554.2
1230630 2554.2
1230640 2557.2
1230650 2560.1
1230660 2560.1
1230670 2562.7
1230680 2564.9
1230690 2564.9
1230700 2567.5
1230710 2570.1
1230720 2570.1
1230730 2573.1
1230740 2576.4
1230750 2576.4
1230760 2580.2
1230770 2584.1
1230780 2584.1
1230790 2587.7
1230800 2591.3
1230810 2594.4
1230820 2594.4
1230830 2597.0
1230840 2599.5
1230850 2599.5
1230860 2602.4
1230870 2605.1
1230880 2605.1
1230890 2608.1
1230900 2611.8
1230910 2611.8
1230920 2616.7
1230930 2621.9
1230940 2621.9
1230950 2626.9
1230960 2631.5
1230970 2631.5
1230980 2635.5
1230990 2639.4
1231000 2637.8
1231010 2637.8
1231020 2642.1
1231030 2646.7
1231040 2646.7
1231050 2651.0
1231060 2654.2
1231070 2654.2
1231080 2657.0
1231090 2659.4
1231100 2659.4
1231110 2660.2
1231120 2662.4
1231130 2662.4
1231140 2667.2
1231150 2668.3
1231160 2668.3
1231170 2663.6
1231180 2662.1
1231190 2662.1
1231200 2664.1
1231210 2668.5
1231220 2673.8
1231230 2673.8
1231240 2677.9
1231250 2684.7
1231260 2684.7
1231270 2691.2
1231280 2696.9
1231290 2696.9
1231300 2699.7
1231310 2701.1
1231320 2701.1
1231330 2702.9
1231340 2706.4
1231350 2706.4
1231360 2710.1
1231370 2713.8
1231380 2713.8
1231390 2718.0
1231400 2722.4
1231410 2727.2
1231420 2727.2
1231430 2731.5
1231440 2736.4
1231450 2736.4
1231460 2741.5
1231470 2747.4
1231480 2747.4
1231490 2753.7
1231500 2752.7
1231510 2752.7
1231520 2757.9
1231530 2762.2
1231540 2762.2
1231550 2767.4
1231560 2773.7
1231570 2773.7
1231580 2777.9
1231590 2783.3
1231600 2788.9
1231610 2788.9
1231620 2795.2
1231630 2802.8
1231640 2802.8
1231650 2810.7
1231660 2818.7
1231670 2818.7
1231680 2824.7
1231690 2831.9
1231700 2831.9
1231710 2838.9
1231720 2845.5
1231730 2845.5
1231740 2854.3
1231750 2859.9
1231760 2859.9
1231770 2866.0
1231780 2874.0
1231790 2882.5
1231800 2882.5
1231810 2891.0
1231820 2899.3
1231830 2899.3
1231840 2909.8
1231850 2921.3
1231860 2921.3
1231870 2930.8
1231880 2940.3
1231890 2940.3
1231900 2951.4
1231910 2951.5
1231920 2951.5
1231930 2945.0
1231940 2937.5
1231950 2937.5
1231960 2929.6
1231970 2921.8
1231980 2921.8
1231990 2914.2
1232000 2907.6
1232010 2900.2
1232020 2900.2
1232030 2892.3
1232040 2884.2
1232050 2884.2
1232060 2875.9
1232070 2868.7
1232080 2868.7
1232090 2862.3
1232100 2857.5
1232110 2857.5
1232120 2849.9
1232130 2837.4
1232140 2837.4
1232150 2827.7
1232160 2817.9
1232170 2817.9
1232180 2808.4
1232190 2801.0
1232200 2794.2
1232210 2794.2
1232220 2788.4
1232230 2784.0
1232240 2784.0
1232250 2780.4
1232260 2777.9
1232270 2777.9
1232280 2776.9
1232290 2776.3
1232300 2776.3
1232310 2774.9
1232320 2773.4
1232330 2773.4
1232340 2773.6
1232350 2775.0
1232360 2775.0
1232370 2776.3
1232380 2776.8
1232390 2777.8
1232400 2777.8
1232410 2778.1
1232420 2779.4
1232430 2779.4
1232440 2782.6
1232450 2785.3
1232460 2785.3
1232470 2787.2
1232480 2789.6
1232490 2789.6
1232500 2792.2
1232510 2793.3
1232520 2793.3
1232530 2793.5
1232540 2796.1
1232550 2796.1
1232560 2797.2
1232570 2797.7
1232580 2795.4
1232590 2795.4
1232600 2792.9
1232610 2788.5
1232620 2788.5
1232630 2788.4
1232640 2790.6
1232650 2790.6
1232660 2795.1
1232670 2800.8
1232680 2800.8
1232690 2807.5
1232700 2814.1
1232710 2814.1
1232720 2820.4
1232730 2825.3
1232740 2825.3
1232750 2827.0
1232760 2829.6
1232770 2829.6
1232780 2834.4
1232790 2840.2
1232800 2841.5
1232810 2841.5
1232820 2841.7
1232830 2845.5
1232840 2845.5
1232850 2849.0
1232860 2850.5
1232870 2850.5
1232880 2851.0
1232890 2851.3
1232900 2851.3
1232910 2853.2
1232920 2855.4
1232930 2855.4
1232940 2858.6
1232950 2861.7
1232960 2861.7
1232970 2865.0
1232980 2868.8
1232990 2873.9
1233000 2883.9
1233010 2887.6
1233020 2893.8
1233030 2893.8
1233040 2899.6
1233050 2906.0
1233060 2906.0
1233070 2905.6
1233080 2907.9
1233090 2907.9
1233100 2916.6
1233110 2923.4
1233120 2923.4
1233130 2927.1
1233140 2928.1
1233150 2928.1
1233160 2928.2
1233170 2928.2
1233180 2927.8
1233190 2927.8
1233200 2928.8
1233210 2930.6
1233220 2930.6
1233230 2937.3
1233240 2948.2
1233250 2948.2
1233260 2951.1
1233270 2949.7
1233280 2949.7
1233290 2950.7
1233300 2955.4
1233310 2955.4
1233320 2959.3
1233330 2961.7
1233340 2961.7
1233350 2965.8
1233360 2963.5
1233370 2959.2
1233380 2959.2
1233390 2957.0
1233400 2953.4
1233410 2953.4
1233420 2957.0
1233430 2964.9
1233440 2964.9
1233450 2971.0
1233460 2974.2
1233470 2974.2
1233480 2975.6
1233490 2977.5
1233500 2988.4
1233510 2996.8
1233520 2999.5
1233530 2999.5
1233540 3000.1
1233550 3002.3
1233560 3002.3
1233570 3007.1
1233580 3009.4
1233590 3011.0
1233600 3011.0
1233610 3012.8
1233620 3014.6
1233630 3014.6
1233640 3016.4
1233650 3019.3
1233660 3019.3
1233670 3022.7
1233680 3026.8
1233690 3026.8
1233700 3027.6
1233710 3029.3
1233720 3029.3
1233730 3030.8
1233740 3035.2
1233750 3035.2
1233760 3042.8
1233770 3052.7
1233780 3058.3
1233790 3058.3
1233800 3060.5
1233810 3063.1
1233820 3063.1
1233830 3065.4
1233840 3057.3
1233850 3057.3
1233860 3046.5
1233870 3039.6
1233880 3039.6
1233890 3031.9
1233900 3021.6
1233910 3021.6
1233920 3016.9
1233930 3013.7
1233940 3013.7
1233950 3009.7
1233960 3006.0
1233970 3002.6
1233980 3002.6
1233990 2998.9
1234000 2994.1
1234010 3000.6
1234020 2995.5
1234030 2989.9
1234040 2989.9
1234050 2984.5
1234060 2980.7
1234070 2980.7
1234080 2977.2
1234090 2974.5
1234100 2974.5
1234110 2971.3
1234120 2968.6
1234130 2968.6
1234140 2965.8
1234150 2964.1
1234160 2964.3
1234170 2964.3
1234180 2965.0
1234190 2968.3
1234200 2968.3
1234210 2970.7
1234220 2974.9
1234230 2974.9
1234240 2976.2
1234250 2977.9
1234260 2977.9
1234270 2983.9
1234280 2991.1
1234290 2991.1
1234300 2992.2
1234310 2990.4
1234320 2990.4
1234330 2985.7
1234340 2979.5
1234350 2979.5
1234360 2973.2
1234370 2967.1
1234380 2963.4
1234390 2963.4
1234400 2959.2
1234410 2954.8
1234420 2954.8
1234430 2950.2
1234440 2944.1
1234450 2944.1
1234460 2937.1
1234470 2930.6
1234480 2930.6
1234490 2925.1
1234500 2919.3
1234510 2918.1
1234520 2913.0
1234530 2907.0
1234540 2907.0
1234550 2903.5
1234560 2899.8
1234570 2895.9
1234580 2895.9
1234590 2888.0
1234600 2875.7
1234610 2875.7
1234620 2861.0
1234630 2850.0
1234640 2850.0
1234650 2841.2
1234660 2833.9
1234670 2833.9
1234680 2829.3
1234690 2825.1
1234700 2825.1
1234710 2821.0
1234720 2816.8
1234730 2816.8
1234740 2812.6
1234750 2808.1
1234760 2803.9
1234770 2803.9
1234780 2799.4
1234790 2794.7
1234800 2794.7
1234810 2790.9
1234820 2788.0
1234830 2788.0
1234840 2785.8
1234850 2784.9
1234860 2784.9
1234870 2785.6
1234880 2786.4
1234890 2786.4
1234900 2785.5
1234910 2782.1
1234920 2782.1
1234930 2779.5
1234940 2779.4
1234950 2779.3
1234960 2779.3
1234970 2778.7
1234980 2779.1
1234990 2779.1
1235000 2778.5
1235010 2776.5
1235020 2778.3
1235030 2776.6
1235040 2772.9
1235050 2772.9
1235060 2769.3
1235070 2766.0
1235080 2766.0
1235090 2765.0
1235100 2766.7
1235110 2766.7
1235120 2767.1
1235130 2766.7
1235140 2766.7
1235150 2767.3
1235160 2765.9
1235170 2763.0
1235180 2763.0
1235190 2760.2
1235200 2756.4
1235210 2756.4
1235220 2753.7
1235230 2752.6
1235240 2752.6
1235250 2751.7
1235260 2749.9
1235270 2749.9
1235280 2747.1
1235290 2743.0
1235300 2743.0
1235310 2738.0
1235320 2733.9
1235330 2733.9
1235340 2730.4
1235350 2726.5
1235360 2720.3
1235370 2720.3
1235380 2714.9
1235390 2713.5
1235400 2713.5
1235410 2715.0
1235420 2717.4
1235430 2717.4
1235440 2717.2
1235450 2716.5
1235460 2716.5
1235470 2717.2
1235480 2717.6
1235490 2717.6
1235500 2717.5
1235510 2716.1
1235520 2716.1
1235530 2714.7
1235540 2714.2
1235550 2713.5
1235560 2713.5
1235570 2711.9
1235580 2710.6
1235590 2710.6
1235600 2709.6
1235610 2709.5
1235620 2709.5
1235630 2707.9
1235640 2708.2
1235650 2708.2
1235660 2707.8
1235670 2706.4
1235680 2706.4
1235690 2707.1
1235700 2707.4
1235710 2707.4
1235720 2707.5
1235730 2707.3
1235740 2707.3
1235750 2706.3
1235760 2703.0
1235770 2699.7
1235780 2699.7
1235790 2700.9
1235800 2702.6
1235810 2702.6
1235820 2700.8
1235830 2700.2
1235840 2700.2
1235850 2699.9
1235860 2700.6
1235870 2700.6
1235880 2701.1
1235890 2698.3
1235900 2698.3
1235910 2696.1
1235920 2696.8
1235930 2696.8
1235940 2696.3
1235950 2695.6
1235960 2694.2
1235970 2694.2
1235980 2691.9
1235990 2688.9
1236000 2688.9
1236010 2684.9
1236020 2683.1
1236030 2684.4
1236040 2683.3
1236050 2680.4
1236060 2680.4
1236070 2677.3
1236080 2673.7
1236090 2673.7
1236100 2669.6
1236110 2664.5
1236120 2664.5
1236130 2659.2
1236140 2657.1
1236150 2656.9
1236160 2656.9
1236170 2656.9
1236180 2656.9
1236190 2656.9
1236200 2656.9
1236210 2656.9
1236220 2656.9
1236230 2657.2
1236240 2657.1
1236250 2657.1
1236260 2657.4
1236270 2661.3
1236280 2661.3
1236290 2668.5
1236300 2671.8
1236310 2671.8
1236320 2675.8
1236330 2680.8
1236340 2684.1
1236350 2684.1
1236360 2690.0
1236370 2691.2
1236380 2691.2
1236390 2693.8
1236400 2700.9
1236410 2700.9
1236420 2709.6
1236430 2714.8
1236440 2714.8
1236450 2718.0
1236460 2722.6
1236470 2722.6
1236480 2722.4
1236490 2721.3
1236500 2721.3
1236510 2722.4
1236520 2727.2
1236530 2727.2
1236540 2733.2
1236550 2732.3
1236560 2729.0
1236570 2729.0
1236580 2728.3
1236590 2727.2
1236600 2727.2
1236610 2723.8
1236620 2718.3
1236630 2718.3
1236640 2714.1
1236650 2708.1
1236660 2708.1
1236670 2699.2
1236680 2687.5
1236690 2687.5
1236700 2679.6
1236710 2674.0
1236720 2674.0
1236730 2666.3
1236740 2658.7
1236750 2653.6
1236760 2653.6
1236770 2650.4
1236780 2647.4
1236790 2647.4
1236800 2646.2
1236810 2644.4
1236820 2644.4
1236830 2641.1
1236840 2636.2
1236850 2636.2
1236860 2631.7
1236870 2628.1
1236880 2628.1
1236890 2626.5
1236900 2626.6
1236910 2626.6
1236920 2627.3
1236930 2627.7
1236940 2627.7
1236950 2627.7
1236960 2627.9
1236970 2630.7
1236980 2630.7
1236990 2633.7
1237000 2633.4
1237010 2633.4
1237020 2631.6
1237030 2630.0
1237040 2630.0
1237050 2634.7
1237060 2636.0
1237070 2636.0
1237080 2636.8
1237090 2638.0
1237100 2638.0
1237110 2639.4
1237120 2639.0
1237130 2636.5
1237140 2636.5
1237150 2636.9
1237160 2639.3
1237170 2639.3
1237180 2643.0
1237190 2648.4
1237200 2648.4
1237210 2656.0
1237220 2666.3
1237230 2666.3
1237240 2674.3
1237250 2679.8
1237260 2679.8
1237270 2685.2
1237280 2691.9
1237290 2691.9
1237300 2696.0
1237310 2700.1
1237320 2700.1
1237330 2706.3
1237340 2713.3
1237350 2720.7
1237360 2720.7
1237370 2728.0
1237380 2735.2
1237390 2735.2
1237400 2741.2
1237410 2744.0
1237420 2744.0
1237430 2743.8
1237440 2741.9
1237450 2741.9
1237460 2741.6
1237470 2741.7
1237480 2741.7
1237490 2741.5
1237500 2740.0
1237510 2740.0
1237520 2738.0
1237530 2737.9
1237540 2735.8
1237550 2735.8
1237560 2733.0
1237570 2729.7
1237580 2729.7
1237590 2727.4
1237600 2730.4
1237610 2730.4
1237620 2735.2
1237630 2740.6
1237640 2740.6
1237650 2745.7
1237660 2752.1
1237670 2752.1
1237680 2757.7
1237690 2760.4
1237700 2760.4
1237710 2763.0
1237720 2767.8
1237730 2773.5
1237740 2773.5
1237750 2777.5
1237760 2780.7
1237770 2780.7
1237780 2785.7
1237790 2792.8
1237800 2792.8
1237810 2798.2
1237820 2802.7
1237830 2802.7
1237840 2806.1
1237850 2809.0
1237860 2809.0
1237870 2813.0
1237880 2817.5
1237890 2817.5
1237900 2822.6
1237910 2828.8
1237920 2832.4
1237930 2832.4
1237940 2832.7
1237950 2826.6
1237960 2826.6
1237970 2813.8
1237980 2808.2
1237990 2808.2
1238000 2802.0
1238010 2791.9
1238020 2791.9
1238030 2784.4
1238040 2776.7
1238050 2776.7
1238060 2766.1
1238070 2752.4
1238080 2752.0
1238090 2737.3
1238100 2727.3
1238110 2727.3
1238120 2721.0
1238130 2716.1
1238140 2711.3
1238150 2711.3
1238160 2707.8
1238170 2706.5
1238180 2706.5
1238190 2702.1
1238200 2696.6
1238210 2696.6
1238220 2695.6
1238230 2695.9
1238240 2695.9
1238250 2697.7
1238260 2699.8
1238270 2699.8
1238280 2703.2
1238290 2705.8
1238300 2705.8
1238310 2708.0
1238320 2709.7
1238330 2708.3
1238340 2708.3
1238350 2706.3
1238360 2705.0
1238370 2705.0
1238380 2705.1
1238390 2705.9
1238400 2705.9
1238410 2706.6
1238420 2707.6
1238430 2707.6
1238440 2707.4
1238450 2706.4
1238460 2706.4
1238470 2706.8
1238480 2706.9
1238490 2706.9
1238500 2706.2
1238510 2706.6
1238520 2706.0
1238530 2706.0
1238540 2705.2
1238550 2705.7
1238560 2705.7
1238570 2707.7
1238580 2712.4
1238590 2715.8
1238600 2721.4
1238610 2726.8
1238620 2726.8
1238630 2733.8
1238640 2741.8
1238650 2741.8
1238660 2750.4
1238670 2758.9
1238680 2758.9
1238690 2766.7
1238700 2774.6
1238710 2780.6
1238720 2780.6
1238730 2784.3
1238740 2779.6
1238750 2779.6
1238760 2768.8
1238770 2761.9
1238780 2761.9
1238790 2760.4
1238800 2756.2
1238810 2756.2
1238820 2752.1
1238830 2746.6
1238840 2746.6
1238850 2738.1
1238860 2725.4
1238870 2725.4
1238880 2714.6
1238890 2701.1
1238900 2701.1
1238910 2683.5
1238920 2666.9
1238930 2659.8
1238940 2659.8
1238950 2657.0
1238960 2653.7
1238970 2653.7
1238980 2650.5
1238990 2648.3
1239000 2648.3
1239010 2646.6
1239020 2644.2
1239030 2644.2
1239040 2644.8
1239050 2645.9
1239060 2645.9
1239070 2642.8
1239080 2640.6
1239090 2640.6
1239100 2643.1
1239110 2641.0
1239120 2638.1
1239130 2638.1
1239140 2632.5
1239150 2626.5
1239160 2626.5
1239170 2622.5
1239180 2620.8
1239190 2620.8
1239200 2621.2
1239210 2623.0
1239220 2623.0
1239230 2625.0
1239240 2627.2
1239250 2627.2
1239260 2625.8
1239270 2623.1
1239280 2623.1
1239290 2621.9
1239300 2621.5
1239310 2621.5
1239320 2621.5
1239330 2622.4
1239340 2621.8
1239350 2621.8
1239360 2619.8
1239370 2617.4
1239380 2617.4
1239390 2615.4
1239400 2614.7
1239410 2614.7
1239420 2613.9
1239430 2612.9
1239440 2612.9
1239450 2611.5
1239460 2610.5
1239470 2610.5
1239480 2611.1
1239490 2611.2
1239500 2610.8
1239510 2610.8
1239520 2611.1
1239530 2610.8
1239540 2610.8
1239550 2610.2
1239560 2609.7
1239570 2609.7
1239580 2607.7
1239590 2605.0
1239600 2605.0
1239610 2605.5
1239620 2611.2
1239630 2611.2
1239640 2609.2
1239650 2605.8
1239660 2605.8
1239670 2602.8
1239680 2599.4
1239690 2599.4
1239700 2595.6
1239710 2594.4
1239720 2596.0
1239730 2596.0
1239740 2601.0
1239750 2606.6
1239760 2606.6
1239770 2609.7
1239780 2608.6
1239790 2608.6
1239800 2602.6
1239810 2599.1
1239820 2599.1
1239830 2600.5
1239840 2604.8
1239850 2604.8
1239860 2609.7
1239870 2609.3
1239880 2609.3
1239890 2608.0
1239900 2605.1
1239910 2601.7
1239920 2601.7
1239930 2597.4
1239940 2591.6
1239950 2591.6
1239960 2587.9
1239970 2589.9
1239980 2589.9
1239990 2592.3
