1220000 2848.2
1220010 2848.9
1220020 2848.9
1220030 2850.1
1220040 2850.9
1220050 2850.9
1220060 2850.6
1220070 2850.1
1220080 2850.1
1220090 2848.0
1220100 2845.6
1220110 2845.6
1220120 2843.6
1220130 2841.8
1220140 2841.8
1220150 2840.5
1220160 2839.7
1220170 2839.7
1220180 2837.8
1220190 2835.0
1220200 2828.8
1220210 2828.8
1220220 2826.2
1220230 2824.4
1220240 2824.4
1220250 2818.2
1220260 2812.3
1220270 2812.3
1220280 2808.4
1220290 2803.9
1220300 2803.4
1220310 2800.7
1220320 2797.5
1220330 2797.5
1220340 2793.4
1220350 2787.1
1220360 2787.1
1220370 2782.5
1220380 2779.7
1220390 2779.2
1220400 2779.2
1220410 2780.1
1220420 2780.5
1220430 2780.5
1220440 2781.3
1220450 2782.2
1220460 2782.2
1220470 2783.3
1220480 2782.5
1220490 2782.5
1220500 2780.5
1220510 2778.1
1220520 2778.1
1220530 2774.1
1220540 2769.1
1220550 2769.1
1220560 2763.6
1220570 2757.8
1220580 2757.8
1220590 2751.8
1220600 2745.6
1220610 2739.5
1220620 2739.5
1220630 2734.3
1220640 2730.1
1220650 2730.1
1220660 2725.8
1220670 2722.2
1220680 2722.2
1220690 2719.2
1220700 2716.0
1220710 2716.0
1220720 2712.8
1220730 2710.5
1220740 2710.5
1220750 2709.5
1220760 2709.5
1220770 2709.5
1220780 2711.6
1220790 2712.7
1220800 2714.1
1220810 2714.1
1220820 2714.2
1220830 2714.6
1220840 2714.6
1220850 2714.4
1220860 2714.2
1220870 2714.2
1220880 2714.5
1220890 2714.2
1220900 2714.2
1220910 2711.7
1220920 2709.0
1220930 2709.0
1220940 2705.3
1220950 2701.5
1220960 2701.5
1220970 2697.2
1220980 2692.4
1220990 2687.6
1221000 2687.6
1221010 2683.2
1221020 2679.2
1221030 2679.2
1221040 2675.2
1221050 2670.9
1221060 2670.9
1221070 2666.0
1221080 2660.6
1221090 2660.6
1221100 2655.2
1221110 2650.7
1221120 2650.7
1221130 2646.3
1221140 2642.9
1221150 2642.9
1221160 2639.3
1221170 2635.2
1221180 2630.8
1221190 2630.8
1221200 2625.3
1221210 2619.6
1221220 2619.6
1221230 2614.9
1221240 2611.3
1221250 2611.3
1221260 2607.4
1221270 2604.6
1221280 2604.6
1221290 2602.1
1221300 2599.7
1221310 2599.7
1221320 2597.1
1221330 2593.5
1221340 2593.5
1221350 2589.6
1221360 2587.0
1221370 2587.0
1221380 2585.3
1221390 2581.7
1221400 2576.9
1221410 2576.9
1221420 2572.6
1221430 2568.3
1221440 2568.3
1221450 2563.4
1221460 2558.3
1221470 2558.3
1221480 2554.2
1221490 2551.1
1221500 2551.1
1221510 2548.8
1221520 2547.0
1221530 2547.0
1221540 2545.2
1221550 2542.8
1221560 2542.8
1221570 2541.0
1221580 2540.2
1221590 2540.2
1221600 2540.2
1221610 2541.4
1221620 2542.7
1221630 2542.7
1221640 2543.2
1221650 2542.0
1221660 2542.0
1221670 2539.6
1221680 2535.9
1221690 2535.9
1221700 2533.1
1221710 2531.4
1221720 2531.4
1221730 2530.0
1221740 2529.2
1221750 2529.2
1221760 2528.5
1221770 2526.6
1221780 2522.6
1221790 2522.6
1221800 2518.0
1221810 2512.9
1221820 2512.9
1221830 2507.1
1221840 2501.5
1221850 2501.5
1221860 2496.2
1221870 2489.6
1221880 2489.6
1221890 2481.4
1221900 2474.2
1221910 2474.2
1221920 2468.7
1221930 2463.5
1221940 2463.5
1221950 2459.9
1221960 2457.1
1221970 2457.1
1221980 2451.0
1221990 2440.5
1222000 2428.2
1222010 2428.2
1222020 2419.5
1222030 2412.2
1222040 2412.2
1222050 2405.2
1222060 2398.4
1222070 2398.4
1222080 2392.7
1222090 2387.4
1222100 2387.4
1222110 2382.1
1222120 2375.3
1222130 2375.3
1222140 2368.7
1222150 2363.6
1222160 2363.6
1222170 2358.1
1222180 2352.6
1222190 2346.2
1222200 2346.2
1222210 2339.3
1222220 2329.4
1222230 2329.4
1222240 2322.9
1222250 2316.2
1222260 2316.2
1222270 2309.8
1222280 2304.1
1222290 2304.1
1222300 2298.7
1222310 2293.2
1222320 2293.2
1222330 2288.1
1222340 2282.8
1222350 2282.8
1222360 2277.4
1222370 2272.0
1222380 2266.8
1222390 2266.8
1222400 2262.0
1222410 2257.7
1222420 2257.7
1222430 2253.0
1222440 2248.1
1222450 2248.1
1222460 2243.1
1222470 2238.1
1222480 2238.1
1222490 2233.0
1222500 2227.6
1222510 2227.6
1222520 2222.2
1222530 2216.7
1222540 2216.7
1222550 2211.1
1222560 2205.5
1222570 2200.1
1222580 2200.1
1222590 2194.6
1222600 2189.4
1222610 2189.4
1222620 2184.1
1222630 2179.0
1222640 2179.0
1222650 2174.1
1222660 2169.4
1222670 2169.4
1222680 2164.6
1222690 2160.4
1222700 2160.4
1222710 2155.6
1222720 2151.7
1222730 2151.7
1222740 2148.3
1222750 2145.1
1222760 2145.1
1222770 2142.3
1222780 2139.5
1222790 2136.9
1222800 2136.9
1222810 2134.1
1222820 2131.7
1222830 2131.7
1222840 2130.3
1222850 2129.2
1222860 2129.2
1222870 2127.7
1222880 2126.2
1222890 2126.2
1222900 2125.0
1222910 2124.1
1222920 2124.1
1222930 2123.6
1222940 2123.2
1222950 2123.2
1222960 2123.2
1222970 2123.1
1222980 2121.6
1222990 2121.6
1223000 2119.6
1223010 2118.3
1223020 2118.3
1223030 2117.8
1223040 2117.0
1223050 2117.0
1223060 2115.3
1223070 2113.0
1223080 2113.0
1223090 2110.5
1223100 2107.6
1223110 2107.6
1223120 2104.3
1223130 2101.2
1223140 2101.2
1223150 2097.6
1223160 2092.8
1223170 2088.5
1223180 2088.5
1223190 2080.6
1223200 2075.0
1223210 2075.0
1223220 2069.3
1223230 2064.5
1223240 2064.5
1223250 2060.6
1223260 2057.2
1223270 2057.2
1223280 2053.7
1223290 2051.1
1223300 2051.1
1223310 2048.8
1223320 2046.9
1223330 2046.9
1223340 2045.4
1223350 2044.4
1223360 2043.9
1223370 2043.9
1223380 2043.1
1223390 2041.4
1223400 2041.4
1223410 2039.2
1223420 2038.0
1223430 2038.0
1223440 2036.1
1223450 2034.7
1223460 2034.7
1223470 2032.9
1223480 2030.2
1223490 2030.2
1223500 2028.4
1223510 2025.7
1223520 2025.7
1223530 2024.8
1223540 2024.7
1223550 2024.7
1223560 2024.0
1223570 2024.1
1223580 2024.7
1223590 2024.7
1223600 2025.0
1223610 2024.9
1223620 2024.9
1223630 2024.5
1223640 2024.6
1223650 2024.6
1223660 2025.5
1223670 2021.6
1223680 2021.6
1223690 2021.7
1223700 2021.2
1223710 2021.2
1223720 2020.2
1223730 2019.3
1223740 2019.3
1223750 2018.3
1223760 2017.2
1223770 2017.3
1223780 2017.3
1223790 2018.3
1223800 2020.9
1223810 2020.9
1223820 2023.3
1223830 2024.2
1223840 2024.2
1223850 2024.5
1223860 2024.4
1223870 2024.4
1223880 2024.2
1223890 2024.0
1223900 2024.0
1223910 2023.8
1223920 2023.4
1223930 2023.4
1223940 2023.5
1223950 2023.1
1223960 2022.2
1223970 2022.2
1223980 2021.3
1223990 2020.2
1224000 2020.2
1224010 2018.3
1224020 2016.9
1224030 2016.9
1224040 2015.7
1224050 2015.6
1224060 2015.6
1224070 2015.2
1224080 2013.7
1224090 2013.7
1224100 2014.0
1224110 2012.8
1224120 2012.8
1224130 2007.7
1224140 2003.4
1224150 1999.6
1224160 1994.6
1224170 1992.1
1224180 1990.0
1224190 1990.0
1224200 1988.4
1224210 1986.8
1224220 1986.8
1224230 1984.7
1224240 1983.3
1224250 1983.3
1224260 1982.3
1224270 1981.7
1224280 1981.7
1224290 1981.1
1224300 1980.5
1224310 1980.5
1224320 1980.0
1224330 1979.6
1224340 1979.6
1224350 1978.8
1224360 1977.1
1224370 1976.8
1224380 1976.8
1224390 1976.7
1224400 1976.5
1224410 1976.5
1224420 1974.9
1224430 1972.8
1224440 1972.8
1224450 1970.8
1224460 1969.3
1224470 1969.3
1224480 1969.0
1224490 1966.9
1224500 1966.9
1224510 1961.9
1224520 1957.1
1224530 1957.1
1224540 1952.2
1224550 1949.3
1224560 1946.1
1224570 1946.1
1224580 1942.1
1224590 1939.4
1224600 1939.4
1224610 1936.2
1224620 1932.5
1224630 1932.5
1224640 1928.2
1224650 1917.4
1224660 1917.4
1224670 1911.9
1224680 1907.4
1224690 1907.4
1224700 1902.4
1224710 1898.4
1224720 1898.4
1224730 1894.7
1224740 1891.0
1224750 1884.2
1224760 1884.2
1224770 1879.0
1224780 1875.4
1224790 1875.4
1224800 1871.7
1224810 1871.9
1224820 1871.9
1224830 1867.2
1224840 1859.6
1224850 1859.6
1224860 1852.4
1224870 1845.2
1224880 1845.2
1224890 1840.2
1224900 1837.4
1224910 1837.4
1224920 1834.2
1224930 1829.9
1224940 1827.0
1224950 1827.0
1224960 1825.7
1224970 1824.5
1224980 1824.5
1224990 1818.5
1225000 1812.5
1225010 1812.5
1225020 1809.0
1225030 1806.6
1225040 1806.6
1225050 1800.9
1225060 1794.1
1225070 1794.1
1225080 1786.5
1225090 1778.4
1225100 1778.4
1225110 1773.5
1225120 1770.7
1225130 1761.7
1225140 1761.1
1225150 1761.6
1225160 1754.9
1225170 1754.9
1225180 1748.7
1225190 1743.3
1225200 1743.3
1225210 1739.6
1225220 1735.0
1225230 1735.0
1225240 1730.0
1225250 1722.0
1225260 1722.0
1225270 1714.3
1225280 1709.7
1225290 1709.7
1225300 1705.7
1225310 1701.9
1225320 1701.9
1225330 1695.8
1225340 1692.5
1225350 1691.2
1225360 1691.2
1225370 1688.7
1225380 1684.8
1225390 1684.8
1225400 1681.0
1225410 1680.0
1225420 1680.0
1225430 1685.1
1225440 1687.4
1225450 1687.4
1225460 1687.4
1225470 1681.2
1225480 1681.2
1225490 1674.3
1225500 1673.3
1225510 1673.3
1225520 1672.3
1225530 1667.8
1225540 1661.2
1225550 1661.2
1225560 1652.9
1225570 1648.8
1225580 1648.8
1225590 1649.3
1225600 1648.8
1225610 1648.8
1225620 1633.5
1225630 1630.9
1225640 1630.9
1225650 1627.0
1225660 1621.7
1225670 1621.7
1225680 1617.1
1225690 1614.1
1225700 1614.1
1225710 1610.9
1225720 1607.9
1225730 1603.6
1225740 1603.6
1225750 1598.2
1225760 1594.1
1225770 1594.1
1225780 1591.4
1225790 1590.7
1225800 1590.7
1225810 1589.2
1225820 1588.1
1225830 1588.1
1225840 1586.8
1225850 1587.2
1225860 1587.2
1225870 1586.9
1225880 1585.2
1225890 1585.2
1225900 1584.0
1225910 1583.8
1225920 1583.8
1225930 1583.6
1225940 1584.0
1225950 1584.7
1225960 1584.7
1225970 1585.1
1225980 1585.8
1225990 1585.8
1226000 1586.5
1226010 1585.3
1226020 1585.3
1226030 1581.0
1226040 1577.7
1226050 1577.7
1226060 1575.1
1226070 1574.3
1226080 1574.3
1226090 1572.5
1226100 1571.5
1226110 1554.7
1226120 1552.8
1226130 1552.3
1226140 1550.9
1226150 1550.9
1226160 1549.4
1226170 1548.9
1226180 1548.9
1226190 1549.1
1226200 1547.9
1226210 1547.9
1226220 1544.4
1226230 1540.2
1226240 1540.2
1226250 1538.4
1226260 1537.2
1226270 1537.2
1226280 1534.4
1226290 1532.5
1226300 1532.5
1226310 1530.3
1226320 1526.7
1226330 1524.2
1226340 1524.2
1226350 1522.2
1226360 1520.8
1226370 1520.8
1226380 1519.2
1226390 1517.0
1226400 1517.0
1226410 1514.7
1226420 1513.1
1226430 1513.1
1226440 1511.9
1226450 1510.6
1226460 1510.6
1226470 1509.6
1226480 1508.5
1226490 1508.5
1226500 1506.9
1226510 1504.6
1226520 1502.4
1226530 1502.4
1226540 1500.3
1226550 1498.2
1226560 1498.2
1226570 1496.3
1226580 1495.2
1226590 1495.2
1226600 1485.8
1226610 1481.7
1226620 1481.7
1226630 1478.3
1226640 1477.2
1226650 1477.2
1226660 1476.9
1226670 1476.7
1226680 1476.7
1226690 1476.0
1226700 1472.1
1226710 1468.1
1226720 1468.1
1226730 1465.5
1226740 1467.5
1226750 1467.5
1226760 1468.6
1226770 1468.6
1226780 1468.6
1226790 1468.6
1226800 1468.3
1226810 1468.3
1226820 1468.0
1226830 1467.7
1226840 1467.7
1226850 1467.7
1226860 1467.6
1226870 1467.6
1226880 1467.4
1226890 1467.2
1226900 1467.2
1226910 1467.1
1226920 1466.9
1226930 1466.7
1226940 1466.7
1226950 1466.1
1226960 1465.3
1226970 1465.3
1226980 1465.3
1226990 1465.3
1227000 1465.3
1227010 1465.2
1227020 1465.2
1227030 1465.2
1227040 1464.8
1227050 1464.6
1227060 1464.6
1227070 1464.6
1227080 1464.6
1227090 1466.0
1227100 1468.1
1227110 1470.4
1227120 1471.9
1227130 1471.9
1227140 1472.1
1227150 1472.4
1227160 1472.4
1227170 1473.0
1227180 1473.7
1227190 1473.7
1227200 1473.9
1227210 1474.9
1227220 1474.9
1227230 1477.5
1227240 1478.3
1227250 1478.3
1227260 1478.5
1227270 1478.4
1227280 1478.4
1227290 1478.3
1227300 1478.4
1227310 1478.6
1227320 1478.6
1227330 1480.8
1227340 1484.8
1227350 1484.8
1227360 1486.9
1227370 1490.4
1227380 1490.4
1227390 1493.8
1227400 1496.7
1227410 1496.7
1227420 1499.3
1227430 1501.3
1227440 1501.3
1227450 1504.9
1227460 1508.2
1227470 1508.2
1227480 1510.8
1227490 1513.5
1227500 1515.9
1227510 1515.9
1227520 1518.9
1227530 1523.5
1227540 1523.5
1227550 1530.4
1227560 1536.2
1227570 1536.2
1227580 1544.8
1227590 1545.7
1227600 1545.7
1227610 1548.1
1227620 1553.0
1227630 1553.0
1227640 1557.3
1227650 1561.6
1227660 1561.6
1227670 1566.8
1227680 1571.9
1227690 1571.9
1227700 1577.2
1227710 1582.7
1227720 1585.8
1227730 1585.8
1227740 1588.4
1227750 1590.8
1227760 1590.8
1227770 1593.1
1227780 1597.2
1227790 1597.2
1227800 1598.4
1227810 1599.2
1227820 1599.2
1227830 1603.4
1227840 1608.9
1227850 1608.9
1227860 1613.9
1227870 1617.7
1227880 1617.7
1227890 1619.8
1227900 1618.5
1227910 1617.1
1227920 1617.1
1227930 1617.3
1227940 1618.0
1227950 1618.0
1227960 1617.4
1227970 1618.0
1227980 1618.0
1227990 1619.2
1228000 1618.9
1228010 1618.9
1228020 1620.3
1228030 1620.7
1228040 1620.7
1228050 1622.1
1228060 1622.9
1228070 1626.1
1228080 1623.0
1228090 1620.9
1228100 1619.8
1228110 1619.8
1228120 1619.9
1228130 1618.8
1228140 1618.8
1228150 1618.2
1228160 1617.3
1228170 1617.3
1228180 1616.3
1228190 1616.9
1228200 1616.9
1228210 1615.8
1228220 1615.1
1228230 1615.1
1228240 1614.9
1228250 1615.4
1228260 1615.4
1228270 1616.0
1228280 1615.4
1228290 1615.3
1228300 1615.3
1228310 1614.0
1228320 1612.2
1228330 1612.2
1228340 1611.9
1228350 1612.3
1228360 1612.3
1228370 1612.1
1228380 1610.9
1228390 1610.9
1228400 1610.8
1228410 1613.8
1228420 1613.8
1228430 1615.3
1228440 1613.4
1228450 1613.4
1228460 1608.8
1228470 1600.4
1228480 1600.4
1228490 1600.0
1228500 1597.6
1228510 1590.3
1228520 1590.3
1228530 1581.9
1228540 1569.7
1228550 1569.7
1228560 1557.7
1228570 1550.4
1228580 1550.4
1228590 1546.0
1228600 1546.6
1228610 1546.6
1228620 1553.8
1228630 1560.4
1228640 1560.4
1228650 1568.2
1228660 1583.3
1228670 1583.3
1228680 1600.3
1228690 1619.6
1228700 1633.6
1228710 1633.6
1228720 1641.0
1228730 1644.7
1228740 1644.7
1228750 1647.0
1228760 1648.7
1228770 1648.7
1228780 1650.1
1228790 1651.9
1228800 1651.9
1228810 1654.2
1228820 1656.7
1228830 1656.7
1228840 1659.0
1228850 1662.3
1228860 1662.3
1228870 1664.9
1228880 1666.7
1228890 1667.8
1228900 1667.8
1228910 1669.7
1228920 1672.1
1228930 1672.1
1228940 1675.2
1228950 1678.9
1228960 1678.9
1228970 1683.8
1228980 1689.1
1228990 1689.1
1229000 1694.7
1229010 1700.6
1229020 1700.6
1229030 1707.5
1229040 1714.3
1229050 1714.3
1229060 1718.5
1229070 1725.0
1229080 1732.1
1229090 1732.1
1229100 1739.3
1229110 1746.2
1229120 1746.2
1229130 1753.4
1229140 1761.4
1229150 1761.4
1229160 1769.9
1229170 1782.2
1229180 1782.2
1229190 1797.3
1229200 1808.9
1229210 1808.9
1229220 1814.6
1229230 1824.1
1229240 1824.1
1229250 1834.7
1229260 1845.0
1229270 1845.0
1229280 1856.7
1229290 1871.1
1229300 1880.1
1229310 1880.1
1229320 1886.5
1229330 1895.6
1229340 1895.6
1229350 1907.5
1229360 1922.3
1229370 1922.3
1229380 1930.1
1229390 1936.3
1229400 1936.3
1229410 1943.8
1229420 1955.5
1229430 1955.5
1229440 1966.8
1229450 1975.6
1229460 1975.6
1229470 1983.3
1229480 1990.6
1229490 1997.6
1229500 1997.6
1229510 2004.7
1229520 2011.8
1229530 2011.8
1229540 2019.7
1229550 2033.6
1229560 2028.3
1229570 2043.5
1229580 2059.9
1229590 2059.9
1229600 2071.6
1229610 2085.9
1229620 2085.9
1229630 2096.0
1229640 2110.2
1229650 2110.2
1229660 2124.7
1229670 2132.8
1229680 2138.6
1229690 2138.6
1229700 2145.6
1229710 2153.9
1229720 2153.9
1229730 2164.1
1229740 2171.6
1229750 2171.6
1229760 2181.8
1229770 2196.6
1229780 2196.6
1229790 2211.4
1229800 2219.1
1229810 2219.1
1229820 2223.8
1229830 2233.7
1229840 2233.7
1229850 2247.4
1229860 2259.8
1229870 2269.2
1229880 2269.2
1229890 2278.9
1229900 2286.6
1229910 2286.6
1229920 2290.8
1229930 2294.5
1229940 2294.5
1229950 2298.0
1229960 2301.1
1229970 2301.1
1229980 2303.4
1229990 2306.7
1230000 2306.7
1230010 2312.7
1230020 2320.6
1230030 2320.6
1230040 2326.9
1230050 2328.8
1230060 2328.8
1230070 2332.9
1230080 2335.8
1230090 2338.1
1230100 2338.1
1230110 2340.3
1230120 2342.3
1230130 2342.3
1230140 2344.8
1230150 2348.0
1230160 2348.0
1230170 2350.2
1230180 2352.6
1230190 2352.6
1230200 2355.1
1230210 2358.3
1230220 2358.3
1230230 2361.1
1230240 2365.6
1230250 2365.6
1230260 2369.9
1230270 2374.8
1230280 2379.8
1230290 2379.8
1230300 2383.7
1230310 2387.1
1230320 2387.1
1230330 2391.2
1230340 2395.1
1230350 2395.1
1230360 2398.2
1230370 2401.5
1230380 2401.5
1230390 2406.3
1230400 2412.1
1230410 2412.1
1230420 2417.8
1230430 2422.9
1230440 2422.9
1230450 2427.6
1230460 2431.5
1230470 2434.3
1230480 2434.3
1230490 2436.0
1230500 2436.9
1230510 2436.9
1230520 2437.5
1230530 2438.5
1230540 2438.5
1230550 2435.4
1230560 2439.7
1230570 2439.7
1230580 2444.5
1230590 2449.0
1230600 2449.0
1230610 2453.4
1230620 2457.8
1230630 2457.8
1230640 2462.0
1230650 2466.7
1230660 2470.5
1230670 2470.5
1230680 2474.5
1230690 2480.2
1230700 2480.2
1230710 2485.7
1230720 2491.5
1230730 2491.5
1230740 2496.8
1230750 2502.3
1230760 2502.3
1230770 2508.0
1230780 2514.3
1230790 2514.3
1230800 2519.0
1230810 2523.5
1230820 2523.5
1230830 2529.5
1230840 2534.5
1230850 2534.5
1230860 2539.0
1230870 2544.6
1230880 2550.1
1230890 2550.1
1230900 2553.9
1230910 2555.8
1230920 2555.8
1230930 2558.5
1230940 2560.9
1230950 2560.9
1230960 2563.4
1230970 2565.4
1230980 2565.4
1230990 2567.5
1231000 2569.1
1231010 2569.1
1231020 2569.4
1231030 2569.6
1231040 2569.6
1231050 2568.7
1231060 2569.4
1231070 2571.5
1231080 2571.5
1231090 2573.5
1231100 2575.2
1231110 2575.2
1231120 2576.6
1231130 2578.0
1231140 2578.0
1231150 2580.3
1231160 2583.2
1231170 2583.2
1231180 2586.1
1231190 2588.5
1231200 2588.5
1231210 2590.7
1231220 2593.4
1231230 2593.4
1231240 2595.7
1231250 2597.4
1231260 2598.7
1231270 2598.7
1231280 2600.5
1231290 2603.5
1231300 2603.5
1231310 2607.0
1231320 2611.9
1231330 2611.9
1231340 2615.9
1231350 2616.9
1231360 2616.9
1231370 2618.9
1231380 2621.8
1231390 2621.8
1231400 2625.3
1231410 2629.2
1231420 2629.2
1231430 2633.7
1231440 2638.2
1231450 2642.8
1231460 2642.8
1231470 2647.3
1231480 2651.9
1231490 2651.9
1231500 2656.8
1231510 2661.7
1231520 2661.7
1231530 2666.7
1231540 2671.4
1231550 2667.0
1231560 2671.8
1231570 2677.0
1231580 2677.0
1231590 2682.0
1231600 2686.3
1231610 2686.3
1231620 2692.2
1231630 2698.9
1231640 2698.9
1231650 2707.5
1231660 2717.3
1231670 2723.9
1231680 2723.9
1231690 2738.0
1231700 2756.4
1231710 2756.4
1231720 2767.7
1231730 2778.8
1231740 2778.8
1231750 2791.3
1231760 2802.5
1231770 2802.5
1231780 2814.6
1231790 2824.4
1231800 2824.4
1231810 2833.3
1231820 2839.5
1231830 2839.5
1231840 2847.1
1231850 2853.7
1231860 2859.5
1231870 2859.5
1231880 2864.3
1231890 2867.4
1231900 2867.4
1231910 2869.3
1231920 2871.2
1231930 2871.2
1231940 2874.2
1231950 2877.9
1231960 2877.9
1231970 2881.7
1231980 2885.5
1231990 2885.5
1232000 2889.0
1232010 2892.3
1232020 2892.3
1232030 2895.2
1232040 2897.4
1232050 2895.6
1232060 2895.6
1232070 2897.8
1232080 2901.5
1232090 2901.5
1232100 2905.6
1232110 2909.8
1232120 2909.8
1232130 2913.2
1232140 2913.3
1232150 2913.3
1232160 2910.4
1232170 2907.8
1232180 2907.8
1232190 2905.0
1232200 2901.2
1232210 2901.2
1232220 2899.8
1232230 2898.4
1232240 2897.6
1232250 2897.6
1232260 2896.6
1232270 2894.1
1232280 2894.1
1232290 2892.5
1232300 2892.2
1232310 2892.2
1232320 2891.5
1232330 2890.2
1232340 2890.2
1232350 2889.5
1232360 2888.3
1232370 2888.3
1232380 2889.5
1232390 2892.3
1232400 2892.3
1232410 2896.6
1232420 2898.6
1232430 2898.6
1232440 2895.6
1232450 2893.7
1232460 2895.4
1232470 2895.4
1232480 2899.1
1232490 2903.0
1232500 2903.0
1232510 2908.1
1232520 2908.3
1232530 2908.3
1232540 2912.8
1232550 2929.9
1232560 2929.9
1232570 2935.2
1232580 2938.5
1232590 2938.5
1232600 2940.1
1232610 2938.8
1232620 2938.8
1232630 2936.7
1232640 2944.7
1232650 2949.5
1232660 2949.5
1232670 2942.5
1232680 2934.5
1232690 2934.5
1232700 2926.4
1232710 2919.3
1232720 2919.3
1232730 2912.7
1232740 2905.8
1232750 2905.8
1232760 2900.1
1232770 2894.9
1232780 2894.9
1232790 2891.8
1232800 2888.4
1232810 2888.4
1232820 2890.1
1232830 2884.8
1232840 2875.3
1232850 2875.3
1232860 2865.0
1232870 2855.1
1232880 2855.1
1232890 2845.0
1232900 2838.7
1232910 2838.7
1232920 2832.0
1232930 2827.5
1232940 2827.5
1232950 2826.1
1232960 2825.9
1232970 2825.9
1232980 2824.8
1232990 2822.7
1233000 2822.7
1233010 2820.4
1233020 2818.2
1233030 2816.2
1233040 2816.2
1233050 2808.7
1233060 2807.2
1233070 2807.2
1233080 2806.2
1233090 2805.6
1233100 2805.6
1233110 2804.2
1233120 2802.9
1233130 2802.9
1233140 2801.2
1233150 2800.0
1233160 2800.0
1233170 2798.3
1233180 2796.0
1233190 2796.0
1233200 2793.2
1233210 2789.7
1233220 2789.7
1233230 2788.7
1233240 2794.1
1233250 2797.6
1233260 2797.6
1233270 2798.6
1233280 2799.5
1233290 2799.5
1233300 2800.3
1233310 2801.0
1233320 2801.0
1233330 2801.7
1233340 2801.3
1233350 2801.3
1233360 2800.7
1233370 2797.9
1233380 2797.9
1233390 2797.2
1233400 2800.0
1233410 2800.0
1233420 2803.6
1233430 2807.1
1233440 2809.9
1233450 2809.9
1233460 2811.8
1233470 2815.4
1233480 2815.4
1233490 2817.4
1233500 2820.1
1233510 2820.1
1233520 2822.5
1233530 2825.5
1233540 2825.5
1233550 2829.2
1233560 2833.5
1233570 2833.5
1233580 2840.3
1233590 2846.5
1233600 2846.5
1233610 2852.7
1233620 2857.8
1233630 2862.2
1233640 2862.2
1233650 2866.7
1233660 2872.5
1233670 2872.5
1233680 2879.6
1233690 2885.2
1233700 2885.2
1233710 2891.3
1233720 2896.6
1233730 2896.6
1233740 2901.4
1233750 2905.2
1233760 2905.2
1233770 2909.9
1233780 2914.4
1233790 2914.4
1233800 2918.1
1233810 2922.8
1233820 2928.3
1233830 2928.3
1233840 2933.1
1233850 2941.0
1233860 2941.0
1233870 2949.2
1233880 2955.5
1233890 2955.5
1233900 2965.4
1233910 2975.5
1233920 2975.5
1233930 2983.8
1233940 2990.5
1233950 2990.5
1233960 2998.9
1233970 3006.9
1233980 3006.9
1233990 3007.7
1234000 3001.3
1234010 3001.3
1234020 2996.1
1234030 2992.5
1234040 2990.0
1234050 2990.0
1234060 2980.5
1234070 2977.5
1234080 2977.5
1234090 2971.6
1234100 2965.0
1234110 2965.0
1234120 2959.8
1234130 2951.7
1234140 2951.7
1234150 2939.2
1234160 2926.5
1234170 2926.5
1234180 2916.9
1234190 2910.2
1234200 2910.2
1234210 2903.8
1234220 2897.3
1234230 2891.5
1234240 2891.5
1234250 2885.6
1234260 2880.2
1234270 2880.2
1234280 2874.6
1234290 2867.7
1234300 2867.7
1234310 2860.9
1234320 2853.9
1234330 2853.9
1234340 2846.1
1234350 2838.9
1234360 2838.9
1234370 2834.5
1234380 2829.5
1234390 2829.5
1234400 2824.8
1234410 2820.6
1234420 2817.1
1234430 2817.1
1234440 2815.0
1234450 2812.5
1234460 2812.5
1234470 2809.8
1234480 2806.4
1234490 2806.4
1234500 2803.0
1234510 2800.2
1234520 2800.2
1234530 2799.6
1234540 2800.7
1234550 2800.7
1234560 2801.6
1234570 2799.7
1234580 2799.7
1234590 2798.5
1234600 2797.3
1234610 2795.4
1234620 2795.4
1234630 2793.6
1234640 2792.4
1234650 2792.4
1234660 2791.2
1234670 2789.9
1234680 2789.9
1234690 2790.0
1234700 2790.3
1234710 2790.3
1234720 2790.1
1234730 2788.5
1234740 2788.5
1234750 2787.3
1234760 2787.0
1234770 2787.0
1234780 2785.8
1234790 2784.4
1234800 2783.6
1234810 2783.6
1234820 2783.1
1234830 2783.3
1234840 2783.3
1234850 2783.8
1234860 2784.9
1234870 2784.9
1234880 2785.5
1234890 2786.3
1234900 2786.3
1234910 2786.7
1234920 2786.3
1234930 2786.3
1234940 2786.3
1234950 2787.3
1234960 2787.3
1234970 2788.1
1234980 2788.8
1234990 2788.8
1235000 2788.4
1235010 2786.7
1235020 2785.1
1235030 2785.1
1235040 2784.0
1235050 2782.7
1235060 2782.7
1235070 2781.5
1235080 2780.2
1235090 2780.2
1235100 2779.2
1235110 2778.5
1235120 2778.5
1235130 2777.4
1235140 2775.7
1235150 2775.7
1235160 2773.5
1235170 2771.2
1235180 2771.2
1235190 2769.2
1235200 2766.9
1235210 2763.6
1235220 2763.6
1235230 2759.6
1235240 2755.5
1235250 2755.5
1235260 2751.2
1235270 2746.7
1235280 2746.7
1235290 2742.5
1235300 2738.9
1235310 2738.9
1235320 2735.8
1235330 2732.5
1235340 2732.5
1235350 2729.2
1235360 2726.2
1235370 2726.2
1235380 2724.1
1235390 2722.8
1235400 2722.0
1235410 2722.0
1235420 2721.3
1235430 2719.6
1235440 2719.6
1235450 2717.0
1235460 2714.3
1235470 2714.3
1235480 2711.6
1235490 2710.3
1235500 2710.3
1235510 2709.9
1235520 2711.3
1235530 2711.3
1235540 2714.1
1235550 2716.1
1235560 2716.1
1235570 2719.1
1235580 2721.7
1235590 2721.2
1235600 2721.2
1235610 2720.2
1235620 2721.0
1235630 2721.0
1235640 2717.3
1235650 2710.8
1235660 2710.8
1235670 2706.7
1235680 2704.7
1235690 2704.7
1235700 2702.1
1235710 2700.6
1235720 2700.6
1235730 2701.1
1235740 2701.9
1235750 2701.9
1235760 2703.3
1235770 2705.1
1235780 2705.1
1235790 2708.1
1235800 2711.0
1235810 2713.1
1235820 2713.1
1235830 2715.7
1235840 2716.7
1235850 2716.7
1235860 2716.7
1235870 2717.9
1235880 2717.9
1235890 2720.6
1235900 2722.6
1235910 2722.6
1235920 2724.8
1235930 2726.8
1235940 2726.8
1235950 2728.3
1235960 2730.7
1235970 2730.7
1235980 2734.4
1235990 2737.8
1236000 2742.1
1236010 2742.1
1236020 2747.6
1236030 2751.6
1236040 2751.6
1236050 2753.1
1236060 2756.5
1236070 2756.5
1236080 2759.0
1236090 2764.4
1236100 2764.4
1236110 2764.0
1236120 2763.4
1236130 2763.4
1236140 2764.5
1236150 2770.0
1236160 2770.0
1236170 2769.6
1236180 2770.5
1236190 2773.9
1236200 2773.9
1236210 2780.5
1236220 2791.2
1236230 2791.2
1236240 2801.7
1236250 2809.9
1236260 2809.9
1236270 2815.7
1236280 2823.1
1236290 2823.1
1236300 2827.6
1236310 2831.8
1236320 2831.8
1236330 2836.8
1236340 2840.8
1236350 2840.8
1236360 2849.7
1236370 2859.8
1236380 2870.0
1236390 2870.0
1236400 2875.4
1236410 2876.2
1236420 2876.2
1236430 2867.6
1236440 2858.1
1236450 2858.1
1236460 2849.3
1236470 2839.1
1236480 2839.1
1236490 2826.7
1236500 2818.7
1236510 2818.7
1236520 2812.1
1236530 2806.7
1236540 2806.7
1236550 2805.7
1236560 2806.3
1236570 2806.3
1236580 2803.4
1236590 2799.3
1236600 2798.1
1236610 2798.1
1236620 2793.3
1236630 2789.2
1236640 2789.2
1236650 2785.8
1236660 2782.8
1236670 2782.8
1236680 2774.7
1236690 2767.9
1236700 2767.9
1236710 2762.9
1236720 2759.9
1236730 2759.9
1236740 2762.6
1236750 2766.5
1236760 2766.5
1236770 2773.6
1236780 2779.6
1236790 2779.3
1236800 2779.3
1236810 2777.8
1236820 2780.0
1236830 2780.0
1236840 2785.0
1236850 2789.3
1236860 2789.3
1236870 2794.7
1236880 2800.0
1236890 2800.0
1236900 2807.5
1236910 2816.3
1236920 2816.3
1236930 2823.7
1236940 2825.8
1236950 2825.8
1236960 2819.4
1236970 2812.4
1236980 2803.2
1236990 2803.2
1237000 2794.9
1237010 2788.1
1237020 2788.1
1237030 2783.2
1237040 2777.6
1237050 2777.6
1237060 2764.4
1237070 2754.1
1237080 2754.1
1237090 2747.3
1237100 2745.0
1237110 2751.0
1237120 2748.6
1237130 2746.6
1237140 2746.6
1237150 2743.8
1237160 2741.7
1237170 2739.2
1237180 2739.2
1237190 2737.6
1237200 2735.9
1237210 2735.9
1237220 2732.8
1237230 2730.7
1237240 2730.7
1237250 2730.2
1237260 2728.8
1237270 2728.8
1237280 2728.4
1237290 2728.7
1237300 2728.7
1237310 2728.9
1237320 2729.5
1237330 2729.5
1237340 2730.1
1237350 2730.7
1237360 2730.7
1237370 2731.5
1237380 2732.3
1237390 2733.2
1237400 2733.2
1237410 2734.1
1237420 2735.2
1237430 2735.2
1237440 2736.2
1237450 2737.2
1237460 2737.2
1237470 2738.4
1237480 2739.8
1237490 2739.8
1237500 2741.2
1237510 2743.0
1237520 2743.0
1237530 2744.5
1237540 2745.9
1237550 2745.9
1237560 2747.9
1237570 2751.4
1237580 2754.1
1237590 2754.1
1237600 2755.4
1237610 2756.1
1237620 2756.0
1237630 2756.9
1237640 2757.9
1237650 2757.9
1237660 2759.5
1237670 2763.1
1237680 2763.1
1237690 2768.8
1237700 2774.9
1237710 2774.9
1237720 2781.6
1237730 2789.3
1237740 2789.3
1237750 2794.2
1237760 2796.9
1237770 2799.2
1237780 2799.2
1237790 2801.0
1237800 2801.7
1237810 2801.7
1237820 2801.8
1237830 2801.5
1237840 2801.5
1237850 2801.4
1237860 2800.6
1237870 2800.6
1237880 2801.8
1237890 2802.8
1237900 2802.8
1237910 2805.1
1237920 2810.1
1237930 2810.1
1237940 2815.8
1237950 2820.7
1237960 2824.7
1237970 2824.7
1237980 2831.3
1237990 2839.0
1238000 2839.0
1238010 2845.3
1238020 2848.9
1238030 2848.9
1238040 2844.5
1238050 2832.1
1238060 2832.1
1238070 2816.0
1238080 2809.7
1238090 2809.7
1238100 2803.8
1238110 2796.9
1238120 2796.9
1238130 2794.5
1238140 2788.7
1238150 2788.7
1238160 2784.5
1238170 2781.9
1238180 2780.2
1238190 2780.2
1238200 2779.1
1238210 2778.4
1238220 2778.4
1238230 2778.0
1238240 2777.8
1238250 2777.8
1238260 2777.8
1238270 2777.8
1238280 2777.8
1238290 2778.0
1238300 2778.6
1238310 2778.6
1238320 2779.3
1238330 2780.0
1238340 2780.0
1238350 2780.8
1238360 2781.7
1238370 2782.4
1238380 2782.4
1238390 2782.6
1238400 2782.9
1238410 2782.9
1238420 2783.5
1238430 2783.9
1238440 2783.9
1238450 2783.9
1238460 2785.0
1238470 2785.0
1238480 2790.2
1238490 2797.9
1238500 2797.9
1238510 2803.3
1238520 2809.8
1238530 2809.8
1238540 2818.8
1238550 2824.3
1238560 2828.1
1238570 2828.1
1238580 2831.6
1238590 2835.9
1238600 2835.9
1238610 2842.1
1238620 2850.2
1238630 2850.2
1238640 2858.0
1238650 2866.6
1238660 2866.6
1238670 2876.5
1238680 2885.2
1238690 2885.2
1238700 2892.7
1238710 2900.8
1238720 2900.8
1238730 2907.3
1238740 2914.5
1238750 2921.3
1238760 2921.3
1238770 2927.9
1238780 2934.5
1238790 2934.5
1238800 2941.1
1238810 2947.7
1238820 2947.7
1238830 2954.7
1238840 2961.6
1238850 2961.6
1238860 2962.4
1238870 2955.4
1238880 2955.4
1238890 2946.2
1238900 2935.9
1238910 2935.9
1238920 2927.5
1238930 2918.4
1238940 2918.4
1238950 2908.9
1238960 2898.9
1238970 2890.7
1238980 2890.7
1238990 2886.7
1239000 2877.0
1239010 2877.0
1239020 2860.3
1239030 2851.1
1239040 2851.1
1239050 2847.4
1239060 2841.9
1239070 2841.9
1239080 2828.8
1239090 2823.5
1239100 2823.5
1239110 2818.4
1239120 2807.3
1239130 2807.3
1239140 2781.1
1239150 2761.0
1239160 2759.7
1239170 2759.7
1239180 2745.0
1239190 2733.7
1239200 2733.7
1239210 2727.8
1239220 2724.3
1239230 2724.3
1239240 2721.0
1239250 2713.8
1239260 2713.8
1239270 2704.6
1239280 2698.8
1239290 2698.8
1239300 2693.9
1239310 2688.6
1239320 2688.6
1239330 2678.3
1239340 2671.3
1239350 2670.2
1239360 2670.2
1239370 2671.8
1239380 2673.0
1239390 2673.0
1239400 2673.3
1239410 2671.7
1239420 2671.7
1239430 2670.1
1239440 2671.3
1239450 2671.3
1239460 2672.1
1239470 2672.8
1239480 2672.8
1239490 2672.0
1239500 2670.9
1239510 2670.9
1239520 2672.7
1239530 2676.1
1239540 2678.0
1239550 2678.0
1239560 2678.9
1239570 2681.0
1239580 2681.0
1239590 2683.7
1239600 2686.2
1239610 2686.2
1239620 2689.9
1239630 2691.9
1239640 2691.9
1239650 2693.4
1239660 2697.2
1239670 2700.4
1239680 2703.2
1239690 2706.7
1239700 2706.7
1239710 2709.6
1239720 2714.1
1239730 2714.1
1239740 2719.5
1239750 2725.9
1239760 2734.4
1239770 2734.4
1239780 2743.6
1239790 2748.7
1239800 2748.7
1239810 2751.2
1239820 2756.3
1239830 2756.3
1239840 2766.7
1239850 2772.4
1239860 2772.4
1239870 2765.2
1239880 2752.3
1239890 2752.3
1239900 2742.9
1239910 2740.9
1239920 2740.9
1239930 2742.6
1239940 2747.7
1239950 2749.1
1239960 2749.1
1239970 2741.4
1239980 2735.9
1239990 2735.9
