1220000 2995.4
1220010 2988.3
1220020 2982.8
1220030 2978.4
1220040 2978.4
1220050 2969.5
1220060 2956.3
1220070 2956.3
1220080 2946.6
1220090 2940.2
1220100 2940.2
1220110 2934.4
1220120 2928.4
1220130 2928.4
1220140 2921.6
1220150 2914.8
1220160 2914.8
1220170 2909.0
1220180 2903.4
1220190 2903.4
1220200 2897.6
1220210 2891.2
1220220 2884.6
1220230 2884.6
1220240 2878.5
1220250 2873.1
1220260 2873.1
1220270 2868.0
1220280 2862.4
1220290 2862.4
1220300 2857.4
1220310 2847.3
1220320 2847.3
1220330 2836.9
1220340 2830.4
1220350 2830.4
1220360 2825.0
1220370 2817.7
1220380 2817.7
1220390 2811.5
1220400 2805.8
1220410 2805.8
1220420 2802.0
1220430 2799.1
1220440 2796.0
1220450 2796.0
1220460 2793.1
1220470 2789.6
1220480 2789.6
1220490 2786.1
1220500 2783.8
1220510 2783.8
1220520 2782.1
1220530 2780.4
1220540 2780.4
1220550 2778.9
1220560 2777.0
1220570 2777.0
1220580 2776.4
1220590 2777.3
1220600 2777.3
1220610 2778.8
1220620 2780.9
1220630 2783.7
1220640 2783.7
1220650 2786.8
1220660 2790.7
1220670 2790.7
1220680 2793.5
1220690 2794.7
1220700 2794.7
1220710 2793.5
1220720 2791.5
1220730 2791.5
1220740 2789.8
1220750 2788.6
1220760 2788.6
1220770 2788.3
1220780 2788.1
1220790 2788.1
1220800 2789.7
1220810 2791.6
1220820 2794.1
1220830 2794.1
1220840 2796.9
1220850 2794.6
1220860 2794.6
1220870 2795.1
1220880 2796.1
1220890 2796.1
1220900 2797.9
1220910 2799.7
1220920 2799.7
1220930 2802.7
1220940 2806.7
1220950 2806.7
1220960 2810.3
1220970 2812.4
1220980 2812.4
1220990 2814.1
1221000 2817.3
1221010 2817.3
1221020 2825.6
1221030 2833.7
1221040 2840.3
1221050 2840.3
1221060 2848.0
1221070 2856.5
1221080 2856.5
1221090 2860.8
1221100 2863.9
1221110 2863.9
1221120 2868.1
1221130 2873.3
1221140 2873.3
1221150 2878.5
1221160 2879.5
1221170 2879.5
1221180 2882.5
1221190 2887.4
1221200 2887.4
1221210 2892.2
1221220 2898.2
1221230 2906.2
1221240 2906.2
1221250 2914.3
1221260 2920.5
1221270 2920.5
1221280 2927.0
1221290 2933.4
1221300 2933.4
1221310 2938.3
1221320 2945.0
1221330 2938.4
1221340 2943.4
1221350 2946.3
1221360 2946.3
1221370 2942.4
1221380 2936.3
1221390 2936.3
1221400 2931.1
1221410 2926.1
1221420 2918.9
1221430 2918.9
1221440 2912.2
1221450 2904.6
1221460 2904.6
1221470 2902.0
1221480 2910.5
1221490 2910.5
1221500 2915.0
1221510 2918.4
1221520 2918.4
1221530 2921.3
1221540 2924.3
1221550 2924.3
1221560 2928.0
1221570 2927.9
1221580 2927.9
1221590 2926.5
1221600 2925.7
1221610 2922.6
1221620 2922.6
1221630 2912.9
1221640 2903.5
1221650 2903.5
1221660 2896.1
1221670 2887.0
1221680 2887.0
1221690 2879.8
1221700 2871.6
1221710 2871.6
1221720 2863.8
1221730 2856.4
1221740 2856.4
1221750 2846.4
1221760 2835.6
1221770 2835.6
1221780 2827.8
1221790 2819.9
1221800 2819.9
1221810 2801.1
1221820 2793.2
1221830 2787.1
1221840 2787.1
1221850 2781.3
1221860 2777.1
1221870 2777.1
1221880 2773.3
1221890 2769.7
1221900 2769.7
1221910 2764.4
1221920 2758.3
1221930 2758.3
1221940 2749.1
1221950 2741.0
1221960 2741.0
1221970 2737.0
1221980 2730.2
1221990 2730.2
1222000 2720.3
1222010 2710.6
1222020 2703.9
1222030 2703.9
1222040 2697.6
1222050 2693.4
1222060 2693.4
1222070 2682.6
1222080 2669.0
1222090 2669.0
1222100 2660.5
1222110 2653.9
1222120 2653.9
1222130 2646.6
1222140 2639.7
1222150 2639.7
1222160 2630.1
1222170 2620.6
1222180 2620.6
1222190 2611.3
1222200 2602.8
1222210 2594.1
1222220 2594.1
1222230 2584.2
1222240 2573.2
1222250 2573.2
1222260 2563.4
1222270 2552.0
1222280 2552.0
1222290 2537.7
1222300 2527.1
1222310 2527.1
1222320 2519.6
1222330 2513.3
1222340 2513.3
1222350 2506.9
1222360 2500.1
1222370 2500.1
1222380 2493.0
1222390 2485.9
1222400 2479.5
1222410 2479.5
1222420 2473.6
1222430 2467.9
1222440 2467.9
1222450 2462.7
1222460 2459.3
1222470 2459.3
1222480 2456.0
1222490 2451.2
1222500 2451.2
1222510 2445.6
1222520 2441.4
1222530 2441.4
1222540 2436.8
1222550 2431.5
1222560 2431.5
1222570 2426.4
1222580 2421.2
1222590 2421.2
1222600 2415.1
1222610 2409.0
1222620 2403.4
1222630 2403.4
1222640 2398.6
1222650 2393.5
1222660 2393.5
1222670 2388.5
1222680 2383.4
1222690 2383.4
1222700 2379.2
1222710 2374.7
1222720 2374.7
1222730 2370.7
1222740 2366.8
1222750 2366.8
1222760 2362.8
1222770 2359.0
1222780 2356.0
1222790 2351.7
1222800 2347.1
1222810 2342.8
1222820 2342.8
1222830 2338.0
1222840 2332.8
1222850 2332.8
1222860 2327.6
1222870 2322.6
1222880 2322.6
1222890 2317.6
1222900 2312.7
1222910 2312.7
1222920 2308.5
1222930 2305.1
1222940 2305.1
1222950 2301.8
1222960 2299.5
1222970 2299.5
1222980 2297.3
1222990 2294.1
1223000 2291.6
1223010 2291.6
1223020 2289.1
1223030 2286.7
1223040 2286.7
1223050 2284.7
1223060 2282.3
1223070 2282.3
1223080 2280.1
1223090 2277.9
1223100 2277.9
1223110 2275.4
1223120 2272.9
1223130 2272.9
1223140 2269.1
1223150 2266.9
1223160 2266.9
1223170 2265.9
1223180 2264.2
1223190 2264.2
1223200 2261.0
1223210 2259.8
1223220 2259.5
1223230 2259.5
1223240 2260.3
1223250 2257.6
1223260 2256.3
1223270 2251.0
1223280 2244.8
1223290 2244.8
1223300 2242.0
1223310 2240.0
1223320 2240.0
1223330 2237.3
1223340 2234.1
1223350 2234.1
1223360 2231.4
1223370 2228.5
1223380 2228.5
1223390 2226.0
1223400 2224.0
1223410 2222.1
1223420 2222.1
1223430 2219.8
1223440 2217.4
1223450 2217.4
1223460 2215.6
1223470 2213.6
1223480 2213.6
1223490 2211.5
1223500 2209.4
1223510 2209.4
1223520 2206.9
1223530 2204.1
1223540 2204.1
1223550 2202.2
1223560 2200.8
1223570 2200.8
1223580 2198.6
1223590 2196.0
1223600 2193.7
1223610 2193.7
1223620 2191.7
1223630 2190.0
1223640 2190.0
1223650 2188.1
1223660 2185.8
1223670 2185.8
1223680 2182.9
1223690 2179.2
1223700 2179.2
1223710 2175.7
1223720 2172.0
1223730 2172.0
1223740 2165.6
1223750 2160.3
1223760 2160.3
1223770 2155.7
1223780 2151.7
1223790 2148.2
1223800 2148.2
1223810 2145.2
1223820 2141.4
1223830 2141.4
1223840 2137.4
1223850 2134.3
1223860 2134.3
1223870 2132.1
1223880 2130.3
1223890 2130.3
1223900 2128.5
1223910 2126.7
1223920 2126.7
1223930 2124.9
1223940 2123.1
1223950 2123.1
1223960 2120.8
1223970 2118.8
1223980 2118.8
1223990 2117.3
1224000 2115.5
1224010 2113.5
1224020 2113.5
1224030 2111.6
1224040 2109.8
1224050 2109.8
1224060 2107.6
1224070 2105.3
1224080 2105.3
1224090 2103.2
1224100 2101.1
1224110 2101.1
1224120 2098.7
1224130 2096.4
1224140 2096.4
1224150 2095.8
1224160 2096.8
1224170 2096.8
1224180 2098.4
1224190 2098.9
1224200 2098.0
1224210 2098.0
1224220 2096.2
1224230 2094.7
1224240 2094.7
1224250 2090.1
1224260 2084.5
1224270 2084.5
1224280 2079.3
1224290 2075.3
1224300 2075.3
1224310 2072.4
1224320 2068.8
1224330 2068.8
1224340 2064.7
1224350 2060.7
1224360 2060.7
1224370 2057.1
1224380 2053.6
1224390 2050.4
1224400 2050.4
1224410 2046.9
1224420 2043.3
1224430 2043.3
1224440 2040.0
1224450 2036.9
1224460 2036.9
1224470 2034.2
1224480 2030.8
1224490 2030.8
1224500 2026.1
1224510 2021.6
1224520 2021.6
1224530 2016.8
1224540 2014.5
1224550 2014.5
1224560 2011.5
1224570 2008.0
1224580 2005.1
1224590 2005.1
1224600 2000.4
1224610 1993.7
1224620 1993.7
1224630 1986.7
1224640 1979.3
1224650 1979.3
1224660 1972.4
1224670 1966.1
1224680 1966.1
1224690 1960.5
1224700 1955.5
1224710 1955.5
1224720 1955.7
1224730 1956.5
1224740 1956.5
1224750 1957.8
1224760 1959.2
1224770 1959.2
1224780 1960.7
1224790 1960.6
1224800 1959.7
1224810 1959.7
1224820 1958.7
1224830 1958.2
1224840 1958.2
1224850 1956.5
1224860 1953.7
1224870 1953.7
1224880 1950.8
1224890 1948.4
1224900 1948.4
1224910 1944.5
1224920 1940.7
1224930 1940.7
1224940 1935.8
1224950 1929.8
1224960 1929.8
1224970 1923.6
1224980 1918.6
1224990 1917.8
1225000 1917.8
1225010 1917.9
1225020 1917.4
1225030 1917.4
1225040 1915.9
1225050 1914.7
1225060 1914.7
1225070 1913.8
1225080 1911.4
1225090 1911.4
1225100 1906.7
1225110 1902.6
1225120 1902.6
1225130 1898.5
1225140 1894.8
1225150 1894.8
1225160 1892.9
1225170 1889.8
1225180 1884.4
1225190 1884.4
1225200 1880.3
1225210 1878.6
1225220 1878.6
1225230 1876.6
1225240 1874.7
1225250 1874.7
1225260 1874.4
1225270 1873.7
1225280 1873.7
1225290 1872.4
1225300 1869.1
1225310 1869.1
1225320 1862.7
1225330 1857.5
1225340 1857.5
1225350 1856.1
1225360 1857.2
1225370 1857.2
1225380 1858.1
1225390 1854.7
1225400 1848.1
1225410 1848.1
1225420 1843.3
1225430 1840.0
1225440 1840.0
1225450 1836.0
1225460 1832.4
1225470 1832.4
1225480 1832.4
1225490 1833.8
1225500 1833.8
1225510 1832.8
1225520 1831.9
1225530 1831.9
1225540 1830.6
1225550 1829.4
1225560 1829.4
1225570 1829.1
1225580 1827.4
1225590 1827.8
1225600 1827.8
1225610 1826.3
1225620 1822.9
1225630 1822.9
1225640 1820.2
1225650 1819.1
1225660 1819.1
1225670 1818.7
1225680 1816.1
1225690 1816.2
1225700 1812.5
1225710 1807.2
1225720 1807.2
1225730 1801.8
1225740 1800.5
1225750 1800.5
1225760 1800.3
1225770 1799.8
1225780 1801.1
1225790 1801.1
1225800 1798.9
1225810 1795.9
1225820 1795.9
1225830 1796.1
1225840 1795.8
1225850 1795.8
1225860 1795.8
1225870 1796.5
1225880 1796.5
1225890 1799.3
1225900 1800.1
1225910 1800.1
1225920 1796.2
1225930 1793.5
1225940 1793.5
1225950 1794.0
1225960 1796.8
1225970 1800.9
1225980 1800.9
1225990 1805.9
1226000 1811.5
1226010 1811.5
1226020 1818.3
1226030 1823.9
1226040 1823.9
1226050 1829.4
1226060 1833.7
1226070 1833.7
1226080 1837.4
1226090 1836.7
1226100 1836.7
1226110 1833.9
1226120 1832.1
1226130 1832.1
1226140 1832.0
1226150 1832.7
1226160 1832.7
1226170 1833.2
1226180 1832.9
1226190 1834.3
1226200 1834.3
1226210 1836.7
1226220 1839.2
1226230 1839.2
1226240 1841.9
1226250 1843.8
1226260 1843.8
1226270 1847.0
1226280 1851.4
1226290 1851.4
1226300 1855.9
1226310 1859.7
1226320 1859.7
1226330 1863.0
1226340 1863.2
1226350 1863.2
1226360 1861.5
1226370 1860.4
1226380 1859.8
1226390 1859.8
1226400 1858.9
1226410 1857.0
1226420 1857.0
1226430 1854.5
1226440 1853.8
1226450 1853.8
1226460 1852.5
1226470 1847.9
1226480 1847.9
1226490 1844.4
1226500 1841.5
1226510 1841.5
1226520 1838.9
1226530 1836.1
1226540 1836.1
1226550 1832.5
1226560 1829.1
1226570 1825.7
1226580 1825.7
1226590 1821.9
1226600 1817.4
1226610 1817.4
1226620 1813.3
1226630 1809.4
1226640 1809.4
1226650 1805.1
1226660 1800.6
1226670 1799.1
1226680 1795.4
1226690 1792.4
1226700 1792.4
1226710 1787.7
1226720 1784.2
1226730 1784.2
1226740 1783.1
1226750 1780.9
1226760 1776.8
1226770 1776.8
1226780 1771.8
1226790 1766.5
1226800 1766.5
1226810 1761.5
1226820 1756.4
1226830 1756.4
1226840 1751.6
1226850 1746.7
1226860 1746.7
1226870 1740.7
1226880 1735.3
1226890 1735.3
1226900 1730.1
1226910 1724.4
1226920 1724.4
1226930 1718.8
1226940 1715.4
1226950 1715.4
1226960 1709.7
1226970 1702.3
1226980 1695.8
1226990 1695.8
1227000 1688.5
1227010 1679.4
1227020 1679.4
1227030 1671.1
1227040 1662.8
1227050 1662.8
1227060 1656.2
1227070 1650.8
1227080 1650.8
1227090 1643.8
1227100 1637.1
1227110 1637.1
1227120 1632.0
1227130 1626.9
1227140 1626.9
1227150 1622.0
1227160 1610.3
1227170 1603.7
1227180 1603.7
1227190 1597.5
1227200 1590.7
1227210 1590.7
1227220 1583.6
1227230 1572.8
1227240 1572.8
1227250 1561.3
1227260 1546.7
1227270 1546.7
1227280 1533.4
1227290 1522.0
1227300 1522.0
1227310 1510.2
1227320 1499.0
1227330 1499.0
1227340 1489.1
1227350 1481.5
1227360 1475.0
1227370 1475.0
1227380 1468.8
1227390 1462.4
1227400 1462.4
1227410 1457.5
1227420 1455.8
1227430 1455.8
1227440 1453.0
1227450 1450.6
1227460 1450.6
1227470 1450.4
1227480 1450.6
1227490 1450.6
1227500 1452.3
1227510 1453.6
1227520 1453.6
1227530 1454.3
1227540 1455.0
1227550 1455.0
1227560 1455.3
1227570 1455.4
1227580 1455.3
1227590 1455.3
1227600 1455.3
1227610 1455.3
1227620 1455.3
1227630 1455.5
1227640 1455.8
1227650 1456.4
1227660 1457.7
1227670 1461.1
1227680 1461.1
1227690 1464.5
1227700 1464.9
1227710 1464.9
1227720 1465.7
1227730 1466.7
1227740 1466.7
1227750 1467.4
1227760 1467.5
1227770 1467.2
1227780 1467.2
1227790 1466.9
1227800 1466.9
1227810 1466.9
1227820 1467.0
1227830 1467.0
1227840 1467.0
1227850 1467.0
1227860 1468.4
1227870 1468.4
1227880 1472.6
1227890 1477.1
1227900 1477.1
1227910 1479.9
1227920 1482.3
1227930 1482.3
1227940 1485.5
1227950 1489.8
1227960 1494.9
1227970 1494.9
1227980 1501.1
1227990 1507.7
1228000 1507.7
1228010 1514.0
1228020 1525.0
1228030 1525.0
1228040 1542.4
1228050 1554.0
1228060 1554.0
1228070 1561.2
1228080 1572.3
1228090 1572.3
1228100 1581.0
1228110 1592.8
1228120 1592.8
1228130 1600.1
1228140 1605.8
1228150 1606.8
1228160 1606.8
1228170 1616.5
1228180 1623.2
1228190 1623.2
1228200 1628.7
1228210 1634.5
1228220 1634.5
1228230 1641.8
1228240 1650.3
1228250 1650.3
1228260 1659.0
1228270 1665.6
1228280 1665.6
1228290 1669.9
1228300 1674.2
1228310 1674.2
1228320 1679.3
1228330 1686.1
1228340 1686.1
1228350 1693.1
1228360 1700.4
1228370 1711.0
1228380 1711.0
1228390 1730.6
1228400 1740.8
1228410 1740.8
1228420 1749.4
1228430 1754.8
1228440 1754.8
1228450 1760.5
1228460 1767.2
1228470 1767.2
1228480 1775.3
1228490 1786.2
1228500 1786.2
1228510 1799.8
1228520 1817.8
1228530 1817.8
1228540 1827.9
1228550 1834.9
1228560 1843.9
1228570 1843.9
1228580 1852.5
1228590 1860.1
1228600 1860.1
1228610 1866.2
1228620 1871.9
1228630 1871.9
1228640 1872.6
1228650 1875.3
1228660 1875.3
1228670 1880.7
1228680 1888.6
1228690 1888.6
1228700 1898.1
1228710 1905.3
1228720 1905.3
1228730 1910.9
1228740 1917.9
1228750 1926.5
1228760 1926.5
1228770 1933.2
1228780 1938.9
1228790 1938.9
1228800 1944.0
1228810 1948.4
1228820 1948.4
1228830 1951.9
1228840 1953.3
1228850 1953.3
1228860 1955.2
1228870 1954.8
1228880 1954.8
1228890 1955.1
1228900 1955.3
1228910 1955.3
1228920 1956.3
1228930 1959.0
1228940 1962.8
1228950 1962.8
1228960 1966.8
1228970 1969.3
1228980 1969.3
1228990 1971.6
1229000 1974.6
1229010 1974.6
1229020 1980.3
1229030 1985.9
1229040 1985.9
1229050 1991.9
1229060 1997.4
1229070 1997.4
1229080 2003.2
1229090 2009.3
1229100 2009.3
1229110 2017.3
1229120 2026.3
1229130 2023.1
1229140 2030.7
1229150 2036.1
1229160 2041.7
1229170 2041.7
1229180 2047.6
1229190 2053.4
1229200 2053.4
1229210 2059.8
1229220 2066.2
1229230 2066.2
1229240 2072.0
1229250 2077.4
1229260 2077.4
1229270 2081.2
1229280 2084.1
1229290 2084.1
1229300 2088.7
1229310 2095.6
1229320 2095.6
1229330 2103.9
1229340 2111.9
1229350 2117.7
1229360 2117.7
1229370 2124.1
1229380 2129.8
1229390 2129.8
1229400 2134.7
1229410 2139.8
1229420 2139.8
1229430 2144.7
1229440 2149.8
1229450 2149.8
1229460 2155.2
1229470 2160.8
1229480 2160.8
1229490 2166.7
1229500 2172.3
1229510 2172.3
1229520 2177.8
1229530 2183.5
1229540 2188.8
1229550 2188.8
1229560 2193.3
1229570 2197.1
1229580 2197.1
1229590 2200.1
1229600 2202.0
1229610 2202.0
1229620 2202.2
1229630 2201.2
1229640 2201.2
1229650 2204.5
1229660 2207.9
1229670 2207.9
1229680 2213.1
1229690 2218.5
1229700 2218.5
1229710 2223.9
1229720 2228.8
1229730 2233.2
1229740 2233.2
1229750 2238.2
1229760 2244.5
1229770 2244.5
1229780 2251.6
1229790 2258.6
1229800 2258.6
1229810 2265.2
1229820 2272.0
1229830 2272.0
1229840 2279.5
1229850 2286.8
1229860 2286.8
1229870 2295.1
1229880 2304.6
1229890 2304.6
1229900 2312.8
1229910 2320.7
1229920 2320.7
1229930 2330.0
1229940 2339.9
1229950 2348.2
1229960 2348.2
1229970 2354.4
1229980 2360.9
1229990 2360.9
1230000 2370.1
1230010 2383.3
1230020 2383.3
1230030 2395.9
1230040 2406.6
1230050 2406.6
1230060 2415.9
1230070 2425.4
1230080 2425.4
1230090 2431.9
1230100 2435.4
1230110 2435.4
1230120 2440.8
1230130 2445.4
1230140 2452.0
1230150 2452.0
1230160 2459.3
1230170 2468.2
1230180 2468.2
1230190 2482.1
1230200 2493.8
1230210 2493.8
1230220 2502.7
1230230 2509.6
1230240 2509.6
1230250 2516.1
1230260 2522.6
1230270 2522.6
1230280 2529.9
1230290 2537.1
1230300 2537.1
1230310 2546.3
1230320 2557.3
1230330 2571.5
1230340 2571.5
1230350 2583.3
1230360 2592.8
1230370 2592.8
1230380 2603.1
1230390 2610.8
1230400 2610.8
1230410 2617.8
1230420 2624.5
1230430 2624.5
1230440 2629.9
1230450 2634.5
1230460 2634.5
1230470 2639.3
1230480 2645.5
1230490 2645.5
1230500 2653.5
1230510 2661.5
1230520 2661.5
1230530 2669.4
1230540 2677.1
1230550 2685.2
1230560 2685.2
1230570 2692.2
1230580 2698.9
1230590 2698.9
1230600 2704.8
1230610 2709.7
1230620 2709.7
1230630 2708.2
1230640 2713.0
1230650 2713.0
1230660 2717.3
1230670 2722.0
1230680 2722.0
1230690 2726.5
1230700 2731.9
1230710 2731.9
1230720 2738.1
1230730 2742.4
1230740 2744.5
1230750 2744.5
1230760 2749.0
1230770 2756.6
1230780 2756.6
1230790 2765.9
1230800 2772.6
1230810 2772.6
1230820 2776.5
1230830 2781.9
1230840 2781.9
1230850 2786.2
1230860 2789.9
1230870 2789.9
1230880 2794.8
1230890 2800.2
1230900 2800.2
1230910 2801.8
1230920 2805.8
1230930 2811.9
1230940 2811.9
1230950 2817.5
1230960 2822.6
1230970 2822.6
1230980 2825.8
1230990 2828.6
1231000 2828.6
1231010 2827.6
1231020 2827.6
1231030 2827.6
1231040 2828.5
1231050 2829.7
1231060 2829.7
1231070 2828.2
1231080 2821.5
1231090 2821.5
1231100 2814.8
1231110 2808.2
1231120 2803.7
1231130 2803.7
1231140 2796.7
1231150 2790.5
1231160 2790.5
1231170 2785.0
1231180 2779.9
1231190 2779.9
1231200 2775.0
1231210 2770.5
1231220 2770.5
1231230 2766.1
1231240 2763.5
1231250 2763.5
1231260 2762.5
1231270 2762.4
1231280 2762.4
1231290 2762.8
1231300 2764.2
1231310 2764.2
1231320 2765.6
1231330 2766.7
1231340 2767.3
1231350 2767.3
1231360 2766.9
1231370 2768.4
1231380 2768.4
1231390 2769.4
1231400 2770.4
1231410 2770.4
1231420 2771.6
1231430 2772.9
1231440 2772.9
1231450 2774.5
1231460 2775.3
1231470 2775.3
1231480 2775.7
1231490 2778.7
1231500 2778.7
1231510 2782.6
1231520 2786.5
1231530 2790.4
1231540 2790.4
1231550 2792.2
1231560 2795.1
1231570 2795.1
1231580 2799.6
1231590 2802.6
1231600 2802.6
1231610 2804.0
1231620 2816.3
1231630 2816.3
1231640 2818.0
1231650 2814.6
1231660 2814.6
1231670 2812.1
1231680 2810.1
1231690 2810.1
1231700 2809.9
1231710 2810.3
1231720 2812.2
1231730 2812.2
1231740 2815.4
1231750 2820.9
1231760 2820.9
1231770 2823.6
1231780 2826.1
1231790 2826.1
1231800 2830.8
1231810 2834.1
1231820 2834.1
1231830 2838.3
1231840 2845.3
1231850 2845.3
1231860 2856.4
1231870 2863.3
1231880 2863.3
1231890 2863.8
1231900 2867.9
1231910 2869.8
1231920 2869.8
1231930 2872.1
1231940 2873.5
1231950 2873.5
1231960 2870.8
1231970 2867.0
1231980 2867.0
1231990 2862.8
1232000 2858.5
1232010 2858.5
1232020 2855.7
1232030 2855.2
1232040 2855.2
1232050 2854.8
1232060 2853.2
1232070 2853.2
1232080 2850.4
1232090 2847.8
1232100 2847.8
1232110 2843.5
1232120 2836.2
1232130 2830.6
1232140 2830.6
1232150 2824.7
1232160 2820.1
1232170 2820.1
1232180 2816.2
1232190 2812.6
1232200 2812.6
1232210 2808.4
1232220 2804.7
1232230 2804.7
1232240 2801.3
1232250 2797.3
1232260 2797.3
1232270 2793.5
1232280 2789.3
1232290 2789.3
1232300 2785.7
1232310 2781.5
1232320 2778.3
1232330 2778.3
1232340 2773.1
1232350 2768.7
1232360 2768.7
1232370 2768.6
1232380 2768.5
1232390 2768.5
1232400 2768.0
1232410 2766.9
1232420 2766.9
1232430 2764.9
1232440 2762.3
1232450 2762.3
1232460 2760.2
1232470 2762.7
1232480 2762.7
1232490 2763.3
1232500 2763.0
1232510 2762.0
1232520 2762.0
1232530 2759.3
1232540 2756.3
1232550 2756.3
1232560 2754.7
1232570 2752.1
1232580 2752.1
1232590 2749.8
1232600 2748.6
1232610 2748.6
1232620 2745.2
1232630 2746.7
1232640 2746.7
1232650 2741.6
1232660 2740.7
1232670 2740.7
1232680 2738.5
1232690 2734.5
1232700 2734.5
1232710 2732.8
1232720 2735.3
1232730 2736.1
1232740 2736.1
1232750 2732.8
1232760 2727.4
1232770 2727.4
1232780 2725.4
1232790 2727.0
1232800 2727.0
1232810 2727.9
1232820 2727.5
1232830 2727.5
1232840 2725.0
1232850 2720.8
1232860 2720.8
1232870 2713.1
1232880 2707.1
1232890 2707.1
1232900 2705.9
1232910 2704.1
1232920 2702.2
1232930 2702.2
1232940 2703.2
1232950 2705.0
1232960 2705.0
1232970 2708.7
1232980 2713.2
1232990 2713.2
1233000 2716.4
1233010 2718.7
1233020 2718.7
1233030 2721.6
1233040 2724.0
1233050 2724.0
1233060 2725.5
1233070 2725.7
1233080 2725.7
1233090 2724.4
1233100 2731.3
1233110 2736.1
1233120 2736.1
1233130 2742.9
1233140 2743.7
1233150 2743.7
1233160 2745.4
1233170 2747.3
1233180 2747.3
1233190 2748.0
1233200 2750.7
1233210 2750.7
1233220 2753.6
1233230 2755.5
1233240 2755.5
1233250 2759.0
1233260 2760.6
1233270 2760.6
1233280 2758.6
1233290 2757.7
1233300 2758.0
1233310 2758.0
1233320 2757.9
1233330 2760.6
1233340 2760.6
1233350 2762.8
1233360 2763.5
1233370 2763.5
1233380 2765.8
1233390 2769.6
1233400 2769.6
1233410 2776.0
1233420 2783.1
1233430 2783.1
1233440 2790.9
1233450 2799.7
1233460 2799.7
1233470 2807.7
1233480 2817.8
1233490 2817.8
1233500 2830.2
1233510 2844.2
1233520 2859.0
1233530 2859.0
1233540 2870.8
1233550 2876.7
1233560 2876.7
1233570 2882.8
1233580 2890.7
1233590 2890.7
1233600 2901.7
1233610 2914.6
1233620 2914.6
1233630 2924.1
1233640 2933.8
1233650 2933.8
1233660 2938.6
1233670 2940.3
1233680 2940.3
1233690 2942.2
1233700 2944.8
1233710 2947.2
1233720 2947.2
1233730 2950.0
1233740 2953.4
1233750 2953.4
1233760 2958.4
1233770 2965.5
1233780 2965.5
1233790 2977.0
1233800 2983.7
1233810 2983.7
1233820 2984.9
1233830 2987.9
1233840 2987.9
1233850 2994.6
1233860 3002.4
1233870 3002.4
1233880 3007.9
1233890 3012.9
1233900 3017.3
1233910 3017.3
1233920 3023.3
1233930 3016.3
1233940 3016.3
1233950 2998.0
1233960 2981.0
1233970 2981.0
1233980 2971.4
1233990 2962.5
1234000 2962.5
1234010 2952.9
1234020 2941.6
1234030 2941.6
1234040 2927.8
1234050 2915.3
1234060 2915.3
1234070 2907.3
1234080 2900.3
1234090 2893.7
1234100 2893.7
1234110 2888.1
1234120 2881.4
1234130 2881.4
1234140 2872.2
1234150 2867.4
1234160 2867.4
1234170 2863.2
1234180 2858.9
1234190 2858.9
1234200 2854.7
1234210 2851.2
1234220 2851.2
1234230 2848.0
1234240 2845.0
1234250 2845.0
1234260 2841.9
1234270 2838.5
1234280 2838.5
1234290 2834.9
1234300 2831.1
1234310 2827.4
1234320 2827.4
1234330 2824.1
1234340 2821.6
1234350 2821.6
1234360 2819.3
1234370 2817.1
1234380 2817.1
1234390 2814.7
1234400 2812.4
1234410 2812.4
1234420 2810.0
1234430 2807.4
1234440 2807.4
1234450 2805.5
1234460 2804.9
1234470 2804.9
1234480 2805.4
1234490 2806.5
1234500 2806.2
1234510 2806.2
1234520 2805.3
1234530 2804.3
1234540 2804.3
1234550 2803.2
1234560 2802.1
1234570 2802.1
1234580 2800.8
1234590 2799.0
1234600 2799.0
1234610 2797.5
1234620 2795.6
1234630 2795.6
1234640 2800.5
1234650 2798.3
1234660 2798.3
1234670 2797.7
1234680 2798.0
1234690 2797.4
1234700 2797.4
1234710 2797.6
1234720 2799.7
1234730 2799.7
1234740 2802.5
1234750 2805.9
1234760 2805.9
1234770 2809.5
1234780 2814.2
1234790 2814.2
1234800 2818.8
1234810 2821.8
1234820 2821.8
1234830 2820.6
1234840 2818.9
1234850 2818.9
1234860 2816.9
1234870 2818.8
1234880 2822.0
1234890 2822.0
1234900 2824.0
1234910 2826.9
1234920 2826.9
1234930 2830.7
1234940 2835.7
1234950 2835.7
1234960 2841.7
1234970 2850.3
1234980 2850.3
1234990 2860.3
1235000 2867.2
1235010 2867.2
1235020 2869.1
1235030 2869.6
1235040 2869.6
1235050 2866.4
1235060 2859.9
1235070 2859.9
1235080 2849.0
1235090 2832.4
1235100 2821.5
1235110 2821.5
1235120 2816.2
1235130 2811.9
1235140 2811.9
1235150 2801.4
1235160 2798.2
1235170 2798.2
1235180 2794.6
1235190 2790.4
1235200 2790.4
1235210 2787.2
1235220 2784.5
1235230 2784.5
1235240 2782.7
1235250 2780.1
1235260 2780.1
1235270 2777.1
1235280 2774.7
1235290 2772.6
1235300 2772.6
1235310 2771.4
1235320 2770.2
1235330 2770.2
1235340 2770.6
1235350 2768.7
1235360 2768.7
1235370 2762.5
1235380 2756.1
1235390 2756.1
1235400 2752.4
1235410 2746.5
1235420 2746.5
1235430 2742.1
1235440 2738.7
1235450 2738.7
1235460 2736.7
1235470 2734.9
1235480 2731.7
1235490 2731.7
1235500 2729.6
1235510 2726.7
1235520 2726.7
1235530 2723.3
1235540 2719.6
1235550 2719.6
1235560 2716.7
1235570 2713.1
1235580 2713.1
1235590 2709.3
1235600 2705.4
1235610 2705.4
1235620 2700.9
1235630 2695.9
1235640 2695.9
1235650 2691.8
1235660 2686.7
1235670 2686.7
1235680 2684.7
1235690 2683.0
1235700 2682.2
1235710 2682.2
1235720 2680.8
1235730 2679.0
1235740 2679.0
1235750 2677.4
1235760 2676.8
1235770 2676.8
1235780 2675.9
1235790 2674.4
1235800 2674.4
1235810 2672.9
1235820 2671.7
1235830 2671.7
1235840 2672.3
1235850 2673.4
1235860 2673.4
1235870 2672.4
1235880 2671.3
1235890 2671.0
1235900 2671.0
1235910 2668.0
1235920 2667.0
1235930 2667.0
1235940 2666.3
1235950 2664.4
1235960 2664.4
1235970 2661.5
1235980 2658.3
1235990 2658.3
1236000 2654.2
1236010 2650.0
1236020 2650.0
1236030 2646.9
1236040 2643.8
1236050 2643.8
1236060 2640.2
1236070 2636.3
1236080 2633.2
1236090 2633.2
1236100 2630.0
1236110 2627.3
1236120 2627.3
1236130 2626.5
1236140 2625.4
1236150 2625.4
1236160 2627.5
1236170 2627.6
1236180 2627.6
1236190 2629.1
1236200 2631.3
1236210 2631.3
1236220 2631.8
1236230 2629.1
1236240 2629.1
1236250 2626.5
1236260 2623.5
1236270 2624.5
1236280 2624.5
1236290 2625.8
1236300 2624.7
1236310 2624.7
1236320 2621.0
1236330 2618.3
1236340 2618.3
1236350 2617.8
1236360 2619.3
1236370 2619.3
1236380 2620.9
1236390 2626.8
1236400 2626.8
1236410 2633.3
1236420 2632.5
1236430 2632.5
1236440 2631.5
1236450 2632.8
1236460 2632.8
1236470 2633.1
1236480 2631.1
1236490 2630.6
1236500 2630.6
1236510 2631.1
1236520 2631.0
1236530 2631.0
1236540 2630.9
1236550 2629.9
1236560 2629.9
1236570 2627.4
1236580 2627.3
1236590 2627.3
1236600 2630.7
1236610 2632.5
1236620 2632.5
1236630 2631.3
1236640 2629.3
1236650 2629.3
1236660 2629.1
1236670 2632.3
1236680 2637.0
1236690 2637.0
1236700 2638.2
1236710 2637.3
1236720 2637.3
1236730 2632.7
1236740 2628.7
1236750 2628.7
1236760 2628.6
1236770 2625.3
1236780 2625.3
1236790 2619.1
1236800 2613.3
1236810 2613.3
1236820 2608.4
1236830 2604.2
1236840 2604.2
1236850 2599.7
1236860 2594.1
1236870 2589.1
1236880 2589.1
1236890 2585.0
1236900 2579.5
1236910 2579.5
1236920 2573.9
1236930 2570.0
1236940 2570.0
1236950 2568.2
1236960 2566.6
1236970 2566.6
1236980 2567.6
1236990 2569.2
1237000 2569.2
1237010 2570.3
1237020 2568.8
1237030 2568.8
1237040 2569.3
1237050 2571.7
1237060 2573.3
1237070 2573.3
1237080 2574.8
1237090 2575.9
1237100 2575.9
1237110 2575.8
1237120 2576.2
1237130 2576.2
1237140 2578.2
1237150 2580.9
1237160 2580.9
1237170 2583.8
1237180 2588.2
1237190 2588.2
1237200 2591.2
1237210 2595.8
1237220 2595.8
1237230 2602.0
1237240 2608.5
1237250 2608.5
1237260 2615.1
1237270 2616.8
1237280 2613.1
1237290 2613.1
1237300 2614.5
1237310 2620.0
1237320 2620.0
1237330 2626.7
1237340 2635.1
1237350 2635.1
1237360 2640.5
1237370 2646.8
1237380 2646.8
1237390 2652.3
1237400 2657.0
1237410 2657.0
1237420 2660.6
1237430 2662.4
1237440 2662.4
1237450 2663.6
1237460 2666.3
1237470 2669.6
1237480 2669.6
1237490 2673.7
1237500 2678.0
1237510 2678.0
1237520 2680.9
1237530 2683.4
1237540 2683.4
1237550 2686.5
1237560 2689.4
1237570 2689.4
1237580 2693.8
1237590 2698.6
1237600 2698.6
1237610 2704.1
1237620 2710.4
1237630 2710.4
1237640 2716.6
1237650 2725.8
1237660 2736.6
1237670 2736.6
1237680 2744.0
1237690 2737.4
1237700 2747.1
1237710 2743.0
1237720 2737.7
1237730 2737.7
1237740 2733.5
1237750 2728.9
1237760 2728.9
1237770 2722.4
1237780 2713.6
1237790 2713.6
1237800 2701.7
1237810 2689.9
1237820 2689.9
1237830 2680.4
1237840 2672.0
1237850 2664.0
1237860 2664.0
1237870 2655.3
1237880 2648.0
1237890 2648.0
1237900 2642.0
1237910 2636.4
1237920 2636.4
1237930 2631.4
1237940 2627.5
1237950 2627.5
1237960 2624.7
1237970 2624.7
1237980 2624.7
1237990 2626.0
1238000 2627.3
1238010 2627.3
1238020 2624.9
1238030 2618.1
1238040 2618.1
1238050 2610.7
1238060 2604.1
1238070 2601.4
1238080 2601.4
1238090 2601.3
1238100 2599.4
1238110 2599.4
1238120 2594.7
1238130 2590.1
1238140 2590.1
1238150 2589.4
1238160 2587.6
1238170 2587.6
1238180 2587.2
1238190 2591.2
1238200 2591.2
1238210 2598.3
1238220 2598.6
1238230 2598.6
1238240 2597.8
1238250 2597.5
1238260 2596.3
1238270 2596.3
1238280 2596.5
1238290 2593.1
1238300 2593.1
1238310 2579.9
1238320 2572.2
1238330 2572.2
1238340 2565.2
1238350 2563.3
1238360 2563.3
1238370 2558.3
1238380 2548.8
1238390 2548.8
1238400 2546.3
1238410 2545.9
1238420 2545.9
1238430 2546.1
1238440 2547.1
1238450 2548.1
1238460 2548.1
1238470 2553.5
1238480 2559.3
1238490 2559.3
1238500 2565.2
1238510 2571.5
1238520 2571.5
1238530 2578.8
1238540 2586.2
1238550 2586.2
1238560 2592.4
1238570 2596.8
1238580 2596.8
1238590 2599.4
1238600 2600.8
1238610 2600.8
1238620 2602.0
1238630 2603.6
1238640 2602.8
1238650 2602.8
1238660 2599.0
1238670 2597.0
1238680 2597.0
1238690 2600.6
1238700 2603.9
1238710 2603.9
1238720 2605.6
1238730 2604.2
1238740 2604.2
1238750 2600.9
1238760 2598.0
1238770 2598.0
1238780 2596.4
1238790 2595.6
1238800 2595.6
1238810 2591.9
1238820 2586.1
1238830 2586.1
1238840 2583.3
1238850 2581.1
1238860 2576.7
1238870 2576.7
1238880 2574.2
1238890 2571.5
1238900 2571.5
1238910 2568.3
1238920 2566.4
1238930 2566.4
1238940 2565.7
1238950 2567.3
1238960 2567.3
1238970 2569.3
1238980 2567.2
1238990 2567.2
1239000 2567.4
1239010 2570.0
1239020 2570.0
1239030 2572.9
1239040 2571.9
1239050 2571.1
1239060 2571.1
1239070 2569.0
1239080 2565.9
1239090 2565.9
1239100 2563.2
1239110 2562.5
1239120 2562.5
1239130 2562.0
1239140 2561.8
1239150 2561.8
1239160 2562.5
1239170 2563.5
1239180 2563.5
1239190 2564.1
1239200 2564.4
1239210 2564.4
1239220 2563.8
1239230 2562.5
1239240 2564.7
1239250 2564.7
1239260 2562.9
1239270 2560.2
1239280 2560.2
1239290 2559.5
1239300 2559.0
1239310 2559.0
1239320 2558.3
1239330 2558.9
1239340 2558.9
1239350 2560.5
1239360 2557.9
1239370 2557.9
1239380 2554.3
1239390 2552.2
1239400 2552.2
1239410 2553.0
1239420 2554.2
1239430 2554.2
1239440 2553.6
1239450 2551.3
1239460 2550.1
1239470 2550.1
1239480 2550.9
1239490 2551.2
1239500 2551.2
1239510 2551.6
1239520 2547.0
1239530 2547.0
1239540 2541.1
1239550 2545.1
1239560 2545.1
1239570 2546.0
1239580 2544.0
1239590 2544.0
1239600 2540.5
1239610 2536.7
1239620 2536.7
1239630 2532.8
1239640 2530.5
1239650 2528.5
1239660 2528.5
1239670 2526.7
1239680 2524.9
1239690 2524.9
1239700 2523.2
1239710 2520.9
1239720 2520.9
1239730 2519.1
1239740 2517.1
1239750 2520.3
1239760 2520.0
1239770 2519.5
1239780 2519.5
1239790 2520.0
1239800 2522.4
1239810 2522.4
1239820 2525.4
1239830 2528.3
1239840 2530.1
1239850 2530.1
1239860 2530.8
1239870 2533.4
1239880 2533.4
1239890 2534.4
1239900 2533.7
1239910 2533.7
1239920 2533.2
1239930 2533.7
1239940 2533.7
1239950 2534.4
1239960 2534.1
1239970 2534.1
1239980 2533.4
1239990 2533.2
