1220000 2590.8
1220010 2587.3
1220020 2587.3
1220030 2585.0
1220040 2583.3
1220050 2582.1
1220060 2582.1
1220070 2579.8
1220080 2576.9
1220090 2576.9
1220100 2574.9
1220110 2573.9
1220120 2573.9
1220130 2572.4
1220140 2569.7
1220150 2569.7
1220160 2566.1
1220170 2562.6
1220180 2562.6
1220190 2559.5
1220200 2556.5
1220210 2556.5
1220220 2553.3
1220230 2551.8
1220240 2551.8
1220250 2548.2
1220260 2545.0
1220270 2542.8
1220280 2542.8
1220290 2541.1
1220300 2538.8
1220310 2538.8
1220320 2536.7
1220330 2534.7
1220340 2534.7
1220350 2532.4
1220360 2530.6
1220370 2530.6
1220380 2528.9
1220390 2526.7
1220400 2526.7
1220410 2523.7
1220420 2521.5
1220430 2521.5
1220440 2521.5
1220450 2522.1
1220460 2522.0
1220470 2522.0
1220480 2520.3
1220490 2517.7
1220500 2517.7
1220510 2515.1
1220520 2512.8
1220530 2512.8
1220540 2510.4
1220550 2508.1
1220560 2508.1
1220570 2506.1
1220580 2503.7
1220590 2503.7
1220600 2500.8
1220610 2497.6
1220620 2497.6
1220630 2494.3
1220640 2491.1
1220650 2491.1
1220660 2488.2
1220670 2485.1
1220680 2481.7
1220690 2481.7
1220700 2478.0
1220710 2473.2
1220720 2473.2
1220730 2468.9
1220740 2464.7
1220750 2464.7
1220760 2460.4
1220770 2456.8
1220780 2456.8
1220790 2453.6
1220800 2451.3
1220810 2451.3
1220820 2449.3
1220830 2447.3
1220840 2447.3
1220850 2445.7
1220860 2444.0
1220870 2442.0
1220880 2442.0
1220890 2439.5
1220900 2436.9
1220910 2436.9
1220920 2434.4
1220930 2432.2
1220940 2432.2
1220950 2430.5
1220960 2428.4
1220970 2428.4
1220980 2426.6
1220990 2425.0
1221000 2425.0
1221010 2423.3
1221020 2421.3
1221030 2421.3
1221040 2418.3
1221050 2414.6
1221060 2410.0
1221070 2410.0
1221080 2405.0
1221090 2401.9
1221100 2401.9
1221110 2399.8
1221120 2397.1
1221130 2397.1
1221140 2392.3
1221150 2388.6
1221160 2388.6
1221170 2385.8
1221180 2383.2
1221190 2382.7
1221200 2380.3
1221210 2377.1
1221220 2377.1
1221230 2374.0
1221240 2370.7
1221250 2370.7
1221260 2367.9
1221270 2365.3
1221280 2362.8
1221290 2362.8
1221300 2360.3
1221310 2358.8
1221320 2358.8
1221330 2357.8
1221340 2357.2
1221350 2357.2
1221360 2357.2
1221370 2355.6
1221380 2355.6
1221390 2353.5
1221400 2352.4
1221410 2352.4
1221420 2350.2
1221430 2347.4
1221440 2347.4
1221450 2345.4
1221460 2344.0
1221470 2342.9
1221480 2342.9
1221490 2341.2
1221500 2337.1
1221510 2337.1
1221520 2335.1
1221530 2334.7
1221540 2334.7
1221550 2332.7
1221560 2329.7
1221570 2329.7
1221580 2326.5
1221590 2323.6
1221600 2323.6
1221610 2320.6
1221620 2317.6
1221630 2317.6
1221640 2314.7
1221650 2312.2
1221660 2312.2
1221670 2308.9
1221680 2307.0
1221690 2304.7
1221700 2304.7
1221710 2301.9
1221720 2298.9
1221730 2298.9
1221740 2295.7
1221750 2293.3
1221760 2293.3
1221770 2290.3
1221780 2286.5
1221790 2286.5
1221800 2282.2
1221810 2277.5
1221820 2277.5
1221830 2273.3
1221840 2269.0
1221850 2269.0
1221860 2264.7
1221870 2260.0
1221880 2255.0
1221890 2255.0
1221900 2250.8
1221910 2246.6
1221920 2246.6
1221930 2242.4
1221940 2237.1
1221950 2237.1
1221960 2231.5
1221970 2225.2
1221980 2225.2
1221990 2219.1
1222000 2215.0
1222010 2215.0
1222020 2212.1
1222030 2209.8
1222040 2209.8
1222050 2206.6
1222060 2201.8
1222070 2201.8
1222080 2197.8
1222090 2193.9
1222100 2190.1
1222110 2190.1
1222120 2185.8
1222130 2181.9
1222140 2181.9
1222150 2176.0
1222160 2171.0
1222170 2171.0
1222180 2166.8
1222190 2164.2
1222200 2164.2
1222210 2162.0
1222220 2159.8
1222230 2159.8
1222240 2156.8
1222250 2153.7
1222260 2153.7
1222270 2150.2
1222280 2145.9
1222290 2142.5
1222300 2142.5
1222310 2139.8
1222320 2137.6
1222330 2137.6
1222340 2135.3
1222350 2133.2
1222360 2133.2
1222370 2131.2
1222380 2128.7
1222390 2128.7
1222400 2124.7
1222410 2120.0
1222420 2120.0
1222430 2116.0
1222440 2112.1
1222450 2112.1
1222460 2107.5
1222470 2102.8
1222480 2098.3
1222490 2098.3
1222500 2093.9
1222510 2089.9
1222520 2089.9
1222530 2086.1
1222540 2081.3
1222550 2081.3
1222560 2075.4
1222570 2069.4
1222580 2069.4
1222590 2063.9
1222600 2060.2
1222610 2060.2
1222620 2057.3
1222630 2050.0
1222640 2050.0
1222650 2044.5
1222660 2038.2
1222670 2038.2
1222680 2031.7
1222690 2025.1
1222700 2019.7
1222710 2019.7
1222720 2017.2
1222730 2015.8
1222740 2015.8
1222750 2012.1
1222760 2006.5
1222770 2006.5
1222780 2001.3
1222790 1998.0
1222800 1998.0
1222810 1996.9
1222820 1997.0
1222830 1997.0
1222840 1994.4
1222850 1989.1
1222860 1989.1
1222870 1984.7
1222880 1982.7
1222890 1978.9
1222900 1978.9
1222910 1976.3
1222920 1974.2
1222930 1974.2
1222940 1971.6
1222950 1966.7
1222960 1966.7
1222970 1960.6
1222980 1954.1
1222990 1954.1
1223000 1949.1
1223010 1944.9
1223020 1944.9
1223030 1940.0
1223040 1933.1
1223050 1933.1
1223060 1924.0
1223070 1916.0
1223080 1916.0
1223090 1911.5
1223100 1910.3
1223110 1898.6
1223120 1898.6
1223130 1894.8
1223140 1892.3
1223150 1892.3
1223160 1891.6
1223170 1887.7
1223180 1887.7
1223190 1881.0
1223200 1874.9
1223210 1874.9
1223220 1866.8
1223230 1860.1
1223240 1860.1
1223250 1854.4
1223260 1853.8
1223270 1853.8
1223280 1851.2
1223290 1845.1
1223300 1840.3
1223310 1840.3
1223320 1841.4
1223330 1844.4
1223340 1844.4
1223350 1842.8
1223360 1838.0
1223370 1838.0
1223380 1832.5
1223390 1826.8
1223400 1826.8
1223410 1821.0
1223420 1814.8
1223430 1814.8
1223440 1808.9
1223450 1804.3
1223460 1804.3
1223470 1800.5
1223480 1795.0
1223490 1795.0
1223500 1789.2
1223510 1784.8
1223520 1779.8
1223530 1779.8
1223540 1773.6
1223550 1763.8
1223560 1763.8
1223570 1754.7
1223580 1748.3
1223590 1748.3
1223600 1738.0
1223610 1732.9
1223620 1732.9
1223630 1728.8
1223640 1724.0
1223650 1724.0
1223660 1718.6
1223670 1713.0
1223680 1713.0
1223690 1707.2
1223700 1702.2
1223710 1699.1
1223720 1699.1
1223730 1695.0
1223740 1690.9
1223750 1690.9
1223760 1687.7
1223770 1684.2
1223780 1684.2
1223790 1680.5
1223800 1677.3
1223810 1677.3
1223820 1674.6
1223830 1671.4
1223840 1671.4
1223850 1668.1
1223860 1664.7
1223870 1664.7
1223880 1661.3
1223890 1658.4
1223900 1655.2
1223910 1655.2
1223920 1651.9
1223930 1648.3
1223940 1648.3
1223950 1643.8
1223960 1639.7
1223970 1639.7
1223980 1635.2
1223990 1628.8
1224000 1628.8
1224010 1622.9
1224020 1617.2
1224030 1617.2
1224040 1610.7
1224050 1606.2
1224060 1606.2
1224070 1603.9
1224080 1600.4
1224090 1600.4
1224100 1596.9
1224110 1595.2
1224120 1594.6
1224130 1594.6
1224140 1594.9
1224150 1593.2
1224160 1593.2
1224170 1589.1
1224180 1583.7
1224190 1583.7
1224200 1577.1
1224210 1574.2
1224220 1574.2
1224230 1574.6
1224240 1573.2
1224250 1573.2
1224260 1572.6
1224270 1569.7
1224280 1569.7
1224290 1565.9
1224300 1562.5
1224310 1559.9
1224320 1559.9
1224330 1557.8
1224340 1557.6
1224350 1557.6
1224360 1558.3
1224370 1556.6
1224380 1556.6
1224390 1553.5
1224400 1550.1
1224410 1550.1
1224420 1547.0
1224430 1545.4
1224440 1545.4
1224450 1544.7
1224460 1542.1
1224470 1542.1
1224480 1537.8
1224490 1533.4
1224500 1533.4
1224510 1529.3
1224520 1525.9
1224530 1522.1
1224540 1522.1
1224550 1518.7
1224560 1514.3
1224570 1514.0
1224580 1509.6
1224590 1506.0
1224600 1506.0
1224610 1502.6
1224620 1499.6
1224630 1499.6
1224640 1497.2
1224650 1493.9
1224660 1493.9
1224670 1489.6
1224680 1486.0
1224690 1486.0
1224700 1483.4
1224710 1480.7
1224720 1478.1
1224730 1478.1
1224740 1475.0
1224750 1471.8
1224760 1471.8
1224770 1469.3
1224780 1467.0
1224790 1467.0
1224800 1465.0
1224810 1463.1
1224820 1463.1
1224830 1461.2
1224840 1459.3
1224850 1459.3
1224860 1458.4
1224870 1457.1
1224880 1457.1
1224890 1454.9
1224900 1452.8
1224910 1452.8
1224920 1451.1
1224930 1450.4
1224940 1449.0
1224950 1449.0
1224960 1450.9
1224970 1453.3
1224980 1453.3
1224990 1453.5
1225000 1449.8
1225010 1449.8
1225020 1447.7
1225030 1444.5
1225040 1444.5
1225050 1441.4
1225060 1437.6
1225070 1437.6
1225080 1433.6
1225090 1428.4
1225100 1428.4
1225110 1423.7
1225120 1419.9
1225130 1418.2
1225140 1418.2
1225150 1415.6
1225160 1412.5
1225170 1412.5
1225180 1409.5
1225190 1402.6
1225200 1402.6
1225210 1395.0
1225220 1389.1
1225230 1389.1
1225240 1384.8
1225250 1380.5
1225260 1380.5
1225270 1376.2
1225280 1372.8
1225290 1372.8
1225300 1369.2
1225310 1368.6
1225320 1367.0
1225330 1367.0
1225340 1362.2
1225350 1356.1
1225360 1356.1
1225370 1351.1
1225380 1350.2
1225390 1350.2
1225400 1350.6
1225410 1350.9
1225420 1350.9
1225430 1350.9
1225440 1350.9
1225450 1350.9
1225460 1350.8
1225470 1350.4
1225480 1350.4
1225490 1348.6
1225500 1348.2
1225510 1348.2
1225520 1348.4
1225530 1350.0
1225540 1350.3
1225550 1350.3
1225560 1349.8
1225570 1349.6
1225580 1349.6
1225590 1349.7
1225600 1349.5
1225610 1349.5
1225620 1349.4
1225630 1349.4
1225640 1349.4
1225650 1349.9
1225660 1351.8
1225670 1351.8
1225680 1353.2
1225690 1354.7
1225700 1354.7
1225710 1358.7
1225720 1360.9
1225730 1361.3
1225740 1361.3
1225750 1361.4
1225760 1363.6
1225770 1363.6
1225780 1369.6
1225790 1372.8
1225800 1372.8
1225810 1378.0
1225820 1381.7
1225830 1381.7
1225840 1385.0
1225850 1390.3
1225860 1390.3
1225870 1397.0
1225880 1403.1
1225890 1403.1
1225900 1408.5
1225910 1417.5
1225920 1417.5
1225930 1430.1
1225940 1432.6
1225950 1436.7
1225960 1436.7
1225970 1441.1
1225980 1444.9
1225990 1444.9
1226000 1449.7
1226010 1454.8
1226020 1454.8
1226030 1461.2
1226040 1467.0
1226050 1467.0
1226060 1472.6
1226070 1478.5
1226080 1478.5
1226090 1484.5
1226100 1490.8
1226110 1490.8
1226120 1497.7
1226130 1504.6
1226140 1511.1
1226150 1511.1
1226160 1518.5
1226170 1526.5
1226180 1526.5
1226190 1534.4
1226200 1542.3
1226210 1542.3
1226220 1549.7
1226230 1556.7
1226240 1556.7
1226250 1563.7
1226260 1570.9
1226270 1570.9
1226280 1578.7
1226290 1586.2
1226300 1586.2
1226310 1593.4
1226320 1601.0
1226330 1608.7
1226340 1608.7
1226350 1615.8
1226360 1622.6
1226370 1622.6
1226380 1629.5
1226390 1639.6
1226400 1639.6
1226410 1652.8
1226420 1663.1
1226430 1663.1
1226440 1671.7
1226450 1679.4
1226460 1679.4
1226470 1688.5
1226480 1699.1
1226490 1699.1
1226500 1705.3
1226510 1707.7
1226520 1707.3
1226530 1709.2
1226540 1711.1
1226550 1712.8
1226560 1712.8
1226570 1715.4
1226580 1719.5
1226590 1719.5
1226600 1723.9
1226610 1728.3
1226620 1728.3
1226630 1733.5
1226640 1741.0
1226650 1741.0
1226660 1753.7
1226670 1763.9
1226680 1763.9
1226690 1770.2
1226700 1775.2
1226710 1775.2
1226720 1781.3
1226730 1794.0
1226740 1798.9
1226750 1798.9
1226760 1802.5
1226770 1807.7
1226780 1807.7
1226790 1811.8
1226800 1812.2
1226810 1812.2
1226820 1814.0
1226830 1818.1
1226840 1818.1
1226850 1823.8
1226860 1828.2
1226870 1828.2
1226880 1830.2
1226890 1832.5
1226900 1832.5
1226910 1833.4
1226920 1835.0
1226930 1835.0
1226940 1841.6
1226950 1845.2
1226960 1845.1
1226970 1845.1
1226980 1844.2
1226990 1844.4
1227000 1844.4
1227010 1846.8
1227020 1850.9
1227030 1850.9
1227040 1853.7
1227050 1856.5
1227060 1856.5
1227070 1858.7
1227080 1861.2
1227090 1861.2
1227100 1863.4
1227110 1866.9
1227120 1866.9
1227130 1872.4
1227140 1874.3
1227150 1876.0
1227160 1876.0
1227170 1878.6
1227180 1881.3
1227190 1881.3
1227200 1884.0
1227210 1888.4
1227220 1888.4
1227230 1894.2
1227240 1897.9
1227250 1897.9
1227260 1900.7
1227270 1904.2
1227280 1904.2
1227290 1907.6
1227300 1913.5
1227310 1913.5
1227320 1920.7
1227330 1927.1
1227340 1934.6
1227350 1934.6
1227360 1942.2
1227370 1946.7
1227380 1946.7
1227390 1952.0
1227400 1957.3
1227410 1957.3
1227420 1962.2
1227430 1964.5
1227440 1964.5
1227450 1966.7
1227460 1969.8
1227470 1969.8
1227480 1973.3
1227490 1976.7
1227500 1976.7
1227510 1980.9
1227520 1986.1
1227530 1986.1
1227540 1990.5
1227550 1994.6
1227560 1998.2
1227570 1998.2
1227580 2002.2
1227590 2007.4
1227600 2007.4
1227610 2012.3
1227620 2016.9
1227630 2016.9
1227640 2021.4
1227650 2026.9
1227660 2026.9
1227670 2032.7
1227680 2037.5
1227690 2037.5
1227700 2041.6
1227710 2046.0
1227720 2046.0
1227730 2049.7
1227740 2053.8
1227750 2058.3
1227760 2058.3
1227770 2063.4
1227780 2068.1
1227790 2068.1
1227800 2072.3
1227810 2078.2
1227820 2078.2
1227830 2083.2
1227840 2087.7
1227850 2087.7
1227860 2091.9
1227870 2095.8
1227880 2095.8
1227890 2099.4
1227900 2102.1
1227910 2102.1
1227920 2105.3
1227930 2108.6
1227940 2108.6
1227950 2111.5
1227960 2115.1
1227970 2118.8
1227980 2118.8
1227990 2122.4
1228000 2124.4
1228010 2124.4
1228020 2128.7
1228030 2132.3
1228040 2132.3
1228050 2135.3
1228060 2138.5
1228070 2138.5
1228080 2142.0
1228090 2146.6
1228100 2146.6
1228110 2151.3
1228120 2155.8
1228130 2155.8
1228140 2159.0
1228150 2162.9
1228160 2167.1
1228170 2167.1
1228180 2170.6
1228190 2173.7
1228200 2173.7
1228210 2176.9
1228220 2179.9
1228230 2179.9
1228240 2182.6
1228250 2185.8
1228260 2185.8
1228270 2189.0
1228280 2193.0
1228290 2193.0
1228300 2198.4
1228310 2202.6
1228320 2202.6
1228330 2206.5
1228340 2210.0
1228350 2210.0
1228360 2213.6
1228370 2217.5
1228380 2221.7
1228390 2221.7
1228400 2225.2
1228410 2228.3
1228420 2228.3
1228430 2232.0
1228440 2236.0
1228450 2236.0
1228460 2239.2
1228470 2242.9
1228480 2242.9
1228490 2243.2
1228500 2246.8
1228510 2246.8
1228520 2248.7
1228530 2250.7
1228540 2250.7
1228550 2254.2
1228560 2257.8
1228570 2260.3
1228580 2260.3
1228590 2262.4
1228600 2263.9
1228610 2263.9
1228620 2266.1
1228630 2267.9
1228640 2267.9
1228650 2269.6
1228660 2271.6
1228670 2271.6
1228680 2273.3
1228690 2275.0
1228700 2275.0
1228710 2276.8
1228720 2278.8
1228730 2278.8
1228740 2280.7
1228750 2283.4
1228760 2285.1
1228770 2285.1
1228780 2287.0
1228790 2288.5
1228800 2288.5
1228810 2289.7
1228820 2291.4
1228830 2291.4
1228840 2293.4
1228850 2295.0
1228860 2295.0
1228870 2296.5
1228880 2298.3
1228890 2298.3
1228900 2299.7
1228910 2301.2
1228920 2301.2
1228930 2303.2
1228940 2304.0
1228950 2304.0
1228960 2304.7
1228970 2305.4
1228980 2306.4
1228990 2304.7
1229000 2306.4
1229010 2308.4
1229020 2308.4
1229030 2309.7
1229040 2310.2
1229050 2310.2
1229060 2310.5
1229070 2310.7
1229080 2310.7
1229090 2311.3
1229100 2311.4
1229110 2311.4
1229120 2311.6
1229130 2312.1
1229140 2312.1
1229150 2313.2
1229160 2314.1
1229170 2312.8
1229180 2312.8
1229190 2311.5
1229200 2310.9
1229210 2310.9
1229220 2310.8
1229230 2310.7
1229240 2310.7
1229250 2310.3
1229260 2309.2
1229270 2309.2
1229280 2308.3
1229290 2307.0
1229300 2307.0
1229310 2305.6
1229320 2303.9
1229330 2303.9
1229340 2302.0
1229350 2299.9
1229360 2299.9
1229370 2297.8
1229380 2295.9
1229390 2294.1
1229400 2294.1
1229410 2292.1
1229420 2290.1
1229430 2290.1
1229440 2288.4
1229450 2286.6
1229460 2286.6
1229470 2284.8
1229480 2280.5
1229490 2280.5
1229500 2279.0
1229510 2277.3
1229520 2277.3
1229530 2275.3
1229540 2272.6
1229550 2272.6
1229560 2269.0
1229570 2264.4
1229580 2259.0
1229590 2259.0
1229600 2253.0
1229610 2246.6
1229620 2246.6
1229630 2239.7
1229640 2232.5
1229650 2232.5
1229660 2225.2
1229670 2217.6
1229680 2217.6
1229690 2210.3
1229700 2203.1
1229710 2203.1
1229720 2194.9
1229730 2187.6
1229740 2187.6
1229750 2184.5
1229760 2188.7
1229770 2195.6
1229780 2195.6
1229790 2204.0
1229800 2211.0
1229810 2211.0
1229820 2218.3
1229830 2228.2
1229840 2228.2
1229850 2236.1
1229860 2242.6
1229870 2242.6
1229880 2250.0
1229890 2256.9
1229900 2256.9
1229910 2261.6
1229920 2264.9
1229930 2264.9
1229940 2266.0
1229950 2266.9
1229960 2266.9
1229970 2268.2
1229980 2264.8
1229990 2265.9
1230000 2265.9
1230010 2267.2
1230020 2268.9
1230030 2268.9
1230040 2270.3
1230050 2271.1
1230060 2271.1
1230070 2272.1
1230080 2273.6
1230090 2273.6
1230100 2275.2
1230110 2277.1
1230120 2277.1
1230130 2278.3
1230140 2279.3
1230150 2279.3
1230160 2280.6
1230170 2282.2
1230180 2285.6
1230190 2285.6
1230200 2288.7
1230210 2290.9
1230220 2290.9
1230230 2292.5
1230240 2295.2
1230250 2295.2
1230260 2296.4
1230270 2296.2
1230280 2296.2
1230290 2299.1
1230300 2301.2
1230310 2301.2
1230320 2303.0
1230330 2306.2
1230340 2306.2
1230350 2308.7
1230360 2311.4
1230370 2311.4
1230380 2313.6
1230390 2315.0
1230400 2317.9
1230410 2317.9
1230420 2320.9
1230430 2323.9
1230440 2323.9
1230450 2326.9
1230460 2329.9
1230470 2329.9
1230480 2328.9
1230490 2333.2
1230500 2333.2
1230510 2337.4
1230520 2341.6
1230530 2341.6
1230540 2345.1
1230550 2348.4
1230560 2348.4
1230570 2351.4
1230580 2353.9
1230590 2355.7
1230600 2355.7
1230610 2357.4
1230620 2359.7
1230630 2359.7
1230640 2364.3
1230650 2368.5
1230660 2368.5
1230670 2372.2
1230680 2376.4
1230690 2376.4
1230700 2379.1
1230710 2381.4
1230720 2381.4
1230730 2383.3
1230740 2385.2
1230750 2385.2
1230760 2387.6
1230770 2390.1
1230780 2392.6
1230790 2392.6
1230800 2395.0
1230810 2395.3
1230820 2395.3
1230830 2395.9
1230840 2396.2
1230850 2396.2
1230860 2395.8
1230870 2394.7
1230880 2394.7
1230890 2393.5
1230900 2392.8
1230910 2392.8
1230920 2391.5
1230930 2390.8
1230940 2390.8
1230950 2390.2
1230960 2390.0
1230970 2390.0
1230980 2384.1
1230990 2383.6
1231000 2383.4
1231010 2383.4
1231020 2384.3
1231030 2387.0
1231040 2387.0
1231050 2389.4
1231060 2391.4
1231070 2391.4
1231080 2391.7
1231090 2392.7
1231100 2392.7
1231110 2395.8
1231120 2398.4
1231130 2398.4
1231140 2400.0
1231150 2400.9
1231160 2400.9
1231170 2401.4
1231180 2400.0
1231190 2400.6
1231200 2400.6
1231210 2402.1
1231220 2402.1
1231230 2402.1
1231240 2405.3
1231250 2408.2
1231260 2408.2
1231270 2409.5
1231280 2407.7
1231290 2407.7
1231300 2409.0
1231310 2414.1
1231320 2414.1
1231330 2417.5
1231340 2416.0
1231350 2416.0
1231360 2414.1
1231370 2418.8
1231380 2418.8
1231390 2421.9
1231400 2423.9
1231410 2426.4
1231420 2426.4
1231430 2429.4
1231440 2433.7
1231450 2433.7
1231460 2438.0
1231470 2441.4
1231480 2434.6
1231490 2438.1
1231500 2441.6
1231510 2441.6
1231520 2444.5
1231530 2446.9
1231540 2446.9
1231550 2449.9
1231560 2453.6
1231570 2453.6
1231580 2457.3
1231590 2459.9
1231600 2462.3
1231610 2462.3
1231620 2464.6
1231630 2466.5
1231640 2466.5
1231650 2468.3
1231660 2470.6
1231670 2470.6
1231680 2472.7
1231690 2473.5
1231700 2473.5
1231710 2473.0
1231720 2471.3
1231730 2471.3
1231740 2468.4
1231750 2466.7
1231760 2466.7
1231770 2467.4
1231780 2471.4
1231790 2471.4
1231800 2476.0
1231810 2479.4
1231820 2481.6
1231830 2481.6
1231840 2481.6
1231850 2480.2
1231860 2480.2
1231870 2483.0
1231880 2487.6
1231890 2487.6
1231900 2491.5
1231910 2494.7
1231920 2494.7
1231930 2496.8
1231940 2497.5
1231950 2497.5
1231960 2498.4
1231970 2498.9
1231980 2493.4
1231990 2494.1
1232000 2495.1
1232010 2496.6
1232020 2496.6
1232030 2497.6
1232040 2497.8
1232050 2497.8
1232060 2499.6
1232070 2501.3
1232080 2501.3
1232090 2505.2
1232100 2510.2
1232110 2510.2
1232120 2515.9
1232130 2521.5
1232140 2521.5
1232150 2527.1
1232160 2532.6
1232170 2532.6
1232180 2537.3
1232190 2541.1
1232200 2541.3
1232210 2541.3
1232220 2538.3
1232230 2534.5
1232240 2534.5
1232250 2530.4
1232260 2527.5
1232270 2527.5
1232280 2526.4
1232290 2525.4
1232300 2525.4
1232310 2524.8
1232320 2525.2
1232330 2525.2
1232340 2526.1
1232350 2527.7
1232360 2527.7
1232370 2528.4
1232380 2529.2
1232390 2529.2
1232400 2529.6
1232410 2529.6
1232420 2530.1
1232430 2530.1
1232440 2531.1
1232450 2531.9
1232460 2531.9
1232470 2532.3
1232480 2528.0
1232490 2528.0
1232500 2527.3
1232510 2528.9
1232520 2528.9
1232530 2532.1
1232540 2536.8
1232550 2536.8
1232560 2542.3
1232570 2548.1
1232580 2548.1
1232590 2553.6
1232600 2558.9
1232610 2563.8
1232620 2563.8
1232630 2566.4
1232640 2567.8
1232650 2567.8
1232660 2569.1
1232670 2570.4
1232680 2570.4
1232690 2572.5
1232700 2575.6
1232710 2575.6
1232720 2578.1
1232730 2580.4
1232740 2580.4
1232750 2584.0
1232760 2588.8
1232770 2588.8
1232780 2591.6
1232790 2593.4
1232800 2593.4
1232810 2594.4
1232820 2595.0
1232830 2595.5
1232840 2595.5
1232850 2594.9
1232860 2590.9
1232870 2590.9
1232880 2586.9
1232890 2584.9
1232900 2584.9
1232910 2583.1
1232920 2582.6
1232930 2582.6
1232940 2582.9
1232950 2583.1
1232960 2583.1
1232970 2582.9
1232980 2575.0
1232990 2575.0
1233000 2574.3
1233010 2573.7
1233020 2573.8
1233030 2573.8
1233040 2574.3
1233050 2574.5
1233060 2574.5
1233070 2573.8
1233080 2572.7
1233090 2572.7
1233100 2573.8
1233110 2574.7
1233120 2574.7
1233130 2574.3
1233140 2574.0
1233150 2574.0
1233160 2573.2
1233170 2572.2
1233180 2572.2
1233190 2570.5
1233200 2568.8
1233210 2565.6
1233220 2565.6
1233230 2562.2
1233240 2559.6
1233250 2559.6
1233260 2558.7
1233270 2558.5
1233280 2558.5
1233290 2560.8
1233300 2562.3
1233310 2562.3
1233320 2562.3
1233330 2561.9
1233340 2561.9
1233350 2563.4
1233360 2564.0
1233370 2564.0
1233380 2562.9
1233390 2559.0
1233400 2559.0
1233410 2555.5
1233420 2554.1
1233430 2554.3
1233440 2554.3
1233450 2554.3
1233460 2553.4
1233470 2553.4
1233480 2545.2
1233490 2544.0
1233500 2544.0
1233510 2543.4
1233520 2544.0
1233530 2544.0
1233540 2544.7
1233550 2544.9
1233560 2544.9
1233570 2545.1
1233580 2545.7
1233590 2545.7
1233600 2546.3
1233610 2547.2
1233620 2547.9
1233630 2547.9
1233640 2547.7
1233650 2548.1
1233660 2548.1
1233670 2548.1
1233680 2547.8
1233690 2547.8
1233700 2547.0
1233710 2545.1
1233720 2545.1
1233730 2543.2
1233740 2541.3
1233750 2541.3
1233760 2539.3
1233770 2536.4
1233780 2536.4
1233790 2531.1
1233800 2527.3
1233810 2527.3
1233820 2524.4
1233830 2518.9
1233840 2509.4
1233850 2509.4
1233860 2498.2
1233870 2488.6
1233880 2488.6
1233890 2480.2
1233900 2470.0
1233910 2470.0
1233920 2460.9
1233930 2453.4
1233940 2453.4
1233950 2446.6
1233960 2439.6
1233970 2439.6
1233980 2433.1
1233990 2425.9
1234000 2425.9
1234010 2421.0
1234020 2417.9
1234030 2414.3
1234040 2414.3
1234050 2412.3
1234060 2410.3
1234070 2410.3
1234080 2406.6
1234090 2402.3
1234100 2402.3
1234110 2397.8
1234120 2394.6
1234130 2394.6
1234140 2393.1
1234150 2392.0
1234160 2392.0
1234170 2392.3
1234180 2392.8
1234190 2392.8
1234200 2392.6
1234210 2394.1
1234220 2394.1
1234230 2396.8
1234240 2399.2
1234250 2401.6
1234260 2401.6
1234270 2407.4
1234280 2417.8
1234290 2417.8
1234300 2427.1
1234310 2434.0
1234320 2434.0
1234330 2439.6
1234340 2440.5
1234350 2440.5
1234360 2441.5
1234370 2443.9
1234380 2443.9
1234390 2447.4
1234400 2452.6
1234410 2452.6
1234420 2455.4
1234430 2457.4
1234440 2457.8
1234450 2457.8
1234460 2460.2
1234470 2463.9
1234480 2463.9
1234490 2458.3
1234500 2459.2
1234510 2459.2
1234520 2461.1
1234530 2464.4
1234540 2464.4
1234550 2468.2
1234560 2470.2
1234570 2470.2
1234580 2467.2
1234590 2465.5
1234600 2465.5
1234610 2466.2
1234620 2469.2
1234630 2473.2
1234640 2473.2
1234650 2477.1
1234660 2481.4
1234670 2481.4
1234680 2486.5
1234690 2491.7
1234700 2491.7
1234710 2497.0
1234720 2501.9
1234730 2501.9
1234740 2505.5
1234750 2513.6
1234760 2513.6
1234770 2527.2
1234780 2538.8
1234790 2538.8
1234800 2550.7
1234810 2565.5
1234820 2565.5
1234830 2587.5
1234840 2603.2
1234850 2601.3
1234860 2601.3
1234870 2602.1
1234880 2603.2
1234890 2603.2
1234900 2606.5
1234910 2609.5
1234920 2609.5
1234930 2615.0
1234940 2622.7
1234950 2622.7
1234960 2628.9
1234970 2627.4
1234980 2627.4
1234990 2629.5
1235000 2625.7
1235010 2625.7
1235020 2624.8
1235030 2624.4
1235040 2623.1
1235050 2623.1
1235060 2623.3
1235070 2624.1
1235080 2624.1
1235090 2622.3
1235100 2618.1
1235110 2618.1
1235120 2613.5
1235130 2608.9
1235140 2608.9
1235150 2604.7
1235160 2601.8
1235170 2601.8
1235180 2599.7
1235190 2598.8
1235200 2598.8
1235210 2595.1
1235220 2590.5
1235230 2590.5
1235240 2584.0
1235250 2580.9
1235260 2584.5
1235270 2584.5
1235280 2591.5
1235290 2599.5
1235300 2599.5
1235310 2606.2
1235320 2609.8
1235330 2609.8
1235340 2613.5
1235350 2613.0
1235360 2613.0
1235370 2614.2
1235380 2617.1
1235390 2617.1
1235400 2620.7
1235410 2625.5
1235420 2625.5
1235430 2635.4
1235440 2646.4
1235450 2656.9
1235460 2656.9
1235470 2669.2
1235480 2678.8
1235490 2678.8
1235500 2687.8
1235510 2687.2
1235520 2687.2
1235530 2688.0
1235540 2687.1
1235550 2687.1
1235560 2686.2
1235570 2684.3
1235580 2684.3
1235590 2683.4
1235600 2687.4
1235610 2687.4
1235620 2696.9
1235630 2708.7
1235640 2717.1
1235650 2717.1
1235660 2723.0
1235670 2728.9
1235680 2728.9
1235690 2735.3
1235700 2741.4
1235710 2741.4
1235720 2747.0
1235730 2753.0
1235740 2753.0
1235750 2758.6
1235760 2768.9
1235770 2768.9
1235780 2782.2
1235790 2794.0
1235800 2794.0
1235810 2799.2
1235820 2797.1
1235830 2797.1
1235840 2795.5
1235850 2797.8
1235860 2800.6
1235870 2800.6
1235880 2805.4
1235890 2814.5
1235900 2814.5
1235910 2826.0
1235920 2833.7
1235930 2833.7
1235940 2841.0
1235950 2854.0
1235960 2854.0
1235970 2863.2
1235980 2870.3
1235990 2870.3
1236000 2878.5
1236010 2891.3
1236020 2891.3
1236030 2899.2
1236040 2911.5
1236050 2921.8
1236060 2921.8
1236070 2932.9
1236080 2942.4
1236090 2942.4
1236100 2951.4
1236110 2961.3
1236120 2961.3
1236130 2967.9
1236140 2974.3
1236150 2974.3
1236160 2979.1
1236170 2987.7
1236180 2987.7
1236190 3000.5
1236200 3008.8
1236210 3008.8
1236220 3016.9
1236230 3027.8
1236240 3027.8
1236250 3038.1
1236260 3046.9
1236270 3056.7
1236280 3056.7
1236290 3066.3
1236300 3074.1
1236310 3074.1
1236320 3074.9
1236330 3072.8
1236340 3072.8
1236350 3070.7
1236360 3070.5
1236370 3070.5
1236380 3077.8
1236390 3083.3
1236400 3083.3
1236410 3086.4
1236420 3085.5
1236430 3085.5
1236440 3084.6
1236450 3082.7
1236460 3081.6
1236470 3081.6
1236480 3084.9
1236490 3087.3
1236500 3087.3
1236510 3094.6
1236520 3098.7
1236530 3098.7
1236540 3106.0
1236550 3115.0
1236560 3115.0
1236570 3125.6
1236580 3136.9
1236590 3136.9
1236600 3148.8
1236610 3162.2
1236620 3162.2
1236630 3169.6
1236640 3161.3
1236650 3149.9
1236660 3149.9
1236670 3140.2
1236680 3131.2
1236690 3131.2
1236700 3118.8
1236710 3108.4
1236720 3108.4
1236730 3100.1
1236740 3092.3
1236750 3092.3
1236760 3080.8
1236770 3070.5
1236780 3070.5
1236790 3060.7
1236800 3045.6
1236810 3045.6
1236820 3030.7
1236830 3015.7
1236840 3015.7
1236850 3003.6
1236860 2994.6
1236870 2984.8
1236880 2984.8
1236890 2974.5
1236900 2965.2
1236910 2965.2
1236920 2956.4
1236930 2948.5
1236940 2948.5
1236950 2940.6
1236960 2933.3
1236970 2933.3
1236980 2926.4
1236990 2919.1
1237000 2919.1
1237010 2907.6
1237020 2893.6
1237030 2885.5
1237040 2882.8
1237050 2881.8
1237060 2884.9
1237070 2884.9
1237080 2887.9
1237090 2891.1
1237100 2891.1
1237110 2892.6
1237120 2895.1
1237130 2895.1
1237140 2895.5
1237150 2889.9
1237160 2889.9
1237170 2880.1
1237180 2877.6
1237190 2877.6
1237200 2886.9
1237210 2892.7
1237220 2892.7
1237230 2896.5
1237240 2899.7
1237250 2899.7
1237260 2899.6
1237270 2899.1
1237280 2904.7
1237290 2904.7
1237300 2909.8
1237310 2912.9
1237320 2912.9
1237330 2915.9
1237340 2918.3
1237350 2918.3
1237360 2920.9
1237370 2924.8
1237380 2924.8
1237390 2928.4
1237400 2931.7
1237410 2931.7
1237420 2934.6
1237430 2937.7
1237440 2937.7
1237450 2940.1
1237460 2944.6
1237470 2951.9
1237480 2951.9
1237490 2957.4
1237500 2960.3
1237510 2960.3
1237520 2961.1
1237530 2960.3
1237540 2960.3
1237550 2964.9
1237560 2967.6
1237570 2967.6
1237580 2964.1
1237590 2954.4
1237600 2954.4
1237610 2944.2
1237620 2936.1
1237630 2936.1
1237640 2927.0
1237650 2920.6
1237660 2915.1
1237670 2915.1
1237680 2908.8
1237690 2906.0
1237700 2906.0
1237710 2901.1
1237720 2896.9
1237730 2896.9
1237740 2894.7
1237750 2892.8
1237760 2892.8
1237770 2890.9
1237780 2889.2
1237790 2889.2
1237800 2886.6
1237810 2884.1
1237820 2884.1
1237830 2882.8
1237840 2878.4
1237850 2878.4
1237860 2875.1
1237870 2874.5
1237880 2876.5
1237890 2876.5
1237900 2875.2
1237910 2871.7
1237920 2871.7
1237930 2870.6
1237940 2872.2
1237950 2872.2
1237960 2874.1
1237970 2877.0
1237980 2877.0
1237990 2874.9
1238000 2868.8
1238010 2868.8
1238020 2858.4
1238030 2843.9
1238040 2843.9
1238050 2834.0
1238060 2823.8
1238070 2817.1
1238080 2817.1
1238090 2810.2
1238100 2803.5
1238110 2803.5
1238120 2796.8
1238130 2790.5
1238140 2790.5
1238150 2785.0
1238160 2779.5
1238170 2779.5
1238180 2772.9
1238190 2767.8
1238200 2767.8
1238210 2763.7
1238220 2760.8
1238230 2760.8
1238240 2758.5
1238250 2756.0
1238260 2756.0
1238270 2755.9
1238280 2755.7
1238290 2755.5
1238300 2755.5
1238310 2755.4
1238320 2755.4
1238330 2755.4
1238340 2756.9
1238350 2760.9
1238360 2760.9
1238370 2767.8
1238380 2774.1
1238390 2774.1
1238400 2779.4
1238410 2784.5
1238420 2784.5
1238430 2786.8
1238440 2786.0
1238450 2786.0
1238460 2786.0
1238470 2787.9
1238480 2792.9
1238490 2792.9
1238500 2797.6
1238510 2801.4
1238520 2801.4
1238530 2806.8
1238540 2813.7
1238550 2813.7
1238560 2821.1
1238570 2830.5
1238580 2830.5
1238590 2836.7
1238600 2839.8
1238610 2839.8
1238620 2841.4
1238630 2843.9
1238640 2843.9
1238650 2847.0
1238660 2850.1
1238670 2853.1
1238680 2853.1
1238690 2856.0
1238700 2858.5
1238710 2858.5
1238720 2860.4
1238730 2862.0
1238740 2862.0
1238750 2863.5
1238760 2865.2
1238770 2865.2
1238780 2867.1
1238790 2868.8
1238800 2868.8
1238810 2870.5
1238820 2871.9
1238830 2871.9
1238840 2874.1
1238850 2876.5
1238860 2876.5
1238870 2879.5
1238880 2882.3
1238890 2884.4
1238900 2884.4
1238910 2886.6
1238920 2888.6
1238930 2888.6
1238940 2891.2
1238950 2894.2
1238960 2894.2
1238970 2897.3
1238980 2900.4
1238990 2900.4
1239000 2903.3
1239010 2905.6
1239020 2905.6
1239030 2908.8
1239040 2914.0
1239050 2914.0
1239060 2919.8
1239070 2925.9
1239080 2932.3
1239090 2932.3
1239100 2940.9
1239110 2951.6
1239120 2951.6
1239130 2960.7
1239140 2968.3
1239150 2968.3
1239160 2975.0
1239170 2980.7
1239180 2980.7
1239190 2984.6
1239200 2989.4
1239210 2989.4
1239220 2994.6
1239230 3000.9
1239240 3000.9
1239250 3008.8
1239260 3017.5
1239270 3017.5
1239280 3027.0
1239290 3037.9
1239300 3048.1
1239310 3048.1
1239320 3057.0
1239330 3065.8
1239340 3065.8
1239350 3074.7
1239360 3083.1
1239370 3083.1
1239380 3087.7
1239390 3088.6
1239400 3088.6
1239410 3089.6
1239420 3090.2
1239430 3090.2
1239440 3085.8
1239450 3078.4
1239460 3078.4
1239470 3071.3
1239480 3067.1
1239490 3065.0
1239500 3065.0
1239510 3064.2
1239520 3063.5
1239530 3063.5
1239540 3061.0
1239550 3059.2
1239560 3059.2
1239570 3057.8
1239580 3055.7
1239590 3055.7
1239600 3050.8
1239610 3051.8
1239620 3051.8
1239630 3053.1
1239640 3054.5
1239650 3054.5
1239660 3056.1
1239670 3057.7
1239680 3059.3
1239690 3059.3
1239700 3060.6
1239710 3062.3
1239720 3062.3
1239730 3064.1
1239740 3065.6
1239750 3065.6
1239760 3067.3
1239770 3069.0
1239780 3069.0
1239790 3070.5
1239800 3072.2
1239810 3072.2
1239820 3074.1
1239830 3076.0
1239840 3076.0
1239850 3077.8
1239860 3080.0
1239870 3080.0
1239880 3082.2
1239890 3084.4
1239900 3086.5
1239910 3086.5
1239920 3088.6
1239930 3090.7
1239940 3090.7
1239950 3093.1
1239960 3095.6
1239970 3095.6
1239980 3098.1
1239990 3100.8
