1220000 2547.9
1220010 2547.9
1220020 2542.8
1220030 2537.7
1220040 2537.7
1220050 2534.0
1220060 2531.1
1220070 2531.1
1220080 2528.5
1220090 2526.5
1220100 2525.1
1220110 2525.1
1220120 2524.6
1220130 2523.9
1220140 2523.9
1220150 2523.6
1220160 2523.7
1220170 2523.7
1220180 2523.7
1220190 2523.4
1220200 2523.4
1220210 2522.6
1220220 2521.9
1220230 2521.9
1220240 2521.7
1220250 2521.4
1220260 2521.4
1220270 2520.2
1220280 2518.8
1220290 2518.8
1220300 2517.4
1220310 2516.4
1220320 2514.9
1220330 2514.9
1220340 2513.2
1220350 2510.4
1220360 2510.4
1220370 2507.2
1220380 2504.3
1220390 2504.3
1220400 2501.6
1220410 2499.7
1220420 2499.7
1220430 2499.2
1220440 2497.2
1220450 2497.2
1220460 2495.4
1220470 2494.2
1220480 2494.2
1220490 2493.6
1220500 2493.1
1220510 2490.8
1220520 2490.8
1220530 2486.7
1220540 2483.6
1220550 2483.6
1220560 2481.5
1220570 2479.5
1220580 2479.5
1220590 2478.4
1220600 2477.6
1220610 2477.6
1220620 2475.4
1220630 2471.6
1220640 2471.6
1220650 2468.2
1220660 2465.8
1220670 2465.8
1220680 2464.2
1220690 2461.6
1220700 2461.6
1220710 2459.9
1220720 2458.7
1220730 2456.4
1220740 2456.4
1220750 2454.1
1220760 2452.5
1220770 2452.5
1220780 2450.6
1220790 2447.9
1220800 2447.9
1220810 2444.1
1220820 2441.1
1220830 2441.1
1220840 2438.3
1220850 2436.2
1220860 2436.2
1220870 2433.9
1220880 2431.0
1220890 2431.0
1220900 2427.6
1220910 2426.2
1220920 2423.0
1220930 2423.0
1220940 2419.7
1220950 2416.6
1220960 2416.6
1220970 2413.5
1220980 2410.4
1220990 2410.4
1221000 2407.1
1221010 2403.7
1221020 2403.7
1221030 2400.6
1221040 2397.9
1221050 2397.9
1221060 2395.0
1221070 2392.2
1221080 2392.2
1221090 2390.0
1221100 2387.2
1221110 2387.2
1221120 2383.7
1221130 2380.0
1221140 2376.2
1221150 2376.2
1221160 2372.2
1221170 2368.1
1221180 2368.1
1221190 2364.4
1221200 2360.9
1221210 2360.9
1221220 2357.6
1221230 2354.5
1221240 2354.5
1221250 2351.4
1221260 2349.0
1221270 2349.0
1221280 2346.1
1221290 2342.6
1221300 2342.6
1221310 2339.0
1221320 2336.5
1221330 2334.5
1221340 2334.5
1221350 2332.8
1221360 2331.3
1221370 2331.3
1221380 2330.1
1221390 2327.5
1221400 2327.5
1221410 2325.5
1221420 2323.1
1221430 2323.1
1221440 2320.3
1221450 2316.7
1221460 2316.7
1221470 2312.9
1221480 2309.1
1221490 2309.1
1221500 2305.4
1221510 2301.8
1221520 2301.8
1221530 2298.6
1221540 2296.2
1221550 2294.1
1221560 2294.1
1221570 2292.2
1221580 2290.5
1221590 2290.5
1221600 2288.4
1221610 2286.5
1221620 2286.5
1221630 2284.8
1221640 2283.2
1221650 2283.2
1221660 2282.0
1221670 2281.2
1221680 2281.2
1221690 2280.7
1221700 2281.1
1221710 2281.1
1221720 2281.0
1221730 2280.2
1221740 2279.1
1221750 2279.1
1221760 2278.1
1221770 2277.6
1221780 2277.6
1221790 2277.4
1221800 2277.4
1221810 2277.4
1221820 2277.0
1221830 2276.1
1221840 2276.1
1221850 2274.9
1221860 2273.2
1221870 2273.2
1221880 2271.8
1221890 2269.6
1221900 2269.6
1221910 2262.0
1221920 2255.4
1221930 2255.4
1221940 2248.8
1221950 2242.3
1221960 2235.6
1221970 2235.6
1221980 2228.9
1221990 2224.4
1222000 2224.4
1222010 2221.1
1222020 2217.3
1222030 2217.3
1222040 2212.5
1222050 2208.0
1222060 2208.0
1222070 2202.0
1222080 2195.0
1222090 2195.0
1222100 2188.8
1222110 2183.4
1222120 2183.4
1222130 2177.5
1222140 2171.8
1222150 2165.4
1222160 2165.4
1222170 2158.9
1222180 2153.5
1222190 2153.5
1222200 2148.1
1222210 2142.9
1222220 2142.9
1222230 2136.9
1222240 2132.3
1222250 2132.3
1222260 2129.3
1222270 2125.8
1222280 2125.8
1222290 2122.3
1222300 2119.0
1222310 2119.0
1222320 2115.0
1222330 2110.8
1222340 2106.9
1222350 2106.9
1222360 2099.1
1222370 2095.5
1222380 2095.5
1222390 2093.7
1222400 2090.3
1222410 2090.3
1222420 2086.9
1222430 2083.8
1222440 2083.8
1222450 2081.3
1222460 2079.8
1222470 2079.8
1222480 2077.8
1222490 2075.5
1222500 2075.5
1222510 2072.5
1222520 2069.7
1222530 2069.7
1222540 2067.1
1222550 2063.4
1222560 2060.7
1222570 2060.7
1222580 2057.8
1222590 2054.0
1222600 2054.0
1222610 2052.1
1222620 2052.3
1222630 2052.3
1222640 2052.9
1222650 2050.9
1222660 2050.9
1222670 2047.3
1222680 2045.5
1222690 2045.5
1222700 2046.0
1222710 2045.4
1222720 2045.4
1222730 2045.0
1222740 2046.3
1222750 2044.6
1222760 2044.6
1222770 2046.2
1222780 2049.8
1222790 2049.8
1222800 2051.3
1222810 2050.8
1222820 2050.8
1222830 2049.0
1222840 2043.4
1222850 2043.4
1222860 2040.9
1222870 2039.3
1222880 2039.3
1222890 2037.7
1222900 2035.3
1222910 2035.3
1222920 2032.4
1222930 2028.7
1222940 2028.7
1222950 2024.4
1222960 2020.1
1222970 2015.8
1222980 2015.8
1222990 2011.8
1223000 2007.4
1223010 2007.4
1223020 2002.6
1223030 1998.4
1223040 1998.4
1223050 1994.2
1223060 1990.4
1223070 1990.4
1223080 1987.1
1223090 1983.6
1223100 1983.6
1223110 1980.8
1223120 1977.3
1223130 1977.3
1223140 1974.4
1223150 1971.3
1223160 1968.3
1223170 1968.3
1223180 1965.5
1223190 1962.4
1223200 1962.4
1223210 1959.3
1223220 1956.1
1223230 1956.1
1223240 1952.9
1223250 1951.2
1223260 1951.2
1223270 1950.3
1223280 1948.2
1223290 1948.2
1223300 1945.9
1223310 1942.9
1223320 1940.7
1223330 1936.6
1223340 1933.1
1223350 1933.1
1223360 1932.0
1223370 1931.9
1223380 1929.3
1223390 1929.3
1223400 1921.2
1223410 1917.3
1223420 1917.3
1223430 1914.7
1223440 1913.5
1223450 1913.5
1223460 1910.8
1223470 1909.0
1223480 1909.0
1223490 1904.0
1223500 1898.6
1223510 1898.6
1223520 1896.2
1223530 1894.2
1223540 1894.2
1223550 1892.2
1223560 1892.6
1223570 1894.1
1223580 1894.1
1223590 1892.4
1223600 1887.2
1223610 1887.2
1223620 1881.2
1223630 1875.1
1223640 1875.1
1223650 1871.1
1223660 1866.9
1223670 1866.9
1223680 1863.4
1223690 1859.8
1223700 1859.8
1223710 1854.4
1223720 1849.6
1223730 1849.6
1223740 1848.1
1223750 1843.1
1223760 1843.1
1223770 1836.8
1223780 1831.8
1223790 1826.6
1223800 1826.6
1223810 1821.0
1223820 1814.5
1223830 1814.5
1223840 1808.9
1223850 1803.2
1223860 1803.2
1223870 1796.8
1223880 1793.4
1223890 1793.4
1223900 1789.3
1223910 1783.1
1223920 1783.1
1223930 1779.2
1223940 1777.7
1223950 1777.7
1223960 1772.4
1223970 1765.6
1223980 1759.3
1223990 1759.3
1224000 1752.5
1224010 1748.3
1224020 1748.3
1224030 1746.3
1224040 1742.0
1224050 1742.0
1224060 1738.2
1224070 1735.0
1224080 1735.0
1224090 1729.7
1224100 1724.7
1224110 1724.7
1224120 1720.4
1224130 1715.6
1224140 1715.6
1224150 1710.7
1224160 1703.4
1224170 1703.4
1224180 1697.0
1224190 1693.7
1224200 1689.9
1224210 1689.9
1224220 1685.2
1224230 1681.2
1224240 1681.2
1224250 1679.1
1224260 1674.9
1224270 1674.9
1224280 1668.7
1224290 1664.5
1224300 1664.4
1224310 1660.5
1224320 1656.2
1224330 1656.2
1224340 1651.2
1224350 1647.9
1224360 1647.9
1224370 1645.9
1224380 1642.1
1224390 1636.0
1224400 1636.0
1224410 1630.5
1224420 1624.9
1224430 1624.9
1224440 1618.3
1224450 1612.6
1224460 1612.6
1224470 1606.9
1224480 1598.7
1224490 1598.7
1224500 1594.7
1224510 1591.1
1224520 1591.1
1224530 1584.1
1224540 1577.8
1224550 1577.8
1224560 1571.2
1224570 1565.3
1224580 1565.3
1224590 1561.1
1224600 1557.6
1224610 1553.2
1224620 1553.2
1224630 1549.5
1224640 1546.5
1224650 1546.5
1224660 1544.3
1224670 1542.7
1224680 1542.7
1224690 1541.5
1224700 1539.8
1224710 1539.8
1224720 1537.0
1224730 1532.7
1224740 1532.7
1224750 1529.2
1224760 1527.2
1224770 1527.2
1224780 1526.9
1224790 1524.0
1224800 1521.0
1224810 1521.0
1224820 1518.9
1224830 1516.4
1224840 1516.4
1224850 1511.9
1224860 1510.1
1224870 1510.1
1224880 1509.4
1224890 1507.7
1224900 1507.7
1224910 1506.2
1224920 1505.1
1224930 1505.1
1224940 1503.7
1224950 1501.8
1224960 1501.8
1224970 1499.8
1224980 1498.3
1224990 1498.3
1225000 1497.0
1225010 1493.0
1225020 1487.6
1225030 1487.6
1225040 1481.9
1225050 1476.4
1225060 1476.4
1225070 1471.9
1225080 1469.0
1225090 1469.0
1225100 1467.3
1225110 1465.4
1225120 1465.4
1225130 1462.6
1225140 1459.5
1225150 1459.5
1225160 1455.2
1225170 1448.7
1225180 1448.7
1225190 1441.3
1225200 1435.2
1225210 1429.6
1225220 1429.6
1225230 1424.5
1225240 1419.5
1225250 1419.5
1225260 1414.5
1225270 1411.0
1225280 1411.0
1225290 1404.2
1225300 1397.3
1225310 1397.3
1225320 1390.1
1225330 1384.4
1225340 1384.4
1225350 1380.2
1225360 1377.0
1225370 1377.0
1225380 1373.7
1225390 1370.8
1225400 1368.5
1225410 1368.5
1225420 1366.3
1225430 1364.4
1225440 1364.4
1225450 1362.0
1225460 1359.8
1225470 1359.8
1225480 1357.8
1225490 1356.3
1225500 1356.3
1225510 1355.4
1225520 1354.0
1225530 1354.0
1225540 1349.1
1225550 1346.9
1225560 1346.9
1225570 1346.1
1225580 1346.0
1225590 1346.0
1225600 1344.1
1225610 1343.0
1225620 1342.7
1225630 1342.7
1225640 1342.4
1225650 1342.3
1225660 1342.3
1225670 1342.1
1225680 1341.8
1225690 1341.8
1225700 1341.7
1225710 1342.0
1225720 1342.0
1225730 1342.7
1225740 1343.5
1225750 1343.5
1225760 1343.3
1225770 1341.0
1225780 1341.0
1225790 1340.4
1225800 1340.8
1225810 1342.5
1225820 1342.5
1225830 1342.0
1225840 1341.7
1225850 1341.7
1225860 1341.5
1225870 1341.4
1225880 1341.4
1225890 1341.2
1225900 1341.3
1225910 1341.3
1225920 1341.7
1225930 1341.6
1225940 1341.6
1225950 1341.6
1225960 1341.8
1225970 1341.8
1225980 1342.6
1225990 1343.4
1226000 1343.4
1226010 1345.0
1226020 1348.3
1226030 1353.2
1226040 1353.2
1226050 1358.6
1226060 1363.9
1226070 1363.9
1226080 1369.3
1226090 1375.5
1226100 1375.5
1226110 1380.9
1226120 1386.1
1226130 1386.1
1226140 1392.7
1226150 1399.5
1226160 1399.5
1226170 1406.2
1226180 1413.5
1226190 1413.5
1226200 1420.0
1226210 1426.0
1226220 1432.3
1226230 1432.3
1226240 1438.6
1226250 1450.2
1226260 1450.2
1226270 1455.4
1226280 1460.1
1226290 1460.1
1226300 1465.0
1226310 1472.8
1226320 1472.8
1226330 1480.8
1226340 1498.3
1226350 1498.3
1226360 1526.6
1226370 1542.5
1226380 1542.5
1226390 1551.4
1226400 1558.8
1226410 1558.8
1226420 1568.5
1226430 1580.5
1226440 1588.5
1226450 1588.5
1226460 1596.1
1226470 1604.2
1226480 1604.2
1226490 1609.6
1226500 1614.3
1226510 1614.3
1226520 1617.9
1226530 1620.6
1226540 1620.6
1226550 1627.6
1226560 1634.0
1226570 1634.0
1226580 1640.3
1226590 1646.8
1226600 1646.8
1226610 1653.3
1226620 1659.9
1226630 1666.1
1226640 1666.1
1226650 1670.3
1226660 1674.1
1226670 1674.1
1226680 1681.0
1226690 1688.0
1226700 1688.0
1226710 1694.2
1226720 1701.2
1226730 1701.2
1226740 1713.6
1226750 1723.8
1226760 1723.8
1226770 1732.7
1226780 1741.1
1226790 1741.1
1226800 1750.0
1226810 1755.7
1226820 1755.7
1226830 1759.3
1226840 1764.7
1226850 1774.8
1226860 1774.8
1226870 1787.0
1226880 1791.1
1226890 1791.1
1226900 1796.1
1226910 1803.7
1226920 1803.7
1226930 1814.5
1226940 1824.7
1226950 1824.7
1226960 1833.6
1226970 1842.2
1226980 1842.2
1226990 1845.3
1227000 1846.0
1227010 1846.0
1227020 1850.5
1227030 1856.2
1227040 1867.2
1227050 1867.2
1227060 1883.2
1227070 1899.6
1227080 1899.6
1227090 1913.8
1227100 1932.3
1227110 1932.3
1227120 1950.8
1227130 1976.2
1227140 1976.2
1227150 1988.1
1227160 1993.5
1227170 1993.5
1227180 1997.5
1227190 2000.6
1227200 2000.6
1227210 2004.3
1227220 2007.2
1227230 2013.6
1227240 2013.6
1227250 2016.9
1227260 2022.5
1227270 2022.5
1227280 2029.1
1227290 2035.5
1227300 2035.5
1227310 2041.9
1227320 2047.3
1227330 2047.3
1227340 2052.2
1227350 2061.8
1227360 2061.8
1227370 2084.3
1227380 2103.9
1227390 2103.9
1227400 2125.1
1227410 2129.7
1227420 2129.7
1227430 2131.6
1227440 2132.0
1227450 2134.6
1227460 2134.6
1227470 2139.5
1227480 2143.6
1227490 2143.6
1227500 2147.8
1227510 2154.2
1227520 2154.2
1227530 2160.3
1227540 2165.1
1227550 2165.1
1227560 2170.3
1227570 2180.1
1227580 2180.1
1227590 2193.1
1227600 2200.5
1227610 2200.5
1227620 2208.0
1227630 2223.6
1227640 2240.5
1227650 2240.5
1227660 2255.7
1227670 2264.5
1227680 2264.5
1227690 2273.1
1227700 2279.4
1227710 2279.4
1227720 2291.3
1227730 2297.9
1227740 2297.9
1227750 2299.6
1227760 2302.1
1227770 2302.1
1227780 2305.8
1227790 2309.7
1227800 2309.7
1227810 2317.2
1227820 2323.5
1227830 2323.5
1227840 2328.7
1227850 2334.0
1227860 2341.1
1227870 2341.1
1227880 2348.2
1227890 2355.3
1227900 2355.3
1227910 2361.5
1227920 2367.8
1227930 2367.8
1227940 2376.2
1227950 2382.1
1227960 2382.1
1227970 2390.8
1227980 2399.9
1227990 2399.9
1228000 2409.2
1228010 2417.4
1228020 2417.4
1228030 2425.6
1228040 2431.0
1228050 2434.4
1228060 2434.4
1228070 2439.9
1228080 2447.5
1228090 2447.5
1228100 2452.3
1228110 2454.6
1228120 2454.6
1228130 2457.1
1228140 2460.1
1228150 2460.1
1228160 2464.4
1228170 2471.2
1228180 2471.2
1228190 2480.2
1228200 2491.2
1228210 2491.2
1228220 2497.3
1228230 2505.7
1228240 2505.7
1228250 2517.7
1228260 2529.7
1228270 2544.1
1228280 2544.1
1228290 2553.8
1228300 2558.2
1228310 2558.2
1228320 2562.9
1228330 2567.8
1228340 2567.8
1228350 2573.4
1228360 2579.1
1228370 2579.1
1228380 2584.8
1228390 2590.2
1228400 2590.2
1228410 2595.1
1228420 2600.1
1228430 2600.1
1228440 2605.6
1228450 2610.2
1228460 2615.2
1228470 2615.2
1228480 2620.5
1228490 2625.5
1228500 2625.5
1228510 2631.1
1228520 2636.1
1228530 2636.1
1228540 2641.9
1228550 2647.9
1228560 2647.9
1228570 2652.8
1228580 2657.2
1228590 2657.2
1228600 2662.5
1228610 2667.5
1228620 2667.5
1228630 2672.6
1228640 2678.4
1228650 2678.4
1228660 2684.5
1228670 2690.0
1228680 2696.4
1228690 2696.4
1228700 2705.6
1228710 2707.6
1228720 2707.6
1228730 2717.9
1228740 2724.3
1228750 2724.3
1228760 2732.5
1228770 2744.1
1228780 2744.1
1228790 2754.3
1228800 2760.1
1228810 2760.1
1228820 2760.3
1228830 2755.2
1228840 2755.2
1228850 2749.1
1228860 2743.0
1228870 2736.1
1228880 2736.1
1228890 2730.1
1228900 2722.5
1228910 2722.5
1228920 2715.8
1228930 2713.0
1228940 2713.0
1228950 2710.4
1228960 2707.2
1228970 2707.2
1228980 2705.0
1228990 2703.5
1229000 2703.5
1229010 2701.0
1229020 2698.4
1229030 2698.4
1229040 2696.9
1229050 2690.0
1229060 2690.0
1229070 2681.8
1229080 2674.4
1229090 2665.5
1229100 2665.5
1229110 2656.9
1229120 2648.2
1229130 2648.2
1229140 2639.7
1229150 2631.7
1229160 2631.7
1229170 2624.3
1229180 2616.4
1229190 2616.4
1229200 2608.6
1229210 2600.4
1229220 2600.4
1229230 2593.6
1229240 2588.2
1229250 2588.2
1229260 2583.3
1229270 2578.7
1229280 2575.6
1229290 2575.6
1229300 2573.2
1229310 2570.5
1229320 2570.5
1229330 2567.6
1229340 2565.2
1229350 2565.2
1229360 2563.5
1229370 2561.7
1229380 2561.7
1229390 2559.9
1229400 2557.6
1229410 2557.6
1229420 2553.9
1229430 2549.8
1229440 2549.8
1229450 2548.6
1229460 2543.5
1229470 2540.3
1229480 2540.3
1229490 2539.0
1229500 2536.3
1229510 2536.3
1229520 2534.1
1229530 2532.5
1229540 2532.5
1229550 2531.5
1229560 2530.5
1229570 2530.5
1229580 2528.7
1229590 2525.0
1229600 2525.0
1229610 2519.8
1229620 2516.4
1229630 2516.4
1229640 2515.8
1229650 2515.9
1229660 2515.9
1229670 2516.4
1229680 2515.9
1229690 2513.5
1229700 2507.9
1229710 2505.3
1229720 2502.7
1229730 2502.7
1229740 2501.2
1229750 2499.9
1229760 2499.9
1229770 2500.5
1229780 2500.4
1229790 2500.4
1229800 2501.4
1229810 2502.9
1229820 2502.9
1229830 2504.0
1229840 2506.6
1229850 2506.6
1229860 2510.8
1229870 2513.4
1229880 2515.7
1229890 2515.7
1229900 2516.3
1229910 2516.7
1229920 2516.7
1229930 2518.3
1229940 2518.6
1229950 2518.6
1229960 2522.1
1229970 2523.4
1229980 2523.4
1229990 2522.3
1230000 2522.5
1230010 2522.5
1230020 2523.3
1230030 2525.8
1230040 2525.8
1230050 2528.6
1230060 2531.7
1230070 2531.7
1230080 2535.2
1230090 2539.0
1230100 2542.9
1230110 2542.9
1230120 2547.0
1230130 2551.4
1230140 2551.4
1230150 2555.9
1230160 2560.5
1230170 2560.5
1230180 2565.5
1230190 2570.7
1230200 2570.0
1230210 2575.3
1230220 2580.6
1230230 2580.6
1230240 2586.1
1230250 2591.5
1230260 2591.5
1230270 2597.2
1230280 2602.5
1230290 2606.8
1230300 2606.8
1230310 2611.7
1230320 2618.5
1230330 2618.5
1230340 2625.2
1230350 2631.6
1230360 2631.6
1230370 2638.8
1230380 2650.1
1230390 2650.1
1230400 2660.7
1230410 2669.6
1230420 2669.6
1230430 2677.0
1230440 2687.7
1230450 2687.7
1230460 2701.6
1230470 2711.4
1230480 2711.4
1230490 2718.9
1230500 2725.8
1230510 2733.0
1230520 2733.0
1230530 2740.8
1230540 2748.4
1230550 2748.4
1230560 2755.8
1230570 2763.2
1230580 2763.2
1230590 2771.0
1230600 2778.3
1230610 2778.3
1230620 2786.1
1230630 2795.3
1230640 2795.3
1230650 2805.3
1230660 2815.5
1230670 2815.5
1230680 2825.4
1230690 2834.4
1230700 2843.4
1230710 2843.4
1230720 2851.9
1230730 2860.5
1230740 2860.5
1230750 2869.8
1230760 2879.6
1230770 2879.6
1230780 2890.1
1230790 2901.3
1230800 2901.3
1230810 2910.9
1230820 2921.5
1230830 2921.5
1230840 2932.1
1230850 2942.4
1230860 2942.4
1230870 2952.3
1230880 2961.5
1230890 2961.5
1230900 2960.6
1230910 2956.7
1230920 2952.6
1230930 2952.6
1230940 2946.2
1230950 2940.3
1230960 2940.3
1230970 2938.6
1230980 2946.2
1230990 2946.2
1231000 2955.9
1231010 2962.9
1231020 2962.9
1231030 2971.6
1231040 2979.1
1231050 2979.1
1231060 2981.2
1231070 2984.1
1231080 2984.1
1231090 2995.4
1231100 3005.9
1231110 3017.6
1231120 3017.6
1231130 3022.1
1231140 3023.0
1231150 3023.0
1231160 3023.7
1231170 3025.0
1231180 3025.0
1231190 3025.9
1231200 3028.4
1231210 3028.4
1231220 3030.0
1231230 3033.8
1231240 3033.8
1231250 3038.3
1231260 3042.0
1231270 3042.0
1231280 3044.5
1231290 3046.0
1231300 3046.0
1231310 3047.7
1231320 3050.3
1231330 3052.7
1231340 3052.7
1231350 3055.7
1231360 3059.6
1231370 3059.6
1231380 3065.8
1231390 3071.9
1231400 3071.9
1231410 3072.7
1231420 3069.8
1231430 3069.8
1231440 3064.9
1231450 3060.0
1231460 3060.0
1231470 3055.8
1231480 3049.7
1231490 3049.7
1231500 3043.2
1231510 3041.0
1231520 3040.1
1231530 3040.1
1231540 3031.9
1231550 3022.4
1231560 3022.4
1231570 3015.3
1231580 3006.0
1231590 3006.0
1231600 2994.9
1231610 2986.6
1231620 2986.6
1231630 2979.2
1231640 2969.9
1231650 2969.9
1231660 2961.0
1231670 2954.7
1231680 2954.7
1231690 2948.3
1231700 2938.0
1231710 2933.9
1231720 2933.9
1231730 2930.7
1231740 2925.3
1231750 2925.3
1231760 2918.6
1231770 2912.5
1231780 2912.5
1231790 2908.4
1231800 2903.6
1231810 2903.6
1231820 2898.1
1231830 2893.8
1231840 2893.8
1231850 2889.9
1231860 2887.5
1231870 2887.5
1231880 2884.4
1231890 2880.5
1231900 2880.5
1231910 2876.0
1231920 2872.4
1231930 2869.9
1231940 2869.9
1231950 2867.1
1231960 2863.3
1231970 2863.3
1231980 2859.4
1231990 2856.0
1232000 2856.0
1232010 2852.8
1232020 2849.7
1232030 2849.7
1232040 2845.6
1232050 2842.2
1232060 2842.2
1232070 2838.8
1232080 2835.2
1232090 2835.2
1232100 2830.4
1232110 2827.2
1232120 2825.6
1232130 2825.6
1232140 2825.0
1232150 2824.9
1232160 2824.9
1232170 2824.9
1232180 2825.1
1232190 2825.1
1232200 2828.4
1232210 2832.5
1232220 2832.5
1232230 2836.8
1232240 2841.0
1232250 2841.0
1232260 2844.8
1232270 2848.0
1232280 2848.0
1232290 2850.5
1232300 2852.2
1232310 2852.2
1232320 2855.7
1232330 2859.6
1232340 2862.4
1232350 2862.4
1232360 2864.2
1232370 2866.9
1232380 2866.9
1232390 2870.5
1232400 2873.0
1232410 2873.0
1232420 2875.7
1232430 2879.1
1232440 2879.1
1232450 2882.4
1232460 2886.0
1232470 2886.0
1232480 2890.0
1232490 2893.7
1232500 2893.7
1232510 2899.0
1232520 2908.1
1232530 2916.1
1232540 2916.1
1232550 2924.4
1232560 2933.2
1232570 2933.2
1232580 2940.8
1232590 2948.3
1232600 2948.3
1232610 2957.0
1232620 2963.2
1232630 2963.2
1232640 2967.6
1232650 2971.5
1232660 2971.5
1232670 2975.4
1232680 2978.9
1232690 2978.9
1232700 2975.7
1232710 2976.9
1232720 2976.9
1232730 2980.1
1232740 2985.5
1232750 2992.1
1232760 2992.1
1232770 2999.3
1232780 3004.8
1232790 3004.8
1232800 3008.6
1232810 3010.6
1232820 3010.6
1232830 3011.7
1232840 3013.5
1232850 3013.5
1232860 3016.3
1232870 3020.3
1232880 3020.3
1232890 3025.6
1232900 3033.1
1232910 3033.1
1232920 3040.7
1232930 3047.7
1232940 3054.1
1232950 3054.1
1232960 3061.2
1232970 3063.2
1232980 3063.2
1232990 3054.8
1233000 3047.5
1233010 3047.5
1233020 3040.9
1233030 3032.2
1233040 3032.2
1233050 3023.3
1233060 3015.0
1233070 3015.0
1233080 3007.6
1233090 3000.9
1233100 3000.9
1233110 2992.7
1233120 2984.8
1233130 2984.8
1233140 2983.0
1233150 2982.0
1233160 2980.1
1233170 2980.1
1233180 2978.2
1233190 2975.9
1233200 2968.9
1233210 2966.1
1233220 2963.4
1233230 2963.4
1233240 2960.8
1233250 2958.1
1233260 2958.1
1233270 2957.8
1233280 2959.7
1233290 2959.7
1233300 2959.2
1233310 2951.8
1233320 2951.8
1233330 2943.3
1233340 2935.0
1233350 2926.7
1233360 2926.7
1233370 2917.0
1233380 2909.0
1233390 2909.0
1233400 2901.1
1233410 2890.6
1233420 2890.6
1233430 2880.6
1233440 2871.3
1233450 2871.3
1233460 2863.0
1233470 2855.1
1233480 2855.1
1233490 2846.9
1233500 2838.4
1233510 2838.4
1233520 2830.4
1233530 2823.0
1233540 2823.0
1233550 2816.0
1233560 2809.1
1233570 2802.4
1233580 2802.4
1233590 2795.8
1233600 2789.4
1233610 2789.4
1233620 2783.2
1233630 2777.2
1233640 2777.2
1233650 2771.2
1233660 2765.4
1233670 2765.4
1233680 2760.1
1233690 2754.8
1233700 2753.2
1233710 2747.9
1233720 2743.0
1233730 2743.0
1233740 2738.2
1233750 2733.7
1233760 2729.1
1233770 2729.1
1233780 2724.3
1233790 2719.5
1233800 2719.5
1233810 2714.8
1233820 2710.0
1233830 2710.0
1233840 2704.9
1233850 2698.7
1233860 2698.7
1233870 2691.3
1233880 2684.3
1233890 2684.3
1233900 2677.5
1233910 2671.2
1233920 2671.2
1233930 2664.7
1233940 2656.8
1233950 2649.6
1233960 2649.6
1233970 2643.8
1233980 2638.7
1233990 2638.7
1234000 2634.4
1234010 2629.5
1234020 2629.5
1234030 2623.7
1234040 2618.5
1234050 2618.5
1234060 2616.5
1234070 2615.6
1234080 2615.6
1234090 2616.8
1234100 2617.6
1234110 2617.6
1234120 2618.2
1234130 2616.2
1234140 2616.2
1234150 2613.7
1234160 2610.0
1234170 2609.3
1234180 2609.3
1234190 2608.0
1234200 2604.7
1234210 2602.4
1234220 2600.5
1234230 2600.7
1234240 2600.7
1234250 2601.7
1234260 2603.3
1234270 2603.3
1234280 2604.3
1234290 2605.0
1234300 2605.0
1234310 2606.0
1234320 2606.9
1234330 2606.9
1234340 2608.1
1234350 2609.6
1234360 2612.3
1234370 2612.3
1234380 2615.5
1234390 2618.5
1234400 2618.5
1234410 2620.4
1234420 2618.8
1234430 2618.8
1234440 2618.4
1234450 2620.0
1234460 2620.0
1234470 2621.5
1234480 2621.9
1234490 2621.9
1234500 2620.6
1234510 2620.4
1234520 2620.4
1234530 2620.3
1234540 2623.6
1234550 2623.6
1234560 2629.4
1234570 2634.6
1234580 2640.4
1234590 2640.4
1234600 2646.8
1234610 2651.4
1234620 2651.4
1234630 2652.2
1234640 2655.5
1234650 2655.5
1234660 2660.4
1234670 2666.4
1234680 2666.4
1234690 2673.0
1234700 2679.6
1234710 2681.7
1234720 2688.6
1234730 2695.2
1234740 2695.2
1234750 2704.1
1234760 2729.3
1234770 2752.6
1234780 2752.6
1234790 2769.4
1234800 2794.7
1234810 2794.7
1234820 2815.2
1234830 2827.7
1234840 2827.7
1234850 2845.9
1234860 2859.4
1234870 2859.4
1234880 2863.9
1234890 2867.8
1234900 2867.8
1234910 2870.5
1234920 2872.3
1234930 2872.3
1234940 2873.9
1234950 2875.5
1234960 2875.5
1234970 2876.5
1234980 2876.7
1234990 2877.1
1235000 2877.1
1235010 2876.3
1235020 2875.4
1235030 2875.4
1235040 2874.8
1235050 2873.7
1235060 2873.7
1235070 2871.6
1235080 2870.9
1235090 2870.9
1235100 2871.0
1235110 2871.3
1235120 2871.3
1235130 2870.3
1235140 2871.0
1235150 2871.0
1235160 2869.0
1235170 2869.1
1235180 2870.9
1235190 2870.9
1235200 2873.6
1235210 2877.0
1235220 2884.0
1235230 2887.6
1235240 2891.0
1235250 2891.0
1235260 2894.1
1235270 2897.6
1235280 2897.6
1235290 2902.7
1235300 2907.5
1235310 2907.5
1235320 2913.6
1235330 2924.2
1235340 2924.2
1235350 2937.6
1235360 2940.7
1235370 2940.7
1235380 2941.2
1235390 2948.4
1235400 2954.6
1235410 2954.6
1235420 2961.9
1235430 2972.2
1235440 2972.2
1235450 2982.9
1235460 2988.7
1235470 2988.7
1235480 2988.9
1235490 2987.8
1235500 2987.8
1235510 2987.4
1235520 2986.9
1235530 2986.9
1235540 2985.8
1235550 2984.3
1235560 2984.3
1235570 2982.0
1235580 2980.0
1235590 2980.7
1235600 2980.7
1235610 2981.8
1235620 2982.9
1235630 2982.9
1235640 2984.0
1235650 2985.1
1235660 2985.1
1235670 2986.0
1235680 2986.8
1235690 2986.8
1235700 2987.3
1235710 2987.9
1235720 2987.9
1235730 2992.5
1235740 2993.0
1235750 2993.0
1235760 2993.7
1235770 2994.5
1235780 2995.4
1235790 2995.4
1235800 2996.2
1235810 2996.8
1235820 2996.8
1235830 2997.3
1235840 2997.5
1235850 2997.5
1235860 2996.8
1235870 2993.9
1235880 2993.9
1235890 2990.5
1235900 2988.6
1235910 2988.6
1235920 2988.1
1235930 2988.6
1235940 2988.6
1235950 2989.7
1235960 2991.2
1235970 2991.2
1235980 2992.9
1235990 2994.9
1236000 2997.4
1236010 2997.4
1236020 3000.3
1236030 3003.3
1236040 3003.3
1236050 3006.6
1236060 3009.9
1236070 3009.9
1236080 3013.4
1236090 3017.0
1236100 3017.0
1236110 3021.4
1236120 3027.4
1236130 3027.4
1236140 3033.6
1236150 3039.3
1236160 3039.3
1236170 3044.4
1236180 3049.1
1236190 3053.4
1236200 3053.4
1236210 3057.4
1236220 3061.1
1236230 3061.1
1236240 3066.6
1236250 3070.2
1236260 3070.2
1236270 3073.6
1236280 3076.8
1236290 3076.8
1236300 3079.7
1236310 3082.7
1236320 3082.7
1236330 3085.7
1236340 3088.6
1236350 3088.6
1236360 3091.5
1236370 3094.6
1236380 3094.6
1236390 3097.7
1236400 3100.9
1236410 3103.9
1236420 3103.9
1236430 3106.9
1236440 3109.8
1236450 3109.8
1236460 3112.6
1236470 3115.4
1236480 3115.4
1236490 3118.2
1236500 3120.8
1236510 3120.8
1236520 3123.7
1236530 3126.7
1236540 3126.7
1236550 3130.0
1236560 3133.2
1236570 3133.2
1236580 3135.3
1236590 3137.1
1236600 3138.3
1236610 3138.3
1236620 3139.0
1236630 3139.1
1236640 3139.1
1236650 3139.0
1236660 3138.9
1236670 3138.9
1236680 3138.9
1236690 3138.6
1236700 3138.6
1236710 3138.2
1236720 3137.4
1236730 3137.4
1236740 3135.5
1236750 3128.9
1236760 3128.9
1236770 3127.5
1236780 3125.5
1236790 3125.5
1236800 3122.5
1236810 3118.7
1236820 3116.6
1236830 3116.6
1236840 3115.0
1236850 3113.6
1236860 3113.6
1236870 3112.1
1236880 3110.6
1236890 3110.6
1236900 3109.4
1236910 3108.4
1236920 3108.4
1236930 3107.3
1236940 3106.0
1236950 3106.0
1236960 3104.9
1236970 3103.8
1236980 3103.8
1236990 3102.7
1237000 3101.6
1237010 3100.4
1237020 3100.4
1237030 3099.1
1237040 3098.0
1237050 3098.0
1237060 3097.2
1237070 3096.4
1237080 3096.4
1237090 3095.6
1237100 3094.7
1237110 3094.7
1237120 3093.8
1237130 3093.0
1237140 3093.0
1237150 3092.1
1237160 3091.3
1237170 3091.3
1237180 3090.6
1237190 3089.8
1237200 3089.8
1237210 3088.9
1237220 3088.0
1237230 3087.0
1237240 3087.0
1237250 3085.8
1237260 3082.0
1237270 3082.0
1237280 3080.7
1237290 3079.4
1237300 3079.4
1237310 3078.1
1237320 3076.9
1237330 3076.9
1237340 3076.1
1237350 3075.7
1237360 3075.7
1237370 3076.3
1237380 3078.8
1237390 3078.8
1237400 3083.2
1237410 3087.8
1237420 3090.6
1237430 3090.6
1237440 3092.3
1237450 3094.0
1237460 3094.0
1237470 3096.6
1237480 3098.5
1237490 3098.5
1237500 3099.5
1237510 3105.0
1237520 3105.0
1237530 3110.4
1237540 3113.1
1237550 3113.1
1237560 3112.1
1237570 3107.4
1237580 3107.4
1237590 3102.6
1237600 3098.6
1237610 3098.6
1237620 3094.1
1237630 3088.6
1237640 3080.5
1237650 3080.5
1237660 3071.2
1237670 3065.3
1237680 3065.3
1237690 3060.1
1237700 3055.3
1237710 3055.3
1237720 3052.4
1237730 3051.1
1237740 3051.1
1237750 3048.8
1237760 3046.1
1237770 3045.6
1237780 3043.3
1237790 3041.7
1237800 3041.7
1237810 3040.8
1237820 3039.6
1237830 3038.4
1237840 3038.4
1237850 3035.7
1237860 3031.6
1237870 3031.6
1237880 3029.3
1237890 3028.3
1237900 3028.3
1237910 3026.8
1237920 3026.7
1237930 3026.7
1237940 3026.0
1237950 3024.7
1237960 3024.7
1237970 3023.5
1237980 3022.3
1237990 3022.3
1238000 3023.4
1238010 3026.2
1238020 3030.1
1238030 3030.1
1238040 3034.9
1238050 3039.8
1238060 3039.8
1238070 3044.7
1238080 3049.3
1238090 3049.3
1238100 3054.0
1238110 3058.8
1238120 3058.8
1238130 3064.0
1238140 3067.0
1238150 3067.0
1238160 3070.7
1238170 3075.4
1238180 3075.4
1238190 3081.0
1238200 3090.0
1238210 3090.0
1238220 3097.0
1238230 3092.9
1238240 3084.9
1238250 3084.9
1238260 3064.6
1238270 3050.0
1238280 3053.4
1238290 3043.2
1238300 3034.6
1238310 3034.6
1238320 3026.0
1238330 3014.8
1238340 3014.8
1238350 3002.1
1238360 2991.4
1238370 2991.4
1238380 2980.1
1238390 2970.1
1238400 2970.1
1238410 2963.3
1238420 2957.6
1238430 2951.8
1238440 2951.8
1238450 2945.9
1238460 2941.1
1238470 2941.1
1238480 2937.3
1238490 2934.4
1238500 2934.4
1238510 2931.9
1238520 2929.9
1238530 2929.9
1238540 2928.3
1238550 2927.2
1238560 2927.2
1238570 2926.4
1238580 2925.9
1238590 2925.9
1238600 2925.6
1238610 2925.5
1238620 2925.5
1238630 2925.3
1238640 2925.4
1238650 2925.7
1238660 2925.7
1238670 2926.2
1238680 2926.7
1238690 2926.7
1238700 2929.2
1238710 2932.4
1238720 2932.4
1238730 2932.2
1238740 2930.0
1238750 2930.0
1238760 2929.5
1238770 2930.1
1238780 2930.1
1238790 2930.7
1238800 2932.9
1238810 2932.9
1238820 2933.4
1238830 2933.8
1238840 2934.1
1238850 2934.1
1238860 2934.1
1238870 2933.9
1238880 2933.9
1238890 2933.6
1238900 2933.2
1238910 2933.2
1238920 2932.9
1238930 2932.8
1238940 2932.8
1238950 2932.7
1238960 2932.8
1238970 2932.8
1238980 2932.8
1238990 2933.0
1239000 2933.0
1239010 2933.0
1239020 2933.0
1239030 2933.0
1239040 2932.9
1239050 2932.7
1239060 2932.8
1239070 2932.8
1239080 2932.9
1239090 2933.1
1239100 2933.1
1239110 2933.0
1239120 2933.1
1239130 2933.1
1239140 2933.2
1239150 2933.3
1239160 2933.3
1239170 2933.3
1239180 2933.3
1239190 2933.3
1239200 2933.3
1239210 2933.2
1239220 2933.2
1239230 2933.1
1239240 2933.0
1239250 2933.0
1239260 2933.0
1239270 2933.1
1239280 2933.3
1239290 2933.3
1239300 2933.6
1239310 2935.5
1239320 2935.5
1239330 2935.7
1239340 2935.8
1239350 2935.8
1239360 2935.8
1239370 2935.8
1239380 2935.8
1239390 2936.0
1239400 2936.2
1239410 2936.2
1239420 2936.6
1239430 2937.2
1239440 2937.2
1239450 2937.9
1239460 2938.8
1239470 2939.8
1239480 2939.8
1239490 2941.1
1239500 2942.4
1239510 2942.4
1239520 2944.2
1239530 2948.4
1239540 2948.4
1239550 2953.9
1239560 2961.4
1239570 2961.4
1239580 2970.8
1239590 2975.4
1239600 2975.4
1239610 2976.4
1239620 2978.5
1239630 2978.5
1239640 2978.0
1239650 2976.6
1239660 2977.0
1239670 2977.0
1239680 2975.3
1239690 2973.8
1239700 2973.8
1239710 2975.3
1239720 2976.8
1239730 2976.8
1239740 2977.3
1239750 2977.9
1239760 2977.9
1239770 2978.8
1239780 2980.2
1239790 2980.2
1239800 2981.8
1239810 2983.6
1239820 2983.6
1239830 2990.0
1239840 2991.6
1239850 2992.8
1239860 2992.8
1239870 2993.6
1239880 2993.9
1239890 2993.9
1239900 2993.3
1239910 2992.2
1239920 2992.2
1239930 2991.4
1239940 2992.8
1239950 2992.8
1239960 2995.3
1239970 2997.8
1239980 2997.8
1239990 3000.7
