1220000 2722.8
1220010 2724.5
1220020 2724.5
1220030 2726.9
1220040 2727.3
1220050 2727.3
1220060 2726.8
1220070 2725.0
1220080 2725.0
1220090 2727.9
1220100 2730.0
1220110 2730.2
1220120 2730.2
1220130 2734.4
1220140 2736.1
1220150 2736.1
1220160 2734.3
1220170 2733.4
1220180 2733.4
1220190 2733.8
1220200 2734.4
1220210 2734.4
1220220 2732.2
1220230 2719.7
1220240 2719.7
1220250 2719.4
1220260 2717.9
1220270 2717.9
1220280 2715.7
1220290 2714.8
1220300 2714.8
1220310 2714.0
1220320 2714.4
1220330 2717.0
1220340 2717.0
1220350 2716.0
1220360 2713.4
1220370 2713.4
1220380 2710.2
1220390 2706.2
1220400 2706.2
1220410 2701.3
1220420 2695.9
1220430 2695.9
1220440 2690.4
1220450 2685.8
1220460 2685.8
1220470 2682.1
1220480 2679.1
1220490 2679.1
1220500 2676.6
1220510 2672.9
1220520 2668.1
1220530 2668.1
1220540 2662.8
1220550 2656.2
1220560 2656.2
1220570 2647.4
1220580 2641.0
1220590 2641.0
1220600 2635.6
1220610 2631.3
1220620 2631.3
1220630 2626.9
1220640 2621.5
1220650 2621.5
1220660 2615.7
1220670 2609.6
1220680 2609.6
1220690 2604.3
1220700 2600.0
1220710 2596.5
1220720 2591.9
1220730 2586.9
1220740 2581.8
1220750 2581.8
1220760 2576.8
1220770 2571.8
1220780 2571.8
1220790 2567.0
1220800 2562.4
1220810 2562.4
1220820 2557.8
1220830 2553.2
1220840 2553.2
1220850 2549.3
1220860 2545.8
1220870 2545.8
1220880 2542.7
1220890 2539.6
1220900 2539.6
1220910 2536.8
1220920 2534.0
1220930 2531.2
1220940 2531.2
1220950 2528.2
1220960 2525.6
1220970 2525.6
1220980 2524.4
1220990 2519.9
1221000 2519.9
1221010 2514.3
1221020 2509.5
1221030 2509.5
1221040 2505.8
1221050 2502.4
1221060 2502.4
1221070 2499.4
1221080 2495.4
1221090 2495.4
1221100 2492.6
1221110 2488.2
1221120 2488.2
1221130 2483.6
1221140 2480.2
1221150 2476.8
1221160 2476.8
1221170 2472.7
1221180 2469.1
1221190 2463.4
1221200 2460.0
1221210 2457.6
1221220 2457.6
1221230 2455.6
1221240 2452.7
1221250 2452.7
1221260 2449.2
1221270 2446.1
1221280 2446.1
1221290 2444.1
1221300 2442.5
1221310 2442.5
1221320 2440.0
1221330 2437.5
1221340 2434.4
1221350 2434.4
1221360 2431.0
1221370 2427.1
1221380 2427.1
1221390 2422.3
1221400 2418.2
1221410 2418.2
1221420 2414.7
1221430 2411.4
1221440 2411.4
1221450 2407.6
1221460 2404.6
1221470 2404.6
1221480 2400.9
1221490 2398.0
1221500 2398.0
1221510 2395.3
1221520 2391.6
1221530 2391.6
1221540 2388.4
1221550 2385.1
1221560 2381.6
1221570 2381.6
1221580 2378.4
1221590 2375.1
1221600 2375.1
1221610 2371.9
1221620 2368.0
1221630 2368.0
1221640 2363.0
1221650 2358.9
1221660 2358.9
1221670 2352.8
1221680 2348.9
1221690 2348.9
1221700 2344.0
1221710 2339.2
1221720 2339.2
1221730 2335.4
1221740 2333.0
1221750 2330.5
1221760 2330.5
1221770 2327.2
1221780 2322.8
1221790 2322.8
1221800 2318.6
1221810 2315.1
1221820 2315.1
1221830 2311.1
1221840 2306.6
1221850 2306.6
1221860 2302.2
1221870 2299.2
1221880 2299.2
1221890 2297.1
1221900 2295.5
1221910 2295.5
1221920 2292.2
1221930 2288.9
1221940 2288.9
1221950 2286.1
1221960 2282.4
1221970 2278.8
1221980 2278.8
1221990 2275.2
1222000 2271.8
1222010 2271.8
1222020 2267.9
1222030 2263.1
1222040 2263.1
1222050 2257.5
1222060 2253.3
1222070 2253.3
1222080 2251.6
1222090 2250.9
1222100 2250.9
1222110 2248.7
1222120 2244.1
1222130 2244.1
1222140 2238.4
1222150 2229.8
1222160 2229.8
1222170 2228.2
1222180 2225.1
1222190 2221.3
1222200 2221.3
1222210 2217.8
1222220 2214.0
1222230 2214.0
1222240 2209.7
1222250 2205.0
1222260 2205.0
1222270 2201.2
1222280 2199.1
1222290 2199.1
1222300 2196.2
1222310 2192.3
1222320 2192.3
1222330 2188.6
1222340 2184.7
1222350 2184.7
1222360 2181.1
1222370 2178.2
1222380 2176.5
1222390 2176.5
1222400 2176.2
1222410 2176.3
1222420 2176.3
1222430 2176.3
1222440 2173.2
1222450 2173.2
1222460 2168.4
1222470 2162.5
1222480 2162.5
1222490 2154.7
1222500 2146.3
1222510 2146.3
1222520 2137.3
1222530 2129.7
1222540 2129.7
1222550 2125.8
1222560 2126.6
1222570 2126.6
1222580 2128.1
1222590 2130.5
1222600 2133.3
1222610 2133.3
1222620 2136.2
1222630 2131.6
1222640 2131.6
1222650 2132.5
1222660 2132.1
1222670 2132.1
1222680 2135.7
1222690 2140.0
1222700 2140.0
1222710 2141.0
1222720 2141.5
1222730 2141.5
1222740 2141.2
1222750 2140.8
1222760 2140.8
1222770 2141.6
1222780 2139.8
1222790 2138.3
1222800 2138.3
1222810 2137.2
1222820 2132.5
1222830 2132.5
1222840 2127.6
1222850 2125.0
1222860 2125.0
1222870 2124.2
1222880 2123.8
1222890 2123.8
1222900 2125.6
1222910 2124.6
1222920 2124.6
1222930 2122.4
1222940 2120.2
1222950 2120.2
1222960 2117.7
1222970 2115.6
1222980 2115.6
1222990 2113.1
1223000 2108.0
1223010 2100.8
1223020 2100.8
1223030 2096.1
1223040 2092.1
1223050 2092.1
1223060 2092.7
1223070 2093.6
1223080 2093.6
1223090 2089.0
1223100 2084.3
1223110 2084.3
1223120 2075.6
1223130 2076.3
1223140 2076.3
1223150 2079.3
1223160 2082.6
1223170 2082.6
1223180 2081.3
1223190 2077.9
1223200 2075.9
1223210 2075.9
1223220 2075.4
1223230 2074.6
1223240 2074.6
1223250 2072.7
1223260 2068.8
1223270 2068.8
1223280 2063.2
1223290 2060.0
1223300 2060.0
1223310 2060.1
1223320 2063.6
1223330 2063.6
1223340 2068.5
1223350 2065.1
1223360 2065.1
1223370 2059.6
1223380 2057.5
1223390 2057.5
1223400 2058.5
1223410 2058.8
1223420 2057.0
1223430 2057.0
1223440 2055.8
1223450 2054.0
1223460 2054.0
1223470 2052.1
1223480 2051.0
1223490 2051.0
1223500 2048.8
1223510 2045.0
1223520 2045.0
1223530 2042.8
1223540 2041.7
1223550 2041.7
1223560 2041.0
1223570 2040.5
1223580 2040.5
1223590 2040.2
1223600 2033.8
1223610 2031.3
1223620 2031.3
1223630 2029.2
1223640 2028.5
1223650 2028.5
1223660 2029.8
1223670 2031.6
1223680 2031.6
1223690 2035.6
1223700 2037.3
1223710 2037.3
1223720 2035.5
1223730 2033.2
1223740 2033.2
1223750 2029.3
1223760 2024.1
1223770 2024.1
1223780 2015.6
1223790 2000.8
1223800 2000.8
1223810 1989.9
1223820 1981.3
1223830 1977.1
1223840 1977.1
1223850 1984.2
1223860 1992.8
1223870 1992.8
1223880 1992.7
1223890 1992.9
1223900 1992.9
1223910 1992.7
1223920 1992.7
1223930 1992.7
1223940 1991.6
1223950 1989.4
1223960 1989.4
1223970 1988.1
1223980 1988.8
1223990 1988.8
1224000 1990.0
1224010 1990.9
1224020 1992.1
1224030 1992.1
1224040 1991.8
1224050 1989.2
1224060 1989.2
1224070 1985.9
1224080 1982.3
1224090 1975.8
1224100 1972.9
1224110 1970.5
1224120 1970.5
1224130 1967.9
1224140 1965.6
1224150 1965.6
1224160 1963.6
1224170 1961.5
1224180 1961.5
1224190 1959.6
1224200 1959.2
1224210 1959.2
1224220 1958.0
1224230 1955.3
1224240 1949.9
1224250 1949.9
1224260 1941.2
1224270 1931.8
1224280 1931.8
1224290 1923.9
1224300 1918.3
1224310 1918.3
1224320 1914.1
1224330 1909.8
1224340 1909.8
1224350 1905.0
1224360 1900.1
1224370 1900.1
1224380 1895.2
1224390 1889.6
1224400 1889.6
1224410 1884.9
1224420 1881.8
1224430 1877.6
1224440 1877.6
1224450 1872.7
1224460 1868.7
1224470 1868.7
1224480 1864.4
1224490 1859.2
1224500 1859.2
1224510 1854.5
1224520 1850.7
1224530 1850.7
1224540 1846.6
1224550 1842.8
1224560 1842.8
1224570 1838.1
1224580 1835.2
1224590 1835.2
1224600 1831.8
1224610 1827.3
1224620 1827.3
1224630 1822.7
1224640 1817.7
1224650 1811.9
1224660 1811.9
1224670 1805.7
1224680 1800.2
1224690 1800.2
1224700 1794.8
1224710 1787.2
1224720 1787.2
1224730 1778.8
1224740 1763.8
1224750 1763.8
1224760 1753.2
1224770 1746.9
1224780 1746.9
1224790 1746.3
1224800 1745.8
1224810 1745.8
1224820 1741.1
1224830 1734.7
1224840 1732.3
1224850 1732.3
1224860 1730.5
1224870 1729.1
1224880 1729.1
1224890 1728.2
1224900 1724.2
1224910 1724.2
1224920 1717.6
1224930 1711.7
1224940 1711.7
1224950 1707.8
1224960 1701.5
1224970 1701.5
1224980 1695.3
1224990 1689.6
1225000 1689.6
1225010 1684.3
1225020 1678.0
1225030 1678.0
1225040 1671.1
1225050 1665.8
1225060 1646.2
1225070 1646.2
1225080 1638.0
1225090 1628.4
1225100 1628.4
1225110 1615.9
1225120 1604.3
1225130 1604.3
1225140 1598.1
1225150 1595.0
1225160 1595.0
1225170 1590.8
1225180 1584.0
1225190 1584.0
1225200 1580.6
1225210 1576.6
1225220 1576.6
1225230 1573.7
1225240 1570.5
1225250 1565.1
1225260 1565.1
1225270 1556.7
1225280 1551.7
1225290 1551.7
1225300 1545.5
1225310 1539.7
1225320 1539.7
1225330 1533.8
1225340 1529.8
1225350 1529.8
1225360 1526.3
1225370 1522.1
1225380 1522.1
1225390 1517.7
1225400 1512.6
1225410 1512.6
1225420 1507.1
1225430 1501.2
1225440 1493.3
1225450 1493.3
1225460 1485.7
1225470 1477.8
1225480 1477.8
1225490 1471.2
1225500 1465.8
1225510 1465.8
1225520 1460.0
1225530 1454.5
1225540 1454.5
1225550 1444.5
1225560 1440.1
1225570 1440.1
1225580 1434.8
1225590 1429.3
1225600 1429.3
1225610 1424.4
1225620 1420.5
1225630 1420.5
1225640 1416.6
1225650 1412.2
1225660 1406.9
1225670 1406.9
1225680 1400.2
1225690 1394.1
1225700 1394.1
1225710 1389.6
1225720 1386.2
1225730 1386.2
1225740 1382.4
1225750 1377.1
1225760 1377.1
1225770 1371.6
1225780 1366.6
1225790 1366.6
1225800 1360.9
1225810 1353.0
1225820 1353.0
1225830 1348.6
1225840 1342.7
1225850 1340.6
1225860 1340.6
1225870 1336.4
1225880 1334.7
1225890 1334.7
1225900 1334.7
1225910 1334.4
1225920 1334.4
1225930 1333.0
1225940 1331.6
1225950 1331.6
1225960 1331.5
1225970 1331.6
1225980 1331.6
1225990 1333.5
1226000 1334.5
1226010 1334.5
1226020 1334.7
1226030 1334.5
1226040 1334.4
1226050 1334.3
1226060 1334.8
1226070 1335.1
1226080 1335.1
1226090 1335.4
1226100 1336.1
1226110 1336.1
1226120 1337.0
1226130 1338.0
1226140 1338.0
1226150 1339.1
1226160 1340.1
1226170 1340.1
1226180 1341.4
1226190 1342.6
1226200 1342.6
1226210 1343.5
1226220 1344.4
1226230 1344.4
1226240 1345.5
1226250 1346.6
1226260 1347.6
1226270 1347.6
1226280 1349.5
1226290 1351.7
1226300 1351.7
1226310 1353.9
1226320 1357.0
1226330 1357.0
1226340 1361.1
1226350 1365.0
1226360 1365.0
1226370 1369.8
1226380 1374.4
1226390 1374.4
1226400 1377.8
1226410 1380.4
1226420 1380.4
1226430 1383.2
1226440 1386.9
1226450 1386.9
1226460 1390.9
1226470 1395.9
1226480 1401.5
1226490 1401.5
1226500 1407.2
1226510 1413.9
1226520 1413.9
1226530 1418.8
1226540 1425.7
1226550 1425.7
1226560 1433.2
1226570 1440.7
1226580 1440.7
1226590 1448.7
1226600 1456.8
1226610 1456.8
1226620 1463.9
1226630 1471.1
1226640 1471.1
1226650 1479.3
1226660 1487.6
1226670 1499.3
1226680 1499.3
1226690 1514.2
1226700 1534.8
1226710 1534.8
1226720 1554.3
1226730 1573.1
1226740 1573.1
1226750 1585.4
1226760 1594.6
1226770 1594.6
1226780 1603.7
1226790 1616.8
1226800 1616.8
1226810 1638.3
1226820 1652.8
1226830 1652.8
1226840 1660.9
1226850 1667.7
1226860 1667.7
1226870 1676.4
1226880 1684.4
1226890 1692.1
1226900 1692.1
1226910 1699.7
1226920 1706.4
1226930 1706.4
1226940 1713.9
1226950 1722.0
1226960 1722.0
1226970 1731.3
1226980 1740.6
1226990 1740.6
1227000 1746.8
1227010 1753.8
1227020 1752.7
1227030 1760.1
1227040 1767.6
1227050 1767.6
1227060 1775.9
1227070 1784.2
1227080 1791.8
1227090 1791.8
1227100 1799.4
1227110 1806.4
1227120 1806.4
1227130 1814.3
1227140 1822.4
1227150 1822.4
1227160 1830.6
1227170 1838.6
1227180 1838.6
1227190 1846.4
1227200 1854.4
1227210 1854.4
1227220 1862.5
1227230 1871.3
1227240 1871.3
1227250 1882.7
1227260 1893.4
1227270 1893.4
1227280 1902.0
1227290 1911.3
1227300 1931.8
1227310 1931.8
1227320 1965.7
1227330 1994.4
1227340 1994.4
1227350 2010.2
1227360 2017.0
1227370 2017.0
1227380 2022.0
1227390 2028.4
1227400 2028.4
1227410 2039.0
1227420 2051.5
1227430 2051.5
1227440 2079.0
1227450 2103.1
1227460 2103.1
1227470 2127.0
1227480 2139.7
1227490 2149.3
1227500 2149.3
1227510 2158.7
1227520 2175.6
1227530 2175.6
1227540 2197.5
1227550 2210.9
1227560 2210.9
1227570 2218.5
1227580 2223.8
1227590 2223.8
1227600 2225.9
1227610 2230.3
1227620 2230.3
1227630 2236.5
1227640 2238.9
1227650 2238.9
1227660 2240.2
1227670 2246.2
1227680 2246.2
1227690 2251.5
1227700 2253.9
1227710 2263.1
1227720 2263.1
1227730 2272.2
1227740 2279.3
1227750 2279.3
1227760 2298.4
1227770 2318.8
1227780 2318.8
1227790 2325.5
1227800 2328.3
1227810 2328.3
1227820 2330.9
1227830 2332.2
1227840 2332.2
1227850 2332.8
1227860 2333.8
1227870 2333.8
1227880 2335.8
1227890 2338.3
1227900 2340.4
1227910 2340.4
1227920 2343.6
1227930 2347.0
1227940 2347.0
1227950 2350.1
1227960 2354.2
1227970 2354.2
1227980 2359.0
1227990 2364.1
1228000 2364.1
1228010 2370.3
1228020 2376.6
1228030 2376.6
1228040 2383.0
1228050 2390.7
1228060 2390.7
1228070 2397.1
1228080 2402.5
1228090 2402.5
1228100 2407.7
1228110 2413.4
1228120 2419.3
1228130 2419.3
1228140 2424.8
1228150 2430.2
1228160 2430.2
1228170 2435.5
1228180 2441.0
1228190 2441.0
1228200 2446.5
1228210 2452.0
1228220 2452.0
1228230 2457.5
1228240 2463.1
1228250 2463.1
1228260 2468.7
1228270 2474.5
1228280 2474.5
1228290 2480.1
1228300 2485.7
1228310 2491.6
1228320 2491.6
1228330 2497.5
1228340 2503.4
1228350 2503.4
1228360 2509.8
1228370 2519.2
1228380 2519.2
1228390 2528.5
1228400 2536.8
1228410 2536.8
1228420 2543.2
1228430 2549.2
1228440 2549.2
1228450 2555.4
1228460 2561.0
1228470 2561.0
1228480 2566.8
1228490 2572.5
1228500 2572.1
1228510 2578.6
1228520 2584.8
1228530 2591.3
1228540 2591.3
1228550 2598.7
1228560 2609.3
1228570 2609.3
1228580 2618.7
1228590 2625.4
1228600 2625.4
1228610 2631.1
1228620 2636.4
1228630 2636.4
1228640 2644.1
1228650 2656.7
1228660 2656.7
1228670 2668.1
1228680 2681.8
1228690 2681.8
1228700 2695.3
1228710 2706.5
1228720 2719.1
1228730 2719.1
1228740 2729.3
1228750 2739.4
1228760 2739.4
1228770 2751.3
1228780 2767.9
1228790 2767.9
1228800 2776.1
1228810 2775.3
1228820 2775.3
1228830 2772.8
1228840 2769.7
1228850 2769.7
1228860 2765.0
1228870 2765.2
1228880 2765.2
1228890 2767.7
1228900 2768.9
1228910 2768.9
1228920 2769.8
1228930 2771.5
1228940 2778.8
1228950 2778.8
1228960 2784.8
1228970 2805.3
1228980 2805.3
1228990 2822.3
1229000 2826.4
1229010 2826.4
1229020 2823.0
1229030 2819.7
1229040 2819.7
1229050 2820.2
1229060 2826.0
1229070 2826.0
1229080 2836.9
1229090 2850.8
1229100 2850.8
1229110 2867.0
1229120 2879.6
1229130 2886.1
1229140 2886.1
1229150 2889.9
1229160 2892.6
1229170 2892.6
1229180 2894.1
1229190 2895.8
1229200 2895.8
1229210 2896.9
1229220 2900.3
1229230 2900.3
1229240 2902.5
1229250 2903.6
1229260 2903.6
1229270 2909.6
1229280 2923.3
1229290 2923.3
1229300 2930.5
1229310 2931.9
1229320 2931.9
1229330 2927.9
1229340 2925.2
1229350 2922.9
1229360 2922.9
1229370 2921.4
1229380 2921.1
1229390 2921.1
1229400 2920.9
1229410 2919.7
1229420 2919.7
1229430 2918.0
1229440 2916.4
1229450 2916.4
1229460 2914.2
1229470 2912.3
1229480 2912.3
1229490 2915.6
1229500 2913.8
1229510 2913.8
1229520 2912.2
1229530 2910.2
1229540 2907.3
1229550 2907.3
1229560 2906.3
1229570 2905.9
1229580 2905.9
1229590 2903.9
1229600 2902.0
1229610 2902.0
1229620 2900.9
1229630 2898.5
1229640 2898.5
1229650 2896.0
1229660 2891.4
1229670 2891.4
1229680 2880.2
1229690 2871.7
1229700 2871.7
1229710 2863.9
1229720 2855.7
1229730 2855.7
1229740 2844.9
1229750 2838.3
1229760 2831.6
1229770 2831.6
1229780 2824.5
1229790 2818.7
1229800 2818.7
1229810 2814.1
1229820 2809.0
1229830 2809.0
1229840 2805.2
1229850 2800.3
1229860 2800.3
1229870 2793.7
1229880 2787.7
1229890 2787.7
1229900 2780.4
1229910 2774.2
1229920 2774.2
1229930 2768.9
1229940 2765.3
1229950 2760.9
1229960 2760.9
1229970 2757.0
1229980 2753.7
1229990 2755.4
1230000 2752.9
1230010 2750.6
1230020 2750.6
1230030 2747.7
1230040 2745.0
1230050 2745.0
1230060 2742.5
1230070 2740.8
1230080 2740.8
1230090 2740.0
1230100 2739.7
1230110 2739.7
1230120 2739.6
1230130 2739.6
1230140 2739.6
1230150 2739.6
1230160 2739.6
1230170 2739.6
1230180 2739.6
1230190 2739.6
1230200 2739.9
1230210 2739.9
1230220 2741.4
1230230 2743.7
1230240 2743.7
1230250 2744.1
1230260 2745.1
1230270 2745.1
1230280 2746.9
1230290 2748.5
1230300 2748.5
1230310 2753.5
1230320 2758.1
1230330 2758.1
1230340 2760.1
1230350 2762.7
1230360 2765.1
1230370 2765.1
1230380 2764.9
1230390 2763.1
1230400 2763.1
1230410 2760.7
1230420 2759.2
1230430 2759.2
1230440 2755.3
1230450 2749.3
1230460 2749.3
1230470 2743.6
1230480 2739.5
1230490 2741.7
1230500 2739.4
1230510 2737.9
1230520 2737.9
1230530 2736.9
1230540 2737.8
1230550 2737.8
1230560 2739.8
1230570 2743.4
1230580 2748.1
1230590 2748.1
1230600 2753.9
1230610 2760.3
1230620 2760.3
1230630 2773.5
1230640 2789.8
1230650 2789.8
1230660 2805.2
1230670 2811.7
1230680 2811.7
1230690 2822.6
1230700 2841.6
1230710 2841.6
1230720 2851.3
1230730 2856.2
1230740 2856.2
1230750 2856.9
1230760 2856.4
1230770 2856.2
1230780 2856.2
1230790 2854.4
1230800 2852.2
1230810 2852.2
1230820 2851.2
1230830 2852.2
1230840 2852.2
1230850 2853.9
1230860 2856.2
1230870 2856.2
1230880 2862.2
1230890 2869.6
1230900 2869.6
1230910 2877.4
1230920 2885.6
1230930 2885.6
1230940 2889.9
1230950 2893.3
1230960 2893.3
1230970 2897.2
1230980 2900.6
1230990 2903.9
1231000 2903.9
1231010 2907.2
1231020 2912.1
1231030 2912.1
1231040 2918.5
1231050 2923.5
1231060 2923.5
1231070 2925.4
1231080 2927.3
1231090 2927.3
1231100 2928.0
1231110 2927.5
1231120 2927.5
1231130 2926.8
1231140 2927.3
1231150 2927.3
1231160 2930.3
1231170 2932.0
1231180 2931.2
1231190 2931.2
1231200 2931.0
1231210 2931.6
1231220 2931.6
1231230 2933.5
1231240 2937.6
1231250 2937.6
1231260 2942.9
1231270 2945.2
1231280 2945.2
1231290 2954.6
1231300 2966.2
1231310 2966.2
1231320 2973.0
1231330 2980.9
1231340 2980.9
1231350 2987.7
1231360 2991.5
1231370 2991.5
1231380 2996.0
1231390 3001.8
1231400 3008.5
1231410 3008.5
1231420 3015.6
1231430 3022.1
1231440 3022.1
1231450 3030.4
1231460 3037.1
1231470 3037.1
1231480 3045.4
1231490 3052.4
1231500 3052.4
1231510 3059.9
1231520 3067.5
1231530 3067.5
1231540 3077.2
1231550 3088.3
1231560 3088.3
1231570 3099.1
1231580 3112.2
1231590 3122.7
1231600 3122.7
1231610 3129.9
1231620 3136.6
1231630 3136.6
1231640 3142.7
1231650 3146.0
1231660 3146.0
1231670 3148.9
1231680 3151.8
1231690 3151.8
1231700 3154.1
1231710 3155.3
1231720 3155.3
1231730 3156.2
1231740 3157.0
1231750 3157.0
1231760 3158.0
1231770 3158.9
1231780 3158.9
1231790 3159.1
1231800 3157.9
1231810 3154.5
1231820 3154.5
1231830 3150.9
1231840 3147.5
1231850 3147.5
1231860 3144.5
1231870 3141.4
1231880 3141.4
1231890 3136.8
1231900 3131.3
1231910 3131.3
1231920 3124.7
1231930 3114.0
1231940 3114.0
1231950 3108.2
1231960 3104.6
1231970 3104.6
1231980 3104.8
1231990 3102.6
1232000 3100.7
1232010 3100.7
1232020 3098.9
1232030 3097.3
1232040 3097.3
1232050 3096.1
1232060 3095.1
1232070 3095.1
1232080 3094.5
1232090 3093.7
1232100 3093.7
1232110 3093.1
1232120 3092.6
1232130 3092.6
1232140 3092.2
1232150 3091.7
1232160 3091.7
1232170 3091.2
1232180 3090.7
1232190 3090.7
1232200 3090.3
1232210 3089.8
1232220 3089.5
1232230 3089.5
1232240 3089.2
1232250 3089.0
1232260 3089.0
1232270 3088.9
1232280 3088.8
1232290 3088.8
1232300 3088.7
1232310 3088.7
1232320 3088.7
1232330 3088.8
1232340 3088.9
1232350 3088.9
1232360 3089.2
1232370 3089.4
1232380 3089.4
1232390 3089.8
1232400 3090.2
1232410 3090.6
1232420 3090.6
1232430 3090.8
1232440 3090.9
1232450 3090.9
1232460 3091.4
1232470 3092.2
1232480 3092.2
1232490 3096.3
1232500 3097.3
1232510 3097.3
1232520 3098.3
1232530 3099.2
1232540 3099.2
1232550 3100.3
1232560 3101.5
1232570 3101.5
1232580 3102.7
1232590 3103.9
1232600 3103.9
1232610 3105.3
1232620 3106.7
1232630 3108.3
1232640 3108.3
1232650 3110.2
1232660 3112.1
1232670 3112.1
1232680 3114.0
1232690 3116.0
1232700 3116.0
1232710 3118.0
1232720 3120.1
1232730 3120.1
1232740 3122.1
1232750 3123.8
1232760 3123.8
1232770 3125.4
1232780 3127.1
1232790 3127.1
1232800 3130.1
1232810 3137.8
1232820 3152.4
1232830 3152.4
1232840 3164.0
1232850 3179.3
1232860 3179.3
1232870 3191.5
1232880 3207.2
1232890 3207.2
1232900 3214.2
1232910 3215.7
1232920 3215.7
1232930 3215.6
1232940 3215.1
1232950 3215.1
1232960 3215.4
1232970 3215.6
1232980 3215.6
1232990 3224.3
1233000 3224.2
1233010 3224.2
1233020 3223.4
1233030 3222.8
1233040 3222.9
1233050 3222.9
1233060 3223.7
1233070 3225.4
1233080 3225.4
1233090 3227.4
1233100 3229.5
1233110 3229.5
1233120 3231.7
1233130 3233.8
1233140 3233.8
1233150 3235.9
1233160 3238.1
1233170 3238.1
1233180 3240.3
1233190 3242.6
1233200 3242.6
1233210 3245.0
1233220 3247.6
1233230 3250.6
1233240 3250.6
1233250 3253.8
1233260 3258.2
1233270 3258.2
1233280 3263.0
1233290 3257.7
1233300 3257.7
1233310 3243.9
1233320 3229.3
1233330 3229.3
1233340 3213.7
1233350 3205.6
1233360 3205.6
1233370 3198.9
1233380 3192.5
1233390 3192.5
1233400 3186.3
1233410 3180.3
1233420 3180.3
1233430 3174.6
1233440 3169.1
1233450 3163.9
1233460 3163.9
1233470 3158.7
1233480 3153.2
1233490 3153.4
1233500 3148.7
1233510 3144.1
1233520 3144.1
1233530 3139.6
1233540 3135.2
1233550 3135.2
1233560 3130.8
1233570 3126.2
1233580 3126.2
1233590 3121.6
1233600 3116.7
1233610 3116.7
1233620 3111.8
1233630 3106.8
1233640 3101.8
1233650 3101.8
1233660 3096.7
1233670 3091.5
1233680 3091.5
1233690 3086.3
1233700 3081.2
1233710 3081.2
1233720 3076.2
1233730 3071.4
1233740 3071.4
1233750 3066.7
1233760 3062.1
1233770 3062.1
1233780 3057.5
1233790 3053.0
1233800 3053.0
1233810 3048.6
1233820 3044.2
1233830 3044.2
1233840 3039.7
1233850 3035.4
1233860 3031.0
1233870 3031.0
1233880 3026.2
1233890 3022.4
1233900 3022.4
1233910 3019.5
1233920 3016.7
1233930 3016.7
1233940 3015.0
1233950 3009.6
1233960 3009.6
1233970 3002.0
1233980 2997.1
1233990 3000.1
1234000 2990.3
1234010 2979.0
1234020 2979.0
1234030 2969.9
1234040 2960.4
1234050 2951.4
1234060 2951.4
1234070 2944.3
1234080 2937.7
1234090 2937.7
1234100 2929.6
1234110 2916.4
1234120 2916.4
1234130 2906.5
1234140 2899.3
1234150 2899.3
1234160 2889.2
1234170 2880.3
1234180 2880.3
1234190 2873.9
1234200 2870.0
1234210 2870.0
1234220 2868.1
1234230 2866.5
1234240 2866.5
1234250 2864.8
1234260 2862.0
1234270 2857.6
1234280 2857.6
1234290 2853.8
1234300 2852.3
1234310 2852.3
1234320 2852.1
1234330 2852.5
1234340 2852.5
1234350 2850.7
1234360 2846.5
1234370 2846.5
1234380 2841.7
1234390 2836.7
1234400 2836.7
1234410 2831.4
1234420 2825.9
1234430 2825.9
1234440 2823.3
1234450 2823.0
1234460 2823.7
1234470 2823.7
1234480 2827.2
1234490 2829.9
1234500 2826.9
1234510 2829.8
1234520 2833.9
1234530 2833.9
1234540 2838.7
1234550 2843.1
1234560 2843.1
1234570 2846.3
1234580 2848.9
1234590 2848.9
1234600 2851.0
1234610 2851.7
1234620 2851.7
1234630 2852.3
1234640 2853.0
1234650 2853.0
1234660 2853.0
1234670 2852.4
1234680 2852.9
1234690 2852.9
1234700 2854.5
1234710 2856.8
1234720 2856.8
1234730 2859.6
1234740 2862.5
1234750 2862.5
1234760 2865.8
1234770 2869.4
1234780 2869.4
1234790 2873.1
1234800 2877.1
1234810 2877.1
1234820 2881.1
1234830 2885.4
1234840 2885.4
1234850 2889.9
1234860 2894.5
1234870 2899.4
1234880 2899.4
1234890 2904.1
1234900 2908.7
1234910 2908.7
1234920 2913.2
1234930 2917.6
1234940 2917.6
1234950 2922.1
1234960 2927.0
1234970 2927.0
1234980 2931.9
1234990 2936.7
1235000 2936.7
1235010 2942.9
1235020 2947.8
1235030 2947.8
1235040 2952.9
1235050 2958.5
1235060 2965.0
1235070 2965.0
1235080 2972.8
1235090 2978.3
1235100 2978.3
1235110 2983.3
1235120 2990.0
1235130 2990.0
1235140 2997.0
1235150 3004.0
1235160 3004.0
1235170 3010.9
1235180 3017.6
1235190 3017.6
1235200 3024.6
1235210 3031.4
1235220 3031.4
1235230 3038.5
1235240 3046.1
1235250 3046.1
1235260 3054.1
1235270 3063.2
1235280 3075.9
1235290 3075.9
1235300 3088.0
1235310 3099.3
1235320 3099.3
1235330 3114.5
1235340 3133.4
1235350 3133.4
1235360 3150.6
1235370 3163.7
1235380 3163.7
1235390 3172.9
1235400 3180.4
1235410 3180.4
1235420 3184.1
1235430 3187.6
1235440 3187.6
1235450 3195.1
1235460 3201.9
1235470 3208.2
1235480 3208.2
1235490 3211.7
1235500 3210.7
1235510 3201.3
1235520 3205.4
1235530 3205.8
1235540 3205.8
1235550 3210.4
1235560 3216.4
1235570 3216.4
1235580 3215.1
1235590 3208.2
1235600 3208.2
1235610 3208.8
1235620 3215.5
1235630 3215.5
1235640 3220.7
1235650 3225.5
1235660 3225.5
1235670 3231.2
1235680 3238.8
1235690 3246.4
1235700 3246.4
1235710 3256.3
1235720 3263.2
1235730 3263.2
1235740 3257.5
1235750 3247.0
1235760 3247.0
1235770 3238.2
1235780 3228.4
1235790 3228.4
1235800 3219.4
1235810 3207.5
1235820 3207.5
1235830 3190.4
1235840 3178.2
1235850 3178.2
1235860 3174.2
1235870 3169.8
1235880 3166.3
1235890 3166.3
1235900 3164.9
1235910 3164.6
1235920 3164.6
1235930 3162.5
1235940 3160.0
1235950 3160.0
1235960 3158.4
1235970 3156.7
1235980 3156.7
1235990 3155.0
1236000 3153.4
1236010 3153.4
1236020 3151.0
1236030 3149.6
1236040 3149.6
1236050 3148.3
1236060 3146.8
1236070 3146.8
1236080 3145.2
1236090 3145.1
1236100 3146.1
1236110 3146.1
1236120 3146.3
1236130 3145.9
1236140 3145.9
1236150 3145.5
1236160 3145.4
1236170 3145.4
1236180 3146.1
1236190 3146.1
1236200 3146.1
1236210 3146.4
1236220 3147.7
1236230 3147.7
1236240 3149.3
1236250 3150.0
1236260 3150.0
1236270 3152.8
1236280 3164.6
1236290 3164.5
1236300 3164.5
1236310 3149.1
1236320 3131.0
1236330 3131.0
1236340 3116.4
1236350 3102.8
1236360 3102.8
1236370 3091.6
1236380 3076.5
1236390 3076.5
1236400 3061.4
1236410 3050.3
1236420 3050.3
1236430 3041.9
1236440 3033.7
1236450 3033.7
1236460 3027.7
1236470 3020.4
1236480 3020.4
1236490 3013.6
1236500 3008.9
1236510 3005.0
1236520 3005.0
1236530 3004.0
1236540 3001.1
1236550 3001.1
1236560 2998.9
1236570 2997.0
1236580 2997.0
1236590 2995.4
1236600 2994.3
1236610 2994.3
1236620 2994.2
1236630 2993.7
1236640 2993.7
1236650 2993.1
1236660 2992.2
1236670 2992.2
1236680 2991.6
1236690 2990.9
1236700 2990.6
1236710 2990.6
1236720 2990.5
1236730 2990.3
1236740 2990.3
1236750 2990.1
1236760 2989.8
1236770 2989.8
1236780 2989.5
1236790 2989.1
1236800 2989.1
1236810 2988.9
1236820 2988.4
1236830 2988.4
1236840 2988.1
1236850 2987.4
1236860 2987.4
1236870 2986.5
1236880 2986.0
1236890 2986.0
1236900 2985.7
1236910 2985.0
1236920 2984.0
1236930 2984.0
1236940 2983.3
1236950 2982.0
1236960 2982.0
1236970 2980.7
1236980 2979.4
1236990 2979.4
1237000 2978.2
1237010 2977.1
1237020 2977.1
1237030 2976.0
1237040 2977.6
1237050 2977.6
1237060 2977.0
1237070 2974.6
1237080 2974.6
1237090 2972.4
1237100 2971.3
1237110 2970.5
1237120 2970.5
1237130 2970.2
1237140 2969.8
1237150 2969.8
1237160 2968.9
1237170 2968.0
1237180 2968.0
1237190 2967.6
1237200 2967.6
1237210 2967.6
1237220 2967.9
1237230 2968.1
1237240 2968.1
1237250 2968.4
1237260 2968.6
1237270 2968.6
1237280 2968.3
1237290 2968.0
1237300 2968.0
1237310 2967.6
1237320 2968.1
1237330 2968.2
1237340 2968.2
1237350 2967.8
1237360 2967.4
1237370 2967.4
1237380 2966.9
1237390 2966.5
1237400 2966.5
1237410 2966.0
1237420 2965.2
1237430 2965.2
1237440 2964.2
1237450 2963.4
1237460 2963.4
1237470 2962.5
1237480 2961.4
1237490 2961.4
1237500 2960.2
1237510 2959.0
1237520 2957.7
1237530 2957.7
1237540 2956.1
1237550 2959.8
1237560 2959.8
1237570 2957.3
1237580 2954.5
1237590 2954.5
1237600 2954.2
1237610 2961.2
1237620 2961.2
1237630 2965.3
1237640 2963.9
1237650 2963.9
1237660 2963.1
1237670 2961.2
1237680 2961.2
1237690 2957.3
1237700 2955.9
1237710 2955.9
1237720 2956.1
1237730 2957.8
1237740 2958.1
1237750 2958.1
1237760 2958.3
1237770 2950.5
1237780 2950.5
1237790 2938.5
1237800 2934.7
1237810 2934.7
1237820 2933.7
1237830 2933.0
1237840 2933.0
1237850 2931.9
1237860 2930.9
1237870 2930.9
1237880 2930.3
1237890 2930.1
1237900 2930.1
1237910 2930.0
1237920 2929.7
1237930 2929.0
1237940 2929.0
1237950 2928.3
1237960 2927.6
1237970 2927.6
1237980 2926.6
1237990 2925.8
1238000 2925.8
1238010 2924.6
1238020 2923.1
1238030 2923.1
1238040 2921.3
1238050 2919.2
1238060 2919.2
1238070 2921.2
1238080 2920.2
1238090 2920.2
1238100 2919.0
1238110 2917.9
1238120 2917.9
1238130 2917.1
1238140 2916.7
1238150 2917.0
1238160 2917.0
1238170 2918.2
1238180 2919.4
1238190 2919.4
1238200 2931.1
1238210 2927.4
1238220 2927.4
1238230 2915.0
1238240 2905.1
1238250 2905.1
1238260 2898.1
1238270 2892.5
1238280 2892.5
1238290 2886.7
1238300 2881.4
1238310 2881.4
1238320 2877.4
1238330 2874.1
1238340 2870.8
1238350 2870.8
1238360 2861.8
1238370 2845.7
1238380 2845.7
1238390 2826.3
1238400 2810.2
1238410 2810.2
1238420 2799.7
1238430 2792.8
1238440 2792.8
1238450 2787.6
1238460 2783.5
1238470 2783.5
1238480 2780.5
1238490 2778.5
1238500 2778.5
1238510 2777.3
1238520 2776.9
1238530 2776.9
1238540 2777.4
1238550 2779.5
1238560 2782.4
1238570 2782.4
1238580 2789.3
1238590 2790.1
1238600 2790.1
1238610 2789.4
1238620 2789.1
1238630 2789.1
1238640 2789.6
1238650 2790.2
1238660 2790.2
1238670 2789.3
1238680 2786.4
1238690 2786.4
1238700 2784.1
1238710 2786.2
1238720 2786.2
1238730 2790.2
1238740 2793.2
1238750 2795.7
1238760 2795.7
1238770 2795.9
1238780 2795.4
1238790 2795.4
1238800 2795.1
1238810 2795.2
1238820 2795.2
1238830 2796.6
1238840 2800.8
1238850 2800.8
1238860 2805.5
1238870 2808.9
1238880 2808.9
1238890 2813.5
1238900 2817.6
1238910 2817.6
1238920 2820.8
1238930 2827.4
1238940 2827.4
1238950 2832.4
1238960 2834.4
1238970 2835.7
1238980 2835.7
1238990 2838.2
1239000 2841.1
1239010 2841.1
1239020 2843.3
1239030 2844.7
1239040 2844.7
1239050 2845.6
1239060 2845.6
1239070 2845.6
1239080 2845.1
1239090 2844.1
1239100 2844.8
1239110 2839.9
1239120 2833.3
1239130 2833.3
1239140 2823.8
1239150 2816.0
1239160 2809.1
1239170 2809.1
1239180 2803.6
1239190 2799.1
1239200 2799.1
1239210 2795.4
1239220 2795.2
1239230 2795.2
1239240 2795.8
1239250 2796.5
1239260 2796.5
1239270 2797.2
1239280 2798.0
1239290 2798.0
1239300 2798.8
1239310 2799.6
1239320 2799.6
1239330 2800.5
1239340 2801.5
1239350 2801.5
1239360 2802.2
1239370 2802.6
1239380 2802.6
1239390 2802.6
1239400 2802.6
1239410 2802.4
1239420 2802.4
1239430 2802.1
1239440 2802.1
1239450 2802.1
1239460 2802.1
1239470 2801.9
1239480 2801.9
1239490 2801.6
1239500 2801.3
1239510 2801.3
1239520 2801.2
1239530 2801.0
1239540 2801.0
1239550 2800.9
1239560 2801.1
1239570 2801.3
1239580 2801.3
1239590 2801.5
1239600 2801.5
1239610 2802.7
1239620 2802.4
1239630 2802.2
1239640 2802.2
1239650 2801.8
1239660 2801.5
1239670 2801.5
1239680 2801.5
1239690 2801.4
1239700 2801.4
1239710 2801.1
1239720 2801.3
1239730 2801.3
1239740 2801.8
1239750 2802.5
1239760 2802.5
1239770 2803.3
1239780 2804.2
1239790 2805.0
1239800 2805.0
1239810 2805.9
1239820 2806.6
1239830 2806.6
1239840 2807.4
1239850 2808.5
1239860 2808.5
1239870 2809.5
1239880 2810.3
1239890 2810.3
1239900 2811.4
1239910 2812.1
1239920 2812.1
1239930 2813.0
1239940 2814.2
1239950 2814.2
1239960 2815.5
1239970 2817.1
1239980 2818.9
1239990 2818.9
