1220000 2671.8
1220010 2673.7
1220020 2674.3
1220030 2674.3
1220040 2679.6
1220050 2684.7
1220060 2684.7
1220070 2687.4
1220080 2688.3
1220090 2688.3
1220100 2696.3
1220110 2708.0
1220120 2713.0
1220130 2724.4
1220140 2733.2
1220150 2733.2
1220160 2738.8
1220170 2741.8
1220180 2741.8
1220190 2743.3
1220200 2749.6
1220210 2749.6
1220220 2759.2
1220230 2764.0
1220240 2764.4
1220250 2764.4
1220260 2758.9
1220270 2754.3
1220280 2754.3
1220290 2753.2
1220300 2753.2
1220310 2753.2
1220320 2753.2
1220330 2752.6
1220340 2752.6
1220350 2749.3
1220360 2746.0
1220370 2746.0
1220380 2743.5
1220390 2740.8
1220400 2740.8
1220410 2738.0
1220420 2735.6
1220430 2733.2
1220440 2733.2
1220450 2731.7
1220460 2730.4
1220470 2730.4
1220480 2726.9
1220490 2722.8
1220500 2722.8
1220510 2718.5
1220520 2711.5
1220530 2711.5
1220540 2701.7
1220550 2692.5
1220560 2692.5
1220570 2684.2
1220580 2677.2
1220590 2677.2
1220600 2663.6
1220610 2656.9
1220620 2656.9
1220630 2648.0
1220640 2640.8
1220650 2634.9
1220660 2634.9
1220670 2629.2
1220680 2623.2
1220690 2623.2
1220700 2617.3
1220710 2611.5
1220720 2611.5
1220730 2606.2
1220740 2601.0
1220750 2601.0
1220760 2595.9
1220770 2590.9
1220780 2590.9
1220790 2585.9
1220800 2580.9
1220810 2580.9
1220820 2576.0
1220830 2571.0
1220840 2565.8
1220850 2565.8
1220860 2560.6
1220870 2556.1
1220880 2556.1
1220890 2551.8
1220900 2547.6
1220910 2547.6
1220920 2544.5
1220930 2542.3
1220940 2542.3
1220950 2538.9
1220960 2536.2
1220970 2536.2
1220980 2534.2
1220990 2531.0
1221000 2531.0
1221010 2527.3
1221020 2523.6
1221030 2523.6
1221040 2520.3
1221050 2517.3
1221060 2514.1
1221070 2514.1
1221080 2509.9
1221090 2508.0
1221100 2508.0
1221110 2503.0
1221120 2497.6
1221130 2497.6
1221140 2493.5
1221150 2490.0
1221160 2490.0
1221170 2486.9
1221180 2484.5
1221190 2484.5
1221200 2482.8
1221210 2481.1
1221220 2481.1
1221230 2478.0
1221240 2472.9
1221250 2472.9
1221260 2468.4
1221270 2464.7
1221280 2461.7
1221290 2461.7
1221300 2458.4
1221310 2454.3
1221320 2454.3
1221330 2450.1
1221340 2445.5
1221350 2445.5
1221360 2441.3
1221370 2437.6
1221380 2437.6
1221390 2434.2
1221400 2430.7
1221410 2430.7
1221420 2427.6
1221430 2424.4
1221440 2424.4
1221450 2421.3
1221460 2417.9
1221470 2414.5
1221480 2414.5
1221490 2411.0
1221500 2407.9
1221510 2407.9
1221520 2405.0
1221530 2401.9
1221540 2401.9
1221550 2398.6
1221560 2392.2
1221570 2392.2
1221580 2389.7
1221590 2387.0
1221600 2387.0
1221610 2384.6
1221620 2382.3
1221630 2382.3
1221640 2379.3
1221650 2376.4
1221660 2376.4
1221670 2374.1
1221680 2371.0
1221690 2365.8
1221700 2365.8
1221710 2360.7
1221720 2356.0
1221730 2356.0
1221740 2351.5
1221750 2347.7
1221760 2347.7
1221770 2343.5
1221780 2339.9
1221790 2339.9
1221800 2337.0
1221810 2332.9
1221820 2332.9
1221830 2328.6
1221840 2326.4
1221850 2326.4
1221860 2322.7
1221870 2319.8
1221880 2317.8
1221890 2317.8
1221900 2315.0
1221910 2313.5
1221920 2313.5
1221930 2312.2
1221940 2311.3
1221950 2311.3
1221960 2308.9
1221970 2304.5
1221980 2304.5
1221990 2299.2
1222000 2293.4
1222010 2293.4
1222020 2288.9
1222030 2285.4
1222040 2280.2
1222050 2277.6
1222060 2275.9
1222070 2275.9
1222080 2273.4
1222090 2270.5
1222100 2267.2
1222110 2267.2
1222120 2265.4
1222130 2263.8
1222140 2263.8
1222150 2260.5
1222160 2256.4
1222170 2256.4
1222180 2252.1
1222190 2247.3
1222200 2247.3
1222210 2243.1
1222220 2239.4
1222230 2239.4
1222240 2236.1
1222250 2232.1
1222260 2232.1
1222270 2227.2
1222280 2222.6
1222290 2218.8
1222300 2218.8
1222310 2217.3
1222320 2215.8
1222330 2215.8
1222340 2213.5
1222350 2212.4
1222360 2212.4
1222370 2210.6
1222380 2208.0
1222390 2208.0
1222400 2203.6
1222410 2195.8
1222420 2195.8
1222430 2186.7
1222440 2179.3
1222450 2179.3
1222460 2172.1
1222470 2163.9
1222480 2163.9
1222490 2156.5
1222500 2153.2
1222510 2154.7
1222520 2147.7
1222530 2149.7
1222540 2152.8
1222550 2152.8
1222560 2157.2
1222570 2161.8
1222580 2161.8
1222590 2165.5
1222600 2170.9
1222610 2170.9
1222620 2175.0
1222630 2177.1
1222640 2177.1
1222650 2176.8
1222660 2174.7
1222670 2174.7
1222680 2172.9
1222690 2173.1
1222700 2173.0
1222710 2173.0
1222720 2172.0
1222730 2171.8
1222740 2171.8
1222750 2171.3
1222760 2171.1
1222770 2171.1
1222780 2170.7
1222790 2169.7
1222800 2169.7
1222810 2167.8
1222820 2166.4
1222830 2166.4
1222840 2164.3
1222850 2159.9
1222860 2159.9
1222870 2157.0
1222880 2159.5
1222890 2159.5
1222900 2160.0
1222910 2156.9
1222920 2153.7
1222930 2153.7
1222940 2150.9
1222950 2147.8
1222960 2147.8
1222970 2143.5
1222980 2139.9
1222990 2139.9
1223000 2130.2
1223010 2126.4
1223020 2126.4
1223030 2124.0
1223040 2122.1
1223050 2122.1
1223060 2121.3
1223070 2119.2
1223080 2119.2
1223090 2116.9
1223100 2115.4
1223110 2113.7
1223120 2113.7
1223130 2111.3
1223140 2110.7
1223150 2110.7
1223160 2110.0
1223170 2108.8
1223180 2108.8
1223190 2106.9
1223200 2104.9
1223210 2104.9
1223220 2103.0
1223230 2100.4
1223240 2100.4
1223250 2097.5
1223260 2095.1
1223270 2095.1
1223280 2093.7
1223290 2093.1
1223300 2093.1
1223310 2093.4
1223320 2092.2
1223330 2088.0
1223340 2088.0
1223350 2085.0
1223360 2083.8
1223370 2083.8
1223380 2084.5
1223390 2086.1
1223400 2086.1
1223410 2087.8
1223420 2087.3
1223430 2087.3
1223440 2083.7
1223450 2079.0
1223460 2079.0
1223470 2074.9
1223480 2071.4
1223490 2067.0
1223500 2064.8
1223510 2063.5
1223520 2064.4
1223530 2064.4
1223540 2065.0
1223550 2066.0
1223560 2066.0
1223570 2066.9
1223580 2067.5
1223590 2067.5
1223600 2068.3
1223610 2069.6
1223620 2069.6
1223630 2072.8
1223640 2074.3
1223650 2074.3
1223660 2071.6
1223670 2068.5
1223680 2068.5
1223690 2066.4
1223700 2064.0
1223710 2064.0
1223720 2060.8
1223730 2055.0
1223740 2047.1
1223750 2047.1
1223760 2038.2
1223770 2026.4
1223780 2026.4
1223790 2014.5
1223800 2011.2
1223810 2011.2
1223820 2015.7
1223830 2022.0
1223840 2022.0
1223850 2022.9
1223860 2022.6
1223870 2022.6
1223880 2023.4
1223890 2023.2
1223900 2023.2
1223910 2022.3
1223920 2020.9
1223930 2019.1
1223940 2019.1
1223950 2018.2
1223960 2018.5
1223970 2012.8
1223980 2011.9
1223990 2011.2
1224000 2011.2
1224010 2010.5
1224020 2010.4
1224030 2010.4
1224040 2010.0
1224050 2008.4
1224060 2008.4
1224070 2005.4
1224080 2003.9
1224090 2003.9
1224100 2003.8
1224110 2003.6
1224120 2003.6
1224130 2002.5
1224140 2001.8
1224150 2000.6
1224160 2000.6
1224170 1998.8
1224180 1995.2
1224190 1995.2
1224200 1991.0
1224210 1986.8
1224220 1986.8
1224230 1983.1
1224240 1979.5
1224250 1979.5
1224260 1975.3
1224270 1969.3
1224280 1969.3
1224290 1960.8
1224300 1949.7
1224310 1949.7
1224320 1939.5
1224330 1931.9
1224340 1925.7
1224350 1925.7
1224360 1919.8
1224370 1913.8
1224380 1913.8
1224390 1907.4
1224400 1901.1
1224410 1901.1
1224420 1896.0
1224430 1891.7
1224440 1891.7
1224450 1887.1
1224460 1879.0
1224470 1879.0
1224480 1873.5
1224490 1867.8
1224500 1867.8
1224510 1863.3
1224520 1859.4
1224530 1859.4
1224540 1855.3
1224550 1850.7
1224560 1846.7
1224570 1846.7
1224580 1842.8
1224590 1838.2
1224600 1838.2
1224610 1831.8
1224620 1827.2
1224630 1827.2
1224640 1823.4
1224650 1818.9
1224660 1818.9
1224670 1817.0
1224680 1816.2
1224690 1816.2
1224700 1814.4
1224710 1811.3
1224720 1811.3
1224730 1807.2
1224740 1802.7
1224750 1799.6
1224760 1799.6
1224770 1796.1
1224780 1791.3
1224790 1791.3
1224800 1786.5
1224810 1781.8
1224820 1781.8
1224830 1777.6
1224840 1774.3
1224850 1774.3
1224860 1771.5
1224870 1769.4
1224880 1769.4
1224890 1767.6
1224900 1763.8
1224910 1763.8
1224920 1756.9
1224930 1749.0
1224940 1749.0
1224950 1732.0
1224960 1724.8
1224970 1718.9
1224980 1718.9
1224990 1713.0
1225000 1707.8
1225010 1707.8
1225020 1702.5
1225030 1694.6
1225040 1694.6
1225050 1684.1
1225060 1674.1
1225070 1674.1
1225080 1666.9
1225090 1666.6
1225100 1666.6
1225110 1664.3
1225120 1658.8
1225130 1658.8
1225140 1654.4
1225150 1647.9
1225160 1639.1
1225170 1639.1
1225180 1635.0
1225190 1627.0
1225200 1627.0
1225210 1621.3
1225220 1617.9
1225230 1617.9
1225240 1612.9
1225250 1607.5
1225260 1607.5
1225270 1603.9
1225280 1600.3
1225290 1600.3
1225300 1597.0
1225310 1592.6
1225320 1592.6
1225330 1582.9
1225340 1569.1
1225350 1569.1
1225360 1559.3
1225370 1552.6
1225380 1545.5
1225390 1545.5
1225400 1538.5
1225410 1531.9
1225420 1531.9
1225430 1525.6
1225440 1512.8
1225450 1512.8
1225460 1506.3
1225470 1501.9
1225480 1501.9
1225490 1494.6
1225500 1487.0
1225510 1487.0
1225520 1481.1
1225530 1475.0
1225540 1475.0
1225550 1468.5
1225560 1461.9
1225570 1457.3
1225580 1457.3
1225590 1454.2
1225600 1450.7
1225610 1450.7
1225620 1445.1
1225630 1440.0
1225640 1440.0
1225650 1435.9
1225660 1432.4
1225670 1432.4
1225680 1428.4
1225690 1423.8
1225700 1423.8
1225710 1418.4
1225720 1414.8
1225730 1414.8
1225740 1409.5
1225750 1401.6
1225760 1401.6
1225770 1397.8
1225780 1395.1
1225790 1391.5
1225800 1391.5
1225810 1386.4
1225820 1376.7
1225830 1376.7
1225840 1365.8
1225850 1355.1
1225860 1355.1
1225870 1342.6
1225880 1339.3
1225890 1339.3
1225900 1334.5
1225910 1334.2
1225920 1334.5
1225930 1334.5
1225940 1334.3
1225950 1334.3
1225960 1333.8
1225970 1332.1
1225980 1331.1
1225990 1331.1
1226000 1331.1
1226010 1332.0
1226020 1332.0
1226030 1334.0
1226040 1333.7
1226050 1333.7
1226060 1333.7
1226070 1333.7
1226080 1333.7
1226090 1333.7
1226100 1334.0
1226110 1334.0
1226120 1334.3
1226130 1334.9
1226140 1334.9
1226150 1335.4
1226160 1336.1
1226170 1336.1
1226180 1337.0
1226190 1337.9
1226200 1338.6
1226210 1338.6
1226220 1339.4
1226230 1340.7
1226240 1340.7
1226250 1342.8
1226260 1345.8
1226270 1345.8
1226280 1349.4
1226290 1353.3
1226300 1353.3
1226310 1357.0
1226320 1361.1
1226330 1361.1
1226340 1366.3
1226350 1371.8
1226360 1371.8
1226370 1377.7
1226380 1384.0
1226390 1390.1
1226400 1390.1
1226410 1393.4
1226420 1399.3
1226430 1399.3
1226440 1405.2
1226450 1410.0
1226460 1410.0
1226470 1414.5
1226480 1418.7
1226490 1418.7
1226500 1424.0
1226510 1429.7
1226520 1429.7
1226530 1434.7
1226540 1441.2
1226550 1441.2
1226560 1448.8
1226570 1455.3
1226580 1462.1
1226590 1462.1
1226600 1469.5
1226610 1476.9
1226620 1476.9
1226630 1484.3
1226640 1492.3
1226650 1492.3
1226660 1500.1
1226670 1508.0
1226680 1508.0
1226690 1520.4
1226700 1539.8
1226710 1539.8
1226720 1555.9
1226730 1567.0
1226740 1567.0
1226750 1579.6
1226760 1599.2
1226770 1599.2
1226780 1614.1
1226790 1626.7
1226800 1638.1
1226810 1638.1
1226820 1648.7
1226830 1662.2
1226840 1662.2
1226850 1670.1
1226860 1676.8
1226870 1676.8
1226880 1683.6
1226890 1696.0
1226900 1696.0
1226910 1705.3
1226920 1712.0
1226930 1712.0
1226940 1718.4
1226950 1725.3
1226960 1725.3
1226970 1734.9
1226980 1744.0
1226990 1750.9
1227000 1750.9
1227010 1758.4
1227020 1765.8
1227030 1765.8
1227040 1773.5
1227050 1781.7
1227060 1781.7
1227070 1789.3
1227080 1796.4
1227090 1796.4
1227100 1803.6
1227110 1811.1
1227120 1811.1
1227130 1818.5
1227140 1826.3
1227150 1826.3
1227160 1834.1
1227170 1842.4
1227180 1842.4
1227190 1850.7
1227200 1859.2
1227210 1866.8
1227220 1866.8
1227230 1874.5
1227240 1882.7
1227250 1882.7
1227260 1893.2
1227270 1906.9
1227280 1906.9
1227290 1928.3
1227300 1958.5
1227310 1958.5
1227320 1975.9
1227330 1984.4
1227340 1984.4
1227350 1996.8
1227360 2008.4
1227370 2008.4
1227380 2026.0
1227390 2040.7
1227400 2056.0
1227410 2056.0
1227420 2062.6
1227430 2072.9
1227440 2072.9
1227450 2092.0
1227460 2107.8
1227470 2107.8
1227480 2127.8
1227490 2150.0
1227500 2150.0
1227510 2166.5
1227520 2183.1
1227530 2183.1
1227540 2200.7
1227550 2211.8
1227560 2211.8
1227570 2217.3
1227580 2220.7
1227590 2220.7
1227600 2224.1
1227610 2228.0
1227620 2233.8
1227630 2233.8
1227640 2240.8
1227650 2247.9
1227660 2247.9
1227670 2260.5
1227680 2281.1
1227690 2281.1
1227700 2291.0
1227710 2297.0
1227720 2297.0
1227730 2303.2
1227740 2308.3
1227750 2308.3
1227760 2313.6
1227770 2318.8
1227780 2318.8
1227790 2323.2
1227800 2329.6
1227810 2333.9
1227820 2333.9
1227830 2338.0
1227840 2344.1
1227850 2344.1
1227860 2347.5
1227870 2350.6
1227880 2350.6
1227890 2354.4
1227900 2358.7
1227910 2358.7
1227920 2362.8
1227930 2367.2
1227940 2367.2
1227950 2370.4
1227960 2373.9
1227970 2373.9
1227980 2377.8
1227990 2382.0
1228000 2382.0
1228010 2386.0
1228020 2390.6
1228030 2395.0
1228040 2395.0
1228050 2399.8
1228060 2404.4
1228070 2404.4
1228080 2409.4
1228090 2416.9
1228100 2416.9
1228110 2425.5
1228120 2431.1
1228130 2431.1
1228140 2436.0
1228150 2441.2
1228160 2441.2
1228170 2445.1
1228180 2446.9
1228190 2446.9
1228200 2452.2
1228210 2457.8
1228220 2462.7
1228230 2462.7
1228240 2468.6
1228250 2474.8
1228260 2474.8
1228270 2482.3
1228280 2489.5
1228290 2489.5
1228300 2499.7
1228310 2508.2
1228320 2508.2
1228330 2514.5
1228340 2519.1
1228350 2519.1
1228360 2522.3
1228370 2526.6
1228380 2523.0
1228390 2529.4
1228400 2535.7
1228410 2535.7
1228420 2540.9
1228430 2546.6
1228440 2553.0
1228450 2553.0
1228460 2559.9
1228470 2566.8
1228480 2566.8
1228490 2572.6
1228500 2576.9
1228510 2576.9
1228520 2582.0
1228530 2587.8
1228540 2587.8
1228550 2593.9
1228560 2600.2
1228570 2600.2
1228580 2606.8
1228590 2615.0
1228600 2615.0
1228610 2629.8
1228620 2647.7
1228630 2663.9
1228640 2663.9
1228650 2676.8
1228660 2689.8
1228670 2689.8
1228680 2701.9
1228690 2713.0
1228700 2713.0
1228710 2725.5
1228720 2738.1
1228730 2738.1
1228740 2741.2
1228750 2738.6
1228760 2738.6
1228770 2735.8
1228780 2733.8
1228790 2733.8
1228800 2731.4
1228810 2728.8
1228820 2728.8
1228830 2727.5
1228840 2726.0
1228850 2723.6
1228860 2723.6
1228870 2722.3
1228880 2727.9
1228890 2727.9
1228900 2730.9
1228910 2735.2
1228920 2735.2
1228930 2739.9
1228940 2742.6
1228950 2742.6
1228960 2745.1
1228970 2750.7
1228980 2750.7
1228990 2764.5
1229000 2775.3
1229010 2775.3
1229020 2782.2
1229030 2782.7
1229040 2783.8
1229050 2783.8
1229060 2783.5
1229070 2786.8
1229080 2786.8
1229090 2792.4
1229100 2800.5
1229110 2800.5
1229120 2804.3
1229130 2812.2
1229140 2812.2
1229150 2816.6
1229160 2822.3
1229170 2822.3
1229180 2827.6
1229190 2836.9
1229200 2836.9
1229210 2844.2
1229220 2846.6
1229230 2846.6
1229240 2846.1
1229250 2848.8
1229260 2849.8
1229270 2849.8
1229280 2851.6
1229290 2856.8
1229300 2856.8
1229310 2864.5
1229320 2871.6
1229330 2871.6
1229340 2881.0
1229350 2888.9
1229360 2888.9
1229370 2898.5
1229380 2904.6
1229390 2904.6
1229400 2903.8
1229410 2901.3
1229420 2901.3
1229430 2898.6
1229440 2896.7
1229450 2895.2
1229460 2895.2
1229470 2893.3
1229480 2890.6
1229490 2890.6
1229500 2887.8
1229510 2885.3
1229520 2885.3
1229530 2882.8
1229540 2880.0
1229550 2880.0
1229560 2876.5
1229570 2873.4
1229580 2873.4
1229590 2870.7
1229600 2868.2
1229610 2868.2
1229620 2865.2
1229630 2863.4
1229640 2863.4
1229650 2862.4
1229660 2860.8
1229670 2858.1
1229680 2858.1
1229690 2854.8
1229700 2850.6
1229710 2850.6
1229720 2847.1
1229730 2844.5
1229740 2844.5
1229750 2841.4
1229760 2838.1
1229770 2838.1
1229780 2833.2
1229790 2829.9
1229800 2829.9
1229810 2827.1
1229820 2821.0
1229830 2821.0
1229840 2811.7
1229850 2803.0
1229860 2794.6
1229870 2791.8
1229880 2786.2
1229890 2780.2
1229900 2780.2
1229910 2774.9
1229920 2769.7
1229930 2769.7
1229940 2764.5
1229950 2760.3
1229960 2760.3
1229970 2756.9
1229980 2753.0
1229990 2753.0
1230000 2749.7
1230010 2747.0
1230020 2747.0
1230030 2745.0
1230040 2743.5
1230050 2743.5
1230060 2742.8
1230070 2741.9
1230080 2741.3
1230090 2741.3
1230100 2740.8
1230110 2740.6
1230120 2740.6
1230130 2740.4
1230140 2739.9
1230150 2739.9
1230160 2739.8
1230170 2739.8
1230180 2739.8
1230190 2739.9
1230200 2740.6
1230210 2740.6
1230220 2742.4
1230230 2744.3
1230240 2744.3
1230250 2746.4
1230260 2747.2
1230270 2746.6
1230280 2746.6
1230290 2746.5
1230300 2745.1
1230310 2745.1
1230320 2744.3
1230330 2744.0
1230340 2744.0
1230350 2744.2
1230360 2744.1
1230370 2747.1
1230380 2746.6
1230390 2743.7
1230400 2743.7
1230410 2741.4
1230420 2739.8
1230430 2739.8
1230440 2739.4
1230450 2738.1
1230460 2738.1
1230470 2735.8
1230480 2733.7
1230490 2732.0
1230500 2732.0
1230510 2730.9
1230520 2730.0
1230530 2730.0
1230540 2729.3
1230550 2729.5
1230560 2729.5
1230570 2730.3
1230580 2733.5
1230590 2733.5
1230600 2739.4
1230610 2746.4
1230620 2746.4
1230630 2752.9
1230640 2758.8
1230650 2758.8
1230660 2763.4
1230670 2768.4
1230680 2782.2
1230690 2782.2
1230700 2801.9
1230710 2817.7
1230720 2817.7
1230730 2827.6
1230740 2831.0
1230750 2831.0
1230760 2828.5
1230770 2833.7
1230780 2833.7
1230790 2833.8
1230800 2832.4
1230810 2832.4
1230820 2830.8
1230830 2830.2
1230840 2830.2
1230850 2830.7
1230860 2834.3
1230870 2836.5
1230880 2842.6
1230890 2849.3
1230900 2856.9
1230910 2856.9
1230920 2869.2
1230930 2879.3
1230940 2879.3
1230950 2889.0
1230960 2901.2
1230970 2901.2
1230980 2911.9
1230990 2919.8
1231000 2919.8
1231010 2926.5
1231020 2929.8
1231030 2929.8
1231040 2929.9
1231050 2929.3
1231060 2929.3
1231070 2928.5
1231080 2928.7
1231090 2930.0
1231100 2930.0
1231110 2930.7
1231120 2931.2
1231130 2931.2
1231140 2931.3
1231150 2931.7
1231160 2931.7
1231170 2935.4
1231180 2940.0
1231190 2940.0
1231200 2943.5
1231210 2946.4
1231220 2946.4
1231230 2948.4
1231240 2949.4
1231250 2949.4
1231260 2949.7
1231270 2951.9
1231280 2951.9
1231290 2957.3
1231300 2969.0
1231310 2982.1
1231320 2982.1
1231330 2991.6
1231340 2998.7
1231350 2998.7
1231360 3004.3
1231370 3006.0
1231380 3006.0
1231390 3010.3
1231400 3013.5
1231410 3013.5
1231420 3017.5
1231430 3022.6
1231440 3022.6
1231450 3031.8
1231460 3041.3
1231470 3041.3
1231480 3048.3
1231490 3054.3
1231500 3060.9
1231510 3060.9
1231520 3067.7
1231530 3075.4
1231540 3075.4
1231550 3084.3
1231560 3097.6
1231570 3097.6
1231580 3109.6
1231590 3115.8
1231600 3115.8
1231610 3119.3
1231620 3122.6
1231630 3122.6
1231640 3126.2
1231650 3131.7
1231660 3131.7
1231670 3136.7
1231680 3140.8
1231690 3140.8
1231700 3142.2
1231710 3142.5
1231720 3142.7
1231730 3142.7
1231740 3143.9
1231750 3144.6
1231760 3144.6
1231770 3142.2
1231780 3128.3
1231790 3128.3
1231800 3119.4
1231810 3117.0
1231820 3117.0
1231830 3114.9
1231840 3110.5
1231850 3110.5
1231860 3104.8
1231870 3109.1
1231880 3109.1
1231890 3106.3
1231900 3102.0
1231910 3099.0
1231920 3099.0
1231930 3096.9
1231940 3094.0
1231950 3094.0
1231960 3090.9
1231970 3088.9
1231980 3088.9
1231990 3087.6
1232000 3086.5
1232010 3086.5
1232020 3085.8
1232030 3085.4
1232040 3085.4
1232050 3085.1
1232060 3084.8
1232070 3084.8
1232080 3084.5
1232090 3084.1
1232100 3084.1
1232110 3083.7
1232120 3083.1
1232130 3082.6
1232140 3082.6
1232150 3082.1
1232160 3081.7
1232170 3081.7
1232180 3081.4
1232190 3081.1
1232200 3081.1
1232210 3081.0
1232220 3080.9
1232230 3080.9
1232240 3080.9
1232250 3081.0
1232260 3081.0
1232270 3081.1
1232280 3081.2
1232290 3081.2
1232300 3081.5
1232310 3081.8
1232320 3082.2
1232330 3082.2
1232340 3082.5
1232350 3082.8
1232360 3082.8
1232370 3084.0
1232380 3084.0
1232390 3084.0
1232400 3084.1
1232410 3084.1
1232420 3084.1
1232430 3083.8
1232440 3083.1
1232450 3083.1
1232460 3082.1
1232470 3081.5
1232480 3081.5
1232490 3081.7
1232500 3082.1
1232510 3082.1
1232520 3082.7
1232530 3083.2
1232540 3083.8
1232550 3083.8
1232560 3084.6
1232570 3085.7
1232580 3085.7
1232590 3087.0
1232600 3088.7
1232610 3088.7
1232620 3090.4
1232630 3092.5
1232640 3092.5
1232650 3094.6
1232660 3096.8
1232670 3096.8
1232680 3098.9
1232690 3101.0
1232700 3101.0
1232710 3103.1
1232720 3105.0
1232730 3107.1
1232740 3107.1
1232750 3108.6
1232760 3107.3
1232770 3107.3
1232780 3105.0
1232790 3103.2
1232800 3103.2
1232810 3108.2
1232820 3135.9
1232830 3135.9
1232840 3153.2
1232850 3152.6
1232860 3152.6
1232870 3163.8
1232880 3171.0
1232890 3171.0
1232900 3172.7
1232910 3175.4
1232920 3175.4
1232930 3179.0
1232940 3178.9
1232950 3178.7
1232960 3178.7
1232970 3177.7
1232980 3177.2
1232990 3177.2
1233000 3178.0
1233010 3179.9
1233020 3179.9
1233030 3182.1
1233040 3184.5
1233050 3184.5
1233060 3187.0
1233070 3189.7
1233080 3189.7
1233090 3192.3
1233100 3195.2
1233110 3195.2
1233120 3198.0
1233130 3201.0
1233140 3204.0
1233150 3204.0
1233160 3206.9
1233170 3209.8
1233180 3209.8
1233190 3212.6
1233200 3215.3
1233210 3215.3
1233220 3218.1
1233230 3220.9
1233240 3220.9
1233250 3223.9
1233260 3226.8
1233270 3226.8
1233280 3230.2
1233290 3235.8
1233300 3235.8
1233310 3241.0
1233320 3233.7
1233330 3233.7
1233340 3223.3
1233350 3208.3
1233360 3199.8
1233370 3199.3
1233380 3192.6
1233390 3186.6
1233400 3186.6
1233410 3180.8
1233420 3174.9
1233430 3174.9
1233440 3168.9
1233450 3162.8
1233460 3162.8
1233470 3157.3
1233480 3152.2
1233490 3152.2
1233500 3147.0
1233510 3141.8
1233520 3141.8
1233530 3136.4
1233540 3130.9
1233550 3125.3
1233560 3125.3
1233570 3119.6
1233580 3113.9
1233590 3113.9
1233600 3108.3
1233610 3103.1
1233620 3103.1
1233630 3097.3
1233640 3090.7
1233650 3090.7
1233660 3084.8
1233670 3078.4
1233680 3078.4
1233690 3072.0
1233700 3065.6
1233710 3065.6
1233720 3058.7
1233730 3050.9
1233740 3050.9
1233750 3044.5
1233760 3037.9
1233770 3032.0
1233780 3032.0
1233790 3027.1
1233800 3023.2
1233810 3023.2
1233820 3020.1
1233830 3017.7
1233840 3017.7
1233850 3015.9
1233860 3014.2
1233870 3014.2
1233880 3014.1
1233890 3009.6
1233900 3009.6
1233910 3005.3
1233920 3001.1
1233930 3001.1
1233940 2997.6
1233950 2994.0
1233960 2989.7
1233970 2989.7
1233980 2984.8
1233990 2980.1
1234000 2980.1
1234010 2973.7
1234020 2963.8
1234030 2963.8
1234040 2955.5
1234050 2947.5
1234060 2947.5
1234070 2934.9
1234080 2922.8
1234090 2922.8
1234100 2914.1
1234110 2906.6
1234120 2906.6
1234130 2898.3
1234140 2890.5
1234150 2890.5
1234160 2883.4
1234170 2877.3
1234180 2872.3
1234190 2872.3
1234200 2868.7
1234210 2866.4
1234220 2866.4
1234230 2865.2
1234240 2864.9
1234250 2864.9
1234260 2864.9
1234270 2864.5
1234280 2864.5
1234290 2863.7
1234300 2863.7
1234310 2863.7
1234320 2861.7
1234330 2859.2
1234340 2859.2
1234350 2856.1
1234360 2852.0
1234370 2847.0
1234380 2845.5
1234390 2840.8
1234400 2837.3
1234410 2837.3
1234420 2835.7
1234430 2835.1
1234440 2835.1
1234450 2835.0
1234460 2835.6
1234470 2835.6
1234480 2836.8
1234490 2839.4
1234500 2839.4
1234510 2843.8
1234520 2846.8
1234530 2846.8
1234540 2848.2
1234550 2851.3
1234560 2851.3
1234570 2854.9
1234580 2858.8
1234590 2863.1
1234600 2863.1
1234610 2867.6
1234620 2871.2
1234630 2871.2
1234640 2872.1
1234650 2871.5
1234660 2871.5
1234670 2871.6
1234680 2872.6
1234690 2872.6
1234700 2874.0
1234710 2875.7
1234720 2875.7
1234730 2877.6
1234740 2879.6
1234750 2879.6
1234760 2881.8
1234770 2884.1
1234780 2886.5
1234790 2886.5
1234800 2889.1
1234810 2891.9
1234820 2891.9
1234830 2894.9
1234840 2897.9
1234850 2897.9
1234860 2901.1
1234870 2904.4
1234880 2904.4
1234890 2906.4
1234900 2910.0
1234910 2910.0
1234920 2913.8
1234930 2917.7
1234940 2917.7
1234950 2921.8
1234960 2926.2
1234970 2926.2
1234980 2931.0
1234990 2935.9
1235000 2941.1
1235010 2941.1
1235020 2946.9
1235030 2954.9
1235040 2954.9
1235050 2966.9
1235060 2977.2
1235070 2977.2
1235080 2984.4
1235090 2990.1
1235100 2990.1
1235110 2995.6
1235120 3001.0
1235130 3001.0
1235140 3005.8
1235150 3010.3
1235160 3010.3
1235170 3015.0
1235180 3020.3
1235190 3025.8
1235200 3025.8
1235210 3031.9
1235220 3038.6
1235230 3038.6
1235240 3046.0
1235250 3053.8
1235260 3053.8
1235270 3062.0
1235280 3077.1
1235290 3077.1
1235300 3096.2
1235310 3112.4
1235320 3112.4
1235330 3133.9
1235340 3144.0
1235350 3144.0
1235360 3152.8
1235370 3161.8
1235380 3161.8
1235390 3171.0
1235400 3180.6
1235410 3190.9
1235420 3190.9
1235430 3201.5
1235440 3211.4
1235450 3211.4
1235460 3222.5
1235470 3233.8
1235480 3233.8
1235490 3243.4
1235500 3249.2
1235510 3249.2
1235520 3252.4
1235530 3257.8
1235540 3257.8
1235550 3264.0
1235560 3268.7
1235570 3268.7
1235580 3270.3
1235590 3270.9
1235600 3270.5
1235610 3270.5
1235620 3277.0
1235630 3282.8
1235640 3282.8
1235650 3288.5
1235660 3292.1
1235670 3292.1
1235680 3280.2
1235690 3267.7
1235700 3267.7
1235710 3258.0
1235720 3244.1
1235730 3244.1
1235740 3232.4
1235750 3219.2
1235760 3219.2
1235770 3204.7
1235780 3194.2
1235790 3194.2
1235800 3185.6
1235810 3180.2
1235820 3175.7
1235830 3175.7
1235840 3171.2
1235850 3167.3
1235860 3167.3
1235870 3164.8
1235880 3164.4
1235890 3164.4
1235900 3163.6
1235910 3160.8
1235920 3160.8
1235930 3157.8
1235940 3155.0
1235950 3155.0
1235960 3152.3
1235970 3149.5
1235980 3149.5
1235990 3147.2
1236000 3145.0
1236010 3143.1
1236020 3143.1
1236030 3141.3
1236040 3139.9
1236050 3139.9
1236060 3138.8
1236070 3138.1
1236080 3138.1
1236090 3138.0
1236100 3136.6
1236110 3136.6
1236120 3135.0
1236130 3134.2
1236140 3134.2
1236150 3134.5
1236160 3134.0
1236170 3134.0
1236180 3132.2
1236190 3132.0
1236200 3132.0
1236210 3132.3
1236220 3132.0
1236230 3130.4
1236240 3130.4
1236250 3128.2
1236260 3125.3
1236270 3125.3
1236280 3119.6
1236290 3111.7
1236300 3111.7
1236310 3107.5
1236320 3106.7
1236330 3106.7
1236340 3105.2
1236350 3093.5
1236360 3093.5
1236370 3078.2
1236380 3068.5
1236390 3068.5
1236400 3061.5
1236410 3047.5
1236420 3037.0
1236430 3037.0
1236440 3023.8
1236450 3013.2
1236460 3013.2
1236470 3007.5
1236480 3002.7
1236490 3002.7
1236500 2999.0
1236510 2996.2
1236520 2996.2
1236530 2993.6
1236540 2991.3
1236550 2991.3
1236560 2989.1
1236570 2987.2
1236580 2987.2
1236590 2985.4
1236600 2983.8
1236610 2983.8
1236620 2982.6
1236630 2981.8
1236640 2981.1
1236650 2981.1
1236660 2980.5
1236670 2979.8
1236680 2979.8
1236690 2979.0
1236700 2978.4
1236710 2978.4
1236720 2977.9
1236730 2977.5
1236740 2977.5
1236750 2977.3
1236760 2977.0
1236770 2977.0
1236780 2976.7
1236790 2976.3
1236800 2976.3
1236810 2976.1
1236820 2975.8
1236830 2975.5
1236840 2975.5
1236850 2975.1
1236860 2974.6
1236870 2974.6
1236880 2973.8
1236890 2972.9
1236900 2972.9
1236910 2972.2
1236920 2974.0
1236930 2974.0
1236940 2973.1
1236950 2972.2
1236960 2972.2
1236970 2971.5
1236980 2970.1
1236990 2970.1
1237000 2968.8
1237010 2967.6
1237020 2967.6
1237030 2966.5
1237040 2965.5
1237050 2964.3
1237060 2964.3
1237070 2963.0
1237080 2961.8
1237090 2961.8
1237100 2960.5
1237110 2959.6
1237120 2959.6
1237130 2958.4
1237140 2957.6
1237150 2957.6
1237160 2957.0
1237170 2956.0
1237180 2956.0
1237190 2955.2
1237200 2954.4
1237210 2954.4
1237220 2954.4
1237230 2952.6
1237240 2951.2
1237250 2951.2
1237260 2951.1
1237270 2951.0
1237280 2951.0
1237290 2950.6
1237300 2950.0
1237310 2950.0
1237320 2949.3
1237330 2948.4
1237340 2948.4
1237350 2947.4
1237360 2946.4
1237370 2946.4
1237380 2945.5
1237390 2944.4
1237400 2944.4
1237410 2943.2
1237420 2942.0
1237430 2945.0
1237440 2945.0
1237450 2943.9
1237460 2942.7
1237470 2942.7
1237480 2941.4
1237490 2940.0
1237500 2940.0
1237510 2938.5
1237520 2936.7
1237530 2936.7
1237540 2934.9
1237550 2933.0
1237560 2933.0
1237570 2931.0
1237580 2928.7
1237590 2928.7
1237600 2926.4
1237610 2924.0
1237620 2924.0
1237630 2921.4
1237640 2918.6
1237650 2915.8
1237660 2915.8
1237670 2912.9
1237680 2910.3
1237690 2910.3
1237700 2907.7
1237710 2906.0
1237720 2906.0
1237730 2904.1
1237740 2901.9
1237750 2901.9
1237760 2900.0
1237770 2898.4
1237780 2898.4
1237790 2897.0
1237800 2896.0
1237810 2896.0
1237820 2895.4
1237830 2895.5
1237840 2896.2
1237850 2896.2
1237860 2897.7
1237870 2899.4
1237880 2899.4
1237890 2901.9
1237900 2903.1
1237910 2903.1
1237920 2906.0
1237930 2907.8
1237940 2907.8
1237950 2913.0
1237960 2913.3
1237970 2913.3
1237980 2912.6
1237990 2912.6
1238000 2912.6
1238010 2911.3
1238020 2909.9
1238030 2909.9
1238040 2907.5
1238050 2904.9
1238060 2903.4
1238070 2903.4
1238080 2901.6
1238090 2899.3
1238100 2899.3
1238110 2898.0
1238120 2896.1
1238130 2896.1
1238140 2893.7
1238150 2891.2
1238160 2891.2
1238170 2889.0
1238180 2886.8
1238190 2886.8
1238200 2884.9
1238210 2884.2
1238220 2884.2
1238230 2888.5
1238240 2892.9
1238250 2893.4
1238260 2893.4
1238270 2894.3
1238280 2892.3
1238290 2892.3
1238300 2880.3
1238310 2867.9
1238320 2867.9
1238330 2855.0
1238340 2843.4
1238350 2843.4
1238360 2832.0
1238370 2822.3
1238380 2822.3
1238390 2814.9
1238400 2808.1
1238410 2808.1
1238420 2801.1
1238430 2793.7
1238440 2793.7
1238450 2785.7
1238460 2778.0
1238470 2770.4
1238480 2770.4
1238490 2766.0
1238500 2763.9
1238510 2763.9
1238520 2763.6
1238530 2765.2
1238540 2765.2
1238550 2767.4
1238560 2769.5
1238570 2769.5
1238580 2772.6
1238590 2774.8
1238600 2774.8
1238610 2774.8
1238620 2774.1
1238630 2774.1
1238640 2773.0
1238650 2772.3
1238660 2770.6
1238670 2770.6
1238680 2767.9
1238690 2764.9
1238700 2764.9
1238710 2764.1
1238720 2764.3
1238730 2764.3
1238740 2764.5
1238750 2766.1
1238760 2766.1
1238770 2766.4
1238780 2766.7
1238790 2766.7
1238800 2766.3
1238810 2767.3
1238820 2767.3
1238830 2770.1
1238840 2774.0
1238850 2774.0
1238860 2778.5
1238870 2781.8
1238880 2786.0
1238890 2786.0
1238900 2790.6
1238910 2796.0
1238920 2796.0
1238930 2803.5
1238940 2811.0
1238950 2811.0
1238960 2814.1
1238970 2819.9
1238980 2819.9
1238990 2823.7
1239000 2827.4
1239010 2827.4
1239020 2830.4
1239030 2833.7
1239040 2833.7
1239050 2837.1
1239060 2839.1
1239070 2838.9
1239080 2838.9
1239090 2839.8
1239100 2841.8
1239110 2841.8
1239120 2839.7
1239130 2835.6
1239140 2835.6
1239150 2828.4
1239160 2819.0
1239170 2819.0
1239180 2810.8
1239190 2803.7
1239200 2803.7
1239210 2797.1
1239220 2792.1
1239230 2792.1
1239240 2789.9
1239250 2789.7
1239260 2789.7
1239270 2790.2
1239280 2790.8
1239290 2791.7
1239300 2791.7
1239310 2792.4
1239320 2793.2
1239330 2793.2
1239340 2794.0
1239350 2794.9
1239360 2794.9
1239370 2795.9
1239380 2796.4
1239390 2796.4
1239400 2796.6
1239410 2796.3
1239420 2796.3
1239430 2795.9
1239440 2795.7
1239450 2795.7
1239460 2795.5
1239470 2795.4
1239480 2795.2
1239490 2796.5
1239500 2796.2
1239510 2796.1
1239520 2796.1
1239530 2795.9
1239540 2795.7
1239550 2795.7
1239560 2795.8
1239570 2795.8
1239580 2795.8
1239590 2795.9
1239600 2795.9
1239610 2795.9
1239620 2795.8
1239630 2795.1
1239640 2795.1
1239650 2794.5
1239660 2794.2
1239670 2794.2
1239680 2794.1
1239690 2794.0
1239700 2793.7
1239710 2793.7
1239720 2793.9
1239730 2794.5
1239740 2794.5
1239750 2795.3
1239760 2796.2
1239770 2796.2
1239780 2796.9
1239790 2797.8
1239800 2797.8
1239810 2798.8
1239820 2799.7
1239830 2799.7
1239840 2800.8
1239850 2801.8
1239860 2801.8
1239870 2802.9
1239880 2803.9
1239890 2804.9
1239900 2804.9
1239910 2806.0
1239920 2807.0
1239930 2807.0
1239940 2808.3
1239950 2809.7
1239960 2809.7
1239970 2811.3
1239980 2813.0
1239990 2813.0
