1220000 2588.5
1220010 2595.0
1220020 2602.7
1220030 2602.7
1220040 2609.5
1220050 2621.2
1220060 2629.4
1220070 2629.4
1220080 2638.6
1220090 2646.8
1220100 2646.8
1220110 2653.7
1220120 2660.1
1220130 2660.1
1220140 2664.2
1220150 2667.8
1220160 2667.8
1220170 2669.8
1220180 2672.4
1220190 2672.4
1220200 2676.6
1220210 2680.6
1220220 2680.6
1220230 2692.2
1220240 2708.2
1220250 2708.2
1220260 2719.6
1220270 2731.1
1220280 2740.2
1220290 2740.2
1220300 2749.1
1220310 2759.4
1220320 2759.4
1220330 2767.7
1220340 2776.3
1220350 2776.3
1220360 2784.8
1220370 2785.9
1220380 2785.9
1220390 2782.3
1220400 2778.2
1220410 2778.2
1220420 2773.9
1220430 2769.5
1220440 2769.5
1220450 2758.8
1220460 2751.1
1220470 2747.3
1220480 2747.3
1220490 2744.5
1220500 2741.5
1220510 2741.5
1220520 2734.0
1220530 2727.1
1220540 2727.1
1220550 2720.6
1220560 2715.6
1220570 2715.6
1220580 2712.7
1220590 2709.0
1220600 2709.0
1220610 2701.2
1220620 2694.0
1220630 2694.0
1220640 2690.7
1220650 2686.8
1220660 2686.8
1220670 2683.4
1220680 2678.2
1220690 2673.0
1220700 2673.0
1220710 2670.2
1220720 2668.4
1220730 2668.4
1220740 2666.7
1220750 2662.3
1220760 2662.3
1220770 2653.6
1220780 2646.4
1220790 2646.4
1220800 2640.7
1220810 2633.8
1220820 2633.8
1220830 2627.3
1220840 2623.2
1220850 2623.2
1220860 2618.1
1220870 2610.8
1220880 2602.4
1220890 2602.4
1220900 2595.2
1220910 2590.5
1220920 2590.5
1220930 2587.3
1220940 2586.9
1220950 2586.9
1220960 2583.7
1220970 2578.1
1220980 2578.1
1220990 2572.2
1221000 2560.9
1221010 2560.9
1221020 2558.1
1221030 2555.5
1221040 2555.5
1221050 2552.1
1221060 2549.3
1221070 2549.3
1221080 2546.5
1221090 2544.2
1221100 2542.4
1221110 2542.4
1221120 2543.1
1221130 2542.4
1221140 2542.4
1221150 2539.1
1221160 2534.4
1221170 2534.4
1221180 2533.5
1221190 2533.4
1221200 2533.4
1221210 2531.1
1221220 2526.7
1221230 2526.7
1221240 2522.1
1221250 2517.3
1221260 2517.3
1221270 2512.0
1221280 2506.6
1221290 2500.7
1221300 2500.7
1221310 2497.6
1221320 2494.5
1221330 2494.5
1221340 2490.7
1221350 2486.6
1221360 2486.6
1221370 2484.0
1221380 2483.4
1221390 2483.4
1221400 2483.3
1221410 2480.8
1221420 2480.8
1221430 2477.7
1221440 2474.9
1221450 2474.9
1221460 2472.0
1221470 2468.9
1221480 2463.2
1221490 2459.1
1221500 2454.3
1221510 2449.4
1221520 2449.4
1221530 2443.7
1221540 2438.2
1221550 2438.2
1221560 2433.5
1221570 2429.2
1221580 2429.2
1221590 2424.6
1221600 2419.3
1221610 2419.3
1221620 2414.3
1221630 2409.3
1221640 2409.3
1221650 2404.3
1221660 2399.8
1221670 2399.8
1221680 2396.9
1221690 2397.8
1221700 2397.8
1221710 2398.6
1221720 2398.9
1221730 2397.6
1221740 2397.6
1221750 2395.4
1221760 2392.3
1221770 2392.3
1221780 2389.2
1221790 2386.7
1221800 2386.7
1221810 2383.2
1221820 2381.0
1221830 2381.0
1221840 2379.1
1221850 2376.7
1221860 2376.7
1221870 2374.3
1221880 2372.1
1221890 2372.1
1221900 2369.7
1221910 2366.4
1221920 2362.9
1221930 2362.9
1221940 2360.1
1221950 2358.2
1221960 2358.2
1221970 2348.8
1221980 2346.0
1221990 2346.0
1222000 2343.8
1222010 2340.4
1222020 2340.4
1222030 2337.0
1222040 2333.1
1222050 2333.1
1222060 2329.0
1222070 2324.9
1222080 2324.9
1222090 2320.5
1222100 2316.4
1222110 2316.4
1222120 2312.8
1222130 2309.9
1222140 2306.0
1222150 2306.0
1222160 2302.1
1222170 2299.4
1222180 2299.4
1222190 2296.6
1222200 2293.1
1222210 2293.1
1222220 2290.0
1222230 2286.4
1222240 2286.4
1222250 2282.2
1222260 2277.9
1222270 2277.9
1222280 2272.9
1222290 2267.3
1222300 2267.3
1222310 2261.5
1222320 2255.5
1222330 2248.7
1222340 2248.7
1222350 2241.0
1222360 2232.2
1222370 2232.2
1222380 2222.9
1222390 2214.8
1222400 2214.8
1222410 2208.7
1222420 2207.2
1222430 2207.2
1222440 2209.7
1222450 2205.1
1222460 2205.1
1222470 2208.5
1222480 2211.5
1222490 2211.5
1222500 2213.3
1222510 2214.4
1222520 2214.4
1222530 2219.0
1222540 2224.6
1222550 2227.8
1222560 2227.8
1222570 2229.2
1222580 2230.1
1222590 2230.1
1222600 2230.8
1222610 2232.3
1222620 2232.3
1222630 2233.2
1222640 2232.7
1222650 2232.7
1222660 2232.4
1222670 2231.9
1222680 2231.9
1222690 2231.1
1222700 2230.4
1222710 2230.4
1222720 2230.0
1222730 2229.2
1222740 2228.0
1222750 2228.0
1222760 2226.7
1222770 2225.4
1222780 2225.4
1222790 2223.8
1222800 2221.1
1222810 2221.1
1222820 2218.1
1222830 2217.8
1222840 2217.8
1222850 2218.9
1222860 2220.6
1222870 2220.6
1222880 2221.2
1222890 2218.8
1222900 2218.8
1222910 2214.5
1222920 2209.7
1222930 2202.9
1222940 2198.9
1222950 2195.4
1222960 2190.5
1222970 2190.5
1222980 2187.2
1222990 2184.8
1223000 2184.8
1223010 2181.8
1223020 2179.0
1223030 2179.0
1223040 2178.1
1223050 2178.2
1223060 2178.2
1223070 2175.7
1223080 2172.5
1223090 2172.5
1223100 2170.6
1223110 2168.7
1223120 2168.7
1223130 2166.6
1223140 2165.9
1223150 2166.0
1223160 2166.0
1223170 2165.6
1223180 2164.7
1223190 2164.7
1223200 2162.6
1223210 2161.1
1223220 2161.1
1223230 2160.8
1223240 2158.0
1223250 2158.0
1223260 2154.6
1223270 2151.8
1223280 2151.8
1223290 2149.6
1223300 2147.4
1223310 2147.4
1223320 2145.9
1223330 2143.3
1223340 2143.3
1223350 2140.8
1223360 2139.5
1223370 2138.7
1223380 2138.7
1223390 2138.0
1223400 2137.0
1223410 2137.0
1223420 2128.0
1223430 2124.1
1223440 2124.1
1223450 2121.7
1223460 2122.7
1223470 2122.7
1223480 2124.9
1223490 2128.0
1223500 2128.0
1223510 2130.8
1223520 2134.1
1223530 2134.1
1223540 2137.1
1223550 2137.6
1223560 2142.5
1223570 2142.5
1223580 2146.7
1223590 2146.0
1223600 2146.0
1223610 2142.8
1223620 2134.9
1223630 2134.9
1223640 2123.6
1223650 2116.5
1223660 2116.5
1223670 2110.6
1223680 2105.4
1223690 2105.4
1223700 2098.6
1223710 2090.8
1223720 2090.8
1223730 2084.3
1223740 2075.7
1223750 2075.7
1223760 2069.6
1223770 2064.3
1223780 2063.0
1223790 2063.0
1223800 2068.6
1223810 2071.1
1223820 2071.1
1223830 2072.3
1223840 2070.3
1223850 2070.3
1223860 2067.9
1223870 2066.2
1223880 2066.2
1223890 2064.1
1223900 2058.6
1223910 2058.6
1223920 2058.4
1223930 2058.2
1223940 2058.2
1223950 2058.0
1223960 2057.5
1223970 2057.5
1223980 2057.5
1223990 2057.4
1224000 2056.2
1224010 2056.2
1224020 2052.7
1224030 2048.2
1224040 2048.2
1224050 2046.1
1224060 2045.5
1224070 2045.5
1224080 2044.9
1224090 2043.5
1224100 2043.5
1224110 2042.1
1224120 2040.9
1224130 2040.9
1224140 2038.6
1224150 2034.9
1224160 2034.9
1224170 2030.2
1224180 2025.8
1224190 2021.4
1224200 2021.4
1224210 2017.0
1224220 2012.3
1224230 2012.3
1224240 2007.1
1224250 2001.8
1224260 2001.8
1224270 1997.1
1224280 1992.2
1224290 1992.2
1224300 1986.8
1224310 1981.2
1224320 1981.2
1224330 1975.6
1224340 1968.9
1224350 1968.9
1224360 1960.9
1224370 1954.3
1224380 1948.5
1224390 1943.6
1224400 1938.2
1224410 1932.2
1224420 1932.2
1224430 1926.3
1224440 1919.8
1224450 1919.8
1224460 1914.5
1224470 1907.9
1224480 1907.9
1224490 1903.5
1224500 1901.0
1224510 1901.0
1224520 1896.5
1224530 1892.6
1224540 1892.6
1224550 1888.4
1224560 1884.2
1224570 1884.2
1224580 1880.6
1224590 1877.2
1224600 1873.3
1224610 1873.3
1224620 1869.2
1224630 1865.3
1224640 1865.3
1224650 1861.8
1224660 1858.7
1224670 1858.7
1224680 1855.0
1224690 1852.6
1224700 1852.6
1224710 1851.6
1224720 1850.4
1224730 1850.4
1224740 1847.9
1224750 1843.7
1224760 1843.7
1224770 1839.1
1224780 1834.6
1224790 1830.9
1224800 1830.9
1224810 1829.8
1224820 1829.2
1224830 1829.2
1224840 1824.4
1224850 1816.7
1224860 1816.7
1224870 1807.9
1224880 1798.7
1224890 1798.7
1224900 1789.4
1224910 1779.2
1224920 1779.2
1224930 1770.3
1224940 1761.2
1224950 1761.2
1224960 1753.0
1224970 1747.0
1224980 1747.0
1224990 1740.8
1225000 1734.5
1225010 1728.7
1225020 1728.7
1225030 1722.9
1225040 1717.0
1225050 1717.0
1225060 1712.9
1225070 1711.5
1225080 1711.5
1225090 1711.3
1225100 1708.5
1225110 1708.5
1225120 1703.2
1225130 1697.6
1225140 1697.6
1225150 1691.4
1225160 1685.0
1225170 1685.0
1225180 1679.2
1225190 1674.2
1225200 1669.7
1225210 1669.7
1225220 1665.7
1225230 1661.6
1225240 1661.6
1225250 1657.1
1225260 1652.8
1225270 1652.8
1225280 1649.4
1225290 1646.2
1225300 1646.2
1225310 1641.9
1225320 1634.3
1225330 1634.3
1225340 1626.9
1225350 1620.3
1225360 1620.3
1225370 1611.4
1225380 1600.7
1225390 1600.7
1225400 1591.1
1225410 1581.0
1225420 1572.0
1225430 1572.0
1225440 1564.5
1225450 1555.4
1225460 1555.4
1225470 1538.9
1225480 1524.8
1225490 1524.8
1225500 1510.2
1225510 1502.9
1225520 1502.9
1225530 1497.7
1225540 1490.9
1225550 1490.9
1225560 1479.9
1225570 1467.4
1225580 1467.4
1225590 1457.1
1225600 1449.4
1225610 1441.9
1225620 1441.9
1225630 1435.6
1225640 1430.1
1225650 1430.1
1225660 1426.0
1225670 1422.4
1225680 1422.4
1225690 1417.8
1225700 1413.4
1225710 1413.4
1225720 1406.3
1225730 1399.9
1225740 1399.9
1225750 1393.9
1225760 1388.4
1225770 1388.4
1225780 1378.8
1225790 1371.8
1225800 1371.8
1225810 1366.0
1225820 1360.9
1225830 1354.7
1225840 1354.7
1225850 1347.6
1225860 1342.2
1225870 1342.2
1225880 1337.3
1225890 1333.0
1225900 1333.0
1225910 1332.6
1225920 1332.7
1225930 1332.7
1225940 1332.9
1225950 1333.0
1225960 1333.0
1225970 1332.8
1225980 1331.9
1225990 1331.9
1226000 1332.1
1226010 1332.8
1226020 1331.6
1226030 1331.6
1226040 1330.1
1226050 1330.2
1226060 1330.2
1226070 1332.8
1226080 1333.1
1226090 1333.1
1226100 1332.9
1226110 1333.1
1226120 1333.1
1226130 1333.4
1226140 1333.9
1226150 1333.9
1226160 1334.5
1226170 1335.2
1226180 1335.2
1226190 1336.0
1226200 1337.9
1226210 1337.9
1226220 1339.3
1226230 1340.8
1226240 1343.2
1226250 1343.2
1226260 1345.0
1226270 1347.6
1226280 1347.6
1226290 1350.5
1226300 1352.8
1226310 1352.8
1226320 1355.8
1226330 1359.4
1226340 1359.9
1226350 1363.4
1226360 1367.2
1226370 1367.2
1226380 1371.2
1226390 1374.0
1226400 1374.0
1226410 1376.6
1226420 1381.4
1226430 1393.4
1226440 1393.4
1226450 1407.7
1226460 1420.7
1226470 1420.7
1226480 1435.3
1226490 1449.2
1226500 1449.2
1226510 1459.3
1226520 1469.3
1226530 1469.3
1226540 1479.2
1226550 1485.7
1226560 1485.7
1226570 1491.4
1226580 1497.1
1226590 1497.1
1226600 1503.0
1226610 1508.7
1226620 1508.7
1226630 1514.0
1226640 1518.1
1226650 1522.0
1226660 1522.0
1226670 1527.1
1226680 1533.3
1226690 1533.3
1226700 1540.5
1226710 1547.5
1226720 1547.5
1226730 1563.1
1226740 1588.1
1226750 1588.1
1226760 1599.0
1226770 1608.1
1226780 1608.1
1226790 1615.0
1226800 1622.3
1226810 1622.3
1226820 1631.8
1226830 1650.9
1226840 1660.0
1226850 1660.0
1226860 1671.0
1226870 1682.8
1226880 1682.8
1226890 1691.0
1226900 1695.1
1226910 1695.1
1226920 1698.3
1226930 1702.8
1226940 1702.8
1226950 1710.7
1226960 1719.1
1226970 1719.1
1226980 1727.8
1226990 1735.6
1227000 1735.6
1227010 1742.5
1227020 1752.2
1227030 1752.2
1227040 1763.4
1227050 1773.1
1227060 1780.9
1227070 1780.9
1227080 1786.7
1227090 1792.5
1227100 1792.5
1227110 1799.1
1227120 1807.2
1227130 1807.2
1227140 1815.0
1227150 1822.3
1227160 1822.3
1227170 1830.7
1227180 1838.4
1227190 1838.4
1227200 1844.9
1227210 1855.9
1227220 1855.9
1227230 1880.3
1227240 1898.2
1227250 1907.6
1227260 1907.6
1227270 1916.7
1227280 1926.1
1227290 1926.1
1227300 1933.8
1227310 1941.8
1227320 1957.0
1227330 1964.2
1227340 1976.3
1227350 1976.3
1227360 1992.1
1227370 2006.5
1227380 2006.5
1227390 2015.9
1227400 2034.6
1227410 2034.6
1227420 2051.2
1227430 2063.0
1227440 2063.0
1227450 2072.3
1227460 2085.8
1227470 2096.5
1227480 2096.5
1227490 2108.9
1227500 2117.5
1227510 2117.5
1227520 2129.7
1227530 2137.7
1227540 2137.7
1227550 2148.2
1227560 2163.7
1227570 2163.7
1227580 2178.0
1227590 2187.1
1227600 2187.1
1227610 2191.5
1227620 2193.6
1227630 2193.6
1227640 2201.8
1227650 2211.8
1227660 2222.2
1227670 2222.2
1227680 2230.3
1227690 2238.2
1227700 2238.2
1227710 2242.8
1227720 2247.3
1227730 2247.3
1227740 2259.6
1227750 2275.2
1227760 2275.2
1227770 2290.6
1227780 2307.0
1227790 2307.0
1227800 2319.1
1227810 2329.1
1227820 2326.7
1227830 2339.6
1227840 2346.6
1227850 2346.6
1227860 2354.1
1227870 2361.8
1227880 2370.8
1227890 2370.8
1227900 2380.4
1227910 2386.2
1227920 2386.2
1227930 2392.3
1227940 2397.5
1227950 2397.5
1227960 2402.6
1227970 2409.4
1227980 2409.4
1227990 2415.8
1228000 2422.7
1228010 2422.7
1228020 2429.7
1228030 2436.6
1228040 2436.6
1228050 2442.6
1228060 2447.4
1228070 2452.2
1228080 2452.2
1228090 2456.0
1228100 2459.5
1228110 2459.5
1228120 2463.1
1228130 2466.1
1228140 2466.1
1228150 2470.5
1228160 2475.1
1228170 2475.1
1228180 2480.3
1228190 2485.3
1228200 2485.3
1228210 2490.6
1228220 2496.1
1228230 2496.1
1228240 2501.2
1228250 2505.9
1228260 2505.9
1228270 2510.8
1228280 2516.7
1228290 2523.4
1228300 2523.4
1228310 2529.6
1228320 2535.7
1228330 2535.7
1228340 2540.3
1228350 2544.7
1228360 2544.7
1228370 2548.8
1228380 2551.6
1228390 2551.6
1228400 2556.3
1228410 2563.2
1228420 2563.2
1228430 2573.4
1228440 2583.8
1228450 2583.8
1228460 2592.3
1228470 2599.1
1228480 2604.8
1228490 2604.8
1228500 2609.7
1228510 2613.8
1228520 2613.8
1228530 2619.1
1228540 2623.0
1228550 2623.0
1228560 2627.5
1228570 2631.8
1228580 2631.8
1228590 2639.6
1228600 2646.6
1228610 2646.6
1228620 2654.9
1228630 2656.3
1228640 2656.3
1228650 2657.0
1228660 2666.6
1228670 2671.5
1228680 2671.5
1228690 2672.2
1228700 2673.0
1228710 2673.0
1228720 2672.5
1228730 2672.1
1228740 2672.1
1228750 2670.1
1228760 2670.0
1228770 2670.0
1228780 2667.8
1228790 2665.9
1228800 2673.3
1228810 2673.2
1228820 2676.3
1228830 2676.3
1228840 2678.7
1228850 2679.8
1228860 2679.8
1228870 2681.7
1228880 2682.0
1228890 2681.5
1228900 2681.5
1228910 2680.7
1228920 2680.8
1228930 2680.8
1228940 2679.7
1228950 2681.8
1228960 2681.8
1228970 2681.9
1228980 2680.3
1228990 2680.3
1229000 2682.0
1229010 2685.3
1229020 2685.3
1229030 2689.4
1229040 2691.6
1229050 2691.6
1229060 2693.5
1229070 2700.7
1229080 2707.2
1229090 2707.2
1229100 2707.4
1229110 2710.2
1229120 2710.2
1229130 2720.6
1229140 2725.5
1229150 2725.5
1229160 2731.2
1229170 2740.7
1229180 2740.7
1229190 2753.4
1229200 2760.8
1229210 2760.8
1229220 2767.2
1229230 2778.4
1229240 2778.4
1229250 2789.2
1229260 2797.4
1229270 2797.4
1229280 2809.0
1229290 2820.2
1229300 2831.5
1229310 2831.5
1229320 2843.1
1229330 2849.0
1229340 2849.0
1229350 2851.4
1229360 2852.3
1229370 2852.3
1229380 2853.0
1229390 2852.8
1229400 2852.8
1229410 2851.7
1229420 2852.2
1229430 2852.2
1229440 2852.3
1229450 2851.5
1229460 2851.5
1229470 2850.9
1229480 2849.2
1229490 2846.3
1229500 2846.3
1229510 2843.1
1229520 2840.0
1229530 2840.0
1229540 2837.2
1229550 2833.4
1229560 2833.4
1229570 2829.6
1229580 2826.6
1229590 2826.6
1229600 2824.4
1229610 2822.2
1229620 2822.2
1229630 2820.6
1229640 2819.3
1229650 2819.3
1229660 2818.5
1229670 2816.4
1229680 2816.4
1229690 2813.7
1229700 2811.1
1229710 2808.0
1229720 2808.0
1229730 2804.7
1229740 2801.9
1229750 2801.9
1229760 2799.3
1229770 2796.4
1229780 2796.4
1229790 2794.6
1229800 2796.5
1229810 2796.5
1229820 2793.9
1229830 2791.2
1229840 2791.2
1229850 2786.8
1229860 2783.2
1229870 2783.2
1229880 2780.3
1229890 2776.0
1229900 2774.6
1229910 2774.6
1229920 2771.4
1229930 2766.0
1229940 2766.0
1229950 2761.4
1229960 2757.5
1229970 2757.5
1229980 2752.4
1229990 2747.3
1230000 2747.3
1230010 2742.2
1230020 2737.7
1230030 2737.7
1230040 2732.6
1230050 2729.7
1230060 2729.7
1230070 2725.5
1230080 2721.6
1230090 2721.6
1230100 2718.1
1230110 2715.4
1230120 2715.0
1230130 2715.0
1230140 2715.2
1230150 2716.4
1230160 2716.4
1230170 2718.0
1230180 2718.6
1230190 2718.6
1230200 2718.5
1230210 2717.8
1230220 2717.8
1230230 2716.3
1230240 2715.9
1230250 2715.9
1230260 2718.3
1230270 2719.9
1230280 2719.9
1230290 2722.6
1230300 2721.1
1230310 2720.4
1230320 2720.4
1230330 2720.7
1230340 2722.2
1230350 2722.2
1230360 2723.4
1230370 2723.8
1230380 2723.8
1230390 2723.7
1230400 2723.8
1230410 2723.8
1230420 2724.1
1230430 2724.5
1230440 2724.5
1230450 2725.5
1230460 2727.4
1230470 2727.4
1230480 2729.4
1230490 2729.0
1230500 2729.0
1230510 2727.7
1230520 2727.0
1230530 2727.0
1230540 2727.0
1230550 2726.9
1230560 2727.0
1230570 2727.0
1230580 2726.9
1230590 2726.9
1230600 2726.9
1230610 2726.9
1230620 2727.4
1230630 2727.4
1230640 2731.1
1230650 2736.0
1230660 2736.0
1230670 2740.6
1230680 2745.0
1230690 2745.0
1230700 2749.9
1230710 2755.6
1230720 2761.6
1230730 2761.6
1230740 2767.4
1230750 2773.0
1230760 2773.0
1230770 2778.0
1230780 2784.6
1230790 2789.2
1230800 2794.8
1230810 2800.0
1230820 2800.0
1230830 2809.1
1230840 2822.2
1230850 2822.2
1230860 2841.9
1230870 2850.4
1230880 2850.4
1230890 2858.5
1230900 2869.0
1230910 2869.0
1230920 2878.6
1230930 2888.0
1230940 2897.5
1230950 2897.5
1230960 2913.9
1230970 2928.7
1230980 2928.7
1230990 2942.8
1231000 2957.8
1231010 2957.8
1231020 2969.6
1231030 2979.9
1231040 2979.9
1231050 2992.0
1231060 3002.4
1231070 3002.4
1231080 3007.9
1231090 3011.1
1231100 3011.1
1231110 3012.0
1231120 3013.0
1231130 3016.5
1231140 3016.5
1231150 3018.8
1231160 3020.7
1231170 3020.7
1231180 3019.9
1231190 3018.4
1231200 3018.4
1231210 3018.2
1231220 3019.0
1231230 3019.0
1231240 3019.1
1231250 3019.8
1231260 3019.8
1231270 3020.7
1231280 3021.8
1231290 3011.7
1231300 3015.9
1231310 3021.4
1231320 3021.4
1231330 3029.2
1231340 3034.1
1231350 3036.4
1231360 3036.4
1231370 3039.4
1231380 3043.4
1231390 3043.4
1231400 3047.2
1231410 3049.9
1231420 3049.9
1231430 3053.3
1231440 3057.6
1231450 3057.6
1231460 3062.6
1231470 3068.4
1231480 3068.4
1231490 3073.4
1231500 3077.6
1231510 3077.6
1231520 3081.5
1231530 3083.6
1231540 3085.0
1231550 3085.0
1231560 3085.9
1231570 3088.2
1231580 3088.2
1231590 3092.1
1231600 3095.9
1231610 3095.9
1231620 3100.5
1231630 3106.1
1231640 3106.1
1231650 3112.9
1231660 3117.0
1231670 3117.0
1231680 3116.5
1231690 3113.7
1231700 3113.7
1231710 3107.2
1231720 3101.4
1231730 3101.4
1231740 3096.0
1231750 3090.9
1231760 3086.4
1231770 3086.4
1231780 3082.8
1231790 3082.1
1231800 3082.1
1231810 3079.6
1231820 3077.7
1231830 3077.7
1231840 3076.4
1231850 3075.3
1231860 3075.3
1231870 3074.6
1231880 3074.0
1231890 3074.0
1231900 3073.7
1231910 3073.8
1231920 3073.8
1231930 3074.1
1231940 3073.9
1231950 3073.2
1231960 3073.2
1231970 3072.3
1231980 3071.3
1231990 3071.3
1232000 3070.4
1232010 3069.5
1232020 3069.5
1232030 3068.8
1232040 3068.3
1232050 3068.3
1232060 3067.9
1232070 3067.6
1232080 3067.6
1232090 3067.5
1232100 3067.3
1232110 3067.3
1232120 3067.2
1232130 3067.1
1232140 3067.1
1232150 3067.0
1232160 3067.0
1232170 3067.2
1232180 3067.2
1232190 3068.0
1232200 3069.3
1232210 3069.3
1232220 3070.2
1232230 3070.9
1232240 3070.9
1232250 3071.3
1232260 3071.7
1232270 3071.7
1232280 3072.2
1232290 3073.9
1232300 3073.9
1232310 3074.4
1232320 3074.8
1232330 3074.8
1232340 3075.4
1232350 3075.8
1232360 3076.1
1232370 3076.1
1232380 3076.4
1232390 3076.5
1232400 3076.5
1232410 3076.7
1232420 3077.0
1232430 3077.0
1232440 3077.3
1232450 3077.5
1232460 3077.5
1232470 3077.7
1232480 3077.8
1232490 3077.8
1232500 3077.7
1232510 3077.4
1232520 3077.4
1232530 3076.9
1232540 3076.3
1232550 3076.3
1232560 3075.4
1232570 3075.2
1232580 3075.8
1232590 3075.8
1232600 3076.7
1232610 3077.7
1232620 3077.7
1232630 3079.0
1232640 3080.3
1232650 3080.3
1232660 3081.8
1232670 3083.4
1232680 3083.4
1232690 3085.2
1232700 3087.2
1232710 3087.2
1232720 3089.2
1232730 3091.4
1232740 3091.4
1232750 3093.9
1232760 3096.6
1232770 3099.6
1232780 3099.6
1232790 3102.7
1232800 3107.2
1232810 3107.2
1232820 3110.4
1232830 3113.6
1232840 3113.6
1232850 3116.9
1232860 3120.3
1232870 3120.3
1232880 3123.8
1232890 3127.3
1232900 3127.3
1232910 3130.7
1232920 3134.0
1232930 3134.0
1232940 3137.2
1232950 3140.5
1232960 3140.5
1232970 3143.5
1232980 3146.5
1232990 3149.4
1233000 3149.4
1233010 3152.2
1233020 3154.8
1233030 3154.8
1233040 3157.3
1233050 3159.6
1233060 3159.6
1233070 3161.9
1233080 3164.1
1233090 3164.1
1233100 3166.2
1233110 3168.2
1233120 3168.2
1233130 3170.3
1233140 3172.2
1233150 3172.2
1233160 3174.1
1233170 3176.1
1233180 3177.9
1233190 3177.9
1233200 3179.7
1233210 3181.5
1233220 3181.5
1233230 3183.3
1233240 3185.1
1233250 3185.1
1233260 3186.9
1233270 3188.8
1233280 3188.8
1233290 3190.7
1233300 3197.9
1233310 3197.9
1233320 3201.7
1233330 3208.0
1233340 3208.0
1233350 3212.4
1233360 3214.4
1233370 3214.4
1233380 3215.1
1233390 3213.9
1233400 3207.3
1233410 3207.3
1233420 3198.4
1233430 3186.4
1233440 3186.4
1233450 3173.6
1233460 3157.8
1233470 3157.8
1233480 3148.7
1233490 3141.5
1233500 3141.5
1233510 3133.4
1233520 3127.5
1233530 3127.5
1233540 3122.5
1233550 3117.8
1233560 3117.8
1233570 3113.0
1233580 3107.3
1233590 3099.3
1233600 3099.3
1233610 3090.2
1233620 3077.3
1233630 3077.3
1233640 3065.3
1233650 3057.8
1233660 3057.8
1233670 3051.8
1233680 3045.8
1233690 3045.8
1233700 3039.9
1233710 3034.2
1233720 3034.2
1233730 3028.6
1233740 3023.5
1233750 3023.5
1233760 3018.7
1233770 3014.2
1233780 3014.2
1233790 3009.7
1233800 3006.4
1233810 3001.6
1233820 3001.6
1233830 2997.0
1233840 2992.8
1233850 2992.8
1233860 2989.1
1233870 2985.8
1233880 2985.8
1233890 2982.7
1233900 2980.1
1233910 2980.1
1233920 2978.0
1233930 2976.4
1233940 2976.4
1233950 2974.9
1233960 2971.0
1233970 2971.0
1233980 2966.8
1233990 2962.3
1234000 2958.0
1234010 2958.0
1234020 2953.4
1234030 2948.2
1234040 2948.2
1234050 2942.5
1234060 2936.5
1234070 2936.5
1234080 2930.6
1234090 2923.2
1234100 2923.2
1234110 2915.9
1234120 2909.9
1234130 2909.9
1234140 2904.1
1234150 2898.0
1234160 2898.0
1234170 2893.8
1234180 2891.4
1234190 2891.4
1234200 2889.5
1234210 2887.8
1234220 2886.1
1234230 2886.1
1234240 2884.5
1234250 2882.9
1234260 2882.9
1234270 2881.2
1234280 2879.4
1234290 2879.4
1234300 2877.7
1234310 2873.8
1234320 2873.8
1234330 2872.5
1234340 2871.6
1234350 2871.6
1234360 2870.6
1234370 2870.2
1234380 2870.2
1234390 2870.1
1234400 2870.5
1234410 2871.1
1234420 2871.1
1234430 2871.7
1234440 2872.4
1234450 2872.4
1234460 2873.3
1234470 2874.4
1234480 2874.4
1234490 2875.5
1234500 2876.9
1234510 2876.9
1234520 2878.3
1234530 2879.7
1234540 2879.7
1234550 2881.1
1234560 2882.5
1234570 2882.5
1234580 2883.9
1234590 2885.3
1234600 2885.3
1234610 2886.8
1234620 2888.2
1234630 2889.8
1234640 2889.8
1234650 2891.4
1234660 2893.1
1234670 2893.1
1234680 2894.8
1234690 2896.5
1234700 2896.5
1234710 2898.2
1234720 2899.7
1234730 2899.7
1234740 2901.2
1234750 2902.8
1234760 2902.8
1234770 2904.2
1234780 2905.5
1234790 2905.5
1234800 2906.9
1234810 2906.9
1234820 2908.3
1234830 2908.3
1234840 2910.1
1234850 2911.9
1234860 2911.9
1234870 2914.0
1234880 2916.7
1234890 2916.7
1234900 2920.2
1234910 2924.1
1234920 2924.1
1234930 2928.1
1234940 2932.2
1234950 2932.2
1234960 2936.3
1234970 2940.8
1234980 2940.8
1234990 2945.4
1235000 2961.5
1235010 2961.5
1235020 2982.3
1235030 2991.1
1235040 2994.8
1235050 2994.8
1235060 2998.9
1235070 3004.0
1235080 3004.0
1235090 3008.8
1235100 3013.9
1235110 3013.9
1235120 3019.7
1235130 3026.3
1235140 3026.3
1235150 3033.3
1235160 3040.4
1235170 3040.4
1235180 3046.8
1235190 3052.1
1235200 3052.1
1235210 3056.9
1235220 3061.4
1235230 3066.4
1235240 3066.4
1235250 3071.6
1235260 3077.3
1235270 3077.3
1235280 3083.8
1235290 3094.3
1235300 3094.3
1235310 3118.4
1235320 3145.1
1235330 3145.1
1235340 3163.6
1235350 3173.4
1235360 3173.4
1235370 3181.3
1235380 3191.6
1235390 3191.6
1235400 3201.6
1235410 3212.0
1235420 3212.0
1235430 3228.0
1235440 3239.9
1235450 3247.5
1235460 3247.5
1235470 3255.3
1235480 3265.2
1235490 3265.2
1235500 3275.1
1235510 3295.1
1235520 3295.1
1235530 3311.4
1235540 3320.6
1235550 3320.6
1235560 3327.8
1235570 3323.8
1235580 3323.8
1235590 3318.6
1235600 3312.2
1235610 3312.2
1235620 3302.8
1235630 3290.8
1235640 3280.7
1235650 3280.7
1235660 3266.8
1235670 3247.7
1235680 3247.7
1235690 3228.8
1235700 3214.9
1235710 3214.9
1235720 3199.5
1235730 3188.6
1235740 3188.6
1235750 3182.0
1235760 3177.7
1235770 3177.7
1235780 3174.3
1235790 3170.7
1235800 3170.7
1235810 3166.8
1235820 3163.3
1235830 3166.1
1235840 3162.6
1235850 3159.7
1235860 3156.4
1235870 3156.4
1235880 3153.3
1235890 3150.2
1235900 3150.2
1235910 3147.2
1235920 3144.5
1235930 3144.5
1235940 3141.8
1235950 3139.2
1235960 3139.2
1235970 3136.7
1235980 3134.5
1235990 3134.5
1236000 3132.6
1236010 3130.7
1236020 3130.7
1236030 3128.9
1236040 3127.3
1236050 3125.9
1236060 3125.9
1236070 3124.6
1236080 3123.4
1236090 3123.4
1236100 3122.4
1236110 3121.5
1236120 3121.5
1236130 3120.8
1236140 3120.2
1236150 3120.2
1236160 3120.1
1236170 3118.8
1236180 3118.8
1236190 3116.6
1236200 3114.4
1236210 3114.4
1236220 3110.7
1236230 3106.8
1236240 3106.8
1236250 3102.5
1236260 3097.9
1236270 3093.1
1236280 3093.1
1236290 3085.0
1236300 3076.7
1236310 3076.7
1236320 3063.9
1236330 3052.6
1236340 3053.8
1236350 3043.6
1236360 3034.6
1236370 3034.6
1236380 3027.1
1236390 3020.7
1236400 3020.7
1236410 3014.8
1236420 3009.7
1236430 3009.7
1236440 3004.9
1236450 3000.2
1236460 2996.0
1236470 2996.0
1236480 2992.6
1236490 2989.5
1236500 2989.5
1236510 2986.5
1236520 2983.5
1236530 2983.5
1236540 2980.8
1236550 2978.4
1236560 2978.4
1236570 2976.0
1236580 2973.8
1236590 2973.8
1236600 2971.8
1236610 2969.8
1236620 2969.8
1236630 2968.0
1236640 2966.3
1236650 2966.3
1236660 2964.9
1236670 2963.9
1236680 2963.0
1236690 2963.0
1236700 2962.3
1236710 2961.5
1236720 2961.5
1236730 2960.7
1236740 2960.0
1236750 2960.0
1236760 2959.3
1236770 2958.6
1236780 2958.6
1236790 2957.9
1236800 2957.2
1236810 2957.2
1236820 2956.4
1236830 2955.4
1236840 2955.4
1236850 2956.6
1236860 2955.9
1236870 2955.0
1236880 2955.0
1236890 2954.1
1236900 2953.1
1236910 2953.1
1236920 2951.8
1236930 2950.2
1236940 2950.2
1236950 2948.8
1236960 2947.7
1236970 2947.7
1236980 2946.8
1236990 2945.6
1237000 2945.6
1237010 2944.7
1237020 2944.3
1237030 2944.3
1237040 2943.1
1237050 2942.0
1237060 2942.0
1237070 2941.0
1237080 2940.2
1237090 2939.2
1237100 2939.2
1237110 2938.4
1237120 2937.6
1237130 2937.6
1237140 2936.4
1237150 2935.4
1237160 2935.4
1237170 2934.4
1237180 2933.4
1237190 2933.4
1237200 2932.5
1237210 2931.7
1237220 2931.7
1237230 2930.4
1237240 2928.9
1237250 2928.9
1237260 2927.7
1237270 2926.4
1237280 2925.3
1237290 2925.3
1237300 2924.2
1237310 2923.1
1237320 2923.1
1237330 2921.8
1237340 2920.2
1237350 2920.2
1237360 2921.6
1237370 2920.1
1237380 2920.1
1237390 2918.6
1237400 2917.2
1237410 2917.2
1237420 2915.7
1237430 2913.8
1237440 2913.8
1237450 2911.8
1237460 2909.8
1237470 2909.8
1237480 2907.5
1237490 2905.2
1237500 2902.6
1237510 2902.6
1237520 2899.9
1237530 2897.0
1237540 2897.0
1237550 2893.8
1237560 2890.8
1237570 2890.8
1237580 2887.8
1237590 2884.9
1237600 2884.9
1237610 2882.1
1237620 2879.4
1237630 2879.4
1237640 2876.8
1237650 2874.5
1237660 2874.5
1237670 2872.5
1237680 2870.7
1237690 2869.0
1237700 2869.0
1237710 2867.5
1237720 2866.1
1237730 2866.1
1237740 2864.9
1237750 2863.7
1237760 2863.7
1237770 2862.5
1237780 2861.3
1237790 2861.3
1237800 2860.2
1237810 2859.1
1237820 2859.1
1237830 2858.2
1237840 2857.6
1237850 2857.6
1237860 2857.0
1237870 2859.5
1237880 2859.5
1237890 2858.2
1237900 2856.7
1237910 2854.9
1237920 2854.9
1237930 2853.4
1237940 2852.4
1237950 2852.4
1237960 2851.7
1237970 2851.3
1237980 2851.3
1237990 2851.2
1238000 2851.2
1238010 2851.2
1238020 2850.9
1238030 2850.1
1238040 2850.1
1238050 2849.0
1238060 2847.3
1238070 2847.3
1238080 2845.2
1238090 2843.7
1238100 2842.5
1238110 2842.5
1238120 2840.7
1238130 2838.6
1238140 2838.6
1238150 2835.3
1238160 2832.9
1238170 2832.9
1238180 2831.2
1238190 2829.7
1238200 2829.7
1238210 2828.5
1238220 2826.6
1238230 2826.6
1238240 2824.8
1238250 2823.6
1238260 2823.6
1238270 2821.3
1238280 2818.0
1238290 2818.0
1238300 2815.5
1238310 2814.1
1238320 2810.6
1238330 2810.6
1238340 2805.0
1238350 2800.8
1238360 2800.8
1238370 2795.6
1238380 2790.7
1238390 2790.7
1238400 2782.8
1238410 2775.2
1238420 2775.2
1238430 2768.6
1238440 2763.7
1238450 2763.7
1238460 2758.8
1238470 2755.8
1238480 2755.8
1238490 2755.5
1238500 2753.5
1238510 2750.3
1238520 2750.3
1238530 2747.6
1238540 2746.4
1238550 2746.4
1238560 2746.8
1238570 2748.0
1238580 2748.0
1238590 2749.5
1238600 2748.9
1238610 2748.9
1238620 2747.3
1238630 2745.4
1238640 2745.4
1238650 2743.2
1238660 2741.4
1238670 2741.4
1238680 2740.0
1238690 2737.2
1238700 2737.2
1238710 2733.3
1238720 2729.1
1238730 2726.1
1238740 2726.1
1238750 2728.3
1238760 2731.5
1238770 2731.5
1238780 2731.0
1238790 2731.9
1238800 2731.9
1238810 2733.4
1238820 2735.4
1238830 2735.4
1238840 2737.5
1238850 2740.9
1238860 2740.9
1238870 2743.9
1238880 2747.5
1238890 2747.5
1238900 2757.7
1238910 2760.8
1238920 2765.6
1238930 2765.6
1238940 2771.7
1238950 2779.0
1238960 2779.0
1238970 2789.6
1238980 2794.0
1238990 2794.0
1239000 2799.8
1239010 2805.4
1239020 2805.4
1239030 2810.2
1239040 2814.0
1239050 2814.0
1239060 2817.6
1239070 2821.5
1239080 2821.5
1239090 2823.4
1239100 2825.1
1239110 2825.1
1239120 2827.3
1239130 2830.1
1239140 2831.2
1239150 2831.2
1239160 2831.0
1239170 2826.9
1239180 2826.9
1239190 2822.1
1239200 2817.2
1239210 2817.2
1239220 2812.7
1239230 2804.6
1239240 2804.6
1239250 2797.5
1239260 2793.9
1239270 2793.9
1239280 2789.7
1239290 2785.1
1239300 2785.1
1239310 2781.9
1239320 2782.1
1239330 2782.6
1239340 2782.6
1239350 2782.9
1239360 2783.6
1239370 2783.6
1239380 2784.3
1239390 2785.0
1239400 2785.0
1239410 2787.1
1239420 2787.0
1239430 2787.0
1239440 2786.4
1239450 2786.9
1239460 2786.9
1239470 2786.8
1239480 2786.7
1239490 2786.7
1239500 2786.6
1239510 2786.9
1239520 2786.9
1239530 2789.4
1239540 2792.0
1239550 2787.6
1239560 2787.6
1239570 2784.3
1239580 2783.8
1239590 2783.8
1239600 2783.5
1239610 2783.3
1239620 2783.3
1239630 2782.9
1239640 2782.6
1239650 2782.6
1239660 2782.1
1239670 2781.5
1239680 2781.5
1239690 2780.6
1239700 2780.2
1239710 2780.2
1239720 2780.3
1239730 2780.7
1239740 2781.3
1239750 2781.3
1239760 2781.9
1239770 2782.5
1239780 2782.5
1239790 2783.0
1239800 2783.7
1239810 2783.7
1239820 2784.4
1239830 2785.6
1239840 2785.6
1239850 2786.8
1239860 2788.0
1239870 2788.0
1239880 2789.2
1239890 2791.2
1239900 2791.2
1239910 2792.2
1239920 2792.8
1239930 2794.9
1239940 2796.0
1239950 2797.6
1239960 2799.1
1239970 2799.1
1239980 2800.3
1239990 2801.8
