1220000 2152.4
1220010 2157.6
1220020 2163.0
1220030 2163.0
1220040 2168.0
1220050 2174.1
1220060 2174.1
1220070 2191.1
1220080 2210.4
1220090 2210.4
1220100 2212.7
1220110 2211.7
1220120 2211.7
1220130 2213.9
1220140 2219.9
1220150 2219.9
1220160 2231.1
1220170 2244.2
1220180 2244.2
1220190 2259.9
1220200 2267.2
1220210 2267.2
1220220 2269.3
1220230 2273.5
1220240 2275.0
1220250 2275.0
1220260 2278.1
1220270 2281.8
1220280 2281.8
1220290 2287.0
1220300 2294.0
1220310 2294.0
1220320 2304.0
1220330 2314.4
1220340 2314.4
1220350 2322.4
1220360 2328.7
1220370 2328.7
1220380 2334.3
1220390 2340.8
1220400 2340.8
1220410 2347.9
1220420 2354.5
1220430 2354.5
1220440 2364.1
1220450 2367.1
1220460 2375.9
1220470 2375.9
1220480 2385.8
1220490 2393.0
1220500 2393.0
1220510 2401.4
1220520 2410.2
1220530 2410.2
1220540 2418.7
1220550 2426.8
1220560 2426.8
1220570 2435.8
1220580 2445.4
1220590 2445.4
1220600 2454.2
1220610 2462.5
1220620 2462.5
1220630 2474.7
1220640 2488.0
1220650 2506.1
1220660 2506.1
1220670 2519.8
1220680 2529.8
1220690 2529.8
1220700 2535.9
1220710 2540.8
1220720 2540.8
1220730 2539.0
1220740 2537.3
1220750 2537.3
1220760 2536.4
1220770 2548.7
1220780 2548.7
1220790 2560.1
1220800 2569.5
1220810 2569.5
1220820 2582.4
1220830 2598.0
1220840 2598.0
1220850 2605.9
1220860 2613.1
1220870 2623.8
1220880 2623.8
1220890 2632.7
1220900 2638.5
1220910 2638.5
1220920 2644.8
1220930 2647.3
1220940 2647.3
1220950 2657.7
1220960 2668.1
1220970 2668.1
1220980 2680.1
1220990 2691.5
1221000 2691.5
1221010 2699.4
1221020 2705.7
1221030 2705.7
1221040 2713.3
1221050 2720.2
1221060 2725.6
1221070 2725.6
1221080 2731.5
1221090 2738.5
1221100 2738.5
1221110 2745.6
1221120 2751.2
1221130 2751.2
1221140 2745.2
1221150 2733.9
1221160 2733.9
1221170 2724.5
1221180 2714.9
1221190 2714.9
1221200 2705.0
1221210 2695.3
1221220 2695.3
1221230 2687.0
1221240 2679.7
1221250 2679.7
1221260 2673.3
1221270 2669.1
1221280 2665.0
1221290 2665.0
1221300 2660.6
1221310 2655.6
1221320 2655.6
1221330 2650.5
1221340 2645.9
1221350 2645.9
1221360 2641.7
1221370 2637.7
1221380 2637.7
1221390 2634.5
1221400 2629.4
1221410 2634.1
1221420 2630.1
1221430 2627.6
1221440 2627.6
1221450 2624.9
1221460 2620.4
1221470 2616.7
1221480 2616.7
1221490 2613.1
1221500 2609.3
1221510 2609.3
1221520 2606.7
1221530 2603.7
1221540 2603.7
1221550 2600.1
1221560 2596.1
1221570 2596.1
1221580 2592.0
1221590 2588.2
1221600 2588.2
1221610 2585.7
1221620 2583.5
1221630 2583.5
1221640 2580.9
1221650 2578.0
1221660 2578.0
1221670 2574.9
1221680 2572.0
1221690 2570.3
1221700 2570.3
1221710 2568.8
1221720 2566.5
1221730 2566.5
1221740 2563.7
1221750 2562.3
1221760 2562.3
1221770 2562.4
1221780 2561.4
1221790 2561.4
1221800 2559.9
1221810 2558.1
1221820 2558.1
1221830 2556.2
1221840 2554.8
1221850 2554.8
1221860 2554.0
1221870 2552.6
1221880 2552.6
1221890 2552.2
1221900 2546.3
1221910 2537.9
1221920 2537.9
1221930 2533.9
1221940 2532.7
1221950 2532.7
1221960 2532.2
1221970 2532.7
1221980 2532.7
1221990 2533.2
1222000 2532.2
1222010 2532.2
1222020 2532.4
1222030 2534.3
1222040 2534.3
1222050 2535.0
1222060 2535.0
1222070 2535.0
1222080 2534.2
1222090 2531.3
1222100 2531.3
1222110 2531.3
1222120 2531.9
1222130 2528.9
1222140 2528.9
1222150 2525.0
1222160 2520.8
1222170 2520.8
1222180 2515.7
1222190 2510.7
1222200 2510.7
1222210 2505.6
1222220 2502.1
1222230 2502.1
1222240 2499.4
1222250 2496.0
1222260 2496.0
1222270 2490.1
1222280 2483.2
1222290 2483.2
1222300 2475.7
1222310 2469.9
1222320 2466.6
1222330 2466.6
1222340 2464.3
1222350 2462.5
1222360 2462.5
1222370 2459.6
1222380 2458.0
1222390 2458.0
1222400 2456.4
1222410 2455.4
1222420 2455.4
1222430 2453.9
1222440 2451.3
1222450 2451.3
1222460 2447.8
1222470 2442.9
1222480 2442.9
1222490 2437.3
1222500 2429.7
1222510 2421.6
1222520 2421.6
1222530 2411.5
1222540 2401.2
1222550 2401.2
1222560 2391.2
1222570 2387.3
1222580 2387.3
1222590 2387.0
1222600 2386.1
1222610 2386.1
1222620 2385.3
1222630 2384.3
1222640 2384.3
1222650 2383.6
1222660 2384.4
1222670 2384.4
1222680 2385.4
1222690 2388.0
1222700 2388.0
1222710 2388.6
1222720 2388.2
1222730 2387.5
1222740 2387.5
1222750 2387.5
1222760 2388.0
1222770 2388.0
1222780 2386.7
1222790 2385.2
1222800 2385.2
1222810 2384.2
1222820 2382.5
1222830 2382.5
1222840 2382.0
1222850 2386.2
1222860 2386.1
1222870 2389.1
1222880 2392.2
1222890 2392.2
1222900 2394.8
1222910 2395.3
1222920 2393.5
1222930 2393.5
1222940 2390.8
1222950 2388.2
1222960 2388.2
1222970 2386.0
1222980 2383.4
1222990 2383.4
1223000 2379.4
1223010 2376.0
1223020 2376.0
1223030 2373.9
1223040 2371.9
1223050 2371.9
1223060 2369.6
1223070 2365.4
1223080 2365.4
1223090 2361.7
1223100 2359.7
1223110 2359.7
1223120 2358.0
1223130 2356.3
1223140 2354.0
1223150 2354.0
1223160 2350.8
1223170 2346.0
1223180 2346.0
1223190 2341.5
1223200 2337.5
1223210 2337.5
1223220 2334.1
1223230 2330.1
1223240 2330.1
1223250 2324.4
1223260 2315.8
1223270 2315.8
1223280 2307.3
1223290 2298.4
1223300 2298.4
1223310 2289.3
1223320 2281.8
1223330 2281.8
1223340 2286.7
1223350 2280.3
1223360 2273.5
1223370 2273.5
1223380 2270.8
1223390 2269.7
1223400 2269.7
1223410 2272.1
1223420 2273.9
1223430 2273.9
1223440 2271.1
1223450 2265.9
1223460 2265.9
1223470 2260.1
1223480 2255.8
1223490 2255.8
1223500 2250.2
1223510 2242.8
1223520 2242.8
1223530 2238.3
1223540 2234.4
1223550 2229.3
1223560 2229.3
1223570 2223.4
1223580 2213.6
1223590 2213.6
1223600 2205.4
1223610 2196.8
1223620 2196.8
1223630 2193.6
1223640 2187.0
1223650 2187.0
1223660 2178.5
1223670 2174.1
1223680 2174.1
1223690 2169.9
1223700 2166.0
1223710 2166.0
1223720 2160.8
1223730 2155.0
1223740 2155.0
1223750 2149.5
1223760 2144.6
1223770 2139.1
1223780 2139.1
1223790 2134.3
1223800 2129.8
1223810 2129.8
1223820 2124.8
1223830 2124.9
1223840 2124.9
1223850 2118.0
1223860 2104.4
1223870 2104.4
1223880 2088.6
1223890 2083.5
1223900 2083.5
1223910 2077.9
1223920 2072.6
1223930 2072.6
1223940 2067.6
1223950 2062.8
1223960 2059.3
1223970 2059.3
1223980 2055.7
1223990 2052.0
1224000 2052.0
1224010 2048.3
1224020 2042.0
1224030 2042.0
1224040 2029.0
1224050 2010.1
1224060 2010.1
1224070 1981.8
1224080 1965.9
1224090 1965.9
1224100 1956.7
1224110 1945.0
1224120 1945.0
1224130 1936.0
1224140 1927.4
1224150 1927.4
1224160 1919.1
1224170 1911.6
1224180 1903.5
1224190 1903.5
1224200 1894.3
1224210 1885.5
1224220 1885.5
1224230 1876.6
1224240 1869.6
1224250 1869.6
1224260 1863.0
1224270 1855.8
1224280 1855.8
1224290 1849.2
1224300 1842.6
1224310 1842.8
1224320 1836.9
1224330 1831.0
1224340 1831.0
1224350 1823.3
1224360 1815.7
1224370 1808.6
1224380 1808.6
1224390 1801.4
1224400 1795.3
1224410 1795.3
1224420 1789.8
1224430 1785.3
1224440 1785.3
1224450 1780.1
1224460 1773.1
1224470 1773.1
1224480 1764.5
1224490 1759.5
1224500 1759.5
1224510 1756.3
1224520 1752.4
1224530 1752.4
1224540 1745.7
1224550 1736.2
1224560 1736.2
1224570 1729.4
1224580 1724.8
1224590 1720.7
1224600 1720.7
1224610 1716.8
1224620 1713.3
1224630 1713.3
1224640 1709.2
1224650 1704.7
1224660 1704.7
1224670 1698.1
1224680 1693.0
1224690 1693.0
1224700 1685.6
1224710 1675.2
1224720 1675.2
1224730 1663.1
1224740 1646.1
1224750 1646.1
1224760 1636.3
1224770 1630.6
1224780 1630.6
1224790 1626.2
1224800 1619.7
1224810 1608.7
1224820 1608.7
1224830 1598.7
1224840 1591.7
1224850 1591.7
1224860 1586.5
1224870 1581.5
1224880 1581.5
1224890 1577.9
1224900 1574.7
1224910 1574.7
1224920 1571.1
1224930 1566.3
1224940 1566.3
1224950 1560.7
1224960 1554.9
1224970 1554.9
1224980 1550.4
1224990 1547.5
1225000 1547.2
1225010 1547.2
1225020 1549.8
1225030 1550.6
1225040 1550.6
1225050 1546.5
1225060 1539.9
1225070 1539.9
1225080 1533.3
1225090 1526.7
1225100 1526.7
1225110 1520.2
1225120 1514.1
1225130 1514.1
1225140 1510.0
1225150 1506.9
1225160 1506.9
1225170 1503.3
1225180 1500.0
1225190 1500.0
1225200 1497.8
1225210 1495.0
1225220 1492.3
1225230 1492.3
1225240 1489.9
1225250 1488.4
1225260 1488.4
1225270 1487.3
1225280 1486.7
1225290 1485.8
1225300 1486.4
1225310 1491.8
1225320 1491.8
1225330 1500.9
1225340 1504.4
1225350 1504.4
1225360 1501.6
1225370 1494.1
1225380 1494.1
1225390 1483.4
1225400 1473.3
1225410 1467.0
1225420 1467.0
1225430 1461.9
1225440 1457.6
1225450 1457.6
1225460 1453.2
1225470 1448.8
1225480 1448.8
1225490 1444.5
1225500 1439.4
1225510 1439.4
1225520 1433.7
1225530 1426.7
1225540 1426.7
1225550 1418.3
1225560 1408.8
1225570 1408.8
1225580 1400.3
1225590 1392.5
1225600 1392.5
1225610 1385.0
1225620 1377.9
1225630 1370.9
1225640 1370.9
1225650 1363.7
1225660 1357.0
1225670 1357.0
1225680 1350.4
1225690 1342.7
1225700 1342.7
1225710 1336.5
1225720 1333.9
1225730 1333.9
1225740 1326.4
1225750 1319.0
1225760 1319.0
1225770 1311.8
1225780 1306.5
1225790 1306.5
1225800 1304.1
1225810 1304.1
1225820 1304.8
1225830 1304.8
1225840 1307.8
1225850 1311.1
1225860 1311.1
1225870 1328.0
1225880 1342.6
1225890 1342.6
1225900 1356.2
1225910 1380.3
1225920 1380.3
1225930 1393.4
1225940 1405.9
1225950 1405.9
1225960 1415.7
1225970 1418.7
1225980 1418.7
1225990 1415.8
1226000 1413.6
1226010 1413.6
1226020 1412.3
1226030 1410.8
1226040 1409.0
1226050 1409.0
1226060 1408.4
1226070 1409.6
1226080 1409.6
1226090 1411.7
1226100 1415.2
1226110 1415.2
1226120 1419.6
1226130 1424.4
1226140 1424.4
1226150 1430.6
1226160 1437.1
1226170 1437.1
1226180 1442.1
1226190 1448.9
1226200 1448.9
1226210 1455.8
1226220 1462.7
1226230 1468.8
1226240 1468.8
1226250 1474.2
1226260 1479.7
1226270 1479.8
1226280 1485.6
1226290 1492.0
1226300 1492.0
1226310 1498.7
1226320 1505.5
1226330 1505.5
1226340 1512.7
1226350 1519.9
1226360 1519.9
1226370 1526.8
1226380 1533.5
1226390 1533.5
1226400 1540.2
1226410 1547.2
1226420 1547.2
1226430 1554.6
1226440 1561.8
1226450 1569.2
1226460 1569.2
1226470 1576.5
1226480 1583.2
1226490 1583.2
1226500 1589.8
1226510 1596.5
1226520 1596.5
1226530 1603.4
1226540 1610.3
1226550 1610.3
1226560 1617.2
1226570 1624.3
1226580 1624.3
1226590 1631.2
1226600 1637.8
1226610 1637.8
1226620 1644.5
1226630 1651.2
1226640 1651.2
1226650 1657.8
1226660 1664.5
1226670 1671.3
1226680 1671.3
1226690 1678.5
1226700 1686.8
1226710 1686.8
1226720 1695.4
1226730 1703.5
1226740 1703.5
1226750 1713.0
1226760 1724.0
1226770 1724.0
1226780 1733.4
1226790 1746.8
1226800 1746.8
1226810 1761.5
1226820 1776.0
1226830 1776.0
1226840 1791.3
1226850 1801.0
1226860 1808.2
1226870 1808.2
1226880 1812.9
1226890 1816.7
1226900 1816.7
1226910 1825.3
1226920 1841.8
1226930 1841.8
1226940 1852.6
1226950 1863.5
1226960 1863.5
1226970 1873.7
1226980 1886.8
1226990 1886.8
1227000 1897.6
1227010 1904.7
1227020 1904.7
1227030 1911.7
1227040 1920.1
1227050 1920.1
1227060 1929.6
1227070 1936.3
1227080 1943.9
1227090 1943.9
1227100 1954.4
1227110 1969.5
1227120 1969.5
1227130 1980.8
1227140 1988.0
1227150 1988.0
1227160 1990.6
1227170 1982.7
1227180 1982.7
1227190 1972.6
1227200 1968.8
1227210 1968.8
1227220 1966.3
1227230 1959.1
1227240 1959.1
1227250 1941.2
1227260 1942.7
1227270 1957.7
1227280 1957.7
1227290 1970.1
1227300 1972.0
1227310 1972.0
1227320 1967.0
1227330 1966.0
1227340 1966.0
1227350 1967.9
1227360 1962.3
1227370 1962.3
1227380 1957.8
1227390 1960.0
1227400 1960.0
1227410 1963.7
1227420 1968.7
1227430 1968.7
1227440 1969.4
1227450 1964.8
1227460 1964.8
1227470 1959.0
1227480 1956.2
1227490 1950.7
1227500 1950.7
1227510 1941.9
1227520 1946.2
1227530 1946.2
1227540 1958.6
1227550 1960.9
1227560 1960.9
1227570 1962.7
1227580 1959.4
1227590 1959.4
1227600 1964.5
1227610 1974.5
1227620 1974.5
1227630 1984.3
1227640 1987.0
1227650 1987.0
1227660 1987.9
1227670 1987.4
1227680 1986.9
1227690 1986.9
1227700 1988.4
1227710 1986.9
1227720 1986.9
1227730 1984.9
1227740 1974.1
1227750 1974.1
1227760 1972.8
1227770 1971.3
1227780 1971.3
1227790 1975.9
1227800 1981.7
1227810 1981.7
1227820 1983.3
1227830 1981.9
1227840 1981.9
1227850 1978.7
1227860 1975.5
1227870 1975.5
1227880 1973.0
1227890 1976.7
1227900 1979.4
1227910 1979.4
1227920 1976.7
1227930 1974.1
1227940 1974.1
1227950 1973.6
1227960 1976.4
1227970 1976.4
1227980 1980.1
1227990 1986.8
1228000 1986.8
1228010 2000.6
1228020 2013.8
1228030 2013.8
1228040 2023.8
1228050 2032.6
1228060 2032.6
1228070 2044.5
1228080 2053.9
1228090 2059.8
1228100 2059.8
1228110 2062.5
1228120 2062.2
1228130 2062.2
1228140 2067.9
1228150 2071.5
1228160 2071.5
1228170 2075.1
1228180 2071.2
1228190 2071.2
1228200 2070.4
1228210 2075.2
1228220 2075.2
1228230 2084.8
1228240 2082.8
1228250 2082.8
1228260 2085.9
1228270 2092.9
1228280 2092.9
1228290 2102.1
1228300 2110.1
1228310 2117.5
1228320 2117.5
1228330 2125.8
1228340 2134.5
1228350 2134.5
1228360 2142.0
1228370 2145.5
1228380 2145.5
1228390 2148.2
1228400 2154.3
1228410 2154.3
1228420 2164.4
1228430 2172.5
1228440 2172.5
1228450 2175.0
1228460 2182.0
1228470 2182.0
1228480 2189.2
1228490 2194.3
1228500 2194.3
1228510 2198.9
1228520 2203.7
1228530 2207.9
1228540 2207.9
1228550 2211.2
1228560 2214.3
1228570 2214.3
1228580 2217.9
1228590 2221.7
1228600 2221.7
1228610 2225.4
1228620 2229.5
1228630 2229.5
1228640 2233.0
1228650 2233.5
1228660 2233.5
1228670 2233.1
1228680 2234.6
1228690 2234.6
1228700 2236.3
1228710 2239.2
1228720 2246.3
1228730 2244.9
1228740 2251.4
1228750 2257.7
1228760 2257.7
1228770 2263.8
1228780 2268.6
1228790 2268.6
1228800 2272.6
1228810 2276.4
1228820 2276.4
1228830 2280.3
1228840 2284.5
1228850 2284.5
1228860 2288.7
1228870 2292.0
1228880 2292.0
1228890 2296.0
1228900 2303.2
1228910 2303.2
1228920 2317.6
1228930 2333.1
1228940 2342.6
1228950 2342.6
1228960 2349.7
1228970 2356.6
1228980 2356.6
1228990 2363.1
1229000 2369.2
1229010 2369.2
1229020 2373.7
1229030 2375.0
1229040 2375.0
1229050 2378.4
1229060 2381.7
1229070 2381.7
1229080 2385.8
1229090 2392.7
1229100 2392.7
1229110 2397.9
1229120 2403.7
1229130 2410.6
1229140 2410.6
1229150 2417.2
1229160 2423.0
1229170 2423.0
1229180 2428.1
1229190 2433.6
1229200 2433.6
1229210 2440.3
1229220 2447.0
1229230 2442.9
1229240 2447.7
1229250 2452.6
1229260 2452.6
1229270 2457.4
1229280 2461.9
1229290 2461.9
1229300 2466.4
1229310 2469.2
1229320 2469.2
1229330 2473.1
1229340 2478.7
1229350 2483.7
1229360 2483.7
1229370 2488.1
1229380 2492.1
1229390 2492.1
1229400 2495.7
1229410 2498.8
1229420 2498.8
1229430 2502.1
1229440 2505.4
1229450 2505.4
1229460 2508.5
1229470 2511.6
1229480 2511.6
1229490 2514.0
1229500 2517.3
1229510 2517.3
1229520 2521.5
1229530 2525.9
1229540 2530.6
1229550 2530.6
1229560 2535.4
1229570 2539.2
1229580 2539.2
1229590 2542.7
1229600 2547.8
1229610 2547.8
1229620 2553.7
1229630 2559.7
1229640 2559.7
1229650 2565.4
1229660 2569.0
1229670 2569.0
1229680 2572.7
1229690 2578.4
1229700 2578.4
1229710 2585.3
1229720 2582.5
1229730 2582.5
1229740 2583.9
1229750 2584.4
1229760 2585.4
1229770 2585.4
1229780 2584.9
1229790 2583.8
1229800 2583.8
1229810 2584.7
1229820 2588.3
1229830 2588.3
1229840 2592.5
1229850 2595.7
1229860 2595.7
1229870 2597.3
1229880 2598.6
1229890 2598.6
1229900 2601.7
1229910 2605.9
1229920 2605.9
1229930 2609.8
1229940 2612.4
1229950 2615.9
1229960 2615.9
1229970 2620.8
1229980 2625.4
1229990 2625.4
1230000 2629.2
1230010 2632.1
1230020 2632.1
1230030 2633.5
1230040 2633.3
1230050 2633.3
1230060 2633.4
1230070 2637.7
1230080 2637.7
1230090 2643.9
1230100 2648.1
1230110 2648.1
1230120 2650.0
1230130 2650.3
1230140 2650.3
1230150 2651.4
1230160 2652.9
1230170 2654.3
1230180 2654.3
1230190 2655.9
1230200 2657.1
1230210 2657.1
1230220 2649.0
1230230 2649.6
1230240 2649.6
1230250 2651.5
1230260 2653.6
1230270 2653.6
1230280 2655.0
1230290 2657.5
1230300 2657.5
1230310 2659.5
1230320 2663.4
1230330 2663.4
1230340 2667.6
1230350 2672.4
1230360 2672.4
1230370 2676.8
1230380 2680.3
1230390 2682.7
1230400 2682.7
1230410 2685.4
1230420 2689.8
1230430 2689.8
1230440 2693.2
1230450 2696.1
1230460 2696.1
1230470 2698.7
1230480 2698.1
1230490 2698.1
1230500 2694.4
1230510 2689.5
1230520 2689.5
1230530 2688.2
1230540 2689.5
1230550 2689.5
1230560 2691.5
1230570 2693.7
1230580 2695.9
1230590 2695.9
1230600 2697.7
1230610 2700.3
1230620 2700.3
1230630 2702.7
1230640 2705.0
1230650 2705.0
1230660 2707.4
1230670 2709.6
1230680 2709.6
1230690 2712.7
1230700 2716.0
1230710 2716.0
1230720 2711.9
1230730 2715.6
1230740 2715.6
1230750 2720.4
1230760 2722.7
1230770 2722.7
1230780 2722.9
1230790 2724.8
1230800 2727.5
1230810 2727.5
1230820 2730.5
1230830 2733.7
1230840 2733.7
1230850 2737.5
1230860 2739.8
1230870 2739.8
1230880 2742.5
1230890 2757.5
1230900 2757.5
1230910 2780.8
1230920 2785.5
1230930 2785.5
1230940 2786.6
1230950 2792.6
1230960 2792.6
1230970 2796.5
1230980 2803.3
1230990 2804.2
1231000 2804.2
1231010 2801.6
1231020 2807.1
1231030 2807.1
1231040 2812.5
1231050 2821.3
1231060 2821.3
1231070 2834.0
1231080 2847.2
1231090 2847.2
1231100 2857.2
1231110 2868.4
1231120 2868.4
1231130 2881.7
1231140 2897.0
1231150 2897.0
1231160 2909.9
1231170 2916.9
1231180 2916.9
1231190 2918.8
1231200 2920.0
1231210 2921.2
1231220 2908.9
1231230 2912.1
1231240 2912.8
1231250 2912.8
1231260 2915.0
1231270 2919.5
1231280 2919.5
1231290 2919.5
1231300 2923.0
1231310 2923.0
1231320 2922.6
1231330 2930.4
1231340 2930.4
1231350 2931.6
1231360 2933.0
1231370 2933.0
1231380 2945.5
1231390 2955.0
1231400 2963.5
1231410 2963.5
1231420 2975.7
1231430 2986.5
1231440 2986.5
1231450 2996.1
1231460 3005.3
1231470 3005.3
1231480 3012.9
1231490 3019.7
1231500 3019.7
1231510 3025.3
1231520 3030.7
1231530 3030.7
1231540 3037.0
1231550 3048.3
1231560 3048.3
1231570 3059.5
1231580 3070.9
1231590 3070.9
1231600 3078.6
1231610 3082.8
1231620 3086.6
1231630 3086.6
1231640 3100.1
1231650 3118.1
1231660 3118.1
1231670 3137.3
1231680 3157.3
1231690 3157.3
1231700 3179.2
1231710 3195.9
1231720 3188.2
1231730 3202.3
1231740 3195.9
1231750 3195.9
1231760 3188.9
1231770 3180.6
1231780 3180.6
1231790 3170.3
1231800 3153.1
1231810 3129.4
1231820 3129.4
1231830 3107.1
1231840 3095.0
1231850 3095.0
1231860 3086.9
1231870 3080.5
1231880 3080.5
1231890 3074.6
1231900 3068.8
1231910 3068.8
1231920 3062.9
1231930 3057.1
1231940 3057.1
1231950 3051.4
1231960 3046.0
1231970 3046.0
1231980 3040.5
1231990 3035.1
1232000 3035.1
1232010 3030.3
1232020 3026.0
1232030 3022.9
1232040 3022.9
1232050 3020.0
1232060 3017.2
1232070 3017.2
1232080 3014.7
1232090 3012.2
1232100 3012.2
1232110 3009.9
1232120 3008.2
1232130 3008.2
1232140 3006.8
1232150 3006.2
1232160 3006.2
1232170 3005.7
1232180 3004.8
1232190 3004.8
1232200 3003.9
1232210 3003.4
1232220 3006.8
1232230 3006.5
1232240 3006.2
1232250 3005.9
1232260 3005.9
1232270 3005.9
1232280 3005.8
1232290 3005.8
1232300 3005.5
1232310 3005.0
1232320 3005.0
1232330 3004.1
1232340 3003.0
1232350 3003.0
1232360 3001.9
1232370 3000.5
1232380 3000.5
1232390 2998.7
1232400 2996.3
1232410 2996.3
1232420 2993.4
1232430 2990.2
1232440 2986.8
1232450 2986.8
1232460 2982.9
1232470 2978.9
1232480 2978.9
1232490 2974.8
1232500 2971.2
1232510 2971.2
1232520 2968.4
1232530 2966.3
1232540 2966.3
1232550 2965.1
1232560 2964.3
1232570 2964.3
1232580 2963.4
1232590 2962.6
1232600 2962.6
1232610 2961.6
1232620 2960.8
1232630 2960.8
1232640 2960.4
1232650 2960.0
1232660 2959.7
1232670 2959.7
1232680 2959.0
1232690 2957.9
1232700 2957.9
1232710 2956.6
1232720 2957.3
1232730 2957.3
1232740 2956.5
1232750 2955.4
1232760 2955.4
1232770 2953.8
1232780 2952.7
1232790 2952.7
1232800 2952.5
1232810 2952.9
1232820 2952.9
1232830 2953.7
1232840 2955.1
1232850 2956.6
1232860 2956.6
1232870 2958.1
1232880 2959.5
1232890 2959.5
1232900 2960.7
1232910 2961.5
1232920 2961.5
1232930 2962.0
1232940 2962.3
1232950 2962.3
1232960 2962.3
1232970 2962.0
1232980 2962.0
1232990 2961.6
1233000 2961.2
1233010 2961.2
1233020 2960.9
1233030 2960.7
1233040 2960.7
1233050 2960.6
1233060 2960.4
1233070 2960.1
1233080 2960.1
1233090 2959.7
1233100 2959.3
1233110 2959.3
1233120 2958.6
1233130 2957.9
1233140 2957.9
1233150 2957.1
1233160 2956.6
1233170 2956.6
1233180 2956.2
1233190 2955.6
1233200 2955.6
1233210 2955.1
1233220 2956.1
1233230 2956.1
1233240 2955.6
1233250 2955.3
1233260 2955.4
1233270 2955.4
1233280 2955.8
1233290 2956.4
1233300 2956.4
1233310 2957.1
1233320 2957.9
1233330 2957.9
1233340 2958.6
1233350 2959.4
1233360 2959.4
1233370 2960.3
1233380 2961.2
1233390 2961.2
1233400 2962.0
1233410 2963.0
1233420 2963.0
1233430 2964.1
1233440 2965.2
1233450 2965.2
1233460 2966.4
1233470 2967.7
1233480 2968.9
1233490 2968.9
1233500 2970.0
1233510 2971.2
1233520 2971.2
1233530 2972.4
1233540 2973.6
1233550 2973.6
1233560 2975.0
1233570 2976.4
1233580 2976.4
1233590 2977.7
1233600 2979.1
1233610 2979.1
1233620 2980.3
1233630 2981.0
1233640 2981.0
1233650 2981.1
1233660 2981.5
1233670 2979.4
1233680 2979.4
1233690 2982.5
1233700 2985.1
1233710 2985.1
1233720 2987.0
1233730 2989.5
1233740 2989.5
1233750 2990.8
1233760 2992.1
1233770 2992.1
1233780 2993.3
1233790 2994.4
1233800 2994.4
1233810 2995.4
1233820 2996.6
1233830 2996.6
1233840 2997.5
1233850 2998.4
1233860 2998.4
1233870 2999.2
1233880 3000.1
1233890 3000.7
1233900 3000.7
1233910 3001.3
1233920 3001.8
1233930 3001.8
1233940 3002.3
1233950 3003.0
1233960 3003.0
1233970 3003.8
1233980 3004.8
1233990 3004.8
1234000 3006.0
1234010 3007.2
1234020 3007.2
1234030 3008.5
1234040 3009.7
1234050 3009.7
1234060 3010.7
1234070 3011.2
1234080 3011.2
1234090 3012.0
1234100 3013.6
1234110 3014.8
1234120 3014.8
1234130 3015.8
1234140 3016.6
1234150 3016.6
1234160 3017.3
1234170 3017.9
1234180 3017.9
1234190 3018.3
1234200 3018.5
1234210 3018.5
1234220 3018.4
1234230 3019.3
1234240 3019.3
1234250 3019.3
1234260 3019.3
1234270 3019.3
1234280 3019.2
1234290 3019.1
1234300 3019.1
1234310 3019.1
1234320 3019.1
1234330 3019.2
1234340 3019.2
1234350 3019.2
1234360 3019.3
1234370 3019.3
1234380 3019.4
1234390 3019.4
1234400 3019.4
1234410 3019.5
1234420 3019.5
1234430 3019.5
1234440 3019.5
1234450 3019.4
1234460 3019.4
1234470 3019.3
1234480 3019.1
1234490 3019.1
1234500 3019.0
1234510 3018.8
1234520 3018.7
1234530 3018.7
1234540 3018.6
1234550 3018.6
1234560 3018.6
1234570 3018.7
1234580 3018.9
1234590 3018.9
1234600 3019.3
1234610 3019.9
1234620 3019.9
1234630 3020.7
1234640 3021.6
1234650 3021.6
1234660 3022.7
1234670 3023.9
1234680 3023.9
1234690 3025.1
1234700 3026.5
1234710 3028.2
1234720 3028.2
1234730 3030.2
1234740 3034.3
1234750 3034.3
1234760 3037.5
1234770 3040.9
1234780 3040.9
1234790 3046.2
1234800 3057.7
1234810 3057.7
1234820 3072.0
1234830 3083.6
1234840 3083.6
1234850 3089.5
1234860 3092.1
1234870 3092.1
1234880 3094.1
1234890 3096.3
1234900 3096.3
1234910 3100.3
1234920 3105.2
1234930 3112.0
1234940 3112.0
1234950 3121.3
1234960 3133.1
1234970 3133.1
1234980 3148.5
1234990 3161.2
1235000 3161.2
1235010 3168.7
1235020 3168.9
1235030 3168.9
1235040 3161.8
1235050 3147.3
1235060 3147.3
1235070 3134.5
1235080 3126.5
1235090 3126.5
1235100 3117.3
1235110 3109.4
1235120 3100.5
1235130 3100.5
1235140 3085.9
1235150 3077.0
1235160 3077.0
1235170 3066.4
1235180 3055.6
1235190 3055.6
1235200 3046.5
1235210 3039.0
1235220 3039.0
1235230 3031.3
1235240 3028.5
1235250 3028.5
1235260 3024.0
1235270 3021.8
1235280 3021.8
1235290 3018.7
1235300 3013.1
1235310 3013.1
1235320 3004.6
1235330 2992.8
1235340 2981.8
1235350 2981.8
1235360 2974.2
1235370 2964.5
1235380 2964.5
1235390 2945.1
1235400 2928.8
1235410 2928.8
1235420 2920.2
1235430 2912.3
1235440 2912.3
1235450 2904.4
1235460 2896.9
1235470 2896.9
1235480 2890.7
1235490 2885.4
1235500 2885.4
1235510 2881.5
1235520 2878.0
1235530 2875.2
1235540 2875.2
1235550 2872.5
1235560 2870.3
1235570 2870.3
1235580 2868.5
1235590 2867.0
1235600 2867.0
1235610 2865.8
1235620 2864.5
1235630 2864.5
1235640 2863.4
1235650 2862.8
1235660 2862.8
1235670 2860.9
1235680 2859.4
1235690 2859.4
1235700 2858.5
1235710 2857.7
1235720 2857.7
1235730 2856.9
1235740 2856.1
1235750 2856.1
1235760 2856.1
1235770 2855.4
1235780 2854.8
1235790 2854.8
1235800 2854.3
1235810 2853.8
1235820 2853.8
1235830 2853.3
1235840 2852.9
1235850 2852.9
1235860 2852.5
1235870 2852.1
1235880 2852.1
1235890 2851.7
1235900 2851.4
1235910 2851.4
1235920 2851.4
1235930 2851.0
1235940 2851.0
1235950 2850.4
1235960 2850.0
1235970 2849.6
1235980 2849.6
1235990 2849.0
1236000 2848.0
1236010 2848.0
1236020 2847.6
1236030 2847.2
1236040 2847.2
1236050 2846.7
1236060 2846.4
1236070 2846.4
1236080 2845.9
1236090 2845.3
1236100 2845.3
1236110 2844.8
1236120 2843.9
1236130 2843.9
1236140 2842.9
1236150 2841.7
1236160 2840.3
1236170 2840.3
1236180 2838.8
1236190 2837.2
1236200 2837.2
1236210 2835.4
1236220 2833.3
1236230 2833.3
1236240 2831.0
1236250 2828.6
1236260 2830.0
1236270 2827.3
1236280 2824.3
1236290 2824.3
1236300 2821.0
1236310 2817.3
1236320 2817.3
1236330 2812.9
1236340 2808.8
1236350 2808.8
1236360 2804.0
1236370 2799.0
1236380 2794.3
1236390 2794.3
1236400 2790.3
1236410 2787.8
1236420 2787.8
1236430 2786.0
1236440 2783.9
1236450 2783.9
1236460 2778.4
1236470 2771.7
1236480 2771.7
1236490 2764.6
1236500 2756.7
1236510 2756.7
1236520 2750.7
1236530 2745.1
1236540 2745.1
1236550 2739.8
1236560 2736.2
1236570 2733.0
1236580 2733.0
1236590 2729.7
1236600 2725.9
1236610 2725.9
1236620 2723.5
1236630 2721.6
1236640 2721.6
1236650 2721.1
1236660 2720.8
1236670 2720.8
1236680 2720.4
1236690 2720.0
1236700 2720.0
1236710 2719.4
1236720 2718.3
1236730 2718.3
1236740 2717.2
1236750 2716.4
1236760 2716.4
1236770 2716.8
1236780 2715.5
1236790 2713.9
1236800 2713.9
1236810 2711.9
1236820 2709.3
1236830 2709.3
1236840 2706.0
1236850 2701.8
1236860 2701.8
1236870 2697.3
1236880 2693.0
1236890 2693.0
1236900 2689.2
1236910 2684.4
1236920 2684.4
1236930 2679.9
1236940 2675.6
1236950 2675.6
1236960 2672.1
1236970 2669.7
1236980 2668.9
1236990 2668.9
1237000 2669.3
1237010 2669.9
1237020 2669.9
1237030 2670.6
1237040 2670.0
1237050 2670.0
1237060 2669.1
1237070 2668.5
1237080 2668.5
1237090 2668.0
1237100 2667.3
1237110 2667.3
1237120 2667.7
1237130 2669.3
1237140 2669.3
1237150 2668.9
1237160 2667.1
1237170 2667.1
1237180 2663.5
1237190 2659.6
1237200 2657.7
1237210 2657.7
1237220 2657.4
1237230 2656.2
1237240 2656.2
1237250 2654.8
1237260 2654.5
1237270 2654.5
1237280 2653.7
1237290 2652.7
1237300 2652.7
1237310 2652.3
1237320 2652.4
1237330 2652.4
1237340 2652.4
1237350 2652.0
1237360 2652.0
1237370 2651.2
1237380 2650.4
1237390 2649.9
1237400 2649.9
1237410 2649.3
1237420 2648.5
1237430 2648.5
1237440 2647.6
1237450 2646.5
1237460 2646.5
1237470 2645.7
1237480 2645.0
1237490 2645.0
1237500 2643.6
1237510 2643.0
1237520 2643.0
1237530 2640.5
1237540 2638.9
1237550 2638.9
1237560 2637.7
1237570 2635.5
1237580 2635.5
1237590 2634.0
1237600 2634.3
1237610 2631.7
1237620 2631.7
1237630 2630.2
1237640 2628.3
1237650 2628.3
1237660 2627.5
1237670 2626.5
1237680 2626.5
1237690 2626.3
1237700 2626.0
1237710 2626.0
1237720 2626.1
1237730 2624.3
1237740 2624.3
1237750 2625.0
1237760 2625.4
1237770 2625.4
1237780 2625.3
1237790 2625.1
1237800 2627.3
1237810 2627.3
1237820 2627.1
1237830 2625.7
1237840 2625.7
1237850 2623.6
1237860 2621.5
1237870 2621.5
1237880 2620.2
1237890 2618.9
1237900 2618.9
1237910 2617.7
1237920 2616.9
1237930 2616.9
1237940 2616.3
1237950 2615.6
1237960 2615.6
1237970 2615.4
1237980 2614.3
1237990 2614.3
1238000 2613.1
1238010 2612.6
1238020 2613.4
1238030 2613.4
1238040 2612.7
1238050 2611.6
1238060 2611.6
1238070 2611.8
1238080 2611.8
1238090 2611.8
1238100 2612.2
1238110 2612.8
1238120 2612.8
1238130 2612.9
1238140 2613.4
1238150 2613.4
1238160 2613.8
1238170 2614.7
1238180 2614.7
1238190 2616.2
1238200 2617.5
1238210 2617.5
1238220 2618.0
1238230 2616.9
1238240 2615.7
1238250 2615.7
1238260 2614.5
1238270 2613.4
1238280 2613.4
1238290 2612.9
1238300 2612.1
1238310 2619.3
1238320 2620.3
1238330 2621.6
1238340 2621.6
1238350 2621.7
1238360 2618.7
1238370 2618.7
1238380 2614.2
1238390 2611.0
1238400 2611.0
1238410 2609.7
1238420 2608.9
1238430 2607.2
1238440 2607.2
1238450 2607.4
1238460 2609.6
1238470 2609.6
1238480 2609.8
1238490 2607.8
1238500 2607.8
1238510 2606.8
1238520 2605.3
1238530 2605.3
1238540 2602.4
1238550 2600.1
1238560 2600.1
1238570 2597.4
1238580 2595.0
1238590 2595.0
1238600 2593.4
1238610 2591.9
1238620 2591.9
1238630 2590.2
1238640 2587.8
1238650 2585.1
1238660 2585.1
1238670 2583.1
1238680 2582.5
1238690 2582.5
1238700 2582.0
1238710 2581.3
1238720 2581.3
1238730 2581.0
1238740 2580.4
1238750 2580.4
1238760 2579.9
1238770 2576.9
1238780 2576.9
1238790 2571.5
1238800 2563.7
1238810 2563.7
1238820 2560.0
1238830 2552.5
1238840 2544.6
1238850 2544.6
1238860 2537.8
1238870 2531.6
1238880 2531.6
1238890 2526.0
1238900 2520.7
1238910 2520.7
1238920 2515.1
1238930 2508.2
1238940 2508.2
1238950 2498.3
1238960 2487.3
1238970 2487.3
1238980 2480.2
1238990 2473.6
1239000 2473.6
1239010 2463.1
1239020 2449.6
1239030 2449.6
1239040 2442.7
1239050 2435.4
1239060 2428.9
1239070 2428.9
1239080 2422.5
1239090 2417.4
1239100 2417.4
1239110 2414.0
1239120 2410.7
1239130 2410.7
1239140 2406.9
1239150 2402.7
1239160 2402.7
1239170 2399.3
1239180 2396.1
1239190 2396.1
1239200 2393.7
1239210 2392.2
1239220 2392.2
1239230 2390.4
1239240 2388.2
1239250 2386.6
1239260 2386.6
1239270 2385.4
1239280 2384.1
1239290 2384.1
1239300 2382.2
1239310 2380.1
1239320 2380.1
1239330 2377.9
1239340 2378.7
1239350 2378.7
1239360 2377.2
1239370 2375.8
1239380 2375.8
1239390 2375.3
1239400 2375.2
1239410 2375.2
1239420 2375.8
1239430 2373.3
1239440 2373.3
1239450 2370.1
1239460 2369.5
1239470 2368.7
1239480 2368.7
1239490 2366.9
1239500 2366.2
1239510 2366.2
1239520 2366.1
1239530 2365.8
1239540 2365.8
1239550 2365.5
1239560 2364.2
1239570 2364.2
1239580 2361.3
1239590 2358.7
1239600 2358.7
1239610 2356.8
1239620 2355.2
1239630 2355.2
1239640 2353.3
1239650 2351.7
1239660 2350.6
1239670 2350.6
1239680 2349.1
1239690 2347.3
1239700 2347.3
1239710 2345.7
1239720 2346.1
1239730 2346.1
1239740 2346.3
1239750 2346.5
1239760 2346.5
1239770 2346.6
1239780 2346.8
1239790 2346.8
1239800 2346.0
1239810 2343.9
1239820 2343.9
1239830 2341.9
1239840 2341.2
1239850 2341.2
1239860 2344.8
1239870 2346.2
1239880 2345.6
1239890 2345.6
1239900 2344.5
1239910 2344.1
1239920 2344.1
1239930 2345.0
1239940 2346.7
1239950 2346.7
1239960 2347.7
1239970 2347.2
1239980 2347.2
1239990 2343.2
