1220000 1919.2
1220010 1923.0
1220020 1923.0
1220030 1927.1
1220040 1931.2
1220050 1935.2
1220060 1935.2
1220070 1939.3
1220080 1943.4
1220090 1943.4
1220100 1947.7
1220110 1952.2
1220120 1952.2
1220130 1956.5
1220140 1961.0
1220150 1961.0
1220160 1965.4
1220170 1970.0
1220180 1970.0
1220190 1973.3
1220200 1976.4
1220210 1976.4
1220220 1983.5
1220230 1991.6
1220240 1991.6
1220250 1998.9
1220260 2006.1
1220270 2016.9
1220280 2014.0
1220290 2025.1
1220300 2037.1
1220310 2037.1
1220320 2048.1
1220330 2055.2
1220340 2055.2
1220350 2063.2
1220360 2071.8
1220370 2071.8
1220380 2079.6
1220390 2086.7
1220400 2086.7
1220410 2092.7
1220420 2098.6
1220430 2098.6
1220440 2104.6
1220450 2110.8
1220460 2110.8
1220470 2118.0
1220480 2126.1
1220490 2134.5
1220500 2134.5
1220510 2141.8
1220520 2150.1
1220530 2150.1
1220540 2161.5
1220550 2172.8
1220560 2172.8
1220570 2183.6
1220580 2194.0
1220590 2194.0
1220600 2199.0
1220610 2204.8
1220620 2204.8
1220630 2211.4
1220640 2217.4
1220650 2217.4
1220660 2224.2
1220670 2231.1
1220680 2240.3
1220690 2240.3
1220700 2256.2
1220710 2271.2
1220720 2271.2
1220730 2288.2
1220740 2304.5
1220750 2304.5
1220760 2310.7
1220770 2322.6
1220780 2322.6
1220790 2334.2
1220800 2347.4
1220810 2347.4
1220820 2358.6
1220830 2370.8
1220840 2370.8
1220850 2383.2
1220860 2384.7
1220870 2384.7
1220880 2366.3
1220890 2352.7
1220900 2347.2
1220910 2347.2
1220920 2343.1
1220930 2345.4
1220940 2345.4
1220950 2348.4
1220960 2353.1
1220970 2353.1
1220980 2358.1
1220990 2364.7
1221000 2364.7
1221010 2377.3
1221020 2394.0
1221030 2394.0
1221040 2413.8
1221050 2427.2
1221060 2427.2
1221070 2441.8
1221080 2454.3
1221090 2462.4
1221100 2462.4
1221110 2469.8
1221120 2478.3
1221130 2478.3
1221140 2485.6
1221150 2491.1
1221160 2491.1
1221170 2499.6
1221180 2508.7
1221190 2508.7
1221200 2521.1
1221210 2533.8
1221220 2533.8
1221230 2544.4
1221240 2548.5
1221250 2548.5
1221260 2563.3
1221270 2587.0
1221280 2587.0
1221290 2604.6
1221300 2620.6
1221310 2634.6
1221320 2634.6
1221330 2641.2
1221340 2647.3
1221350 2647.3
1221360 2655.1
1221370 2664.4
1221380 2664.4
1221390 2675.0
1221400 2684.5
1221410 2684.5
1221420 2693.1
1221430 2701.3
1221440 2701.3
1221450 2709.8
1221460 2718.0
1221470 2718.0
1221480 2717.7
1221490 2706.5
1221500 2706.5
1221510 2699.5
1221520 2692.2
1221530 2684.6
1221540 2684.6
1221550 2677.2
1221560 2670.0
1221570 2670.0
1221580 2662.5
1221590 2647.0
1221600 2647.0
1221610 2627.0
1221620 2617.1
1221630 2617.1
1221640 2610.3
1221650 2603.3
1221660 2603.3
1221670 2596.5
1221680 2590.2
1221690 2590.2
1221700 2584.3
1221710 2578.7
1221720 2569.4
1221730 2569.4
1221740 2564.0
1221750 2558.9
1221760 2558.9
1221770 2553.9
1221780 2548.5
1221790 2548.5
1221800 2542.9
1221810 2537.5
1221820 2537.5
1221830 2532.5
1221840 2527.2
1221850 2527.2
1221860 2522.3
1221870 2517.5
1221880 2517.5
1221890 2513.9
1221900 2508.9
1221910 2508.9
1221920 2503.5
1221930 2498.2
1221940 2493.4
1221950 2493.4
1221960 2489.3
1221970 2485.9
1221980 2485.9
1221990 2482.5
1222000 2478.4
1222010 2478.4
1222020 2475.0
1222030 2471.8
1222040 2471.8
1222050 2469.3
1222060 2468.9
1222070 2468.9
1222080 2469.4
1222090 2468.7
1222100 2468.7
1222110 2470.1
1222120 2472.3
1222130 2472.3
1222140 2474.2
1222150 2476.7
1222160 2478.7
1222170 2478.7
1222180 2479.9
1222190 2481.1
1222200 2477.4
1222210 2476.1
1222220 2474.3
1222230 2474.3
1222240 2472.6
1222250 2470.1
1222260 2470.1
1222270 2467.4
1222280 2465.8
1222290 2465.8
1222300 2464.1
1222310 2461.4
1222320 2461.4
1222330 2458.1
1222340 2454.2
1222350 2451.1
1222360 2451.1
1222370 2448.0
1222380 2442.8
1222390 2442.8
1222400 2436.2
1222410 2430.0
1222420 2430.0
1222430 2424.2
1222440 2418.8
1222450 2418.8
1222460 2413.8
1222470 2408.8
1222480 2408.8
1222490 2403.0
1222500 2396.9
1222510 2396.9
1222520 2391.3
1222530 2386.5
1222540 2386.5
1222550 2382.3
1222560 2378.0
1222570 2373.3
1222580 2373.3
1222590 2368.6
1222600 2363.3
1222610 2363.3
1222620 2357.5
1222630 2351.2
1222640 2351.2
1222650 2344.3
1222660 2336.7
1222670 2336.7
1222680 2328.6
1222690 2318.5
1222700 2318.5
1222710 2312.6
1222720 2306.5
1222730 2306.5
1222740 2300.6
1222750 2295.0
1222760 2289.7
1222770 2289.7
1222780 2284.3
1222790 2279.0
1222800 2279.0
1222810 2274.3
1222820 2270.0
1222830 2270.0
1222840 2265.9
1222850 2261.7
1222860 2261.7
1222870 2257.3
1222880 2252.5
1222890 2252.5
1222900 2247.6
1222910 2242.2
1222920 2242.2
1222930 2237.0
1222940 2232.3
1222950 2232.3
1222960 2227.5
1222970 2222.5
1222980 2217.3
1222990 2217.3
1223000 2212.3
1223010 2207.8
1223020 2207.8
1223030 2202.6
1223040 2197.5
1223050 2197.5
1223060 2193.1
1223070 2189.1
1223080 2189.1
1223090 2185.6
1223100 2181.8
1223110 2181.8
1223120 2177.5
1223130 2173.1
1223140 2173.1
1223150 2168.9
1223160 2165.0
1223170 2166.4
1223180 2163.3
1223190 2159.5
1223200 2154.5
1223210 2154.5
1223220 2149.0
1223230 2145.7
1223240 2145.7
1223250 2143.2
1223260 2140.1
1223270 2140.1
1223280 2138.4
1223290 2138.2
1223300 2138.2
1223310 2138.7
1223320 2139.0
1223330 2139.0
1223340 2141.5
1223350 2144.8
1223360 2144.8
1223370 2148.2
1223380 2149.8
1223390 2150.6
1223400 2150.6
1223410 2147.4
1223420 2142.2
1223430 2142.2
1223440 2139.2
1223450 2135.3
1223460 2135.3
1223470 2131.6
1223480 2131.9
1223490 2131.9
1223500 2129.8
1223510 2126.1
1223520 2126.1
1223530 2119.7
1223540 2113.3
1223550 2113.3
1223560 2107.6
1223570 2096.4
1223580 2096.4
1223590 2084.5
1223600 2079.3
1223610 2076.1
1223620 2076.1
1223630 2075.9
1223640 2077.0
1223650 2077.0
1223660 2078.0
1223670 2076.1
1223680 2076.1
1223690 2073.4
1223700 2067.0
1223710 2067.0
1223720 2057.3
1223730 2050.5
1223740 2050.5
1223750 2045.5
1223760 2038.6
1223770 2038.6
1223780 2029.3
1223790 2021.2
1223800 2012.4
1223810 2012.4
1223820 2002.8
1223830 1992.0
1223840 1992.0
1223850 1979.2
1223860 1965.9
1223870 1965.9
1223880 1952.3
1223890 1940.7
1223900 1940.7
1223910 1932.4
1223920 1925.9
1223930 1925.9
1223940 1918.0
1223950 1910.7
1223960 1910.7
1223970 1903.8
1223980 1895.8
1223990 1895.8
1224000 1888.6
1224010 1882.3
1224020 1876.2
1224030 1876.2
1224040 1869.0
1224050 1859.5
1224060 1859.5
1224070 1848.9
1224080 1838.3
1224090 1838.3
1224100 1832.3
1224110 1827.2
1224120 1827.2
1224130 1821.3
1224140 1817.1
1224150 1817.1
1224160 1811.9
1224170 1806.2
1224180 1806.2
1224190 1800.0
1224200 1793.9
1224210 1793.9
1224220 1789.9
1224230 1787.1
1224240 1784.4
1224250 1784.4
1224260 1781.4
1224270 1779.0
1224280 1779.0
1224290 1777.4
1224300 1776.2
1224310 1776.2
1224320 1772.9
1224330 1767.1
1224340 1767.1
1224350 1764.1
1224360 1760.0
1224370 1760.0
1224380 1753.2
1224390 1741.3
1224400 1741.3
1224410 1728.3
1224420 1716.5
1224430 1703.9
1224440 1703.9
1224450 1696.6
1224460 1690.9
1224470 1690.9
1224480 1684.7
1224490 1679.2
1224500 1679.2
1224510 1673.0
1224520 1667.0
1224530 1667.0
1224540 1661.5
1224550 1656.2
1224560 1656.2
1224570 1652.0
1224580 1648.5
1224590 1648.5
1224600 1647.3
1224610 1649.4
1224620 1649.4
1224630 1661.1
1224640 1665.0
1224650 1661.2
1224660 1661.2
1224670 1656.9
1224680 1653.4
1224690 1653.4
1224700 1651.3
1224710 1646.9
1224720 1646.9
1224730 1639.4
1224740 1631.3
1224750 1631.3
1224760 1621.8
1224770 1614.6
1224780 1614.6
1224790 1608.8
1224800 1603.3
1224810 1603.3
1224820 1597.2
1224830 1590.7
1224840 1584.1
1224850 1584.1
1224860 1580.0
1224870 1580.3
1224880 1580.3
1224890 1579.3
1224900 1576.6
1224910 1576.6
1224920 1574.2
1224930 1571.3
1224940 1571.3
1224950 1568.8
1224960 1566.6
1224970 1566.6
1224980 1563.9
1224990 1559.6
1225000 1559.6
1225010 1554.7
1225020 1547.9
1225030 1547.9
1225040 1539.2
1225050 1529.5
1225060 1519.7
1225070 1519.7
1225080 1508.6
1225090 1497.2
1225100 1497.2
1225110 1487.9
1225120 1479.7
1225130 1479.7
1225140 1473.3
1225150 1467.8
1225160 1467.8
1225170 1461.9
1225180 1457.2
1225190 1457.2
1225200 1454.2
1225210 1454.9
1225220 1454.9
1225230 1456.2
1225240 1457.4
1225250 1457.4
1225260 1458.1
1225270 1456.4
1225280 1451.5
1225290 1451.5
1225300 1445.3
1225310 1439.4
1225320 1439.4
1225330 1434.0
1225340 1427.9
1225350 1427.9
1225360 1421.7
1225370 1415.3
1225380 1415.3
1225390 1405.4
1225400 1396.4
1225410 1396.4
1225420 1388.3
1225430 1379.2
1225440 1379.2
1225450 1372.2
1225460 1368.3
1225470 1364.3
1225480 1364.3
1225490 1361.7
1225500 1357.6
1225510 1357.6
1225520 1350.0
1225530 1337.1
1225540 1337.1
1225550 1324.5
1225560 1320.6
1225570 1320.6
1225580 1312.6
1225590 1304.4
1225600 1302.8
1225610 1297.5
1225620 1289.3
1225630 1289.3
1225640 1282.6
1225650 1280.8
1225660 1280.8
1225670 1286.5
1225680 1299.7
1225690 1309.0
1225700 1309.0
1225710 1316.0
1225720 1322.7
1225730 1322.7
1225740 1329.6
1225750 1336.1
1225760 1336.1
1225770 1341.4
1225780 1346.0
1225790 1346.0
1225800 1350.8
1225810 1355.8
1225820 1355.8
1225830 1361.4
1225840 1367.2
1225850 1367.2
1225860 1373.2
1225870 1379.4
1225880 1379.4
1225890 1385.7
1225900 1392.3
1225910 1399.1
1225920 1399.1
1225930 1406.4
1225940 1413.7
1225950 1413.7
1225960 1421.0
1225970 1429.4
1225980 1429.4
1225990 1442.1
1226000 1449.6
1226010 1449.6
1226020 1456.1
1226030 1462.8
1226040 1462.8
1226050 1469.3
1226060 1475.9
1226070 1475.9
1226080 1483.0
1226090 1486.5
1226100 1493.5
1226110 1493.5
1226120 1500.3
1226130 1507.4
1226140 1507.4
1226150 1520.6
1226160 1540.3
1226170 1540.3
1226180 1549.1
1226190 1560.4
1226200 1560.4
1226210 1574.5
1226220 1583.4
1226230 1583.4
1226240 1589.0
1226250 1594.2
1226260 1594.2
1226270 1599.6
1226280 1605.7
1226290 1605.7
1226300 1612.9
1226310 1620.1
1226320 1631.9
1226330 1631.9
1226340 1656.6
1226350 1678.2
1226360 1678.2
1226370 1683.5
1226380 1683.7
1226390 1683.7
1226400 1687.2
1226410 1689.2
1226420 1689.2
1226430 1690.3
1226440 1699.4
1226450 1699.4
1226460 1715.2
1226470 1732.1
1226480 1732.1
1226490 1742.0
1226500 1754.4
1226510 1763.6
1226520 1763.6
1226530 1770.7
1226540 1778.3
1226550 1778.3
1226560 1785.6
1226570 1793.7
1226580 1794.7
1226590 1802.1
1226600 1809.5
1226610 1809.5
1226620 1818.6
1226630 1835.2
1226640 1835.2
1226650 1841.9
1226660 1847.1
1226670 1847.1
1226680 1852.5
1226690 1860.4
1226700 1860.4
1226710 1869.5
1226720 1876.4
1226730 1883.1
1226740 1883.1
1226750 1889.3
1226760 1894.1
1226770 1894.1
1226780 1899.8
1226790 1906.5
1226800 1906.5
1226810 1914.8
1226820 1927.6
1226830 1927.6
1226840 1937.2
1226850 1946.7
1226860 1946.7
1226870 1952.3
1226880 1955.8
1226890 1955.8
1226900 1958.7
1226910 1963.3
1226920 1963.3
1226930 1968.1
1226940 1973.1
1226950 1979.1
1226960 1979.1
1226970 1983.9
1226980 1987.2
1226990 1987.2
1227000 1992.7
1227010 1996.5
1227020 1996.5
1227030 1999.1
1227040 2005.9
1227050 2005.9
1227060 2013.6
1227070 2007.2
1227080 2007.2
1227090 2018.8
1227100 2044.7
1227110 2044.7
1227120 2070.0
1227130 2079.2
1227140 2086.7
1227150 2086.7
1227160 2098.4
1227170 2106.9
1227180 2106.9
1227190 2116.6
1227200 2125.3
1227210 2125.3
1227220 2130.8
1227230 2138.2
1227240 2138.2
1227250 2147.2
1227260 2158.6
1227270 2158.6
1227280 2173.8
1227290 2182.2
1227300 2182.2
1227310 2187.9
1227320 2194.2
1227330 2194.2
1227340 2199.9
1227350 2204.6
1227360 2210.1
1227370 2210.1
1227380 2217.4
1227390 2220.6
1227400 2220.6
1227410 2223.7
1227420 2225.6
1227430 2225.6
1227440 2229.9
1227450 2236.1
1227460 2236.1
1227470 2244.0
1227480 2252.4
1227490 2252.4
1227500 2259.9
1227510 2266.6
1227520 2266.6
1227530 2272.1
1227540 2278.8
1227550 2286.3
1227560 2286.3
1227570 2293.8
1227580 2300.1
1227590 2300.1
1227600 2306.5
1227610 2312.9
1227620 2312.9
1227630 2318.9
1227640 2323.5
1227650 2323.5
1227660 2327.6
1227670 2332.9
1227680 2332.9
1227690 2338.8
1227700 2345.0
1227710 2345.0
1227720 2351.3
1227730 2356.9
1227740 2356.9
1227750 2361.9
1227760 2366.8
1227770 2372.0
1227780 2372.0
1227790 2375.4
1227800 2385.5
1227810 2385.5
1227820 2394.3
1227830 2402.2
1227840 2402.2
1227850 2409.9
1227860 2415.8
1227870 2415.8
1227880 2419.9
1227890 2425.5
1227900 2425.5
1227910 2430.7
1227920 2434.8
1227930 2434.8
1227940 2439.0
1227950 2444.5
1227960 2444.5
1227970 2445.5
1227980 2448.9
1227990 2451.6
1228000 2451.6
1228010 2453.3
1228020 2458.8
1228030 2458.8
1228040 2463.6
1228050 2468.0
1228060 2478.6
1228070 2480.1
1228080 2482.6
1228090 2482.6
1228100 2485.5
1228110 2484.0
1228120 2484.0
1228130 2478.1
1228140 2477.7
1228150 2477.7
1228160 2482.2
1228170 2488.5
1228180 2494.1
1228190 2494.1
1228200 2495.8
1228210 2493.8
1228220 2493.8
1228230 2491.2
1228240 2493.1
1228250 2493.1
1228260 2500.5
1228270 2506.7
1228280 2506.7
1228290 2505.7
1228300 2503.8
1228310 2503.8
1228320 2505.2
1228330 2506.6
1228340 2506.6
1228350 2511.2
1228360 2519.0
1228370 2519.0
1228380 2525.6
1228390 2531.8
1228400 2538.8
1228410 2538.8
1228420 2541.9
1228430 2539.2
1228440 2539.2
1228450 2549.2
1228460 2554.8
1228470 2554.8
1228480 2559.6
1228490 2565.6
1228500 2565.6
1228510 2572.4
1228520 2574.4
1228530 2574.4
1228540 2575.6
1228550 2589.1
1228560 2589.1
1228570 2591.3
1228580 2594.7
1228590 2599.5
1228600 2599.5
1228610 2603.7
1228620 2610.9
1228630 2610.9
1228640 2612.6
1228650 2615.7
1228660 2615.7
1228670 2623.3
1228680 2631.7
1228690 2631.7
1228700 2642.9
1228710 2655.3
1228720 2655.3
1228730 2666.0
1228740 2680.8
1228750 2680.8
1228760 2690.7
1228770 2699.4
1228780 2699.4
1228790 2713.0
1228800 2720.6
1228810 2728.7
1228820 2728.7
1228830 2740.2
1228840 2750.9
1228850 2750.9
1228860 2760.1
1228870 2771.0
1228880 2771.0
1228890 2782.5
1228900 2789.4
1228910 2789.4
1228920 2794.1
1228930 2802.3
1228940 2802.3
1228950 2812.0
1228960 2819.7
1228970 2819.7
1228980 2810.8
1228990 2801.2
1229000 2801.2
1229010 2811.1
1229020 2825.1
1229030 2838.3
1229040 2838.3
1229050 2859.4
1229060 2878.3
1229070 2878.3
1229080 2889.6
1229090 2888.1
1229100 2888.1
1229110 2878.9
1229120 2872.1
1229130 2872.1
1229140 2862.6
1229150 2851.4
1229160 2851.4
1229170 2839.7
1229180 2832.9
1229190 2832.9
1229200 2826.7
1229210 2816.2
1229220 2808.3
1229230 2808.3
1229240 2793.6
1229250 2778.6
1229260 2778.6
1229270 2764.8
1229280 2754.5
1229290 2754.5
1229300 2751.7
1229310 2741.5
1229320 2741.5
1229330 2727.7
1229340 2717.0
1229350 2717.0
1229360 2714.3
1229370 2710.0
1229380 2710.0
1229390 2704.6
1229400 2698.8
1229410 2698.8
1229420 2693.1
1229430 2687.2
1229440 2682.2
1229450 2682.2
1229460 2680.7
1229470 2679.4
1229480 2679.4
1229490 2681.3
1229500 2683.0
1229510 2683.0
1229520 2686.6
1229530 2689.9
1229540 2689.9
1229550 2697.4
1229560 2698.6
1229570 2698.6
1229580 2699.5
1229590 2701.2
1229600 2701.2
1229610 2703.4
1229620 2704.9
1229630 2705.9
1229640 2705.9
1229650 2707.0
1229660 2708.5
1229670 2708.5
1229680 2709.9
1229690 2711.2
1229700 2711.2
1229710 2712.5
1229720 2713.9
1229730 2713.9
1229740 2715.8
1229750 2717.5
1229760 2717.5
1229770 2721.4
1229780 2734.1
1229790 2734.1
1229800 2752.5
1229810 2766.1
1229820 2766.1
1229830 2777.5
1229840 2794.6
1229850 2814.1
1229860 2814.1
1229870 2831.5
1229880 2851.5
1229890 2851.5
1229900 2853.9
1229910 2843.6
1229920 2843.6
1229930 2845.8
1229940 2849.4
1229950 2849.4
1229960 2852.1
1229970 2853.6
1229980 2853.6
1229990 2854.3
1230000 2857.9
1230010 2857.9
1230020 2863.3
1230030 2869.8
1230040 2878.9
1230050 2881.7
1230060 2886.9
1230070 2894.4
1230080 2894.4
1230090 2903.9
1230100 2916.6
1230110 2916.6
1230120 2928.8
1230130 2935.9
1230140 2935.9
1230150 2946.0
1230160 2955.1
1230170 2955.1
1230180 2965.7
1230190 2981.9
1230200 2981.9
1230210 2999.5
1230220 3007.2
1230230 3007.2
1230240 3009.0
1230250 3017.0
1230260 3025.0
1230270 3025.0
1230280 3028.5
1230290 3033.3
1230300 3033.3
1230310 3043.1
1230320 3056.2
1230330 3056.2
1230340 3073.0
1230350 3082.3
1230360 3082.3
1230370 3092.5
1230380 3105.5
1230390 3105.5
1230400 3131.9
1230410 3148.8
1230420 3148.8
1230430 3162.1
1230440 3165.1
1230450 3165.1
1230460 3155.9
1230470 3137.9
1230480 3119.2
1230490 3119.2
1230500 3110.6
1230510 3092.8
1230520 3092.8
1230530 3075.4
1230540 3068.7
1230550 3068.7
1230560 3062.3
1230570 3057.8
1230580 3057.8
1230590 3054.9
1230600 3052.9
1230610 3052.9
1230620 3051.6
1230630 3050.7
1230640 3050.7
1230650 3050.1
1230660 3049.8
1230670 3049.7
1230680 3049.7
1230690 3049.8
1230700 3050.0
1230710 3050.0
1230720 3050.3
1230730 3050.6
1230740 3050.6
1230750 3051.0
1230760 3051.4
1230770 3051.4
1230780 3051.6
1230790 3051.7
1230800 3051.7
1230810 3051.7
1230820 3051.3
1230830 3051.3
1230840 3050.6
1230850 3050.0
1230860 3050.0
1230870 3049.9
1230880 3049.9
1230890 3049.8
1230900 3049.8
1230910 3050.4
1230920 3051.9
1230930 3051.9
1230940 3054.5
1230950 3059.6
1230960 3059.6
1230970 3075.6
1230980 3088.6
1230990 3088.6
1231000 3099.5
1231010 3107.0
1231020 3107.0
1231030 3117.1
1231040 3132.1
1231050 3132.1
1231060 3137.2
1231070 3150.7
1231080 3150.7
1231090 3164.3
1231100 3170.7
1231110 3169.3
1231120 3169.3
1231130 3161.9
1231140 3155.5
1231150 3155.5
1231160 3157.6
1231170 3163.8
1231180 3163.8
1231190 3171.8
1231200 3186.1
1231210 3186.1
1231220 3199.4
1231230 3211.2
1231240 3211.2
1231250 3216.0
1231260 3217.8
1231270 3217.8
1231280 3217.7
1231290 3227.9
1231300 3249.7
1231310 3249.7
1231320 3254.6
1231330 3255.0
1231340 3255.0
1231350 3259.9
1231360 3276.5
1231370 3276.5
1231380 3287.0
1231390 3292.8
1231400 3292.8
1231410 3297.6
1231420 3325.9
1231430 3325.9
1231440 3347.1
1231450 3333.9
1231460 3333.9
1231470 3318.3
1231480 3300.3
1231490 3300.3
1231500 3284.9
1231510 3282.6
1231520 3281.9
1231530 3281.9
1231540 3291.0
1231550 3282.8
1231560 3282.8
1231570 3277.3
1231580 3269.7
1231590 3269.7
1231600 3262.0
1231610 3251.8
1231620 3251.8
1231630 3246.5
1231640 3240.1
1231650 3240.1
1231660 3231.5
1231670 3223.6
1231680 3223.6
1231690 3214.5
1231700 3204.9
1231710 3196.9
1231720 3196.9
1231730 3191.3
1231740 3184.2
1231750 3184.2
1231760 3176.8
1231770 3166.7
1231780 3166.7
1231790 3156.6
1231800 3149.6
1231810 3149.6
1231820 3145.3
1231830 3138.1
1231840 3138.1
1231850 3128.5
1231860 3117.9
1231870 3117.9
1231880 3106.4
1231890 3095.8
1231900 3095.8
1231910 3086.7
1231920 3075.3
1231930 3066.9
1231940 3066.9
1231950 3059.2
1231960 3051.1
1231970 3051.1
1231980 3036.6
1231990 3024.3
1232000 3024.3
1232010 3013.7
1232020 3007.0
1232030 3007.0
1232040 3005.2
1232050 2999.5
1232060 2999.5
1232070 2994.7
1232080 2990.3
1232090 2990.3
1232100 2986.0
1232110 2981.7
1232120 2981.7
1232130 2977.6
1232140 2973.5
1232150 2970.0
1232160 2970.0
1232170 2967.7
1232180 2963.5
1232190 2963.5
1232200 2955.8
1232210 2949.2
1232220 2949.2
1232230 2942.8
1232240 2936.4
1232250 2936.4
1232260 2930.5
1232270 2924.2
1232280 2924.2
1232290 2917.0
1232300 2909.9
1232310 2909.9
1232320 2903.1
1232330 2896.3
1232340 2888.8
1232350 2888.8
1232360 2882.1
1232370 2872.3
1232380 2872.3
1232390 2857.8
1232400 2848.3
1232410 2848.3
1232420 2840.7
1232430 2833.7
1232440 2833.7
1232450 2823.8
1232460 2804.6
1232470 2804.6
1232480 2793.2
1232490 2786.3
1232500 2786.3
1232510 2781.8
1232520 2778.4
1232530 2778.4
1232540 2776.2
1232550 2775.7
1232560 2774.4
1232570 2774.4
1232580 2773.6
1232590 2773.2
1232600 2773.2
1232610 2773.1
1232620 2772.8
1232630 2772.8
1232640 2772.6
1232650 2772.4
1232660 2772.4
1232670 2772.4
1232680 2771.8
1232690 2771.8
1232700 2771.4
1232710 2770.9
1232720 2770.9
1232730 2770.4
1232740 2769.8
1232750 2769.0
1232760 2769.0
1232770 2768.0
1232780 2766.9
1232790 2766.9
1232800 2765.8
1232810 2764.9
1232820 2764.9
1232830 2764.1
1232840 2763.6
1232850 2763.6
1232860 2763.1
1232870 2762.8
1232880 2762.8
1232890 2762.8
1232900 2763.0
1232910 2763.0
1232920 2763.4
1232930 2764.0
1232940 2764.0
1232950 2764.8
1232960 2765.4
1232970 2765.9
1232980 2765.9
1232990 2766.2
1233000 2766.0
1233010 2766.0
1233020 2765.7
1233030 2765.3
1233040 2767.3
1233050 2766.8
1233060 2766.3
1233070 2766.3
1233080 2765.9
1233090 2765.5
1233100 2765.5
1233110 2765.1
1233120 2764.9
1233130 2764.9
1233140 2764.7
1233150 2764.5
1233160 2764.5
1233170 2764.8
1233180 2765.3
1233190 2765.7
1233200 2765.7
1233210 2765.6
1233220 2765.2
1233230 2765.2
1233240 2764.5
1233250 2764.1
1233260 2764.1
1233270 2764.0
1233280 2763.9
1233290 2763.9
1233300 2763.5
1233310 2762.8
1233320 2762.8
1233330 2762.1
1233340 2762.2
1233350 2762.2
1233360 2762.9
1233370 2763.9
1233380 2765.1
1233390 2765.1
1233400 2766.4
1233410 2767.8
1233420 2767.8
1233430 2769.2
1233440 2770.8
1233450 2770.8
1233460 2772.7
1233470 2774.9
1233480 2774.9
1233490 2777.4
1233500 2780.5
1233510 2780.5
1233520 2784.0
1233530 2787.9
1233540 2787.9
1233550 2794.8
1233560 2799.1
1233570 2799.1
1233580 2803.2
1233590 2807.1
1233600 2811.1
1233610 2811.1
1233620 2814.9
1233630 2818.4
1233640 2818.4
1233650 2821.5
1233660 2824.5
1233670 2824.5
1233680 2827.3
1233690 2829.5
1233700 2829.5
1233710 2831.2
1233720 2833.5
1233730 2833.5
1233740 2835.2
1233750 2836.6
1233760 2836.6
1233770 2838.3
1233780 2840.2
1233790 2842.5
1233800 2842.5
1233810 2845.3
1233820 2848.6
1233830 2848.6
1233840 2852.3
1233850 2856.3
1233860 2856.3
1233870 2860.2
1233880 2863.9
1233890 2863.9
1233900 2867.4
1233910 2870.7
1233920 2870.7
1233930 2874.0
1233940 2877.2
1233950 2877.2
1233960 2880.1
1233970 2882.8
1233980 2882.8
1233990 2886.5
1234000 2891.1
1234010 2895.2
1234020 2895.2
1234030 2896.7
1234040 2896.6
1234050 2896.9
1234060 2901.3
1234070 2907.0
1234080 2907.0
1234090 2907.7
1234100 2909.0
1234110 2909.0
1234120 2910.7
1234130 2912.6
1234140 2912.6
1234150 2913.1
1234160 2913.3
1234170 2913.3
1234180 2914.5
1234190 2914.9
1234200 2914.9
1234210 2914.8
1234220 2914.7
1234230 2914.4
1234240 2914.4
1234250 2914.4
1234260 2914.4
1234270 2914.4
1234280 2914.3
1234290 2914.2
1234300 2914.2
1234310 2914.4
1234320 2914.5
1234330 2914.5
1234340 2914.5
1234350 2914.4
1234360 2914.4
1234370 2914.2
1234380 2914.1
1234390 2914.1
1234400 2914.1
1234410 2914.2
1234420 2914.5
1234430 2914.5
1234440 2915.2
1234450 2916.2
1234460 2916.2
1234470 2917.7
1234480 2919.6
1234490 2919.6
1234500 2922.2
1234510 2925.2
1234520 2925.2
1234530 2933.3
1234540 2948.1
1234550 2948.1
1234560 2959.6
1234570 2976.3
1234580 2976.3
1234590 2985.8
1234600 2992.7
1234610 2992.7
1234620 3000.0
1234630 3011.7
1234640 3019.4
1234650 3019.4
1234660 3021.2
1234670 3023.8
1234680 3023.8
1234690 3025.9
1234700 3029.3
1234710 3029.3
1234720 3033.9
1234730 3038.6
1234740 3038.6
1234750 3042.6
1234760 3046.0
1234770 3046.0
1234780 3049.0
1234790 3053.0
1234800 3053.0
1234810 3057.7
1234820 3062.3
1234830 3067.1
1234840 3067.1
1234850 3071.5
1234860 3074.8
1234870 3074.8
1234880 3077.1
1234890 3078.6
1234900 3078.6
1234910 3079.8
1234920 3081.1
1234930 3081.1
1234940 3083.3
1234950 3087.0
1234960 3087.0
1234970 3092.7
1234980 3099.4
1234990 3099.4
1235000 3107.5
1235010 3120.7
1235020 3120.7
1235030 3134.7
1235040 3146.1
1235050 3156.3
1235060 3156.3
1235070 3168.7
1235080 3174.7
1235090 3174.7
1235100 3178.6
1235110 3179.9
1235120 3179.9
1235130 3173.7
1235140 3164.2
1235150 3164.2
1235160 3154.9
1235170 3146.0
1235180 3146.0
1235190 3136.7
1235200 3127.0
1235210 3127.0
1235220 3116.3
1235230 3105.3
1235240 3105.3
1235250 3099.2
1235260 3096.0
1235270 3091.0
1235280 3091.0
1235290 3087.6
1235300 3085.6
1235310 3085.6
1235320 3082.4
1235330 3078.9
1235340 3078.9
1235350 3076.1
1235360 3072.9
1235370 3072.9
1235380 3070.1
1235390 3067.6
1235400 3067.6
1235410 3065.3
1235420 3063.0
1235430 3063.0
1235440 3060.6
1235450 3057.9
1235460 3052.8
1235470 3052.8
1235480 3046.4
1235490 3041.4
1235500 3041.4
1235510 3037.7
1235520 3035.2
1235530 3035.2
1235540 3033.5
1235550 3032.7
1235560 3032.7
1235570 3030.0
1235580 3029.2
1235590 3029.2
1235600 3027.3
1235610 3024.9
1235620 3024.9
1235630 3019.0
1235640 3010.4
1235650 3010.4
1235660 2999.6
1235670 2987.4
1235680 2973.6
1235690 2973.6
1235700 2965.4
1235710 2960.4
1235720 2960.4
1235730 2956.5
1235740 2953.1
1235750 2953.1
1235760 2950.1
1235770 2947.4
1235780 2947.4
1235790 2945.0
1235800 2942.6
1235810 2942.6
1235820 2940.5
1235830 2938.5
1235840 2938.5
1235850 2936.5
1235860 2934.6
1235870 2932.9
1235880 2932.9
1235890 2931.2
1235900 2929.6
1235910 2929.6
1235920 2928.3
1235930 2927.4
1235940 2927.4
1235950 2927.0
1235960 2926.5
1235970 2926.5
1235980 2926.0
1235990 2925.8
1236000 2925.8
1236010 2925.3
1236020 2924.4
1236030 2924.4
1236040 2923.8
1236050 2923.8
1236060 2923.8
1236070 2924.3
1236080 2931.6
1236090 2933.6
1236100 2933.6
1236110 2935.1
1236120 2936.9
1236130 2936.9
1236140 2939.1
1236150 2942.2
1236160 2942.2
1236170 2942.2
1236180 2940.9
1236190 2940.9
1236200 2940.4
1236210 2940.5
1236220 2940.5
1236230 2939.8
1236240 2939.6
1236250 2939.6
1236260 2939.8
1236270 2939.4
1236280 2939.4
1236290 2938.9
1236300 2938.4
1236310 2938.5
1236320 2938.5
1236330 2938.3
1236340 2938.8
1236350 2938.8
1236360 2939.3
1236370 2940.4
1236380 2940.4
1236390 2939.4
1236400 2939.2
1236410 2939.2
1236420 2941.8
1236430 2943.8
1236440 2943.8
1236450 2944.2
1236460 2942.9
1236470 2942.9
1236480 2941.8
1236490 2943.3
1236500 2946.3
1236510 2946.3
1236520 2947.3
1236530 2949.1
1236540 2949.1
1236550 2950.4
1236560 2948.9
1236570 2948.9
1236580 2946.3
1236590 2936.9
1236600 2936.9
1236610 2933.7
1236620 2930.4
1236630 2930.4
1236640 2926.6
1236650 2923.5
1236660 2923.5
1236670 2921.0
1236680 2919.0
1236690 2919.0
1236700 2917.7
1236710 2913.2
1236720 2906.2
1236730 2906.2
1236740 2899.3
1236750 2893.3
1236760 2893.3
1236770 2888.6
1236780 2884.5
1236790 2884.5
1236800 2880.7
1236810 2877.5
1236820 2877.5
1236830 2873.4
1236840 2869.7
1236850 2869.7
1236860 2867.4
1236870 2865.2
1236880 2865.2
1236890 2863.5
1236900 2863.2
1236910 2864.1
1236920 2864.1
1236930 2862.6
1236940 2857.2
1236950 2857.2
1236960 2851.4
1236970 2848.7
1236980 2848.7
1236990 2844.4
1237000 2835.0
1237010 2835.0
1237020 2823.5
1237030 2812.7
1237040 2812.7
1237050 2806.1
1237060 2799.4
1237070 2799.4
1237080 2793.2
1237090 2787.6
1237100 2783.7
1237110 2778.5
1237120 2773.0
1237130 2767.5
1237140 2767.5
1237150 2762.3
1237160 2757.4
1237170 2757.4
1237180 2753.0
1237190 2748.0
1237200 2748.0
1237210 2743.3
1237220 2739.0
1237230 2739.0
1237240 2736.1
1237250 2734.8
1237260 2734.8
1237270 2733.1
1237280 2731.1
1237290 2731.1
1237300 2729.7
1237310 2729.1
1237320 2729.1
1237330 2728.1
1237340 2728.2
1237350 2728.8
1237360 2728.8
1237370 2728.9
1237380 2729.1
1237390 2729.1
1237400 2730.9
1237410 2732.9
1237420 2732.9
1237430 2733.5
1237440 2732.6
1237450 2732.6
1237460 2731.5
1237470 2730.4
1237480 2730.4
1237490 2728.1
1237500 2726.6
1237510 2726.6
1237520 2725.3
1237530 2723.1
1237540 2719.5
1237550 2719.5
1237560 2715.3
1237570 2711.6
1237580 2711.6
1237590 2709.9
1237600 2708.3
1237610 2711.0
1237620 2709.2
1237630 2707.2
1237640 2707.2
1237650 2703.5
1237660 2696.5
1237670 2696.5
1237680 2685.6
1237690 2676.8
1237700 2676.8
1237710 2664.3
1237720 2655.6
1237730 2655.6
1237740 2646.6
1237750 2632.0
1237760 2615.8
1237770 2615.8
1237780 2596.5
1237790 2584.3
1237800 2584.3
1237810 2579.2
1237820 2575.4
1237830 2575.4
1237840 2570.4
1237850 2563.9
1237860 2563.9
1237870 2556.7
1237880 2549.2
1237890 2549.2
1237900 2542.3
1237910 2536.8
1237920 2536.8
1237930 2532.8
1237940 2529.6
1237950 2528.0
1237960 2528.0
1237970 2527.0
1237980 2526.5
1237990 2526.5
1238000 2526.2
1238010 2525.4
1238020 2525.4
1238030 2524.2
1238040 2523.1
1238050 2523.1
1238060 2522.2
1238070 2521.0
1238080 2521.0
1238090 2519.4
1238100 2518.5
1238110 2518.5
1238120 2517.4
1238130 2520.0
1238140 2520.0
1238150 2521.5
1238160 2523.0
1238170 2524.5
1238180 2524.5
1238190 2526.7
1238200 2530.1
1238210 2530.1
1238220 2532.9
1238230 2532.4
1238240 2532.4
1238250 2528.1
1238260 2523.6
1238270 2523.6
1238280 2520.4
1238290 2516.3
1238300 2516.3
1238310 2511.3
1238320 2507.6
1238330 2507.6
1238340 2501.5
1238350 2493.1
1238360 2493.1
1238370 2487.1
1238380 2482.9
1238390 2478.5
1238400 2478.5
1238410 2474.3
1238420 2470.3
1238430 2470.3
1238440 2465.3
1238450 2458.6
1238460 2458.6
1238470 2450.0
1238480 2441.6
1238490 2441.6
1238500 2431.9
1238510 2421.8
1238520 2421.8
1238530 2415.5
1238540 2410.4
1238550 2410.4
1238560 2406.0
1238570 2402.5
1238580 2399.5
1238590 2399.5
1238600 2399.0
1238610 2399.5
1238620 2399.5
1238630 2399.6
1238640 2400.6
1238650 2400.6
1238660 2401.0
1238670 2402.1
1238680 2402.1
1238690 2402.4
1238700 2402.3
1238710 2402.3
1238720 2402.2
1238730 2401.9
1238740 2401.9
1238750 2401.5
1238760 2402.9
1238770 2402.9
1238780 2407.9
1238790 2412.6
1238800 2416.7
1238810 2416.7
1238820 2420.3
1238830 2422.4
1238840 2422.4
1238850 2423.8
1238860 2425.9
1238870 2425.9
1238880 2429.9
1238890 2434.0
1238900 2434.0
1238910 2436.8
1238920 2438.8
1238930 2438.8
1238940 2440.9
1238950 2443.1
1238960 2443.1
1238970 2446.2
1238980 2450.7
1238990 2454.9
1239000 2454.9
1239010 2458.2
1239020 2464.9
1239030 2464.9
1239040 2475.6
1239050 2483.8
1239060 2483.8
1239070 2486.4
1239080 2485.6
1239090 2485.6
1239100 2487.9
1239110 2494.4
1239120 2494.4
1239130 2500.6
1239140 2503.1
1239150 2503.1
1239160 2514.2
1239170 2514.2
1239180 2514.2
1239190 2514.6
1239200 2516.2
1239210 2515.6
1239220 2515.6
1239230 2515.9
1239240 2516.2
1239250 2516.2
1239260 2516.0
1239270 2515.5
1239280 2515.5
1239290 2516.9
1239300 2518.3
1239310 2518.3
1239320 2520.5
1239330 2523.6
1239340 2523.6
1239350 2526.3
1239360 2528.4
1239370 2528.4
1239380 2532.8
1239390 2538.9
1239400 2538.9
1239410 2545.9
1239420 2554.8
1239430 2560.3
1239440 2560.3
1239450 2561.9
1239460 2562.7
1239470 2562.7
1239480 2562.2
1239490 2562.2
1239500 2562.2
1239510 2566.0
1239520 2571.1
1239530 2571.1
1239540 2574.4
1239550 2575.4
1239560 2575.4
1239570 2576.3
1239580 2576.7
1239590 2576.7
1239600 2576.7
1239610 2576.1
1239620 2575.5
1239630 2575.5
1239640 2575.0
1239650 2575.1
1239660 2575.1
1239670 2578.8
1239680 2580.3
1239690 2580.3
1239700 2580.8
1239710 2580.9
1239720 2580.9
1239730 2580.8
1239740 2579.6
1239750 2579.6
1239760 2577.8
1239770 2575.0
1239780 2575.0
1239790 2571.1
1239800 2564.8
1239810 2564.8
1239820 2557.4
1239830 2550.8
1239840 2544.5
1239850 2544.5
1239860 2539.1
1239870 2533.0
1239880 2533.0
1239890 2528.4
1239900 2525.8
1239910 2525.8
1239920 2525.6
1239930 2524.7
1239940 2524.7
1239950 2519.7
1239960 2511.6
1239970 2511.6
1239980 2499.8
1239990 2488.0
