1220000 1905.2
1220010 1909.2
1220020 1913.3
1220030 1913.3
1220040 1917.3
1220050 1920.7
1220060 1920.7
1220070 1924.1
1220080 1927.8
1220090 1927.8
1220100 1932.0
1220110 1935.3
1220120 1935.3
1220130 1938.4
1220140 1940.9
1220150 1943.9
1220160 1943.9
1220170 1948.8
1220180 1957.3
1220190 1960.8
1220200 1967.4
1220210 1973.5
1220220 1973.5
1220230 1984.6
1220240 1999.0
1220250 1999.0
1220260 2012.4
1220270 2023.6
1220280 2023.6
1220290 2036.1
1220300 2049.9
1220310 2049.9
1220320 2061.5
1220330 2070.0
1220340 2076.3
1220350 2076.3
1220360 2083.0
1220370 2089.8
1220380 2089.8
1220390 2096.5
1220400 2102.5
1220410 2102.5
1220420 2108.9
1220430 2115.7
1220440 2115.7
1220450 2122.2
1220460 2128.8
1220470 2128.8
1220480 2135.8
1220490 2144.7
1220500 2144.7
1220510 2150.5
1220520 2155.1
1220530 2155.1
1220540 2159.4
1220550 2164.7
1220560 2170.8
1220570 2170.8
1220580 2177.3
1220590 2183.4
1220600 2183.4
1220610 2189.6
1220620 2198.1
1220630 2198.1
1220640 2210.3
1220650 2214.4
1220660 2214.4
1220670 2221.7
1220680 2223.4
1220690 2223.4
1220700 2236.3
1220710 2239.9
1220720 2239.9
1220730 2236.3
1220740 2233.7
1220750 2233.7
1220760 2240.8
1220770 2240.0
1220780 2246.3
1220790 2246.3
1220800 2255.9
1220810 2260.5
1220820 2260.5
1220830 2265.1
1220840 2272.1
1220850 2272.1
1220860 2284.9
1220870 2308.5
1220880 2308.5
1220890 2325.8
1220900 2337.6
1220910 2337.6
1220920 2345.0
1220930 2352.4
1220940 2352.4
1220950 2363.7
1220960 2382.6
1220970 2392.9
1220980 2392.9
1220990 2400.0
1221000 2407.2
1221010 2407.2
1221020 2415.9
1221030 2423.8
1221040 2423.8
1221050 2431.0
1221060 2438.2
1221070 2438.2
1221080 2450.7
1221090 2462.3
1221100 2462.3
1221110 2484.5
1221120 2500.7
1221130 2500.7
1221140 2517.0
1221150 2533.7
1221160 2533.7
1221170 2543.7
1221180 2548.1
1221190 2555.9
1221200 2555.9
1221210 2565.0
1221220 2573.8
1221230 2573.8
1221240 2580.6
1221250 2587.6
1221260 2587.6
1221270 2592.6
1221280 2597.7
1221290 2597.7
1221300 2603.3
1221310 2612.3
1221320 2612.3
1221330 2622.1
1221340 2630.4
1221350 2630.4
1221360 2639.5
1221370 2649.3
1221380 2658.0
1221390 2658.0
1221400 2666.5
1221410 2674.8
1221420 2674.8
1221430 2684.1
1221440 2694.0
1221450 2694.0
1221460 2704.9
1221470 2717.6
1221480 2717.6
1221490 2728.4
1221500 2741.7
1221510 2741.7
1221520 2746.1
1221530 2725.5
1221540 2725.5
1221550 2709.0
1221560 2694.8
1221570 2694.8
1221580 2683.1
1221590 2670.7
1221600 2661.5
1221610 2661.5
1221620 2650.6
1221630 2633.3
1221640 2633.3
1221650 2627.6
1221660 2621.9
1221670 2621.9
1221680 2615.6
1221690 2609.3
1221700 2609.3
1221710 2602.9
1221720 2596.0
1221730 2596.0
1221740 2588.9
1221750 2581.9
1221760 2581.9
1221770 2574.5
1221780 2567.3
1221790 2567.3
1221800 2560.6
1221810 2554.1
1221820 2547.2
1221830 2547.2
1221840 2539.9
1221850 2532.6
1221860 2532.6
1221870 2526.1
1221880 2520.7
1221890 2520.7
1221900 2516.4
1221910 2512.7
1221920 2512.7
1221930 2509.0
1221940 2505.4
1221950 2505.4
1221960 2502.4
1221970 2499.1
1221980 2499.1
1221990 2496.5
1222000 2496.2
1222010 2496.4
1222020 2496.4
1222030 2496.3
1222040 2496.9
1222050 2496.9
1222060 2498.3
1222070 2499.3
1222080 2499.3
1222090 2499.9
1222100 2501.4
1222110 2493.7
1222120 2494.0
1222130 2494.2
1222140 2494.2
1222150 2494.4
1222160 2495.5
1222170 2495.5
1222180 2495.4
1222190 2493.1
1222200 2493.1
1222210 2489.0
1222220 2484.7
1222230 2481.0
1222240 2481.0
1222250 2479.3
1222260 2477.9
1222270 2477.9
1222280 2474.9
1222290 2469.9
1222300 2469.9
1222310 2461.9
1222320 2450.2
1222330 2450.2
1222340 2437.8
1222350 2431.0
1222360 2431.0
1222370 2427.1
1222380 2424.9
1222390 2424.9
1222400 2423.6
1222410 2420.9
1222420 2417.5
1222430 2417.5
1222440 2413.6
1222450 2409.8
1222460 2409.8
1222470 2406.3
1222480 2402.6
1222490 2402.6
1222500 2398.9
1222510 2395.2
1222520 2395.2
1222530 2391.6
1222540 2388.1
1222550 2388.1
1222560 2384.4
1222570 2379.9
1222580 2379.9
1222590 2369.9
1222600 2365.0
1222610 2365.0
1222620 2359.3
1222630 2353.1
1222640 2347.1
1222650 2347.1
1222660 2338.5
1222670 2330.0
1222680 2330.0
1222690 2322.7
1222700 2315.2
1222710 2315.2
1222720 2307.0
1222730 2299.9
1222740 2299.9
1222750 2294.2
1222760 2289.0
1222770 2289.0
1222780 2283.6
1222790 2278.4
1222800 2278.4
1222810 2273.5
1222820 2268.3
1222830 2268.3
1222840 2263.4
1222850 2258.5
1222860 2253.5
1222870 2253.5
1222880 2248.3
1222890 2242.8
1222900 2242.8
1222910 2237.5
1222920 2232.5
1222930 2232.5
1222940 2227.6
1222950 2222.6
1222960 2222.6
1222970 2217.7
1222980 2213.2
1222990 2213.2
1223000 2208.3
1223010 2203.5
1223020 2203.5
1223030 2198.7
1223040 2194.0
1223050 2188.7
1223060 2188.7
1223070 2183.2
1223080 2178.9
1223090 2178.9
1223100 2172.0
1223110 2166.6
1223120 2166.6
1223130 2162.6
1223140 2159.1
1223150 2159.1
1223160 2155.2
1223170 2150.6
1223180 2150.6
1223190 2145.5
1223200 2141.7
1223210 2141.7
1223220 2138.2
1223230 2134.7
1223240 2134.7
1223250 2130.6
1223260 2126.7
1223270 2124.1
1223280 2124.1
1223290 2122.3
1223300 2119.6
1223310 2119.6
1223320 2116.1
1223330 2112.1
1223340 2112.1
1223350 2108.1
1223360 2104.2
1223370 2104.2
1223380 2100.7
1223390 2097.0
1223400 2097.0
1223410 2093.6
1223420 2090.0
1223430 2090.0
1223440 2086.7
1223450 2083.3
1223460 2083.3
1223470 2080.9
1223480 2078.2
1223490 2074.5
1223500 2074.5
1223510 2072.3
1223520 2069.5
1223530 2069.5
1223540 2066.1
1223550 2062.9
1223560 2065.9
1223570 2063.5
1223580 2060.9
1223590 2060.9
1223600 2058.5
1223610 2056.6
1223620 2056.6
1223630 2054.0
1223640 2052.3
1223650 2052.3
1223660 2050.9
1223670 2049.7
1223680 2048.8
1223690 2048.8
1223700 2046.8
1223710 2042.1
1223720 2042.1
1223730 2035.3
1223740 2027.5
1223750 2027.5
1223760 2017.8
1223770 2004.9
1223780 2004.9
1223790 1995.3
1223800 1986.6
1223810 1986.6
1223820 1975.3
1223830 1966.6
1223840 1966.6
1223850 1959.1
1223860 1951.6
1223870 1951.6
1223880 1945.2
1223890 1939.3
1223900 1933.3
1223910 1933.3
1223920 1926.7
1223930 1920.8
1223940 1920.8
1223950 1910.8
1223960 1899.0
1223970 1899.0
1223980 1891.1
1223990 1883.2
1224000 1883.2
1224010 1874.8
1224020 1867.4
1224030 1867.4
1224040 1861.8
1224050 1856.4
1224060 1856.4
1224070 1850.0
1224080 1845.3
1224090 1839.9
1224100 1839.9
1224110 1828.7
1224120 1819.0
1224130 1819.0
1224140 1814.1
1224150 1809.7
1224160 1809.7
1224170 1805.8
1224180 1801.4
1224190 1801.4
1224200 1796.0
1224210 1789.7
1224220 1789.7
1224230 1782.7
1224240 1775.1
1224250 1775.1
1224260 1768.6
1224270 1761.7
1224280 1761.7
1224290 1754.0
1224300 1747.8
1224310 1741.7
1224320 1741.7
1224330 1735.3
1224340 1729.5
1224350 1729.5
1224360 1723.4
1224370 1711.3
1224380 1711.3
1224390 1698.8
1224400 1688.8
1224410 1688.8
1224420 1675.4
1224430 1663.9
1224440 1663.9
1224450 1654.6
1224460 1645.1
1224470 1645.1
1224480 1643.4
1224490 1646.2
1224500 1646.2
1224510 1644.9
1224520 1642.7
1224530 1642.3
1224540 1642.3
1224550 1636.9
1224560 1632.5
1224570 1632.5
1224580 1629.1
1224590 1626.1
1224600 1626.1
1224610 1625.0
1224620 1623.6
1224630 1623.6
1224640 1621.9
1224650 1622.9
1224660 1622.9
1224670 1627.3
1224680 1630.8
1224690 1630.8
1224700 1633.6
1224710 1634.5
1224720 1628.1
1224730 1628.1
1224740 1620.7
1224750 1615.4
1224760 1615.4
1224770 1610.0
1224780 1605.6
1224790 1605.6
1224800 1598.6
1224810 1593.4
1224820 1593.4
1224830 1588.6
1224840 1584.0
1224850 1584.0
1224860 1581.8
1224870 1579.4
1224880 1579.4
1224890 1579.6
1224900 1582.1
1224910 1582.1
1224920 1581.2
1224930 1575.7
1224940 1570.8
1224950 1570.8
1224960 1568.9
1224970 1567.5
1224980 1567.5
1224990 1563.9
1225000 1557.5
1225010 1557.5
1225020 1551.3
1225030 1542.0
1225040 1542.0
1225050 1532.8
1225060 1523.5
1225070 1523.5
1225080 1513.3
1225090 1500.1
1225100 1500.1
1225110 1490.4
1225120 1484.2
1225130 1478.0
1225140 1478.0
1225150 1472.2
1225160 1466.0
1225170 1466.0
1225180 1455.9
1225190 1441.6
1225200 1441.6
1225210 1427.7
1225220 1419.2
1225230 1419.2
1225240 1413.1
1225250 1406.8
1225260 1406.8
1225270 1406.2
1225280 1411.0
1225290 1411.0
1225300 1413.8
1225310 1414.5
1225320 1414.5
1225330 1412.7
1225340 1408.3
1225350 1399.2
1225360 1399.2
1225370 1387.4
1225380 1380.9
1225390 1380.9
1225400 1375.0
1225410 1367.3
1225420 1367.3
1225430 1365.0
1225440 1364.9
1225450 1364.9
1225460 1361.0
1225470 1357.6
1225480 1357.6
1225490 1356.3
1225500 1354.6
1225510 1357.1
1225520 1352.0
1225530 1344.7
1225540 1344.7
1225550 1333.0
1225560 1322.7
1225570 1316.9
1225580 1316.9
1225590 1308.6
1225600 1305.1
1225610 1305.1
1225620 1297.5
1225630 1289.0
1225640 1289.0
1225650 1282.9
1225660 1279.8
1225670 1279.8
1225680 1279.5
1225690 1284.9
1225700 1284.9
1225710 1301.3
1225720 1315.8
1225730 1315.8
1225740 1324.9
1225750 1333.5
1225760 1339.9
1225770 1339.9
1225780 1347.9
1225790 1355.5
1225800 1355.5
1225810 1363.2
1225820 1371.1
1225830 1371.1
1225840 1378.5
1225850 1385.7
1225860 1385.7
1225870 1392.8
1225880 1400.2
1225890 1400.2
1225900 1407.4
1225910 1414.6
1225920 1414.6
1225930 1421.4
1225940 1428.0
1225950 1428.0
1225960 1435.1
1225970 1446.1
1225980 1454.8
1225990 1454.8
1226000 1459.9
1226010 1466.4
1226020 1466.4
1226030 1473.3
1226040 1480.8
1226050 1480.8
1226060 1487.9
1226070 1495.0
1226080 1495.0
1226090 1502.0
1226100 1512.7
1226110 1512.7
1226120 1536.2
1226130 1557.2
1226140 1557.2
1226150 1568.6
1226160 1576.6
1226170 1576.6
1226180 1585.0
1226190 1593.3
1226200 1603.4
1226210 1603.4
1226220 1611.8
1226230 1618.8
1226240 1618.8
1226250 1625.9
1226260 1632.3
1226270 1632.3
1226280 1639.5
1226290 1649.3
1226300 1649.3
1226310 1657.5
1226320 1669.8
1226330 1669.8
1226340 1681.2
1226350 1691.1
1226360 1691.1
1226370 1703.1
1226380 1716.4
1226390 1727.7
1226400 1727.7
1226410 1735.3
1226420 1740.8
1226430 1740.8
1226440 1747.3
1226450 1760.6
1226460 1760.6
1226470 1771.1
1226480 1784.0
1226490 1772.9
1226500 1782.0
1226510 1787.7
1226520 1787.7
1226530 1802.1
1226540 1806.5
1226550 1806.5
1226560 1812.5
1226570 1823.1
1226580 1823.1
1226590 1832.5
1226600 1840.3
1226610 1845.8
1226620 1845.8
1226630 1851.1
1226640 1856.8
1226650 1856.8
1226660 1863.0
1226670 1869.5
1226680 1869.5
1226690 1876.9
1226700 1885.5
1226710 1885.5
1226720 1894.4
1226730 1903.4
1226740 1903.4
1226750 1911.5
1226760 1918.6
1226770 1918.6
1226780 1927.4
1226790 1939.9
1226800 1951.7
1226810 1951.7
1226820 1962.6
1226830 1972.1
1226840 1972.1
1226850 1985.7
1226860 1993.5
1226870 1993.5
1226880 1999.7
1226890 2005.2
1226900 2005.2
1226910 2010.8
1226920 2016.9
1226930 2016.9
1226940 2023.1
1226950 2029.5
1226960 2029.5
1226970 2035.0
1226980 2033.3
1226990 2033.3
1227000 2037.6
1227010 2042.2
1227020 2047.2
1227030 2047.2
1227040 2051.7
1227050 2057.7
1227060 2057.7
1227070 2063.0
1227080 2067.0
1227090 2067.0
1227100 2072.0
1227110 2077.9
1227120 2077.9
1227130 2083.9
1227140 2090.6
1227150 2090.6
1227160 2097.5
1227170 2104.7
1227180 2104.7
1227190 2111.3
1227200 2116.5
1227210 2116.5
1227220 2123.7
1227230 2133.5
1227240 2139.1
1227250 2139.1
1227260 2145.1
1227270 2146.6
1227280 2146.6
1227290 2147.1
1227300 2151.4
1227310 2151.4
1227320 2153.8
1227330 2157.9
1227340 2157.9
1227350 2163.6
1227360 2172.1
1227370 2172.1
1227380 2184.7
1227390 2196.1
1227400 2196.1
1227410 2205.7
1227420 2212.8
1227430 2220.2
1227440 2220.2
1227450 2227.6
1227460 2234.5
1227470 2236.9
1227480 2243.0
1227490 2249.4
1227500 2249.4
1227510 2256.8
1227520 2264.2
1227530 2264.2
1227540 2271.6
1227550 2278.5
1227560 2278.5
1227570 2285.0
1227580 2290.6
1227590 2290.6
1227600 2295.7
1227610 2301.2
1227620 2301.2
1227630 2307.7
1227640 2314.2
1227650 2320.4
1227660 2320.4
1227670 2326.3
1227680 2332.2
1227690 2332.2
1227700 2337.2
1227710 2341.0
1227720 2341.0
1227730 2344.0
1227740 2346.1
1227750 2346.1
1227760 2347.6
1227770 2348.8
1227780 2348.8
1227790 2349.0
1227800 2350.6
1227810 2350.6
1227820 2353.8
1227830 2357.7
1227840 2362.1
1227850 2362.1
1227860 2365.3
1227870 2367.5
1227880 2367.5
1227890 2369.6
1227900 2371.0
1227910 2371.0
1227920 2372.0
1227930 2373.1
1227940 2373.1
1227950 2375.0
1227960 2382.9
1227970 2382.9
1227980 2385.2
1227990 2386.9
1228000 2386.9
1228010 2389.8
1228020 2394.0
1228030 2394.0
1228040 2398.5
1228050 2402.3
1228060 2406.0
1228070 2406.0
1228080 2409.6
1228090 2413.2
1228100 2413.2
1228110 2416.5
1228120 2418.7
1228130 2418.7
1228140 2421.2
1228150 2427.5
1228160 2427.5
1228170 2432.6
1228180 2432.9
1228190 2432.9
1228200 2430.2
1228210 2430.2
1228220 2430.2
1228230 2430.6
1228240 2430.3
1228250 2430.3
1228260 2431.8
1228270 2431.2
1228280 2433.2
1228290 2433.2
1228300 2436.0
1228310 2435.5
1228320 2435.5
1228330 2437.1
1228340 2440.2
1228350 2440.2
1228360 2443.6
1228370 2447.8
1228380 2447.8
1228390 2450.5
1228400 2451.4
1228410 2451.4
1228420 2454.1
1228430 2456.5
1228440 2456.5
1228450 2466.8
1228460 2488.6
1228470 2489.3
1228480 2489.3
1228490 2481.8
1228500 2481.2
1228510 2481.2
1228520 2488.0
1228530 2494.6
1228540 2494.6
1228550 2495.2
1228560 2497.2
1228570 2497.2
1228580 2503.1
1228590 2504.0
1228600 2504.0
1228610 2507.9
1228620 2516.2
1228630 2516.2
1228640 2528.4
1228650 2545.0
1228660 2545.0
1228670 2553.1
1228680 2551.6
1228690 2551.9
1228700 2551.9
1228710 2571.5
1228720 2593.3
1228730 2593.3
1228740 2606.3
1228750 2611.8
1228760 2611.8
1228770 2617.8
1228780 2623.8
1228790 2623.8
1228800 2630.4
1228810 2638.7
1228820 2638.7
1228830 2640.6
1228840 2641.4
1228850 2641.4
1228860 2654.7
1228870 2668.9
1228880 2673.4
1228890 2673.4
1228900 2678.2
1228910 2685.4
1228920 2685.4
1228930 2693.6
1228940 2695.8
1228950 2711.9
1228960 2717.5
1228970 2724.9
1228980 2724.9
1228990 2732.5
1229000 2744.9
1229010 2744.9
1229020 2760.5
1229030 2772.1
1229040 2772.1
1229050 2773.7
1229060 2771.9
1229070 2771.9
1229080 2772.6
1229090 2776.4
1229100 2778.5
1229110 2778.5
1229120 2780.8
1229130 2781.0
1229140 2781.0
1229150 2777.1
1229160 2771.9
1229170 2771.9
1229180 2764.2
1229190 2756.4
1229200 2756.4
1229210 2750.9
1229220 2745.7
1229230 2745.7
1229240 2737.8
1229250 2722.9
1229260 2722.9
1229270 2703.6
1229280 2694.3
1229290 2694.3
1229300 2692.3
1229310 2689.6
1229320 2685.9
1229330 2685.9
1229340 2681.2
1229350 2676.2
1229360 2676.2
1229370 2670.5
1229380 2666.4
1229390 2666.4
1229400 2662.7
1229410 2658.8
1229420 2658.8
1229430 2655.9
1229440 2653.8
1229450 2658.1
1229460 2656.7
1229470 2657.3
1229480 2657.3
1229490 2659.4
1229500 2660.7
1229510 2657.7
1229520 2657.7
1229530 2660.1
1229540 2663.5
1229550 2663.5
1229560 2669.2
1229570 2674.3
1229580 2674.3
1229590 2676.5
1229600 2677.4
1229610 2677.4
1229620 2678.2
1229630 2679.7
1229640 2679.7
1229650 2679.8
1229660 2680.4
1229670 2680.4
1229680 2683.6
1229690 2687.9
1229700 2687.9
1229710 2692.3
1229720 2697.9
1229730 2703.2
1229740 2703.2
1229750 2708.7
1229760 2717.2
1229770 2717.2
1229780 2735.1
1229790 2759.4
1229800 2759.4
1229810 2760.5
1229820 2758.6
1229830 2758.6
1229840 2762.3
1229850 2767.9
1229860 2767.9
1229870 2773.2
1229880 2779.1
1229890 2779.1
1229900 2785.5
1229910 2794.2
1229920 2809.0
1229930 2809.0
1229940 2827.7
1229950 2836.8
1229960 2836.8
1229970 2850.2
1229980 2860.6
1229990 2860.6
1230000 2875.4
1230010 2893.3
1230020 2893.3
1230030 2909.3
1230040 2920.2
1230050 2920.2
1230060 2931.8
1230070 2938.0
1230080 2938.0
1230090 2945.0
1230100 2954.2
1230110 2954.2
1230120 2964.5
1230130 2973.8
1230140 2982.9
1230150 2982.9
1230160 2993.7
1230170 3004.4
1230180 3004.4
1230190 3014.1
1230200 3026.4
1230210 3026.4
1230220 3041.8
1230230 3049.1
1230240 3049.1
1230250 3051.6
1230260 3054.8
1230270 3054.8
1230280 3058.0
1230290 3059.6
1230300 3059.6
1230310 3062.4
1230320 3066.2
1230330 3066.2
1230340 3071.8
1230350 3076.6
1230360 3077.7
1230370 3077.7
1230380 3085.9
1230390 3094.2
1230400 3094.2
1230410 3103.9
1230420 3113.9
1230430 3113.9
1230440 3124.0
1230450 3119.3
1230460 3119.3
1230470 3113.9
1230480 3103.8
1230490 3103.8
1230500 3093.0
1230510 3081.1
1230520 3081.1
1230530 3063.8
1230540 3048.8
1230550 3042.0
1230560 3042.0
1230570 3038.1
1230580 3035.1
1230590 3035.1
1230600 3033.4
1230610 3033.1
1230620 3033.1
1230630 3032.4
1230640 3031.4
1230650 3031.4
1230660 3030.4
1230670 3029.1
1230680 3029.1
1230690 3028.4
1230700 3028.1
1230710 3028.1
1230720 3027.9
1230730 3027.8
1230740 3027.8
1230750 3027.5
1230760 3027.7
1230770 3028.1
1230780 3028.1
1230790 3029.0
1230800 3029.3
1230810 3029.3
1230820 3029.3
1230830 3030.2
1230840 3030.2
1230850 3030.9
1230860 3031.1
1230870 3031.1
1230880 3031.0
1230890 3030.9
1230900 3030.9
1230910 3030.3
1230920 3028.4
1230930 3028.4
1230940 3029.5
1230950 3029.4
1230960 3029.8
1230970 3029.8
1230980 3030.2
1230990 3029.8
1231000 3029.8
1231010 3033.5
1231020 3049.2
1231030 3049.2
1231040 3053.7
1231050 3055.8
1231060 3055.8
1231070 3065.8
1231080 3073.4
1231090 3073.4
1231100 3079.6
1231110 3078.2
1231120 3078.2
1231130 3077.9
1231140 3085.3
1231150 3085.3
1231160 3092.9
1231170 3103.9
1231180 3116.3
1231190 3116.3
1231200 3118.6
1231210 3121.0
1231220 3121.0
1231230 3129.1
1231240 3143.0
1231250 3143.0
1231260 3145.9
1231270 3148.2
1231280 3148.2
1231290 3155.3
1231300 3165.0
1231310 3165.0
1231320 3178.7
1231330 3195.3
1231340 3195.3
1231350 3211.8
1231360 3228.2
1231370 3228.2
1231380 3243.2
1231390 3258.2
1231400 3271.6
1231410 3271.6
1231420 3269.4
1231430 3254.6
1231440 3265.8
1231450 3245.6
1231460 3224.0
1231470 3224.0
1231480 3206.1
1231490 3193.4
1231500 3193.4
1231510 3182.3
1231520 3173.7
1231530 3173.7
1231540 3164.2
1231550 3153.0
1231560 3153.0
1231570 3146.1
1231580 3140.6
1231590 3135.0
1231600 3135.0
1231610 3130.2
1231620 3126.6
1231630 3126.6
1231640 3122.9
1231650 3118.2
1231660 3118.2
1231670 3113.3
1231680 3111.2
1231690 3111.2
1231700 3109.6
1231710 3108.5
1231720 3108.5
1231730 3107.4
1231740 3106.8
1231750 3106.8
1231760 3106.0
1231770 3105.0
1231780 3105.0
1231790 3104.0
1231800 3103.4
1231810 3103.8
1231820 3103.8
1231830 3105.9
1231840 3108.3
1231850 3108.3
1231860 3110.6
1231870 3112.9
1231880 3112.9
1231890 3110.1
1231900 3102.2
1231910 3102.2
1231920 3088.3
1231930 3072.9
1231940 3062.2
1231950 3049.3
1231960 3030.6
1231970 3030.6
1231980 3011.3
1231990 3001.3
1232000 3001.3
1232010 2994.6
1232020 2988.8
1232030 2983.1
1232040 2983.1
1232050 2977.5
1232060 2972.4
1232070 2972.4
1232080 2967.5
1232090 2962.2
1232100 2962.2
1232110 2955.5
1232120 2949.1
1232130 2949.1
1232140 2942.7
1232150 2936.2
1232160 2936.2
1232170 2929.4
1232180 2922.5
1232190 2922.5
1232200 2916.0
1232210 2909.6
1232220 2903.1
1232230 2903.1
1232240 2896.9
1232250 2892.3
1232260 2892.3
1232270 2886.8
1232280 2878.0
1232290 2878.0
1232300 2864.6
1232310 2854.9
1232320 2854.9
1232330 2846.5
1232340 2840.3
1232350 2840.3
1232360 2835.2
1232370 2830.7
1232380 2830.7
1232390 2825.1
1232400 2817.5
1232410 2817.5
1232420 2811.6
1232430 2807.3
1232440 2805.6
1232450 2805.6
1232460 2796.9
1232470 2781.6
1232480 2781.6
1232490 2773.5
1232500 2771.2
1232510 2771.2
1232520 2768.8
1232530 2764.4
1232540 2764.4
1232550 2763.2
1232560 2762.2
1232570 2762.2
1232580 2760.2
1232590 2759.4
1232600 2759.4
1232610 2758.9
1232620 2758.6
1232630 2758.2
1232640 2758.2
1232650 2757.8
1232660 2757.7
1232670 2757.7
1232680 2757.9
1232690 2755.8
1232700 2755.8
1232710 2754.5
1232720 2753.8
1232730 2753.8
1232740 2753.5
1232750 2753.1
1232760 2753.1
1232770 2752.7
1232780 2752.1
1232790 2752.1
1232800 2751.3
1232810 2750.5
1232820 2750.5
1232830 2749.8
1232840 2749.3
1232850 2749.0
1232860 2749.0
1232870 2748.8
1232880 2748.8
1232890 2748.8
1232900 2749.2
1232910 2750.0
1232920 2750.0
1232930 2751.0
1232940 2752.3
1232950 2753.3
1232960 2754.5
1232970 2755.7
1232980 2755.7
1232990 2756.6
1233000 2757.3
1233010 2757.3
1233020 2757.9
1233030 2758.5
1233040 2758.5
1233050 2759.1
1233060 2759.5
1233070 2759.4
1233080 2759.4
1233090 2759.8
1233100 2759.5
1233110 2759.5
1233120 2759.1
1233130 2758.7
1233140 2758.7
1233150 2758.4
1233160 2758.1
1233170 2758.1
1233180 2757.8
1233190 2757.4
1233200 2757.4
1233210 2756.8
1233220 2756.0
1233230 2756.0
1233240 2755.1
1233250 2754.3
1233260 2753.7
1233270 2753.7
1233280 2753.1
1233290 2752.2
1233300 2752.2
1233310 2751.5
1233320 2751.8
1233330 2751.8
1233340 2752.7
1233350 2753.8
1233360 2753.8
1233370 2754.9
1233380 2755.8
1233390 2755.8
1233400 2756.4
1233410 2756.9
1233420 2756.9
1233430 2757.5
1233440 2758.4
1233450 2760.2
1233460 2761.7
1233470 2763.7
1233480 2766.2
1233490 2766.2
1233500 2769.2
1233510 2772.4
1233520 2772.4
1233530 2775.9
1233540 2779.4
1233550 2779.4
1233560 2782.9
1233570 2786.6
1233580 2786.6
1233590 2790.1
1233600 2793.4
1233610 2793.4
1233620 2796.4
1233630 2799.0
1233640 2799.0
1233650 2801.4
1233660 2803.3
1233670 2805.0
1233680 2805.0
1233690 2806.4
1233700 2807.7
1233710 2807.7
1233720 2809.0
1233730 2810.4
1233740 2810.4
1233750 2811.7
1233760 2813.4
1233770 2813.4
1233780 2815.3
1233790 2817.8
1233800 2817.8
1233810 2820.9
1233820 2824.8
1233830 2824.8
1233840 2828.8
1233850 2832.7
1233860 2832.7
1233870 2836.3
1233880 2840.9
1233890 2845.4
1233900 2845.4
1233910 2849.6
1233920 2853.5
1233930 2853.5
1233940 2857.3
1233950 2864.5
1233960 2864.5
1233970 2868.0
1233980 2871.4
1233990 2871.4
1234000 2874.8
1234010 2878.1
1234020 2878.1
1234030 2881.4
1234040 2884.4
1234050 2884.4
1234060 2887.3
1234070 2890.0
1234080 2890.0
1234090 2892.5
1234100 2894.6
1234110 2896.4
1234120 2896.4
1234130 2898.4
1234140 2900.1
1234150 2900.1
1234160 2901.5
1234170 2902.7
1234180 2902.7
1234190 2902.6
1234200 2904.0
1234210 2904.0
1234220 2904.8
1234230 2905.3
1234240 2905.3
1234250 2905.7
1234260 2906.1
1234270 2906.1
1234280 2906.5
1234290 2906.9
1234300 2907.4
1234310 2907.4
1234320 2907.7
1234330 2908.0
1234340 2908.0
1234350 2908.4
1234360 2908.8
1234370 2908.8
1234380 2909.1
1234390 2909.4
1234400 2909.4
1234410 2909.6
1234420 2909.9
1234430 2909.9
1234440 2910.5
1234450 2911.5
1234460 2912.0
1234470 2913.5
1234480 2915.6
1234490 2915.6
1234500 2918.5
1234510 2922.0
1234520 2926.4
1234530 2926.4
1234540 2931.9
1234550 2938.5
1234560 2938.5
1234570 2946.0
1234580 2953.6
1234590 2953.6
1234600 2961.0
1234610 2974.9
1234620 2974.9
1234630 2987.7
1234640 2997.8
1234650 2997.8
1234660 2999.0
1234670 3002.9
1234680 3002.9
1234690 3009.3
1234700 3014.4
1234710 3019.6
1234720 3019.6
1234730 3025.9
1234740 3033.0
1234750 3033.0
1234760 3039.8
1234770 3046.9
1234780 3046.9
1234790 3054.9
1234800 3063.8
1234810 3063.8
1234820 3070.2
1234830 3075.3
1234840 3075.3
1234850 3077.1
1234860 3076.8
1234870 3076.8
1234880 3078.3
1234890 3080.5
1234900 3080.5
1234910 3083.6
1234920 3088.0
1234930 3093.5
1234940 3093.5
1234950 3099.6
1234960 3106.3
1234970 3103.1
1234980 3110.8
1234990 3119.5
1235000 3119.5
1235010 3128.4
1235020 3137.1
1235030 3137.1
1235040 3146.8
1235050 3157.9
1235060 3157.9
1235070 3173.4
1235080 3183.4
1235090 3183.4
1235100 3189.9
1235110 3196.1
1235120 3196.1
1235130 3202.2
1235140 3202.8
1235150 3178.2
1235160 3178.2
1235170 3159.6
1235180 3153.4
1235190 3153.4
1235200 3148.3
1235210 3143.3
1235220 3143.3
1235230 3134.8
1235240 3124.5
1235250 3124.5
1235260 3115.9
1235270 3109.5
1235280 3109.5
1235290 3104.2
1235300 3100.0
1235310 3100.0
1235320 3096.0
1235330 3092.0
1235340 3088.5
1235350 3088.5
1235360 3086.2
1235370 3084.7
1235380 3084.7
1235390 3083.7
1235400 3083.5
1235410 3083.5
1235420 3083.7
1235430 3082.2
1235440 3082.2
1235450 3078.9
1235460 3077.4
1235470 3072.4
1235480 3070.9
1235490 3068.9
1235500 3068.9
1235510 3067.1
1235520 3068.9
1235530 3068.9
1235540 3071.3
1235550 3071.0
1235560 3067.1
1235570 3067.1
1235580 3060.2
1235590 3052.8
1235600 3052.8
1235610 3045.1
1235620 3028.2
1235630 3028.2
1235640 3002.5
1235650 2981.3
1235660 2981.3
1235670 2964.7
1235680 2956.8
1235690 2956.8
1235700 2951.4
1235710 2947.2
1235720 2947.2
1235730 2943.6
1235740 2940.2
1235750 2937.0
1235760 2937.0
1235770 2934.0
1235780 2930.9
1235790 2930.9
1235800 2927.9
1235810 2925.0
1235820 2925.0
1235830 2922.1
1235840 2919.1
1235850 2919.1
1235860 2916.3
1235870 2913.5
1235880 2913.5
1235890 2910.9
1235900 2908.4
1235910 2908.4
1235920 2906.0
1235930 2903.9
1235940 2903.9
1235950 2901.9
1235960 2900.4
1235970 2899.5
1235980 2903.4
1235990 2902.7
1236000 2901.3
1236010 2901.3
1236020 2899.7
1236030 2898.0
1236040 2898.0
1236050 2896.9
1236060 2896.1
1236070 2896.1
1236080 2895.7
1236090 2895.6
1236100 2895.6
1236110 2895.7
1236120 2895.7
1236130 2895.7
1236140 2896.0
1236150 2896.5
1236160 2896.5
1236170 2897.2
1236180 2898.3
1236190 2899.9
1236200 2899.9
1236210 2903.1
1236220 2911.0
1236230 2911.0
1236240 2914.7
1236250 2914.5
1236260 2914.5
1236270 2913.2
1236280 2912.1
1236290 2912.1
1236300 2911.8
1236310 2912.0
1236320 2912.0
1236330 2910.8
1236340 2908.7
1236350 2908.7
1236360 2905.9
1236370 2898.0
1236380 2893.4
1236390 2893.4
1236400 2891.5
1236410 2890.6
1236420 2890.6
1236430 2890.2
1236440 2890.6
1236450 2890.6
1236460 2891.5
1236470 2892.8
1236480 2892.8
1236490 2900.0
1236500 2901.5
1236510 2901.5
1236520 2903.7
1236530 2906.3
1236540 2906.3
1236550 2909.2
1236560 2913.6
1236570 2913.6
1236580 2920.5
1236590 2926.1
1236600 2928.8
1236610 2928.8
1236620 2933.4
1236630 2938.4
1236640 2938.4
1236650 2945.0
1236660 2961.9
1236670 2961.9
1236680 2968.9
1236690 2968.2
1236700 2968.2
1236710 2966.3
1236720 2964.2
1236730 2964.2
1236740 2962.2
1236750 2960.1
1236760 2960.1
1236770 2956.7
1236780 2952.8
1236790 2948.2
1236800 2948.2
1236810 2943.6
1236820 2938.4
1236830 2938.4
1236840 2936.6
1236850 2934.1
1236860 2934.1
1236870 2930.1
1236880 2925.2
1236890 2925.2
1236900 2921.4
1236910 2918.2
1236920 2918.2
1236930 2914.3
1236940 2910.9
1236950 2910.9
1236960 2907.9
1236970 2904.4
1236980 2904.4
1236990 2900.6
1237000 2887.7
1237010 2871.8
1237020 2871.8
1237030 2857.5
1237040 2845.2
1237050 2845.2
1237060 2837.3
1237070 2830.5
1237080 2830.5
1237090 2825.8
1237100 2820.3
1237110 2820.3
1237120 2815.3
1237130 2813.4
1237140 2813.4
1237150 2811.0
1237160 2807.7
1237170 2807.7
1237180 2803.0
1237190 2800.4
1237200 2800.4
1237210 2797.8
1237220 2791.2
1237230 2788.5
1237240 2788.5
1237250 2788.7
1237260 2790.0
1237270 2790.0
1237280 2792.0
1237290 2794.8
1237300 2794.8
1237310 2798.7
1237320 2802.8
1237330 2802.8
1237340 2804.3
1237350 2803.5
1237360 2803.5
1237370 2799.7
1237380 2795.1
1237390 2795.1
1237400 2790.0
1237410 2784.0
1237420 2777.0
1237430 2777.0
1237440 2769.1
1237450 2759.8
1237460 2759.8
1237470 2751.6
1237480 2743.9
1237490 2743.9
1237500 2735.5
1237510 2729.7
1237520 2742.2
1237530 2736.8
1237540 2726.6
1237550 2726.6
1237560 2715.2
1237570 2703.3
1237580 2703.3
1237590 2692.2
1237600 2684.4
1237610 2684.4
1237620 2678.3
1237630 2672.2
1237640 2667.6
1237650 2667.6
1237660 2663.0
1237670 2657.9
1237680 2657.9
1237690 2653.5
1237700 2649.7
1237710 2649.7
1237720 2645.7
1237730 2639.7
1237740 2639.7
1237750 2631.2
1237760 2622.1
1237770 2622.1
1237780 2615.4
1237790 2609.5
1237800 2609.5
1237810 2603.7
1237820 2598.8
1237830 2594.5
1237840 2594.5
1237850 2588.2
1237860 2582.2
1237870 2582.2
1237880 2578.2
1237890 2575.6
1237900 2575.6
1237910 2573.2
1237920 2567.5
1237930 2567.5
1237940 2560.7
1237950 2556.2
1237960 2556.2
1237970 2552.3
1237980 2548.3
1237990 2548.3
1238000 2544.0
1238010 2539.4
1238020 2539.4
1238030 2530.1
1238040 2526.9
1238050 2523.4
1238060 2523.4
1238070 2519.9
1238080 2517.3
1238090 2517.3
1238100 2514.9
1238110 2512.1
1238120 2512.1
1238130 2509.3
1238140 2509.2
1238150 2509.2
1238160 2510.7
1238170 2510.4
1238180 2510.4
1238190 2508.9
1238200 2507.2
1238210 2507.2
1238220 2504.7
1238230 2502.7
1238240 2502.7
1238250 2500.6
1238260 2498.0
1238270 2493.6
1238280 2493.6
1238290 2489.7
1238300 2488.8
1238310 2488.8
1238320 2487.2
1238330 2485.7
1238340 2485.7
1238350 2486.8
1238360 2483.4
1238370 2483.4
1238380 2478.0
1238390 2472.5
1238400 2472.5
1238410 2466.0
1238420 2460.2
1238430 2460.2
1238440 2456.4
1238450 2454.2
1238460 2452.3
1238470 2452.3
1238480 2448.2
1238490 2441.0
1238500 2441.0
1238510 2431.7
1238520 2420.3
1238530 2420.3
1238540 2410.9
1238550 2398.9
1238560 2398.9
1238570 2388.9
1238580 2379.7
1238590 2379.7
1238600 2374.5
1238610 2371.1
1238620 2371.1
1238630 2370.1
1238640 2370.4
1238650 2370.4
1238660 2370.5
1238670 2371.6
1238680 2372.8
1238690 2372.8
1238700 2373.9
1238710 2375.1
1238720 2375.1
1238730 2376.4
1238740 2378.8
1238750 2378.8
1238760 2382.4
1238770 2384.2
1238780 2384.2
1238790 2385.0
1238800 2386.3
1238810 2386.3
1238820 2387.9
1238830 2390.2
1238840 2390.2
1238850 2393.6
1238860 2397.5
1238870 2401.2
1238880 2401.2
1238890 2403.1
1238900 2404.6
1238910 2404.6
1238920 2406.1
1238930 2408.0
1238940 2408.0
1238950 2409.4
1238960 2411.4
1238970 2411.4
1238980 2414.8
1238990 2418.4
1239000 2418.4
1239010 2422.3
1239020 2425.6
1239030 2425.6
1239040 2427.7
1239050 2428.6
1239060 2436.3
1239070 2436.7
1239080 2437.8
1239090 2440.1
1239100 2440.1
1239110 2443.8
1239120 2447.2
1239130 2447.2
1239140 2450.7
1239150 2453.8
1239160 2453.8
1239170 2455.4
1239180 2456.4
1239190 2456.4
1239200 2457.7
1239210 2457.6
1239220 2457.6
1239230 2456.2
1239240 2455.0
1239250 2455.0
1239260 2455.8
1239270 2458.1
1239280 2458.1
1239290 2460.7
1239300 2463.3
1239310 2467.3
1239320 2467.3
1239330 2472.1
1239340 2479.8
1239350 2479.8
1239360 2490.1
1239370 2498.0
1239380 2498.0
1239390 2502.6
1239400 2504.3
1239410 2504.3
1239420 2504.5
1239430 2504.5
1239440 2504.5
1239450 2505.4
1239460 2507.3
1239470 2507.3
1239480 2508.0
1239490 2513.1
1239500 2520.4
1239510 2520.4
1239520 2526.2
1239530 2528.5
1239540 2528.5
1239550 2527.8
1239560 2528.3
1239570 2536.8
1239580 2534.5
1239590 2532.1
1239600 2532.1
1239610 2530.6
1239620 2530.3
1239630 2530.3
1239640 2531.7
1239650 2532.1
1239660 2532.1
1239670 2532.0
1239680 2531.5
1239690 2531.5
1239700 2530.3
1239710 2528.4
1239720 2527.3
1239730 2527.3
1239740 2527.8
1239750 2530.7
1239760 2530.7
1239770 2534.9
1239780 2536.7
1239790 2536.7
1239800 2538.4
1239810 2539.6
1239820 2539.6
1239830 2539.6
1239840 2540.7
1239850 2540.7
1239860 2543.5
1239870 2545.8
1239880 2545.8
1239890 2548.2
1239900 2547.4
1239910 2541.3
1239920 2541.3
1239930 2532.9
1239940 2524.7
1239950 2524.7
1239960 2516.9
1239970 2509.4
1239980 2509.4
1239990 2500.3
