1220000 1904.1
1220010 1908.5
1220020 1912.7
1220030 1913.3
1220040 1917.3
1220050 1920.7
1220060 1920.7
1220070 1924.1
1220080 1927.8
1220090 1927.8
1220100 1932.0
1220110 1935.3
1220120 1938.4
1220130 1938.4
1220140 1940.9
1220150 1943.9
1220160 1943.9
1220170 1948.8
1220180 1957.3
1220190 1957.3
1220200 1964.6
1220210 1973.1
1220220 1973.1
1220230 1984.8
1220240 1998.6
1220250 1998.6
1220260 2012.6
1220270 2025.5
1220280 2025.5
1220290 2039.5
1220300 2051.4
1220310 2051.4
1220320 2061.5
1220330 2069.8
1220340 2075.9
1220350 2075.9
1220360 2082.9
1220370 2089.5
1220380 2089.5
1220390 2096.1
1220400 2102.6
1220410 2102.6
1220420 2109.1
1220430 2115.9
1220440 2115.9
1220450 2123.4
1220460 2130.0
1220470 2130.0
1220480 2137.2
1220490 2144.3
1220500 2144.3
1220510 2150.5
1220520 2155.1
1220530 2159.4
1220540 2159.4
1220550 2164.7
1220560 2170.8
1220570 2170.8
1220580 2177.3
1220590 2183.4
1220600 2183.4
1220610 2189.6
1220620 2198.1
1220630 2198.1
1220640 2210.3
1220650 2214.4
1220660 2214.4
1220670 2212.0
1220680 2212.9
1220690 2212.9
1220700 2216.2
1220710 2221.7
1220720 2221.7
1220730 2220.8
1220740 2224.3
1220750 2230.1
1220760 2230.1
1220770 2236.5
1220780 2242.6
1220790 2242.6
1220800 2249.0
1220810 2256.0
1220820 2256.0
1220830 2263.3
1220840 2271.7
1220850 2271.7
1220860 2296.2
1220870 2319.1
1220880 2319.1
1220890 2334.2
1220900 2343.2
1220910 2343.2
1220920 2350.5
1220930 2358.5
1220940 2358.5
1220950 2371.4
1220960 2386.0
1220970 2394.4
1220980 2394.4
1220990 2400.0
1221000 2407.2
1221010 2407.2
1221020 2415.9
1221030 2423.8
1221040 2423.8
1221050 2431.0
1221060 2438.2
1221070 2438.2
1221080 2450.7
1221090 2462.3
1221100 2462.3
1221110 2484.5
1221120 2500.7
1221130 2500.7
1221140 2517.0
1221150 2535.1
1221160 2548.6
1221170 2548.6
1221180 2553.1
1221190 2559.3
1221200 2559.3
1221210 2567.4
1221220 2576.3
1221230 2576.3
1221240 2584.9
1221250 2593.2
1221260 2593.2
1221270 2601.9
1221280 2605.8
1221290 2605.8
1221300 2610.1
1221310 2617.0
1221320 2617.0
1221330 2626.9
1221340 2635.5
1221350 2635.5
1221360 2642.5
1221370 2648.9
1221380 2657.1
1221390 2657.1
1221400 2665.6
1221410 2673.2
1221420 2673.2
1221430 2683.5
1221440 2693.8
1221450 2693.8
1221460 2704.6
1221470 2717.6
1221480 2717.6
1221490 2728.4
1221500 2741.7
1221510 2741.7
1221520 2746.1
1221530 2725.5
1221540 2725.5
1221550 2709.0
1221560 2694.8
1221570 2694.8
1221580 2683.1
1221590 2670.7
1221600 2661.5
1221610 2661.5
1221620 2650.6
1221630 2639.1
1221640 2639.1
1221650 2632.4
1221660 2625.9
1221670 2625.9
1221680 2619.4
1221690 2612.7
1221700 2612.7
1221710 2605.7
1221720 2598.1
1221730 2598.1
1221740 2590.9
1221750 2583.6
1221760 2583.6
1221770 2576.4
1221780 2569.3
1221790 2562.3
1221800 2562.3
1221810 2555.3
1221820 2548.0
1221830 2548.0
1221840 2540.6
1221850 2534.0
1221860 2534.0
1221870 2528.4
1221880 2524.2
1221890 2524.2
1221900 2520.5
1221910 2517.1
1221920 2517.1
1221930 2513.6
1221940 2510.2
1221950 2510.2
1221960 2502.4
1221970 2499.1
1221980 2499.1
1221990 2496.5
1222000 2496.2
1222010 2496.4
1222020 2496.4
1222030 2496.3
1222040 2496.9
1222050 2496.9
1222060 2498.3
1222070 2499.3
1222080 2499.3
1222090 2499.9
1222100 2501.4
1222110 2501.4
1222120 2501.9
1222130 2500.6
1222140 2500.6
1222150 2499.8
1222160 2498.6
1222170 2498.6
1222180 2496.5
1222190 2493.2
1222200 2488.9
1222210 2488.9
1222220 2485.4
1222230 2482.3
1222240 2482.3
1222250 2480.4
1222260 2479.0
1222270 2479.0
1222280 2474.4
1222290 2468.4
1222300 2468.4
1222310 2460.3
1222320 2450.9
1222330 2450.9
1222340 2440.3
1222350 2433.6
1222360 2433.6
1222370 2431.2
1222380 2429.3
1222390 2429.3
1222400 2427.0
1222410 2423.5
1222420 2419.6
1222430 2419.6
1222440 2413.6
1222450 2409.8
1222460 2409.8
1222470 2406.3
1222480 2402.6
1222490 2402.6
1222500 2398.9
1222510 2395.2
1222520 2395.2
1222530 2391.6
1222540 2388.1
1222550 2388.1
1222560 2384.4
1222570 2379.9
1222580 2379.9
1222590 2374.9
1222600 2368.8
1222610 2368.8
1222620 2362.1
1222630 2354.9
1222640 2348.2
1222650 2348.2
1222660 2341.2
1222670 2334.3
1222680 2334.3
1222690 2326.7
1222700 2317.7
1222710 2317.7
1222720 2308.7
1222730 2301.1
1222740 2301.1
1222750 2294.8
1222760 2289.5
1222770 2289.5
1222780 2284.5
1222790 2279.5
1222800 2279.5
1222810 2274.4
1222820 2269.3
1222830 2264.2
1222840 2264.2
1222850 2258.9
1222860 2254.3
1222870 2254.3
1222880 2249.8
1222890 2245.1
1222900 2245.1
1222910 2240.2
1222920 2232.5
1222930 2232.5
1222940 2227.6
1222950 2222.6
1222960 2222.6
1222970 2217.7
1222980 2213.2
1222990 2213.2
1223000 2208.3
1223010 2203.5
1223020 2203.5
1223030 2198.7
1223040 2194.0
1223050 2188.7
1223060 2188.7
1223070 2183.2
1223080 2176.9
1223090 2176.9
1223100 2171.6
1223110 2166.7
1223120 2166.7
1223130 2162.0
1223140 2157.9
1223150 2157.9
1223160 2154.1
1223170 2150.3
1223180 2150.3
1223190 2146.7
1223200 2143.3
1223210 2143.3
1223220 2139.4
1223230 2135.8
1223240 2135.8
1223250 2132.0
1223260 2127.4
1223270 2122.5
1223280 2122.5
1223290 2119.1
1223300 2116.8
1223310 2116.8
1223320 2113.5
1223330 2110.2
1223340 2110.2
1223350 2107.0
1223360 2103.5
1223370 2103.5
1223380 2099.8
1223390 2095.8
1223400 2095.8
1223410 2093.6
1223420 2090.0
1223430 2090.0
1223440 2086.7
1223450 2083.3
1223460 2080.9
1223470 2080.9
1223480 2078.2
1223490 2074.5
1223500 2074.5
1223510 2072.3
1223520 2069.5
1223530 2069.5
1223540 2066.1
1223550 2062.9
1223560 2062.9
1223570 2060.6
1223580 2057.6
1223590 2057.6
1223600 2055.1
1223610 2052.8
1223620 2052.8
1223630 2048.7
1223640 2046.4
1223650 2046.4
1223660 2045.0
1223670 2043.3
1223680 2041.4
1223690 2041.4
1223700 2040.4
1223710 2037.7
1223720 2037.7
1223730 2032.6
1223740 2025.8
1223750 2025.8
1223760 2014.5
1223770 2002.2
1223780 2002.2
1223790 1992.5
1223800 1984.0
1223810 1984.0
1223820 1975.9
1223830 1969.0
1223840 1969.0
1223850 1962.3
1223860 1953.2
1223870 1945.3
1223880 1945.3
1223890 1939.3
1223900 1933.3
1223910 1933.3
1223920 1926.7
1223930 1920.8
1223940 1920.8
1223950 1910.8
1223960 1899.0
1223970 1899.0
1223980 1891.1
1223990 1883.2
1224000 1883.2
1224010 1874.8
1224020 1867.4
1224030 1867.4
1224040 1861.8
1224050 1857.1
1224060 1857.1
1224070 1851.9
1224080 1846.8
1224090 1840.9
1224100 1840.9
1224110 1830.2
1224120 1819.2
1224130 1819.2
1224140 1813.9
1224150 1810.9
1224160 1810.9
1224170 1808.5
1224180 1803.6
1224190 1803.6
1224200 1797.7
1224210 1789.5
1224220 1789.5
1224230 1781.7
1224240 1774.2
1224250 1774.2
1224260 1767.3
1224270 1760.3
1224280 1760.3
1224290 1753.7
1224300 1747.6
1224310 1741.1
1224320 1741.1
1224330 1733.8
1224340 1726.7
1224350 1726.7
1224360 1718.9
1224370 1707.8
1224380 1711.3
1224390 1698.8
1224400 1688.8
1224410 1688.8
1224420 1675.4
1224430 1663.9
1224440 1663.9
1224450 1654.6
1224460 1645.1
1224470 1645.1
1224480 1643.4
1224490 1646.2
1224500 1644.9
1224510 1644.9
1224520 1642.7
1224530 1638.6
1224540 1638.6
1224550 1633.4
1224560 1629.3
1224570 1629.3
1224580 1625.3
1224590 1622.1
1224600 1622.1
1224610 1621.5
1224620 1621.5
1224630 1621.5
1224640 1620.7
1224650 1619.3
1224660 1619.3
1224670 1620.1
1224680 1623.3
1224690 1623.3
1224700 1628.0
1224710 1630.8
1224720 1626.3
1224730 1626.3
1224740 1619.9
1224750 1613.6
1224760 1613.6
1224770 1607.2
1224780 1601.4
1224790 1601.4
1224800 1596.7
1224810 1593.8
1224820 1593.8
1224830 1588.1
1224840 1583.4
1224850 1583.4
1224860 1581.8
1224870 1579.4
1224880 1579.4
1224890 1579.6
1224900 1582.1
1224910 1581.2
1224920 1581.2
1224930 1575.7
1224940 1570.8
1224950 1570.8
1224960 1568.9
1224970 1567.5
1224980 1567.5
1224990 1563.9
1225000 1557.5
1225010 1557.5
1225020 1550.0
1225030 1540.9
1225040 1540.9
1225050 1531.3
1225060 1521.3
1225070 1521.3
1225080 1510.7
1225090 1498.7
1225100 1498.7
1225110 1489.5
1225120 1482.5
1225130 1475.1
1225140 1475.1
1225150 1468.2
1225160 1461.2
1225170 1461.2
1225180 1449.1
1225190 1435.8
1225200 1435.8
1225210 1425.2
1225220 1416.8
1225230 1416.8
1225240 1410.4
1225250 1403.6
1225260 1403.6
1225270 1399.0
1225280 1400.7
1225290 1400.7
1225300 1404.3
1225310 1406.4
1225320 1406.4
1225330 1406.9
1225340 1401.4
1225350 1399.2
1225360 1399.2
1225370 1387.4
1225380 1380.9
1225390 1380.9
1225400 1375.0
1225410 1367.3
1225420 1367.3
1225430 1365.0
1225440 1364.9
1225450 1364.9
1225460 1361.0
1225470 1357.6
1225480 1357.6
1225490 1356.3
1225500 1354.6
1225510 1354.6
1225520 1352.2
1225530 1346.5
1225540 1333.8
1225550 1333.8
1225560 1322.5
1225570 1316.3
1225580 1316.3
1225590 1309.4
1225600 1305.1
1225610 1305.1
1225620 1297.4
1225630 1289.2
1225640 1289.2
1225650 1283.6
1225660 1279.9
1225670 1279.9
1225680 1279.4
1225690 1285.3
1225700 1285.3
1225710 1302.2
1225720 1316.3
1225730 1316.3
1225740 1324.9
1225750 1333.3
1225760 1339.9
1225770 1339.9
1225780 1347.9
1225790 1355.7
1225800 1355.7
1225810 1363.3
1225820 1371.0
1225830 1371.0
1225840 1378.5
1225850 1385.7
1225860 1385.7
1225870 1392.8
1225880 1400.2
1225890 1400.2
1225900 1407.4
1225910 1414.6
1225920 1414.6
1225930 1421.4
1225940 1428.0
1225950 1435.1
1225960 1435.1
1225970 1446.1
1225980 1454.8
1225990 1454.8
1226000 1462.3
1226010 1469.2
1226020 1469.2
1226030 1476.5
1226040 1484.0
1226050 1484.0
1226060 1491.3
1226070 1498.5
1226080 1498.5
1226090 1505.2
1226100 1515.9
1226110 1515.9
1226120 1541.5
1226130 1558.3
1226140 1558.3
1226150 1568.7
1226160 1578.6
1226170 1586.8
1226180 1586.8
1226190 1595.9
1226200 1605.7
1226210 1605.7
1226220 1614.1
1226230 1622.1
1226240 1622.1
1226250 1630.1
1226260 1637.3
1226270 1637.3
1226280 1645.0
1226290 1656.3
1226300 1656.3
1226310 1669.2
1226320 1679.9
1226330 1669.8
1226340 1681.2
1226350 1691.1
1226360 1691.1
1226370 1703.1
1226380 1716.4
1226390 1727.7
1226400 1727.7
1226410 1735.3
1226420 1740.8
1226430 1740.8
1226440 1747.3
1226450 1760.6
1226460 1760.6
1226470 1771.1
1226480 1784.0
1226490 1784.0
1226500 1796.0
1226510 1807.6
1226520 1807.6
1226530 1816.0
1226540 1818.4
1226550 1818.4
1226560 1819.2
1226570 1822.9
1226580 1834.7
1226590 1834.7
1226600 1843.8
1226610 1849.8
1226620 1849.8
1226630 1855.7
1226640 1862.5
1226650 1862.5
1226660 1870.3
1226670 1878.1
1226680 1878.1
1226690 1887.4
1226700 1896.8
1226710 1896.8
1226720 1905.2
1226730 1912.2
1226740 1912.2
1226750 1916.5
1226760 1922.2
1226770 1922.2
1226780 1932.0
1226790 1946.2
1226800 1955.8
1226810 1955.8
1226820 1962.6
1226830 1972.1
1226840 1972.1
1226850 1985.7
1226860 1993.5
1226870 1993.5
1226880 1999.7
1226890 2005.2
1226900 2005.2
1226910 2010.8
1226920 2016.9
1226930 2016.9
1226940 2023.1
1226950 2029.5
1226960 2029.5
1226970 2035.0
1226980 2039.4
1226990 2039.4
1227000 2043.8
1227010 2048.3
1227020 2053.2
1227030 2053.2
1227040 2060.7
1227050 2068.7
1227060 2068.7
1227070 2071.9
1227080 2074.3
1227090 2074.3
1227100 2077.8
1227110 2083.6
1227120 2083.6
1227130 2089.9
1227140 2096.9
1227150 2096.9
1227160 2106.2
1227170 2116.0
1227180 2116.0
1227190 2124.6
1227200 2130.1
1227210 2134.9
1227220 2134.9
1227230 2141.0
1227240 2146.0
1227250 2146.0
1227260 2150.6
1227270 2153.6
1227280 2153.6
1227290 2154.9
1227300 2157.9
1227310 2151.4
1227320 2153.8
1227330 2157.9
1227340 2157.9
1227350 2163.6
1227360 2172.1
1227370 2172.1
1227380 2184.7
1227390 2196.1
1227400 2196.1
1227410 2205.7
1227420 2212.8
1227430 2220.2
1227440 2220.2
1227450 2227.6
1227460 2234.5
1227470 2234.5
1227480 2241.5
1227490 2248.3
1227500 2248.3
1227510 2256.1
1227520 2263.7
1227530 2263.7
1227540 2271.0
1227550 2277.7
1227560 2277.7
1227570 2283.9
1227580 2289.8
1227590 2289.8
1227600 2295.3
1227610 2300.6
1227620 2306.6
1227630 2306.6
1227640 2312.3
1227650 2317.9
1227660 2317.9
1227670 2323.2
1227680 2328.1
1227690 2328.1
1227700 2332.5
1227710 2336.1
1227720 2336.1
1227730 2338.7
1227740 2341.0
1227750 2341.0
1227760 2342.1
1227770 2343.3
1227780 2343.3
1227790 2343.6
1227800 2344.2
1227810 2350.6
1227820 2353.8
1227830 2357.7
1227840 2362.1
1227850 2362.1
1227860 2365.3
1227870 2367.5
1227880 2367.5
1227890 2369.6
1227900 2371.0
1227910 2371.0
1227920 2372.0
1227930 2373.1
1227940 2373.1
1227950 2375.0
1227960 2376.3
1227970 2376.3
1227980 2378.3
1227990 2380.6
1228000 2380.6
1228010 2384.0
1228020 2388.2
1228030 2388.2
1228040 2392.5
1228050 2396.3
1228060 2400.0
1228070 2400.0
1228080 2403.8
1228090 2407.2
1228100 2407.2
1228110 2410.0
1228120 2411.8
1228130 2411.8
1228140 2413.1
1228150 2418.4
1228160 2418.4
1228170 2422.7
1228180 2422.6
1228190 2422.6
1228200 2421.5
1228210 2423.0
1228220 2423.0
1228230 2423.2
1228240 2421.7
1228250 2421.5
1228260 2421.5
1228270 2424.1
1228280 2427.4
1228290 2427.4
1228300 2436.0
1228310 2435.5
1228320 2435.5
1228330 2437.1
1228340 2440.2
1228350 2440.2
1228360 2443.6
1228370 2447.8
1228380 2447.8
1228390 2450.5
1228400 2451.4
1228410 2451.4
1228420 2454.1
1228430 2456.5
1228440 2456.5
1228450 2466.8
1228460 2475.2
1228470 2476.8
1228480 2476.8
1228490 2472.9
1228500 2472.6
1228510 2472.6
1228520 2475.7
1228530 2477.3
1228540 2477.3
1228550 2477.8
1228560 2481.6
1228570 2481.6
1228580 2486.3
1228590 2489.1
1228600 2489.1
1228610 2493.7
1228620 2502.4
1228630 2502.4
1228640 2517.1
1228650 2530.3
1228660 2534.0
1228670 2534.0
1228680 2533.3
1228690 2541.0
1228700 2541.0
1228710 2561.6
1228720 2579.9
1228730 2579.9
1228740 2590.5
1228750 2596.7
1228760 2596.7
1228770 2603.9
1228780 2609.6
1228790 2623.8
1228800 2630.4
1228810 2638.7
1228820 2638.7
1228830 2640.6
1228840 2641.4
1228850 2641.4
1228860 2654.7
1228870 2668.9
1228880 2673.4
1228890 2673.4
1228900 2678.2
1228910 2685.4
1228920 2685.4
1228930 2693.6
1228940 2695.8
1228950 2695.8
1228960 2695.1
1228970 2702.5
1228980 2702.5
1228990 2721.2
1229000 2733.2
1229010 2733.2
1229020 2745.6
1229030 2748.5
1229040 2748.5
1229050 2752.5
1229060 2755.5
1229070 2755.5
1229080 2757.8
1229090 2763.0
1229100 2766.3
1229110 2766.3
1229120 2767.2
1229130 2767.3
1229140 2767.3
1229150 2763.4
1229160 2759.0
1229170 2759.0
1229180 2754.8
1229190 2749.3
1229200 2749.3
1229210 2741.5
1229220 2733.2
1229230 2733.2
1229240 2724.7
1229250 2710.4
1229260 2710.4
1229270 2695.9
1229280 2687.1
1229290 2692.3
1229300 2692.3
1229310 2689.6
1229320 2685.9
1229330 2685.9
1229340 2681.2
1229350 2676.2
1229360 2676.2
1229370 2670.5
1229380 2666.4
1229390 2666.4
1229400 2662.7
1229410 2658.8
1229420 2658.8
1229430 2655.9
1229440 2653.8
1229450 2653.8
1229460 2654.1
1229470 2656.3
1229480 2656.3
1229490 2658.1
1229500 2655.8
1229510 2654.0
1229520 2654.0
1229530 2658.4
1229540 2661.4
1229550 2661.4
1229560 2666.0
1229570 2670.6
1229580 2670.6
1229590 2672.6
1229600 2673.1
1229610 2673.1
1229620 2674.3
1229630 2675.6
1229640 2675.6
1229650 2677.3
1229660 2680.8
1229670 2680.8
1229680 2683.8
1229690 2687.2
1229700 2693.4
1229710 2693.4
1229720 2700.3
1229730 2706.7
1229740 2706.7
1229750 2712.8
1229760 2719.3
1229770 2719.3
1229780 2730.2
1229790 2759.4
1229800 2759.4
1229810 2760.5
1229820 2758.6
1229830 2758.6
1229840 2762.3
1229850 2767.9
1229860 2767.9
1229870 2773.2
1229880 2779.1
1229890 2779.1
1229900 2785.5
1229910 2794.2
1229920 2809.0
1229930 2809.0
1229940 2827.7
1229950 2840.6
1229960 2840.6
1229970 2851.3
1229980 2862.5
1229990 2862.5
1230000 2877.7
1230010 2899.0
1230020 2899.0
1230030 2912.3
1230040 2920.5
1230050 2920.5
1230060 2926.3
1230070 2932.2
1230080 2932.2
1230090 2941.4
1230100 2951.2
1230110 2951.2
1230120 2961.1
1230130 2970.1
1230140 2979.4
1230150 2979.4
1230160 2990.0
1230170 3000.4
1230180 3000.4
1230190 3011.9
1230200 3025.0
1230210 3025.0
1230220 3037.6
1230230 3044.0
1230240 3044.0
1230250 3046.5
1230260 3047.9
1230270 3047.9
1230280 3058.0
1230290 3059.6
1230300 3059.6
1230310 3062.4
1230320 3066.2
1230330 3071.8
1230340 3071.8
1230350 3076.6
1230360 3077.7
1230370 3077.7
1230380 3085.9
1230390 3094.2
1230400 3094.2
1230410 3103.9
1230420 3113.9
1230430 3113.9
1230440 3114.7
1230450 3110.8
1230460 3110.8
1230470 3104.1
1230480 3094.1
1230490 3094.1
1230500 3084.4
1230510 3074.1
1230520 3074.1
1230530 3058.1
1230540 3048.1
1230550 3040.6
1230560 3040.6
1230570 3035.5
1230580 3032.2
1230590 3032.2
1230600 3030.3
1230610 3030.1
1230620 3030.1
1230630 3029.3
1230640 3028.3
1230650 3028.3
1230660 3027.1
1230670 3025.8
1230680 3025.8
1230690 3024.9
1230700 3024.2
1230710 3024.2
1230720 3024.0
1230730 3024.4
1230740 3024.6
1230750 3024.6
1230760 3024.4
1230770 3024.6
1230780 3028.1
1230790 3029.0
1230800 3029.3
1230810 3029.3
1230820 3029.3
1230830 3030.2
1230840 3030.2
1230850 3030.9
1230860 3031.1
1230870 3031.1
1230880 3031.0
1230890 3030.9
1230900 3030.9
1230910 3030.3
1230920 3028.4
1230930 3028.4
1230940 3027.1
1230950 3026.4
1230960 3026.0
1230970 3026.0
1230980 3025.8
1230990 3025.6
1231000 3025.6
1231010 3026.7
1231020 3036.0
1231030 3036.0
1231040 3039.7
1231050 3041.8
1231060 3041.8
1231070 3048.9
1231080 3059.1
1231090 3059.1
1231100 3062.6
1231110 3063.4
1231120 3063.4
1231130 3066.4
1231140 3071.0
1231150 3071.0
1231160 3077.9
1231170 3087.6
1231180 3097.9
1231190 3097.9
1231200 3102.1
1231210 3110.7
1231220 3110.7
1231230 3125.1
1231240 3131.7
1231250 3131.7
1231260 3132.7
1231270 3138.4
1231280 3148.2
1231290 3155.3
1231300 3165.0
1231310 3165.0
1231320 3178.7
1231330 3195.3
1231340 3195.3
1231350 3211.8
1231360 3228.2
1231370 3243.2
1231380 3243.2
1231390 3258.2
1231400 3271.6
1231410 3271.6
1231420 3269.4
1231430 3254.6
1231440 3254.6
1231450 3235.0
1231460 3218.7
1231470 3218.7
1231480 3201.8
1231490 3189.2
1231500 3189.2
1231510 3177.6
1231520 3166.5
1231530 3166.5
1231540 3156.4
1231550 3146.8
1231560 3146.8
1231570 3137.4
1231580 3130.7
1231590 3126.7
1231600 3126.7
1231610 3122.9
1231620 3118.4
1231630 3118.4
1231640 3114.0
1231650 3110.3
1231660 3110.3
1231670 3107.5
1231680 3105.3
1231690 3105.3
1231700 3103.5
1231710 3102.2
1231720 3102.2
1231730 3101.3
1231740 3100.6
1231750 3100.6
1231760 3099.9
1231770 3099.1
1231780 3105.0
1231790 3104.0
1231800 3103.4
1231810 3103.8
1231820 3103.8
1231830 3105.9
1231840 3108.3
1231850 3108.3
1231860 3110.6
1231870 3112.9
1231880 3112.9
1231890 3110.1
1231900 3102.2
1231910 3102.2
1231920 3088.3
1231930 3072.9
1231940 3072.9
1231950 3054.1
1231960 3031.4
1231970 3031.4
1231980 3012.6
1231990 3002.7
1232000 2996.4
1232010 2996.4
1232020 2990.5
1232030 2983.6
1232040 2983.6
1232050 2977.8
1232060 2973.5
1232070 2973.5
1232080 2968.6
1232090 2963.2
1232100 2963.2
1232110 2956.2
1232120 2949.0
1232130 2949.0
1232140 2942.2
1232150 2935.3
1232160 2935.3
1232170 2928.4
1232180 2921.6
1232190 2921.6
1232200 2914.5
1232210 2907.6
1232220 2901.0
1232230 2901.0
1232240 2894.5
1232250 2888.1
1232260 2888.1
1232270 2882.0
1232280 2878.0
1232290 2878.0
1232300 2864.6
1232310 2854.9
1232320 2854.9
1232330 2846.5
1232340 2840.3
1232350 2840.3
1232360 2835.2
1232370 2830.7
1232380 2830.7
1232390 2825.1
1232400 2817.5
1232410 2811.6
1232420 2811.6
1232430 2807.3
1232440 2801.8
1232450 2801.8
1232460 2794.2
1232470 2779.2
1232480 2779.2
1232490 2773.0
1232500 2770.0
1232510 2770.0
1232520 2767.8
1232530 2763.5
1232540 2763.5
1232550 2761.4
1232560 2761.0
1232570 2761.0
1232580 2758.9
1232590 2757.6
1232600 2757.6
1232610 2757.1
1232620 2756.8
1232630 2756.4
1232640 2756.4
1232650 2756.1
1232660 2755.9
1232670 2755.9
1232680 2756.2
1232690 2754.4
1232700 2754.4
1232710 2752.8
1232720 2752.1
1232730 2752.1
1232740 2751.7
1232750 2751.4
1232760 2751.4
1232770 2751.1
1232780 2750.5
1232790 2752.1
1232800 2751.3
1232810 2750.5
1232820 2750.5
1232830 2749.8
1232840 2749.3
1232850 2749.0
1232860 2749.0
1232870 2748.8
1232880 2748.8
1232890 2748.8
1232900 2749.2
1232910 2750.0
1232920 2750.0
1232930 2751.0
1232940 2752.3
1232950 2752.3
1232960 2753.6
1232970 2754.9
1232980 2754.9
1232990 2756.0
1233000 2756.9
1233010 2756.9
1233020 2757.6
1233030 2758.3
1233040 2759.0
1233050 2759.0
1233060 2759.2
1233070 2758.9
1233080 2758.9
1233090 2759.6
1233100 2759.3
1233110 2759.3
1233120 2758.9
1233130 2758.5
1233140 2758.5
1233150 2758.1
1233160 2757.6
1233170 2757.6
1233180 2757.2
1233190 2756.8
1233200 2756.8
1233210 2756.1
1233220 2755.2
1233230 2755.2
1233240 2754.2
1233250 2753.4
1233260 2752.8
1233270 2752.8
1233280 2752.1
1233290 2752.2
1233300 2752.2
1233310 2751.5
1233320 2751.8
1233330 2751.8
1233340 2752.7
1233350 2753.8
1233360 2753.8
1233370 2754.9
1233380 2755.8
1233390 2755.8
1233400 2756.4
1233410 2756.9
1233420 2756.9
1233430 2757.5
1233440 2758.4
1233450 2759.9
1233460 2759.9
1233470 2761.9
1233480 2764.4
1233490 2764.4
1233500 2767.3
1233510 2770.4
1233520 2770.4
1233530 2773.6
1233540 2777.0
1233550 2777.0
1233560 2780.5
1233570 2784.1
1233580 2784.1
1233590 2787.6
1233600 2790.9
1233610 2790.9
1233620 2793.7
1233630 2796.1
1233640 2796.1
1233650 2798.1
1233660 2800.0
1233670 2801.6
1233680 2801.6
1233690 2802.9
1233700 2803.0
1233710 2803.0
1233720 2805.0
1233730 2806.3
1233740 2806.3
1233750 2807.7
1233760 2809.4
1233770 2809.4
1233780 2811.3
1233790 2817.8
1233800 2817.8
1233810 2820.9
1233820 2824.8
1233830 2824.8
1233840 2828.8
1233850 2832.7
1233860 2832.7
1233870 2836.3
1233880 2840.9
1233890 2845.4
1233900 2845.4
1233910 2849.6
1233920 2853.5
1233930 2853.5
1233940 2857.3
1233950 2860.9
1233960 2860.9
1233970 2864.6
1233980 2868.2
1233990 2868.2
1234000 2871.9
1234010 2875.3
1234020 2875.3
1234030 2878.5
1234040 2881.5
1234050 2881.5
1234060 2884.2
1234070 2886.9
1234080 2889.4
1234090 2889.4
1234100 2891.7
1234110 2893.8
1234120 2893.8
1234130 2895.8
1234140 2897.5
1234150 2897.5
1234160 2898.9
1234170 2900.1
1234180 2900.1
1234190 2900.3
1234200 2902.0
1234210 2902.0
1234220 2902.9
1234230 2903.5
1234240 2903.5
1234250 2904.0
1234260 2904.5
1234270 2904.5
1234280 2905.0
1234290 2905.5
1234300 2907.4
1234310 2907.4
1234320 2907.7
1234330 2908.0
1234340 2908.0
1234350 2908.4
1234360 2908.8
1234370 2908.8
1234380 2909.1
1234390 2909.4
1234400 2909.4
1234410 2909.6
1234420 2909.9
1234430 2909.9
1234440 2910.5
1234450 2911.5
1234460 2911.5
1234470 2913.0
1234480 2914.9
1234490 2917.8
1234500 2917.8
1234510 2921.2
1234520 2925.3
1234530 2925.3
1234540 2930.3
1234550 2936.1
1234560 2936.1
1234570 2942.6
1234580 2949.2
1234590 2949.2
1234600 2956.0
1234610 2965.7
1234620 2965.7
1234630 2982.8
1234640 2990.5
1234650 2990.5
1234660 2994.1
1234670 2999.9
1234680 2999.9
1234690 3006.8
1234700 3013.3
1234710 3019.5
1234720 3019.5
1234730 3026.1
1234740 3033.0
1234750 3033.0
1234760 3039.7
1234770 3047.1
1234780 3047.1
1234790 3055.4
1234800 3063.8
1234810 3063.8
1234820 3070.2
1234830 3075.3
1234840 3075.3
1234850 3077.1
1234860 3076.8
1234870 3076.8
1234880 3078.3
1234890 3080.5
1234900 3080.5
1234910 3083.6
1234920 3088.0
1234930 3093.5
1234940 3093.5
1234950 3099.6
1234960 3106.3
1234970 3106.3
1234980 3113.3
1234990 3121.6
1235000 3121.6
1235010 3129.8
1235020 3138.9
1235030 3138.9
1235040 3148.5
1235050 3160.6
1235060 3160.6
1235070 3175.3
1235080 3183.4
1235090 3183.4
1235100 3189.7
1235110 3195.6
1235120 3201.6
1235130 3201.6
1235140 3207.4
1235150 3199.3
1235160 3199.3
1235170 3174.6
1235180 3158.8
1235190 3158.8
1235200 3150.4
1235210 3144.0
1235220 3144.0
1235230 3136.7
1235240 3129.2
1235250 3129.2
1235260 3121.4
1235270 3114.0
1235280 3114.0
1235290 3107.5
1235300 3103.4
1235310 3100.0
1235320 3096.0
1235330 3092.0
1235340 3088.5
1235350 3088.5
1235360 3086.2
1235370 3084.7
1235380 3084.7
1235390 3083.7
1235400 3083.5
1235410 3083.5
1235420 3083.7
1235430 3082.2
1235440 3082.2
1235450 3078.9
1235460 3077.4
1235470 3077.4
1235480 3076.9
1235490 3080.1
1235500 3080.1
1235510 3082.1
1235520 3081.4
1235530 3078.9
1235540 3078.9
1235550 3072.4
1235560 3065.3
1235570 3065.3
1235580 3058.4
1235590 3050.2
1235600 3050.2
1235610 3041.5
1235620 3032.5
1235630 3032.5
1235640 3015.3
1235650 2991.3
1235660 2991.3
1235670 2966.7
1235680 2955.4
1235690 2955.4
1235700 2950.0
1235710 2945.9
1235720 2945.9
1235730 2942.2
1235740 2938.6
1235750 2935.4
1235760 2935.4
1235770 2932.4
1235780 2929.2
1235790 2929.2
1235800 2926.0
1235810 2922.8
1235820 2925.0
1235830 2922.1
1235840 2919.1
1235850 2919.1
1235860 2916.3
1235870 2913.5
1235880 2913.5
1235890 2910.9
1235900 2908.4
1235910 2908.4
1235920 2906.0
1235930 2903.9
1235940 2903.9
1235950 2901.9
1235960 2900.4
1235970 2899.5
1235980 2899.5
1235990 2899.2
1236000 2898.0
1236010 2898.0
1236020 2896.5
1236030 2894.6
1236040 2894.6
1236050 2893.3
1236060 2892.4
1236070 2892.4
1236080 2891.7
1236090 2891.4
1236100 2891.4
1236110 2891.4
1236120 2891.4
1236130 2891.4
1236140 2891.5
1236150 2891.9
1236160 2892.4
1236170 2892.4
1236180 2893.3
1236190 2894.7
1236200 2894.7
1236210 2897.6
1236220 2903.3
1236230 2903.3
1236240 2909.7
1236250 2912.8
1236260 2912.8
1236270 2911.2
1236280 2909.5
1236290 2909.5
1236300 2908.6
1236310 2907.2
1236320 2907.2
1236330 2910.8
1236340 2908.7
1236350 2908.7
1236360 2905.9
1236370 2898.0
1236380 2893.4
1236390 2893.4
1236400 2891.5
1236410 2890.6
1236420 2890.6
1236430 2890.2
1236440 2890.6
1236450 2890.6
1236460 2891.5
1236470 2892.8
1236480 2892.8
1236490 2894.2
1236500 2895.9
1236510 2895.9
1236520 2898.0
1236530 2900.5
1236540 2900.5
1236550 2903.6
1236560 2908.4
1236570 2915.5
1236580 2915.5
1236590 2921.0
1236600 2924.6
1236610 2924.6
1236620 2929.4
1236630 2933.0
1236640 2933.0
1236650 2941.0
1236660 2959.1
1236670 2959.1
1236680 2966.1
1236690 2965.7
1236700 2965.7
1236710 2964.3
1236720 2961.9
1236730 2961.9
1236740 2960.3
1236750 2958.9
1236760 2958.9
1236770 2956.8
1236780 2953.4
1236790 2949.7
1236800 2949.7
1236810 2946.3
1236820 2942.8
1236830 2942.8
1236840 2936.6
1236850 2934.1
1236860 2934.1
1236870 2930.1
1236880 2925.2
1236890 2925.2
1236900 2921.4
1236910 2918.2
1236920 2918.2
1236930 2914.3
1236940 2910.9
1236950 2910.9
1236960 2907.9
1236970 2904.4
1236980 2904.4
1236990 2900.6
1237000 2893.9
1237010 2880.8
1237020 2880.8
1237030 2868.6
1237040 2858.3
1237050 2858.3
1237060 2850.2
1237070 2842.2
1237080 2842.2
1237090 2838.1
1237100 2832.7
1237110 2832.7
1237120 2826.4
1237130 2823.6
1237140 2823.6
1237150 2821.2
1237160 2817.6
1237170 2817.6
1237180 2813.8
1237190 2811.7
1237200 2808.2
1237210 2808.2
1237220 2802.7
1237230 2800.6
1237240 2800.6
1237250 2800.7
1237260 2800.7
1237270 2800.7
1237280 2802.4
1237290 2804.2
1237300 2804.2
1237310 2807.2
1237320 2811.4
1237330 2811.4
1237340 2811.9
1237350 2803.5
1237360 2803.5
1237370 2799.7
1237380 2795.1
1237390 2795.1
1237400 2790.0
1237410 2784.0
1237420 2777.0
1237430 2777.0
1237440 2769.1
1237450 2759.8
1237460 2759.8
1237470 2751.6
1237480 2743.9
1237490 2743.9
1237500 2735.5
1237510 2729.7
1237520 2729.7
1237530 2724.5
1237540 2714.2
1237550 2714.2
1237560 2703.9
1237570 2695.0
1237580 2695.0
1237590 2686.6
1237600 2680.0
1237610 2674.0
1237620 2674.0
1237630 2667.8
1237640 2662.9
1237650 2662.9
1237660 2657.9
1237670 2652.7
1237680 2652.7
1237690 2648.4
1237700 2644.0
1237710 2644.0
1237720 2639.5
1237730 2633.7
1237740 2633.7
1237750 2626.4
1237760 2617.2
1237770 2617.2
1237780 2611.4
1237790 2606.7
1237800 2606.7
1237810 2603.0
1237820 2600.3
1237830 2596.6
1237840 2596.6
1237850 2593.3
1237860 2582.2
1237870 2582.2
1237880 2578.2
1237890 2575.6
1237900 2575.6
1237910 2573.2
1237920 2567.5
1237930 2567.5
1237940 2560.7
1237950 2556.2
1237960 2556.2
1237970 2552.3
1237980 2548.3
1237990 2548.3
1238000 2544.0
1238010 2539.4
1238020 2539.4
1238030 2535.5
1238040 2531.5
1238050 2527.2
1238060 2527.2
1238070 2522.4
1238080 2518.1
1238090 2518.1
1238100 2514.9
1238110 2511.4
1238120 2511.4
1238130 2507.4
1238140 2505.7
1238150 2505.7
1238160 2506.5
1238170 2506.1
1238180 2506.1
1238190 2503.6
1238200 2500.9
1238210 2500.9
1238220 2498.6
1238230 2496.4
1238240 2495.1
1238250 2495.1
1238260 2493.5
1238270 2491.0
1238280 2491.0
1238290 2487.7
1238300 2485.2
1238310 2485.2
1238320 2484.1
1238330 2481.9
1238340 2481.9
1238350 2482.4
1238360 2480.0
1238370 2480.0
1238380 2478.0
1238390 2472.5
1238400 2472.5
1238410 2466.0
1238420 2460.2
1238430 2460.2
1238440 2456.4
1238450 2454.2
1238460 2452.3
1238470 2452.3
1238480 2448.2
1238490 2441.0
1238500 2441.0
1238510 2431.7
1238520 2420.3
1238530 2420.3
1238540 2406.9
1238550 2396.4
1238560 2396.4
1238570 2385.0
1238580 2375.4
1238590 2375.4
1238600 2371.6
1238610 2368.6
1238620 2368.6
1238630 2366.9
1238640 2366.9
1238650 2367.4
1238660 2367.4
1238670 2368.6
1238680 2369.2
1238690 2369.2
1238700 2369.1
1238710 2369.7
1238720 2369.7
1238730 2370.5
1238740 2372.4
1238750 2372.4
1238760 2375.8
1238770 2378.0
1238780 2378.0
1238790 2378.6
1238800 2380.4
1238810 2380.4
1238820 2381.4
1238830 2383.2
1238840 2383.2
1238850 2386.2
1238860 2390.4
1238870 2395.9
1238880 2395.9
1238890 2403.1
1238900 2404.6
1238910 2404.6
1238920 2406.1
1238930 2408.0
1238940 2408.0
1238950 2409.4
1238960 2411.4
1238970 2411.4
1238980 2414.8
1238990 2418.4
1239000 2418.4
1239010 2422.3
1239020 2425.6
1239030 2425.6
1239040 2427.7
1239050 2428.6
1239060 2428.6
1239070 2429.2
1239080 2430.5
1239090 2433.1
1239100 2433.1
1239110 2436.1
1239120 2438.8
1239130 2438.8
1239140 2442.8
1239150 2445.8
1239160 2445.8
1239170 2446.8
1239180 2448.2
1239190 2448.2
1239200 2449.8
1239210 2448.9
1239220 2448.9
1239230 2447.0
1239240 2446.7
1239250 2446.7
1239260 2448.0
1239270 2450.2
1239280 2453.1
1239290 2453.1
1239300 2456.2
1239310 2461.0
1239320 2461.0
1239330 2465.9
1239340 2475.2
1239350 2475.2
1239360 2486.1
1239370 2492.3
1239380 2492.3
1239390 2494.7
1239400 2495.3
1239410 2504.3
1239420 2504.5
1239430 2504.5
1239440 2504.5
1239450 2505.4
1239460 2507.3
1239470 2507.3
1239480 2508.0
1239490 2513.1
1239500 2520.4
1239510 2520.4
1239520 2526.2
1239530 2528.5
1239540 2528.5
1239550 2527.8
1239560 2528.3
1239570 2528.3
1239580 2526.6
1239590 2523.9
1239600 2523.9
1239610 2523.3
1239620 2523.8
1239630 2523.8
1239640 2525.0
1239650 2525.3
1239660 2525.3
1239670 2525.0
1239680 2524.5
1239690 2522.7
1239700 2522.7
1239710 2520.2
1239720 2518.9
1239730 2518.9
1239740 2519.5
1239750 2523.7
1239760 2523.7
1239770 2527.7
1239780 2529.2
1239790 2529.2
1239800 2530.9
1239810 2531.3
1239820 2531.3
1239830 2530.6
1239840 2531.5
1239850 2531.5
1239860 2535.9
1239870 2539.4
1239880 2539.4
1239890 2542.1
1239900 2542.4
1239910 2540.3
1239920 2540.3
1239930 2532.9
1239940 2524.7
1239950 2524.7
1239960 2516.9
1239970 2509.4
1239980 2509.4
1239990 2500.3
