1220000 2170.8
1220010 2165.5
1220020 2165.5
1220030 2159.9
1220040 2155.3
1220050 2155.3
1220060 2151.2
1220070 2146.6
1220080 2146.6
1220090 2141.4
1220100 2136.2
1220110 2136.2
1220120 2130.8
1220130 2126.1
1220140 2126.1
1220150 2120.4
1220160 2113.9
1220170 2113.9
1220180 2104.0
1220190 2093.2
1220200 2087.9
1220210 2087.9
1220220 2077.5
1220230 2061.4
1220240 2061.4
1220250 2034.1
1220260 2027.6
1220270 2027.6
1220280 2022.2
1220290 1998.6
1220300 1998.6
1220310 1972.2
1220320 1952.7
1220330 1952.7
1220340 1943.5
1220350 1939.3
1220360 1939.3
1220370 1941.5
1220380 1941.6
1220390 1941.6
1220400 1931.8
1220410 1920.6
1220420 1910.8
1220430 1910.8
1220440 1902.5
1220450 1892.7
1220460 1892.7
1220470 1882.4
1220480 1876.5
1220490 1876.5
1220500 1871.0
1220510 1865.7
1220520 1865.7
1220530 1858.9
1220540 1852.9
1220550 1852.9
1220560 1848.6
1220570 1843.9
1220580 1843.9
1220590 1839.0
1220600 1832.8
1220610 1826.3
1220620 1826.3
1220630 1820.5
1220640 1813.7
1220650 1813.7
1220660 1807.4
1220670 1801.6
1220680 1798.8
1220690 1793.1
1220700 1787.9
1220710 1787.9
1220720 1783.3
1220730 1778.8
1220740 1778.8
1220750 1774.4
1220760 1770.8
1220770 1770.8
1220780 1768.3
1220790 1767.7
1220800 1767.7
1220810 1767.7
1220820 1767.5
1220830 1767.3
1220840 1767.3
1220850 1767.1
1220860 1766.7
1220870 1766.7
1220880 1766.4
1220890 1766.1
1220900 1766.1
1220910 1766.6
1220920 1768.1
1220930 1768.1
1220940 1770.1
1220950 1772.3
1220960 1772.3
1220970 1775.4
1220980 1778.1
1220990 1778.1
1221000 1781.0
1221010 1783.7
1221020 1783.7
1221030 1786.1
1221040 1788.5
1221050 1791.0
1221060 1791.0
1221070 1793.8
1221080 1796.9
1221090 1796.9
1221100 1799.7
1221110 1802.7
1221120 1802.7
1221130 1806.9
1221140 1807.2
1221150 1807.2
1221160 1812.7
1221170 1814.1
1221180 1814.1
1221190 1815.4
1221200 1817.3
1221210 1817.3
1221220 1818.6
1221230 1819.6
1221240 1820.2
1221250 1820.2
1221260 1820.9
1221270 1821.0
1221280 1821.0
1221290 1821.3
1221300 1821.4
1221310 1821.4
1221320 1820.1
1221330 1818.1
1221340 1818.1
1221350 1814.8
1221360 1811.2
1221370 1811.2
1221380 1809.0
1221390 1806.8
1221400 1806.8
1221410 1805.5
1221420 1805.1
1221430 1805.1
1221440 1806.3
1221450 1809.4
1221460 1813.8
1221470 1813.8
1221480 1818.8
1221490 1822.9
1221500 1822.9
1221510 1830.7
1221520 1850.1
1221530 1850.1
1221540 1860.3
1221550 1861.3
1221560 1861.3
1221570 1861.1
1221580 1859.3
1221590 1859.3
1221600 1870.2
1221610 1882.3
1221620 1882.3
1221630 1894.4
1221640 1900.7
1221650 1912.9
1221660 1918.7
1221670 1922.8
1221680 1923.5
1221690 1923.5
1221700 1928.2
1221710 1935.0
1221720 1935.0
1221730 1942.0
1221740 1955.3
1221750 1955.3
1221760 1960.9
1221770 1957.9
1221780 1957.9
1221790 1958.8
1221800 1964.8
1221810 1964.8
1221820 1985.7
1221830 2003.9
1221840 2003.9
1221850 2011.8
1221860 2016.4
1221870 2019.2
1221880 2019.2
1221890 2018.1
1221900 2017.5
1221910 2017.5
1221920 2020.9
1221930 2027.2
1221940 2027.2
1221950 2032.9
1221960 2039.7
1221970 2039.7
1221980 2048.1
1221990 2058.5
1222000 2058.5
1222010 2067.8
1222020 2077.2
1222030 2077.2
1222040 2085.7
1222050 2091.0
1222060 2091.0
1222070 2098.7
1222080 2103.2
1222090 2105.9
1222100 2105.9
1222110 2108.8
1222120 2112.4
1222130 2123.9
1222140 2127.6
1222150 2129.8
1222160 2129.8
1222170 2132.8
1222180 2134.8
1222190 2134.8
1222200 2141.1
1222210 2144.3
1222220 2144.3
1222230 2141.8
1222240 2140.9
1222250 2140.9
1222260 2142.1
1222270 2149.2
1222280 2149.2
1222290 2152.6
1222300 2153.7
1222310 2156.5
1222320 2156.5
1222330 2160.1
1222340 2164.6
1222350 2164.6
1222360 2169.3
1222370 2173.2
1222380 2173.2
1222390 2177.4
1222400 2180.1
1222410 2180.1
1222420 2181.5
1222430 2181.3
1222440 2181.3
1222450 2176.5
1222460 2167.5
1222470 2167.5
1222480 2159.0
1222490 2151.1
1222500 2145.5
1222510 2145.5
1222520 2141.3
1222530 2134.7
1222540 2134.7
1222550 2124.1
1222560 2113.2
1222570 2113.2
1222580 2104.4
1222590 2096.4
1222600 2096.4
1222610 2093.2
1222620 2086.9
1222630 2086.9
1222640 2081.0
1222650 2074.6
1222660 2074.6
1222670 2067.9
1222680 2061.0
1222690 2061.0
1222700 2053.9
1222710 2048.0
1222720 2042.3
1222730 2042.3
1222740 2035.0
1222750 2027.8
1222760 2027.8
1222770 2021.2
1222780 2014.9
1222790 2014.9
1222800 2007.9
1222810 2001.0
1222820 2001.0
1222830 1994.8
1222840 1988.5
1222850 1988.5
1222860 1982.8
1222870 1977.1
1222880 1977.1
1222890 1971.2
1222900 1965.4
1222910 1965.4
1222920 1959.1
1222930 1953.0
1222940 1947.1
1222950 1947.1
1222960 1940.7
1222970 1934.7
1222980 1934.7
1222990 1928.6
1223000 1922.9
1223010 1922.9
1223020 1916.8
1223030 1910.6
1223040 1910.6
1223050 1904.2
1223060 1897.7
1223070 1897.7
1223080 1891.4
1223090 1885.0
1223100 1886.0
1223110 1879.4
1223120 1872.6
1223130 1865.9
1223140 1865.9
1223150 1859.4
1223160 1852.9
1223170 1852.9
1223180 1846.3
1223190 1839.8
1223200 1839.8
1223210 1833.2
1223220 1826.7
1223230 1826.7
1223240 1820.2
1223250 1813.8
1223260 1813.8
1223270 1807.5
1223280 1801.3
1223290 1801.3
1223300 1795.4
1223310 1790.0
1223320 1790.0
1223330 1787.2
1223340 1786.4
1223350 1784.2
1223360 1784.2
1223370 1779.8
1223380 1775.9
1223390 1775.9
1223400 1772.2
1223410 1768.4
1223420 1768.4
1223430 1764.6
1223440 1760.6
1223450 1760.6
1223460 1755.0
1223470 1749.3
1223480 1749.3
1223490 1743.2
1223500 1735.3
1223510 1735.3
1223520 1725.9
1223530 1716.4
1223540 1716.4
1223550 1710.4
1223560 1704.1
1223570 1697.8
1223580 1697.6
1223590 1692.2
1223600 1685.3
1223610 1685.3
1223620 1679.0
1223630 1674.4
1223640 1674.4
1223650 1666.8
1223660 1657.7
1223670 1657.7
1223680 1639.5
1223690 1628.4
1223700 1628.4
1223710 1622.3
1223720 1613.9
1223730 1613.9
1223740 1604.6
1223750 1596.5
1223760 1584.5
1223770 1584.5
1223780 1569.9
1223790 1561.4
1223800 1561.4
1223810 1554.5
1223820 1548.5
1223830 1548.5
1223840 1542.4
1223850 1535.7
1223860 1535.7
1223870 1527.3
1223880 1518.1
1223890 1518.1
1223900 1509.2
1223910 1500.7
1223920 1500.7
1223930 1494.8
1223940 1490.9
1223950 1490.9
1223960 1488.5
1223970 1485.7
1223980 1479.2
1223990 1479.2
1224000 1469.9
1224010 1461.5
1224020 1461.5
1224030 1457.1
1224040 1453.7
1224050 1453.7
1224060 1450.8
1224070 1451.0
1224080 1451.0
1224090 1448.8
1224100 1446.5
1224110 1446.5
1224120 1445.2
1224130 1444.8
1224140 1444.8
1224150 1442.0
1224160 1436.3
1224170 1436.3
1224180 1429.5
1224190 1422.4
1224200 1417.2
1224210 1417.2
1224220 1413.1
1224230 1407.6
1224240 1407.6
1224250 1399.8
1224260 1392.3
1224270 1392.3
1224280 1380.6
1224290 1371.3
1224300 1371.3
1224310 1364.5
1224320 1354.6
1224330 1354.6
1224340 1339.2
1224350 1327.3
1224360 1327.3
1224370 1318.5
1224380 1308.8
1224390 1299.0
1224400 1299.0
1224410 1290.0
1224420 1284.1
1224430 1284.1
1224440 1278.8
1224450 1273.3
1224460 1273.3
1224470 1267.8
1224480 1262.4
1224490 1262.4
1224500 1256.9
1224510 1252.6
1224520 1252.6
1224530 1250.5
1224540 1250.1
1224550 1250.4
1224560 1250.4
1224570 1251.1
1224580 1251.1
1224590 1253.9
1224600 1254.5
1224610 1255.9
1224620 1255.9
1224630 1256.7
1224640 1257.1
1224650 1257.1
1224660 1258.0
1224670 1262.8
1224680 1262.8
1224690 1264.3
1224700 1264.6
1224710 1264.6
1224720 1264.6
1224730 1264.8
1224740 1264.8
1224750 1269.0
1224760 1275.0
1224770 1275.0
1224780 1279.5
1224790 1283.3
1224800 1283.3
1224810 1286.8
1224820 1290.2
1224830 1294.1
1224840 1294.1
1224850 1298.4
1224860 1302.3
1224870 1302.3
1224880 1306.5
1224890 1310.9
1224900 1310.9
1224910 1316.2
1224920 1321.1
1224930 1321.1
1224940 1326.0
1224950 1330.6
1224960 1330.6
1224970 1335.3
1224980 1340.3
1224990 1340.3
1225000 1346.4
1225010 1352.1
1225020 1357.3
1225030 1357.3
1225040 1363.4
1225050 1370.1
1225060 1370.1
1225070 1380.7
1225080 1390.2
1225090 1390.2
1225100 1395.8
1225110 1400.5
1225120 1400.5
1225130 1405.9
1225140 1411.2
1225150 1411.2
1225160 1417.5
1225170 1425.5
1225180 1425.5
1225190 1433.0
1225200 1438.4
1225210 1438.4
1225220 1442.9
1225230 1445.4
1225240 1449.1
1225250 1449.1
1225260 1452.5
1225270 1456.4
1225280 1456.4
1225290 1459.3
1225300 1465.2
1225310 1465.2
1225320 1475.7
1225330 1488.7
1225340 1488.7
1225350 1500.4
1225360 1508.4
1225370 1508.4
1225380 1514.7
1225390 1521.9
1225400 1521.9
1225410 1531.5
1225420 1540.7
1225430 1540.7
1225440 1549.4
1225450 1559.2
1225460 1568.5
1225470 1568.5
1225480 1573.6
1225490 1577.1
1225500 1577.1
1225510 1581.9
1225520 1586.8
1225530 1595.8
1225540 1601.5
1225550 1605.5
1225560 1605.5
1225570 1607.6
1225580 1609.3
1225590 1609.3
1225600 1614.8
1225610 1621.6
1225620 1621.6
1225630 1626.3
1225640 1631.3
1225650 1636.7
1225660 1636.7
1225670 1642.4
1225680 1647.9
1225690 1647.9
1225700 1653.8
1225710 1660.0
1225720 1660.0
1225730 1666.1
1225740 1672.4
1225750 1672.4
1225760 1678.7
1225770 1685.3
1225780 1685.3
1225790 1692.0
1225800 1699.3
1225810 1699.3
1225820 1709.3
1225830 1719.3
1225840 1719.3
1225850 1730.2
1225860 1746.3
1225870 1756.8
1225880 1756.8
1225890 1764.7
1225900 1771.8
1225910 1771.8
1225920 1778.4
1225930 1785.6
1225940 1785.6
1225950 1792.8
1225960 1799.8
1225970 1799.8
1225980 1806.7
1225990 1813.1
1226000 1813.1
1226010 1818.6
1226020 1820.4
1226030 1820.4
1226040 1826.6
1226050 1832.6
1226060 1832.6
1226070 1839.8
1226080 1846.8
1226090 1854.5
1226100 1854.5
1226110 1862.9
1226120 1871.5
1226130 1871.5
1226140 1878.8
1226150 1885.6
1226160 1885.6
1226170 1892.3
1226180 1898.8
1226190 1898.8
1226200 1905.8
1226210 1913.8
1226220 1913.8
1226230 1922.0
1226240 1930.4
1226250 1930.4
1226260 1938.3
1226270 1946.3
1226280 1953.9
1226290 1953.9
1226300 1961.1
1226310 1968.5
1226320 1968.5
1226330 1976.3
1226340 1984.1
1226350 1984.1
1226360 1991.8
1226370 1998.4
1226380 1998.4
1226390 2004.7
1226400 2011.5
1226410 2011.5
1226420 2018.1
1226430 2024.7
1226440 2024.7
1226450 2031.5
1226460 2037.1
1226470 2037.1
1226480 2042.7
1226490 2049.4
1226500 2059.7
1226510 2061.3
1226520 2074.2
1226530 2084.7
1226540 2084.7
1226550 2094.8
1226560 2108.2
1226570 2108.2
1226580 2122.3
1226590 2131.3
1226600 2131.3
1226610 2132.2
1226620 2137.1
1226630 2137.1
1226640 2150.0
1226650 2166.2
1226660 2166.2
1226670 2182.8
1226680 2193.0
1226690 2193.0
1226700 2200.5
1226710 2207.0
1226720 2212.9
1226730 2212.9
1226740 2218.7
1226750 2223.2
1226760 2223.2
1226770 2227.8
1226780 2232.6
1226790 2232.6
1226800 2236.1
1226810 2240.7
1226820 2240.7
1226830 2246.4
1226840 2249.6
1226850 2249.6
1226860 2253.4
1226870 2258.6
1226880 2258.6
1226890 2264.5
1226900 2270.1
1226910 2274.9
1226920 2274.9
1226930 2281.1
1226940 2287.6
1226950 2287.6
1226960 2293.2
1226970 2298.8
1226980 2298.8
1226990 2304.9
1227000 2306.7
1227010 2306.7
1227020 2312.3
1227030 2317.1
1227040 2317.1
1227050 2322.4
1227060 2329.3
1227070 2329.3
1227080 2336.1
1227090 2342.0
1227100 2342.0
1227110 2350.5
1227120 2360.5
1227130 2369.3
1227140 2369.3
1227150 2377.5
1227160 2384.7
1227170 2384.7
1227180 2390.9
1227190 2395.6
1227200 2395.6
1227210 2400.6
1227220 2405.8
1227230 2405.8
1227240 2411.8
1227250 2417.1
1227260 2417.1
1227270 2421.3
1227280 2428.4
1227290 2428.4
1227300 2439.4
1227310 2448.9
1227320 2448.9
1227330 2457.0
1227340 2465.4
1227350 2475.6
1227360 2475.6
1227370 2484.4
1227380 2491.8
1227390 2491.8
1227400 2499.6
1227410 2505.2
1227420 2505.2
1227430 2510.3
1227440 2516.4
1227450 2516.4
1227460 2521.9
1227470 2527.9
1227480 2527.9
1227490 2527.1
1227500 2534.2
1227510 2534.2
1227520 2541.7
1227530 2550.0
1227540 2559.0
1227550 2559.0
1227560 2567.4
1227570 2574.3
1227580 2574.3
1227590 2580.7
1227600 2587.1
1227610 2587.1
1227620 2593.3
1227630 2602.0
1227640 2602.0
1227650 2610.7
1227660 2618.5
1227670 2618.5
1227680 2626.0
1227690 2632.9
1227700 2632.9
1227710 2639.0
1227720 2644.4
1227730 2644.4
1227740 2650.2
1227750 2656.1
1227760 2662.6
1227770 2662.6
1227780 2668.6
1227790 2674.4
1227800 2674.4
1227810 2680.1
1227820 2685.5
1227830 2685.5
1227840 2690.8
1227850 2695.8
1227860 2695.8
1227870 2700.5
1227880 2705.6
1227890 2705.6
1227900 2710.4
1227910 2715.4
1227920 2715.4
1227930 2719.8
1227940 2724.1
1227950 2724.1
1227960 2728.1
1227970 2732.2
1227980 2731.7
1227990 2731.7
1228000 2736.4
1228010 2740.7
1228020 2740.7
1228030 2745.0
1228040 2748.3
1228050 2748.3
1228060 2750.0
1228070 2752.8
1228080 2752.8
1228090 2756.0
1228100 2758.9
1228110 2758.9
1228120 2759.8
1228130 2754.6
1228140 2754.6
1228150 2745.4
1228160 2734.1
1228170 2725.3
1228180 2725.3
1228190 2716.9
1228200 2708.6
1228210 2708.6
1228220 2699.4
1228230 2691.3
1228240 2691.3
1228250 2684.4
1228260 2676.9
1228270 2676.9
1228280 2667.6
1228290 2656.6
1228300 2656.6
1228310 2646.9
1228320 2640.3
1228330 2640.3
1228340 2634.5
1228350 2628.3
1228360 2628.3
1228370 2623.5
1228380 2620.1
1228390 2616.8
1228400 2616.8
1228410 2613.7
1228420 2610.3
1228430 2610.3
1228440 2608.9
1228450 2607.7
1228460 2607.7
1228470 2604.2
1228480 2595.9
1228490 2595.9
1228500 2592.2
1228510 2590.3
1228520 2590.3
1228530 2589.6
1228540 2588.8
1228550 2588.8
1228560 2588.3
1228570 2589.0
1228580 2589.0
1228590 2589.4
1228600 2590.1
1228610 2590.7
1228620 2590.7
1228630 2590.9
1228640 2589.9
1228650 2589.9
1228660 2590.7
1228670 2591.4
1228680 2591.4
1228690 2592.2
1228700 2593.5
1228710 2593.5
1228720 2594.9
1228730 2595.6
1228740 2595.6
1228750 2594.8
1228760 2594.7
1228770 2594.7
1228780 2594.6
1228790 2594.3
1228800 2594.2
1228810 2594.2
1228820 2594.4
1228830 2593.0
1228840 2593.0
1228850 2591.3
1228860 2590.9
1228870 2590.9
1228880 2590.3
1228890 2589.0
1228900 2589.0
1228910 2587.4
1228920 2586.4
1228930 2586.4
1228940 2585.6
1228950 2585.7
1228960 2585.7
1228970 2584.8
1228980 2583.2
1228990 2583.2
1229000 2583.2
1229010 2585.0
1229020 2587.4
1229030 2587.4
1229040 2589.2
1229050 2589.2
1229060 2589.2
1229070 2588.5
1229080 2585.9
1229090 2585.9
1229100 2583.7
1229110 2584.6
1229120 2584.6
1229130 2587.1
1229140 2589.7
1229150 2589.7
1229160 2592.6
1229170 2597.0
1229180 2597.0
1229190 2601.4
1229200 2605.4
1229210 2605.4
1229220 2609.9
1229230 2614.8
1229240 2619.9
1229250 2619.9
1229260 2625.2
1229270 2630.6
1229280 2630.6
1229290 2636.5
1229300 2642.7
1229310 2642.7
1229320 2648.9
1229330 2655.1
1229340 2655.1
1229350 2661.5
1229360 2668.2
1229370 2668.2
1229380 2674.8
1229390 2681.5
1229400 2681.5
1229410 2688.3
1229420 2700.5
1229430 2716.3
1229440 2716.3
1229450 2721.0
1229460 2727.1
1229470 2734.0
1229480 2738.1
1229490 2743.5
1229500 2743.5
1229510 2750.2
1229520 2760.0
1229530 2760.0
1229540 2773.3
1229550 2788.2
1229560 2788.2
1229570 2803.1
1229580 2822.0
1229590 2822.0
1229600 2838.8
1229610 2849.4
1229620 2849.4
1229630 2859.7
1229640 2867.9
1229650 2876.6
1229660 2876.6
1229670 2883.8
1229680 2887.8
1229690 2887.8
1229700 2893.1
1229710 2900.3
1229720 2900.3
1229730 2906.8
1229740 2911.7
1229750 2911.7
1229760 2916.2
1229770 2922.3
1229780 2922.3
1229790 2929.1
1229800 2935.2
1229810 2935.2
1229820 2942.2
1229830 2951.2
1229840 2951.2
1229850 2959.7
1229860 2967.0
1229870 2974.3
1229880 2974.3
1229890 2980.7
1229900 2986.2
1229910 2986.2
1229920 2990.8
1229930 2995.8
1229940 2995.8
1229950 3000.6
1229960 3004.6
1229970 2999.9
1229980 3003.6
1229990 3007.8
1230000 3007.8
1230010 3013.4
1230020 3020.4
1230030 3020.4
1230040 3028.3
1230050 3036.0
1230060 3046.0
1230070 3046.0
1230080 3053.5
1230090 3053.9
1230100 3053.9
1230110 3053.7
1230120 3053.2
1230130 3053.2
1230140 3052.4
1230150 3051.9
1230160 3051.9
1230170 3052.2
1230180 3052.6
1230190 3052.6
1230200 3052.5
1230210 3051.4
1230220 3051.4
1230230 3049.2
1230240 3047.3
1230250 3047.3
1230260 3046.3
1230270 3043.6
1230280 3041.7
1230290 3041.7
1230300 3041.4
1230310 3041.8
1230320 3041.8
1230330 3042.8
1230340 3044.2
1230350 3044.2
1230360 3046.0
1230370 3048.0
1230380 3048.0
1230390 3050.1
1230400 3052.2
1230410 3052.2
1230420 3054.5
1230430 3057.0
1230440 3057.0
1230450 3059.4
1230460 3066.2
1230470 3066.2
1230480 3068.6
1230490 3070.9
1230500 3073.3
1230510 3073.3
1230520 3075.6
1230530 3077.9
1230540 3077.9
1230550 3080.1
1230560 3082.4
1230570 3082.4
1230580 3084.9
1230590 3087.4
1230600 3087.4
1230610 3090.0
1230620 3092.6
1230630 3092.6
1230640 3095.4
1230650 3098.3
1230660 3098.3
1230670 3101.3
1230680 3104.5
1230690 3108.1
1230700 3108.1
1230710 3112.1
1230720 3116.3
1230730 3116.3
1230740 3120.8
1230750 3125.8
1230760 3125.8
1230770 3131.2
1230780 3138.4
1230790 3138.4
1230800 3146.8
1230810 3159.0
1230820 3159.0
1230830 3164.9
1230840 3172.3
1230850 3172.3
1230860 3178.4
1230870 3177.7
1230880 3177.7
1230890 3177.7
1230900 3180.3
1230910 3175.9
1230920 3175.9
1230930 3166.6
1230940 3155.0
1230950 3155.0
1230960 3147.7
1230970 3135.4
1230980 3135.4
1230990 3122.7
1231000 3110.4
1231010 3110.4
1231020 3100.7
1231030 3091.8
1231040 3091.8
1231050 3082.6
1231060 3073.8
1231070 3073.8
1231080 3067.2
1231090 3056.4
1231100 3056.4
1231110 3050.4
1231120 3045.2
1231130 3035.0
1231140 3035.0
1231150 3021.9
1231160 3009.6
1231170 3009.6
1231180 3000.9
1231190 2992.0
1231200 2992.0
1231210 2984.4
1231220 2979.0
1231230 2979.0
1231240 2974.2
1231250 2969.2
1231260 2969.2
1231270 2964.7
1231280 2961.4
1231290 2961.4
1231300 2958.5
1231310 2955.4
1231320 2952.5
1231330 2952.5
1231340 2949.9
1231350 2947.2
1231360 2947.2
1231370 2945.6
1231380 2945.1
1231390 2945.1
1231400 2944.9
1231410 2945.2
1231420 2945.2
1231430 2945.3
1231440 2945.1
1231450 2945.1
1231460 2950.3
1231470 2946.7
1231480 2946.7
1231490 2941.2
1231500 2935.1
1231510 2935.1
1231520 2928.7
1231530 2923.3
1231540 2918.1
1231550 2918.1
1231560 2913.2
1231570 2907.2
1231580 2907.2
1231590 2902.0
1231600 2898.6
1231610 2898.6
1231620 2896.9
1231630 2897.9
1231640 2897.9
1231650 2895.7
1231660 2892.0
1231670 2892.0
1231680 2887.9
1231690 2883.2
1231700 2883.2
1231710 2879.2
1231720 2875.1
1231730 2875.1
1231740 2869.6
1231750 2865.8
1231760 2859.0
1231770 2859.0
1231780 2851.1
1231790 2839.2
1231800 2839.2
1231810 2832.2
1231820 2825.2
1231830 2825.2
1231840 2818.2
1231850 2809.8
1231860 2809.8
1231870 2800.1
1231880 2793.4
1231890 2793.4
1231900 2787.5
1231910 2782.4
1231920 2782.4
1231930 2777.1
1231940 2772.0
1231950 2767.9
1231960 2765.9
1231970 2762.2
1231980 2758.8
1231990 2758.8
1232000 2756.5
1232010 2754.6
1232020 2754.6
1232030 2752.9
1232040 2751.1
1232050 2751.1
1232060 2749.4
1232070 2747.9
1232080 2747.9
1232090 2746.0
1232100 2743.5
1232110 2743.5
1232120 2740.8
1232130 2738.3
1232140 2738.3
1232150 2736.2
1232160 2734.5
1232170 2732.6
1232180 2732.6
1232190 2731.0
1232200 2729.1
1232210 2729.1
1232220 2727.0
1232230 2724.9
1232240 2724.9
1232250 2723.3
1232260 2721.9
1232270 2721.9
1232280 2721.2
1232290 2718.7
1232300 2718.7
1232310 2714.7
1232320 2708.6
1232330 2708.6
1232340 2702.5
1232350 2696.8
1232360 2696.8
1232370 2691.8
1232380 2687.6
1232390 2683.9
1232400 2683.9
1232410 2681.1
1232420 2678.8
1232430 2678.8
1232440 2676.9
1232450 2675.5
1232460 2677.5
1232470 2676.2
1232480 2674.9
1232490 2674.9
1232500 2672.8
1232510 2669.4
1232520 2669.4
1232530 2664.9
1232540 2659.6
1232550 2659.6
1232560 2654.8
1232570 2650.3
1232580 2647.6
1232590 2647.6
1232600 2644.9
1232610 2641.8
1232620 2641.8
1232630 2637.9
1232640 2633.8
1232650 2633.8
1232660 2627.7
1232670 2620.7
1232680 2620.7
1232690 2613.8
1232700 2607.3
1232710 2607.3
1232720 2601.2
1232730 2595.6
1232740 2595.6
1232750 2590.5
1232760 2585.3
1232770 2585.3
1232780 2579.8
1232790 2575.4
1232800 2572.9
1232810 2572.9
1232820 2571.6
1232830 2572.4
1232840 2572.4
1232850 2573.6
1232860 2576.4
1232870 2576.4
1232880 2576.2
1232890 2568.9
1232900 2568.9
1232910 2561.1
1232920 2553.5
1232930 2553.5
1232940 2546.1
1232950 2539.3
1232960 2539.3
1232970 2531.6
1232980 2525.0
1232990 2525.0
1233000 2518.8
1233010 2512.9
1233020 2507.2
1233030 2507.2
1233040 2501.6
1233050 2496.4
1233060 2496.4
1233070 2490.9
1233080 2486.9
1233090 2486.9
1233100 2483.5
1233110 2480.3
1233120 2480.3
1233130 2477.7
1233140 2474.8
1233150 2474.8
1233160 2471.7
1233170 2469.2
1233180 2469.2
1233190 2466.4
1233200 2462.9
1233210 2458.2
1233220 2458.2
1233230 2456.7
1233240 2455.6
1233250 2455.6
1233260 2454.3
1233270 2455.6
1233280 2455.6
1233290 2456.5
1233300 2454.7
1233310 2454.7
1233320 2452.8
1233330 2450.1
1233340 2450.1
1233350 2446.6
1233360 2443.7
1233370 2443.7
1233380 2442.7
1233390 2442.7
1233400 2442.7
1233410 2444.2
1233420 2444.9
1233430 2443.4
1233440 2443.4
1233450 2442.4
1233460 2442.8
1233470 2445.8
1233480 2448.0
1233490 2449.5
1233500 2449.5
1233510 2449.8
1233520 2452.1
1233530 2452.1
1233540 2453.2
1233550 2452.9
1233560 2452.9
1233570 2453.6
1233580 2454.5
1233590 2454.5
1233600 2455.6
1233610 2455.9
1233620 2455.9
1233630 2455.0
1233640 2455.1
1233650 2457.0
1233660 2457.0
1233670 2461.2
1233680 2468.8
1233690 2468.8
1233700 2476.0
1233710 2482.6
1233720 2482.6
1233730 2494.2
1233740 2502.0
1233750 2502.0
1233760 2509.7
1233770 2514.2
1233780 2514.2
1233790 2517.4
1233800 2522.7
1233810 2522.7
1233820 2528.8
1233830 2535.1
1233840 2539.4
1233850 2539.4
1233860 2543.4
1233870 2546.8
1233880 2546.8
1233890 2553.2
1233900 2560.8
1233910 2560.8
1233920 2566.0
1233930 2570.4
1233940 2570.4
1233950 2575.2
1233960 2579.5
1233970 2579.5
1233980 2582.6
1233990 2585.1
1234000 2585.1
1234010 2588.2
1234020 2593.3
1234030 2593.3
1234040 2598.9
1234050 2604.7
1234060 2611.1
1234070 2611.1
1234080 2617.7
1234090 2624.1
1234100 2624.1
1234110 2630.2
1234120 2636.7
1234130 2636.7
1234140 2643.6
1234150 2650.9
1234160 2650.9
1234170 2657.7
1234180 2664.1
1234190 2664.1
1234200 2669.9
1234210 2674.5
1234220 2674.5
1234230 2679.0
1234240 2683.5
1234250 2683.5
1234260 2687.3
1234270 2690.6
1234280 2692.4
1234290 2692.4
1234300 2692.1
1234310 2689.9
1234320 2689.9
1234330 2688.7
1234340 2688.6
1234350 2688.6
1234360 2687.9
1234370 2687.5
1234380 2687.5
1234390 2687.1
1234400 2686.7
1234410 2686.7
1234420 2686.5
1234430 2686.9
1234440 2686.9
1234450 2687.3
1234460 2687.8
1234470 2687.8
1234480 2684.8
1234490 2684.9
1234500 2685.9
1234510 2685.9
1234520 2686.9
1234530 2687.6
1234540 2687.6
1234550 2688.3
1234560 2690.2
1234570 2690.2
1234580 2693.8
1234590 2698.3
1234600 2698.3
1234610 2701.3
1234620 2701.5
1234630 2701.5
1234640 2702.0
1234650 2704.5
1234660 2704.5
1234670 2706.9
1234680 2709.5
1234690 2712.4
1234700 2712.4
1234710 2716.9
1234720 2721.2
1234730 2721.2
1234740 2725.1
1234750 2730.4
1234760 2730.4
1234770 2735.6
1234780 2739.2
1234790 2739.2
1234800 2740.8
1234810 2740.0
1234820 2740.0
1234830 2737.1
1234840 2733.9
1234850 2733.9
1234860 2730.3
1234870 2728.4
1234880 2728.4
1234890 2727.5
1234900 2726.5
1234910 2726.5
1234920 2726.5
1234930 2727.6
1234940 2728.9
1234950 2728.9
1234960 2730.7
1234970 2732.7
1234980 2732.7
1234990 2738.0
1235000 2741.5
1235010 2741.5
1235020 2745.9
1235030 2750.8
1235040 2750.8
1235050 2756.5
1235060 2762.2
1235070 2762.2
1235080 2767.4
1235090 2772.4
1235100 2777.3
1235110 2777.3
1235120 2781.8
1235130 2788.6
1235140 2788.6
1235150 2802.7
1235160 2812.6
1235170 2812.6
1235180 2822.2
1235190 2837.6
1235200 2837.6
1235210 2852.0
1235220 2865.1
1235230 2865.1
1235240 2875.0
1235250 2883.2
1235260 2883.2
1235270 2893.3
1235280 2903.8
1235290 2903.8
1235300 2914.4
1235310 2925.1
1235320 2937.6
1235330 2937.6
1235340 2946.6
1235350 2956.7
1235360 2956.7
1235370 2972.8
1235380 2988.1
1235390 2988.1
1235400 3001.9
1235410 3014.8
1235420 3014.8
1235430 3026.6
1235440 3038.0
1235450 3038.0
1235460 3042.6
1235470 3036.0
1235480 3036.0
1235490 3028.5
1235500 3015.2
1235510 3015.2
1235520 3007.5
1235530 3000.7
1235540 2993.6
1235550 2993.6
1235560 2986.0
1235570 2977.8
1235580 2977.8
1235590 2972.4
1235600 2966.8
1235610 2966.8
1235620 2958.0
1235630 2942.5
1235640 2942.5
1235650 2931.0
1235660 2924.4
1235670 2924.4
1235680 2918.2
1235690 2911.6
1235700 2911.6
1235710 2904.2
1235720 2897.3
1235730 2890.5
1235740 2890.5
1235750 2883.8
1235760 2877.6
1235770 2877.6
1235780 2870.1
1235790 2861.7
1235800 2861.7
1235810 2855.0
1235820 2846.1
1235830 2846.1
1235840 2835.3
1235850 2818.6
1235860 2818.6
1235870 2804.9
1235880 2793.6
1235890 2793.6
1235900 2785.8
1235910 2776.7
1235920 2776.7
1235930 2764.3
1235940 2751.2
1235950 2738.9
1235960 2738.9
1235970 2732.2
1235980 2726.4
1235990 2726.4
1236000 2716.7
1236010 2712.0
1236020 2712.0
1236030 2707.2
1236040 2702.3
1236050 2702.3
1236060 2696.9
1236070 2691.4
1236080 2691.4
1236090 2685.4
1236100 2679.7
1236110 2679.7
1236120 2674.3
1236130 2669.4
1236140 2669.4
1236150 2665.2
1236160 2661.9
1236170 2659.6
1236180 2659.6
1236190 2658.2
1236200 2657.8
1236210 2657.8
1236220 2657.6
1236230 2657.2
1236240 2657.2
1236250 2656.5
1236260 2655.8
1236270 2655.8
1236280 2655.2
1236290 2654.7
1236300 2654.7
1236310 2654.8
1236320 2655.2
1236330 2655.2
1236340 2655.8
1236350 2656.4
1236360 2656.7
1236370 2656.7
1236380 2657.4
1236390 2659.3
1236400 2659.3
1236410 2659.7
1236420 2659.5
1236430 2659.5
1236440 2659.9
1236450 2659.9
1236460 2659.9
1236470 2658.5
1236480 2657.4
1236490 2657.4
1236500 2654.3
1236510 2651.5
1236520 2652.3
1236530 2650.4
1236540 2649.5
1236550 2649.5
1236560 2648.3
1236570 2647.2
1236580 2645.2
1236590 2645.2
1236600 2643.2
1236610 2640.8
1236620 2640.8
1236630 2638.0
1236640 2635.1
1236650 2635.1
1236660 2631.9
1236670 2629.0
1236680 2629.0
1236690 2625.8
1236700 2622.4
1236710 2622.4
1236720 2619.6
1236730 2616.6
1236740 2616.6
1236750 2612.8
1236760 2610.3
1236770 2610.3
1236780 2608.0
1236790 2605.7
1236800 2603.1
1236810 2603.1
1236820 2600.7
1236830 2598.6
1236840 2598.6
1236850 2596.5
1236860 2594.2
1236870 2594.2
1236880 2592.3
1236890 2590.4
1236900 2590.4
1236910 2588.0
1236920 2587.3
1236930 2587.3
1236940 2586.8
1236950 2585.4
1236960 2585.4
1236970 2583.6
1236980 2582.4
1236990 2582.8
1237000 2582.8
1237010 2582.6
1237020 2581.2
1237030 2584.0
1237040 2582.4
1237050 2581.8
1237060 2581.8
1237070 2582.3
1237080 2582.1
1237090 2582.1
1237100 2576.5
1237110 2569.7
1237120 2569.7
1237130 2563.5
1237140 2557.9
1237150 2557.9
1237160 2552.7
1237170 2548.4
1237180 2548.4
1237190 2545.1
1237200 2542.3
1237210 2540.5
1237220 2540.5
1237230 2538.7
1237240 2536.7
1237250 2536.7
1237260 2534.5
1237270 2531.9
1237280 2531.9
1237290 2530.6
1237300 2529.8
1237310 2529.8
1237320 2528.8
1237330 2528.6
1237340 2528.6
1237350 2530.3
1237360 2533.5
1237370 2533.5
1237380 2537.4
1237390 2541.4
1237400 2541.4
1237410 2543.1
1237420 2543.7
1237430 2546.0
1237440 2546.0
1237450 2544.6
1237460 2542.6
1237470 2542.6
1237480 2542.5
1237490 2543.8
1237500 2543.8
1237510 2543.7
1237520 2541.4
1237530 2541.4
1237540 2534.6
1237550 2533.0
1237560 2533.0
1237570 2531.0
1237580 2528.8
1237590 2528.8
1237600 2527.2
1237610 2523.3
1237620 2520.3
1237630 2520.3
1237640 2517.5
1237650 2515.7
1237660 2515.7
1237670 2516.0
1237680 2518.9
1237690 2518.9
1237700 2519.5
1237710 2516.1
1237720 2516.1
1237730 2512.6
1237740 2511.0
1237750 2511.0
1237760 2510.6
1237770 2508.9
1237780 2508.9
1237790 2506.9
1237800 2503.4
1237810 2503.4
1237820 2497.3
1237830 2491.4
1237840 2486.4
1237850 2486.4
1237860 2482.6
1237870 2479.3
1237880 2479.3
1237890 2475.6
1237900 2473.6
1237910 2473.6
1237920 2472.1
1237930 2468.5
1237940 2468.5
1237950 2464.8
1237960 2462.3
1237970 2462.3
1237980 2462.3
1237990 2464.8
1238000 2464.8
1238010 2462.7
1238020 2458.7
1238030 2458.7
1238040 2454.7
1238050 2446.7
1238060 2445.3
1238070 2445.3
1238080 2445.0
1238090 2445.6
1238100 2445.6
1238110 2446.6
1238120 2448.4
1238130 2448.4
1238140 2449.0
1238150 2447.7
1238160 2447.7
1238170 2448.0
1238180 2448.2
1238190 2448.2
1238200 2449.1
1238210 2449.9
1238220 2449.9
1238230 2451.4
1238240 2451.7
1238250 2449.2
1238260 2449.2
1238270 2446.4
1238280 2444.6
1238290 2444.6
1238300 2441.7
1238310 2439.1
1238320 2439.1
1238330 2435.4
1238340 2432.0
1238350 2432.0
1238360 2429.9
1238370 2428.0
1238380 2428.0
1238390 2426.1
1238400 2425.2
1238410 2425.2
1238420 2427.1
1238430 2429.8
1238440 2429.8
1238450 2431.1
1238460 2430.9
1238470 2432.9
1238480 2432.9
1238490 2436.7
1238500 2439.4
1238510 2439.4
1238520 2441.0
1238530 2442.5
1238540 2442.5
1238550 2443.4
1238560 2443.9
1238570 2439.3
1238580 2440.8
1238590 2445.6
1238600 2445.6
1238610 2450.1
1238620 2450.5
1238630 2450.5
1238640 2449.3
1238650 2450.4
1238660 2450.4
1238670 2453.3
1238680 2456.9
1238690 2459.1
1238700 2459.1
1238710 2461.6
1238720 2463.3
1238730 2463.3
1238740 2465.0
1238750 2466.9
1238760 2466.9
1238770 2468.1
1238780 2469.1
1238790 2469.1
1238800 2469.9
1238810 2470.4
1238820 2470.4
1238830 2470.2
1238840 2470.3
1238850 2470.3
1238860 2470.2
1238870 2469.0
1238880 2467.8
1238890 2467.8
1238900 2466.5
1238910 2464.5
1238920 2464.5
1238930 2461.9
1238940 2459.3
1238950 2459.3
1238960 2456.7
1238970 2455.0
1238980 2455.0
1238990 2454.8
1239000 2453.2
1239010 2453.2
1239020 2450.1
1239030 2446.2
1239040 2446.2
1239050 2442.0
1239060 2437.4
1239070 2437.4
1239080 2432.6
1239090 2426.5
1239100 2419.6
1239110 2419.6
1239120 2413.8
1239130 2410.0
1239140 2410.0
1239150 2407.2
1239160 2404.2
1239170 2404.2
1239180 2403.2
1239190 2402.4
1239200 2402.4
1239210 2399.9
1239220 2396.8
1239230 2396.8
1239240 2393.0
1239250 2388.9
1239260 2388.9
1239270 2384.1
1239280 2378.0
1239290 2370.7
1239300 2370.7
1239310 2363.7
1239320 2361.0
1239330 2361.0
1239340 2352.2
1239350 2341.5
1239360 2341.5
1239370 2333.2
1239380 2319.3
1239390 2319.3
1239400 2309.4
1239410 2300.1
1239420 2300.1
1239430 2289.1
1239440 2282.0
1239450 2282.0
1239460 2276.6
1239470 2271.0
1239480 2271.0
1239490 2265.6
1239500 2261.0
1239510 2255.6
1239520 2255.6
1239530 2249.3
1239540 2243.0
1239550 2243.0
1239560 2237.8
1239570 2233.9
1239580 2233.9
1239590 2230.6
1239600 2221.0
1239610 2221.0
1239620 2218.1
1239630 2213.9
1239640 2213.9
1239650 2209.2
1239660 2204.6
1239670 2204.6
1239680 2200.0
1239690 2194.8
1239700 2194.8
1239710 2190.1
1239720 2185.2
1239730 2178.5
1239740 2178.5
1239750 2171.3
1239760 2167.2
1239770 2167.2
1239780 2166.5
1239790 2162.7
1239800 2162.7
1239810 2154.9
1239820 2146.7
1239830 2146.7
1239840 2138.9
1239850 2131.4
1239860 2131.4
1239870 2124.8
1239880 2119.6
1239890 2119.6
1239900 2116.8
1239910 2117.0
1239920 2117.1
1239930 2117.1
1239940 2117.6
1239950 2119.1
1239960 2119.1
1239970 2119.7
1239980 2116.2
1239990 2116.2
