1220000 2271.7
1220010 2271.7
1220020 2263.6
1220030 2257.1
1220040 2257.1
1220050 2253.0
1220060 2249.7
1220070 2249.7
1220080 2246.1
1220090 2238.8
1220100 2230.7
1220110 2225.0
1220120 2220.3
1220130 2220.3
1220140 2214.8
1220150 2208.1
1220160 2208.1
1220170 2201.5
1220180 2195.5
1220190 2181.7
1220200 2181.7
1220210 2168.9
1220220 2161.1
1220230 2161.1
1220240 2154.1
1220250 2149.3
1220260 2149.3
1220270 2137.5
1220280 2128.1
1220290 2128.1
1220300 2123.7
1220310 2118.4
1220320 2118.4
1220330 2111.1
1220340 2102.1
1220350 2102.1
1220360 2100.3
1220370 2098.7
1220380 2098.7
1220390 2092.7
1220400 2077.4
1220410 2060.8
1220420 2060.8
1220430 2050.7
1220440 2041.2
1220450 2041.2
1220460 2029.2
1220470 2014.5
1220480 2014.5
1220490 2002.1
1220500 1991.1
1220510 1991.1
1220520 1981.5
1220530 1974.5
1220540 1974.5
1220550 1968.6
1220560 1962.6
1220570 1958.9
1220580 1951.9
1220590 1944.9
1220600 1944.9
1220610 1937.1
1220620 1929.7
1220630 1923.8
1220640 1923.8
1220650 1918.9
1220660 1914.0
1220670 1914.0
1220680 1909.3
1220690 1906.2
1220700 1906.2
1220710 1902.9
1220720 1897.3
1220730 1897.3
1220740 1890.9
1220750 1885.2
1220760 1885.2
1220770 1879.4
1220780 1873.7
1220790 1873.7
1220800 1868.1
1220810 1861.4
1220820 1856.0
1220830 1856.0
1220840 1851.4
1220850 1847.6
1220860 1847.6
1220870 1844.5
1220880 1841.5
1220890 1841.5
1220900 1839.4
1220910 1837.6
1220920 1837.6
1220930 1834.3
1220940 1831.6
1220950 1831.6
1220960 1828.0
1220970 1823.4
1220980 1823.4
1220990 1818.5
1221000 1813.5
1221010 1813.5
1221020 1807.4
1221030 1801.3
1221040 1795.5
1221050 1790.4
1221060 1784.9
1221070 1779.0
1221080 1779.0
1221090 1772.7
1221100 1766.3
1221110 1766.3
1221120 1759.9
1221130 1753.0
1221140 1753.0
1221150 1745.8
1221160 1738.9
1221170 1738.9
1221180 1731.7
1221190 1727.1
1221200 1727.1
1221210 1725.2
1221220 1723.8
1221230 1723.8
1221240 1722.7
1221250 1721.0
1221260 1718.7
1221270 1718.7
1221280 1716.2
1221290 1713.5
1221300 1713.5
1221310 1710.7
1221320 1707.5
1221330 1707.5
1221340 1704.6
1221350 1701.8
1221360 1701.8
1221370 1698.6
1221380 1696.8
1221390 1696.8
1221400 1695.1
1221410 1695.3
1221420 1695.3
1221430 1697.0
1221440 1699.7
1221450 1701.9
1221460 1701.9
1221470 1703.5
1221480 1705.1
1221490 1705.1
1221500 1705.1
1221510 1706.0
1221520 1706.0
1221530 1705.7
1221540 1712.3
1221550 1712.3
1221560 1710.6
1221570 1711.9
1221580 1711.9
1221590 1711.6
1221600 1711.0
1221610 1711.0
1221620 1710.1
1221630 1710.2
1221640 1710.2
1221650 1711.5
1221660 1714.1
1221670 1718.0
1221680 1718.0
1221690 1722.2
1221700 1722.8
1221710 1722.8
1221720 1726.0
1221730 1736.1
1221740 1736.1
1221750 1754.5
1221760 1768.6
1221770 1768.6
1221780 1781.2
1221790 1794.7
1221800 1794.7
1221810 1807.4
1221820 1819.2
1221830 1819.2
1221840 1826.6
1221850 1833.7
1221860 1833.7
1221870 1842.4
1221880 1853.8
1221890 1865.5
1221900 1865.5
1221910 1877.3
1221920 1887.8
1221930 1887.8
1221940 1897.4
1221950 1905.2
1221960 1905.2
1221970 1910.7
1221980 1914.7
1221990 1914.7
1222000 1917.1
1222010 1919.2
1222020 1925.4
1222030 1925.1
1222040 1924.0
1222050 1924.0
1222060 1922.5
1222070 1922.4
1222080 1922.6
1222090 1922.6
1222100 1922.9
1222110 1922.1
1222120 1922.1
1222130 1921.2
1222140 1918.9
1222150 1918.9
1222160 1913.3
1222170 1909.6
1222180 1909.6
1222190 1922.6
1222200 1959.4
1222210 1959.4
1222220 1996.7
1222230 2011.4
1222240 2011.4
1222250 2015.8
1222260 2029.3
1222270 2029.3
1222280 2046.9
1222290 2058.7
1222300 2065.0
1222310 2065.0
1222320 2067.3
1222330 2066.5
1222340 2066.5
1222350 2064.6
1222360 2063.6
1222370 2063.6
1222380 2063.4
1222390 2063.2
1222400 2063.2
1222410 2062.9
1222420 2062.0
1222430 2062.0
1222440 2060.2
1222450 2057.8
1222460 2057.8
1222470 2054.0
1222480 2050.1
1222490 2050.1
1222500 2053.8
1222510 2051.0
1222520 2045.6
1222530 2045.6
1222540 2040.0
1222550 2033.6
1222560 2033.6
1222570 2025.0
1222580 2017.6
1222590 2017.6
1222600 2011.9
1222610 2006.3
1222620 2006.3
1222630 2000.2
1222640 1995.1
1222650 1995.1
1222660 1990.4
1222670 1985.4
1222680 1985.4
1222690 1978.4
1222700 1972.8
1222710 1967.5
1222720 1967.5
1222730 1963.9
1222740 1958.8
1222750 1958.8
1222760 1948.5
1222770 1941.7
1222780 1941.7
1222790 1931.9
1222800 1924.1
1222810 1924.1
1222820 1917.4
1222830 1908.3
1222840 1908.3
1222850 1896.0
1222860 1876.9
1222870 1876.9
1222880 1856.2
1222890 1840.9
1222900 1840.9
1222910 1831.4
1222920 1819.6
1222930 1808.4
1222940 1808.4
1222950 1806.3
1222960 1806.3
1222970 1806.3
1222980 1811.7
1222990 1805.6
1223000 1805.6
1223010 1801.7
1223020 1801.4
1223030 1801.4
1223040 1800.3
1223050 1797.4
1223060 1797.4
1223070 1792.7
1223080 1783.7
1223090 1783.7
1223100 1780.8
1223110 1780.8
1223120 1780.8
1223130 1781.0
1223140 1779.4
1223150 1779.5
1223160 1779.5
1223170 1781.8
1223180 1789.6
1223190 1789.6
1223200 1799.5
1223210 1803.9
1223220 1803.9
1223230 1802.0
1223240 1796.7
1223250 1796.7
1223260 1791.1
1223270 1785.3
1223280 1785.3
1223290 1777.2
1223300 1763.2
1223310 1763.2
1223320 1745.7
1223330 1737.0
1223340 1737.0
1223350 1729.8
1223360 1722.1
1223370 1717.6
1223380 1717.6
1223390 1711.8
1223400 1700.7
1223410 1700.7
1223420 1688.0
1223430 1675.0
1223440 1675.0
1223450 1658.4
1223460 1644.0
1223470 1655.7
1223480 1642.0
1223490 1630.7
1223500 1630.7
1223510 1623.4
1223520 1617.3
1223530 1617.3
1223540 1609.8
1223550 1601.3
1223560 1594.4
1223570 1594.4
1223580 1587.6
1223590 1580.8
1223600 1580.8
1223610 1574.3
1223620 1567.8
1223630 1567.8
1223640 1562.2
1223650 1554.6
1223660 1554.6
1223670 1544.9
1223680 1526.2
1223690 1526.2
1223700 1511.1
1223710 1502.1
1223720 1502.1
1223730 1492.4
1223740 1482.6
1223750 1482.6
1223760 1476.4
1223770 1471.9
1223780 1471.5
1223790 1471.5
1223800 1472.6
1223810 1467.6
1223820 1467.6
1223830 1457.2
1223840 1450.7
1223850 1450.7
1223860 1446.2
1223870 1437.4
1223880 1437.4
1223890 1432.1
1223900 1433.8
1223910 1433.8
1223920 1435.0
1223930 1438.3
1223940 1438.3
1223950 1440.2
1223960 1437.9
1223970 1437.9
1223980 1430.8
1223990 1421.6
1224000 1415.2
1224010 1415.2
1224020 1409.6
1224030 1402.2
1224040 1402.2
1224050 1396.3
1224060 1397.6
1224070 1397.6
1224080 1405.6
1224090 1409.3
1224100 1409.3
1224110 1410.8
1224120 1410.7
1224130 1410.7
1224140 1408.2
1224150 1402.8
1224160 1402.8
1224170 1384.6
1224180 1347.2
1224190 1329.5
1224200 1329.5
1224210 1325.3
1224220 1323.0
1224230 1323.0
1224240 1318.5
1224250 1308.8
1224260 1308.8
1224270 1299.4
1224280 1294.6
1224290 1294.6
1224300 1291.3
1224310 1288.4
1224320 1288.4
1224330 1284.6
1224340 1277.2
1224350 1277.2
1224360 1269.8
1224370 1261.8
1224380 1261.8
1224390 1254.6
1224400 1246.9
1224410 1244.5
1224420 1244.5
1224430 1244.6
1224440 1245.0
1224450 1245.0
1224460 1246.8
1224470 1249.8
1224480 1249.8
1224490 1254.2
1224500 1256.7
1224510 1256.7
1224520 1259.0
1224530 1260.9
1224540 1260.9
1224550 1261.7
1224560 1264.9
1224570 1264.9
1224580 1269.8
1224590 1275.1
1224600 1275.1
1224610 1281.0
1224620 1287.4
1224630 1291.9
1224640 1291.9
1224650 1296.8
1224660 1307.1
1224670 1307.1
1224680 1318.8
1224690 1330.0
1224700 1330.0
1224710 1336.1
1224720 1342.2
1224730 1342.2
1224740 1347.7
1224750 1351.5
1224760 1351.5
1224770 1352.0
1224780 1350.9
1224790 1350.9
1224800 1351.0
1224810 1350.2
1224820 1348.4
1224830 1348.4
1224840 1347.4
1224850 1344.9
1224860 1344.9
1224870 1345.1
1224880 1348.2
1224890 1348.2
1224900 1347.3
1224910 1341.9
1224920 1341.9
1224930 1335.7
1224940 1347.0
1224950 1347.0
1224960 1372.3
1224970 1376.8
1224980 1376.8
1224990 1390.6
1225000 1403.3
1225010 1403.3
1225020 1414.4
1225030 1423.6
1225040 1431.8
1225050 1431.8
1225060 1438.6
1225070 1446.1
1225080 1446.1
1225090 1450.9
1225100 1453.4
1225110 1453.4
1225120 1456.6
1225130 1460.6
1225140 1460.6
1225150 1462.7
1225160 1465.2
1225170 1465.2
1225180 1468.8
1225190 1472.8
1225200 1472.8
1225210 1476.7
1225220 1480.8
1225230 1480.8
1225240 1485.2
1225250 1489.4
1225260 1493.5
1225270 1493.5
1225280 1497.6
1225290 1502.4
1225300 1502.4
1225310 1508.2
1225320 1515.7
1225330 1515.7
1225340 1522.7
1225350 1525.9
1225360 1525.9
1225370 1529.6
1225380 1533.9
1225390 1533.9
1225400 1537.5
1225410 1541.2
1225420 1539.2
1225430 1546.2
1225440 1554.1
1225450 1561.6
1225460 1561.6
1225470 1569.2
1225480 1575.9
1225490 1575.9
1225500 1581.9
1225510 1587.8
1225520 1587.8
1225530 1594.5
1225540 1602.0
1225550 1602.0
1225560 1613.0
1225570 1621.3
1225580 1621.3
1225590 1627.0
1225600 1633.5
1225610 1633.5
1225620 1641.0
1225630 1647.8
1225640 1647.8
1225650 1653.8
1225660 1660.3
1225670 1667.4
1225680 1667.4
1225690 1674.6
1225700 1687.9
1225710 1687.9
1225720 1706.7
1225730 1720.4
1225740 1720.4
1225750 1730.2
1225760 1742.1
1225770 1742.1
1225780 1753.7
1225790 1758.7
1225800 1758.7
1225810 1764.8
1225820 1774.4
1225830 1774.4
1225840 1784.9
1225850 1793.1
1225860 1793.1
1225870 1798.9
1225880 1810.2
1225890 1820.1
1225900 1820.1
1225910 1837.3
1225920 1845.9
1225930 1845.9
1225940 1851.6
1225950 1856.0
1225960 1856.0
1225970 1863.8
1225980 1875.8
1225990 1875.8
1226000 1887.4
1226010 1896.5
1226020 1896.5
1226030 1904.5
1226040 1914.9
1226050 1914.9
1226060 1925.4
1226070 1936.0
1226080 1947.0
1226090 1947.0
1226100 1953.1
1226110 1956.6
1226120 1956.6
1226130 1962.1
1226140 1970.1
1226150 1970.1
1226160 1976.3
1226170 1981.6
1226180 1981.6
1226190 1985.4
1226200 1989.8
1226210 1989.8
1226220 1993.9
1226230 1996.6
1226240 1996.6
1226250 2000.1
1226260 2004.5
1226270 2004.5
1226280 2010.1
1226290 2016.9
1226300 2026.0
1226310 2026.0
1226320 2032.7
1226330 2038.0
1226340 2038.0
1226350 2046.4
1226360 2053.2
1226370 2053.2
1226380 2059.6
1226390 2071.0
1226400 2064.6
1226410 2075.6
1226420 2083.8
1226430 2083.8
1226440 2093.2
1226450 2100.7
1226460 2100.7
1226470 2107.3
1226480 2114.8
1226490 2114.8
1226500 2121.2
1226510 2130.6
1226520 2140.5
1226530 2140.5
1226540 2148.4
1226550 2153.5
1226560 2153.5
1226570 2159.2
1226580 2165.2
1226590 2165.2
1226600 2170.0
1226610 2175.2
1226620 2175.2
1226630 2177.6
1226640 2181.5
1226650 2181.5
1226660 2192.1
1226670 2202.9
1226680 2202.9
1226690 2211.7
1226700 2219.4
1226710 2227.5
1226720 2227.5
1226730 2239.1
1226740 2249.2
1226750 2249.2
1226760 2259.5
1226770 2269.2
1226780 2269.2
1226790 2280.0
1226800 2290.8
1226810 2290.8
1226820 2299.6
1226830 2306.0
1226840 2306.0
1226850 2311.2
1226860 2318.5
1226870 2318.5
1226880 2327.5
1226890 2341.0
1226900 2341.0
1226910 2350.2
1226920 2357.6
1226930 2363.0
1226940 2363.0
1226950 2373.3
1226960 2385.4
1226970 2385.4
1226980 2394.9
1226990 2400.0
1227000 2400.0
1227010 2404.8
1227020 2410.3
1227030 2410.3
1227040 2415.6
1227050 2419.1
1227060 2419.1
1227070 2423.0
1227080 2428.8
1227090 2428.8
1227100 2434.1
1227110 2437.7
1227120 2437.7
1227130 2441.2
1227140 2445.0
1227150 2449.6
1227160 2449.6
1227170 2458.0
1227180 2468.2
1227190 2468.2
1227200 2474.8
1227210 2480.1
1227220 2480.1
1227230 2482.9
1227240 2483.7
1227250 2483.7
1227260 2487.2
1227270 2489.9
1227280 2489.9
1227290 2496.1
1227300 2505.8
1227310 2505.8
1227320 2514.0
1227330 2521.6
1227340 2529.8
1227350 2529.8
1227360 2537.3
1227370 2544.4
1227380 2544.6
1227390 2552.2
1227400 2559.4
1227410 2559.4
1227420 2567.2
1227430 2575.5
1227440 2575.5
1227450 2583.1
1227460 2590.4
1227470 2590.4
1227480 2597.7
1227490 2605.4
1227500 2605.4
1227510 2613.9
1227520 2621.9
1227530 2621.9
1227540 2629.6
1227550 2637.3
1227560 2645.9
1227570 2645.9
1227580 2654.9
1227590 2662.4
1227600 2662.4
1227610 2669.9
1227620 2677.5
1227630 2677.5
1227640 2685.9
1227650 2693.9
1227660 2693.9
1227670 2701.1
1227680 2707.0
1227690 2707.0
1227700 2712.1
1227710 2716.2
1227720 2716.2
1227730 2721.0
1227740 2726.0
1227750 2726.0
1227760 2731.4
1227770 2737.1
1227780 2743.6
1227790 2743.6
1227800 2749.1
1227810 2754.9
1227820 2754.9
1227830 2761.3
1227840 2768.3
1227850 2768.3
1227860 2775.0
1227870 2776.7
1227880 2776.7
1227890 2783.0
1227900 2790.2
1227910 2790.2
1227920 2797.3
1227930 2804.3
1227940 2804.3
1227950 2811.7
1227960 2818.6
1227970 2826.0
1227980 2826.0
1227990 2833.7
1228000 2840.2
1228010 2840.2
1228020 2838.1
1228030 2826.7
1228040 2826.7
1228050 2812.3
1228060 2798.7
1228070 2798.7
1228080 2788.2
1228090 2779.9
1228100 2779.9
1228110 2772.8
1228120 2765.1
1228130 2765.1
1228140 2757.2
1228150 2749.1
1228160 2749.1
1228170 2741.5
1228180 2734.9
1228190 2727.2
1228200 2727.2
1228210 2720.5
1228220 2714.9
1228230 2714.9
1228240 2709.8
1228250 2705.5
1228260 2705.5
1228270 2701.7
1228280 2697.1
1228290 2697.1
1228300 2692.6
1228310 2688.1
1228320 2688.1
1228330 2683.0
1228340 2678.1
1228350 2678.1
1228360 2674.9
1228370 2669.3
1228380 2669.3
1228390 2664.0
1228400 2658.4
1228410 2653.8
1228420 2653.8
1228430 2650.6
1228440 2648.0
1228450 2648.0
1228460 2646.3
1228470 2644.7
1228480 2644.7
1228490 2642.8
1228500 2641.7
1228510 2641.7
1228520 2640.7
1228530 2640.4
1228540 2640.4
1228550 2641.2
1228560 2641.7
1228570 2641.7
1228580 2642.7
1228590 2643.5
1228600 2643.5
1228610 2643.9
1228620 2644.5
1228630 2644.6
1228640 2644.6
1228650 2643.8
1228660 2642.5
1228670 2642.5
1228680 2641.7
1228690 2642.2
1228700 2642.2
1228710 2642.5
1228720 2642.9
1228730 2642.9
1228740 2642.4
1228750 2642.9
1228760 2642.9
1228770 2643.0
1228780 2643.0
1228790 2643.0
1228800 2642.8
1228810 2643.5
1228820 2643.5
1228830 2643.5
1228840 2643.9
1228850 2645.0
1228860 2643.3
1228870 2643.9
1228880 2644.2
1228890 2644.2
1228900 2645.0
1228910 2648.0
1228920 2648.0
1228930 2649.7
1228940 2652.0
1228950 2652.0
1228960 2654.6
1228970 2656.1
1228980 2656.1
1228990 2657.0
1229000 2657.1
1229010 2657.1
1229020 2656.3
1229030 2655.2
1229040 2655.5
1229050 2655.5
1229060 2654.0
1229070 2654.5
1229080 2654.5
1229090 2656.5
1229100 2658.6
1229110 2658.6
1229120 2658.0
1229130 2655.3
1229140 2655.3
1229150 2655.8
1229160 2658.0
1229170 2658.0
1229180 2660.2
1229190 2662.4
1229200 2662.4
1229210 2663.4
1229220 2664.9
1229230 2664.9
1229240 2665.6
1229250 2666.0
1229260 2667.7
1229270 2667.7
1229280 2670.6
1229290 2674.0
1229300 2674.0
1229310 2677.8
1229320 2681.6
1229330 2681.6
1229340 2685.6
1229350 2689.7
1229360 2688.0
1229370 2692.5
1229380 2697.5
1229390 2697.5
1229400 2702.6
1229410 2707.9
1229420 2707.9
1229430 2713.6
1229440 2719.4
1229450 2725.5
1229460 2725.5
1229470 2731.8
1229480 2737.6
1229490 2737.6
1229500 2743.7
1229510 2749.4
1229520 2749.4
1229530 2754.6
1229540 2759.8
1229550 2759.8
1229560 2765.4
1229570 2770.9
1229580 2770.9
1229590 2776.7
1229600 2782.1
1229610 2782.1
1229620 2787.6
1229630 2792.9
1229640 2792.9
1229650 2798.4
1229660 2803.8
1229670 2808.9
1229680 2808.9
1229690 2813.3
1229700 2816.9
1229710 2816.9
1229720 2821.8
1229730 2829.7
1229740 2829.7
1229750 2836.6
1229760 2843.8
1229770 2843.8
1229780 2850.8
1229790 2857.0
1229800 2857.0
1229810 2865.0
1229820 2879.9
1229830 2879.9
1229840 2890.8
1229850 2907.9
1229860 2907.9
1229870 2912.8
1229880 2920.7
1229890 2930.9
1229900 2930.9
1229910 2939.0
1229920 2944.7
1229930 2944.7
1229940 2947.2
1229950 2953.4
1229960 2953.4
1229970 2960.7
1229980 2970.8
1229990 2970.8
1230000 2987.1
1230010 3002.1
1230020 3002.1
1230030 2999.3
1230040 2990.0
1230050 2990.0
1230060 2984.1
1230070 2972.3
1230080 2965.2
1230090 2965.2
1230100 2960.5
1230110 2955.8
1230120 2955.8
1230130 2952.3
1230140 2949.1
1230150 2949.1
1230160 2945.7
1230170 2943.0
1230180 2943.0
1230190 2941.4
1230200 2940.7
1230210 2940.7
1230220 2942.0
1230230 2944.8
1230240 2944.8
1230250 2950.1
1230260 2956.7
1230270 2956.7
1230280 2967.4
1230290 2976.4
1230300 2982.7
1230310 2982.7
1230320 2988.7
1230330 2991.9
1230340 2991.9
1230350 2990.2
1230360 2993.0
1230370 2993.0
1230380 2997.7
1230390 3004.6
1230400 3004.6
1230410 3010.2
1230420 3014.5
1230430 3014.5
1230440 3016.7
1230450 3017.8
1230460 3017.8
1230470 3018.3
1230480 3018.3
1230490 3018.3
1230500 3018.5
1230510 3018.5
1230520 3018.7
1230530 3018.7
1230540 3018.8
1230550 3018.9
1230560 3018.9
1230570 3018.7
1230580 3019.3
1230590 3019.3
1230600 3020.7
1230610 3022.3
1230620 3022.3
1230630 3024.0
1230640 3025.8
1230650 3025.8
1230660 3027.6
1230670 3029.3
1230680 3029.3
1230690 3031.1
1230700 3033.1
1230710 3035.1
1230720 3035.1
1230730 3037.1
1230740 3039.2
1230750 3039.2
1230760 3041.3
1230770 3043.4
1230780 3043.4
1230790 3045.7
1230800 3048.2
1230810 3048.2
1230820 3051.0
1230830 3054.2
1230840 3054.2
1230850 3060.9
1230860 3065.8
1230870 3065.8
1230880 3071.9
1230890 3068.0
1230900 3068.0
1230910 3057.2
1230920 3047.8
1230930 3042.2
1230940 3042.2
1230950 3034.1
1230960 3021.2
1230970 3021.2
1230980 3010.9
1230990 3002.6
1231000 3002.6
1231010 2998.8
1231020 2993.3
1231030 2993.3
1231040 2985.0
1231050 2975.7
1231060 2975.7
1231070 2958.1
1231080 2954.1
1231090 2954.1
1231100 2944.7
1231110 2930.3
1231120 2930.3
1231130 2919.6
1231140 2911.6
1231150 2905.9
1231160 2905.9
1231170 2902.4
1231180 2898.9
1231190 2898.9
1231200 2895.3
1231210 2890.7
1231220 2890.7
1231230 2885.1
1231240 2879.4
1231250 2879.4
1231260 2873.2
1231270 2867.5
1231280 2867.5
1231290 2861.4
1231300 2855.4
1231310 2855.4
1231320 2849.6
1231330 2844.0
1231340 2839.0
1231350 2843.8
1231360 2839.9
1231370 2837.0
1231380 2837.0
1231390 2834.5
1231400 2831.6
1231410 2831.6
1231420 2829.0
1231430 2825.4
1231440 2825.4
1231450 2821.1
1231460 2817.8
1231470 2817.8
1231480 2815.4
1231490 2813.6
1231500 2813.6
1231510 2812.4
1231520 2812.2
1231530 2812.2
1231540 2811.9
1231550 2811.1
1231560 2809.6
1231570 2809.6
1231580 2808.3
1231590 2807.2
1231600 2807.2
1231610 2806.4
1231620 2805.0
1231630 2805.0
1231640 2803.7
1231650 2802.2
1231660 2802.2
1231670 2801.2
1231680 2800.0
1231690 2800.0
1231700 2797.0
1231710 2793.8
1231720 2793.8
1231730 2791.2
1231740 2788.9
1231750 2788.9
1231760 2784.5
1231770 2779.0
1231780 2773.3
1231790 2773.3
1231800 2767.6
1231810 2762.2
1231820 2762.2
1231830 2757.5
1231840 2753.2
1231850 2756.1
1231860 2751.6
1231870 2748.1
1231880 2748.1
1231890 2744.7
1231900 2741.7
1231910 2741.7
1231920 2739.3
1231930 2737.9
1231940 2737.9
1231950 2737.6
1231960 2737.3
1231970 2736.5
1231980 2736.5
1231990 2735.9
1232000 2735.9
1232010 2735.9
1232020 2736.0
1232030 2735.5
1232040 2735.5
1232050 2734.9
1232060 2734.9
1232070 2734.9
1232080 2734.9
1232090 2733.8
1232100 2733.8
1232110 2731.1
1232120 2728.8
1232130 2728.8
1232140 2726.5
1232150 2724.4
1232160 2724.4
1232170 2723.5
1232180 2722.5
1232190 2720.6
1232200 2720.6
1232210 2719.4
1232220 2718.1
1232230 2718.1
1232240 2716.7
1232250 2715.4
1232260 2715.4
1232270 2714.0
1232280 2711.0
1232290 2711.0
1232300 2704.4
1232310 2697.7
1232320 2697.7
1232330 2691.6
1232340 2686.1
1232350 2682.9
1232360 2679.6
1232370 2677.9
1232380 2677.9
1232390 2676.4
1232400 2674.5
1232410 2672.8
1232420 2672.8
1232430 2672.4
1232440 2670.5
1232450 2670.5
1232460 2669.5
1232470 2669.8
1232480 2669.8
1232490 2670.0
1232500 2670.6
1232510 2670.6
1232520 2671.8
1232530 2673.4
1232540 2673.4
1232550 2674.9
1232560 2672.6
1232570 2672.6
1232580 2664.3
1232590 2652.4
1232600 2638.8
1232610 2638.8
1232620 2628.9
1232630 2621.7
1232640 2621.7
1232650 2614.3
1232660 2604.7
1232670 2604.7
1232680 2596.6
1232690 2590.5
1232700 2590.5
1232710 2583.5
1232720 2577.5
1232730 2577.5
1232740 2571.6
1232750 2566.0
1232760 2566.0
1232770 2559.9
1232780 2551.8
1232790 2551.8
1232800 2541.9
1232810 2538.2
1232820 2538.0
1232830 2538.0
1232840 2538.3
1232850 2539.0
1232860 2539.0
1232870 2540.0
1232880 2544.9
1232890 2544.9
1232900 2549.7
1232910 2546.7
1232920 2546.7
1232930 2539.5
1232940 2532.6
1232950 2532.6
1232960 2526.0
1232970 2518.7
1232980 2518.7
1232990 2512.3
1233000 2507.4
1233010 2507.4
1233020 2502.7
1233030 2497.3
1233040 2491.1
1233050 2491.1
1233060 2484.8
1233070 2480.5
1233080 2480.5
1233090 2476.5
1233100 2473.6
1233110 2473.6
1233120 2470.2
1233130 2467.0
1233140 2467.0
1233150 2463.6
1233160 2459.7
1233170 2459.7
1233180 2455.8
1233190 2451.3
1233200 2451.3
1233210 2446.7
1233220 2442.2
1233230 2437.7
1233240 2437.7
1233250 2432.8
1233260 2427.9
1233270 2427.9
1233280 2424.0
1233290 2420.7
1233300 2420.7
1233310 2417.9
1233320 2415.6
1233330 2415.6
1233340 2412.1
1233350 2409.1
1233360 2409.3
1233370 2406.6
1233380 2403.8
1233390 2403.8
1233400 2402.1
1233410 2400.4
1233420 2400.4
1233430 2398.4
1233440 2395.8
1233450 2394.3
1233460 2394.3
1233470 2394.5
1233480 2396.6
1233490 2396.6
1233500 2398.4
1233510 2400.5
1233520 2400.5
1233530 2403.2
1233540 2405.7
1233550 2405.7
1233560 2408.4
1233570 2411.3
1233580 2411.3
1233590 2413.7
1233600 2416.0
1233610 2416.0
1233620 2418.1
1233630 2420.4
1233640 2420.4
1233650 2421.6
1233660 2425.0
1233670 2430.7
1233680 2430.7
1233690 2436.4
1233700 2441.4
1233710 2441.4
1233720 2447.7
1233730 2454.7
1233740 2454.7
1233750 2467.4
1233760 2477.1
1233770 2477.1
1233780 2485.8
1233790 2496.6
1233800 2496.6
1233810 2505.0
1233820 2511.7
1233830 2511.7
1233840 2518.5
1233850 2525.4
1233860 2533.1
1233870 2533.1
1233880 2536.0
1233890 2539.2
1233900 2539.2
1233910 2543.1
1233920 2547.0
1233930 2547.0
1233940 2545.9
1233950 2539.3
1233960 2539.3
1233970 2535.8
1233980 2537.6
1233990 2537.6
1234000 2542.4
1234010 2548.6
1234020 2548.6
1234030 2554.0
1234040 2559.7
1234050 2559.7
1234060 2564.5
1234070 2569.5
1234080 2573.6
1234090 2573.6
1234100 2576.9
1234110 2579.8
1234120 2579.8
1234130 2583.4
1234140 2588.2
1234150 2588.2
1234160 2592.7
1234170 2597.5
1234180 2597.5
1234190 2602.7
1234200 2608.3
1234210 2608.3
1234220 2614.0
1234230 2620.0
1234240 2620.0
1234250 2626.3
1234260 2632.5
1234270 2632.5
1234280 2639.1
1234290 2646.0
1234300 2653.2
1234310 2653.2
1234320 2660.5
1234330 2668.2
1234340 2668.2
1234350 2676.2
1234360 2684.7
1234370 2686.1
1234380 2693.7
1234390 2699.4
1234400 2699.4
1234410 2703.4
1234420 2706.7
1234430 2706.7
1234440 2710.8
1234450 2715.8
1234460 2715.8
1234470 2722.0
1234480 2729.0
1234490 2735.2
1234500 2735.2
1234510 2745.1
1234520 2758.7
1234530 2758.7
1234540 2770.7
1234550 2783.0
1234560 2783.0
1234570 2788.3
1234580 2786.2
1234590 2786.2
1234600 2784.9
1234610 2783.8
1234620 2783.8
1234630 2782.9
1234640 2780.0
1234650 2780.0
1234660 2775.7
1234670 2770.6
1234680 2770.6
1234690 2765.0
1234700 2762.6
1234710 2760.8
1234720 2760.8
1234730 2759.2
1234740 2757.2
1234750 2757.2
1234760 2755.8
1234770 2755.5
1234780 2755.5
1234790 2754.3
1234800 2753.5
1234810 2753.5
1234820 2755.1
1234830 2756.2
1234840 2756.2
1234850 2756.3
1234860 2756.2
1234870 2751.8
1234880 2753.2
1234890 2754.4
1234900 2754.4
1234910 2755.0
1234920 2755.7
1234930 2755.8
1234940 2755.8
1234950 2757.6
1234960 2760.7
1234970 2760.7
1234980 2763.4
1234990 2766.1
1235000 2766.1
1235010 2769.0
1235020 2772.1
1235030 2772.1
1235040 2775.2
1235050 2778.4
1235060 2778.4
1235070 2782.2
1235080 2787.0
1235090 2787.0
1235100 2792.3
1235110 2797.8
1235120 2803.4
1235130 2803.4
1235140 2808.8
1235150 2814.5
1235160 2814.5
1235170 2820.2
1235180 2825.2
1235190 2825.2
1235200 2829.5
1235210 2835.6
1235220 2835.6
1235230 2846.6
1235240 2862.9
1235250 2862.9
1235260 2877.0
1235270 2887.2
1235280 2887.2
1235290 2896.3
1235300 2908.9
1235310 2908.9
1235320 2919.2
1235330 2925.3
1235340 2936.0
1235350 2936.0
1235360 2943.7
1235370 2953.0
1235380 2961.2
1235390 2969.2
1235400 2980.3
1235410 2980.3
1235420 3005.7
1235430 3016.8
1235440 3016.8
1235450 3023.7
1235460 3039.6
1235470 3039.6
1235480 3053.0
1235490 3046.6
1235500 3046.6
1235510 3038.3
1235520 3031.4
1235530 3031.4
1235540 3024.8
1235550 3018.1
1235560 3012.2
1235570 3012.2
1235580 3005.9
1235590 2999.1
1235600 2999.1
1235610 2992.4
1235620 2983.4
1235630 2983.4
1235640 2975.7
1235650 2968.7
1235660 2968.7
1235670 2962.3
1235680 2955.5
1235690 2955.5
1235700 2947.6
1235710 2940.3
1235720 2940.3
1235730 2934.6
1235740 2929.1
1235750 2923.1
1235760 2923.1
1235770 2917.5
1235780 2910.7
1235790 2910.7
1235800 2904.9
1235810 2898.0
1235820 2898.0
1235830 2891.6
1235840 2886.1
1235850 2886.1
1235860 2881.3
1235870 2876.2
1235880 2876.2
1235890 2874.4
1235900 2869.5
1235910 2869.5
1235920 2864.4
1235930 2858.5
1235940 2858.5
1235950 2852.6
1235960 2846.0
1235970 2838.7
1235980 2838.7
1235990 2831.7
1236000 2825.5
1236010 2825.5
1236020 2819.6
1236030 2813.3
1236040 2813.3
1236050 2807.9
1236060 2803.5
1236070 2803.5
1236080 2799.0
1236090 2794.0
1236100 2794.0
1236110 2788.9
1236120 2783.9
1236130 2783.9
1236140 2778.0
1236150 2772.6
1236160 2772.6
1236170 2770.8
1236180 2769.6
1236190 2767.5
1236200 2767.5
1236210 2765.1
1236220 2762.8
1236230 2762.8
1236240 2757.8
1236250 2754.3
1236260 2754.3
1236270 2751.9
1236280 2750.8
1236290 2750.8
1236300 2750.0
1236310 2749.4
1236320 2749.4
1236330 2748.9
1236340 2747.9
1236350 2747.9
1236360 2745.5
1236370 2741.6
1236380 2737.4
1236390 2737.4
1236400 2731.3
1236410 2726.3
1236420 2726.3
1236430 2724.8
1236440 2721.3
1236450 2721.3
1236460 2718.6
1236470 2717.4
1236480 2717.4
1236490 2715.0
1236500 2713.9
1236510 2713.9
1236520 2713.1
1236530 2711.5
1236540 2711.5
1236550 2708.8
1236560 2708.0
1236570 2708.0
1236580 2709.3
1236590 2708.7
1236600 2709.3
1236610 2709.3
1236620 2710.4
1236630 2710.8
1236640 2710.8
1236650 2711.2
1236660 2712.3
1236670 2712.3
1236680 2714.6
1236690 2714.3
1236700 2714.3
1236710 2709.0
1236720 2704.2
1236730 2704.2
1236740 2701.6
1236750 2697.3
1236760 2697.3
1236770 2693.1
1236780 2686.8
1236790 2686.8
1236800 2672.2
1236810 2662.2
1236820 2656.9
1236830 2656.9
1236840 2654.4
1236850 2650.8
1236860 2650.8
1236870 2649.6
1236880 2650.7
1236890 2650.7
1236900 2652.2
1236910 2647.2
1236920 2647.2
1236930 2646.5
1236940 2645.5
1236950 2645.5
1236960 2643.1
1236970 2641.1
1236980 2641.1
1236990 2638.4
1237000 2635.4
1237010 2632.7
1237020 2632.7
1237030 2629.5
1237040 2625.7
1237050 2625.7
1237060 2621.3
1237070 2614.7
1237080 2614.7
1237090 2607.5
1237100 2602.7
1237110 2602.7
1237120 2600.1
1237130 2598.7
1237140 2598.7
1237150 2597.5
1237160 2595.8
1237170 2595.8
1237180 2595.4
1237190 2596.4
1237200 2596.4
1237210 2596.3
1237220 2595.5
1237230 2594.3
1237240 2594.3
1237250 2592.5
1237260 2590.6
1237270 2590.6
1237280 2588.8
1237290 2586.7
1237300 2586.7
1237310 2584.0
1237320 2580.8
1237330 2580.8
1237340 2578.2
1237350 2576.6
1237360 2576.6
1237370 2575.6
1237380 2574.8
1237390 2574.8
1237400 2573.3
1237410 2570.1
1237420 2567.1
1237430 2564.8
1237440 2562.5
1237450 2559.8
1237460 2559.8
1237470 2558.4
1237480 2557.4
1237490 2557.4
1237500 2556.7
1237510 2555.1
1237520 2555.1
1237530 2556.2
1237540 2558.3
1237550 2558.3
1237560 2555.1
1237570 2548.1
1237580 2548.1
1237590 2543.6
1237600 2541.6
1237610 2541.6
1237620 2539.4
1237630 2537.3
1237640 2537.3
1237650 2535.1
1237660 2532.9
1237670 2532.1
1237680 2532.1
1237690 2529.6
1237700 2527.5
1237710 2527.5
1237720 2525.2
1237730 2520.5
1237740 2520.5
1237750 2517.3
1237760 2516.9
1237770 2516.9
1237780 2517.3
1237790 2518.2
1237800 2518.2
1237810 2518.6
1237820 2519.5
1237830 2519.5
1237840 2521.9
1237850 2523.1
1237860 2524.4
1237870 2524.4
1237880 2526.0
1237890 2527.6
1237900 2527.6
1237910 2529.3
1237920 2529.8
1237930 2526.7
1237940 2526.6
1237950 2526.7
1237960 2526.7
1237970 2526.6
1237980 2526.2
1237990 2526.2
1238000 2525.6
1238010 2525.7
1238020 2525.7
1238030 2526.3
1238040 2526.3
1238050 2526.3
1238060 2528.0
1238070 2530.3
1238080 2532.9
1238090 2532.9
1238100 2536.6
1238110 2540.7
1238120 2540.7
1238130 2543.1
1238140 2544.4
1238150 2544.4
1238160 2544.7
1238170 2545.8
1238180 2545.8
1238190 2547.3
1238200 2548.2
1238210 2548.2
1238220 2548.8
1238230 2550.5
1238240 2550.5
1238250 2549.8
1238260 2549.0
1238270 2549.0
1238280 2548.1
1238290 2549.9
1238300 2552.0
1238310 2552.0
1238320 2552.0
1238330 2551.2
1238340 2551.2
1238350 2550.9
1238360 2551.7
1238370 2551.7
1238380 2552.4
1238390 2552.8
1238400 2552.8
1238410 2552.4
1238420 2550.2
1238430 2550.2
1238440 2547.4
1238450 2540.2
1238460 2540.2
1238470 2538.8
1238480 2537.5
1238490 2537.9
1238500 2537.9
1238510 2539.8
1238520 2539.7
1238530 2539.7
1238540 2535.2
1238550 2529.6
1238560 2529.6
1238570 2525.1
1238580 2521.3
1238590 2521.3
1238600 2518.0
1238610 2514.0
1238620 2514.0
1238630 2510.5
1238640 2505.0
1238650 2505.0
1238660 2500.9
1238670 2497.9
1238680 2497.9
1238690 2495.3
1238700 2493.4
1238710 2491.8
1238720 2491.8
1238730 2489.4
1238740 2485.8
1238750 2485.8
1238760 2482.7
1238770 2481.9
1238780 2481.9
1238790 2481.9
1238800 2481.9
1238810 2481.9
1238820 2481.9
1238830 2481.9
1238840 2481.9
1238850 2481.9
1238860 2481.9
1238870 2481.9
1238880 2481.9
1238890 2481.9
1238900 2481.9
1238910 2481.9
1238920 2481.9
1238930 2482.0
1238940 2482.0
1238950 2483.7
1238960 2486.5
1238970 2486.5
1238980 2488.9
1238990 2488.7
1239000 2488.7
1239010 2487.6
1239020 2483.6
1239030 2483.6
1239040 2478.1
1239050 2471.0
1239060 2471.0
1239070 2463.7
1239080 2456.8
1239090 2456.8
1239100 2449.8
1239110 2443.4
1239120 2437.1
1239130 2437.1
1239140 2432.0
1239150 2428.9
1239160 2428.9
1239170 2426.9
1239180 2425.6
1239190 2425.6
1239200 2423.7
1239210 2421.3
1239220 2421.3
1239230 2418.8
1239240 2415.2
1239250 2415.2
1239260 2411.8
1239270 2410.2
1239280 2410.2
1239290 2407.9
1239300 2403.2
1239310 2403.2
1239320 2400.5
1239330 2402.2
1239340 2403.2
1239350 2403.2
1239360 2400.8
1239370 2395.7
1239380 2395.7
1239390 2388.6
1239400 2381.7
1239410 2381.7
1239420 2374.9
1239430 2368.7
1239440 2368.7
1239450 2362.6
1239460 2357.8
1239470 2357.8
1239480 2350.0
1239490 2345.8
1239500 2345.8
1239510 2343.1
1239520 2339.9
1239530 2339.9
1239540 2336.2
1239550 2331.2
1239560 2328.6
1239570 2328.6
1239580 2331.6
1239590 2330.5
1239600 2330.5
1239610 2326.0
1239620 2316.1
1239630 2316.1
1239640 2314.2
1239650 2312.2
1239660 2312.2
1239670 2304.2
1239680 2298.9
1239690 2298.9
1239700 2285.2
1239710 2278.7
1239720 2278.7
1239730 2274.0
1239740 2264.5
1239750 2259.2
1239760 2259.2
1239770 2253.3
1239780 2245.9
1239790 2245.9
1239800 2238.7
1239810 2233.9
1239820 2233.9
1239830 2233.1
1239840 2231.9
1239850 2231.9
1239860 2231.4
1239870 2231.2
1239880 2231.2
1239890 2229.8
1239900 2228.4
1239910 2228.4
1239920 2226.5
1239930 2224.1
1239940 2224.1
1239950 2217.4
1239960 2214.4
1239970 2215.5
1239980 2215.5
1239990 2216.4
