1220000 2258.8
1220010 2254.7
1220020 2254.7
1220030 2249.5
1220040 2244.5
1220050 2240.7
1220060 2240.7
1220070 2235.4
1220080 2230.0
1220090 2230.0
1220100 2226.9
1220110 2220.6
1220120 2220.6
1220130 2216.9
1220140 2214.3
1220150 2214.3
1220160 2212.2
1220170 2211.2
1220180 2211.2
1220190 2209.5
1220200 2207.2
1220210 2207.2
1220220 2204.7
1220230 2202.0
1220240 2202.0
1220250 2199.6
1220260 2196.7
1220270 2194.1
1220280 2194.1
1220290 2192.0
1220300 2190.9
1220310 2190.9
1220320 2188.7
1220330 2187.4
1220340 2187.4
1220350 2186.2
1220360 2184.9
1220370 2184.9
1220380 2182.9
1220390 2180.0
1220400 2180.0
1220410 2177.4
1220420 2175.1
1220430 2175.1
1220440 2172.7
1220450 2170.7
1220460 2168.7
1220470 2168.7
1220480 2167.8
1220490 2167.4
1220500 2167.4
1220510 2166.9
1220520 2166.8
1220530 2166.8
1220540 2167.0
1220550 2167.0
1220560 2167.0
1220570 2167.0
1220580 2166.2
1220590 2167.3
1220600 2165.9
1220610 2165.1
1220620 2165.1
1220630 2164.0
1220640 2164.0
1220650 2164.0
1220660 2166.9
1220670 2169.6
1220680 2171.0
1220690 2171.0
1220700 2170.9
1220710 2168.1
1220720 2168.1
1220730 2166.0
1220740 2165.2
1220750 2165.2
1220760 2163.5
1220770 2159.8
1220780 2159.8
1220790 2156.7
1220800 2155.0
1220810 2155.0
1220820 2155.6
1220830 2158.5
1220840 2158.5
1220850 2161.1
1220860 2160.2
1220870 2160.2
1220880 2157.0
1220890 2151.3
1220900 2147.4
1220910 2147.4
1220920 2135.7
1220930 2125.0
1220940 2125.0
1220950 2117.6
1220960 2113.1
1220970 2113.1
1220980 2108.3
1220990 2106.9
1221000 2106.9
1221010 2100.0
1221020 2090.7
1221030 2090.7
1221040 2079.8
1221050 2070.6
1221060 2070.6
1221070 2054.6
1221080 2045.7
1221090 2045.7
1221100 2038.2
1221110 2030.9
1221120 2025.8
1221130 2025.8
1221140 2019.2
1221150 2009.0
1221160 2009.0
1221170 2002.5
1221180 1997.2
1221190 1997.2
1221200 1987.9
1221210 1979.8
1221220 1979.8
1221230 1972.4
1221240 1967.5
1221250 1967.5
1221260 1963.1
1221270 1953.1
1221280 1953.1
1221290 1945.5
1221300 1940.8
1221310 1936.7
1221320 1936.7
1221330 1932.3
1221340 1925.0
1221350 1925.0
1221360 1912.2
1221370 1907.1
1221380 1907.1
1221390 1907.4
1221400 1904.1
1221410 1904.1
1221420 1893.4
1221430 1887.5
1221440 1887.5
1221450 1889.4
1221460 1887.2
1221470 1887.2
1221480 1884.8
1221490 1882.2
1221500 1882.2
1221510 1878.0
1221520 1873.6
1221530 1868.8
1221540 1868.8
1221550 1852.6
1221560 1845.5
1221570 1845.5
1221580 1839.2
1221590 1831.4
1221600 1831.4
1221610 1823.9
1221620 1817.2
1221630 1817.2
1221640 1809.2
1221650 1798.6
1221660 1798.6
1221670 1789.0
1221680 1782.4
1221690 1782.4
1221700 1773.9
1221710 1764.9
1221720 1764.9
1221730 1756.3
1221740 1747.4
1221750 1737.0
1221760 1737.0
1221770 1726.4
1221780 1717.1
1221790 1717.1
1221800 1708.5
1221810 1699.1
1221820 1699.1
1221830 1689.6
1221840 1681.3
1221850 1681.3
1221860 1670.1
1221870 1664.1
1221880 1664.1
1221890 1659.6
1221900 1651.9
1221910 1651.9
1221920 1643.6
1221930 1640.0
1221940 1633.3
1221950 1633.3
1221960 1631.5
1221970 1625.1
1221980 1625.1
1221990 1614.5
1222000 1606.0
1222010 1606.0
1222020 1598.5
1222030 1583.1
1222040 1583.1
1222050 1575.6
1222060 1569.9
1222070 1569.9
1222080 1564.4
1222090 1557.7
1222100 1557.7
1222110 1549.9
1222120 1543.0
1222130 1543.0
1222140 1536.7
1222150 1529.8
1222160 1523.6
1222170 1523.6
1222180 1517.8
1222190 1514.1
1222200 1514.1
1222210 1512.5
1222220 1512.9
1222230 1512.9
1222240 1514.7
1222250 1516.6
1222260 1516.6
1222270 1518.4
1222280 1522.2
1222290 1522.2
1222300 1529.6
1222310 1535.6
1222320 1535.6
1222330 1543.1
1222340 1551.2
1222350 1551.2
1222360 1560.0
1222370 1570.5
1222380 1583.2
1222390 1583.2
1222400 1595.2
1222410 1605.8
1222420 1605.8
1222430 1611.9
1222440 1616.5
1222450 1616.5
1222460 1620.4
1222470 1621.0
1222480 1621.0
1222490 1617.0
1222500 1613.1
1222510 1615.0
1222520 1612.6
1222530 1609.8
1222540 1609.8
1222550 1606.8
1222560 1604.7
1222570 1604.7
1222580 1601.5
1222590 1597.1
1222600 1593.3
1222610 1593.3
1222620 1589.9
1222630 1586.8
1222640 1586.8
1222650 1583.2
1222660 1579.2
1222670 1579.2
1222680 1575.1
1222690 1571.0
1222700 1571.0
1222710 1569.0
1222720 1567.5
1222730 1567.5
1222740 1565.3
1222750 1562.0
1222760 1562.0
1222770 1558.7
1222780 1555.9
1222790 1553.7
1222800 1553.7
1222810 1551.6
1222820 1550.0
1222830 1550.0
1222840 1547.8
1222850 1545.3
1222860 1545.3
1222870 1542.8
1222880 1539.1
1222890 1539.1
1222900 1535.6
1222910 1530.8
1222920 1530.8
1222930 1527.6
1222940 1525.4
1222950 1525.4
1222960 1523.3
1222970 1519.7
1222980 1519.7
1222990 1515.3
1223000 1513.1
1223010 1510.1
1223020 1510.1
1223030 1507.2
1223040 1503.7
1223050 1503.7
1223060 1500.8
1223070 1497.7
1223080 1497.7
1223090 1494.5
1223100 1491.1
1223110 1491.1
1223120 1488.2
1223130 1485.2
1223140 1485.2
1223150 1483.0
1223160 1481.2
1223170 1481.2
1223180 1479.4
1223190 1476.9
1223200 1476.9
1223210 1474.7
1223220 1472.5
1223230 1470.3
1223240 1470.3
1223250 1466.8
1223260 1464.5
1223270 1464.5
1223280 1462.6
1223290 1461.5
1223300 1461.5
1223310 1460.2
1223320 1457.6
1223330 1457.6
1223340 1453.9
1223350 1448.5
1223360 1448.5
1223370 1441.7
1223380 1433.7
1223390 1433.7
1223400 1426.3
1223410 1417.0
1223420 1408.1
1223430 1408.1
1223440 1396.6
1223450 1385.1
1223460 1385.1
1223470 1377.4
1223480 1361.7
1223490 1361.7
1223500 1350.4
1223510 1336.4
1223520 1336.4
1223530 1325.2
1223540 1315.3
1223550 1315.3
1223560 1305.6
1223570 1295.0
1223580 1295.0
1223590 1286.3
1223600 1280.2
1223610 1280.2
1223620 1275.3
1223630 1271.0
1223640 1266.2
1223650 1266.2
1223660 1260.9
1223670 1254.8
1223680 1254.8
1223690 1248.3
1223700 1243.8
1223710 1243.8
1223720 1240.9
1223730 1238.3
1223740 1238.3
1223750 1235.9
1223760 1233.9
1223770 1233.9
1223780 1231.9
1223790 1229.6
1223800 1229.6
1223810 1229.1
1223820 1228.9
1223830 1228.9
1223840 1229.1
1223850 1230.7
1223860 1231.1
1223870 1231.1
1223880 1231.0
1223890 1230.9
1223900 1230.9
1223910 1230.9
1223920 1230.8
1223930 1230.8
1223940 1230.8
1223950 1230.7
1223960 1230.7
1223970 1231.4
1223980 1232.0
1223990 1232.0
1224000 1231.5
1224010 1231.0
1224020 1231.0
1224030 1231.0
1224040 1231.5
1224050 1231.5
1224060 1231.7
1224070 1231.7
1224080 1231.4
1224090 1231.4
1224100 1231.0
1224110 1231.1
1224120 1231.1
1224130 1231.0
1224140 1231.6
1224150 1231.6
1224160 1234.8
1224170 1240.2
1224180 1240.2
1224190 1247.3
1224200 1254.7
1224210 1254.7
1224220 1262.2
1224230 1269.2
1224240 1269.2
1224250 1276.7
1224260 1284.9
1224270 1294.6
1224280 1294.6
1224290 1303.0
1224300 1311.8
1224310 1311.8
1224320 1322.9
1224330 1334.2
1224340 1334.2
1224350 1343.8
1224360 1349.4
1224370 1349.4
1224380 1354.4
1224390 1359.5
1224400 1359.5
1224410 1364.3
1224420 1368.8
1224430 1368.8
1224440 1373.1
1224450 1374.3
1224460 1374.3
1224470 1378.6
1224480 1382.3
1224490 1386.1
1224500 1386.1
1224510 1391.0
1224520 1396.0
1224530 1396.0
1224540 1401.3
1224550 1406.5
1224560 1406.5
1224570 1412.7
1224580 1419.2
1224590 1419.2
1224600 1426.5
1224610 1433.9
1224620 1433.9
1224630 1442.0
1224640 1452.3
1224650 1452.3
1224660 1461.6
1224670 1477.2
1224680 1477.2
1224690 1487.9
1224700 1495.7
1224710 1504.1
1224720 1504.1
1224730 1512.0
1224740 1528.3
1224750 1528.3
1224760 1545.1
1224770 1554.3
1224780 1554.3
1224790 1562.6
1224800 1573.1
1224810 1573.1
1224820 1584.3
1224830 1593.1
1224840 1593.1
1224850 1599.9
1224860 1606.1
1224870 1606.1
1224880 1612.5
1224890 1617.6
1224900 1619.5
1224910 1619.5
1224920 1621.2
1224930 1624.4
1224940 1619.9
1224950 1623.6
1224960 1627.5
1224970 1627.5
1224980 1629.2
1224990 1630.0
1225000 1630.0
1225010 1632.5
1225020 1635.9
1225030 1635.9
1225040 1639.8
1225050 1645.4
1225060 1645.4
1225070 1651.3
1225080 1656.7
1225090 1656.7
1225100 1661.5
1225110 1663.0
1225120 1660.5
1225130 1660.5
1225140 1659.4
1225150 1662.2
1225160 1662.2
1225170 1666.0
1225180 1664.5
1225190 1664.5
1225200 1654.5
1225210 1646.9
1225220 1646.9
1225230 1645.7
1225240 1655.3
1225250 1655.3
1225260 1659.1
1225270 1665.0
1225280 1665.0
1225290 1668.7
1225300 1670.7
1225310 1670.7
1225320 1673.8
1225330 1677.8
1225340 1676.2
1225350 1676.2
1225360 1671.0
1225370 1663.7
1225380 1663.7
1225390 1658.2
1225400 1663.4
1225410 1663.4
1225420 1658.8
1225430 1641.7
1225440 1641.7
1225450 1639.2
1225460 1638.9
1225470 1638.9
1225480 1639.2
1225490 1635.1
1225500 1635.1
1225510 1634.0
1225520 1642.7
1225530 1642.7
1225540 1654.1
1225550 1669.3
1225560 1685.2
1225570 1685.2
1225580 1693.5
1225590 1698.8
1225600 1698.8
1225610 1704.2
1225620 1707.4
1225630 1707.4
1225640 1711.8
1225650 1716.9
1225660 1716.9
1225670 1722.1
1225680 1727.2
1225690 1727.2
1225700 1734.1
1225710 1743.6
1225720 1743.6
1225730 1757.0
1225740 1768.9
1225750 1776.8
1225760 1776.8
1225770 1783.4
1225780 1790.9
1225790 1790.9
1225800 1797.6
1225810 1803.8
1225820 1803.8
1225830 1811.3
1225840 1818.4
1225850 1818.4
1225860 1825.9
1225870 1833.2
1225880 1833.2
1225890 1840.3
1225900 1848.0
1225910 1848.0
1225920 1855.0
1225930 1862.7
1225940 1862.7
1225950 1873.5
1225960 1886.0
1225970 1895.9
1225980 1895.9
1225990 1905.7
1226000 1912.3
1226010 1912.3
1226020 1920.1
1226030 1924.8
1226040 1924.8
1226050 1933.3
1226060 1943.1
1226070 1943.1
1226080 1950.1
1226090 1957.3
1226100 1957.3
1226110 1963.2
1226120 1969.1
1226130 1969.1
1226140 1975.7
1226150 1983.4
1226160 1983.4
1226170 1990.6
1226180 1998.6
1226190 2010.9
1226200 2010.9
1226210 2024.7
1226220 2042.2
1226230 2042.2
1226240 2053.3
1226250 2065.2
1226260 2065.2
1226270 2081.1
1226280 2093.1
1226290 2093.1
1226300 2100.6
1226310 2108.5
1226320 2108.5
1226330 2117.3
1226340 2124.7
1226350 2124.7
1226360 2134.4
1226370 2145.7
1226380 2157.6
1226390 2157.6
1226400 2166.2
1226410 2175.3
1226420 2175.3
1226430 2181.8
1226440 2189.4
1226450 2189.4
1226460 2196.9
1226470 2205.3
1226480 2205.3
1226490 2214.6
1226500 2222.8
1226510 2222.8
1226520 2231.1
1226530 2235.9
1226540 2235.9
1226550 2233.6
1226560 2236.5
1226570 2236.5
1226580 2245.2
1226590 2251.7
1226600 2253.8
1226610 2253.8
1226620 2256.6
1226630 2261.5
1226640 2261.5
1226650 2268.8
1226660 2275.8
1226670 2275.8
1226680 2280.3
1226690 2283.0
1226700 2283.0
1226710 2282.6
1226720 2280.6
1226730 2280.6
1226740 2278.9
1226750 2281.4
1226760 2281.4
1226770 2285.7
1226780 2288.3
1226790 2288.3
1226800 2288.4
1226810 2285.2
1226820 2281.4
1226830 2281.4
1226840 2281.6
1226850 2280.0
1226860 2280.0
1226870 2280.3
1226880 2284.6
1226890 2284.6
1226900 2296.1
1226910 2302.9
1226920 2302.9
1226930 2310.4
1226940 2317.6
1226950 2317.6
1226960 2323.2
1226970 2328.7
1226980 2328.7
1226990 2333.9
1227000 2336.4
1227010 2342.2
1227020 2342.2
1227030 2348.6
1227040 2355.3
1227050 2355.3
1227060 2360.2
1227070 2365.0
1227080 2365.0
1227090 2372.9
1227100 2382.2
1227110 2382.2
1227120 2381.1
1227130 2379.2
1227140 2379.2
1227150 2383.8
1227160 2389.7
1227170 2389.7
1227180 2397.6
1227190 2405.2
1227200 2405.2
1227210 2412.3
1227220 2419.0
1227230 2425.5
1227240 2425.5
1227250 2433.5
1227260 2440.5
1227270 2440.5
1227280 2448.3
1227290 2456.6
1227300 2456.6
1227310 2464.2
1227320 2471.6
1227330 2471.6
1227340 2479.0
1227350 2486.3
1227360 2486.3
1227370 2493.6
1227380 2500.9
1227390 2502.6
1227400 2509.8
1227410 2517.1
1227420 2517.1
1227430 2524.3
1227440 2531.3
1227450 2538.9
1227460 2538.9
1227470 2546.5
1227480 2553.8
1227490 2553.8
1227500 2561.0
1227510 2568.3
1227520 2568.3
1227530 2575.1
1227540 2581.3
1227550 2581.3
1227560 2586.8
1227570 2590.5
1227580 2590.5
1227590 2595.6
1227600 2605.1
1227610 2605.1
1227620 2615.5
1227630 2625.0
1227640 2625.0
1227650 2635.8
1227660 2643.5
1227670 2652.4
1227680 2652.4
1227690 2661.0
1227700 2667.9
1227710 2667.9
1227720 2680.0
1227730 2691.8
1227740 2691.8
1227750 2703.1
1227760 2712.1
1227770 2712.1
1227780 2721.0
1227790 2731.7
1227800 2731.7
1227810 2742.5
1227820 2760.5
1227830 2760.5
1227840 2777.0
1227850 2787.5
1227860 2793.9
1227870 2793.9
1227880 2812.4
1227890 2825.6
1227900 2825.6
1227910 2832.5
1227920 2831.0
1227930 2831.0
1227940 2830.7
1227950 2837.2
1227960 2837.2
1227970 2846.8
1227980 2854.5
1227990 2854.5
1228000 2859.7
1228010 2868.5
1228020 2868.5
1228030 2877.2
1228040 2886.1
1228050 2886.1
1228060 2895.1
1228070 2907.9
1228080 2922.7
1228090 2922.7
1228100 2937.0
1228110 2951.7
1228120 2951.7
1228130 2963.2
1228140 2973.4
1228150 2973.4
1228160 2980.9
1228170 2984.8
1228180 2984.8
1228190 2988.1
1228200 2985.5
1228210 2985.5
1228220 2985.6
1228230 2987.7
1228240 2987.7
1228250 2997.0
1228260 3007.2
1228270 3007.2
1228280 3014.4
1228290 3021.4
1228300 3020.1
1228310 3020.1
1228320 3018.3
1228330 3016.4
1228340 3016.4
1228350 3014.1
1228360 3009.2
1228370 3009.2
1228380 2997.5
1228390 2993.8
1228400 2993.8
1228410 2983.8
1228420 2976.8
1228430 2976.8
1228440 2977.1
1228450 2987.2
1228460 2987.2
1228470 2995.3
1228480 2993.7
1228490 2993.4
1228500 2993.4
1228510 2993.1
1228520 2983.8
1228530 2983.8
1228540 2978.2
1228550 2973.2
1228560 2973.2
1228570 2965.9
1228580 2957.1
1228590 2957.1
1228600 2952.6
1228610 2954.2
1228620 2954.2
1228630 2957.4
1228640 2963.6
1228650 2963.6
1228660 2971.9
1228670 2975.9
1228680 2975.9
1228690 2975.7
1228700 2978.6
1228710 2975.1
1228720 2975.1
1228730 2971.2
1228740 2971.4
1228750 2971.4
1228760 2972.0
1228770 2977.1
1228780 2977.1
1228790 2974.0
1228800 2972.6
1228810 2972.6
1228820 2975.7
1228830 2975.7
1228840 2975.7
1228850 2976.1
1228860 2974.4
1228870 2962.8
1228880 2959.6
1228890 2960.2
1228900 2960.2
1228910 2962.8
1228920 2966.8
1228930 2970.7
1228940 2970.7
1228950 2972.0
1228960 2969.4
1228970 2969.4
1228980 2968.8
1228990 2969.4
1229000 2969.4
1229010 2969.6
1229020 2969.8
1229030 2969.8
1229040 2973.1
1229050 2970.6
1229060 2970.6
1229070 2968.4
1229080 2967.5
1229090 2967.5
1229100 2969.9
1229110 2972.2
1229120 2972.2
1229130 2973.2
1229140 2971.9
1229150 2968.5
1229160 2968.5
1229170 2963.6
1229180 2962.6
1229190 2962.6
1229200 2962.7
1229210 2963.2
1229220 2963.2
1229230 2966.1
1229240 2966.4
1229250 2966.4
1229260 2967.0
1229270 2972.9
1229280 2972.9
1229290 2977.7
1229300 2980.3
1229310 2980.3
1229320 2982.3
1229330 2985.5
1229340 2989.6
1229350 2989.6
1229360 2998.8
1229370 3005.6
1229380 3005.6
1229390 3015.3
1229400 3017.4
1229410 3017.4
1229420 3018.1
1229430 3018.1
1229440 3018.1
1229450 3017.3
1229460 3018.9
1229470 3018.9
1229480 3020.7
1229490 3017.2
1229500 3017.2
1229510 3011.6
1229520 3008.6
1229530 3008.6
1229540 3005.4
1229550 3004.4
1229560 3008.0
1229570 3008.0
1229580 3008.9
1229590 3006.9
1229600 3006.9
1229610 3002.1
1229620 2992.7
1229630 2992.7
1229640 2984.3
1229650 2978.2
1229660 2978.2
1229670 2974.2
1229680 2969.7
1229690 2969.7
1229700 2957.8
1229710 2944.9
1229720 2944.9
1229730 2936.1
1229740 2927.2
1229750 2927.2
1229760 2918.2
1229770 2909.2
1229780 2902.9
1229790 2902.9
1229800 2902.0
1229810 2905.5
1229820 2905.5
1229830 2907.9
1229840 2903.9
1229850 2903.9
1229860 2905.7
1229870 2895.5
1229880 2895.5
1229890 2885.0
1229900 2875.4
1229910 2875.4
1229920 2866.2
1229930 2856.6
1229940 2856.6
1229950 2847.7
1229960 2837.0
1229970 2826.0
1229980 2826.0
1229990 2816.2
1230000 2808.4
1230010 2808.4
1230020 2800.9
1230030 2793.7
1230040 2793.7
1230050 2786.8
1230060 2781.1
1230070 2781.1
1230080 2778.7
1230090 2778.6
1230100 2778.6
1230110 2778.5
1230120 2779.4
1230130 2779.4
1230140 2779.5
1230150 2779.0
1230160 2779.0
1230170 2779.1
1230180 2780.3
1230190 2781.3
1230200 2781.3
1230210 2781.3
1230220 2781.0
1230230 2781.0
1230240 2779.6
1230250 2780.5
1230260 2780.5
1230270 2782.5
1230280 2788.2
1230290 2788.2
1230300 2794.9
1230310 2799.1
1230320 2799.1
1230330 2803.1
1230340 2808.1
1230350 2808.1
1230360 2812.0
1230370 2818.5
1230380 2818.5
1230390 2826.9
1230400 2835.7
1230410 2843.0
1230420 2843.0
1230430 2848.7
1230440 2850.2
1230450 2850.2
1230460 2849.6
1230470 2849.4
1230480 2849.4
1230490 2849.2
1230500 2851.3
1230510 2851.3
1230520 2853.3
1230530 2859.9
1230540 2859.9
1230550 2867.8
1230560 2873.3
1230570 2873.3
1230580 2872.2
1230590 2866.2
1230600 2859.4
1230610 2859.4
1230620 2853.4
1230630 2848.3
1230640 2848.3
1230650 2840.2
1230660 2831.0
1230670 2831.0
1230680 2823.2
1230690 2816.7
1230700 2816.7
1230710 2809.4
1230720 2801.9
1230730 2801.9
1230740 2794.1
1230750 2787.9
1230760 2787.9
1230770 2781.2
1230780 2775.4
1230790 2775.4
1230800 2770.7
1230810 2765.3
1230820 2757.0
1230830 2757.0
1230840 2749.2
1230850 2746.4
1230860 2749.0
1230870 2746.6
1230880 2743.9
1230890 2743.9
1230900 2741.9
1230910 2740.8
1230920 2740.8
1230930 2740.1
1230940 2739.5
1230950 2739.5
1230960 2739.1
1230970 2741.5
1230980 2741.5
1230990 2744.2
1231000 2746.2
1231010 2746.2
1231020 2747.2
1231030 2748.5
1231040 2749.5
1231050 2749.5
1231060 2749.2
1231070 2748.6
1231080 2748.6
1231090 2748.3
1231100 2748.6
1231110 2748.6
1231120 2749.8
1231130 2751.0
1231140 2751.0
1231150 2753.3
1231160 2756.0
1231170 2756.0
1231180 2755.6
1231190 2755.8
1231200 2755.8
1231210 2757.4
1231220 2759.2
1231230 2759.2
1231240 2757.3
1231250 2757.1
1231260 2756.5
1231270 2756.5
1231280 2756.6
1231290 2758.6
1231300 2758.6
1231310 2761.2
1231320 2763.1
1231330 2763.1
1231340 2764.2
1231350 2764.6
1231360 2768.4
1231370 2768.0
1231380 2768.5
1231390 2768.5
1231400 2770.1
1231410 2770.7
1231420 2770.7
1231430 2771.7
1231440 2774.0
1231450 2777.6
1231460 2777.6
1231470 2782.6
1231480 2787.2
1231490 2787.2
1231500 2789.9
1231510 2793.1
1231520 2793.1
1231530 2797.3
1231540 2802.6
1231550 2802.6
1231560 2808.9
1231570 2815.4
1231580 2815.4
1231590 2822.1
1231600 2829.7
1231610 2829.7
1231620 2837.6
1231630 2846.8
1231640 2846.8
1231650 2858.2
1231660 2871.7
1231670 2885.5
1231680 2885.5
1231690 2897.7
1231700 2908.1
1231710 2908.1
1231720 2917.8
1231730 2925.1
1231740 2925.1
1231750 2927.6
1231760 2927.9
1231770 2927.9
1231780 2928.0
1231790 2928.2
1231800 2928.2
1231810 2928.3
1231820 2927.4
1231830 2927.4
1231840 2925.2
1231850 2922.9
1231860 2927.7
1231870 2924.4
1231880 2921.9
1231890 2920.7
1231900 2920.7
1231910 2919.3
1231920 2916.5
1231930 2916.5
1231940 2914.0
1231950 2912.6
1231960 2912.6
1231970 2910.2
1231980 2905.3
1231990 2905.3
1232000 2900.5
1232010 2895.0
1232020 2895.0
1232030 2888.5
1232040 2881.0
1232050 2881.0
1232060 2873.9
1232070 2869.6
1232080 2867.0
1232090 2867.0
1232100 2865.6
1232110 2866.0
1232120 2866.0
1232130 2869.0
1232140 2875.5
1232150 2875.5
1232160 2882.0
1232170 2887.0
1232180 2887.0
1232190 2892.2
1232200 2891.0
1232210 2891.0
1232220 2884.8
1232230 2880.4
1232240 2880.4
1232250 2875.5
1232260 2871.6
1232270 2871.6
1232280 2867.4
1232290 2860.1
1232300 2851.3
1232310 2851.3
1232320 2841.7
1232330 2832.3
1232340 2832.3
1232350 2823.0
1232360 2814.6
1232370 2814.6
1232380 2804.5
1232390 2795.9
1232400 2795.9
1232410 2787.8
1232420 2779.6
1232430 2779.6
1232440 2774.9
1232450 2773.2
1232460 2773.2
1232470 2772.4
1232480 2760.5
1232490 2760.5
1232500 2741.6
1232510 2729.9
1232520 2721.3
1232530 2721.3
1232540 2712.9
1232550 2705.7
1232560 2705.7
1232570 2696.6
1232580 2688.8
1232590 2688.8
1232600 2676.8
1232610 2664.7
1232620 2664.7
1232630 2656.9
1232640 2651.4
1232650 2651.4
1232660 2645.7
1232670 2640.3
1232680 2640.3
1232690 2634.7
1232700 2628.9
1232710 2622.9
1232720 2622.9
1232730 2616.9
1232740 2610.9
1232750 2610.9
1232760 2604.8
1232770 2598.7
1232780 2598.7
1232790 2592.7
1232800 2586.9
1232810 2586.9
1232820 2581.3
1232830 2575.4
1232840 2575.4
1232850 2569.4
1232860 2563.8
1232870 2564.1
1232880 2561.0
1232890 2558.1
1232900 2558.1
1232910 2553.9
1232920 2548.1
1232930 2541.5
1232940 2541.5
1232950 2534.9
1232960 2529.6
1232970 2529.6
1232980 2526.0
1232990 2523.0
1233000 2523.0
1233010 2520.0
1233020 2516.4
1233030 2516.4
1233040 2513.7
1233050 2511.4
1233060 2511.4
1233070 2509.8
1233080 2509.0
1233090 2509.0
1233100 2508.8
1233110 2508.4
1233120 2508.4
1233130 2507.9
1233140 2507.1
1233150 2507.0
1233160 2507.0
1233170 2507.0
1233180 2506.7
1233190 2506.7
1233200 2506.3
1233210 2505.2
1233220 2505.2
1233230 2503.9
1233240 2503.0
1233250 2503.0
1233260 2501.5
1233270 2498.7
1233280 2498.7
1233290 2498.6
1233300 2498.0
1233310 2498.0
1233320 2495.4
1233330 2490.8
1233340 2490.8
1233350 2485.3
1233360 2479.9
1233370 2469.9
1233380 2469.9
1233390 2464.1
1233400 2457.3
1233410 2457.3
1233420 2450.4
1233430 2441.2
1233440 2441.2
1233450 2431.3
1233460 2422.6
1233470 2422.6
1233480 2415.5
1233490 2409.8
1233500 2409.8
1233510 2404.5
1233520 2399.1
1233530 2399.1
1233540 2393.0
1233550 2387.6
1233560 2381.9
1233570 2381.9
1233580 2376.0
1233590 2370.8
1233600 2370.8
1233610 2365.4
1233620 2360.9
1233630 2360.9
1233640 2356.8
1233650 2353.4
1233660 2353.4
1233670 2350.4
1233680 2347.9
1233690 2347.9
1233700 2346.1
1233710 2344.9
1233720 2344.9
1233730 2344.1
1233740 2343.9
1233750 2343.9
1233760 2343.6
1233770 2343.7
1233780 2344.8
1233790 2344.8
1233800 2345.3
1233810 2345.1
1233820 2345.1
1233830 2346.2
1233840 2348.9
1233850 2348.9
1233860 2349.9
1233870 2352.3
1233880 2352.3
1233890 2354.2
1233900 2357.4
1233910 2357.4
1233920 2360.9
1233930 2365.6
1233940 2365.6
1233950 2370.2
1233960 2376.8
1233970 2376.8
1233980 2386.4
1233990 2401.5
1234000 2416.1
1234010 2416.1
1234020 2428.2
1234030 2437.8
1234040 2437.8
1234050 2445.8
1234060 2453.5
1234070 2453.5
1234080 2464.4
1234090 2484.0
1234100 2484.0
1234110 2496.4
1234120 2503.0
1234130 2503.0
1234140 2508.9
1234150 2511.1
1234160 2511.1
1234170 2510.6
1234180 2511.7
1234190 2523.3
1234200 2523.3
1234210 2539.3
1234220 2552.8
1234230 2552.8
1234240 2564.5
1234250 2581.3
1234260 2581.3
1234270 2602.5
1234280 2617.2
1234290 2617.2
1234300 2631.3
1234310 2646.5
1234320 2646.5
1234330 2659.8
1234340 2677.2
1234350 2677.2
1234360 2693.0
1234370 2706.2
1234380 2702.4
1234390 2711.7
1234400 2721.2
1234410 2732.3
1234420 2732.3
1234430 2744.1
1234440 2755.2
1234450 2755.2
1234460 2766.5
1234470 2778.4
1234480 2778.4
1234490 2788.9
1234500 2798.6
1234510 2798.6
1234520 2806.7
1234530 2815.7
1234540 2815.7
1234550 2824.5
1234560 2833.3
1234570 2833.3
1234580 2842.0
1234590 2852.3
1234600 2852.3
1234610 2865.6
1234620 2879.9
1234630 2894.5
1234640 2894.5
1234650 2901.6
1234660 2902.8
1234670 2902.8
1234680 2902.7
1234690 2911.1
1234700 2911.1
1234710 2919.3
1234720 2926.4
1234730 2926.4
1234740 2933.2
1234750 2940.8
1234760 2940.8
1234770 2947.4
1234780 2953.8
1234790 2953.8
1234800 2960.0
1234810 2965.2
1234820 2968.8
1234830 2968.8
1234840 2972.7
1234850 2978.1
1234860 2978.1
1234870 2984.2
1234880 2988.1
1234890 2975.7
1234900 2978.5
1234910 2982.4
1234920 2982.4
1234930 2988.3
1234940 2996.2
1234950 2996.2
1234960 3002.1
1234970 3009.1
1234980 3009.1
1234990 3015.8
1235000 3023.7
1235010 3023.7
1235020 3030.0
1235030 3035.8
1235040 3042.7
1235050 3042.7
1235060 3050.4
1235070 3057.9
1235080 3057.9
1235090 3061.3
1235100 3062.0
1235110 3062.0
1235120 3062.1
1235130 3062.1
1235140 3062.1
1235150 3061.9
1235160 3062.4
1235170 3062.4
1235180 3061.8
1235190 3053.3
1235200 3053.3
1235210 3038.8
1235220 3031.9
1235230 3031.9
1235240 3027.1
1235250 3021.4
1235260 3015.7
1235270 3015.7
1235280 3010.1
1235290 3005.0
1235300 3005.0
1235310 3000.3
1235320 2996.2
1235330 2996.2
1235340 2992.4
1235350 2988.9
1235360 2988.9
1235370 2985.7
1235380 2982.9
1235390 2986.4
1235400 2983.7
1235410 2981.2
1235420 2981.2
1235430 2978.9
1235440 2976.9
1235450 2976.9
1235460 2975.2
1235470 2973.6
1235480 2972.2
1235490 2972.2
1235500 2971.0
1235510 2970.2
1235520 2970.2
1235530 2969.5
1235540 2969.0
1235550 2969.0
1235560 2968.6
1235570 2968.4
1235580 2968.4
1235590 2968.3
1235600 2968.3
1235610 2968.3
1235620 2968.4
1235630 2968.6
1235640 2968.6
1235650 2969.0
1235660 2969.5
1235670 2970.1
1235680 2970.1
1235690 2970.9
1235700 2971.6
1235710 2971.6
1235720 2972.5
1235730 2973.4
1235740 2973.4
1235750 2974.5
1235760 2975.5
1235770 2975.5
1235780 2976.4
1235790 2977.3
1235800 2977.3
1235810 2978.2
1235820 2979.2
1235830 2979.2
1235840 2980.2
1235850 2981.2
1235860 2981.2
1235870 2982.3
1235880 2983.6
1235890 2985.0
1235900 2986.7
1235910 2988.2
1235920 2989.8
1235930 2989.8
1235940 2991.8
1235950 2994.1
1235960 2994.1
1235970 2996.9
1235980 3000.2
1235990 3000.2
1236000 3004.4
1236010 3009.1
1236020 3009.1
1236030 3015.2
1236040 3021.1
1236050 3021.1
1236060 3029.1
1236070 3041.4
1236080 3041.4
1236090 3055.5
1236100 3070.3
1236110 3082.1
1236120 3082.1
1236130 3092.3
1236140 3098.3
1236150 3098.3
1236160 3102.0
1236170 3105.0
1236180 3105.0
1236190 3108.7
1236200 3111.1
1236210 3111.1
1236220 3113.3
1236230 3116.6
1236240 3116.6
1236250 3116.9
1236260 3115.5
1236270 3115.5
1236280 3112.1
1236290 3106.4
1236300 3099.3
1236310 3099.3
1236320 3094.1
1236330 3090.8
1236340 3090.8
1236350 3084.6
1236360 3079.0
1236370 3079.0
1236380 3074.1
1236390 3067.9
1236400 3067.9
1236410 3053.5
1236420 3047.8
1236430 3047.8
1236440 3042.3
1236450 3036.8
1236460 3036.8
1236470 3032.8
1236480 3029.4
1236490 3029.4
1236500 3026.5
1236510 3021.7
1236520 3015.3
1236530 3015.3
1236540 3009.9
1236550 3007.1
1236560 3007.1
1236570 3006.9
1236580 3007.1
1236590 3007.1
1236600 3005.1
1236610 3001.7
1236620 3001.7
1236630 2998.4
1236640 2994.5
1236650 2994.5
1236660 2990.8
1236670 2986.6
1236680 2986.6
1236690 2985.6
1236700 2987.1
1236710 2987.1
1236720 2985.9
1236730 2983.9
1236740 2983.8
1236750 2983.8
1236760 2986.3
1236770 2991.5
1236780 2991.5
1236790 2992.1
1236800 2993.0
1236810 2993.0
1236820 2989.5
1236830 2984.0
1236840 2984.0
1236850 2980.0
1236860 2979.5
1236870 2979.5
1236880 2981.1
1236890 2979.7
1236900 2979.7
1236910 2980.1
1236920 2970.6
1236930 2970.4
1236940 2970.4
1236950 2972.9
1236960 2976.2
1236970 2976.2
1236980 2974.8
1236990 2972.1
1237000 2972.1
1237010 2967.8
1237020 2964.4
1237030 2964.4
1237040 2964.2
1237050 2967.2
1237060 2967.2
1237070 2968.0
1237080 2968.6
1237090 2968.6
1237100 2972.0
1237110 2976.9
1237120 2976.9
1237130 2984.0
1237140 2991.9
1237150 2998.6
1237160 2998.6
1237170 3002.9
1237180 3008.7
1237190 3008.7
1237200 3000.5
1237210 2987.2
1237220 2987.2
1237230 2979.5
1237240 2971.3
1237250 2971.3
1237260 2964.5
1237270 2958.0
1237280 2958.0
1237290 2951.9
1237300 2946.2
1237310 2946.2
1237320 2940.6
1237330 2935.3
1237340 2935.3
1237350 2930.4
1237360 2925.2
1237370 2920.0
1237380 2920.0
1237390 2914.4
1237400 2908.7
1237410 2908.7
1237420 2903.7
1237430 2899.4
1237440 2899.3
1237450 2894.3
1237460 2889.8
1237470 2889.8
1237480 2885.5
1237490 2881.0
1237500 2881.0
1237510 2876.3
1237520 2872.1
1237530 2872.1
1237540 2868.8
1237550 2864.2
1237560 2864.2
1237570 2860.5
1237580 2857.2
1237590 2853.8
1237600 2853.8
1237610 2850.1
1237620 2845.9
1237630 2845.9
1237640 2840.9
1237650 2836.8
1237660 2836.8
1237670 2832.3
1237680 2827.5
1237690 2827.5
1237700 2823.2
1237710 2821.3
1237720 2821.3
1237730 2817.2
1237740 2811.1
1237750 2811.1
1237760 2806.1
1237770 2803.0
1237780 2798.8
1237790 2798.8
1237800 2793.8
1237810 2789.4
1237820 2789.4
1237830 2784.3
1237840 2780.6
1237850 2780.6
1237860 2778.1
1237870 2771.5
1237880 2771.5
1237890 2765.2
1237900 2762.4
1237910 2762.4
1237920 2759.6
1237930 2759.1
1237940 2759.1
1237950 2753.2
1237960 2751.3
1237970 2751.3
1237980 2748.1
1237990 2745.1
1238000 2742.9
1238010 2742.9
1238020 2739.1
1238030 2733.5
1238040 2733.5
1238050 2725.7
1238060 2718.5
1238070 2718.5
1238080 2713.4
1238090 2707.9
1238100 2707.9
1238110 2703.8
1238120 2701.5
1238130 2701.5
1238140 2699.5
1238150 2698.0
1238160 2698.0
1238170 2697.3
1238180 2697.3
1238190 2697.3
1238200 2696.9
1238210 2696.1
1238220 2694.5
1238230 2694.5
1238240 2692.4
1238250 2689.8
1238260 2689.8
1238270 2686.7
1238280 2683.4
1238290 2683.4
1238300 2680.4
1238310 2676.9
1238320 2676.9
1238330 2673.5
1238340 2670.5
1238350 2670.5
1238360 2667.5
1238370 2664.9
1238380 2664.9
1238390 2662.4
1238400 2660.4
1238410 2658.0
1238420 2658.0
1238430 2652.8
1238440 2646.1
1238450 2646.1
1238460 2637.8
1238470 2630.8
1238480 2630.8
1238490 2625.3
1238500 2622.7
1238510 2622.7
1238520 2621.9
1238530 2622.6
1238540 2622.6
1238550 2622.1
1238560 2621.1
1238570 2621.1
1238580 2620.3
1238590 2619.4
1238600 2619.4
1238610 2617.6
1238620 2613.8
1238630 2610.0
1238640 2610.0
1238650 2606.8
1238660 2602.5
1238670 2602.5
1238680 2597.3
1238690 2592.0
1238700 2592.0
1238710 2587.2
1238720 2582.1
1238730 2582.1
1238740 2577.1
1238750 2572.5
1238760 2572.5
1238770 2568.3
1238780 2561.4
1238790 2561.4
1238800 2547.7
1238810 2525.7
1238820 2525.7
1238830 2510.8
1238840 2501.8
1238850 2492.0
1238860 2492.0
1238870 2478.2
1238880 2469.1
1238890 2469.1
1238900 2462.4
1238910 2457.1
1238920 2457.1
1238930 2453.0
1238940 2450.3
1238950 2450.3
1238960 2448.3
1238970 2446.5
1238980 2442.2
1238990 2441.2
1239000 2439.7
1239010 2439.7
1239020 2437.7
1239030 2435.4
1239040 2433.9
1239050 2433.9
1239060 2432.8
1239070 2431.6
1239080 2431.6
1239090 2431.1
1239100 2430.5
1239110 2430.5
1239120 2430.4
1239130 2430.9
1239140 2430.9
1239150 2432.0
1239160 2433.8
1239170 2433.8
1239180 2436.4
1239190 2440.8
1239200 2440.8
1239210 2443.7
1239220 2445.7
1239230 2445.7
1239240 2448.1
1239250 2450.9
1239260 2453.7
1239270 2453.7
1239280 2456.0
1239290 2457.9
1239300 2457.9
1239310 2460.0
1239320 2462.4
1239330 2462.4
1239340 2466.3
1239350 2471.8
1239360 2471.8
1239370 2478.0
1239380 2487.9
1239390 2487.9
1239400 2499.3
1239410 2505.5
1239420 2505.5
1239430 2510.8
1239440 2513.5
1239450 2513.5
1239460 2516.0
1239470 2516.6
1239480 2517.1
1239490 2517.1
1239500 2510.3
1239510 2511.6
1239520 2511.6
1239530 2514.9
1239540 2518.6
1239550 2518.6
1239560 2520.9
1239570 2523.8
1239580 2523.8
1239590 2525.5
1239600 2526.2
1239610 2526.2
1239620 2525.3
1239630 2523.8
1239640 2523.8
1239650 2517.8
1239660 2506.8
1239670 2506.8
1239680 2501.3
1239690 2497.5
1239700 2493.9
1239710 2493.9
1239720 2487.4
1239730 2479.5
1239740 2479.5
1239750 2472.5
1239760 2466.8
1239770 2466.8
1239780 2462.1
1239790 2457.7
1239800 2457.7
1239810 2453.8
1239820 2449.9
1239830 2449.9
1239840 2446.8
1239850 2444.1
1239860 2444.1
1239870 2441.8
1239880 2439.9
1239890 2438.4
1239900 2438.4
1239910 2435.6
1239920 2433.7
1239930 2433.7
1239940 2432.0
1239950 2429.6
1239960 2429.6
1239970 2427.8
1239980 2426.2
1239990 2426.2
