1220000 2243.9
1220010 2240.1
1220020 2237.8
1220030 2236.4
1220040 2236.4
1220050 2234.0
1220060 2231.8
1220070 2231.8
1220080 2231.0
1220090 2229.2
1220100 2229.2
1220110 2226.3
1220120 2224.5
1220130 2224.5
1220140 2223.0
1220150 2220.2
1220160 2220.2
1220170 2218.4
1220180 2216.0
1220190 2216.0
1220200 2214.0
1220210 2213.6
1220220 2213.6
1220230 2213.4
1220240 2213.3
1220250 2212.9
1220260 2212.9
1220270 2210.2
1220280 2206.4
1220290 2206.4
1220300 2202.3
1220310 2197.6
1220320 2197.6
1220330 2193.1
1220340 2190.0
1220350 2190.0
1220360 2187.6
1220370 2185.7
1220380 2185.7
1220390 2185.9
1220400 2184.7
1220410 2184.7
1220420 2184.4
1220430 2184.4
1220440 2184.3
1220450 2184.3
1220460 2182.9
1220470 2180.0
1220480 2180.0
1220490 2177.0
1220500 2175.8
1220510 2175.8
1220520 2175.1
1220530 2175.2
1220540 2175.2
1220550 2175.3
1220560 2174.4
1220570 2174.4
1220580 2176.2
1220590 2177.8
1220600 2177.8
1220610 2178.4
1220620 2179.6
1220630 2179.6
1220640 2181.6
1220650 2184.1
1220660 2185.5
1220670 2185.5
1220680 2183.1
1220690 2179.2
1220700 2179.2
1220710 2175.4
1220720 2171.8
1220730 2171.8
1220740 2167.7
1220750 2157.4
1220760 2157.4
1220770 2142.7
1220780 2138.6
1220790 2138.6
1220800 2137.2
1220810 2136.2
1220820 2136.2
1220830 2134.9
1220840 2133.2
1220850 2133.2
1220860 2129.2
1220870 2110.9
1220880 2085.6
1220890 2085.6
1220900 2067.0
1220910 2055.4
1220920 2055.4
1220930 2051.6
1220940 2049.6
1220950 2049.6
1220960 2047.6
1220970 2046.6
1220980 2046.6
1220990 2047.1
1221000 2052.8
1221010 2052.8
1221020 2057.4
1221030 2055.0
1221040 2055.0
1221050 2047.1
1221060 2034.6
1221070 2023.4
1221080 2023.4
1221090 2013.9
1221100 2005.9
1221110 2005.9
1221120 1997.5
1221130 1989.7
1221140 1989.7
1221150 1982.1
1221160 1974.5
1221170 1974.5
1221180 1967.4
1221190 1960.7
1221200 1960.7
1221210 1953.3
1221220 1944.5
1221230 1944.5
1221240 1935.7
1221250 1926.6
1221260 1926.6
1221270 1918.2
1221280 1909.4
1221290 1900.1
1221300 1900.1
1221310 1894.6
1221320 1888.7
1221330 1888.7
1221340 1880.2
1221350 1868.1
1221360 1868.1
1221370 1862.2
1221380 1854.4
1221390 1854.4
1221400 1844.1
1221410 1837.1
1221420 1837.1
1221430 1830.2
1221440 1818.5
1221450 1818.5
1221460 1805.6
1221470 1792.5
1221480 1792.5
1221490 1781.0
1221500 1773.9
1221510 1767.7
1221520 1767.7
1221530 1761.3
1221540 1754.0
1221550 1754.0
1221560 1740.6
1221570 1731.4
1221580 1731.4
1221590 1723.5
1221600 1715.2
1221610 1715.2
1221620 1706.7
1221630 1698.0
1221640 1698.0
1221650 1689.1
1221660 1678.5
1221670 1678.5
1221680 1668.3
1221690 1658.7
1221700 1652.4
1221710 1652.4
1221720 1646.0
1221730 1640.3
1221740 1640.3
1221750 1636.6
1221760 1632.2
1221770 1632.2
1221780 1627.2
1221790 1620.9
1221800 1620.9
1221810 1614.2
1221820 1606.5
1221830 1603.0
1221840 1597.4
1221850 1591.3
1221860 1591.3
1221870 1584.6
1221880 1583.3
1221890 1583.3
1221900 1585.6
1221910 1587.9
1221920 1591.9
1221930 1591.9
1221940 1595.8
1221950 1599.6
1221960 1599.6
1221970 1604.5
1221980 1609.2
1221990 1609.2
1222000 1613.7
1222010 1617.6
1222020 1617.6
1222030 1617.8
1222040 1621.6
1222050 1621.6
1222060 1622.5
1222070 1622.6
1222080 1622.6
1222090 1622.7
1222100 1623.8
1222110 1623.8
1222120 1627.3
1222130 1631.6
1222140 1634.1
1222150 1634.1
1222160 1641.8
1222170 1654.7
1222180 1654.7
1222190 1659.7
1222200 1666.4
1222210 1666.4
1222220 1669.0
1222230 1675.2
1222240 1675.2
1222250 1682.1
1222260 1687.0
1222270 1687.0
1222280 1692.0
1222290 1697.4
1222300 1697.4
1222310 1705.2
1222320 1715.5
1222330 1715.5
1222340 1718.8
1222350 1720.5
1222360 1721.0
1222370 1721.0
1222380 1722.0
1222390 1721.9
1222400 1721.9
1222410 1720.5
1222420 1717.0
1222430 1717.0
1222440 1715.9
1222450 1716.7
1222460 1716.7
1222470 1717.5
1222480 1718.8
1222490 1718.8
1222500 1716.7
1222510 1712.6
1222520 1712.6
1222530 1710.4
1222540 1709.0
1222550 1707.9
1222560 1707.9
1222570 1707.1
1222580 1705.9
1222590 1705.9
1222600 1703.6
1222610 1701.2
1222620 1701.2
1222630 1699.6
1222640 1696.8
1222650 1696.8
1222660 1693.1
1222670 1689.9
1222680 1689.9
1222690 1686.8
1222700 1682.8
1222710 1682.8
1222720 1677.0
1222730 1670.3
1222740 1670.3
1222750 1663.3
1222760 1656.2
1222770 1653.0
1222780 1653.0
1222790 1651.0
1222800 1655.1
1222810 1655.1
1222820 1652.8
1222830 1649.8
1222840 1649.8
1222850 1645.4
1222860 1642.5
1222870 1642.5
1222880 1641.1
1222890 1638.3
1222900 1638.3
1222910 1635.7
1222920 1633.1
1222930 1633.1
1222940 1627.9
1222950 1623.6
1222960 1623.6
1222970 1619.7
1222980 1615.4
1222990 1610.5
1223000 1610.5
1223010 1607.9
1223020 1604.9
1223030 1604.9
1223040 1594.5
1223050 1588.0
1223060 1588.0
1223070 1582.6
1223080 1575.8
1223090 1575.8
1223100 1569.6
1223110 1566.1
1223120 1566.1
1223130 1566.1
1223140 1564.7
1223150 1564.7
1223160 1561.7
1223170 1558.6
1223180 1553.6
1223190 1553.6
1223200 1552.4
1223210 1554.4
1223220 1554.4
1223230 1553.1
1223240 1551.6
1223250 1551.6
1223260 1550.4
1223270 1546.2
1223280 1551.1
1223290 1544.4
1223300 1533.2
1223310 1533.2
1223320 1525.0
1223330 1509.6
1223340 1509.6
1223350 1498.6
1223360 1494.7
1223370 1494.7
1223380 1490.0
1223390 1486.0
1223400 1480.6
1223410 1480.6
1223420 1476.2
1223430 1472.1
1223440 1472.1
1223450 1469.1
1223460 1466.7
1223470 1466.7
1223480 1463.4
1223490 1454.0
1223500 1454.0
1223510 1440.7
1223520 1427.2
1223530 1427.2
1223540 1406.1
1223550 1382.2
1223560 1382.2
1223570 1367.4
1223580 1355.0
1223590 1355.0
1223600 1348.4
1223610 1341.9
1223620 1335.9
1223630 1335.9
1223640 1328.8
1223650 1322.1
1223660 1322.1
1223670 1315.5
1223680 1309.3
1223690 1309.3
1223700 1303.9
1223710 1298.1
1223720 1298.1
1223730 1291.6
1223740 1285.8
1223750 1285.8
1223760 1280.7
1223770 1278.8
1223780 1278.8
1223790 1273.3
1223800 1268.3
1223810 1262.5
1223820 1262.5
1223830 1258.9
1223840 1255.7
1223850 1255.7
1223860 1251.5
1223870 1248.3
1223880 1248.3
1223890 1246.6
1223900 1245.2
1223910 1245.2
1223920 1242.9
1223930 1238.2
1223940 1238.2
1223950 1235.2
1223960 1235.0
1223970 1235.0
1223980 1233.6
1223990 1233.2
1224000 1233.2
1224010 1233.3
1224020 1235.2
1224030 1237.1
1224040 1237.1
1224050 1236.9
1224060 1236.3
1224070 1236.3
1224080 1236.3
1224090 1236.9
1224100 1236.9
1224110 1243.9
1224120 1255.8
1224130 1255.8
1224140 1264.1
1224150 1273.0
1224160 1273.0
1224170 1280.1
1224180 1286.4
1224190 1286.4
1224200 1292.8
1224210 1298.5
1224220 1298.5
1224230 1300.8
1224240 1302.7
1224250 1308.5
1224260 1308.5
1224270 1309.0
1224280 1309.7
1224290 1309.7
1224300 1310.3
1224310 1311.5
1224320 1311.5
1224330 1312.8
1224340 1314.8
1224350 1314.8
1224360 1317.7
1224370 1320.8
1224380 1320.8
1224390 1324.9
1224400 1328.7
1224410 1328.7
1224420 1332.8
1224430 1334.8
1224440 1334.8
1224450 1338.9
1224460 1342.5
1224470 1346.4
1224480 1346.4
1224490 1350.4
1224500 1355.1
1224510 1355.1
1224520 1360.2
1224530 1365.3
1224540 1365.3
1224550 1369.7
1224560 1375.6
1224570 1375.6
1224580 1382.2
1224590 1389.7
1224600 1389.7
1224610 1398.2
1224620 1405.9
1224630 1405.9
1224640 1413.4
1224650 1419.6
1224660 1424.3
1224670 1424.3
1224680 1428.6
1224690 1433.3
1224700 1433.3
1224710 1437.7
1224720 1441.3
1224730 1441.3
1224740 1446.2
1224750 1449.9
1224760 1449.9
1224770 1454.0
1224780 1459.2
1224790 1459.2
1224800 1463.8
1224810 1468.4
1224820 1468.4
1224830 1473.1
1224840 1478.1
1224850 1478.1
1224860 1483.1
1224870 1487.5
1224880 1492.5
1224890 1492.5
1224900 1497.0
1224910 1501.8
1224920 1501.8
1224930 1505.7
1224940 1509.5
1224950 1509.5
1224960 1514.6
1224970 1519.4
1224980 1519.4
1224990 1524.1
1225000 1528.7
1225010 1528.7
1225020 1533.3
1225030 1537.9
1225040 1537.9
1225050 1543.1
1225060 1549.5
1225070 1549.5
1225080 1556.8
1225090 1562.8
1225100 1567.0
1225110 1567.0
1225120 1570.7
1225130 1565.4
1225140 1565.4
1225150 1551.5
1225160 1539.9
1225170 1539.9
1225180 1529.9
1225190 1520.8
1225200 1520.8
1225210 1515.7
1225220 1508.5
1225230 1499.1
1225240 1499.2
1225250 1510.4
1225260 1510.4
1225270 1522.8
1225280 1531.1
1225290 1539.1
1225300 1539.1
1225310 1550.0
1225320 1552.7
1225330 1552.7
1225340 1556.1
1225350 1564.1
1225360 1564.1
1225370 1573.9
1225380 1585.2
1225390 1585.2
1225400 1598.4
1225410 1610.4
1225420 1610.4
1225430 1618.3
1225440 1621.4
1225450 1621.4
1225460 1628.1
1225470 1635.3
1225480 1635.3
1225490 1642.2
1225500 1648.1
1225510 1653.5
1225520 1653.5
1225530 1659.2
1225540 1664.9
1225550 1664.9
1225560 1669.2
1225570 1673.9
1225580 1673.9
1225590 1679.5
1225600 1685.4
1225610 1685.4
1225620 1692.5
1225630 1700.4
1225640 1700.4
1225650 1709.9
1225660 1719.2
1225670 1719.2
1225680 1732.5
1225690 1753.4
1225700 1753.4
1225710 1770.5
1225720 1774.8
1225730 1778.1
1225740 1778.1
1225750 1782.4
1225760 1788.5
1225770 1788.5
1225780 1796.2
1225790 1805.2
1225800 1805.2
1225810 1812.2
1225820 1818.3
1225830 1818.3
1225840 1824.0
1225850 1830.4
1225860 1830.4
1225870 1837.0
1225880 1844.8
1225890 1844.8
1225900 1853.5
1225910 1863.7
1225920 1876.9
1225930 1876.9
1225940 1887.2
1225950 1896.0
1225960 1896.0
1225970 1904.2
1225980 1912.2
1225990 1912.2
1226000 1919.7
1226010 1927.0
1226020 1927.0
1226030 1936.6
1226040 1948.3
1226050 1948.3
1226060 1961.5
1226070 1974.4
1226080 1974.4
1226090 1984.4
1226100 1990.1
1226110 1990.1
1226120 1996.7
1226130 2007.2
1226140 2015.4
1226150 2015.4
1226160 2023.0
1226170 2029.1
1226180 2029.1
1226190 2035.8
1226200 2042.9
1226210 2047.4
1226220 2054.1
1226230 2060.7
1226240 2060.7
1226250 2067.7
1226260 2076.6
1226270 2076.6
1226280 2088.4
1226290 2118.6
1226300 2118.6
1226310 2140.2
1226320 2149.7
1226330 2149.7
1226340 2166.5
1226350 2178.7
1226360 2184.2
1226370 2184.2
1226380 2186.9
1226390 2188.9
1226400 2188.9
1226410 2190.0
1226420 2193.4
1226430 2193.4
1226440 2204.3
1226450 2217.0
1226460 2217.0
1226470 2224.0
1226480 2228.5
1226490 2228.5
1226500 2232.6
1226510 2240.0
1226520 2240.0
1226530 2250.6
1226540 2264.7
1226550 2264.7
1226560 2274.1
1226570 2280.9
1226580 2284.7
1226590 2284.7
1226600 2288.5
1226610 2291.5
1226620 2291.5
1226630 2295.4
1226640 2300.7
1226650 2300.7
1226660 2310.8
1226670 2322.3
1226680 2322.3
1226690 2332.2
1226700 2342.3
1226710 2342.3
1226720 2350.7
1226730 2356.6
1226740 2356.6
1226750 2364.1
1226760 2370.4
1226770 2379.0
1226780 2379.0
1226790 2386.6
1226800 2392.8
1226810 2392.8
1226820 2399.5
1226830 2406.9
1226840 2406.9
1226850 2416.2
1226860 2427.1
1226870 2427.1
1226880 2436.6
1226890 2446.3
1226900 2446.3
1226910 2457.1
1226920 2468.6
1226930 2468.6
1226940 2474.5
1226950 2479.6
1226960 2479.6
1226970 2481.9
1226980 2491.4
1226990 2500.8
1227000 2500.8
1227010 2510.1
1227020 2519.8
1227030 2519.8
1227040 2531.8
1227050 2543.3
1227060 2543.3
1227070 2551.5
1227080 2563.7
1227090 2563.7
1227100 2573.3
1227110 2577.2
1227120 2577.2
1227130 2578.7
1227140 2580.1
1227150 2580.1
1227160 2581.9
1227170 2585.1
1227180 2585.1
1227190 2599.0
1227200 2609.6
1227210 2621.3
1227220 2621.3
1227230 2633.5
1227240 2647.9
1227250 2647.9
1227260 2659.0
1227270 2667.7
1227280 2667.7
1227290 2669.4
1227300 2668.3
1227310 2668.3
1227320 2673.2
1227330 2683.9
1227340 2683.9
1227350 2685.9
1227360 2689.6
1227370 2689.6
1227380 2701.6
1227390 2699.1
1227400 2690.5
1227410 2690.5
1227420 2689.0
1227430 2692.2
1227440 2692.2
1227450 2687.3
1227460 2690.6
1227470 2690.6
1227480 2689.4
1227490 2695.9
1227500 2695.9
1227510 2720.1
1227520 2741.6
1227530 2741.6
1227540 2765.6
1227550 2775.0
1227560 2775.0
1227570 2775.7
1227580 2775.9
1227590 2775.9
1227600 2779.4
1227610 2780.0
1227620 2775.6
1227630 2775.6
1227640 2766.3
1227650 2771.2
1227660 2771.2
1227670 2783.7
1227680 2788.5
1227690 2788.5
1227700 2796.8
1227710 2806.6
1227720 2806.6
1227730 2815.6
1227740 2823.9
1227750 2823.9
1227760 2828.4
1227770 2830.9
1227780 2830.9
1227790 2836.9
1227800 2840.9
1227810 2840.9
1227820 2842.0
1227830 2842.0
1227840 2843.4
1227850 2843.4
1227860 2845.9
1227870 2850.2
1227880 2850.2
1227890 2855.2
1227900 2860.4
1227910 2860.4
1227920 2866.7
1227930 2874.0
1227940 2874.0
1227950 2881.1
1227960 2887.5
1227970 2887.5
1227980 2893.7
1227990 2900.2
1228000 2900.2
1228010 2906.5
1228020 2913.0
1228030 2921.1
1228040 2921.1
1228050 2926.9
1228060 2930.2
1228070 2930.2
1228080 2924.8
1228090 2914.5
1228100 2914.5
1228110 2908.4
1228120 2901.5
1228130 2901.5
1228140 2897.2
1228150 2895.3
1228160 2895.3
1228170 2887.4
1228180 2876.3
1228190 2876.3
1228200 2870.6
1228210 2865.8
1228220 2865.8
1228230 2859.3
1228240 2855.7
1228250 2852.9
1228260 2852.9
1228270 2850.5
1228280 2847.6
1228290 2847.6
1228300 2844.5
1228310 2842.1
1228320 2842.1
1228330 2840.0
1228340 2836.6
1228350 2836.6
1228360 2833.3
1228370 2830.5
1228380 2830.5
1228390 2828.3
1228400 2825.2
1228410 2825.2
1228420 2820.7
1228430 2819.0
1228440 2819.0
1228450 2816.7
1228460 2814.0
1228470 2810.5
1228480 2810.5
1228490 2808.2
1228500 2806.8
1228510 2806.8
1228520 2806.9
1228530 2806.5
1228540 2806.5
1228550 2803.5
1228560 2800.0
1228570 2800.0
1228580 2797.1
1228590 2795.2
1228600 2795.2
1228610 2794.2
1228620 2794.3
1228630 2794.3
1228640 2793.2
1228650 2790.5
1228660 2787.2
1228670 2781.1
1228680 2778.2
1228690 2775.9
1228700 2775.9
1228710 2776.5
1228720 2777.5
1228730 2777.5
1228740 2777.9
1228750 2777.8
1228760 2777.8
1228770 2776.7
1228780 2775.1
1228790 2775.1
1228800 2772.9
1228810 2770.3
1228820 2770.3
1228830 2768.0
1228840 2766.1
1228850 2766.1
1228860 2763.5
1228870 2759.9
1228880 2757.0
1228890 2757.0
1228900 2757.3
1228910 2758.5
1228920 2758.5
1228930 2760.4
1228940 2762.1
1228950 2762.1
1228960 2763.2
1228970 2766.2
1228980 2766.2
1228990 2769.9
1229000 2771.1
1229010 2771.1
1229020 2772.7
1229030 2772.4
1229040 2772.4
1229050 2768.8
1229060 2765.9
1229070 2765.9
1229080 2766.0
1229090 2768.5
1229100 2770.8
1229110 2770.8
1229120 2776.3
1229130 2775.4
1229140 2775.4
1229150 2773.7
1229160 2777.9
1229170 2768.8
1229180 2774.5
1229190 2779.1
1229200 2779.1
1229210 2781.3
1229220 2784.3
1229230 2784.3
1229240 2789.4
1229250 2795.0
1229260 2795.0
1229270 2796.7
1229280 2796.9
1229290 2796.9
1229300 2800.9
1229310 2803.4
1229320 2805.0
1229330 2805.0
1229340 2809.6
1229350 2812.3
1229360 2812.3
1229370 2814.3
1229380 2823.3
1229390 2823.3
1229400 2828.7
1229410 2830.1
1229420 2830.1
1229430 2832.4
1229440 2837.6
1229450 2837.6
1229460 2841.3
1229470 2842.6
1229480 2842.6
1229490 2846.4
1229500 2852.2
1229510 2857.0
1229520 2857.0
1229530 2863.0
1229540 2869.6
1229550 2869.6
1229560 2871.9
1229570 2872.9
1229580 2872.9
1229590 2877.6
1229600 2890.2
1229610 2890.2
1229620 2898.5
1229630 2923.7
1229640 2923.7
1229650 2946.7
1229660 2950.9
1229670 2950.9
1229680 2956.3
1229690 2964.9
1229700 2964.9
1229710 2973.7
1229720 2985.0
1229730 2999.2
1229740 2999.2
1229750 2995.3
1229760 2969.5
1229770 2969.5
1229780 2956.7
1229790 2945.6
1229800 2945.6
1229810 2935.6
1229820 2925.4
1229830 2925.4
1229840 2913.7
1229850 2903.6
1229860 2903.6
1229870 2892.8
1229880 2885.2
1229890 2885.2
1229900 2878.1
1229910 2871.7
1229920 2871.7
1229930 2866.1
1229940 2860.8
1229950 2854.8
1229960 2854.8
1229970 2848.2
1229980 2842.8
1229990 2842.8
1230000 2840.5
1230010 2837.2
1230020 2837.2
1230030 2833.8
1230040 2830.4
1230050 2830.4
1230060 2827.1
1230070 2824.2
1230080 2824.2
1230090 2821.9
1230100 2820.4
1230110 2820.4
1230120 2818.8
1230130 2817.5
1230140 2816.0
1230150 2816.0
1230160 2815.9
1230170 2814.8
1230180 2814.8
1230190 2814.7
1230200 2815.7
1230210 2815.7
1230220 2816.8
1230230 2818.7
1230240 2818.7
1230250 2821.3
1230260 2824.1
1230270 2824.1
1230280 2827.8
1230290 2832.9
1230300 2832.9
1230310 2837.2
1230320 2841.6
1230330 2841.6
1230340 2846.6
1230350 2852.3
1230360 2857.5
1230370 2857.5
1230380 2861.7
1230390 2865.6
1230400 2865.6
1230410 2871.8
1230420 2882.3
1230430 2882.3
1230440 2900.5
1230450 2915.6
1230460 2915.6
1230470 2929.6
1230480 2933.1
1230490 2933.1
1230500 2927.3
1230510 2921.4
1230520 2921.4
1230530 2915.4
1230540 2909.0
1230550 2909.0
1230560 2900.9
1230570 2890.7
1230580 2879.0
1230590 2879.0
1230600 2870.9
1230610 2866.5
1230620 2866.5
1230630 2863.2
1230640 2860.5
1230650 2860.5
1230660 2862.0
1230670 2858.9
1230680 2858.9
1230690 2856.3
1230700 2853.4
1230710 2853.4
1230720 2850.7
1230730 2847.9
1230740 2847.9
1230750 2844.5
1230760 2841.7
1230770 2839.1
1230780 2839.1
1230790 2834.8
1230800 2832.0
1230810 2832.0
1230820 2829.8
1230830 2826.7
1230840 2826.7
1230850 2825.0
1230860 2824.3
1230870 2824.3
1230880 2824.8
1230890 2825.1
1230900 2825.1
1230910 2823.7
1230920 2822.5
1230930 2822.5
1230940 2821.2
1230950 2818.5
1230960 2818.5
1230970 2815.5
1230980 2813.1
1230990 2811.6
1231000 2811.6
1231010 2811.1
1231020 2812.0
1231030 2812.0
1231040 2812.9
1231050 2813.9
1231060 2813.9
1231070 2815.3
1231080 2815.7
1231090 2815.7
1231100 2816.4
1231110 2817.8
1231120 2817.8
1231130 2819.2
1231140 2821.0
1231150 2821.0
1231160 2829.9
1231170 2833.2
1231180 2833.2
1231190 2836.9
1231200 2840.8
1231210 2845.3
1231220 2845.3
1231230 2850.5
1231240 2857.1
1231250 2857.1
1231260 2872.7
1231270 2890.7
1231280 2890.7
1231290 2903.1
1231300 2910.5
1231310 2910.5
1231320 2917.8
1231330 2920.2
1231340 2920.2
1231350 2921.1
1231360 2926.0
1231370 2926.0
1231380 2939.3
1231390 2951.4
1231400 2954.0
1231410 2954.0
1231420 2946.0
1231430 2934.6
1231440 2934.6
1231450 2918.4
1231460 2907.5
1231470 2907.5
1231480 2893.0
1231490 2879.0
1231500 2879.0
1231510 2871.9
1231520 2865.5
1231530 2865.5
1231540 2859.2
1231550 2855.5
1231560 2855.5
1231570 2850.4
1231580 2844.2
1231590 2844.2
1231600 2841.1
1231610 2840.1
1231620 2839.1
1231630 2839.1
1231640 2836.0
1231650 2833.7
1231660 2822.8
1231670 2821.0
1231680 2819.8
1231690 2819.8
1231700 2818.2
1231710 2816.2
1231720 2816.2
1231730 2815.3
1231740 2816.3
1231750 2816.3
1231760 2813.2
1231770 2807.1
1231780 2807.1
1231790 2803.0
1231800 2801.5
1231810 2801.5
1231820 2801.8
1231830 2802.8
1231840 2804.3
1231850 2804.3
1231860 2804.8
1231870 2804.5
1231880 2804.5
1231890 2805.6
1231900 2811.2
1231910 2811.2
1231920 2816.3
1231930 2819.6
1231940 2819.6
1231950 2821.8
1231960 2821.9
1231970 2821.9
1231980 2821.5
1231990 2820.8
1232000 2820.8
1232010 2818.9
1232020 2818.3
1232030 2818.3
1232040 2817.0
1232050 2814.9
1232060 2811.9
1232070 2811.9
1232080 2809.2
1232090 2806.3
1232100 2806.3
1232110 2802.6
1232120 2794.3
1232130 2794.3
1232140 2788.6
1232150 2783.7
1232160 2779.6
1232170 2774.2
1232180 2768.4
1232190 2768.4
1232200 2761.4
1232210 2753.9
1232220 2753.9
1232230 2747.4
1232240 2740.5
1232250 2733.6
1232260 2733.6
1232270 2727.0
1232280 2720.8
1232290 2720.8
1232300 2715.3
1232310 2710.5
1232320 2710.5
1232330 2705.5
1232340 2700.4
1232350 2700.4
1232360 2695.4
1232370 2690.7
1232380 2690.7
1232390 2686.0
1232400 2681.2
1232410 2681.2
1232420 2676.2
1232430 2671.4
1232440 2671.4
1232450 2666.8
1232460 2662.2
1232470 2657.4
1232480 2657.4
1232490 2652.4
1232500 2647.2
1232510 2647.2
1232520 2642.5
1232530 2638.0
1232540 2638.0
1232550 2633.4
1232560 2628.6
1232570 2628.6
1232580 2623.7
1232590 2618.8
1232600 2618.8
1232610 2613.9
1232620 2608.9
1232630 2608.9
1232640 2604.0
1232650 2600.1
1232660 2601.5
1232670 2597.0
1232680 2592.5
1232690 2587.3
1232700 2587.3
1232710 2579.9
1232720 2574.8
1232730 2574.8
1232740 2571.7
1232750 2568.6
1232760 2568.6
1232770 2565.8
1232780 2564.4
1232790 2564.4
1232800 2565.3
1232810 2566.5
1232820 2566.5
1232830 2566.5
1232840 2564.8
1232850 2564.8
1232860 2561.8
1232870 2558.3
1232880 2555.1
1232890 2555.1
1232900 2552.6
1232910 2547.5
1232920 2547.5
1232930 2544.7
1232940 2543.2
1232950 2543.2
1232960 2542.1
1232970 2540.8
1232980 2540.8
1232990 2539.3
1233000 2537.1
1233010 2537.1
1233020 2534.1
1233030 2530.9
1233040 2530.9
1233050 2528.7
1233060 2525.8
1233070 2525.8
1233080 2525.3
1233090 2529.2
1233100 2529.4
1233110 2529.4
1233120 2524.4
1233130 2517.1
1233140 2517.1
1233150 2509.4
1233160 2498.8
1233170 2498.8
1233180 2492.4
1233190 2485.9
1233200 2485.9
1233210 2479.3
1233220 2472.5
1233230 2472.5
1233240 2465.9
1233250 2459.5
1233260 2459.5
1233270 2453.3
1233280 2447.2
1233290 2447.2
1233300 2441.2
1233310 2435.4
1233320 2429.2
1233330 2429.2
1233340 2422.6
1233350 2415.7
1233360 2415.7
1233370 2409.4
1233380 2404.2
1233390 2404.2
1233400 2400.2
1233410 2396.3
1233420 2396.3
1233430 2391.5
1233440 2386.4
1233450 2386.4
1233460 2382.4
1233470 2379.2
1233480 2379.2
1233490 2376.5
1233500 2374.0
1233510 2371.4
1233520 2371.4
1233530 2369.3
1233540 2367.5
1233550 2367.5
1233560 2365.9
1233570 2364.2
1233580 2364.2
1233590 2363.2
1233600 2362.8
1233610 2362.8
1233620 2362.8
1233630 2363.0
1233640 2363.0
1233650 2362.9
1233660 2363.2
1233670 2364.9
1233680 2365.7
1233690 2367.2
1233700 2367.2
1233710 2369.9
1233720 2372.1
1233730 2374.0
1233740 2374.0
1233750 2377.2
1233760 2381.1
1233770 2381.1
1233780 2385.7
1233790 2391.3
1233800 2391.3
1233810 2397.4
1233820 2403.1
1233830 2403.1
1233840 2408.8
1233850 2416.1
1233860 2416.1
1233870 2426.4
1233880 2434.9
1233890 2434.9
1233900 2447.1
1233910 2459.3
1233920 2459.3
1233930 2468.3
1233940 2474.8
1233950 2486.0
1233960 2486.0
1233970 2495.6
1233980 2501.6
1233990 2501.6
1234000 2509.8
1234010 2516.0
1234020 2516.0
1234030 2520.8
1234040 2527.2
1234050 2527.2
1234060 2534.2
1234070 2541.6
1234080 2541.6
1234090 2546.8
1234100 2551.6
1234110 2551.6
1234120 2557.2
1234130 2562.6
1234140 2567.9
1234150 2567.9
1234160 2573.9
1234170 2579.1
1234180 2579.1
1234190 2585.2
1234200 2591.1
1234210 2591.1
1234220 2597.2
1234230 2603.0
1234240 2603.0
1234250 2608.9
1234260 2614.6
1234270 2614.6
1234280 2623.1
1234290 2631.3
1234300 2631.3
1234310 2639.9
1234320 2644.2
1234330 2644.2
1234340 2649.3
1234350 2659.4
1234360 2665.3
1234370 2665.3
1234380 2669.7
1234390 2674.7
1234400 2674.7
1234410 2680.4
1234420 2686.5
1234430 2686.5
1234440 2693.5
1234450 2702.6
1234460 2702.6
1234470 2712.4
1234480 2726.0
1234490 2726.0
1234500 2736.1
1234510 2745.8
1234520 2745.8
1234530 2754.6
1234540 2764.8
1234550 2764.8
1234560 2775.3
1234570 2788.7
1234580 2802.4
1234590 2802.4
1234600 2813.1
1234610 2821.4
1234620 2821.4
1234630 2828.9
1234640 2835.1
1234650 2835.1
1234660 2839.5
1234670 2854.3
1234680 2859.6
1234690 2887.1
1234700 2904.0
1234710 2904.0
1234720 2908.8
1234730 2912.2
1234740 2912.2
1234750 2916.1
1234760 2915.5
1234770 2915.5
1234780 2918.4
1234790 2927.4
1234800 2938.9
1234810 2938.9
1234820 2952.7
1234830 2964.4
1234840 2964.4
1234850 2972.8
1234860 2980.3
1234870 2980.3
1234880 2991.4
1234890 3003.4
1234900 3003.4
1234910 3018.7
1234920 3023.6
1234930 3023.6
1234940 3025.8
1234950 3039.4
1234960 3039.4
1234970 3047.2
1234980 3044.3
1234990 3041.0
1235000 3041.0
1235010 3035.7
1235020 3030.1
1235030 3030.1
1235040 3026.6
1235050 3022.7
1235060 3022.7
1235070 3019.1
1235080 3018.1
1235090 3018.1
1235100 3017.0
1235110 3015.1
1235120 3015.1
1235130 3010.2
1235140 3005.5
1235150 3005.5
1235160 3004.6
1235170 3005.8
1235180 3005.8
1235190 2996.4
1235200 2997.8
1235210 3001.1
1235220 3001.1
1235230 3006.2
1235240 3010.4
1235250 3010.4
1235260 3011.3
1235270 3011.4
1235280 3011.4
1235290 3016.1
1235300 3030.5
1235310 3030.5
1235320 3050.0
1235330 3061.0
1235340 3061.0
1235350 3065.2
1235360 3064.9
1235370 3064.9
1235380 3067.6
1235390 3073.3
1235400 3073.3
1235410 3078.2
1235420 3078.2
1235430 3075.1
1235440 3075.1
1235450 3071.8
1235460 3068.4
1235470 3068.4
1235480 3065.0
1235490 3061.8
1235500 3061.8
1235510 3058.8
1235520 3056.4
1235530 3056.4
1235540 3054.4
1235550 3052.9
1235560 3052.9
1235570 3051.9
1235580 3051.1
1235590 3051.1
1235600 3050.6
1235610 3050.0
1235620 3049.3
1235630 3049.3
1235640 3048.7
1235650 3048.5
1235660 3048.5
1235670 3048.3
1235680 3047.6
1235690 3057.3
1235700 3056.6
1235710 3056.1
1235720 3056.1
1235730 3056.6
1235740 3056.9
1235750 3056.9
1235760 3058.4
1235770 3058.3
1235780 3058.3
1235790 3055.0
1235800 3048.8
1235810 3048.8
1235820 3040.1
1235830 3030.6
1235840 3023.4
1235850 3023.4
1235860 3016.6
1235870 3010.4
1235880 3010.4
1235890 3007.1
1235900 3004.3
1235910 3004.3
1235920 2995.2
1235930 2986.3
1235940 2986.3
1235950 2979.4
1235960 2973.3
1235970 2973.3
1235980 2978.0
1235990 2992.3
1236000 2992.3
1236010 2989.2
1236020 2983.1
1236030 2983.1
1236040 2978.3
1236050 2974.6
1236060 2971.0
1236070 2971.0
1236080 2965.7
1236090 2959.4
1236100 2959.4
1236110 2953.9
1236120 2949.5
1236130 2949.5
1236140 2947.2
1236150 2946.8
1236160 2946.8
1236170 2943.9
1236180 2937.4
1236190 2937.4
1236200 2926.0
1236210 2930.1
1236220 2930.1
1236230 2943.8
1236240 2944.2
1236250 2941.2
1236260 2941.2
1236270 2932.5
1236280 2924.0
1236290 2924.0
1236300 2926.7
1236310 2932.5
1236320 2932.5
1236330 2934.5
1236340 2939.1
1236350 2939.1
1236360 2945.2
1236370 2949.0
1236380 2949.0
1236390 2945.7
1236400 2936.7
1236410 2936.7
1236420 2925.8
1236430 2915.4
1236440 2915.4
1236450 2903.7
1236460 2892.2
1236470 2882.9
1236480 2882.9
1236490 2873.9
1236500 2865.3
1236510 2865.3
1236520 2859.6
1236530 2856.8
1236540 2856.8
1236550 2854.5
1236560 2851.7
1236570 2851.7
1236580 2848.8
1236590 2846.0
1236600 2846.0
1236610 2842.9
1236620 2840.6
1236630 2840.6
1236640 2839.5
1236650 2838.8
1236660 2838.8
1236670 2838.1
1236680 2838.8
1236690 2839.4
1236700 2839.4
1236710 2834.2
1236720 2835.3
1236730 2835.3
1236740 2836.0
1236750 2836.2
1236760 2836.2
1236770 2839.1
1236780 2842.6
1236790 2842.6
1236800 2842.8
1236810 2839.2
1236820 2839.2
1236830 2838.0
1236840 2835.7
1236850 2835.7
1236860 2833.9
1236870 2832.9
1236880 2833.4
1236890 2833.4
1236900 2833.7
1236910 2831.9
1236920 2831.9
1236930 2826.7
1236940 2821.0
1236950 2821.0
1236960 2815.3
1236970 2809.5
1236980 2809.5
1236990 2804.0
1237000 2800.7
1237010 2800.7
1237020 2798.5
1237030 2794.6
1237040 2794.6
1237050 2791.8
1237060 2786.9
1237070 2786.9
1237080 2785.3
1237090 2785.2
1237100 2785.0
1237110 2785.0
1237120 2787.3
1237130 2799.9
1237140 2799.9
1237150 2806.8
1237160 2810.9
1237170 2810.9
1237180 2806.1
1237190 2803.5
1237200 2803.5
1237210 2802.0
1237220 2800.8
1237230 2792.3
1237240 2791.4
1237250 2790.9
1237260 2790.9
1237270 2790.1
1237280 2790.9
1237290 2790.9
1237300 2790.2
1237310 2789.9
1237320 2791.2
1237330 2791.2
1237340 2792.5
1237350 2804.9
1237360 2804.9
1237370 2819.9
1237380 2828.6
1237390 2828.6
1237400 2829.3
1237410 2822.1
1237420 2822.1
1237430 2816.9
1237440 2815.0
1237450 2815.0
1237460 2814.2
1237470 2807.9
1237480 2807.9
1237490 2800.7
1237500 2796.5
1237510 2792.9
1237520 2792.9
1237530 2788.1
1237540 2782.8
1237550 2782.8
1237560 2777.6
1237570 2774.1
1237580 2774.1
1237590 2769.4
1237600 2768.3
1237610 2768.3
1237620 2765.2
1237630 2759.3
1237640 2759.3
1237650 2754.6
1237660 2754.9
1237670 2754.9
1237680 2755.3
1237690 2751.7
1237700 2751.7
1237710 2746.9
1237720 2748.5
1237730 2763.0
1237740 2752.1
1237750 2763.0
1237760 2761.9
1237770 2761.9
1237780 2756.1
1237790 2746.8
1237800 2746.8
1237810 2739.0
1237820 2736.1
1237830 2736.1
1237840 2733.1
1237850 2729.3
1237860 2729.3
1237870 2725.1
1237880 2719.4
1237890 2719.4
1237900 2714.5
1237910 2712.8
1237920 2712.8
1237930 2712.6
1237940 2711.1
1237950 2712.9
1237960 2712.9
1237970 2714.6
1237980 2715.3
1237990 2715.3
1238000 2715.6
1238010 2714.5
1238020 2714.5
1238030 2712.7
1238040 2710.2
1238050 2710.2
1238060 2707.4
1238070 2704.5
1238080 2704.5
1238090 2701.4
1238100 2698.1
1238110 2698.1
1238120 2694.6
1238130 2691.0
1238140 2691.0
1238150 2687.0
1238160 2682.9
1238170 2679.0
1238180 2679.0
1238190 2675.2
1238200 2671.9
1238210 2671.9
1238220 2668.7
1238230 2665.7
1238240 2665.7
1238250 2661.6
1238260 2658.9
1238270 2658.9
1238280 2657.0
1238290 2654.4
1238300 2654.4
1238310 2651.7
1238320 2649.7
1238330 2649.7
1238340 2647.0
1238350 2642.9
1238360 2639.3
1238370 2639.3
1238380 2636.2
1238390 2631.9
1238400 2631.9
1238410 2626.1
1238420 2619.3
1238430 2619.3
1238440 2612.4
1238450 2605.7
1238460 2605.7
1238470 2599.6
1238480 2595.1
1238490 2595.1
1238500 2591.5
1238510 2588.8
1238520 2588.8
1238530 2587.1
1238540 2585.4
1238550 2585.4
1238560 2582.6
1238570 2578.9
1238580 2574.7
1238590 2574.7
1238600 2570.0
1238610 2565.4
1238620 2565.4
1238630 2562.4
1238640 2559.4
1238650 2559.4
1238660 2556.5
1238670 2554.0
1238680 2554.0
1238690 2550.3
1238700 2545.7
1238710 2545.7
1238720 2540.2
1238730 2534.0
1238740 2534.0
1238750 2529.3
1238760 2525.5
1238770 2525.8
1238780 2521.2
1238790 2519.6
1238800 2520.5
1238810 2520.5
1238820 2519.6
1238830 2516.2
1238840 2516.2
1238850 2510.2
1238860 2502.4
1238870 2502.4
1238880 2487.7
1238890 2472.1
1238900 2472.1
1238910 2462.5
1238920 2456.9
1238930 2456.9
1238940 2451.4
1238950 2445.9
1238960 2445.9
1238970 2439.8
1238980 2434.7
1238990 2430.1
1239000 2430.1
1239010 2426.3
1239020 2423.8
1239030 2423.8
1239040 2421.1
1239050 2419.0
1239060 2419.0
1239070 2417.9
1239080 2416.0
1239090 2416.0
1239100 2413.6
1239110 2412.3
1239120 2412.3
1239130 2411.6
1239140 2410.9
1239150 2410.9
1239160 2410.6
1239170 2410.5
1239180 2410.5
1239190 2410.5
1239200 2410.5
1239210 2410.5
1239220 2410.5
1239230 2410.5
1239240 2410.5
1239250 2410.5
1239260 2410.5
1239270 2410.5
1239280 2410.5
1239290 2410.5
1239300 2410.5
1239310 2410.5
1239320 2410.5
1239330 2410.5
1239340 2410.5
1239350 2410.5
1239360 2410.5
1239370 2410.5
1239380 2410.5
1239390 2410.5
1239400 2410.5
1239410 2410.5
1239420 2410.6
1239430 2410.7
1239440 2410.7
1239450 2411.0
1239460 2411.6
1239470 2411.6
1239480 2414.3
1239490 2416.2
1239500 2416.2
1239510 2413.1
1239520 2411.7
1239530 2411.7
1239540 2411.9
1239550 2412.2
1239560 2412.2
1239570 2415.9
1239580 2423.0
1239590 2423.0
1239600 2429.2
1239610 2431.3
1239620 2431.2
1239630 2431.2
1239640 2429.0
1239650 2425.3
1239660 2425.3
1239670 2421.8
1239680 2419.9
1239690 2419.9
1239700 2419.0
1239710 2418.8
1239720 2418.8
1239730 2417.4
1239740 2416.3
1239750 2416.3
1239760 2414.8
1239770 2414.0
1239780 2414.0
1239790 2415.5
1239800 2414.1
1239810 2414.1
1239820 2418.3
1239830 2419.4
1239840 2418.2
1239850 2418.2
1239860 2418.4
1239870 2420.5
1239880 2420.5
1239890 2424.6
1239900 2429.4
1239910 2429.4
1239920 2433.1
1239930 2432.5
1239940 2432.5
1239950 2430.3
1239960 2427.5
1239970 2427.5
1239980 2424.6
1239990 2420.4
