1220000 2240.9
1220010 2232.7
1220020 2226.3
1220030 2226.3
1220040 2221.2
1220050 2216.0
1220060 2216.0
1220070 2209.6
1220080 2201.8
1220090 2201.8
1220100 2196.2
1220110 2192.0
1220120 2192.0
1220130 2187.9
1220140 2183.4
1220150 2183.4
1220160 2179.3
1220170 2176.3
1220180 2174.0
1220190 2174.0
1220200 2171.7
1220210 2169.2
1220220 2169.2
1220230 2166.0
1220240 2161.2
1220250 2161.2
1220260 2154.0
1220270 2149.8
1220280 2149.8
1220290 2143.6
1220300 2138.1
1220310 2138.1
1220320 2135.1
1220330 2133.3
1220340 2133.3
1220350 2131.2
1220360 2129.5
1220370 2129.5
1220380 2127.1
1220390 2124.1
1220400 2120.5
1220410 2120.5
1220420 2117.2
1220430 2115.3
1220440 2115.3
1220450 2114.7
1220460 2113.8
1220470 2113.8
1220480 2111.9
1220490 2109.2
1220500 2109.2
1220510 2106.4
1220520 2103.9
1220530 2103.9
1220540 2101.8
1220550 2099.1
1220560 2099.1
1220570 2096.7
1220580 2095.2
1220590 2095.2
1220600 2094.2
1220610 2093.3
1220620 2092.4
1220630 2092.4
1220640 2091.2
1220650 2090.3
1220660 2090.3
1220670 2089.4
1220680 2090.6
1220690 2090.6
1220700 2092.6
1220710 2092.5
1220720 2092.5
1220730 2091.8
1220740 2091.9
1220750 2091.9
1220760 2091.9
1220770 2092.6
1220780 2092.6
1220790 2093.7
1220800 2094.8
1220810 2094.1
1220820 2094.1
1220830 2092.7
1220840 2092.3
1220850 2092.3
1220860 2091.9
1220870 2091.8
1220880 2091.8
1220890 2092.0
1220900 2093.0
1220910 2093.0
1220920 2095.3
1220930 2095.9
1220940 2095.8
1220950 2093.2
1220960 2090.5
1220970 2090.5
1220980 2090.0
1220990 2090.5
1221000 2090.5
1221010 2090.1
1221020 2089.5
1221030 2086.7
1221040 2086.7
1221050 2082.3
1221060 2079.3
1221070 2079.3
1221080 2077.3
1221090 2074.4
1221100 2074.4
1221110 2070.3
1221120 2065.7
1221130 2065.7
1221140 2060.2
1221150 2051.2
1221160 2051.2
1221170 2045.8
1221180 2042.7
1221190 2042.7
1221200 2039.3
1221210 2038.3
1221220 2038.3
1221230 2041.2
1221240 2043.3
1221250 2040.7
1221260 2040.7
1221270 2037.6
1221280 2034.6
1221290 2034.6
1221300 2031.0
1221310 2029.0
1221320 2029.0
1221330 2026.3
1221340 2023.0
1221350 2023.0
1221360 2017.0
1221370 2012.7
1221380 2012.7
1221390 2007.8
1221400 2002.4
1221410 2002.4
1221420 2001.3
1221430 1998.8
1221440 1998.8
1221450 1994.2
1221460 1989.3
1221470 1986.2
1221480 1986.2
1221490 1983.5
1221500 1980.0
1221510 1980.0
1221520 1974.3
1221530 1968.4
1221540 1968.4
1221550 1963.7
1221560 1959.3
1221570 1959.3
1221580 1955.4
1221590 1951.4
1221600 1951.4
1221610 1947.7
1221620 1946.0
1221630 1946.0
1221640 1944.7
1221650 1941.7
1221660 1936.8
1221670 1936.8
1221680 1930.2
1221690 1924.0
1221700 1924.0
1221710 1918.8
1221720 1913.7
1221730 1913.7
1221740 1908.5
1221750 1902.5
1221760 1902.5
1221770 1894.4
1221780 1889.7
1221790 1889.7
1221800 1885.7
1221810 1878.5
1221820 1878.5
1221830 1869.5
1221840 1859.1
1221850 1859.1
1221860 1851.4
1221870 1840.6
1221880 1827.7
1221890 1827.7
1221900 1810.6
1221910 1805.6
1221920 1805.6
1221930 1804.2
1221940 1800.7
1221950 1800.7
1221960 1798.3
1221970 1796.8
1221980 1796.8
1221990 1794.0
1222000 1788.4
1222010 1788.4
1222020 1782.8
1222030 1775.2
1222040 1775.2
1222050 1768.1
1222060 1758.9
1222070 1758.9
1222080 1749.3
1222090 1740.8
1222100 1732.9
1222110 1732.9
1222120 1724.8
1222130 1714.5
1222140 1714.5
1222150 1703.5
1222160 1694.5
1222170 1694.5
1222180 1685.6
1222190 1676.9
1222200 1676.9
1222210 1668.1
1222220 1658.2
1222230 1658.2
1222240 1648.2
1222250 1636.9
1222260 1636.9
1222270 1624.5
1222280 1611.4
1222290 1599.5
1222300 1599.5
1222310 1590.5
1222320 1585.6
1222330 1585.6
1222340 1582.1
1222350 1578.8
1222360 1578.8
1222370 1574.2
1222380 1570.2
1222390 1560.5
1222400 1550.7
1222410 1540.2
1222420 1540.2
1222430 1531.0
1222440 1522.8
1222450 1522.8
1222460 1516.0
1222470 1509.0
1222480 1509.0
1222490 1501.3
1222500 1493.1
1222510 1484.6
1222520 1484.6
1222530 1476.8
1222540 1469.1
1222550 1469.1
1222560 1461.2
1222570 1452.2
1222580 1452.2
1222590 1441.5
1222600 1428.3
1222610 1428.3
1222620 1421.0
1222630 1418.7
1222640 1418.7
1222650 1423.1
1222660 1434.6
1222670 1434.6
1222680 1441.1
1222690 1441.8
1222700 1441.8
1222710 1441.3
1222720 1441.1
1222730 1440.8
1222740 1440.8
1222750 1440.2
1222760 1439.2
1222770 1439.2
1222780 1438.0
1222790 1437.3
1222800 1437.3
1222810 1437.2
1222820 1438.5
1222830 1438.5
1222840 1440.0
1222850 1440.4
1222860 1440.4
1222870 1445.0
1222880 1444.2
1222890 1444.2
1222900 1442.3
1222910 1439.7
1222920 1439.7
1222930 1437.6
1222940 1435.1
1222950 1432.6
1222960 1432.6
1222970 1431.4
1222980 1431.1
1222990 1431.1
1223000 1430.6
1223010 1430.1
1223020 1430.1
1223030 1429.2
1223040 1427.8
1223050 1427.8
1223060 1426.5
1223070 1424.7
1223080 1424.7
1223090 1422.5
1223100 1419.7
1223110 1419.7
1223120 1416.6
1223130 1415.4
1223140 1416.0
1223150 1416.0
1223160 1416.2
1223170 1415.4
1223180 1415.4
1223190 1413.9
1223200 1412.4
1223210 1412.4
1223220 1410.5
1223230 1407.6
1223240 1407.6
1223250 1401.8
1223260 1396.3
1223270 1396.3
1223280 1392.9
1223290 1389.6
1223300 1389.6
1223310 1378.1
1223320 1370.4
1223330 1370.4
1223340 1366.5
1223350 1365.8
1223360 1359.8
1223370 1359.8
1223380 1351.2
1223390 1341.5
1223400 1341.5
1223410 1329.7
1223420 1316.9
1223430 1316.9
1223440 1304.0
1223450 1293.3
1223460 1293.3
1223470 1278.3
1223480 1268.9
1223490 1268.9
1223500 1262.2
1223510 1255.3
1223520 1255.3
1223530 1247.2
1223540 1237.2
1223550 1237.2
1223560 1226.6
1223570 1224.1
1223580 1224.0
1223590 1224.0
1223600 1224.7
1223610 1224.0
1223620 1224.0
1223630 1223.2
1223640 1222.9
1223650 1222.9
1223660 1221.8
1223670 1222.2
1223680 1222.2
1223690 1225.9
1223700 1226.9
1223710 1226.9
1223720 1225.4
1223730 1225.0
1223740 1225.0
1223750 1226.6
1223760 1228.0
1223770 1228.0
1223780 1225.5
1223790 1224.8
1223800 1224.6
1223810 1224.6
1223820 1224.4
1223830 1224.4
1223840 1224.6
1223850 1224.8
1223860 1225.1
1223870 1225.1
1223880 1225.3
1223890 1224.8
1223900 1224.8
1223910 1224.4
1223920 1224.7
1223930 1224.7
1223940 1224.3
1223950 1224.5
1223960 1224.5
1223970 1225.0
1223980 1225.0
1223990 1224.9
1224000 1224.9
1224010 1224.8
1224020 1225.9
1224030 1225.9
1224040 1226.9
1224050 1225.2
1224060 1225.2
1224070 1224.9
1224080 1224.9
1224090 1224.9
1224100 1224.9
1224110 1224.9
1224120 1224.9
1224130 1225.0
1224140 1225.7
1224150 1225.7
1224160 1228.9
1224170 1233.3
1224180 1233.3
1224190 1237.3
1224200 1241.8
1224210 1246.2
1224220 1246.2
1224230 1250.5
1224240 1255.7
1224250 1255.7
1224260 1261.1
1224270 1266.5
1224280 1266.5
1224290 1272.1
1224300 1277.7
1224310 1277.7
1224320 1280.4
1224330 1285.5
1224340 1285.5
1224350 1290.5
1224360 1295.5
1224370 1295.5
1224380 1300.8
1224390 1306.4
1224400 1306.4
1224410 1312.1
1224420 1317.5
1224430 1323.3
1224440 1323.3
1224450 1329.1
1224460 1334.4
1224470 1334.4
1224480 1340.2
1224490 1346.1
1224500 1346.1
1224510 1351.5
1224520 1356.4
1224530 1356.4
1224540 1361.6
1224550 1367.3
1224560 1367.3
1224570 1373.2
1224580 1378.9
1224590 1378.9
1224600 1384.2
1224610 1389.3
1224620 1389.3
1224630 1394.4
1224640 1399.8
1224650 1405.5
1224660 1405.5
1224670 1410.7
1224680 1416.1
1224690 1416.1
1224700 1422.0
1224710 1428.9
1224720 1428.9
1224730 1436.0
1224740 1443.5
1224750 1443.5
1224760 1451.4
1224770 1459.5
1224780 1459.5
1224790 1470.1
1224800 1482.8
1224810 1480.0
1224820 1489.9
1224830 1500.9
1224840 1512.5
1224850 1512.5
1224860 1526.0
1224870 1543.6
1224880 1543.6
1224890 1557.1
1224900 1572.7
1224910 1572.7
1224920 1588.2
1224930 1601.9
1224940 1601.9
1224950 1617.2
1224960 1628.1
1224970 1628.1
1224980 1627.7
1224990 1625.2
1225000 1625.2
1225010 1632.7
1225020 1645.2
1225030 1645.2
1225040 1669.7
1225050 1710.4
1225060 1731.8
1225070 1731.8
1225080 1736.2
1225090 1738.4
1225100 1738.4
1225110 1738.5
1225120 1738.7
1225130 1738.7
1225140 1741.4
1225150 1745.0
1225160 1745.0
1225170 1749.0
1225180 1753.6
1225190 1753.6
1225200 1758.7
1225210 1763.8
1225220 1763.8
1225230 1768.1
1225240 1772.8
1225250 1772.8
1225260 1777.7
1225270 1783.1
1225280 1789.1
1225290 1789.1
1225300 1792.1
1225310 1797.5
1225320 1797.5
1225330 1802.2
1225340 1806.9
1225350 1806.9
1225360 1811.6
1225370 1815.8
1225380 1815.8
1225390 1820.2
1225400 1824.3
1225410 1824.3
1225420 1828.4
1225430 1833.6
1225440 1833.6
1225450 1838.9
1225460 1844.2
1225470 1849.7
1225480 1849.7
1225490 1855.4
1225500 1861.1
1225510 1861.1
1225520 1866.5
1225530 1871.8
1225540 1871.8
1225550 1877.0
1225560 1882.2
1225570 1882.2
1225580 1887.0
1225590 1891.4
1225600 1891.4
1225610 1895.3
1225620 1899.6
1225630 1899.6
1225640 1904.5
1225650 1910.4
1225660 1910.4
1225670 1918.1
1225680 1927.1
1225690 1936.0
1225700 1936.0
1225710 1947.6
1225720 1955.9
1225730 1955.9
1225740 1962.7
1225750 1968.5
1225760 1968.5
1225770 1973.8
1225780 1978.8
1225790 1972.4
1225800 1976.4
1225810 1979.7
1225820 1979.7
1225830 1982.3
1225840 1983.0
1225850 1983.0
1225860 1982.4
1225870 1982.3
1225880 1982.3
1225890 1981.9
1225900 1977.3
1225910 1975.1
1225920 1975.1
1225930 1976.8
1225940 1974.3
1225950 1974.3
1225960 1970.6
1225970 1968.3
1225980 1968.3
1225990 1972.5
1226000 1977.4
1226010 1977.4
1226020 1982.6
1226030 1989.3
1226040 1989.3
1226050 1992.5
1226060 1992.5
1226070 1992.5
1226080 1993.2
1226090 1996.5
1226100 1996.5
1226110 2002.8
1226120 2010.3
1226130 2016.5
1226140 2016.5
1226150 2024.4
1226160 2034.4
1226170 2034.4
1226180 2041.8
1226190 2049.0
1226200 2049.0
1226210 2058.4
1226220 2068.9
1226230 2068.9
1226240 2077.5
1226250 2083.0
1226260 2083.0
1226270 2092.0
1226280 2106.9
1226290 2106.9
1226300 2114.1
1226310 2119.2
1226320 2124.3
1226330 2124.3
1226340 2128.0
1226350 2133.6
1226360 2133.6
1226370 2140.3
1226380 2147.6
1226390 2147.6
1226400 2156.2
1226410 2165.2
1226420 2165.2
1226430 2173.5
1226440 2182.4
1226450 2182.4
1226460 2191.7
1226470 2201.4
1226480 2201.4
1226490 2210.7
1226500 2222.8
1226510 2222.8
1226520 2234.9
1226530 2242.7
1226540 2250.0
1226550 2250.0
1226560 2261.9
1226570 2272.3
1226580 2272.3
1226590 2283.9
1226600 2295.2
1226610 2295.2
1226620 2303.4
1226630 2312.4
1226640 2312.4
1226650 2323.4
1226660 2331.6
1226670 2331.6
1226680 2340.6
1226690 2350.3
1226700 2350.3
1226710 2357.9
1226720 2365.2
1226730 2365.2
1226740 2374.0
1226750 2383.0
1226760 2390.5
1226770 2386.6
1226780 2391.7
1226790 2393.7
1226800 2393.7
1226810 2397.1
1226820 2402.2
1226830 2402.2
1226840 2406.7
1226850 2411.7
1226860 2411.7
1226870 2417.0
1226880 2424.9
1226890 2424.9
1226900 2434.2
1226910 2442.2
1226920 2442.2
1226930 2446.9
1226940 2449.3
1226950 2449.3
1226960 2451.9
1226970 2454.9
1226980 2453.6
1226990 2453.6
1227000 2450.1
1227010 2449.0
1227020 2449.0
1227030 2450.5
1227040 2445.5
1227050 2445.5
1227060 2437.2
1227070 2433.3
1227080 2433.3
1227090 2429.1
1227100 2427.0
1227110 2427.0
1227120 2421.0
1227130 2419.9
1227140 2419.9
1227150 2421.5
1227160 2424.0
1227170 2426.0
1227180 2426.0
1227190 2425.9
1227200 2427.3
1227210 2427.3
1227220 2430.0
1227230 2433.7
1227240 2433.7
1227250 2438.1
1227260 2435.4
1227270 2435.4
1227280 2440.1
1227290 2444.5
1227300 2444.5
1227310 2449.5
1227320 2454.3
1227330 2454.3
1227340 2458.9
1227350 2463.9
1227360 2463.9
1227370 2468.5
1227380 2473.0
1227390 2475.2
1227400 2475.2
1227410 2477.9
1227420 2478.9
1227430 2478.9
1227440 2480.8
1227450 2482.9
1227460 2482.9
1227470 2486.1
1227480 2491.3
1227490 2491.3
1227500 2497.3
1227510 2503.6
1227520 2503.6
1227530 2509.9
1227540 2516.2
1227550 2516.2
1227560 2522.8
1227570 2529.5
1227580 2529.5
1227590 2536.0
1227600 2542.7
1227610 2549.9
1227620 2549.9
1227630 2556.9
1227640 2564.0
1227650 2564.0
1227660 2571.1
1227670 2578.4
1227680 2578.4
1227690 2585.6
1227700 2593.1
1227710 2593.1
1227720 2600.8
1227730 2608.4
1227740 2608.4
1227750 2616.1
1227760 2623.3
1227770 2623.3
1227780 2630.5
1227790 2637.6
1227800 2645.6
1227810 2645.6
1227820 2663.9
1227830 2680.5
1227840 2680.5
1227850 2697.3
1227860 2710.4
1227870 2710.4
1227880 2717.0
1227890 2719.0
1227900 2719.0
1227910 2716.4
1227920 2718.9
1227930 2718.9
1227940 2732.5
1227950 2750.0
1227960 2750.0
1227970 2767.3
1227980 2778.8
1227990 2778.8
1228000 2788.8
1228010 2801.4
1228020 2814.4
1228030 2814.4
1228040 2829.3
1228050 2847.2
1228060 2847.2
1228070 2861.6
1228080 2874.8
1228090 2874.8
1228100 2886.5
1228110 2898.9
1228120 2898.9
1228130 2905.7
1228140 2913.2
1228150 2913.2
1228160 2918.6
1228170 2923.8
1228180 2923.8
1228190 2928.1
1228200 2924.9
1228210 2924.9
1228220 2927.2
1228230 2936.6
1228240 2952.1
1228250 2957.5
1228260 2971.5
1228270 2981.5
1228280 2981.5
1228290 2986.2
1228300 3001.5
1228310 3001.5
1228320 3013.6
1228330 3030.6
1228340 3030.6
1228350 3045.6
1228360 3059.2
1228370 3059.2
1228380 3069.2
1228390 3076.6
1228400 3076.6
1228410 3089.5
1228420 3101.9
1228430 3101.9
1228440 3111.5
1228450 3120.6
1228460 3128.1
1228470 3128.1
1228480 3138.4
1228490 3145.9
1228500 3145.9
1228510 3140.9
1228520 3133.6
1228530 3133.6
1228540 3125.6
1228550 3114.7
1228560 3114.7
1228570 3104.6
1228580 3094.0
1228590 3094.0
1228600 3087.2
1228610 3084.4
1228620 3084.4
1228630 3081.9
1228640 3077.3
1228650 3072.7
1228660 3072.7
1228670 3069.0
1228680 3064.7
1228690 3064.7
1228700 3058.4
1228710 3053.7
1228720 3053.7
1228730 3046.9
1228740 3029.5
1228750 3029.5
1228760 3016.4
1228770 2999.8
1228780 2999.8
1228790 2990.0
1228800 2981.4
1228810 2981.4
1228820 2972.2
1228830 2961.8
1228840 2961.8
1228850 2951.4
1228860 2945.1
1228870 2938.9
1228880 2938.9
1228890 2931.8
1228900 2925.1
1228910 2925.1
1228920 2918.9
1228930 2911.6
1228940 2911.6
1228950 2902.1
1228960 2892.0
1228970 2892.0
1228980 2883.1
1228990 2874.4
1229000 2874.4
1229010 2868.2
1229020 2864.4
1229030 2864.4
1229040 2861.5
1229050 2855.5
1229060 2855.5
1229070 2849.6
1229080 2846.3
1229090 2844.1
1229100 2844.1
1229110 2840.6
1229120 2835.9
1229130 2835.9
1229140 2831.7
1229150 2828.2
1229160 2828.2
1229170 2826.6
1229180 2826.3
1229190 2826.3
1229200 2825.6
1229210 2825.1
1229220 2825.1
1229230 2825.4
1229240 2825.8
1229250 2825.8
1229260 2826.1
1229270 2825.0
1229280 2823.6
1229290 2823.6
1229300 2823.5
1229310 2823.6
1229320 2823.6
1229330 2823.8
1229340 2823.8
1229350 2823.8
1229360 2822.8
1229370 2821.8
1229380 2821.8
1229390 2824.2
1229400 2828.7
1229410 2828.7
1229420 2833.6
1229430 2836.4
1229440 2836.4
1229450 2837.5
1229460 2836.1
1229470 2836.1
1229480 2834.8
1229490 2834.6
1229500 2832.8
1229510 2832.8
1229520 2830.5
1229530 2825.3
1229540 2825.3
1229550 2817.8
1229560 2810.2
1229570 2810.2
1229580 2802.7
1229590 2795.2
1229600 2795.2
1229610 2787.9
1229620 2781.0
1229630 2781.0
1229640 2774.5
1229650 2768.2
1229660 2768.2
1229670 2761.8
1229680 2755.7
1229690 2755.7
1229700 2750.6
1229710 2746.8
1229720 2744.1
1229730 2743.3
1229740 2741.7
1229750 2741.4
1229760 2741.4
1229770 2741.9
1229780 2743.0
1229790 2743.0
1229800 2744.1
1229810 2745.4
1229820 2745.4
1229830 2746.3
1229840 2746.0
1229850 2746.0
1229860 2745.2
1229870 2744.1
1229880 2744.1
1229890 2743.5
1229900 2742.3
1229910 2742.3
1229920 2740.9
1229930 2739.4
1229940 2738.2
1229950 2738.2
1229960 2736.8
1229970 2734.5
1229980 2734.5
1229990 2731.1
1230000 2727.3
1230010 2727.3
1230020 2722.8
1230030 2717.1
1230040 2717.1
1230050 2712.5
1230060 2711.5
1230070 2711.5
1230080 2711.1
1230090 2708.8
1230100 2708.8
1230110 2705.9
1230120 2702.5
1230130 2699.8
1230140 2699.8
1230150 2697.3
1230160 2695.4
1230170 2695.4
1230180 2696.0
1230190 2697.6
1230200 2697.6
1230210 2695.3
1230220 2690.8
1230230 2690.0
1230240 2688.6
1230250 2687.4
1230260 2687.4
1230270 2684.9
1230280 2682.6
1230290 2682.6
1230300 2680.0
1230310 2677.9
1230320 2677.9
1230330 2676.4
1230340 2675.2
1230350 2675.6
1230360 2675.6
1230370 2675.9
1230380 2675.7
1230390 2675.7
1230400 2675.5
1230410 2675.4
1230420 2675.4
1230430 2674.7
1230440 2671.7
1230450 2671.7
1230460 2666.2
1230470 2661.2
1230480 2661.2
1230490 2656.2
1230500 2652.2
1230510 2652.2
1230520 2649.1
1230530 2647.2
1230540 2647.2
1230550 2646.8
1230560 2646.6
1230570 2645.3
1230580 2645.3
1230590 2643.3
1230600 2642.5
1230610 2642.5
1230620 2643.2
1230630 2644.2
1230640 2644.2
1230650 2645.4
1230660 2646.1
1230670 2646.1
1230680 2646.5
1230690 2646.6
1230700 2646.6
1230710 2646.7
1230720 2645.8
1230730 2643.5
1230740 2641.6
1230750 2640.0
1230760 2640.0
1230770 2638.6
1230780 2636.2
1230790 2633.6
1230800 2633.6
1230810 2630.7
1230820 2628.9
1230830 2628.9
1230840 2628.2
1230850 2628.7
1230860 2628.7
1230870 2631.3
1230880 2633.2
1230890 2633.2
1230900 2631.0
1230910 2627.6
1230920 2627.6
1230930 2625.1
1230940 2624.1
1230950 2624.1
1230960 2625.1
1230970 2626.9
1230980 2627.2
1230990 2627.2
1231000 2626.0
1231010 2624.3
1231020 2624.3
1231030 2621.3
1231040 2616.3
1231050 2616.3
1231060 2611.5
1231070 2606.5
1231080 2606.5
1231090 2602.6
1231100 2603.7
1231110 2603.7
1231120 2604.3
1231130 2604.0
1231140 2604.0
1231150 2604.9
1231160 2605.0
1231170 2605.0
1231180 2604.8
1231190 2604.4
1231200 2604.9
1231210 2604.9
1231220 2602.9
1231230 2601.5
1231240 2601.5
1231250 2596.1
1231260 2596.0
1231270 2596.0
1231280 2596.4
1231290 2595.0
1231300 2595.0
1231310 2592.8
1231320 2590.3
1231330 2590.3
1231340 2587.4
1231350 2586.2
1231360 2586.2
1231370 2587.7
1231380 2589.5
1231390 2589.5
1231400 2590.1
1231410 2590.5
1231420 2591.6
1231430 2591.6
1231440 2595.4
1231450 2599.5
1231460 2599.5
1231470 2602.7
1231480 2605.8
1231490 2605.8
1231500 2608.5
1231510 2610.7
1231520 2610.7
1231530 2611.8
1231540 2613.7
1231550 2613.7
1231560 2616.6
1231570 2619.1
1231580 2619.1
1231590 2620.6
1231600 2621.3
1231610 2622.3
1231620 2622.3
1231630 2624.3
1231640 2625.8
1231650 2625.8
1231660 2625.7
1231670 2626.7
1231680 2626.7
1231690 2629.0
1231700 2633.0
1231710 2633.0
1231720 2637.2
1231730 2648.6
1231740 2648.6
1231750 2652.8
1231760 2657.1
1231770 2657.1
1231780 2661.6
1231790 2665.5
1231800 2665.5
1231810 2672.8
1231820 2678.6
1231830 2673.9
1231840 2673.9
1231850 2666.1
1231860 2662.6
1231870 2662.6
1231880 2663.6
1231890 2666.3
1231900 2666.3
1231910 2669.3
1231920 2671.6
1231930 2671.6
1231940 2670.4
1231950 2665.7
1231960 2665.7
1231970 2662.8
1231980 2654.5
1231990 2654.5
1232000 2639.7
1232010 2628.6
1232020 2628.6
1232030 2623.2
1232040 2620.9
1232050 2615.6
1232060 2615.6
1232070 2612.7
1232080 2614.5
1232090 2614.5
1232100 2613.9
1232110 2609.9
1232120 2609.9
1232130 2609.2
1232140 2610.6
1232150 2610.6
1232160 2615.8
1232170 2614.1
1232180 2614.1
1232190 2611.3
1232200 2613.9
1232210 2613.9
1232220 2614.3
1232230 2617.9
1232240 2617.9
1232250 2613.4
1232260 2609.9
1232270 2609.3
1232280 2609.3
1232290 2610.5
1232300 2612.8
1232310 2612.8
1232320 2613.8
1232330 2613.5
1232340 2613.5
1232350 2613.1
1232360 2613.1
1232370 2613.1
1232380 2613.0
1232390 2612.1
1232400 2612.1
1232410 2612.2
1232420 2612.9
1232430 2612.9
1232440 2614.7
1232450 2613.8
1232460 2606.5
1232470 2606.5
1232480 2598.8
1232490 2594.0
1232500 2594.0
1232510 2591.8
1232520 2590.2
1232530 2590.2
1232540 2584.5
1232550 2570.1
1232560 2570.1
1232570 2558.2
1232580 2550.6
1232590 2550.6
1232600 2543.9
1232610 2535.2
1232620 2535.2
1232630 2525.5
1232640 2516.9
1232650 2516.9
1232660 2509.9
1232670 2504.5
1232680 2500.5
1232690 2500.5
1232700 2497.3
1232710 2495.7
1232720 2495.7
1232730 2496.7
1232740 2494.4
1232750 2494.4
1232760 2491.9
1232770 2488.6
1232780 2488.6
1232790 2484.1
1232800 2479.1
1232810 2479.1
1232820 2477.4
1232830 2478.0
1232840 2478.0
1232850 2475.5
1232860 2469.8
1232870 2469.8
1232880 2467.4
1232890 2464.5
1232900 2460.0
1232910 2460.0
1232920 2454.6
1232930 2449.4
1232940 2449.4
1232950 2442.4
1232960 2434.3
1232970 2434.3
1232980 2425.6
1232990 2415.1
1233000 2415.1
1233010 2407.2
1233020 2400.6
1233030 2400.6
1233040 2393.6
1233050 2385.8
1233060 2385.8
1233070 2378.5
1233080 2372.7
1233090 2368.4
1233100 2368.4
1233110 2363.7
1233120 2360.3
1233130 2360.3
1233140 2356.7
1233150 2352.0
1233160 2352.0
1233170 2347.5
1233180 2344.2
1233190 2344.2
1233200 2341.6
1233210 2337.7
1233220 2337.7
1233230 2335.0
1233240 2340.9
1233250 2340.9
1233260 2335.9
1233270 2332.9
1233280 2332.9
1233290 2332.3
1233300 2330.4
1233310 2325.6
1233320 2325.6
1233330 2323.9
1233340 2325.6
1233350 2325.6
1233360 2329.1
1233370 2330.4
1233380 2330.4
1233390 2332.8
1233400 2333.8
1233410 2333.8
1233420 2332.7
1233430 2332.6
1233440 2332.6
1233450 2334.1
1233460 2335.4
1233470 2335.4
1233480 2331.6
1233490 2327.4
1233500 2327.4
1233510 2326.6
1233520 2324.4
1233530 2323.2
1233540 2323.2
1233550 2322.0
1233560 2317.3
1233570 2317.3
1233580 2308.7
1233590 2302.6
1233600 2302.6
1233610 2299.0
1233620 2297.8
1233630 2297.8
1233640 2297.4
1233650 2296.4
1233660 2296.4
1233670 2294.7
1233680 2293.3
1233690 2293.3
1233700 2291.9
1233710 2290.7
1233720 2290.7
1233730 2290.2
1233740 2291.3
1233750 2286.4
1233760 2286.4
1233770 2278.9
1233780 2280.6
1233790 2280.6
1233800 2289.0
1233810 2293.0
1233820 2293.0
1233830 2297.3
1233840 2302.2
1233850 2302.2
1233860 2307.6
1233870 2313.5
1233880 2313.5
1233890 2319.3
1233900 2325.2
1233910 2325.2
1233920 2329.1
1233930 2332.1
1233940 2334.9
1233950 2334.9
1233960 2338.7
1233970 2342.6
1233980 2342.6
1233990 2345.9
1234000 2350.2
1234010 2350.2
1234020 2355.1
1234030 2360.8
1234040 2360.8
1234050 2367.4
1234060 2374.8
1234070 2374.8
1234080 2382.7
1234090 2389.8
1234100 2389.8
1234110 2395.4
1234120 2402.9
1234130 2402.9
1234140 2411.3
1234150 2417.3
1234160 2424.8
1234170 2424.8
1234180 2433.0
1234190 2443.5
1234200 2443.5
1234210 2452.3
1234220 2473.7
1234230 2473.7
1234240 2504.5
1234250 2519.1
1234260 2519.1
1234270 2528.5
1234280 2535.2
1234290 2535.2
1234300 2541.6
1234310 2547.9
1234320 2547.9
1234330 2555.7
1234340 2568.4
1234350 2568.4
1234360 2579.7
1234370 2589.6
1234380 2597.8
1234390 2597.8
1234400 2606.3
1234410 2615.1
1234420 2615.1
1234430 2622.0
1234440 2628.5
1234450 2628.5
1234460 2634.9
1234470 2642.8
1234480 2642.8
1234490 2654.9
1234500 2667.3
1234510 2667.3
1234520 2678.5
1234530 2687.9
1234540 2687.9
1234550 2698.2
1234560 2706.9
1234570 2715.6
1234580 2715.6
1234590 2724.3
1234600 2726.1
1234610 2726.1
1234620 2728.6
1234630 2732.0
1234640 2732.0
1234650 2741.1
1234660 2748.7
1234670 2748.7
1234680 2756.9
1234690 2767.1
1234700 2767.1
1234710 2776.0
1234720 2783.8
1234730 2783.8
1234740 2792.7
1234750 2798.6
1234760 2798.6
1234770 2807.8
1234780 2818.9
1234790 2827.0
1234800 2827.0
1234810 2836.4
1234820 2845.6
1234830 2845.6
1234840 2854.1
1234850 2864.6
1234860 2864.6
1234870 2876.8
1234880 2886.5
1234890 2886.5
1234900 2895.8
1234910 2905.0
1234920 2905.0
1234930 2916.9
1234940 2924.7
1234950 2924.7
1234960 2933.6
1234970 2942.5
1234980 2942.5
1234990 2952.5
1235000 2966.4
1235010 2980.2
1235020 2980.2
1235030 2990.6
1235040 3001.9
1235050 3001.9
1235060 3008.5
1235070 3016.9
1235080 3016.9
1235090 3028.7
1235100 3040.7
1235110 3040.7
1235120 3053.6
1235130 3059.5
1235140 3059.5
1235150 3051.4
1235160 3040.3
1235170 3040.3
1235180 3031.2
1235190 3024.0
1235200 3024.0
1235210 3017.0
1235220 3008.1
1235230 2998.3
1235240 2998.3
1235250 2990.7
1235260 2982.0
1235270 2982.0
1235280 2975.6
1235290 2969.0
1235300 2969.0
1235310 2962.5
1235320 2956.4
1235330 2956.4
1235340 2951.3
1235350 2945.0
1235360 2945.0
1235370 2938.0
1235380 2930.6
1235390 2930.6
1235400 2924.0
1235410 2918.1
1235420 2911.5
1235430 2911.5
1235440 2905.5
1235450 2897.9
1235460 2897.9
1235470 2890.7
1235480 2886.2
1235490 2886.2
1235500 2884.7
1235510 2885.7
1235520 2885.7
1235530 2887.9
1235540 2890.7
1235550 2890.7
1235560 2894.0
1235570 2897.8
1235580 2897.8
1235590 2901.8
1235600 2905.9
1235610 2905.9
1235620 2909.8
1235630 2913.4
1235640 2916.8
1235650 2916.8
1235660 2920.1
1235670 2923.4
1235680 2923.4
1235690 2926.4
1235700 2930.2
1235710 2930.2
1235720 2933.3
1235730 2936.0
1235740 2936.0
1235750 2938.6
1235760 2941.1
1235770 2943.3
1235780 2945.4
1235790 2947.4
1235800 2947.4
1235810 2949.4
1235820 2951.1
1235830 2951.1
1235840 2952.6
1235850 2954.1
1235860 2955.5
1235870 2955.5
1235880 2956.3
1235890 2956.4
1235900 2956.4
1235910 2956.2
1235920 2956.0
1235930 2956.0
1235940 2955.8
1235950 2955.7
1235960 2955.7
1235970 2955.9
1235980 2956.4
1235990 2956.4
1236000 2957.1
1236010 2957.6
1236020 2957.6
1236030 2958.1
1236040 2959.0
1236050 2959.0
1236060 2959.5
1236070 2958.9
1236080 2957.4
1236090 2957.4
1236100 2956.0
1236110 2957.9
1236120 2957.9
1236130 2959.9
1236140 2961.9
1236150 2961.9
1236160 2963.9
1236170 2966.0
1236180 2966.0
1236190 2968.0
1236200 2970.2
1236210 2970.2
1236220 2973.1
1236230 2976.7
1236240 2976.7
1236250 2981.2
1236260 2987.9
1236270 3004.3
1236280 3011.3
1236290 3040.9
1236300 3059.9
1236310 3059.9
1236320 3072.3
1236330 3083.4
1236340 3083.4
1236350 3095.1
1236360 3107.1
1236370 3107.1
1236380 3115.0
1236390 3123.4
1236400 3123.4
1236410 3131.5
1236420 3138.1
1236430 3138.1
1236440 3146.7
1236450 3157.4
1236460 3157.4
1236470 3167.7
1236480 3177.9
1236490 3188.5
1236500 3188.5
1236510 3199.1
1236520 3209.3
1236530 3209.3
1236540 3221.0
1236550 3234.7
1236560 3234.7
1236570 3247.3
1236580 3256.5
1236590 3256.5
1236600 3262.0
1236610 3263.7
1236620 3263.7
1236630 3264.2
1236640 3254.7
1236650 3254.7
1236660 3248.6
1236670 3244.4
1236680 3244.4
1236690 3237.5
1236700 3231.2
1236710 3220.8
1236720 3220.8
1236730 3212.4
1236740 3212.7
1236750 3212.7
1236760 3210.8
1236770 3207.6
1236780 3207.6
1236790 3215.1
1236800 3209.4
1236810 3209.4
1236820 3203.4
1236830 3199.2
1236840 3199.2
1236850 3194.8
1236860 3192.0
1236870 3192.0
1236880 3192.7
1236890 3193.1
1236900 3193.2
1236910 3193.2
1236920 3193.4
1236930 3193.8
1236940 3193.8
1236950 3194.2
1236960 3195.4
1236970 3195.4
1236980 3198.8
1236990 3201.5
1237000 3201.5
1237010 3201.4
1237020 3200.4
1237030 3200.4
1237040 3201.9
1237050 3202.0
1237060 3202.0
1237070 3200.3
1237080 3199.9
1237090 3199.9
1237100 3200.5
1237110 3204.1
1237120 3206.7
1237130 3206.7
1237140 3211.0
1237150 3218.4
1237160 3218.4
1237170 3229.2
1237180 3237.1
1237190 3237.1
1237200 3234.8
1237210 3224.8
1237220 3224.8
1237230 3213.2
1237240 3201.0
1237250 3201.0
1237260 3187.3
1237270 3172.9
1237280 3172.9
1237290 3160.5
1237300 3146.3
1237310 3146.3
1237320 3133.4
1237330 3117.5
1237340 3110.1
1237350 3110.1
1237360 3112.4
1237370 3118.8
1237380 3118.8
1237390 3125.8
1237400 3136.2
1237410 3136.2
1237420 3147.8
1237430 3150.9
1237440 3150.9
1237450 3149.4
1237460 3154.3
1237470 3154.3
1237480 3145.1
1237490 3134.0
1237500 3134.0
1237510 3123.7
1237520 3112.8
1237530 3112.8
1237540 3108.1
1237550 3108.5
1237560 3103.2
1237570 3103.2
1237580 3098.4
1237590 3093.8
1237600 3093.8
1237610 3089.9
1237620 3088.3
1237630 3088.3
1237640 3084.2
1237650 3078.4
1237660 3078.4
1237670 3068.7
1237680 3050.1
1237690 3050.1
1237700 3035.6
1237710 3038.9
1237720 3038.9
1237730 3058.9
1237740 3066.9
1237750 3061.6
1237760 3061.6
1237770 3053.7
1237780 3038.4
1237790 3038.4
1237800 3033.2
1237810 3018.1
1237820 3018.1
1237830 3015.7
1237840 3011.5
1237850 3011.5
1237860 3011.8
1237870 3008.9
1237880 3008.9
1237890 3002.5
1237900 2996.8
1237910 2996.8
1237920 2989.5
1237930 2985.9
1237940 2985.9
1237950 2986.5
1237960 2979.8
1237970 2970.0
1237980 2970.0
1237990 2965.1
1238000 2964.4
1238010 2964.4
1238020 2968.2
1238030 2963.8
1238040 2963.8
1238050 2957.1
1238060 2949.6
1238070 2949.6
1238080 2930.9
1238090 2927.1
1238100 2927.1
1238110 2933.4
1238120 2935.8
1238130 2935.8
1238140 2933.1
1238150 2931.4
1238160 2931.4
1238170 2928.8
1238180 2925.3
1238190 2920.6
1238200 2920.6
1238210 2915.5
1238220 2916.3
1238230 2916.3
1238240 2912.4
1238250 2906.7
1238260 2906.7
1238270 2901.4
1238280 2899.8
1238290 2899.8
1238300 2899.8
1238310 2897.4
1238320 2897.4
1238330 2883.7
1238340 2878.9
1238350 2878.9
1238360 2870.8
1238370 2861.7
1238380 2856.6
1238390 2856.6
1238400 2847.8
1238410 2835.3
1238420 2835.3
1238430 2826.6
1238440 2826.2
1238450 2826.2
1238460 2828.8
1238470 2834.6
1238480 2834.6
1238490 2834.6
1238500 2827.7
1238510 2827.7
1238520 2817.2
1238530 2814.3
1238540 2814.3
1238550 2807.3
1238560 2801.1
1238570 2801.1
1238580 2798.0
1238590 2804.5
1238600 2807.1
1238610 2807.1
1238620 2812.1
1238630 2811.5
1238640 2811.5
1238650 2797.8
1238660 2785.9
1238670 2785.9
1238680 2786.5
1238690 2800.4
1238700 2800.4
1238710 2794.7
1238720 2772.5
1238730 2772.5
1238740 2759.9
1238750 2755.8
1238760 2755.8
1238770 2751.4
1238780 2743.1
1238790 2743.1
1238800 2750.2
1238810 2755.9
1238820 2752.0
1238830 2752.0
1238840 2730.8
1238850 2737.6
1238860 2737.6
1238870 2733.3
1238880 2731.4
1238890 2731.4
1238900 2729.2
1238910 2724.1
1238920 2724.1
1238930 2719.6
1238940 2716.0
1238950 2716.0
1238960 2710.9
1238970 2707.8
1238980 2707.8
1238990 2707.4
1239000 2704.6
1239010 2704.6
1239020 2702.6
1239030 2699.8
1239040 2696.8
1239050 2696.8
1239060 2698.3
1239070 2696.7
1239080 2696.7
1239090 2697.7
1239100 2704.7
1239110 2704.7
1239120 2710.9
1239130 2710.7
1239140 2710.7
1239150 2708.5
1239160 2705.2
1239170 2705.2
1239180 2702.3
1239190 2701.5
1239200 2701.5
1239210 2697.9
1239220 2694.0
1239230 2693.1
1239240 2693.1
1239250 2693.4
1239260 2694.6
1239270 2694.6
1239280 2695.0
1239290 2694.7
1239300 2694.7
1239310 2694.2
1239320 2694.3
1239330 2694.3
1239340 2695.1
1239350 2695.0
1239360 2694.8
1239370 2694.5
1239380 2693.7
1239390 2693.7
1239400 2691.8
1239410 2688.0
1239420 2688.0
1239430 2683.3
1239440 2678.8
1239450 2675.2
1239460 2675.2
1239470 2671.7
1239480 2668.8
1239490 2668.8
1239500 2666.7
1239510 2666.9
1239520 2666.9
1239530 2667.1
1239540 2667.0
1239550 2667.0
1239560 2664.9
1239570 2663.9
1239580 2663.9
1239590 2663.7
1239600 2664.2
1239610 2664.2
1239620 2664.2
1239630 2663.7
1239640 2663.7
1239650 2665.0
1239660 2664.8
1239670 2663.0
1239680 2663.0
1239690 2661.1
1239700 2656.1
1239710 2656.1
1239720 2651.7
1239730 2648.7
1239740 2648.7
1239750 2646.1
1239760 2642.7
1239770 2642.7
1239780 2640.9
1239790 2635.7
1239800 2635.7
1239810 2632.5
1239820 2628.7
1239830 2628.7
1239840 2624.9
1239850 2621.6
1239860 2619.9
1239870 2619.9
1239880 2616.8
1239890 2614.3
1239900 2614.3
1239910 2611.7
1239920 2609.2
1239930 2609.2
1239940 2607.9
1239950 2605.1
1239960 2605.1
1239970 2601.6
1239980 2599.0
1239990 2599.0
