1220000 1984.8
1220010 1984.3
1220020 1984.3
1220030 1984.7
1220040 1985.2
1220050 1986.2
1220060 1986.2
1220070 1988.4
1220080 1991.7
1220090 1995.9
1220100 2000.3
1220110 2003.5
1220120 2003.5
1220130 2004.1
1220140 2004.8
1220150 2004.8
1220160 2005.7
1220170 2005.7
1220180 2005.7
1220190 2004.3
1220200 2003.2
1220210 2003.2
1220220 2004.0
1220230 2005.2
1220240 2005.2
1220250 2007.3
1220260 2008.9
1220270 2010.0
1220280 2010.0
1220290 2011.4
1220300 2012.5
1220310 2012.5
1220320 2012.7
1220330 2012.1
1220340 2012.1
1220350 2010.1
1220360 2006.4
1220370 2006.4
1220380 2003.0
1220390 2002.6
1220400 2002.6
1220410 2002.2
1220420 2001.9
1220430 2001.9
1220440 2001.3
1220450 2000.9
1220460 2000.9
1220470 2002.1
1220480 2002.6
1220490 1999.7
1220500 1999.7
1220510 1997.2
1220520 1994.3
1220530 1994.3
1220540 1990.3
1220550 1983.2
1220560 1983.2
1220570 1985.0
1220580 1981.8
1220590 1981.8
1220600 1977.7
1220610 1971.3
1220620 1971.3
1220630 1961.5
1220640 1952.5
1220650 1952.5
1220660 1950.4
1220670 1946.3
1220680 1944.3
1220690 1944.3
1220700 1942.8
1220710 1940.6
1220720 1940.6
1220730 1937.5
1220740 1931.6
1220750 1931.6
1220760 1923.0
1220770 1912.2
1220780 1912.2
1220790 1901.7
1220800 1894.5
1220810 1894.5
1220820 1890.3
1220830 1885.8
1220840 1885.8
1220850 1882.5
1220860 1878.7
1220870 1878.7
1220880 1875.6
1220890 1871.7
1220900 1867.7
1220910 1867.7
1220920 1863.2
1220930 1858.8
1220940 1858.8
1220950 1854.3
1220960 1850.3
1220970 1850.3
1220980 1844.5
1220990 1835.5
1221000 1835.5
1221010 1829.0
1221020 1823.8
1221030 1823.8
1221040 1819.8
1221050 1826.3
1221060 1826.3
1221070 1823.7
1221080 1821.6
1221090 1821.6
1221100 1817.4
1221110 1811.0
1221120 1801.6
1221130 1801.6
1221140 1796.0
1221150 1790.4
1221160 1790.4
1221170 1787.1
1221180 1781.2
1221190 1781.2
1221200 1765.7
1221210 1758.8
1221220 1758.8
1221230 1754.7
1221240 1749.1
1221250 1749.1
1221260 1743.7
1221270 1738.1
1221280 1738.1
1221290 1731.5
1221300 1724.7
1221310 1724.7
1221320 1718.9
1221330 1714.4
1221340 1714.8
1221350 1714.8
1221360 1715.6
1221370 1711.9
1221380 1711.9
1221390 1705.3
1221400 1692.0
1221410 1692.0
1221420 1679.5
1221430 1670.1
1221440 1670.1
1221450 1660.5
1221460 1654.7
1221470 1654.7
1221480 1651.0
1221490 1643.7
1221500 1643.7
1221510 1639.0
1221520 1635.1
1221530 1639.6
1221540 1639.6
1221550 1631.4
1221560 1624.1
1221570 1624.1
1221580 1623.0
1221590 1622.2
1221600 1622.2
1221610 1619.1
1221620 1615.5
1221630 1615.5
1221640 1611.2
1221650 1604.1
1221660 1604.1
1221670 1597.8
1221680 1600.0
1221690 1600.0
1221700 1602.4
1221710 1601.7
1221720 1601.7
1221730 1599.7
1221740 1597.5
1221750 1595.1
1221760 1595.1
1221770 1592.7
1221780 1589.2
1221790 1589.2
1221800 1584.6
1221810 1579.2
1221820 1579.2
1221830 1574.4
1221840 1570.3
1221850 1570.3
1221860 1565.5
1221870 1560.3
1221880 1560.3
1221890 1554.9
1221900 1548.1
1221910 1548.1
1221920 1542.4
1221930 1536.8
1221940 1536.8
1221950 1531.0
1221960 1525.3
1221970 1518.0
1221980 1518.0
1221990 1509.6
1222000 1502.2
1222010 1506.5
1222020 1500.0
1222030 1495.7
1222040 1495.7
1222050 1495.6
1222060 1493.7
1222070 1493.7
1222080 1490.1
1222090 1485.9
1222100 1485.9
1222110 1482.7
1222120 1477.9
1222130 1477.9
1222140 1472.5
1222150 1466.9
1222160 1466.9
1222170 1461.7
1222180 1457.7
1222190 1455.6
1222200 1455.6
1222210 1453.8
1222220 1451.9
1222230 1451.9
1222240 1450.2
1222250 1448.2
1222260 1448.2
1222270 1445.5
1222280 1444.1
1222290 1444.1
1222300 1443.0
1222310 1442.7
1222320 1442.7
1222330 1440.3
1222340 1437.2
1222350 1437.2
1222360 1436.3
1222370 1436.5
1222380 1436.5
1222390 1436.2
1222400 1436.7
1222410 1439.2
1222420 1439.2
1222430 1446.2
1222440 1452.1
1222450 1452.1
1222460 1458.7
1222470 1466.5
1222480 1466.5
1222490 1473.3
1222500 1478.6
1222510 1478.6
1222520 1483.3
1222530 1488.2
1222540 1488.2
1222550 1493.3
1222560 1499.0
1222570 1499.0
1222580 1503.8
1222590 1506.9
1222600 1512.1
1222610 1512.1
1222620 1520.5
1222630 1531.4
1222640 1531.4
1222650 1539.4
1222660 1544.8
1222670 1544.8
1222680 1553.4
1222690 1560.3
1222700 1560.3
1222710 1565.4
1222720 1569.0
1222730 1569.0
1222740 1572.2
1222750 1575.1
1222760 1575.1
1222770 1575.6
1222780 1576.6
1222790 1576.6
1222800 1577.9
1222810 1576.8
1222820 1575.5
1222830 1575.5
1222840 1573.2
1222850 1567.2
1222860 1567.2
1222870 1558.5
1222880 1549.1
1222890 1549.1
1222900 1541.1
1222910 1531.9
1222920 1531.9
1222930 1522.0
1222940 1510.1
1222950 1510.1
1222960 1499.6
1222970 1493.4
1222980 1474.0
1222990 1460.4
1223000 1448.0
1223010 1448.0
1223020 1441.5
1223030 1435.8
1223040 1430.3
1223050 1430.3
1223060 1424.4
1223070 1417.7
1223080 1417.7
1223090 1411.7
1223100 1406.9
1223110 1406.9
1223120 1402.6
1223130 1398.4
1223140 1398.4
1223150 1393.7
1223160 1387.3
1223170 1387.3
1223180 1374.8
1223190 1362.6
1223200 1362.6
1223210 1357.0
1223220 1344.6
1223230 1344.6
1223240 1326.6
1223250 1296.6
1223260 1269.1
1223270 1269.1
1223280 1259.4
1223290 1251.8
1223300 1251.8
1223310 1244.5
1223320 1237.6
1223330 1237.6
1223340 1230.5
1223350 1223.6
1223360 1223.6
1223370 1217.4
1223380 1214.3
1223390 1214.3
1223400 1212.2
1223410 1212.0
1223420 1212.0
1223430 1211.7
1223440 1211.3
1223450 1211.4
1223460 1211.6
1223470 1211.7
1223480 1211.8
1223490 1211.8
1223500 1212.8
1223510 1214.8
1223520 1214.8
1223530 1216.5
1223540 1216.1
1223550 1216.1
1223560 1216.2
1223570 1216.2
1223580 1216.2
1223590 1216.2
1223600 1216.3
1223610 1216.3
1223620 1218.6
1223630 1218.5
1223640 1218.5
1223650 1217.8
1223660 1216.9
1223670 1216.7
1223680 1216.7
1223690 1216.8
1223700 1216.6
1223710 1216.6
1223720 1216.4
1223730 1216.7
1223740 1216.7
1223750 1216.8
1223760 1216.8
1223770 1216.8
1223780 1216.7
1223790 1216.6
1223800 1216.6
1223810 1216.3
1223820 1216.6
1223830 1216.6
1223840 1216.5
1223850 1216.3
1223860 1216.3
1223870 1219.7
1223880 1223.3
1223890 1224.4
1223900 1224.4
1223910 1226.9
1223920 1229.0
1223930 1229.0
1223940 1232.3
1223950 1237.4
1223960 1237.4
1223970 1242.8
1223980 1248.6
1223990 1248.6
1224000 1254.6
1224010 1262.3
1224020 1262.3
1224030 1277.2
1224040 1297.0
1224050 1297.0
1224060 1310.6
1224070 1320.7
1224080 1320.7
1224090 1341.4
1224100 1361.6
1224110 1385.8
1224120 1385.8
1224130 1399.2
1224140 1408.1
1224150 1408.1
1224160 1416.2
1224170 1427.7
1224180 1427.7
1224190 1432.5
1224200 1432.5
1224210 1432.5
1224220 1439.0
1224230 1449.6
1224240 1449.6
1224250 1458.6
1224260 1467.3
1224270 1467.3
1224280 1480.1
1224290 1488.4
1224300 1494.5
1224310 1494.5
1224320 1500.5
1224330 1505.8
1224340 1505.8
1224350 1510.2
1224360 1512.0
1224370 1512.0
1224380 1510.6
1224390 1508.9
1224400 1508.9
1224410 1507.3
1224420 1503.1
1224430 1495.8
1224440 1487.0
1224450 1475.2
1224460 1475.2
1224470 1474.2
1224480 1479.5
1224490 1479.5
1224500 1484.7
1224510 1490.7
1224520 1498.6
1224530 1498.6
1224540 1507.7
1224550 1515.7
1224560 1515.7
1224570 1524.7
1224580 1539.5
1224590 1539.5
1224600 1566.2
1224610 1597.8
1224620 1597.8
1224630 1617.8
1224640 1629.8
1224650 1629.8
1224660 1640.9
1224670 1654.0
1224680 1654.0
1224690 1669.9
1224700 1692.3
1224710 1692.3
1224720 1717.4
1224730 1735.1
1224740 1743.3
1224750 1743.3
1224760 1751.5
1224770 1762.8
1224780 1762.8
1224790 1770.7
1224800 1777.1
1224810 1777.1
1224820 1784.8
1224830 1794.2
1224840 1794.2
1224850 1801.3
1224860 1806.7
1224870 1806.7
1224880 1812.2
1224890 1818.3
1224900 1818.3
1224910 1824.2
1224920 1831.6
1224930 1831.6
1224940 1838.0
1224950 1845.6
1224960 1851.9
1224970 1851.9
1224980 1859.5
1224990 1868.5
1225000 1868.5
1225010 1884.5
1225020 1900.9
1225030 1900.9
1225040 1918.9
1225050 1933.3
1225060 1933.3
1225070 1946.2
1225080 1956.9
1225090 1956.9
1225100 1964.7
1225110 1968.6
1225120 1968.6
1225130 1970.3
1225140 1971.4
1225150 1972.8
1225160 1972.8
1225170 1974.9
1225180 1978.4
1225190 1978.4
1225200 1983.1
1225210 1986.7
1225220 1986.7
1225230 1990.1
1225240 1994.2
1225250 1994.2
1225260 1999.9
1225270 2013.1
1225280 2013.1
1225290 2027.0
1225300 2037.8
1225310 2037.8
1225320 2045.8
1225330 2052.4
1225340 2052.4
1225350 2054.5
1225360 2056.8
1225370 2059.5
1225380 2059.5
1225390 2062.2
1225400 2066.4
1225410 2062.7
1225420 2069.8
1225430 2078.3
1225440 2078.3
1225450 2086.8
1225460 2097.5
1225470 2097.5
1225480 2107.9
1225490 2114.5
1225500 2114.5
1225510 2126.2
1225520 2140.3
1225530 2140.3
1225540 2152.0
1225550 2158.3
1225560 2158.3
1225570 2166.5
1225580 2173.8
1225590 2183.5
1225600 2183.5
1225610 2191.9
1225620 2199.3
1225630 2199.3
1225640 2206.7
1225650 2214.4
1225660 2214.4
1225670 2221.6
1225680 2226.2
1225690 2226.2
1225700 2231.3
1225710 2238.8
1225720 2238.8
1225730 2247.2
1225740 2257.2
1225750 2257.2
1225760 2264.8
1225770 2271.4
1225780 2271.4
1225790 2277.1
1225800 2284.6
1225810 2287.9
1225820 2287.9
1225830 2290.9
1225840 2295.1
1225850 2295.1
1225860 2298.3
1225870 2304.7
1225880 2304.7
1225890 2310.1
1225900 2307.8
1225910 2307.8
1225920 2311.3
1225930 2315.6
1225940 2315.6
1225950 2319.7
1225960 2323.9
1225970 2323.9
1225980 2329.2
1225990 2334.6
1226000 2340.9
1226010 2340.9
1226020 2344.9
1226030 2349.4
1226040 2349.4
1226050 2354.4
1226060 2357.6
1226070 2357.6
1226080 2361.3
1226090 2366.0
1226100 2366.0
1226110 2370.6
1226120 2375.1
1226130 2375.1
1226140 2379.0
1226150 2383.3
1226160 2383.3
1226170 2388.1
1226180 2393.4
1226190 2393.4
1226200 2398.7
1226210 2404.0
1226220 2409.9
1226230 2409.9
1226240 2416.0
1226250 2421.2
1226260 2421.2
1226270 2426.3
1226280 2430.9
1226290 2430.9
1226300 2435.0
1226310 2437.9
1226320 2437.9
1226330 2440.4
1226340 2444.3
1226350 2444.3
1226360 2448.3
1226370 2451.7
1226380 2451.7
1226390 2449.0
1226400 2451.6
1226410 2451.6
1226420 2454.3
1226430 2456.3
1226440 2457.2
1226450 2457.2
1226460 2456.8
1226470 2455.2
1226480 2455.2
1226490 2453.3
1226500 2448.7
1226510 2448.7
1226520 2445.4
1226530 2444.5
1226540 2444.5
1226550 2445.5
1226560 2447.4
1226570 2447.4
1226580 2449.4
1226590 2451.6
1226600 2451.6
1226610 2453.7
1226620 2456.1
1226630 2456.1
1226640 2459.3
1226650 2462.9
1226660 2467.2
1226670 2467.2
1226680 2471.4
1226690 2474.9
1226700 2474.9
1226710 2478.1
1226720 2481.4
1226730 2481.4
1226740 2484.5
1226750 2487.6
1226760 2487.6
1226770 2491.4
1226780 2495.1
1226790 2495.1
1226800 2498.4
1226810 2501.6
1226820 2501.6
1226830 2504.9
1226840 2508.4
1226850 2512.5
1226860 2512.5
1226870 2517.0
1226880 2519.9
1226890 2519.9
1226900 2525.1
1226910 2530.6
1226920 2530.6
1226930 2536.0
1226940 2541.5
1226950 2541.5
1226960 2547.5
1226970 2559.0
1226980 2559.0
1226990 2572.0
1227000 2581.7
1227010 2581.7
1227020 2590.5
1227030 2598.0
1227040 2598.0
1227050 2604.7
1227060 2611.2
1227070 2617.6
1227080 2617.6
1227090 2624.3
1227100 2632.7
1227110 2632.7
1227120 2640.6
1227130 2648.6
1227140 2648.6
1227150 2657.8
1227160 2666.5
1227170 2666.5
1227180 2674.3
1227190 2682.4
1227200 2682.4
1227210 2691.6
1227220 2702.3
1227230 2702.3
1227240 2712.7
1227250 2723.8
1227260 2723.8
1227270 2733.2
1227280 2744.5
1227290 2755.5
1227300 2755.5
1227310 2766.2
1227320 2777.6
1227330 2777.6
1227340 2779.0
1227350 2783.7
1227360 2783.7
1227370 2799.2
1227380 2804.4
1227390 2804.4
1227400 2808.0
1227410 2814.6
1227420 2814.6
1227430 2820.9
1227440 2827.6
1227450 2827.6
1227460 2835.5
1227470 2844.1
1227480 2844.1
1227490 2852.2
1227500 2862.5
1227510 2872.0
1227520 2872.0
1227530 2881.9
1227540 2894.2
1227550 2894.2
1227560 2908.0
1227570 2916.8
1227580 2916.8
1227590 2925.7
1227600 2934.5
1227610 2934.5
1227620 2944.7
1227630 2955.2
1227640 2955.2
1227650 2961.8
1227660 2968.4
1227670 2968.4
1227680 2975.7
1227690 2983.6
1227700 2983.6
1227710 2992.3
1227720 2998.7
1227730 2995.7
1227740 2995.7
1227750 2984.8
1227760 2974.6
1227770 2974.6
1227780 2962.7
1227790 2952.0
1227800 2952.0
1227810 2944.6
1227820 2937.4
1227830 2937.4
1227840 2930.0
1227850 2923.1
1227860 2925.7
1227870 2918.7
1227880 2911.4
1227890 2911.4
1227900 2903.9
1227910 2896.5
1227920 2889.8
1227930 2889.8
1227940 2884.9
1227950 2882.2
1227960 2882.2
1227970 2880.2
1227980 2877.6
1227990 2877.6
1228000 2874.2
1228010 2870.2
1228020 2870.2
1228030 2867.1
1228040 2863.7
1228050 2863.7
1228060 2860.7
1228070 2857.0
1228080 2857.0
1228090 2853.8
1228100 2850.7
1228110 2850.7
1228120 2847.6
1228130 2844.8
1228140 2842.4
1228150 2842.4
1228160 2840.6
1228170 2839.2
1228180 2839.2
1228190 2837.8
1228200 2835.9
1228210 2835.9
1228220 2834.8
1228230 2834.7
1228240 2834.7
1228250 2835.0
1228260 2835.1
1228270 2835.1
1228280 2836.4
1228290 2837.9
1228300 2837.9
1228310 2840.5
1228320 2843.7
1228330 2843.7
1228340 2848.2
1228350 2852.2
1228360 2863.0
1228370 2863.0
1228380 2861.4
1228390 2852.4
1228400 2852.4
1228410 2844.3
1228420 2842.0
1228430 2842.0
1228440 2842.6
1228450 2845.3
1228460 2845.3
1228470 2846.3
1228480 2847.0
1228490 2847.0
1228500 2849.2
1228510 2852.8
1228520 2852.8
1228530 2856.5
1228540 2860.1
1228550 2860.1
1228560 2862.0
1228570 2862.7
1228580 2863.0
1228590 2863.0
1228600 2863.1
1228610 2862.5
1228620 2862.5
1228630 2862.4
1228640 2862.7
1228650 2862.7
1228660 2863.0
1228670 2862.9
1228680 2862.9
1228690 2862.6
1228700 2862.0
1228710 2862.0
1228720 2861.3
1228730 2860.8
1228740 2860.8
1228750 2860.8
1228760 2860.9
1228770 2861.9
1228780 2861.9
1228790 2862.5
1228800 2856.8
1228810 2856.8
1228820 2844.4
1228830 2832.2
1228840 2832.2
1228850 2830.0
1228860 2822.7
1228870 2822.7
1228880 2816.1
1228890 2811.4
1228900 2811.4
1228910 2808.3
1228920 2806.8
1228930 2806.8
1228940 2806.3
1228950 2805.2
1228960 2805.2
1228970 2803.8
1228980 2802.1
1228990 2800.5
1229000 2800.5
1229010 2797.8
1229020 2795.0
1229030 2795.0
1229040 2793.6
1229050 2792.5
1229060 2792.5
1229070 2793.1
1229080 2793.6
1229090 2793.6
1229100 2793.7
1229110 2794.7
1229120 2794.7
1229130 2794.7
1229140 2795.9
1229150 2795.9
1229160 2797.7
1229170 2799.4
1229180 2799.4
1229190 2801.6
1229200 2804.0
1229210 2805.9
1229220 2805.9
1229230 2807.1
1229240 2808.8
1229250 2808.8
1229260 2812.5
1229270 2818.4
1229280 2818.4
1229290 2823.3
1229300 2828.6
1229310 2828.6
1229320 2838.2
1229330 2846.2
1229340 2846.2
1229350 2864.2
1229360 2871.0
1229370 2871.0
1229380 2873.9
1229390 2875.5
1229400 2875.5
1229410 2875.6
1229420 2876.8
1229430 2878.4
1229440 2878.4
1229450 2878.8
1229460 2878.0
1229470 2878.0
1229480 2875.0
1229490 2872.2
1229500 2872.2
1229510 2871.2
1229520 2870.8
1229530 2870.8
1229540 2869.9
1229550 2869.6
1229560 2869.6
1229570 2873.5
1229580 2876.8
1229590 2876.8
1229600 2874.7
1229610 2877.2
1229620 2880.4
1229630 2880.4
1229640 2883.7
1229650 2893.0
1229660 2893.0
1229670 2902.0
1229680 2908.4
1229690 2908.4
1229700 2919.1
1229710 2925.9
1229720 2925.9
1229730 2924.6
1229740 2922.1
1229750 2922.1
1229760 2926.1
1229770 2935.7
1229780 2935.7
1229790 2940.8
1229800 2939.4
1229810 2939.4
1229820 2936.8
1229830 2929.3
1229840 2918.1
1229850 2918.1
1229860 2903.3
1229870 2885.4
1229880 2885.4
1229890 2884.1
1229900 2881.6
1229910 2881.6
1229920 2875.2
1229930 2868.8
1229940 2868.8
1229950 2860.3
1229960 2849.6
1229970 2849.6
1229980 2840.5
1229990 2834.5
1230000 2834.5
1230010 2830.3
1230020 2827.0
1230030 2827.0
1230040 2822.1
1230050 2818.9
1230060 2817.5
1230070 2817.5
1230080 2813.4
1230090 2805.2
1230100 2805.2
1230110 2792.9
1230120 2777.7
1230130 2777.7
1230140 2766.0
1230150 2758.1
1230160 2758.1
1230170 2750.4
1230180 2743.2
1230190 2743.2
1230200 2737.5
1230210 2733.5
1230220 2733.5
1230230 2729.8
1230240 2725.7
1230250 2725.7
1230260 2721.5
1230270 2716.8
1230280 2711.8
1230290 2711.8
1230300 2706.3
1230310 2700.7
1230320 2700.7
1230330 2695.1
1230340 2687.1
1230350 2687.1
1230360 2681.3
1230370 2676.0
1230380 2676.0
1230390 2670.8
1230400 2665.6
1230410 2665.6
1230420 2660.3
1230430 2654.9
1230440 2654.9
1230450 2649.7
1230460 2644.5
1230470 2639.2
1230480 2639.2
1230490 2634.1
1230500 2629.5
1230510 2629.5
1230520 2625.1
1230530 2621.1
1230540 2621.1
1230550 2617.1
1230560 2613.1
1230570 2613.1
1230580 2609.3
1230590 2605.0
1230600 2605.0
1230610 2599.8
1230620 2595.8
1230630 2595.8
1230640 2592.3
1230650 2589.5
1230660 2589.5
1230670 2586.6
1230680 2584.2
1230690 2581.7
1230700 2581.7
1230710 2579.3
1230720 2577.3
1230730 2577.3
1230740 2575.9
1230750 2574.5
1230760 2574.5
1230770 2573.6
1230780 2572.9
1230790 2572.9
1230800 2572.7
1230810 2572.9
1230820 2572.9
1230830 2573.7
1230840 2571.9
1230850 2571.9
1230860 2570.7
1230870 2571.3
1230880 2571.3
1230890 2573.3
1230900 2573.8
1230910 2570.6
1230920 2570.6
1230930 2568.4
1230940 2567.6
1230950 2567.6
1230960 2566.9
1230970 2566.0
1230980 2566.0
1230990 2564.6
1231000 2562.9
1231010 2562.9
1231020 2561.8
1231030 2560.8
1231040 2560.8
1231050 2560.2
1231060 2559.4
1231070 2559.4
1231080 2558.7
1231090 2557.6
1231100 2557.6
1231110 2556.4
1231120 2555.1
1231130 2553.8
1231140 2553.8
1231150 2552.4
1231160 2550.7
1231170 2550.7
1231180 2548.7
1231190 2546.5
1231200 2546.5
1231210 2543.7
1231220 2540.2
1231230 2540.2
1231240 2536.0
1231250 2530.5
1231260 2530.5
1231270 2525.7
1231280 2521.9
1231290 2521.9
1231300 2517.6
1231310 2513.2
1231320 2508.8
1231330 2508.8
1231340 2508.2
1231350 2503.4
1231360 2503.4
1231370 2498.6
1231380 2494.2
1231390 2494.2
1231400 2491.9
1231410 2489.5
1231420 2489.5
1231430 2487.3
1231440 2486.1
1231450 2486.1
1231460 2484.4
1231470 2482.9
1231480 2482.9
1231490 2482.1
1231500 2480.7
1231510 2480.7
1231520 2479.0
1231530 2477.3
1231540 2475.1
1231550 2475.1
1231560 2472.7
1231570 2471.6
1231580 2471.6
1231590 2471.2
1231600 2470.5
1231610 2470.5
1231620 2469.0
1231630 2467.3
1231640 2467.3
1231650 2466.3
1231660 2465.5
1231670 2465.5
1231680 2464.6
1231690 2463.3
1231700 2463.3
1231710 2461.6
1231720 2459.8
1231730 2459.8
1231740 2458.1
1231750 2457.2
1231760 2456.6
1231770 2456.6
1231780 2456.0
1231790 2455.9
1231800 2455.9
1231810 2456.8
1231820 2457.6
1231830 2457.6
1231840 2463.4
1231850 2463.1
1231860 2463.1
1231870 2460.8
1231880 2456.4
1231890 2456.4
1231900 2449.9
1231910 2444.9
1231920 2444.9
1231930 2441.1
1231940 2438.4
1231950 2438.4
1231960 2435.5
1231970 2432.6
1231980 2429.9
1231990 2429.9
1232000 2425.4
1232010 2421.4
1232020 2421.4
1232030 2418.4
1232040 2415.3
1232050 2415.3
1232060 2412.2
1232070 2409.6
1232080 2409.6
1232090 2406.9
1232100 2404.1
1232110 2404.1
1232120 2400.9
1232130 2397.5
1232140 2397.5
1232150 2394.3
1232160 2391.5
1232170 2389.2
1232180 2389.2
1232190 2386.8
1232200 2384.2
1232210 2384.2
1232220 2381.8
1232230 2379.4
1232240 2379.4
1232250 2377.0
1232260 2374.9
1232270 2374.9
1232280 2373.1
1232290 2371.2
1232300 2371.2
1232310 2369.4
1232320 2368.7
1232330 2368.7
1232340 2368.2
1232350 2367.9
1232360 2367.9
1232370 2368.3
1232380 2369.0
1232390 2366.8
1232400 2366.8
1232410 2362.2
1232420 2357.2
1232430 2357.2
1232440 2351.5
1232450 2346.0
1232460 2346.0
1232470 2339.1
1232480 2330.8
1232490 2330.8
1232500 2322.9
1232510 2316.3
1232520 2316.3
1232530 2310.3
1232540 2304.8
1232550 2304.8
1232560 2299.0
1232570 2292.6
1232580 2292.6
1232590 2286.5
1232600 2280.8
1232610 2275.9
1232620 2275.9
1232630 2270.7
1232640 2265.9
1232650 2265.9
1232660 2260.7
1232670 2255.4
1232680 2255.4
1232690 2249.4
1232700 2243.1
1232710 2243.1
1232720 2236.9
1232730 2231.1
1232740 2231.1
1232750 2225.0
1232760 2218.6
1232770 2218.6
1232780 2213.0
1232790 2210.4
1232800 2210.4
1232810 2207.9
1232820 2204.8
1232830 2201.6
1232840 2201.6
1232850 2200.0
1232860 2196.2
1232870 2196.2
1232880 2192.5
1232890 2188.7
1232900 2188.7
1232910 2185.4
1232920 2182.0
1232930 2182.0
1232940 2178.8
1232950 2175.6
1232960 2175.6
1232970 2172.5
1232980 2169.4
1232990 2169.4
1233000 2166.5
1233010 2163.8
1233020 2162.1
1233030 2162.1
1233040 2161.5
1233050 2161.5
1233060 2161.5
1233070 2161.5
1233080 2161.8
1233090 2161.8
1233100 2162.3
1233110 2162.1
1233120 2162.1
1233130 2161.7
1233140 2163.9
1233150 2163.9
1233160 2167.3
1233170 2166.7
1233180 2166.7
1233190 2166.6
1233200 2166.9
1233210 2166.9
1233220 2165.1
1233230 2163.9
1233240 2165.8
1233250 2165.8
1233260 2166.7
1233270 2166.9
1233280 2166.9
1233290 2167.1
1233300 2166.5
1233310 2166.5
1233320 2165.0
1233330 2164.5
1233340 2164.5
1233350 2164.9
1233360 2165.1
1233370 2165.1
1233380 2165.9
1233390 2166.4
1233400 2166.4
1233410 2167.1
1233420 2168.9
1233430 2168.9
1233440 2170.2
1233450 2171.6
1233460 2173.4
1233470 2173.4
1233480 2175.8
1233490 2178.6
1233500 2178.6
1233510 2181.3
1233520 2184.4
1233530 2184.4
1233540 2188.0
1233550 2192.0
1233560 2192.0
1233570 2195.5
1233580 2199.1
1233590 2199.1
1233600 2202.7
1233610 2206.0
1233620 2206.0
1233630 2209.5
1233640 2214.1
1233650 2214.1
1233660 2217.7
1233670 2221.0
1233680 2224.9
1233690 2224.9
1233700 2228.5
1233710 2231.8
1233720 2231.8
1233730 2235.2
1233740 2239.9
1233750 2239.9
1233760 2245.2
1233770 2249.5
1233780 2249.5
1233790 2254.7
1233800 2260.3
1233810 2260.3
1233820 2264.9
1233830 2268.9
1233840 2268.9
1233850 2276.8
1233860 2279.5
1233870 2281.7
1233880 2281.7
1233890 2283.8
1233900 2286.3
1233910 2286.3
1233920 2288.6
1233930 2290.8
1233940 2290.8
1233950 2293.3
1233960 2295.9
1233970 2295.9
1233980 2299.3
1233990 2303.4
1234000 2303.4
1234010 2307.3
1234020 2311.1
1234030 2311.1
1234040 2314.8
1234050 2318.8
1234060 2318.8
1234070 2321.8
1234080 2325.5
1234090 2329.5
1234100 2329.5
1234110 2333.3
1234120 2336.9
1234130 2336.9
1234140 2340.6
1234150 2344.5
1234160 2344.5
1234170 2348.5
1234180 2352.5
1234190 2352.5
1234200 2356.5
1234210 2360.4
1234220 2360.4
1234230 2364.2
1234240 2368.1
1234250 2368.1
1234260 2372.7
1234270 2377.2
1234280 2377.2
1234290 2382.3
1234300 2387.6
1234310 2392.1
1234320 2392.1
1234330 2396.6
1234340 2400.6
1234350 2400.6
1234360 2402.7
1234370 2406.7
1234380 2406.7
1234390 2410.9
1234400 2415.4
1234410 2415.4
1234420 2420.1
1234430 2425.0
1234440 2425.0
1234450 2429.9
1234460 2434.9
1234470 2434.9
1234480 2440.4
1234490 2445.9
1234500 2445.9
1234510 2450.0
1234520 2453.7
1234530 2456.9
1234540 2456.9
1234550 2459.5
1234560 2461.9
1234570 2461.9
1234580 2464.1
1234590 2466.0
1234600 2466.0
1234610 2467.5
1234620 2469.2
1234630 2469.2
1234640 2470.6
1234650 2471.7
1234660 2471.7
1234670 2472.8
1234680 2474.0
1234690 2474.0
1234700 2475.7
1234710 2477.0
1234720 2477.5
1234730 2477.5
1234740 2478.8
1234750 2478.9
1234760 2478.9
1234770 2479.4
1234780 2479.9
1234790 2479.9
1234800 2480.2
1234810 2480.5
1234820 2480.5
1234830 2480.5
1234840 2480.4
1234850 2480.4
1234860 2480.7
1234870 2478.5
1234880 2478.5
1234890 2479.1
1234900 2479.5
1234910 2479.5
1234920 2480.2
1234930 2481.5
1234940 2483.6
1234950 2483.6
1234960 2484.9
1234970 2485.9
1234980 2485.9
1234990 2487.9
1235000 2487.5
1235010 2487.5
1235020 2487.4
1235030 2487.5
1235040 2487.5
1235050 2487.8
1235060 2488.2
1235070 2488.2
1235080 2489.0
1235090 2490.0
1235100 2490.0
1235110 2491.8
1235120 2493.7
1235130 2493.7
1235140 2495.5
1235150 2497.4
1235160 2500.1
1235170 2500.1
1235180 2502.5
1235190 2505.2
1235200 2505.2
1235210 2507.6
1235220 2510.2
1235230 2510.2
1235240 2513.0
1235250 2516.2
1235260 2516.2
1235270 2519.4
1235280 2522.7
1235290 2522.7
1235300 2525.9
1235310 2529.2
1235320 2529.2
1235330 2532.1
1235340 2534.6
1235350 2534.6
1235360 2536.5
1235370 2539.2
1235380 2540.7
1235390 2540.7
1235400 2542.0
1235410 2543.3
1235420 2543.3
1235430 2544.6
1235440 2545.8
1235450 2545.8
1235460 2546.9
1235470 2548.1
1235480 2548.1
1235490 2549.2
1235500 2550.1
1235510 2550.1
1235520 2551.1
1235530 2552.2
1235540 2552.2
1235550 2552.5
1235560 2552.6
1235570 2553.5
1235580 2553.5
1235590 2554.4
1235600 2555.0
1235610 2555.0
1235620 2556.0
1235630 2557.4
1235640 2557.4
1235650 2559.5
1235660 2562.2
1235670 2562.2
1235680 2564.8
1235690 2568.6
1235700 2568.6
1235710 2572.7
1235720 2576.2
1235730 2576.2
1235740 2580.0
1235750 2584.9
1235760 2584.9
1235770 2591.0
1235780 2595.4
1235790 2604.6
1235800 2604.6
1235810 2621.1
1235820 2632.6
1235830 2632.6
1235840 2640.1
1235850 2649.0
1235860 2649.0
1235870 2659.4
1235880 2668.6
1235890 2668.6
1235900 2677.0
1235910 2684.1
1235920 2684.1
1235930 2688.8
1235940 2693.0
1235950 2693.0
1235960 2698.4
1235970 2704.6
1235980 2704.6
1235990 2712.1
1236000 2719.4
1236010 2725.8
1236020 2725.8
1236030 2729.6
1236040 2734.4
1236050 2734.4
1236060 2738.5
1236070 2743.5
1236080 2743.5
1236090 2750.8
1236100 2760.4
1236110 2760.4
1236120 2770.7
1236130 2782.0
1236140 2782.0
1236150 2791.2
1236160 2797.4
1236170 2797.4
1236180 2799.4
1236190 2801.4
1236200 2801.4
1236210 2806.4
1236220 2814.4
1236230 2819.9
1236240 2819.9
1236250 2824.1
1236260 2827.7
1236270 2827.7
1236280 2831.2
1236290 2834.9
1236300 2834.9
1236310 2839.4
1236320 2845.0
1236330 2845.0
1236340 2851.8
1236350 2859.9
1236360 2859.9
1236370 2868.5
1236380 2876.6
1236390 2880.1
1236400 2887.0
1236410 2893.3
1236420 2898.8
1236430 2898.8
1236440 2902.6
1236450 2905.2
1236460 2905.2
1236470 2910.0
1236480 2913.1
1236490 2913.1
1236500 2917.6
1236510 2923.3
1236520 2923.3
1236530 2927.0
1236540 2929.3
1236550 2929.3
1236560 2931.6
1236570 2934.0
1236580 2934.0
1236590 2935.8
1236600 2937.1
1236610 2937.1
1236620 2938.3
1236630 2940.0
1236640 2941.9
1236650 2941.9
1236660 2944.1
1236670 2946.2
1236680 2946.2
1236690 2948.4
1236700 2950.6
1236710 2950.6
1236720 2952.9
1236730 2954.9
1236740 2954.9
1236750 2957.0
1236760 2959.0
1236770 2959.0
1236780 2961.2
1236790 2963.0
1236800 2963.0
1236810 2964.9
1236820 2966.9
1236830 2966.9
1236840 2968.6
1236850 2970.1
1236860 2971.7
1236870 2971.7
1236880 2973.2
1236890 2974.5
1236900 2975.6
1236910 2976.8
1236920 2978.1
1236930 2978.1
1236940 2979.3
1236950 2980.5
1236960 2980.5
1236970 2981.3
1236980 2982.5
1236990 2982.5
1237000 2984.4
1237010 2986.0
1237020 2986.0
1237030 2987.4
1237040 2989.6
1237050 2989.6
1237060 2991.8
1237070 2994.1
1237080 2997.8
1237090 2997.8
1237100 3003.9
1237110 3010.3
1237120 3010.3
1237130 3016.5
1237140 3023.4
1237150 3023.4
1237160 3029.8
1237170 3035.3
1237180 3035.3
1237190 3039.3
1237200 3042.8
1237210 3042.8
1237220 3046.0
1237230 3049.3
1237240 3049.3
1237250 3053.3
1237260 3058.3
1237270 3062.8
1237280 3062.8
1237290 3066.3
1237300 3069.5
1237310 3069.5
1237320 3072.9
1237330 3075.4
1237340 3075.4
1237350 3077.0
1237360 3077.8
1237370 3077.8
1237380 3077.3
1237390 3077.6
1237400 3077.6
1237410 3079.2
1237420 3078.2
1237430 3078.2
1237440 3080.4
1237450 3082.9
1237460 3082.9
1237470 3085.8
1237480 3088.5
1237490 3091.3
1237500 3091.3
1237510 3094.1
1237520 3096.9
1237530 3096.9
1237540 3099.8
1237550 3102.7
1237560 3102.7
1237570 3105.7
1237580 3108.8
1237590 3108.8
1237600 3112.1
1237610 3115.6
1237620 3115.6
1237630 3119.1
1237640 3122.8
1237650 3122.8
1237660 3126.5
1237670 3130.2
1237680 3130.2
1237690 3134.4
1237700 3138.7
1237710 3143.3
1237720 3143.3
1237730 3148.0
1237740 3152.9
1237750 3152.9
1237760 3158.1
1237770 3163.8
1237780 3163.8
1237790 3169.9
1237800 3180.2
1237810 3180.2
1237820 3193.9
1237830 3204.3
1237840 3204.3
1237850 3216.8
1237860 3228.7
1237870 3228.7
1237880 3243.2
1237890 3247.8
1237900 3247.8
1237910 3231.6
1237920 3215.2
1237930 3190.4
1237940 3190.4
1237950 3174.4
1237960 3174.4
1237970 3174.4
1237980 3173.4
1237990 3162.5
1238000 3162.5
1238010 3145.9
1238020 3126.1
1238030 3126.1
1238040 3107.3
1238050 3099.2
1238060 3099.2
1238070 3093.5
1238080 3087.5
1238090 3087.5
1238100 3081.1
1238110 3074.7
1238120 3068.8
1238130 3068.8
1238140 3063.4
1238150 3057.4
1238160 3057.4
1238170 3050.8
1238180 3046.9
1238190 3046.9
1238200 3043.5
1238210 3039.7
1238220 3039.7
1238230 3035.7
1238240 3031.7
1238250 3031.7
1238260 3028.0
1238270 3024.5
1238280 3024.5
1238290 3020.6
1238300 3017.9
1238310 3017.9
1238320 3015.1
1238330 3012.4
1238340 3009.5
1238350 3009.5
1238360 3006.3
1238370 3003.1
1238380 3003.1
1238390 3000.0
1238400 2997.0
1238410 2997.0
1238420 2994.0
1238430 2990.6
1238440 2991.6
1238450 2987.3
1238460 2983.7
1238470 2983.7
1238480 2979.5
1238490 2973.9
1238500 2973.9
1238510 2970.0
1238520 2966.1
1238530 2966.1
1238540 2961.6
1238550 2957.9
1238560 2954.8
1238570 2954.8
1238580 2951.9
1238590 2948.5
1238600 2948.5
1238610 2944.9
1238620 2940.7
1238630 2940.7
1238640 2936.0
1238650 2931.1
1238660 2931.1
1238670 2926.0
1238680 2920.3
1238690 2920.3
1238700 2914.5
1238710 2909.0
1238720 2909.0
1238730 2903.3
1238740 2898.8
1238750 2898.8
1238760 2894.2
1238770 2890.0
1238780 2887.0
1238790 2887.0
1238800 2883.4
1238810 2876.7
1238820 2876.7
1238830 2868.4
1238840 2858.1
1238850 2858.1
1238860 2848.3
1238870 2842.0
1238880 2842.0
1238890 2837.2
1238900 2832.7
1238910 2832.7
1238920 2828.3
1238930 2824.7
1238940 2824.7
1238950 2822.1
1238960 2821.6
1238970 2820.3
1238980 2820.3
1238990 2819.3
1239000 2818.6
1239010 2818.6
1239020 2817.9
1239030 2818.3
1239040 2818.3
1239050 2819.9
1239060 2821.3
1239070 2821.3
1239080 2821.7
1239090 2821.2
1239100 2821.2
1239110 2819.5
1239120 2817.2
1239130 2817.2
1239140 2814.7
1239150 2812.5
1239160 2812.5
1239170 2811.3
1239180 2808.7
1239190 2804.8
1239200 2804.8
1239210 2800.9
1239220 2800.8
1239230 2800.8
1239240 2803.0
1239250 2804.1
1239260 2804.1
1239270 2803.9
1239280 2803.6
1239290 2803.6
1239300 2804.5
1239310 2804.7
1239320 2804.7
1239330 2803.9
1239340 2803.8
1239350 2803.8
1239360 2803.8
1239370 2803.6
1239380 2803.6
1239390 2803.1
1239400 2802.5
1239410 2802.2
1239420 2802.2
1239430 2802.2
1239440 2802.2
1239450 2802.2
1239460 2802.1
1239470 2802.3
1239480 2802.3
1239490 2806.6
1239500 2811.2
1239510 2811.2
1239520 2816.6
1239530 2821.8
1239540 2821.8
1239550 2826.5
1239560 2831.1
1239570 2831.1
1239580 2836.4
1239590 2841.7
1239600 2841.7
1239610 2847.7
1239620 2853.8
1239630 2859.8
1239640 2859.8
1239650 2867.9
1239660 2876.5
1239670 2876.5
1239680 2883.6
1239690 2891.6
1239700 2891.6
1239710 2899.5
1239720 2906.3
1239730 2906.3
1239740 2913.6
1239750 2922.3
1239760 2922.3
1239770 2930.3
1239780 2937.7
1239790 2937.7
1239800 2945.1
1239810 2952.6
1239820 2960.3
1239830 2960.3
1239840 2968.1
1239850 2976.0
1239860 2976.0
1239870 2984.8
1239880 2998.0
1239890 2998.0
1239900 3012.2
1239910 3020.1
1239920 3020.1
1239930 3022.7
1239940 3020.3
1239950 3020.3
1239960 3016.4
1239970 3014.7
1239980 3014.7
1239990 2999.2
