1220000 2104.7
1220010 2101.3
1220020 2098.1
1220030 2098.1
1220040 2094.4
1220050 2091.9
1220060 2091.9
1220070 2090.8
1220080 2090.1
1220090 2089.2
1220100 2089.2
1220110 2089.3
1220120 2090.8
1220130 2090.8
1220140 2089.7
1220150 2087.5
1220160 2087.5
1220170 2087.0
1220180 2088.4
1220190 2088.4
1220200 2087.0
1220210 2085.1
1220220 2085.1
1220230 2081.8
1220240 2080.0
1220250 2080.0
1220260 2079.0
1220270 2078.8
1220280 2078.8
1220290 2078.0
1220300 2077.6
1220310 2077.4
1220320 2077.4
1220330 2076.9
1220340 2075.5
1220350 2075.5
1220360 2073.5
1220370 2071.6
1220380 2071.6
1220390 2070.4
1220400 2069.1
1220410 2069.1
1220420 2068.5
1220430 2067.9
1220440 2067.9
1220450 2067.4
1220460 2066.4
1220470 2066.4
1220480 2066.8
1220490 2068.2
1220500 2068.2
1220510 2067.5
1220520 2065.7
1220530 2064.5
1220540 2064.5
1220550 2063.1
1220560 2061.3
1220570 2061.3
1220580 2059.8
1220590 2060.0
1220600 2060.0
1220610 2059.0
1220620 2058.5
1220630 2058.5
1220640 2057.4
1220650 2054.8
1220660 2057.8
1220670 2055.7
1220680 2054.1
1220690 2054.1
1220700 2053.0
1220710 2052.0
1220720 2051.5
1220730 2051.5
1220740 2051.7
1220750 2052.5
1220760 2052.5
1220770 2053.0
1220780 2052.6
1220790 2052.6
1220800 2051.9
1220810 2050.7
1220820 2050.7
1220830 2049.1
1220840 2049.3
1220850 2049.3
1220860 2050.5
1220870 2051.1
1220880 2051.1
1220890 2051.4
1220900 2049.1
1220910 2049.1
1220920 2044.2
1220930 2040.1
1220940 2036.0
1220950 2036.0
1220960 2032.1
1220970 2028.6
1220980 2028.6
1220990 2025.3
1221000 2021.4
1221010 2021.4
1221020 2017.2
1221030 2011.4
1221040 2011.4
1221050 2006.3
1221060 2002.1
1221070 2002.1
1221080 1997.1
1221090 1988.5
1221100 1988.5
1221110 1974.9
1221120 1966.6
1221130 1966.6
1221140 1963.0
1221150 1953.9
1221160 1944.8
1221170 1944.8
1221180 1934.7
1221190 1926.2
1221200 1926.2
1221210 1918.2
1221220 1910.7
1221230 1910.7
1221240 1904.4
1221250 1898.5
1221260 1898.5
1221270 1891.4
1221280 1884.8
1221290 1884.8
1221300 1878.5
1221310 1872.2
1221320 1872.2
1221330 1866.1
1221340 1859.2
1221350 1859.2
1221360 1851.5
1221370 1843.1
1221380 1834.7
1221390 1834.7
1221400 1828.7
1221410 1826.0
1221420 1826.0
1221430 1823.5
1221440 1819.9
1221450 1819.9
1221460 1815.6
1221470 1813.4
1221480 1813.4
1221490 1815.7
1221500 1815.7
1221510 1815.7
1221520 1814.0
1221530 1812.1
1221540 1812.1
1221550 1809.2
1221560 1805.2
1221570 1800.2
1221580 1800.2
1221590 1795.6
1221600 1791.0
1221610 1791.0
1221620 1794.9
1221630 1793.1
1221640 1793.1
1221650 1791.1
1221660 1788.6
1221670 1788.6
1221680 1786.7
1221690 1785.0
1221700 1785.0
1221710 1783.2
1221720 1781.8
1221730 1781.8
1221740 1780.3
1221750 1778.5
1221760 1778.5
1221770 1776.2
1221780 1773.2
1221790 1769.6
1221800 1769.6
1221810 1766.5
1221820 1763.4
1221830 1763.4
1221840 1760.1
1221850 1758.8
1221860 1758.8
1221870 1754.0
1221880 1748.3
1221890 1748.3
1221900 1739.6
1221910 1729.5
1221920 1729.5
1221930 1721.1
1221940 1711.5
1221950 1711.5
1221960 1698.3
1221970 1689.7
1221980 1689.7
1221990 1680.2
1222000 1666.0
1222010 1655.4
1222020 1655.4
1222030 1644.0
1222040 1637.3
1222050 1637.3
1222060 1637.6
1222070 1634.4
1222080 1634.4
1222090 1628.8
1222100 1624.9
1222110 1624.9
1222120 1612.1
1222130 1602.2
1222140 1602.2
1222150 1595.4
1222160 1589.8
1222170 1589.8
1222180 1583.0
1222190 1576.6
1222200 1576.6
1222210 1571.8
1222220 1567.1
1222230 1560.9
1222240 1560.9
1222250 1552.9
1222260 1547.1
1222270 1547.1
1222280 1540.8
1222290 1534.9
1222300 1534.9
1222310 1530.3
1222320 1525.8
1222330 1525.8
1222340 1520.9
1222350 1515.4
1222360 1515.4
1222370 1509.3
1222380 1502.9
1222390 1502.9
1222400 1497.4
1222410 1492.6
1222420 1489.0
1222430 1489.0
1222440 1485.6
1222450 1482.5
1222460 1482.5
1222470 1481.4
1222480 1480.9
1222490 1480.9
1222500 1481.4
1222510 1480.3
1222520 1480.3
1222530 1480.3
1222540 1482.6
1222550 1482.6
1222560 1483.3
1222570 1481.8
1222580 1485.6
1222590 1484.1
1222600 1480.8
1222610 1480.8
1222620 1479.5
1222630 1480.1
1222640 1479.1
1222650 1479.1
1222660 1477.9
1222670 1477.1
1222680 1477.1
1222690 1477.5
1222700 1479.5
1222710 1479.5
1222720 1483.6
1222730 1487.9
1222740 1487.9
1222750 1492.3
1222760 1497.2
1222770 1497.2
1222780 1502.2
1222790 1506.4
1222800 1506.4
1222810 1511.0
1222820 1515.2
1222830 1515.2
1222840 1518.0
1222850 1520.9
1222860 1525.2
1222870 1525.2
1222880 1527.7
1222890 1528.6
1222900 1528.6
1222910 1532.0
1222920 1535.0
1222930 1535.0
1222940 1534.7
1222950 1532.7
1222960 1532.7
1222970 1527.7
1222980 1522.9
1222990 1522.9
1223000 1521.4
1223010 1519.6
1223020 1519.6
1223030 1517.1
1223040 1512.2
1223050 1512.2
1223060 1506.8
1223070 1500.0
1223080 1492.7
1223090 1492.7
1223100 1485.3
1223110 1478.4
1223120 1478.4
1223130 1471.8
1223140 1464.0
1223150 1464.0
1223160 1454.5
1223170 1431.8
1223180 1431.8
1223190 1396.4
1223200 1377.1
1223210 1377.1
1223220 1365.3
1223230 1355.8
1223240 1355.8
1223250 1347.2
1223260 1338.3
1223270 1329.0
1223280 1329.0
1223290 1320.4
1223300 1312.4
1223310 1312.4
1223320 1304.8
1223330 1294.6
1223340 1294.6
1223350 1282.4
1223360 1274.7
1223370 1274.7
1223380 1267.4
1223390 1259.9
1223400 1259.9
1223410 1252.6
1223420 1245.6
1223430 1245.6
1223440 1238.2
1223450 1231.2
1223460 1231.2
1223470 1224.6
1223480 1219.1
1223490 1218.6
1223500 1218.6
1223510 1218.5
1223520 1218.7
1223530 1218.7
1223540 1218.8
1223550 1218.9
1223560 1218.9
1223570 1218.7
1223580 1219.1
1223590 1219.1
1223600 1217.2
1223610 1215.7
1223620 1215.7
1223630 1215.7
1223640 1216.6
1223650 1216.6
1223660 1217.4
1223670 1217.3
1223680 1217.3
1223690 1216.9
1223700 1217.2
1223710 1217.8
1223720 1217.8
1223730 1219.5
1223740 1220.5
1223750 1220.5
1223760 1220.6
1223770 1221.2
1223780 1221.2
1223790 1222.0
1223800 1223.1
1223810 1223.1
1223820 1223.6
1223830 1223.4
1223840 1223.4
1223850 1223.5
1223860 1224.0
1223870 1224.0
1223880 1226.1
1223890 1228.3
1223900 1228.3
1223910 1230.1
1223920 1231.6
1223930 1232.8
1223940 1232.8
1223950 1233.9
1223960 1235.4
1223970 1235.4
1223980 1237.4
1223990 1239.9
1224000 1239.9
1224010 1241.7
1224020 1243.8
1224030 1243.8
1224040 1244.1
1224050 1247.0
1224060 1247.0
1224070 1250.7
1224080 1254.7
1224090 1254.7
1224100 1259.3
1224110 1264.5
1224120 1270.1
1224130 1270.1
1224140 1275.6
1224150 1281.7
1224160 1281.7
1224170 1288.1
1224180 1294.3
1224190 1294.3
1224200 1300.6
1224210 1307.4
1224220 1307.4
1224230 1313.3
1224240 1319.2
1224250 1319.2
1224260 1325.5
1224270 1332.5
1224280 1332.5
1224290 1338.8
1224300 1345.1
1224310 1345.1
1224320 1351.5
1224330 1358.0
1224340 1364.6
1224350 1364.6
1224360 1370.8
1224370 1376.8
1224380 1376.8
1224390 1382.7
1224400 1386.5
1224410 1386.5
1224420 1390.2
1224430 1399.3
1224440 1399.3
1224450 1408.5
1224460 1416.2
1224470 1416.2
1224480 1422.7
1224490 1429.7
1224500 1429.7
1224510 1437.5
1224520 1445.2
1224530 1445.4
1224540 1451.6
1224550 1458.4
1224560 1464.7
1224570 1464.7
1224580 1471.4
1224590 1477.9
1224600 1477.9
1224610 1484.9
1224620 1492.1
1224630 1492.1
1224640 1499.9
1224650 1510.0
1224660 1510.0
1224670 1523.5
1224680 1530.1
1224690 1530.1
1224700 1532.7
1224710 1538.3
1224720 1538.3
1224730 1545.0
1224740 1550.3
1224750 1550.3
1224760 1556.5
1224770 1565.1
1224780 1572.6
1224790 1572.6
1224800 1582.0
1224810 1596.7
1224820 1596.7
1224830 1605.0
1224840 1611.2
1224850 1611.2
1224860 1621.1
1224870 1633.4
1224880 1633.4
1224890 1641.8
1224900 1649.6
1224910 1649.6
1224920 1662.3
1224930 1674.6
1224940 1674.6
1224950 1684.8
1224960 1693.8
1224970 1713.9
1224980 1713.9
1224990 1733.2
1225000 1744.0
1225010 1731.3
1225020 1740.4
1225030 1749.6
1225040 1749.6
1225050 1758.7
1225060 1768.6
1225070 1768.6
1225080 1781.6
1225090 1790.2
1225100 1790.2
1225110 1797.1
1225120 1819.7
1225130 1819.7
1225140 1840.6
1225150 1855.2
1225160 1855.2
1225170 1866.4
1225180 1876.3
1225190 1889.5
1225200 1889.5
1225210 1896.2
1225220 1901.1
1225230 1901.1
1225240 1906.1
1225250 1911.8
1225260 1911.8
1225270 1917.4
1225280 1922.8
1225290 1922.8
1225300 1927.8
1225310 1933.1
1225320 1933.1
1225330 1938.2
1225340 1943.4
1225350 1943.4
1225360 1949.0
1225370 1954.9
1225380 1954.9
1225390 1961.7
1225400 1968.3
1225410 1973.9
1225420 1973.9
1225430 1978.9
1225440 1985.1
1225450 1985.1
1225460 1992.4
1225470 1999.5
1225480 1999.5
1225490 2007.0
1225500 2012.8
1225510 2012.8
1225520 2021.2
1225530 2027.8
1225540 2027.8
1225550 2034.9
1225560 2043.3
1225570 2043.3
1225580 2055.6
1225590 2080.7
1225600 2080.7
1225610 2101.9
1225620 2128.2
1225630 2140.5
1225640 2140.5
1225650 2140.1
1225660 2139.0
1225670 2139.0
1225680 2136.9
1225690 2133.2
1225700 2133.2
1225710 2129.7
1225720 2129.6
1225730 2129.6
1225740 2132.1
1225750 2130.1
1225760 2130.1
1225770 2127.7
1225780 2131.0
1225790 2131.0
1225800 2139.8
1225810 2152.9
1225820 2168.5
1225830 2168.5
1225840 2179.2
1225850 2186.5
1225860 2186.5
1225870 2194.0
1225880 2202.1
1225890 2202.1
1225900 2212.1
1225910 2220.2
1225920 2220.2
1225930 2227.9
1225940 2238.5
1225950 2238.5
1225960 2253.1
1225970 2269.4
1225980 2269.4
1225990 2279.4
1226000 2289.4
1226010 2289.4
1226020 2296.6
1226030 2305.7
1226040 2312.2
1226050 2312.2
1226060 2318.6
1226070 2328.0
1226080 2328.0
1226090 2338.2
1226100 2345.7
1226110 2345.7
1226120 2349.7
1226130 2353.0
1226140 2353.0
1226150 2357.5
1226160 2361.7
1226170 2361.7
1226180 2362.9
1226190 2361.7
1226200 2361.7
1226210 2358.6
1226220 2353.3
1226230 2353.3
1226240 2347.1
1226250 2340.2
1226260 2333.0
1226270 2333.0
1226280 2327.3
1226290 2320.4
1226300 2320.4
1226310 2315.8
1226320 2314.0
1226330 2314.0
1226340 2315.2
1226350 2317.6
1226360 2317.6
1226370 2318.8
1226380 2315.4
1226390 2315.4
1226400 2306.5
1226410 2303.9
1226420 2303.9
1226430 2301.3
1226440 2298.0
1226450 2298.0
1226460 2298.4
1226470 2301.6
1226480 2298.1
1226490 2298.1
1226500 2301.0
1226510 2305.5
1226520 2305.5
1226530 2314.3
1226540 2324.3
1226550 2324.3
1226560 2332.4
1226570 2341.5
1226580 2341.5
1226590 2347.5
1226600 2350.6
1226610 2350.6
1226620 2354.4
1226630 2360.8
1226640 2360.8
1226650 2368.0
1226660 2375.2
1226670 2382.4
1226680 2382.4
1226690 2390.0
1226700 2398.4
1226710 2398.4
1226720 2406.7
1226730 2415.0
1226740 2415.0
1226750 2423.6
1226760 2432.9
1226770 2432.9
1226780 2443.2
1226790 2453.9
1226800 2453.9
1226810 2464.6
1226820 2476.6
1226830 2476.6
1226840 2488.3
1226850 2498.2
1226860 2498.2
1226870 2507.6
1226880 2518.4
1226890 2529.4
1226900 2529.4
1226910 2540.9
1226920 2548.1
1226930 2548.1
1226940 2552.5
1226950 2562.4
1226960 2562.4
1226970 2575.0
1226980 2583.1
1226990 2583.1
1227000 2591.2
1227010 2598.8
1227020 2598.8
1227030 2605.0
1227040 2612.4
1227050 2612.4
1227060 2622.7
1227070 2633.4
1227080 2633.4
1227090 2640.3
1227100 2644.7
1227110 2654.4
1227120 2654.4
1227130 2664.5
1227140 2674.3
1227150 2674.3
1227160 2684.4
1227170 2688.5
1227180 2688.5
1227190 2692.9
1227200 2700.8
1227210 2700.8
1227220 2711.6
1227230 2722.7
1227240 2722.7
1227250 2730.0
1227260 2738.7
1227270 2738.7
1227280 2750.6
1227290 2763.2
1227300 2763.2
1227310 2772.9
1227320 2783.3
1227330 2787.4
1227340 2787.4
1227350 2793.8
1227360 2796.5
1227370 2796.5
1227380 2797.2
1227390 2798.0
1227400 2798.0
1227410 2798.8
1227420 2795.7
1227430 2795.7
1227440 2793.1
1227450 2791.1
1227460 2782.5
1227470 2780.7
1227480 2780.9
1227490 2780.9
1227500 2785.8
1227510 2791.8
1227520 2795.3
1227530 2795.3
1227540 2796.1
1227550 2794.3
1227560 2794.3
1227570 2794.0
1227580 2797.8
1227590 2797.8
1227600 2807.0
1227610 2815.5
1227620 2815.5
1227630 2823.5
1227640 2830.7
1227650 2830.7
1227660 2834.4
1227670 2838.7
1227680 2838.7
1227690 2841.3
1227700 2841.7
1227710 2841.7
1227720 2840.4
1227730 2846.7
1227740 2855.5
1227750 2855.5
1227760 2863.1
1227770 2865.7
1227780 2865.7
1227790 2873.6
1227800 2879.5
1227810 2879.5
1227820 2878.9
1227830 2882.6
1227840 2882.6
1227850 2890.8
1227860 2893.5
1227870 2893.5
1227880 2897.8
1227890 2908.6
1227900 2908.6
1227910 2913.2
1227920 2911.7
1227930 2911.7
1227940 2918.3
1227950 2923.1
1227960 2916.9
1227970 2916.9
1227980 2923.1
1227990 2933.2
1228000 2933.2
1228010 2942.4
1228020 2953.0
1228030 2953.0
1228040 2957.9
1228050 2955.9
1228060 2955.9
1228070 2958.1
1228080 2964.2
1228090 2964.2
1228100 2973.1
1228110 2983.7
1228120 2983.7
1228130 2992.5
1228140 3001.6
1228150 3001.6
1228160 3010.7
1228170 3019.3
1228180 3024.2
1228190 3024.2
1228200 3027.7
1228210 3032.7
1228220 3032.7
1228230 3041.1
1228240 3051.7
1228250 3051.7
1228260 3062.7
1228270 3068.7
1228280 3068.7
1228290 3064.0
1228300 3056.0
1228310 3056.0
1228320 3046.0
1228330 3039.3
1228340 3039.3
1228350 3033.2
1228360 3024.1
1228370 3007.5
1228380 3007.5
1228390 3001.1
1228400 2994.5
1228410 2994.5
1228420 2986.2
1228430 2980.5
1228440 2980.5
1228450 2989.7
1228460 2986.8
1228470 2986.8
1228480 2985.4
1228490 2984.4
1228500 2984.4
1228510 2984.6
1228520 2990.1
1228530 2990.1
1228540 2993.7
1228550 3000.5
1228560 3000.5
1228570 3007.8
1228580 3013.5
1228590 3028.7
1228600 3028.7
1228610 3033.6
1228620 3038.8
1228630 3038.8
1228640 3043.9
1228650 3046.2
1228660 3046.2
1228670 3046.3
1228680 3044.1
1228690 3044.1
1228700 3042.2
1228710 3039.5
1228720 3039.5
1228730 3033.5
1228740 3029.6
1228750 3029.6
1228760 3025.0
1228770 3019.6
1228780 3019.6
1228790 3016.7
1228800 3011.5
1228810 3006.0
1228820 3006.0
1228830 3002.1
1228840 2998.7
1228850 2998.7
1228860 2995.1
1228870 2988.5
1228880 2988.5
1228890 2982.0
1228900 2976.0
1228910 2976.0
1228920 2970.5
1228930 2966.0
1228940 2966.0
1228950 2953.6
1228960 2949.4
1228970 2949.4
1228980 2946.5
1228990 2943.7
1229000 2940.2
1229010 2940.2
1229020 2936.4
1229030 2933.5
1229040 2933.5
1229050 2930.9
1229060 2928.6
1229070 2928.6
1229080 2926.0
1229090 2922.5
1229100 2922.5
1229110 2918.1
1229120 2913.3
1229130 2913.3
1229140 2909.6
1229150 2905.8
1229160 2905.8
1229170 2902.6
1229180 2898.4
1229190 2898.4
1229200 2895.8
1229210 2893.2
1229220 2889.2
1229230 2889.2
1229240 2882.6
1229250 2876.8
1229260 2876.8
1229270 2867.5
1229280 2857.1
1229290 2857.1
1229300 2848.4
1229310 2841.3
1229320 2841.3
1229330 2836.7
1229340 2832.3
1229350 2832.3
1229360 2826.6
1229370 2821.6
1229380 2821.6
1229390 2818.9
1229400 2818.7
1229410 2818.7
1229420 2819.3
1229430 2820.0
1229440 2813.7
1229450 2813.7
1229460 2813.4
1229470 2812.0
1229480 2812.0
1229490 2809.9
1229500 2807.4
1229510 2807.4
1229520 2803.8
1229530 2800.2
1229540 2800.2
1229550 2796.7
1229560 2793.5
1229570 2793.5
1229580 2790.3
1229590 2787.2
1229600 2787.2
1229610 2784.7
1229620 2782.9
1229630 2782.9
1229640 2782.1
1229650 2780.5
1229660 2778.0
1229670 2778.0
1229680 2775.9
1229690 2774.2
1229700 2774.2
1229710 2772.8
1229720 2771.9
1229730 2771.9
1229740 2771.3
1229750 2770.9
1229760 2770.9
1229770 2770.5
1229780 2769.4
1229790 2769.4
1229800 2768.4
1229810 2767.3
1229820 2767.3
1229830 2765.4
1229840 2763.1
1229850 2761.0
1229860 2761.0
1229870 2759.5
1229880 2757.2
1229890 2757.2
1229900 2754.4
1229910 2752.6
1229920 2752.6
1229930 2750.2
1229940 2749.3
1229950 2749.3
1229960 2746.2
1229970 2742.3
1229980 2742.3
1229990 2740.2
1230000 2738.5
1230010 2738.5
1230020 2735.5
1230030 2732.0
1230040 2732.0
1230050 2728.8
1230060 2726.3
1230070 2723.3
1230080 2723.3
1230090 2719.9
1230100 2717.5
1230110 2717.5
1230120 2712.8
1230130 2708.0
1230140 2708.0
1230150 2706.7
1230160 2705.7
1230170 2705.7
1230180 2704.4
1230190 2702.7
1230200 2702.7
1230210 2700.9
1230220 2698.6
1230230 2698.6
1230240 2695.7
1230250 2692.9
1230260 2692.9
1230270 2690.7
1230280 2687.1
1230290 2681.4
1230300 2681.4
1230310 2673.5
1230320 2668.5
1230330 2668.5
1230340 2666.7
1230350 2665.2
1230360 2665.2
1230370 2664.6
1230380 2664.4
1230390 2664.4
1230400 2664.2
1230410 2664.3
1230420 2664.3
1230430 2664.9
1230440 2667.9
1230450 2667.9
1230460 2669.6
1230470 2671.3
1230480 2671.3
1230490 2673.0
1230500 2675.5
1230510 2679.5
1230520 2679.5
1230530 2682.0
1230540 2683.4
1230550 2683.4
1230560 2684.4
1230570 2685.6
1230580 2685.6
1230590 2685.3
1230600 2684.7
1230610 2684.7
1230620 2683.8
1230630 2682.6
1230640 2682.6
1230650 2682.1
1230660 2681.3
1230670 2681.3
1230680 2678.0
1230690 2671.1
1230700 2662.6
1230710 2662.6
1230720 2655.1
1230730 2651.8
1230740 2651.8
1230750 2646.4
1230760 2642.4
1230770 2642.4
1230780 2641.1
1230790 2637.7
1230800 2637.7
1230810 2632.9
1230820 2629.8
1230830 2629.8
1230840 2627.4
1230850 2622.8
1230860 2622.8
1230870 2619.5
1230880 2616.8
1230890 2616.8
1230900 2613.9
1230910 2608.2
1230920 2598.5
1230930 2598.5
1230940 2590.5
1230950 2586.0
1230960 2586.0
1230970 2583.9
1230980 2581.8
1230990 2581.8
1231000 2579.3
1231010 2577.5
1231020 2577.5
1231030 2576.6
1231040 2576.4
1231050 2576.4
1231060 2576.6
1231070 2576.8
1231080 2576.8
1231090 2577.9
1231100 2579.3
1231110 2579.3
1231120 2580.3
1231130 2581.1
1231140 2581.7
1231150 2581.7
1231160 2582.6
1231170 2583.9
1231180 2583.9
1231190 2585.8
1231200 2587.4
1231210 2587.4
1231220 2588.6
1231230 2588.6
1231240 2588.6
1231250 2587.3
1231260 2585.2
1231270 2585.2
1231280 2583.4
1231290 2582.2
1231300 2582.2
1231310 2581.7
1231320 2580.7
1231330 2580.7
1231340 2579.2
1231350 2577.6
1231360 2577.4
1231370 2577.4
1231380 2577.7
1231390 2577.7
1231400 2577.7
1231410 2577.4
1231420 2574.0
1231430 2574.0
1231440 2564.4
1231450 2561.1
1231460 2561.1
1231470 2558.4
1231480 2556.5
1231490 2556.5
1231500 2553.9
1231510 2550.3
1231520 2550.3
1231530 2547.2
1231540 2544.8
1231550 2542.2
1231560 2542.2
1231570 2539.2
1231580 2536.1
1231590 2536.1
1231600 2533.6
1231610 2531.1
1231620 2531.1
1231630 2528.5
1231640 2525.9
1231650 2525.9
1231660 2523.6
1231670 2521.8
1231680 2521.8
1231690 2520.0
1231700 2518.3
1231710 2518.3
1231720 2517.7
1231730 2517.7
1231740 2517.7
1231750 2516.2
1231760 2513.4
1231770 2509.5
1231780 2509.5
1231790 2504.3
1231800 2500.0
1231810 2500.0
1231820 2495.0
1231830 2490.0
1231840 2490.0
1231850 2485.4
1231860 2481.8
1231870 2481.8
1231880 2477.4
1231890 2473.2
1231900 2473.2
1231910 2470.7
1231920 2468.8
1231930 2468.8
1231940 2467.7
1231950 2465.9
1231960 2465.9
1231970 2464.7
1231980 2463.3
1231990 2462.2
1232000 2462.2
1232010 2461.4
1232020 2460.4
1232030 2460.4
1232040 2459.5
1232050 2458.6
1232060 2458.6
1232070 2457.5
1232080 2455.8
1232090 2455.8
1232100 2453.2
1232110 2451.9
1232120 2451.9
1232130 2450.8
1232140 2449.6
1232150 2449.6
1232160 2448.4
1232170 2447.7
1232180 2447.7
1232190 2446.7
1232200 2445.7
1232210 2444.6
1232220 2444.6
1232230 2442.9
1232240 2440.5
1232250 2440.5
1232260 2438.3
1232270 2436.4
1232280 2436.4
1232290 2435.1
1232300 2434.1
1232310 2434.1
1232320 2433.1
1232330 2431.5
1232340 2431.5
1232350 2428.7
1232360 2425.7
1232370 2425.7
1232380 2422.1
1232390 2417.8
1232400 2415.3
1232410 2415.3
1232420 2414.5
1232430 2413.5
1232440 2417.6
1232450 2414.1
1232460 2409.7
1232470 2409.7
1232480 2406.5
1232490 2403.7
1232500 2403.7
1232510 2399.8
1232520 2395.6
1232530 2395.6
1232540 2390.3
1232550 2385.0
1232560 2385.0
1232570 2378.3
1232580 2369.9
1232590 2369.9
1232600 2360.5
1232610 2351.3
1232620 2345.1
1232630 2345.1
1232640 2341.5
1232650 2338.1
1232660 2338.1
1232670 2335.5
1232680 2332.3
1232690 2332.3
1232700 2329.4
1232710 2325.7
1232720 2325.7
1232730 2322.3
1232740 2318.8
1232750 2318.8
1232760 2315.0
1232770 2310.8
1232780 2310.8
1232790 2305.6
1232800 2300.9
1232810 2300.9
1232820 2296.7
1232830 2289.9
1232840 2280.9
1232850 2280.9
1232860 2272.8
1232870 2267.0
1232880 2267.0
1232890 2263.7
1232900 2263.5
1232910 2263.5
1232920 2263.9
1232930 2264.4
1232940 2268.4
1232950 2268.4
1232960 2266.0
1232970 2266.0
1232980 2261.5
1232990 2253.5
1233000 2253.5
1233010 2242.2
1233020 2233.9
1233030 2233.9
1233040 2227.8
1233050 2224.2
1233060 2221.8
1233070 2221.8
1233080 2217.2
1233090 2210.4
1233100 2210.4
1233110 2203.0
1233120 2198.6
1233130 2198.6
1233140 2194.9
1233150 2191.6
1233160 2191.6
1233170 2188.9
1233180 2186.5
1233190 2186.5
1233200 2184.3
1233210 2182.0
1233220 2182.0
1233230 2179.5
1233240 2178.5
1233250 2178.8
1233260 2178.8
1233270 2178.1
1233280 2177.7
1233290 2177.7
1233300 2177.5
1233310 2177.1
1233320 2177.1
1233330 2177.2
1233340 2177.7
1233350 2177.7
1233360 2178.0
1233370 2178.4
1233380 2178.4
1233390 2179.1
1233400 2179.6
1233410 2179.6
1233420 2180.2
1233430 2180.7
1233440 2180.7
1233450 2181.8
1233460 2181.9
1233470 2182.7
1233480 2182.7
1233490 2183.2
1233500 2183.2
1233510 2183.2
1233520 2183.3
1233530 2183.8
1233540 2183.8
1233550 2184.4
1233560 2184.9
1233570 2184.9
1233580 2185.0
1233590 2185.1
1233600 2185.1
1233610 2185.2
1233620 2186.1
1233630 2186.1
1233640 2188.9
1233650 2190.5
1233660 2190.5
1233670 2191.4
1233680 2192.6
1233690 2194.3
1233700 2194.3
1233710 2196.3
1233720 2198.1
1233730 2198.1
1233740 2200.9
1233750 2204.6
1233760 2204.6
1233770 2209.0
1233780 2214.0
1233790 2214.0
1233800 2219.6
1233810 2225.6
1233820 2225.6
1233830 2231.4
1233840 2236.9
1233850 2236.9
1233860 2242.6
1233870 2248.3
1233880 2248.3
1233890 2254.5
1233900 2261.8
1233910 2269.2
1233920 2269.2
1233930 2274.7
1233940 2278.6
1233950 2277.5
1233960 2280.8
1233970 2282.6
1233980 2282.6
1233990 2286.2
1234000 2295.5
1234010 2295.5
1234020 2305.4
1234030 2315.9
1234040 2315.9
1234050 2325.2
1234060 2332.0
1234070 2332.0
1234080 2337.8
1234090 2343.6
1234100 2350.1
1234110 2350.1
1234120 2356.6
1234130 2362.4
1234140 2362.4
1234150 2368.8
1234160 2375.2
1234170 2375.2
1234180 2381.1
1234190 2388.5
1234200 2388.5
1234210 2399.1
1234220 2409.0
1234230 2409.0
1234240 2419.2
1234250 2429.1
1234260 2429.1
1234270 2437.2
1234280 2441.8
1234290 2441.8
1234300 2448.1
1234310 2455.6
1234320 2464.4
1234330 2464.4
1234340 2475.0
1234350 2482.0
1234360 2482.0
1234370 2487.5
1234380 2492.7
1234390 2492.7
1234400 2497.0
1234410 2501.9
1234420 2501.9
1234430 2506.7
1234440 2511.7
1234450 2511.7
1234460 2521.3
1234470 2526.0
1234480 2526.0
1234490 2530.2
1234500 2533.9
1234510 2533.9
1234520 2537.7
1234530 2541.8
1234540 2546.1
1234550 2546.1
1234560 2549.6
1234570 2553.6
1234580 2553.6
1234590 2558.0
1234600 2561.6
1234610 2561.6
1234620 2564.4
1234630 2566.8
1234640 2566.8
1234650 2569.5
1234660 2573.3
1234670 2573.3
1234680 2577.3
1234690 2580.3
1234700 2580.3
1234710 2583.8
1234720 2586.9
1234730 2589.0
1234740 2589.0
1234750 2590.2
1234760 2590.8
1234770 2590.8
1234780 2590.4
1234790 2589.9
1234800 2589.9
1234810 2594.8
1234820 2603.7
1234830 2603.7
1234840 2609.0
1234850 2611.5
1234860 2611.5
1234870 2611.1
1234880 2610.5
1234890 2610.5
1234900 2609.9
1234910 2610.0
1234920 2610.0
1234930 2614.4
1234940 2621.3
1234950 2625.6
1234960 2635.4
1234970 2635.3
1234980 2638.2
1234990 2638.2
1235000 2640.2
1235010 2639.1
1235020 2639.1
1235030 2638.4
1235040 2638.9
1235050 2638.9
1235060 2641.4
1235070 2642.6
1235080 2642.6
1235090 2642.2
1235100 2641.6
1235110 2641.6
1235120 2640.6
1235130 2639.6
1235140 2639.6
1235150 2639.2
1235160 2640.8
1235170 2642.0
1235180 2642.0
1235190 2640.8
1235200 2638.6
1235210 2638.6
1235220 2637.6
1235230 2636.2
1235240 2636.2
1235250 2635.0
1235260 2633.0
1235270 2633.0
1235280 2630.9
1235290 2629.0
1235300 2629.0
1235310 2627.5
1235320 2627.2
1235330 2627.2
1235340 2626.9
1235350 2626.5
1235360 2626.5
1235370 2626.9
1235380 2628.8
1235390 2630.0
1235400 2630.0
1235410 2632.4
1235420 2634.3
1235430 2634.3
1235440 2637.8
1235450 2643.5
1235460 2643.5
1235470 2648.9
1235480 2651.9
1235490 2651.9
1235500 2656.1
1235510 2660.6
1235520 2660.6
1235530 2664.8
1235540 2672.4
1235550 2672.4
1235560 2679.5
1235570 2685.2
1235580 2691.8
1235590 2691.8
1235600 2698.3
1235610 2704.0
1235620 2704.0
1235630 2710.0
1235640 2717.9
1235650 2717.9
1235660 2729.1
1235670 2742.7
1235680 2742.7
1235690 2751.0
1235700 2765.7
1235710 2765.7
1235720 2781.1
1235730 2786.5
1235740 2786.5
1235750 2788.0
1235760 2789.0
1235770 2789.0
1235780 2782.9
1235790 2775.2
1235800 2772.6
1235810 2772.6
1235820 2771.3
1235830 2772.8
1235840 2772.8
1235850 2776.6
1235860 2781.8
1235870 2781.8
1235880 2787.3
1235890 2792.8
1235900 2792.8
1235910 2797.9
1235920 2802.6
1235930 2802.6
1235940 2806.7
1235950 2810.6
1235960 2810.6
1235970 2813.9
1235980 2818.8
1235990 2818.8
1236000 2820.4
1236010 2821.0
1236020 2823.0
1236030 2823.0
1236040 2826.1
1236050 2829.4
1236060 2829.4
1236070 2832.5
1236080 2835.8
1236090 2835.8
1236100 2839.1
1236110 2842.3
1236120 2842.3
1236130 2845.6
1236140 2850.1
1236150 2850.1
1236160 2855.0
1236170 2859.4
1236180 2859.4
1236190 2864.4
1236200 2869.4
1236210 2869.4
1236220 2874.8
1236230 2880.6
1236240 2886.1
1236250 2886.1
1236260 2890.4
1236270 2895.6
1236280 2895.6
1236290 2901.7
1236300 2907.2
1236310 2907.2
1236320 2912.6
1236330 2915.5
1236340 2915.5
1236350 2918.4
1236360 2921.2
1236370 2921.2
1236380 2924.6
1236390 2929.9
1236400 2929.9
1236410 2935.2
1236420 2939.4
1236430 2943.4
1236440 2943.4
1236450 2947.4
1236460 2951.1
1236470 2951.1
1236480 2955.4
1236490 2962.9
1236500 2962.9
1236510 2966.2
1236520 2968.9
1236530 2968.9
1236540 2971.2
1236550 2973.5
1236560 2973.5
1236570 2976.2
1236580 2979.1
1236590 2979.1
1236600 2981.7
1236610 2984.1
1236620 2984.1
1236630 2986.2
1236640 2988.0
1236650 2989.6
1236660 2989.6
1236670 2991.0
1236680 2992.3
1236690 2992.3
1236700 2993.5
1236710 2994.7
1236720 2994.7
1236730 2995.9
1236740 2997.1
1236750 2997.1
1236760 2998.5
1236770 2999.8
1236780 2999.8
1236790 3001.2
1236800 3002.4
1236810 3002.4
1236820 3003.5
1236830 3004.4
1236840 3004.4
1236850 3005.3
1236860 3006.4
1236870 3007.7
1236880 3007.7
1236890 3008.9
1236900 3010.3
1236910 3010.3
1236920 3011.7
1236930 3013.1
1236940 3013.1
1236950 3014.7
1236960 3016.5
1236970 3016.5
1236980 3018.5
1236990 3020.6
1237000 3020.0
1237010 3022.1
1237020 3024.3
1237030 3024.3
1237040 3026.5
1237050 3028.6
1237060 3028.6
1237070 3030.8
1237080 3032.9
1237090 3035.0
1237100 3035.0
1237110 3036.9
1237120 3038.7
1237130 3038.7
1237140 3040.5
1237150 3042.2
1237160 3042.2
1237170 3043.9
1237180 3045.6
1237190 3045.6
1237200 3047.3
1237210 3048.9
1237220 3048.9
1237230 3050.4
1237240 3051.9
1237250 3051.9
1237260 3053.3
1237270 3054.8
1237280 3056.5
1237290 3056.5
1237300 3058.3
1237310 3060.0
1237320 3060.0
1237330 3061.5
1237340 3062.4
1237350 3062.4
1237360 3063.6
1237370 3065.7
1237380 3065.7
1237390 3068.3
1237400 3071.1
1237410 3071.1
1237420 3074.0
1237430 3077.1
1237440 3077.1
1237450 3080.3
1237460 3083.3
1237470 3083.3
1237480 3086.3
1237490 3089.2
1237500 3092.1
1237510 3093.0
1237520 3095.9
1237530 3098.7
1237540 3098.7
1237550 3101.2
1237560 3103.7
1237570 3103.7
1237580 3105.9
1237590 3108.0
1237600 3108.0
1237610 3109.9
1237620 3111.5
1237630 3111.5
1237640 3113.0
1237650 3114.2
1237660 3114.2
1237670 3114.3
1237680 3114.0
1237690 3114.0
1237700 3115.5
1237710 3117.9
1237720 3121.0
1237730 3121.0
1237740 3126.0
1237750 3133.2
1237760 3133.2
1237770 3142.2
1237780 3156.0
1237790 3156.0
1237800 3165.2
1237810 3173.3
1237820 3173.3
1237830 3179.9
1237840 3185.8
1237850 3185.8
1237860 3191.1
1237870 3196.9
1237880 3196.9
1237890 3203.0
1237900 3210.1
1237910 3210.1
1237920 3218.8
1237930 3227.1
1237940 3229.8
1237950 3229.8
1237960 3210.3
1237970 3195.3
1237980 3195.3
1237990 3190.6
1238000 3182.0
1238010 3182.0
1238020 3167.7
1238030 3171.1
1238040 3171.1
1238050 3166.2
1238060 3162.6
1238070 3162.6
1238080 3150.0
1238090 3135.9
1238100 3135.9
1238110 3119.7
1238120 3107.5
1238130 3099.3
1238140 3099.3
1238150 3094.9
1238160 3091.7
1238170 3091.7
1238180 3087.1
1238190 3082.9
1238200 3082.9
1238210 3078.3
1238220 3073.5
1238230 3073.5
1238240 3068.4
1238250 3063.3
1238260 3063.3
1238270 3058.5
1238280 3054.0
1238290 3054.0
1238300 3049.6
1238310 3045.2
1238320 3045.2
1238330 3040.9
1238340 3037.1
1238350 3033.8
1238360 3033.8
1238370 3030.5
1238380 3027.4
1238390 3027.4
1238400 3024.4
1238410 3021.1
1238420 3021.1
1238430 3017.3
1238440 3013.1
1238450 3013.1
1238460 3008.6
1238470 3003.8
1238480 3003.8
1238490 2999.0
1238500 2993.9
1238510 2993.9
1238520 2988.9
1238530 2984.2
1238540 2982.7
1238550 2977.8
1238560 2973.0
1238570 2968.3
1238580 2968.3
1238590 2964.0
1238600 2959.6
1238610 2959.6
1238620 2955.1
1238630 2950.5
1238640 2950.5
1238650 2945.9
1238660 2941.2
1238670 2941.2
1238680 2936.6
1238690 2932.2
1238700 2932.2
1238710 2927.8
1238720 2921.9
1238730 2921.9
1238740 2916.2
1238750 2910.8
1238760 2905.4
1238770 2905.4
1238780 2899.5
1238790 2893.3
1238800 2893.3
1238810 2888.8
1238820 2885.5
1238830 2885.5
1238840 2881.8
1238850 2878.6
1238860 2878.6
1238870 2875.1
1238880 2871.6
1238890 2871.6
1238900 2865.9
1238910 2857.0
1238920 2857.0
1238930 2846.6
1238940 2839.7
1238950 2839.7
1238960 2832.5
1238970 2823.6
1238980 2814.8
1238990 2814.8
1239000 2807.1
1239010 2794.6
1239020 2794.6
1239030 2781.2
1239040 2776.6
1239050 2776.6
1239060 2773.8
1239070 2773.3
1239080 2773.3
1239090 2773.3
1239100 2772.5
1239110 2772.5
1239120 2771.8
1239130 2772.4
1239140 2772.4
1239150 2771.7
1239160 2770.5
1239170 2770.5
1239180 2768.6
1239190 2765.5
1239200 2762.3
1239210 2762.3
1239220 2760.5
1239230 2759.4
1239240 2759.4
1239250 2759.4
1239260 2760.2
1239270 2760.2
1239280 2760.7
1239290 2759.1
1239300 2759.1
1239310 2754.7
1239320 2749.7
1239330 2749.7
1239340 2746.9
1239350 2744.8
1239360 2744.8
1239370 2743.8
1239380 2742.7
1239390 2742.7
1239400 2740.5
1239410 2738.0
1239420 2735.2
1239430 2735.2
1239440 2732.5
1239450 2732.4
1239460 2732.4
1239470 2735.7
1239480 2739.2
1239490 2739.2
1239500 2740.4
1239510 2741.3
1239520 2741.3
1239530 2742.5
1239540 2744.4
1239550 2744.4
1239560 2749.5
1239570 2754.7
1239580 2754.7
1239590 2766.1
1239600 2779.7
1239610 2790.7
1239620 2790.7
1239630 2804.6
1239640 2812.6
1239650 2812.6
1239660 2816.8
1239670 2824.9
1239680 2824.9
1239690 2826.1
1239700 2822.4
1239710 2822.4
1239720 2823.3
1239730 2823.9
1239740 2823.9
1239750 2819.7
1239760 2816.1
1239770 2816.1
1239780 2816.3
1239790 2814.0
1239800 2814.0
1239810 2813.1
1239820 2819.9
1239830 2823.1
1239840 2823.1
1239850 2820.8
1239860 2819.6
1239870 2819.6
1239880 2820.3
1239890 2816.3
1239900 2816.3
1239910 2813.8
1239920 2809.0
1239930 2809.0
1239940 2802.4
1239950 2798.7
1239960 2798.7
1239970 2797.0
1239980 2797.2
1239990 2797.2
