1220000 1238.5
1220010 1235.8
1220020 1233.4
1220030 1233.4
1220040 1230.6
1220050 1227.8
1220060 1227.8
1220070 1225.1
1220080 1222.3
1220090 1222.3
1220100 1219.3
1220110 1216.6
1220120 1216.6
1220130 1213.2
1220140 1209.6
1220150 1209.6
1220160 1206.7
1220170 1204.0
1220180 1201.6
1220190 1201.6
1220200 1199.2
1220210 1197.0
1220220 1197.0
1220230 1195.7
1220240 1195.0
1220250 1195.0
1220260 1194.4
1220270 1194.2
1220280 1194.2
1220290 1193.8
1220300 1192.9
1220310 1192.9
1220320 1192.0
1220330 1191.2
1220340 1191.2
1220350 1190.8
1220360 1190.2
1220370 1190.2
1220380 1189.8
1220390 1189.5
1220400 1189.7
1220410 1189.7
1220420 1189.8
1220430 1189.8
1220440 1189.8
1220450 1189.6
1220460 1189.2
1220470 1189.2
1220480 1189.0
1220490 1189.0
1220500 1189.0
1220510 1189.3
1220520 1188.9
1220530 1188.9
1220540 1188.6
1220550 1187.6
1220560 1187.6
1220570 1188.2
1220580 1188.0
1220590 1188.0
1220600 1187.3
1220610 1187.2
1220620 1187.0
1220630 1187.0
1220640 1186.9
1220650 1186.7
1220660 1186.7
1220670 1186.6
1220680 1186.5
1220690 1186.5
1220700 1186.5
1220710 1186.8
1220720 1186.8
1220730 1186.9
1220740 1187.0
1220750 1187.0
1220760 1187.4
1220770 1187.7
1220780 1187.7
1220790 1188.0
1220800 1188.0
1220810 1188.0
1220820 1188.0
1220830 1188.1
1220840 1188.1
1220850 1188.1
1220860 1188.1
1220870 1188.2
1220880 1188.1
1220890 1188.2
1220900 1188.3
1220910 1188.3
1220920 1188.4
1220930 1188.5
1220940 1188.5
1220950 1188.6
1220960 1188.7
1220970 1188.7
1220980 1189.1
1220990 1189.5
1221000 1189.5
1221010 1189.4
1221020 1189.3
1221030 1189.3
1221040 1189.5
1221050 1189.4
1221060 1189.4
1221070 1189.4
1221080 1189.4
1221090 1189.4
1221100 1189.4
1221110 1189.5
1221120 1189.6
1221130 1189.6
1221140 1189.6
1221150 1189.7
1221160 1189.7
1221170 1190.0
1221180 1190.2
1221190 1190.2
1221200 1190.0
1221210 1190.1
1221220 1190.1
1221230 1190.4
1221240 1190.3
1221250 1190.4
1221260 1190.4
1221270 1190.5
1221280 1190.5
1221290 1190.5
1221300 1190.5
1221310 1190.5
1221320 1190.5
1221330 1190.6
1221340 1190.7
1221350 1190.7
1221360 1191.1
1221370 1191.0
1221380 1191.0
1221390 1190.8
1221400 1190.7
1221410 1190.7
1221420 1190.8
1221430 1190.7
1221440 1190.7
1221450 1191.0
1221460 1191.4
1221470 1192.0
1221480 1192.0
1221490 1191.8
1221500 1191.7
1221510 1191.7
1221520 1191.6
1221530 1191.7
1221540 1191.7
1221550 1192.1
1221560 1191.9
1221570 1191.9
1221580 1191.9
1221590 1192.0
1221600 1192.0
1221610 1192.4
1221620 1192.6
1221630 1192.6
1221640 1192.7
1221650 1192.9
1221660 1192.9
1221670 1193.0
1221680 1193.2
1221690 1193.5
1221700 1193.5
1221710 1193.5
1221720 1192.6
1221730 1192.6
1221740 1191.4
1221750 1190.9
1221760 1190.9
1221770 1191.0
1221780 1191.6
1221790 1191.6
1221800 1193.3
1221810 1194.3
1221820 1194.3
1221830 1194.3
1221840 1196.0
1221850 1194.5
1221860 1194.8
1221870 1197.0
1221880 1197.0
1221890 1200.6
1221900 1203.2
1221910 1205.3
1221920 1205.3
1221930 1206.1
1221940 1208.3
1221950 1208.3
1221960 1212.7
1221970 1215.8
1221980 1215.8
1221990 1217.5
1222000 1217.8
1222010 1217.8
1222020 1216.6
1222030 1212.7
1222040 1212.7
1222050 1205.9
1222060 1199.4
1222070 1199.4
1222080 1197.0
1222090 1197.2
1222100 1197.2
1222110 1197.8
1222120 1198.1
1222130 1198.3
1222140 1198.3
1222150 1198.8
1222160 1200.6
1222170 1200.6
1222180 1203.1
1222190 1205.3
1222200 1205.3
1222210 1207.7
1222220 1210.1
1222230 1210.1
1222240 1212.6
1222250 1215.1
1222260 1215.1
1222270 1217.0
1222280 1218.6
1222290 1218.6
1222300 1219.3
1222310 1219.4
1222320 1219.4
1222330 1218.8
1222340 1219.2
1222350 1221.4
1222360 1221.4
1222370 1223.7
1222380 1226.4
1222390 1226.4
1222400 1230.2
1222410 1233.2
1222420 1233.2
1222430 1236.0
1222440 1239.2
1222450 1239.2
1222460 1242.8
1222470 1247.0
1222480 1247.0
1222490 1251.3
1222500 1254.6
1222510 1254.6
1222520 1258.4
1222530 1263.5
1222540 1268.4
1222550 1268.4
1222560 1272.7
1222570 1276.9
1222580 1276.9
1222590 1281.7
1222600 1286.4
1222610 1286.4
1222620 1291.3
1222630 1296.6
1222640 1296.6
1222650 1301.9
1222660 1307.1
1222670 1307.1
1222680 1311.8
1222690 1315.2
1222700 1315.2
1222710 1319.0
1222720 1324.1
1222730 1324.1
1222740 1329.5
1222750 1334.5
1222760 1339.7
1222770 1339.7
1222780 1346.0
1222790 1351.9
1222800 1351.9
1222810 1353.3
1222820 1357.6
1222830 1357.6
1222840 1360.2
1222850 1362.2
1222860 1362.2
1222870 1367.5
1222880 1371.7
1222890 1371.7
1222900 1376.0
1222910 1379.7
1222920 1379.7
1222930 1383.1
1222940 1387.9
1222950 1387.9
1222960 1392.2
1222970 1397.2
1222980 1402.4
1222990 1402.4
1223000 1406.5
1223010 1410.3
1223020 1410.3
1223030 1415.8
1223040 1421.2
1223050 1421.2
1223060 1425.5
1223070 1429.4
1223080 1429.4
1223090 1431.8
1223100 1437.1
1223110 1437.1
1223120 1442.6
1223130 1446.7
1223140 1446.7
1223150 1451.5
1223160 1455.3
1223170 1455.3
1223180 1461.6
1223190 1467.4
1223200 1472.0
1223210 1472.0
1223220 1477.2
1223230 1483.4
1223240 1483.4
1223250 1489.4
1223260 1496.3
1223270 1496.3
1223280 1503.8
1223290 1511.5
1223300 1508.7
1223310 1515.0
1223320 1526.2
1223330 1526.2
1223340 1543.9
1223350 1557.7
1223360 1557.7
1223370 1567.3
1223380 1575.3
1223390 1575.3
1223400 1592.5
1223410 1607.9
1223420 1623.1
1223430 1623.1
1223440 1636.5
1223450 1647.0
1223460 1647.0
1223470 1655.2
1223480 1665.0
1223490 1665.0
1223500 1684.3
1223510 1698.4
1223520 1698.4
1223530 1711.4
1223540 1728.4
1223550 1728.4
1223560 1740.4
1223570 1745.2
1223580 1745.2
1223590 1752.3
1223600 1755.8
1223610 1755.8
1223620 1756.7
1223630 1764.5
1223640 1777.5
1223650 1777.5
1223660 1793.5
1223670 1805.2
1223680 1805.2
1223690 1816.2
1223700 1829.2
1223710 1829.2
1223720 1838.9
1223730 1849.8
1223740 1849.8
1223750 1865.2
1223760 1876.2
1223770 1876.2
1223780 1880.5
1223790 1891.3
1223800 1891.3
1223810 1903.8
1223820 1919.3
1223830 1936.6
1223840 1936.6
1223850 1947.8
1223860 1956.5
1223870 1956.5
1223880 1971.0
1223890 1990.3
1223900 1990.3
1223910 1998.1
1223920 2006.8
1223930 2006.8
1223940 2018.8
1223950 2027.8
1223960 2027.8
1223970 2034.0
1223980 2039.6
1223990 2039.6
1224000 2044.9
1224010 2049.8
1224020 2049.8
1224030 2053.8
1224040 2057.1
1224050 2059.7
1224060 2059.7
1224070 2061.7
1224080 2064.8
1224090 2064.8
1224100 2068.7
1224110 2074.0
1224120 2074.0
1224130 2079.1
1224140 2083.1
1224150 2083.1
1224160 2087.3
1224170 2091.8
1224180 2091.8
1224190 2095.7
1224200 2093.0
1224210 2093.0
1224220 2082.8
1224230 2071.7
1224240 2071.7
1224250 2061.4
1224260 2055.1
1224270 2035.1
1224280 2035.1
1224290 2035.4
1224300 2038.3
1224310 2038.3
1224320 2042.1
1224330 2045.2
1224340 2045.2
1224350 2045.7
1224360 2044.0
1224370 2044.0
1224380 2047.2
1224390 2052.2
1224400 2052.2
1224410 2057.8
1224420 2063.9
1224430 2063.9
1224440 2069.2
1224450 2077.1
1224460 2077.1
1224470 2086.7
1224480 2097.4
1224490 2107.2
1224500 2107.2
1224510 2114.4
1224520 2124.0
1224530 2124.0
1224540 2140.0
1224550 2160.4
1224560 2160.4
1224570 2170.7
1224580 2170.5
1224590 2170.5
1224600 2170.3
1224610 2179.7
1224620 2179.7
1224630 2199.1
1224640 2210.6
1224650 2210.6
1224660 2222.0
1224670 2235.7
1224680 2235.7
1224690 2250.5
1224700 2261.8
1224710 2269.1
1224720 2269.1
1224730 2281.1
1224740 2293.5
1224750 2289.1
1224760 2300.6
1224770 2310.1
1224780 2310.1
1224790 2314.7
1224800 2318.9
1224810 2318.9
1224820 2324.5
1224830 2331.2
1224840 2331.2
1224850 2338.1
1224860 2346.5
1224870 2346.5
1224880 2352.2
1224890 2353.2
1224900 2353.2
1224910 2352.6
1224920 2352.9
1224930 2358.2
1224940 2358.2
1224950 2366.9
1224960 2376.1
1224970 2376.1
1224980 2389.5
1224990 2408.5
1225000 2408.5
1225010 2427.7
1225020 2441.6
1225030 2441.6
1225040 2452.0
1225050 2461.0
1225060 2461.0
1225070 2471.4
1225080 2482.7
1225090 2482.7
1225100 2492.0
1225110 2501.8
1225120 2510.7
1225130 2510.7
1225140 2521.0
1225150 2529.4
1225160 2529.4
1225170 2538.7
1225180 2552.4
1225190 2552.4
1225200 2564.1
1225210 2572.8
1225220 2572.8
1225230 2585.0
1225240 2595.8
1225250 2595.8
1225260 2607.4
1225270 2614.4
1225280 2614.4
1225290 2624.4
1225300 2630.6
1225310 2630.6
1225320 2636.2
1225330 2645.6
1225340 2651.0
1225350 2651.0
1225360 2662.4
1225370 2676.2
1225380 2676.2
1225390 2689.8
1225400 2702.8
1225410 2702.8
1225420 2717.2
1225430 2731.0
1225440 2731.0
1225450 2745.3
1225460 2759.4
1225470 2759.4
1225480 2767.5
1225490 2760.5
1225500 2760.5
1225510 2757.3
1225520 2761.5
1225530 2761.5
1225540 2768.5
1225550 2778.3
1225560 2779.1
1225570 2779.1
1225580 2787.0
1225590 2792.7
1225600 2792.7
1225610 2790.0
1225620 2784.6
1225630 2784.6
1225640 2786.2
1225650 2793.9
1225660 2793.9
1225670 2796.2
1225680 2798.0
1225690 2798.0
1225700 2802.6
1225710 2809.1
1225720 2809.1
1225730 2809.5
1225740 2813.1
1225750 2813.1
1225760 2817.8
1225770 2821.1
1225780 2826.9
1225790 2826.9
1225800 2834.4
1225810 2843.4
1225820 2843.4
1225830 2854.4
1225840 2867.6
1225850 2867.6
1225860 2870.7
1225870 2867.7
1225880 2867.7
1225890 2860.3
1225900 2852.5
1225910 2852.5
1225920 2844.6
1225930 2837.1
1225940 2837.1
1225950 2834.6
1225960 2836.1
1225970 2836.1
1225980 2842.0
1225990 2841.0
1226000 2831.9
1226010 2831.9
1226020 2825.5
1226030 2822.9
1226040 2822.9
1226050 2821.9
1226060 2817.2
1226070 2817.2
1226080 2813.2
1226090 2807.9
1226100 2807.9
1226110 2801.9
1226120 2795.9
1226130 2795.9
1226140 2791.3
1226150 2791.9
1226160 2791.9
1226170 2792.2
1226180 2793.9
1226190 2793.9
1226200 2797.1
1226210 2801.1
1226220 2810.2
1226230 2810.2
1226240 2810.8
1226250 2810.5
1226260 2810.5
1226270 2811.9
1226280 2815.0
1226290 2815.0
1226300 2817.9
1226310 2820.8
1226320 2820.8
1226330 2827.4
1226340 2834.6
1226350 2834.6
1226360 2832.5
1226370 2824.3
1226380 2824.3
1226390 2816.8
1226400 2811.2
1226410 2806.6
1226420 2806.6
1226430 2806.8
1226440 2816.8
1226450 2816.8
1226460 2836.5
1226470 2860.1
1226480 2860.1
1226490 2885.6
1226500 2912.4
1226510 2912.4
1226520 2914.9
1226530 2910.4
1226540 2910.4
1226550 2903.2
1226560 2892.0
1226570 2892.0
1226580 2881.7
1226590 2869.5
1226600 2869.5
1226610 2853.2
1226620 2827.0
1226630 2803.5
1226640 2803.5
1226650 2791.4
1226660 2781.4
1226670 2781.4
1226680 2768.3
1226690 2755.5
1226700 2755.5
1226710 2745.5
1226720 2744.2
1226730 2744.2
1226740 2744.8
1226750 2744.7
1226760 2744.7
1226770 2744.1
1226780 2742.9
1226790 2742.9
1226800 2740.2
1226810 2736.6
1226820 2736.6
1226830 2733.7
1226840 2733.3
1226850 2733.9
1226860 2733.9
1226870 2733.3
1226880 2731.8
1226890 2731.8
1226900 2731.6
1226910 2733.9
1226920 2733.9
1226930 2733.8
1226940 2731.4
1226950 2731.4
1226960 2731.0
1226970 2731.6
1226980 2731.6
1226990 2731.6
1227000 2732.8
1227010 2732.8
1227020 2734.1
1227030 2735.6
1227040 2735.6
1227050 2737.1
1227060 2738.2
1227070 2738.6
1227080 2738.6
1227090 2737.9
1227100 2739.9
1227110 2739.9
1227120 2743.4
1227130 2747.6
1227140 2747.6
1227150 2751.9
1227160 2755.6
1227170 2755.6
1227180 2760.7
1227190 2767.4
1227200 2771.2
1227210 2777.8
1227220 2783.1
1227230 2783.1
1227240 2791.9
1227250 2805.0
1227260 2805.0
1227270 2819.0
1227280 2831.9
1227290 2847.6
1227300 2847.6
1227310 2869.8
1227320 2889.6
1227330 2889.6
1227340 2900.4
1227350 2911.4
1227360 2911.4
1227370 2922.1
1227380 2928.7
1227390 2928.7
1227400 2929.6
1227410 2934.2
1227420 2934.2
1227430 2937.1
1227440 2933.7
1227450 2933.7
1227460 2929.6
1227470 2925.4
1227480 2925.4
1227490 2924.1
1227500 2920.5
1227510 2919.0
1227520 2919.0
1227530 2916.1
1227540 2912.6
1227550 2912.6
1227560 2908.9
1227570 2902.6
1227580 2902.6
1227590 2894.9
1227600 2890.4
1227610 2890.4
1227620 2890.2
1227630 2890.9
1227640 2890.9
1227650 2892.2
1227660 2894.8
1227670 2894.8
1227680 2898.8
1227690 2905.2
1227700 2930.0
1227710 2930.0
1227720 2940.5
1227730 2948.9
1227740 2948.9
1227750 2952.4
1227760 2955.5
1227770 2955.5
1227780 2956.4
1227790 2954.8
1227800 2954.8
1227810 2944.8
1227820 2934.1
1227830 2934.1
1227840 2924.5
1227850 2916.2
1227860 2916.2
1227870 2912.7
1227880 2912.1
1227890 2912.1
1227900 2906.9
1227910 2895.0
1227920 2882.6
1227930 2882.6
1227940 2872.1
1227950 2859.5
1227960 2859.5
1227970 2841.0
1227980 2829.5
1227990 2829.5
1228000 2819.8
1228010 2814.7
1228020 2814.7
1228030 2802.5
1228040 2788.9
1228050 2788.9
1228060 2775.4
1228070 2781.8
1228080 2781.8
1228090 2787.5
1228100 2808.5
1228110 2808.5
1228120 2812.3
1228130 2809.5
1228140 2803.2
1228150 2803.2
1228160 2797.2
1228170 2792.8
1228180 2792.8
1228190 2777.1
1228200 2771.1
1228210 2771.1
1228220 2764.4
1228230 2756.3
1228240 2756.3
1228250 2748.2
1228260 2740.7
1228270 2740.7
1228280 2734.2
1228290 2727.6
1228300 2727.6
1228310 2720.3
1228320 2711.0
1228330 2711.0
1228340 2701.8
1228350 2693.7
1228360 2686.7
1228370 2686.7
1228380 2676.3
1228390 2660.8
1228400 2660.8
1228410 2645.9
1228420 2630.6
1228430 2630.6
1228440 2616.9
1228450 2604.4
1228460 2604.4
1228470 2594.0
1228480 2591.1
1228490 2591.1
1228500 2584.5
1228510 2571.8
1228520 2571.8
1228530 2560.9
1228540 2547.4
1228550 2547.4
1228560 2536.1
1228570 2528.2
1228580 2521.1
1228590 2521.1
1228600 2514.4
1228610 2508.1
1228620 2508.1
1228630 2502.1
1228640 2496.3
1228650 2496.3
1228660 2490.6
1228670 2484.7
1228680 2484.6
1228690 2478.8
1228700 2473.0
1228710 2473.0
1228720 2467.0
1228730 2461.2
1228740 2461.2
1228750 2455.8
1228760 2451.0
1228770 2451.0
1228780 2446.6
1228790 2442.4
1228800 2438.3
1228810 2438.3
1228820 2434.8
1228830 2431.8
1228840 2431.8
1228850 2429.5
1228860 2427.4
1228870 2427.4
1228880 2424.9
1228890 2422.1
1228900 2422.1
1228910 2419.3
1228920 2417.7
1228930 2417.7
1228940 2415.7
1228950 2413.6
1228960 2413.6
1228970 2410.9
1228980 2407.9
1228990 2403.9
1229000 2403.9
1229010 2399.9
1229020 2396.0
1229030 2396.0
1229040 2391.9
1229050 2388.3
1229060 2388.3
1229070 2385.0
1229080 2381.9
1229090 2381.9
1229100 2378.9
1229110 2375.9
1229120 2375.9
1229130 2372.7
1229140 2369.0
1229150 2369.0
1229160 2364.8
1229170 2360.8
1229180 2357.2
1229190 2353.2
1229200 2350.1
1229210 2346.8
1229220 2346.8
1229230 2343.7
1229240 2340.2
1229250 2340.2
1229260 2337.2
1229270 2334.5
1229280 2334.5
1229290 2331.6
1229300 2328.2
1229310 2328.2
1229320 2324.6
1229330 2321.6
1229340 2321.6
1229350 2318.9
1229360 2316.4
1229370 2316.4
1229380 2313.8
1229390 2311.3
1229400 2311.3
1229410 2308.5
1229420 2305.9
1229430 2303.8
1229440 2303.8
1229450 2302.2
1229460 2300.9
1229470 2300.9
1229480 2300.3
1229490 2299.6
1229500 2299.6
1229510 2298.5
1229520 2298.2
1229530 2298.2
1229540 2298.0
1229550 2297.6
1229560 2297.6
1229570 2297.2
1229580 2297.3
1229590 2297.3
1229600 2298.4
1229610 2298.2
1229620 2298.2
1229630 2297.9
1229640 2298.4
1229650 2299.1
1229660 2299.1
1229670 2300.4
1229680 2307.1
1229690 2307.1
1229700 2308.5
1229710 2309.9
1229720 2309.9
1229730 2311.3
1229740 2312.9
1229750 2312.9
1229760 2313.9
1229770 2314.4
1229780 2314.4
1229790 2316.1
1229800 2317.5
1229810 2317.5
1229820 2318.4
1229830 2320.0
1229840 2320.0
1229850 2323.6
1229860 2328.5
1229870 2332.6
1229880 2332.6
1229890 2335.8
1229900 2341.7
1229910 2341.7
1229920 2347.8
1229930 2357.9
1229940 2357.9
1229950 2360.6
1229960 2364.0
1229970 2364.0
1229980 2373.1
1229990 2382.8
1230000 2382.8
1230010 2386.4
1230020 2387.0
1230030 2387.0
1230040 2385.4
1230050 2382.7
1230060 2382.7
1230070 2378.6
1230080 2375.0
1230090 2369.1
1230100 2369.1
1230110 2364.4
1230120 2364.1
1230130 2364.1
1230140 2366.2
1230150 2369.3
1230160 2369.3
1230170 2379.7
1230180 2382.3
1230190 2382.3
1230200 2383.9
1230210 2384.7
1230220 2384.7
1230230 2385.5
1230240 2385.6
1230250 2385.6
1230260 2386.3
1230270 2386.7
1230280 2384.1
1230290 2384.1
1230300 2382.8
1230310 2382.9
1230320 2382.9
1230330 2384.0
1230340 2386.7
1230350 2386.7
1230360 2387.8
1230370 2390.8
1230380 2390.8
1230390 2395.1
1230400 2400.9
1230410 2400.9
1230420 2407.1
1230430 2413.5
1230440 2413.5
1230450 2419.8
1230460 2426.3
1230470 2426.3
1230480 2433.4
1230490 2441.0
1230500 2453.1
1230510 2453.1
1230520 2479.3
1230530 2518.2
1230540 2518.2
1230550 2538.7
1230560 2551.6
1230570 2551.6
1230580 2564.0
1230590 2571.2
1230600 2571.2
1230610 2565.7
1230620 2557.0
1230630 2557.0
1230640 2548.8
1230650 2540.6
1230660 2540.6
1230670 2532.1
1230680 2521.2
1230690 2521.2
1230700 2509.3
1230710 2503.6
1230720 2509.5
1230730 2509.5
1230740 2505.3
1230750 2493.9
1230760 2493.9
1230770 2488.9
1230780 2488.5
1230790 2488.5
1230800 2491.0
1230810 2506.1
1230820 2506.1
1230830 2513.6
1230840 2502.4
1230850 2502.4
1230860 2490.4
1230870 2480.7
1230880 2480.7
1230890 2469.6
1230900 2469.6
1230910 2469.6
1230920 2479.2
1230930 2475.0
1230940 2469.4
1230950 2469.4
1230960 2472.5
1230970 2473.6
1230980 2473.6
1230990 2473.5
1231000 2475.4
1231010 2475.4
1231020 2474.8
1231030 2475.5
1231040 2475.5
1231050 2478.8
1231060 2480.5
1231070 2480.5
1231080 2479.3
1231090 2477.2
1231100 2477.2
1231110 2477.6
1231120 2479.8
1231130 2479.8
1231140 2483.6
1231150 2489.8
1231160 2494.9
1231170 2501.6
1231180 2508.0
1231190 2519.2
1231200 2519.2
1231210 2532.1
1231220 2539.0
1231230 2539.0
1231240 2543.0
1231250 2553.8
1231260 2553.8
1231270 2565.1
1231280 2576.9
1231290 2576.9
1231300 2591.7
1231310 2607.0
1231320 2607.0
1231330 2615.8
1231340 2623.0
1231350 2631.5
1231360 2631.5
1231370 2641.5
1231380 2651.5
1231390 2651.5
1231400 2662.1
1231410 2666.1
1231420 2666.1
1231430 2663.0
1231440 2660.8
1231450 2660.8
1231460 2658.5
1231470 2652.7
1231480 2652.7
1231490 2641.6
1231500 2630.2
1231510 2630.2
1231520 2621.3
1231530 2614.1
1231540 2614.1
1231550 2604.6
1231560 2597.0
1231570 2587.9
1231580 2587.9
1231590 2578.2
1231600 2570.5
1231610 2570.5
1231620 2563.0
1231630 2554.9
1231640 2554.9
1231650 2547.5
1231660 2540.5
1231670 2544.0
1231680 2537.7
1231690 2531.0
1231700 2531.0
1231710 2524.0
1231720 2516.6
1231730 2516.6
1231740 2509.8
1231750 2502.8
1231760 2502.8
1231770 2495.7
1231780 2488.6
1231790 2481.6
1231800 2481.6
1231810 2474.8
1231820 2469.2
1231830 2469.2
1231840 2464.3
1231850 2460.1
1231860 2460.1
1231870 2457.5
1231880 2456.4
1231890 2456.4
1231900 2455.4
1231910 2454.3
1231920 2454.3
1231930 2451.5
1231940 2445.0
1231950 2445.0
1231960 2439.6
1231970 2436.5
1231980 2436.5
1231990 2433.2
1232000 2429.8
1232010 2426.1
1232020 2426.1
1232030 2421.6
1232040 2418.1
1232050 2418.1
1232060 2414.9
1232070 2411.7
1232080 2411.7
1232090 2407.7
1232100 2403.1
1232110 2403.1
1232120 2396.7
1232130 2388.4
1232140 2388.4
1232150 2379.3
1232160 2372.1
1232170 2370.5
1232180 2364.4
1232190 2356.9
1232200 2356.9
1232210 2346.2
1232220 2335.7
1232230 2327.8
1232240 2327.8
1232250 2319.7
1232260 2311.9
1232270 2311.9
1232280 2305.0
1232290 2299.1
1232300 2299.1
1232310 2293.0
1232320 2287.6
1232330 2287.6
1232340 2280.0
1232350 2271.8
1232360 2271.8
1232370 2263.9
1232380 2257.4
1232390 2257.4
1232400 2251.0
1232410 2241.0
1232420 2241.0
1232430 2229.7
1232440 2221.6
1232450 2213.5
1232460 2213.5
1232470 2204.5
1232480 2196.4
1232490 2196.4
1232500 2189.1
1232510 2181.8
1232520 2181.8
1232530 2174.7
1232540 2167.5
1232550 2167.5
1232560 2161.5
1232570 2155.1
1232580 2155.1
1232590 2149.8
1232600 2145.1
1232610 2145.1
1232620 2139.2
1232630 2133.4
1232640 2128.3
1232650 2128.3
1232660 2126.0
1232670 2126.1
1232680 2126.0
1232690 2126.0
1232700 2125.8
1232710 2125.8
1232720 2125.4
1232730 2124.3
1232740 2124.3
1232750 2122.4
1232760 2121.8
1232770 2121.8
1232780 2121.2
1232790 2120.9
1232800 2120.9
1232810 2120.9
1232820 2120.3
1232830 2120.3
1232840 2120.2
1232850 2120.4
1232860 2120.5
1232870 2120.5
1232880 2120.6
1232890 2120.4
1232900 2120.4
1232910 2122.2
1232920 2125.2
1232930 2125.2
1232940 2127.8
1232950 2130.5
1232960 2130.5
1232970 2133.6
1232980 2137.1
1232990 2137.1
1233000 2141.2
1233010 2144.9
1233020 2144.9
1233030 2148.6
1233040 2152.9
1233050 2152.9
1233060 2157.6
1233070 2162.2
1233080 2167.1
1233090 2167.1
1233100 2172.0
1233110 2176.8
1233120 2176.8
1233130 2181.7
1233140 2186.4
1233150 2186.4
1233160 2191.2
1233170 2196.0
1233180 2193.8
1233190 2198.4
1233200 2202.8
1233210 2202.8
1233220 2207.2
1233230 2211.9
1233240 2211.9
1233250 2216.8
1233260 2221.5
1233270 2221.5
1233280 2226.0
1233290 2230.5
1233300 2234.8
1233310 2234.8
1233320 2239.7
1233330 2244.9
1233340 2244.9
1233350 2250.1
1233360 2254.9
1233370 2254.9
1233380 2258.6
1233390 2263.2
1233400 2263.2
1233410 2268.4
1233420 2273.9
1233430 2273.9
1233440 2279.5
1233450 2285.9
1233460 2285.9
1233470 2294.1
1233480 2302.8
1233490 2302.8
1233500 2312.7
1233510 2324.2
1233520 2334.7
1233530 2334.7
1233540 2347.9
1233550 2366.3
1233560 2366.3
1233570 2377.9
1233580 2385.3
1233590 2385.3
1233600 2392.0
1233610 2399.5
1233620 2399.5
1233630 2407.0
1233640 2414.0
1233650 2414.0
1233660 2422.3
1233670 2434.2
1233680 2434.2
1233690 2446.4
1233700 2459.5
1233710 2459.5
1233720 2475.7
1233730 2484.4
1233740 2490.1
1233750 2490.1
1233760 2496.6
1233770 2503.7
1233780 2503.7
1233790 2511.9
1233800 2520.1
1233810 2520.1
1233820 2528.6
1233830 2537.0
1233840 2537.0
1233850 2544.9
1233860 2552.7
1233870 2552.7
1233880 2560.3
1233890 2568.9
1233900 2568.9
1233910 2581.5
1233920 2597.7
1233930 2615.1
1233940 2615.1
1233950 2626.5
1233960 2638.0
1233970 2638.0
1233980 2647.4
1233990 2656.6
1234000 2656.6
1234010 2667.9
1234020 2679.6
1234030 2679.6
1234040 2690.7
1234050 2698.7
1234060 2698.7
1234070 2705.7
1234080 2712.0
1234090 2712.0
1234100 2720.8
1234110 2731.1
1234120 2731.1
1234130 2738.9
1234140 2747.2
1234150 2756.6
1234160 2756.6
1234170 2766.8
1234180 2779.1
1234190 2782.1
1234200 2792.7
1234210 2803.5
1234220 2803.5
1234230 2813.2
1234240 2821.8
1234250 2821.8
1234260 2829.7
1234270 2837.5
1234280 2837.5
1234290 2845.1
1234300 2851.9
1234310 2851.9
1234320 2859.1
1234330 2869.0
1234340 2869.0
1234350 2882.4
1234360 2895.6
1234370 2908.5
1234380 2908.5
1234390 2922.9
1234400 2938.6
1234410 2938.6
1234420 2953.2
1234430 2963.5
1234440 2963.5
1234450 2973.1
1234460 2981.5
1234470 2981.5
1234480 2989.4
1234490 2997.3
1234500 2997.3
1234510 2996.8
1234520 3007.9
1234530 3007.9
1234540 3026.4
1234550 3032.6
1234560 3032.6
1234570 3040.6
1234580 3052.0
1234590 3062.0
1234600 3062.0
1234610 3068.4
1234620 3074.1
1234630 3074.1
1234640 3080.5
1234650 3086.8
1234660 3086.8
1234670 3092.0
1234680 3098.0
1234690 3098.0
1234700 3098.3
1234710 3103.8
1234720 3103.8
1234730 3110.8
1234740 3118.4
1234750 3118.4
1234760 3124.6
1234770 3129.6
1234780 3129.6
1234790 3134.9
1234800 3140.5
1234810 3146.3
1234820 3146.3
1234830 3151.9
1234840 3157.1
1234850 3157.1
1234860 3161.9
1234870 3166.6
1234880 3166.6
1234890 3170.9
1234900 3174.5
1234910 3174.5
1234920 3177.5
1234930 3180.6
1234940 3180.6
1234950 3183.5
1234960 3186.8
1234970 3186.8
1234980 3190.8
1234990 3194.8
1235000 3197.4
1235010 3197.4
1235020 3198.5
1235030 3200.5
1235040 3200.5
1235050 3206.1
1235060 3210.8
1235070 3210.8
1235080 3211.3
1235090 3211.4
1235100 3211.4
1235110 3211.3
1235120 3209.4
1235130 3209.4
1235140 3203.4
1235150 3200.2
1235160 3200.2
1235170 3195.0
1235180 3181.9
1235190 3181.9
1235200 3176.2
1235210 3164.3
1235220 3163.3
1235230 3163.3
1235240 3163.8
1235250 3166.0
1235260 3166.0
1235270 3169.8
1235280 3175.7
1235290 3175.7
1235300 3179.1
1235310 3183.2
1235320 3183.2
1235330 3189.1
1235340 3195.9
1235350 3195.9
1235360 3202.0
1235370 3205.0
1235380 3205.0
1235390 3202.1
1235400 3202.3
1235410 3202.3
1235420 3211.2
1235430 3222.4
1235440 3229.0
1235450 3229.0
1235460 3226.5
1235470 3217.4
1235480 3217.4
1235490 3209.8
1235500 3201.8
1235510 3201.8
1235520 3195.8
1235530 3188.7
1235540 3188.7
1235550 3179.6
1235560 3174.7
1235570 3174.7
1235580 3175.9
1235590 3173.7
1235600 3173.7
1235610 3168.4
1235620 3162.2
1235630 3162.2
1235640 3161.2
1235650 3161.6
1235660 3162.5
1235670 3162.5
1235680 3166.3
1235690 3174.4
1235700 3174.4
1235710 3184.7
1235720 3193.8
1235730 3193.8
1235740 3192.0
1235750 3184.7
1235760 3184.7
1235770 3181.8
1235780 3177.3
1235790 3177.3
1235800 3165.4
1235810 3155.9
1235820 3155.9
1235830 3153.4
1235840 3156.1
1235850 3156.1
1235860 3161.2
1235870 3165.2
1235880 3171.1
1235890 3171.1
1235900 3177.8
1235910 3187.1
1235920 3187.1
1235930 3196.2
1235940 3208.7
1235950 3208.7
1235960 3219.3
1235970 3223.0
1235980 3223.0
1235990 3223.6
1236000 3223.0
1236010 3223.0
1236020 3225.7
1236030 3225.2
1236040 3225.2
1236050 3219.3
1236060 3220.4
1236070 3220.4
1236080 3230.5
1236090 3236.7
1236100 3229.2
1236110 3229.2
1236120 3217.9
1236130 3208.3
1236140 3208.3
1236150 3199.4
1236160 3189.3
1236170 3189.3
1236180 3180.0
1236190 3174.2
1236200 3174.2
1236210 3169.6
1236220 3157.6
1236230 3157.6
1236240 3155.1
1236250 3145.1
1236260 3145.1
1236270 3135.9
1236280 3125.3
1236290 3116.2
1236300 3116.2
1236310 3106.3
1236320 3089.9
1236330 3089.9
1236340 3086.2
1236350 3084.8
1236360 3084.8
1236370 3086.4
1236380 3082.2
1236390 3082.2
1236400 3075.6
1236410 3070.7
1236420 3070.7
1236430 3066.7
1236440 3064.4
1236450 3064.4
1236460 3063.0
1236470 3062.4
1236480 3062.4
1236490 3066.5
1236500 3069.8
1236510 3073.0
1236520 3073.0
1236530 3075.5
1236540 3074.5
1236550 3074.5
1236560 3073.4
1236570 3073.1
1236580 3073.1
1236590 3073.0
1236600 3075.1
1236610 3075.1
1236620 3071.9
1236630 3073.3
1236640 3073.3
1236650 3072.0
1236660 3064.7
1236670 3064.7
1236680 3058.7
1236690 3051.2
1236700 3051.2
1236710 3040.8
1236720 3028.3
1236730 3015.3
1236740 3015.3
1236750 3007.1
1236760 2999.4
1236770 2999.4
1236780 2994.6
1236790 2989.7
1236800 2989.7
1236810 2983.2
1236820 2980.0
1236830 2980.0
1236840 2976.9
1236850 2974.4
1236860 2974.4
1236870 2971.0
1236880 2965.8
1236890 2965.8
1236900 2965.5
1236910 2968.5
1236920 2968.5
1236930 2972.8
1236940 2976.8
1236950 2980.3
1236960 2980.3
1236970 2983.1
1236980 2984.5
1236990 2984.5
1237000 2986.9
1237010 2985.8
1237020 2985.8
1237030 2987.2
1237040 2987.7
1237050 2987.7
1237060 2987.8
1237070 2987.7
1237080 2987.7
1237090 2987.2
1237100 2986.8
1237110 2986.8
1237120 2986.5
1237130 2986.6
1237140 2986.6
1237150 2986.5
1237160 2986.6
1237170 2986.7
1237180 2986.7
1237190 2986.7
1237200 2986.7
1237210 2986.7
1237220 2986.9
1237230 2987.1
1237240 2987.1
1237250 2985.6
1237260 2986.1
1237270 2986.1
1237280 2986.4
1237290 2986.6
1237300 2986.6
1237310 2987.0
1237320 2987.5
1237330 2987.5
1237340 2987.9
1237350 2988.1
1237360 2988.4
1237370 2988.4
1237380 2988.3
1237390 2988.3
1237400 2988.3
1237410 2988.2
1237420 2988.5
1237430 2988.5
1237440 2988.8
1237450 2988.8
1237460 2988.8
1237470 2988.8
1237480 2988.7
1237490 2988.7
1237500 2988.6
1237510 2989.0
1237520 2989.0
1237530 2990.3
1237540 2991.8
1237550 2991.8
1237560 2993.2
1237570 2993.9
1237580 2995.4
1237590 2995.4
1237600 2997.7
1237610 2999.9
1237620 2999.9
1237630 3004.3
1237640 3008.1
1237650 3008.1
1237660 3012.0
1237670 3017.8
1237680 3017.8
1237690 3030.3
1237700 3053.0
1237710 3053.0
1237720 3081.2
1237730 3109.2
1237740 3109.2
1237750 3138.7
1237760 3161.0
1237770 3161.0
1237780 3158.1
1237790 3139.3
1237800 3114.9
1237810 3114.9
1237820 3093.9
1237830 3078.4
1237840 3078.4
1237850 3070.8
1237860 3065.7
1237870 3065.7
1237880 3061.7
1237890 3058.6
1237900 3058.6
1237910 3055.8
1237920 3053.5
1237930 3053.5
1237940 3051.6
1237950 3050.0
1237960 3050.0
1237970 3048.5
1237980 3047.4
1237990 3047.4
1238000 3046.5
1238010 3045.9
1238020 3045.4
1238030 3045.4
1238040 3045.0
1238050 3044.5
1238060 3044.5
1238070 3044.2
1238080 3043.9
1238090 3043.9
1238100 3043.6
1238110 3043.5
1238120 3043.5
1238130 3043.3
1238140 3043.2
1238150 3043.2
1238160 3043.2
1238170 3043.2
1238180 3043.2
1238190 3043.2
1238200 3043.3
1238210 3043.3
1238220 3043.3
1238230 3043.3
1238240 3043.4
1238250 3043.4
1238260 3043.4
1238270 3044.6
1238280 3044.6
1238290 3044.6
1238300 3044.5
1238310 3044.5
1238320 3044.5
1238330 3044.5
1238340 3044.5
1238350 3044.5
1238360 3044.6
1238370 3044.6
1238380 3044.6
1238390 3044.6
1238400 3044.6
1238410 3044.5
1238420 3044.5
1238430 3044.5
1238440 3044.6
1238450 3044.6
1238460 3044.6
1238470 3044.6
1238480 3044.7
1238490 3044.8
1238500 3044.8
1238510 3044.9
1238520 3044.9
1238530 3044.9
1238540 3045.0
1238550 3045.1
1238560 3045.1
1238570 3045.2
1238580 3045.2
1238590 3045.2
1238600 3045.2
1238610 3045.2
1238620 3045.2
1238630 3045.2
1238640 3045.1
1238650 3045.0
1238660 3045.0
1238670 3044.9
1238680 3044.6
1238690 3044.6
1238700 3044.4
1238710 3044.1
1238720 3044.1
1238730 3043.8
1238740 3043.3
1238750 3043.3
1238760 3042.9
1238770 3042.3
1238780 3042.3
1238790 3043.8
1238800 3043.1
1238810 3043.1
1238820 3042.4
1238830 3041.5
1238840 3041.5
1238850 3040.7
1238860 3039.8
1238870 3039.1
1238880 3039.1
1238890 3038.4
1238900 3037.9
1238910 3037.9
1238920 3037.5
1238930 3037.0
1238940 3037.0
1238950 3036.5
1238960 3036.2
1238970 3036.2
1238980 3035.9
1238990 3035.8
1239000 3035.8
1239010 3035.8
1239020 3035.9
1239030 3035.9
1239040 3036.1
1239050 3036.2
1239060 3036.2
1239070 3036.4
1239080 3036.5
1239090 3036.7
1239100 3036.7
1239110 3036.9
1239120 3037.0
1239130 3037.0
1239140 3037.0
1239150 3036.8
1239160 3036.8
1239170 3036.6
1239180 3036.3
1239190 3036.3
1239200 3036.1
1239210 3035.8
1239220 3035.8
1239230 3035.2
1239240 3035.1
1239250 3035.1
1239260 3035.6
1239270 3036.7
1239280 3036.7
1239290 3038.0
1239300 3039.6
1239310 3044.1
1239320 3044.1
1239330 3046.2
1239340 3048.5
1239350 3048.5
1239360 3050.8
1239370 3053.1
1239380 3053.1
1239390 3055.5
1239400 3058.0
1239410 3058.0
1239420 3060.4
1239430 3062.8
1239440 3062.8
1239450 3065.1
1239460 3067.4
1239470 3067.4
1239480 3069.9
1239490 3072.6
1239500 3072.6
1239510 3086.5
1239520 3103.0
1239530 3107.2
1239540 3107.2
1239550 3117.4
1239560 3127.4
1239570 3127.4
1239580 3134.1
1239590 3141.2
1239600 3141.2
1239610 3151.4
1239620 3163.3
1239630 3163.3
1239640 3174.3
1239650 3184.4
1239660 3184.4
1239670 3188.7
1239680 3194.5
1239690 3194.5
1239700 3201.6
1239710 3206.7
1239720 3213.2
1239730 3213.2
1239740 3223.0
1239750 3235.0
1239760 3235.0
1239770 3235.9
1239780 3239.2
1239790 3239.2
1239800 3251.9
1239810 3266.6
1239820 3268.0
1239830 3279.3
1239840 3291.7
1239850 3291.7
1239860 3305.0
1239870 3316.4
1239880 3316.4
1239890 3322.6
1239900 3323.1
1239910 3323.1
1239920 3322.1
1239930 3325.2
1239940 3332.0
1239950 3332.0
1239960 3342.4
1239970 3354.5
1239980 3354.5
1239990 3363.1
