1220000 1209.1
1220010 1204.5
1220020 1204.5
1220030 1198.9
1220040 1191.8
1220050 1191.8
1220060 1187.1
1220070 1186.3
1220080 1186.3
1220090 1185.2
1220100 1185.4
1220110 1185.4
1220120 1185.7
1220130 1185.8
1220140 1185.8
1220150 1185.8
1220160 1185.8
1220170 1185.9
1220180 1185.9
1220190 1186.0
1220200 1186.0
1220210 1186.0
1220220 1186.1
1220230 1186.3
1220240 1186.3
1220250 1186.4
1220260 1186.4
1220270 1186.4
1220280 1186.3
1220290 1186.3
1220300 1186.3
1220310 1186.4
1220320 1186.6
1220330 1186.6
1220340 1186.8
1220350 1186.9
1220360 1186.9
1220370 1186.9
1220380 1186.8
1220390 1186.6
1220400 1186.6
1220410 1185.9
1220420 1186.8
1220430 1186.8
1220440 1185.9
1220450 1185.7
1220460 1185.7
1220470 1185.6
1220480 1185.4
1220490 1185.4
1220500 1185.3
1220510 1185.2
1220520 1185.2
1220530 1185.2
1220540 1185.5
1220550 1185.5
1220560 1185.9
1220570 1186.0
1220580 1186.0
1220590 1186.0
1220600 1186.1
1220610 1186.2
1220620 1186.2
1220630 1186.2
1220640 1186.3
1220650 1186.3
1220660 1186.3
1220670 1186.4
1220680 1186.4
1220690 1186.5
1220700 1186.6
1220710 1186.6
1220720 1186.6
1220730 1186.6
1220740 1186.6
1220750 1186.6
1220760 1186.5
1220770 1186.5
1220780 1186.5
1220790 1186.5
1220800 1186.5
1220810 1186.6
1220820 1186.7
1220830 1186.8
1220840 1186.8
1220850 1186.9
1220860 1187.2
1220870 1187.2
1220880 1187.2
1220890 1187.9
1220900 1187.9
1220910 1187.4
1220920 1187.1
1220930 1187.1
1220940 1187.1
1220950 1187.2
1220960 1187.2
1220970 1187.3
1220980 1187.4
1220990 1187.4
1221000 1187.4
1221010 1187.5
1221020 1187.5
1221030 1187.6
1221040 1187.7
1221050 1187.8
1221060 1187.8
1221070 1187.9
1221080 1187.9
1221090 1188.1
1221100 1188.0
1221110 1188.1
1221120 1188.1
1221130 1188.3
1221140 1188.8
1221150 1188.8
1221160 1188.9
1221170 1188.8
1221180 1188.8
1221190 1188.9
1221200 1189.0
1221210 1189.0
1221220 1189.0
1221230 1189.1
1221240 1189.2
1221250 1189.2
1221260 1189.2
1221270 1189.3
1221280 1189.3
1221290 1189.7
1221300 1190.1
1221310 1190.1
1221320 1190.3
1221330 1190.4
1221340 1190.4
1221350 1190.0
1221360 1188.3
1221370 1188.3
1221380 1187.8
1221390 1188.0
1221400 1188.0
1221410 1189.3
1221420 1190.6
1221430 1190.6
1221440 1191.3
1221450 1191.3
1221460 1190.8
1221470 1190.8
1221480 1190.6
1221490 1190.6
1221500 1190.6
1221510 1190.8
1221520 1191.1
1221530 1191.1
1221540 1191.5
1221550 1191.8
1221560 1191.8
1221570 1192.1
1221580 1192.2
1221590 1192.2
1221600 1192.3
1221610 1192.3
1221620 1192.3
1221630 1192.3
1221640 1192.4
1221650 1192.4
1221660 1192.9
1221670 1193.2
1221680 1194.8
1221690 1194.8
1221700 1197.5
1221710 1203.2
1221720 1203.2
1221730 1209.8
1221740 1215.9
1221750 1215.9
1221760 1222.2
1221770 1228.9
1221780 1228.9
1221790 1235.2
1221800 1241.6
1221810 1241.6
1221820 1247.7
1221830 1253.7
1221840 1253.7
1221850 1260.9
1221860 1269.2
1221870 1269.2
1221880 1277.7
1221890 1285.8
1221900 1293.6
1221910 1293.6
1221920 1302.1
1221930 1310.3
1221940 1310.3
1221950 1318.3
1221960 1328.9
1221970 1328.9
1221980 1350.8
1221990 1386.1
1222000 1386.1
1222010 1402.0
1222020 1408.2
1222030 1408.2
1222040 1413.9
1222050 1421.1
1222060 1415.5
1222070 1422.2
1222080 1428.4
1222090 1428.4
1222100 1434.6
1222110 1441.5
1222120 1447.1
1222130 1447.1
1222140 1450.1
1222150 1453.6
1222160 1453.6
1222170 1456.9
1222180 1459.4
1222190 1459.4
1222200 1460.7
1222210 1460.7
1222220 1460.7
1222230 1459.2
1222240 1458.1
1222250 1458.1
1222260 1458.0
1222270 1457.4
1222280 1457.4
1222290 1456.3
1222300 1454.9
1222310 1454.9
1222320 1454.3
1222330 1454.3
1222340 1454.5
1222350 1454.5
1222360 1455.7
1222370 1455.1
1222380 1455.1
1222390 1452.4
1222400 1449.2
1222410 1449.2
1222420 1446.0
1222430 1444.1
1222440 1444.1
1222450 1442.9
1222460 1441.6
1222470 1441.6
1222480 1440.1
1222490 1439.1
1222500 1439.1
1222510 1439.4
1222520 1442.2
1222530 1442.2
1222540 1440.1
1222550 1441.7
1222560 1438.4
1222570 1438.4
1222580 1434.8
1222590 1435.0
1222600 1435.0
1222610 1437.0
1222620 1439.0
1222630 1439.0
1222640 1438.0
1222650 1435.4
1222660 1435.4
1222670 1434.0
1222680 1437.4
1222690 1437.4
1222700 1440.7
1222710 1442.2
1222720 1442.2
1222730 1445.6
1222740 1450.6
1222750 1456.5
1222760 1456.5
1222770 1462.2
1222780 1467.9
1222790 1467.9
1222800 1471.6
1222810 1475.2
1222820 1475.2
1222830 1480.7
1222840 1486.1
1222850 1486.1
1222860 1491.6
1222870 1499.2
1222880 1499.2
1222890 1508.3
1222900 1514.7
1222910 1514.7
1222920 1519.9
1222930 1525.8
1222940 1525.8
1222950 1533.0
1222960 1537.8
1222970 1540.1
1222980 1540.1
1222990 1542.8
1223000 1547.8
1223010 1547.8
1223020 1544.5
1223030 1547.9
1223040 1547.9
1223050 1547.3
1223060 1546.3
1223070 1546.3
1223080 1546.5
1223090 1547.9
1223100 1547.9
1223110 1554.1
1223120 1560.0
1223130 1560.0
1223140 1570.0
1223150 1583.4
1223160 1583.4
1223170 1593.2
1223180 1615.1
1223190 1642.4
1223200 1642.4
1223210 1662.0
1223220 1668.9
1223230 1668.9
1223240 1675.4
1223250 1681.9
1223260 1681.9
1223270 1688.4
1223280 1695.8
1223290 1695.8
1223300 1702.4
1223310 1710.8
1223320 1710.8
1223330 1723.2
1223340 1735.4
1223350 1735.4
1223360 1745.2
1223370 1753.8
1223380 1753.8
1223390 1765.5
1223400 1776.2
1223410 1773.9
1223420 1773.9
1223430 1772.0
1223440 1774.8
1223450 1774.8
1223460 1780.5
1223470 1794.7
1223480 1794.7
1223490 1809.6
1223500 1822.0
1223510 1824.3
1223520 1836.5
1223530 1846.5
1223540 1846.5
1223550 1854.1
1223560 1861.3
1223570 1861.3
1223580 1875.5
1223590 1900.8
1223600 1900.8
1223610 1919.4
1223620 1933.5
1223630 1949.2
1223640 1949.2
1223650 1961.7
1223660 1971.3
1223670 1971.3
1223680 1977.7
1223690 1984.0
1223700 1984.0
1223710 1990.9
1223720 1998.3
1223730 1998.3
1223740 2005.3
1223750 2013.6
1223760 2013.6
1223770 2020.8
1223780 2027.0
1223790 2027.0
1223800 2032.4
1223810 2040.2
1223820 2040.2
1223830 2053.1
1223840 2062.9
1223850 2072.3
1223860 2072.3
1223870 2081.3
1223880 2093.9
1223890 2093.9
1223900 2105.3
1223910 2115.5
1223920 2115.5
1223930 2124.1
1223940 2132.3
1223950 2132.3
1223960 2138.9
1223970 2147.8
1223980 2147.8
1223990 2156.9
1224000 2164.5
1224010 2164.5
1224020 2169.3
1224030 2171.6
1224040 2171.6
1224050 2171.6
1224060 2171.6
1224070 2171.5
1224080 2171.5
1224090 2172.9
1224100 2175.4
1224110 2175.4
1224120 2179.7
1224130 2184.2
1224140 2184.2
1224150 2188.0
1224160 2193.7
1224170 2193.7
1224180 2200.1
1224190 2205.9
1224200 2205.9
1224210 2211.4
1224220 2215.5
1224230 2215.5
1224240 2220.0
1224250 2225.4
1224260 2230.3
1224270 2230.3
1224280 2234.1
1224290 2237.1
1224300 2237.1
1224310 2238.6
1224320 2240.5
1224330 2240.5
1224340 2243.1
1224350 2246.3
1224360 2246.3
1224370 2249.2
1224380 2253.2
1224390 2253.2
1224400 2258.4
1224410 2264.1
1224420 2264.1
1224430 2270.9
1224440 2276.6
1224450 2276.6
1224460 2280.6
1224470 2280.9
1224480 2270.3
1224490 2270.3
1224500 2263.1
1224510 2257.0
1224520 2257.0
1224530 2253.5
1224540 2247.1
1224550 2247.1
1224560 2244.7
1224570 2245.7
1224580 2245.7
1224590 2248.1
1224600 2257.0
1224610 2257.0
1224620 2268.7
1224630 2280.5
1224640 2280.5
1224650 2292.4
1224660 2303.3
1224670 2303.3
1224680 2312.6
1224690 2322.0
1224700 2331.9
1224710 2331.9
1224720 2344.4
1224730 2352.8
1224740 2352.8
1224750 2365.3
1224760 2377.2
1224770 2377.2
1224780 2387.9
1224790 2396.9
1224800 2396.9
1224810 2406.9
1224820 2416.2
1224830 2416.2
1224840 2427.6
1224850 2438.7
1224860 2438.7
1224870 2447.7
1224880 2450.9
1224890 2450.9
1224900 2447.7
1224910 2444.3
1224920 2453.5
1224930 2453.5
1224940 2474.3
1224950 2491.3
1224960 2491.3
1224970 2497.0
1224980 2514.7
1224990 2514.7
1225000 2534.1
1225010 2548.6
1225020 2548.6
1225030 2564.7
1225040 2581.7
1225050 2581.7
1225060 2599.8
1225070 2613.3
1225080 2613.3
1225090 2628.0
1225100 2637.3
1225110 2637.3
1225120 2641.8
1225130 2646.2
1225140 2655.3
1225150 2655.3
1225160 2665.4
1225170 2678.9
1225180 2678.9
1225190 2697.4
1225200 2707.2
1225210 2707.2
1225220 2720.6
1225230 2735.4
1225240 2735.4
1225250 2747.1
1225260 2763.1
1225270 2763.1
1225280 2771.7
1225290 2778.5
1225300 2778.5
1225310 2784.1
1225320 2793.0
1225330 2793.0
1225340 2806.6
1225350 2829.4
1225360 2860.3
1225370 2860.3
1225380 2868.2
1225390 2868.0
1225400 2868.0
1225410 2870.1
1225420 2874.9
1225430 2874.9
1225440 2882.2
1225450 2894.4
1225460 2889.4
1225470 2893.1
1225480 2896.5
1225490 2896.5
1225500 2900.6
1225510 2903.2
1225520 2903.2
1225530 2905.4
1225540 2899.9
1225550 2892.0
1225560 2892.0
1225570 2885.0
1225580 2877.0
1225590 2877.0
1225600 2869.6
1225610 2863.4
1225620 2863.4
1225630 2858.7
1225640 2852.4
1225650 2852.4
1225660 2843.5
1225670 2827.9
1225680 2827.9
1225690 2815.0
1225700 2802.2
1225710 2802.2
1225720 2786.9
1225730 2773.4
1225740 2773.4
1225750 2763.9
1225760 2759.0
1225770 2751.1
1225780 2751.1
1225790 2740.2
1225800 2722.2
1225810 2722.2
1225820 2704.5
1225830 2694.9
1225840 2694.9
1225850 2687.7
1225860 2680.6
1225870 2680.6
1225880 2674.1
1225890 2668.0
1225900 2668.0
1225910 2662.0
1225920 2656.1
1225930 2656.1
1225940 2650.1
1225950 2645.5
1225960 2645.5
1225970 2640.6
1225980 2636.8
1225990 2634.8
1226000 2634.8
1226010 2632.8
1226020 2630.0
1226030 2630.0
1226040 2627.9
1226050 2625.4
1226060 2625.4
1226070 2622.4
1226080 2619.4
1226090 2619.4
1226100 2616.9
1226110 2615.8
1226120 2615.8
1226130 2615.1
1226140 2613.3
1226150 2613.3
1226160 2611.2
1226170 2610.3
1226180 2610.3
1226190 2609.9
1226200 2608.4
1226210 2608.1
1226220 2608.1
1226230 2609.8
1226240 2612.8
1226250 2612.8
1226260 2614.8
1226270 2615.7
1226280 2615.7
1226290 2615.7
1226300 2615.5
1226310 2615.5
1226320 2618.2
1226330 2619.9
1226340 2619.9
1226350 2620.2
1226360 2619.0
1226370 2619.0
1226380 2617.9
1226390 2619.9
1226400 2619.9
1226410 2621.9
1226420 2623.7
1226430 2626.2
1226440 2629.3
1226450 2631.2
1226460 2632.8
1226470 2632.8
1226480 2633.3
1226490 2635.3
1226500 2635.3
1226510 2641.1
1226520 2647.0
1226530 2647.0
1226540 2651.5
1226550 2654.6
1226560 2654.6
1226570 2655.8
1226580 2658.0
1226590 2658.0
1226600 2662.7
1226610 2666.4
1226620 2666.4
1226630 2674.1
1226640 2679.6
1226650 2690.9
1226660 2690.9
1226670 2695.7
1226680 2695.6
1226690 2695.6
1226700 2695.3
1226710 2703.1
1226720 2703.1
1226730 2708.2
1226740 2718.9
1226750 2718.9
1226760 2730.9
1226770 2726.2
1226780 2726.2
1226790 2723.1
1226800 2731.4
1226810 2731.4
1226820 2745.2
1226830 2765.0
1226840 2761.5
1226850 2761.5
1226860 2754.8
1226870 2749.3
1226880 2749.3
1226890 2744.1
1226900 2739.8
1226910 2739.8
1226920 2736.7
1226930 2732.7
1226940 2732.7
1226950 2731.8
1226960 2731.7
1226970 2731.7
1226980 2731.7
1226990 2731.8
1227000 2731.8
1227010 2732.3
1227020 2731.9
1227030 2731.9
1227040 2729.7
1227050 2726.2
1227060 2722.8
1227070 2722.8
1227080 2719.8
1227090 2716.8
1227100 2716.8
1227110 2714.3
1227120 2714.2
1227130 2714.2
1227140 2714.2
1227150 2713.4
1227160 2713.4
1227170 2711.9
1227180 2709.4
1227190 2709.4
1227200 2706.2
1227210 2702.8
1227220 2702.8
1227230 2699.8
1227240 2696.9
1227250 2696.9
1227260 2694.4
1227270 2692.1
1227280 2689.5
1227290 2689.5
1227300 2686.3
1227310 2682.2
1227320 2682.2
1227330 2679.0
1227340 2676.1
1227350 2676.1
1227360 2673.2
1227370 2671.0
1227380 2671.0
1227390 2669.2
1227400 2665.7
1227410 2665.7
1227420 2665.5
1227430 2662.0
1227440 2662.0
1227450 2657.4
1227460 2652.0
1227470 2652.0
1227480 2646.1
1227490 2640.3
1227500 2637.9
1227510 2637.9
1227520 2636.7
1227530 2636.4
1227540 2636.4
1227550 2636.5
1227560 2636.8
1227570 2636.8
1227580 2635.7
1227590 2633.7
1227600 2633.7
1227610 2632.1
1227620 2630.9
1227630 2630.9
1227640 2629.7
1227650 2628.7
1227660 2628.7
1227670 2627.4
1227680 2627.1
1227690 2627.1
1227700 2627.8
1227710 2627.1
1227720 2627.6
1227730 2627.6
1227740 2627.9
1227750 2626.5
1227760 2626.5
1227770 2624.8
1227780 2620.7
1227790 2620.7
1227800 2611.4
1227810 2606.2
1227820 2606.2
1227830 2604.7
1227840 2603.6
1227850 2603.6
1227860 2602.5
1227870 2604.1
1227880 2604.1
1227890 2608.1
1227900 2612.6
1227910 2649.2
1227920 2653.4
1227930 2652.1
1227940 2642.1
1227950 2642.1
1227960 2627.8
1227970 2614.1
1227980 2614.1
1227990 2608.8
1228000 2605.4
1228010 2605.4
1228020 2601.3
1228030 2597.8
1228040 2597.8
1228050 2598.1
1228060 2600.0
1228070 2600.0
1228080 2602.5
1228090 2611.9
1228100 2611.9
1228110 2626.2
1228120 2633.8
1228130 2630.1
1228140 2630.1
1228150 2658.2
1228160 2678.9
1228170 2678.9
1228180 2689.6
1228190 2703.3
1228200 2703.3
1228210 2717.7
1228220 2722.8
1228230 2722.8
1228240 2719.3
1228250 2713.9
1228260 2713.9
1228270 2707.7
1228280 2701.7
1228290 2701.7
1228300 2695.1
1228310 2687.7
1228320 2687.7
1228330 2681.6
1228340 2675.3
1228350 2667.3
1228360 2667.3
1228370 2660.7
1228380 2658.9
1228390 2658.9
1228400 2657.4
1228410 2671.8
1228420 2671.8
1228430 2670.7
1228440 2661.8
1228450 2661.8
1228460 2653.1
1228470 2650.6
1228480 2650.6
1228490 2653.8
1228500 2662.6
1228510 2662.6
1228520 2661.7
1228530 2648.2
1228540 2648.2
1228550 2632.7
1228560 2622.3
1228570 2613.1
1228580 2613.1
1228590 2604.8
1228600 2597.6
1228610 2597.6
1228620 2591.1
1228630 2591.7
1228640 2591.7
1228650 2590.8
1228660 2589.7
1228670 2589.7
1228680 2580.7
1228690 2571.6
1228700 2571.6
1228710 2569.9
1228720 2574.4
1228730 2574.4
1228740 2572.1
1228750 2566.2
1228760 2566.2
1228770 2556.9
1228780 2547.0
1228790 2535.1
1228800 2535.1
1228810 2522.6
1228820 2514.4
1228830 2514.4
1228840 2507.4
1228850 2500.2
1228860 2500.2
1228870 2493.7
1228880 2487.6
1228890 2487.6
1228900 2479.1
1228910 2473.5
1228920 2473.5
1228930 2468.9
1228940 2464.8
1228950 2464.8
1228960 2460.4
1228970 2456.1
1228980 2456.1
1228990 2451.9
1229000 2447.5
1229010 2443.1
1229020 2443.1
1229030 2438.4
1229040 2434.0
1229050 2434.0
1229060 2428.6
1229070 2422.0
1229080 2422.0
1229090 2414.8
1229100 2407.3
1229110 2407.3
1229120 2400.5
1229130 2394.9
1229140 2394.9
1229150 2389.8
1229160 2385.1
1229170 2385.1
1229180 2380.0
1229190 2375.0
1229200 2375.0
1229210 2370.8
1229220 2368.0
1229230 2367.2
1229240 2367.2
1229250 2366.8
1229260 2364.9
1229270 2364.9
1229280 2361.8
1229290 2358.3
1229300 2358.3
1229310 2355.9
1229320 2353.0
1229330 2353.0
1229340 2351.4
1229350 2349.3
1229360 2349.3
1229370 2347.5
1229380 2346.1
1229390 2346.1
1229400 2345.0
1229410 2342.8
1229420 2338.6
1229430 2338.6
1229440 2332.6
1229450 2326.5
1229460 2326.5
1229470 2321.6
1229480 2317.6
1229490 2317.6
1229500 2313.6
1229510 2310.0
1229520 2310.0
1229530 2307.1
1229540 2304.0
1229550 2304.0
1229560 2300.6
1229570 2297.2
1229580 2297.2
1229590 2294.3
1229600 2291.4
1229610 2291.4
1229620 2289.2
1229630 2287.3
1229640 2285.7
1229650 2285.7
1229660 2284.6
1229670 2283.7
1229680 2283.7
1229690 2283.0
1229700 2282.0
1229710 2282.0
1229720 2280.8
1229730 2279.6
1229740 2279.6
1229750 2279.2
1229760 2278.5
1229770 2278.5
1229780 2276.5
1229790 2273.7
1229800 2273.7
1229810 2271.2
1229820 2268.6
1229830 2268.6
1229840 2266.0
1229850 2263.7
1229860 2261.4
1229870 2261.4
1229880 2259.3
1229890 2256.8
1229900 2256.3
1229910 2253.6
1229920 2251.0
1229930 2251.0
1229940 2248.4
1229950 2246.1
1229960 2246.1
1229970 2244.6
1229980 2243.9
1229990 2243.9
1230000 2243.7
1230010 2243.2
1230020 2243.2
1230030 2242.5
1230040 2242.8
1230050 2242.8
1230060 2244.5
1230070 2245.7
1230080 2243.8
1230090 2243.8
1230100 2240.4
1230110 2239.3
1230120 2239.3
1230130 2238.8
1230140 2237.1
1230150 2237.1
1230160 2235.5
1230170 2234.3
1230180 2234.3
1230190 2234.9
1230200 2237.8
1230210 2237.8
1230220 2241.9
1230230 2245.8
1230240 2245.8
1230250 2249.2
1230260 2252.0
1230270 2252.0
1230280 2254.8
1230290 2258.1
1230300 2261.5
1230310 2261.5
1230320 2265.8
1230330 2271.2
1230340 2271.2
1230350 2277.6
1230360 2292.5
1230370 2292.5
1230380 2317.1
1230390 2340.2
1230400 2340.2
1230410 2346.8
1230420 2352.7
1230430 2352.7
1230440 2358.6
1230450 2367.0
1230460 2367.0
1230470 2384.4
1230480 2396.6
1230490 2396.6
1230500 2402.7
1230510 2408.0
1230520 2412.6
1230530 2412.6
1230540 2418.5
1230550 2425.0
1230560 2425.0
1230570 2430.7
1230580 2436.6
1230590 2436.6
1230600 2442.7
1230610 2441.3
1230620 2441.3
1230630 2423.5
1230640 2408.7
1230650 2408.7
1230660 2397.9
1230670 2390.5
1230680 2390.5
1230690 2383.9
1230700 2378.3
1230710 2378.3
1230720 2373.9
1230730 2368.8
1230740 2364.1
1230750 2364.1
1230760 2359.5
1230770 2353.3
1230780 2353.3
1230790 2349.4
1230800 2348.3
1230810 2348.3
1230820 2348.2
1230830 2343.5
1230840 2343.5
1230850 2336.5
1230860 2331.3
1230870 2331.3
1230880 2328.1
1230890 2334.0
1230900 2334.0
1230910 2333.7
1230920 2330.7
1230930 2328.9
1230940 2328.9
1230950 2325.3
1230960 2323.1
1230970 2323.1
1230980 2322.3
1230990 2321.5
1231000 2321.5
1231010 2320.3
1231020 2323.7
1231030 2323.7
1231040 2328.1
1231050 2334.8
1231060 2334.8
1231070 2341.2
1231080 2347.6
1231090 2347.6
1231100 2353.2
1231110 2358.7
1231120 2358.7
1231130 2364.7
1231140 2370.8
1231150 2376.9
1231160 2376.9
1231170 2381.6
1231180 2384.8
1231190 2384.8
1231200 2387.7
1231210 2389.8
1231220 2389.8
1231230 2395.2
1231240 2401.6
1231250 2401.6
1231260 2396.3
1231270 2393.9
1231280 2393.9
1231290 2401.5
1231300 2406.8
1231310 2406.8
1231320 2409.5
1231330 2413.0
1231340 2413.0
1231350 2416.5
1231360 2416.2
1231370 2414.5
1231380 2414.5
1231390 2427.0
1231400 2426.3
1231410 2426.3
1231420 2428.5
1231430 2430.3
1231440 2430.3
1231450 2431.0
1231460 2426.4
1231470 2426.4
1231480 2419.8
1231490 2419.5
1231500 2419.5
1231510 2416.7
1231520 2412.5
1231530 2412.5
1231540 2411.7
1231550 2411.7
1231560 2411.7
1231570 2411.5
1231580 2412.1
1231590 2412.8
1231600 2412.8
1231610 2412.3
1231620 2409.6
1231630 2409.6
1231640 2408.1
1231650 2407.5
1231660 2407.5
1231670 2406.7
1231680 2402.3
1231690 2402.3
1231700 2398.0
1231710 2393.5
1231720 2393.5
1231730 2388.8
1231740 2383.8
1231750 2383.8
1231760 2377.0
1231770 2372.1
1231780 2372.1
1231790 2368.5
1231800 2365.9
1231810 2364.9
1231820 2364.9
1231830 2363.9
1231840 2363.3
1231850 2363.3
1231860 2363.2
1231870 2363.0
1231880 2363.0
1231890 2366.6
1231900 2368.1
1231910 2368.1
1231920 2367.3
1231930 2367.5
1231940 2367.5
1231950 2369.9
1231960 2371.0
1231970 2371.0
1231980 2366.7
1231990 2363.3
1232000 2363.3
1232010 2360.7
1232020 2356.3
1232030 2352.4
1232040 2352.4
1232050 2350.5
1232060 2347.0
1232070 2347.0
1232080 2343.4
1232090 2340.3
1232100 2340.3
1232110 2335.7
1232120 2332.0
1232130 2332.0
1232140 2328.7
1232150 2324.8
1232160 2324.8
1232170 2320.9
1232180 2316.9
1232190 2316.9
1232200 2312.1
1232210 2307.4
1232220 2305.0
1232230 2305.0
1232240 2303.9
1232250 2304.8
1232260 2304.8
1232270 2306.0
1232280 2306.5
1232290 2306.5
1232300 2303.8
1232310 2298.3
1232320 2298.3
1232330 2293.0
1232340 2288.7
1232350 2288.7
1232360 2283.7
1232370 2275.1
1232380 2275.1
1232390 2265.7
1232400 2259.1
1232410 2259.1
1232420 2250.9
1232430 2243.1
1232440 2236.2
1232450 2236.2
1232460 2228.8
1232470 2220.5
1232480 2220.5
1232490 2213.1
1232500 2206.6
1232510 2206.6
1232520 2199.7
1232530 2193.2
1232540 2193.2
1232550 2185.7
1232560 2177.1
1232570 2177.1
1232580 2168.0
1232590 2159.8
1232600 2159.8
1232610 2154.3
1232620 2149.6
1232630 2149.6
1232640 2143.0
1232650 2141.3
1232660 2144.2
1232670 2144.2
1232680 2149.4
1232690 2164.7
1232700 2164.7
1232710 2172.2
1232720 2172.9
1232730 2172.9
1232740 2167.2
1232750 2158.6
1232760 2158.6
1232770 2157.4
1232780 2158.5
1232790 2158.5
1232800 2157.4
1232810 2158.3
1232820 2158.3
1232830 2151.5
1232840 2136.6
1232850 2136.6
1232860 2124.1
1232870 2118.5
1232880 2111.0
1232890 2111.0
1232900 2108.9
1232910 2114.6
1232920 2114.6
1232930 2119.8
1232940 2124.7
1232950 2124.7
1232960 2128.1
1232970 2132.4
1232980 2132.4
1232990 2135.7
1233000 2139.0
1233010 2139.0
1233020 2142.6
1233030 2146.5
1233040 2146.5
1233050 2150.6
1233060 2154.8
1233070 2154.8
1233080 2159.1
1233090 2163.5
1233100 2167.9
1233110 2167.9
1233120 2172.5
1233130 2177.9
1233140 2177.9
1233150 2182.7
1233160 2187.4
1233170 2187.4
1233180 2192.2
1233190 2196.9
1233200 2196.9
1233210 2201.8
1233220 2206.7
1233230 2206.7
1233240 2211.7
1233250 2217.1
1233260 2217.1
1233270 2225.9
1233280 2236.0
1233290 2236.0
1233300 2248.2
1233310 2261.5
1233320 2279.1
1233330 2279.1
1233340 2302.9
1233350 2321.6
1233360 2321.6
1233370 2336.4
1233380 2347.9
1233390 2347.9
1233400 2358.4
1233410 2365.4
1233420 2365.4
1233430 2371.6
1233440 2373.2
1233450 2373.2
1233460 2375.1
1233470 2378.5
1233480 2378.5
1233490 2383.3
1233500 2388.9
1233510 2395.7
1233520 2395.7
1233530 2405.0
1233540 2414.8
1233550 2414.8
1233560 2423.2
1233570 2434.6
1233580 2434.6
1233590 2448.1
1233600 2461.2
1233610 2461.2
1233620 2467.7
1233630 2470.7
1233640 2470.7
1233650 2473.7
1233660 2477.7
1233670 2477.7
1233680 2483.6
1233690 2487.9
1233700 2487.9
1233710 2492.6
1233720 2501.0
1233730 2509.2
1233740 2509.2
1233750 2517.8
1233760 2525.8
1233770 2525.8
1233780 2534.2
1233790 2544.2
1233800 2544.2
1233810 2552.9
1233820 2560.2
1233830 2560.2
1233840 2569.4
1233850 2577.4
1233860 2577.4
1233870 2586.2
1233880 2598.4
1233890 2598.4
1233900 2607.1
1233910 2609.0
1233920 2609.0
1233930 2617.5
1233940 2626.1
1233950 2637.8
1233960 2637.8
1233970 2652.9
1233980 2663.8
1233990 2663.8
1234000 2672.8
1234010 2680.1
1234020 2680.1
1234030 2687.2
1234040 2694.3
1234050 2694.3
1234060 2702.4
1234070 2712.4
1234080 2712.4
1234090 2719.8
1234100 2728.2
1234110 2728.2
1234120 2737.3
1234130 2748.5
1234140 2748.5
1234150 2759.3
1234160 2769.7
1234170 2779.5
1234180 2779.5
1234190 2789.5
1234200 2798.7
1234210 2798.7
1234220 2804.2
1234230 2800.3
1234240 2800.3
1234250 2792.9
1234260 2790.6
1234270 2790.6
1234280 2790.4
1234290 2790.7
1234300 2790.7
1234310 2795.9
1234320 2806.4
1234330 2806.4
1234340 2819.3
1234350 2826.2
1234360 2826.2
1234370 2825.8
1234380 2821.8
1234390 2817.7
1234400 2817.7
1234410 2826.2
1234420 2830.1
1234430 2830.1
1234440 2838.7
1234450 2854.9
1234460 2854.9
1234470 2858.0
1234480 2861.9
1234490 2861.9
1234500 2866.2
1234510 2869.7
1234520 2869.7
1234530 2869.0
1234540 2870.3
1234550 2870.3
1234560 2873.2
1234570 2882.9
1234580 2882.9
1234590 2904.6
1234600 2924.0
1234610 2941.5
1234620 2941.5
1234630 2958.2
1234640 2970.2
1234650 2970.2
1234660 2979.5
1234670 2988.5
1234680 2988.5
1234690 2998.0
1234700 3008.0
1234710 3008.0
1234720 3017.3
1234730 3029.0
1234740 3029.0
1234750 3039.9
1234760 3050.6
1234770 3050.6
1234780 3060.6
1234790 3069.9
1234800 3076.5
1234810 3076.5
1234820 3083.2
1234830 3092.3
1234840 3092.3
1234850 3102.2
1234860 3110.4
1234870 3110.4
1234880 3117.5
1234890 3127.3
1234900 3127.3
1234910 3135.7
1234920 3150.1
1234930 3150.1
1234940 3158.3
1234950 3166.9
1234960 3166.9
1234970 3174.5
1234980 3185.3
1234990 3185.3
1235000 3195.3
1235010 3207.1
1235020 3218.6
1235030 3218.6
1235040 3229.9
1235050 3239.9
1235060 3239.9
1235070 3252.5
1235080 3263.7
1235090 3263.7
1235100 3273.3
1235110 3282.6
1235120 3282.6
1235130 3290.7
1235140 3300.2
1235150 3300.2
1235160 3310.5
1235170 3320.7
1235180 3320.7
1235190 3330.5
1235200 3342.0
1235210 3342.0
1235220 3349.2
1235230 3358.7
1235240 3369.0
1235250 3369.0
1235260 3377.0
1235270 3385.2
1235280 3385.2
1235290 3397.2
1235300 3404.7
1235310 3404.7
1235320 3410.9
1235330 3418.7
1235340 3418.7
1235350 3424.8
1235360 3429.6
1235370 3429.6
1235380 3429.9
1235390 3428.0
1235400 3428.0
1235410 3426.1
1235420 3424.6
1235430 3413.8
1235440 3411.8
1235450 3412.9
1235460 3418.6
1235470 3418.6
1235480 3425.9
1235490 3428.4
1235500 3428.4
1235510 3430.0
1235520 3432.8
1235530 3432.8
1235540 3438.6
1235550 3444.4
1235560 3444.4
1235570 3450.4
1235580 3457.9
1235590 3457.9
1235600 3458.9
1235610 3459.7
1235620 3459.7
1235630 3450.8
1235640 3442.4
1235650 3442.4
1235660 3447.3
1235670 3453.3
1235680 3454.1
1235690 3454.1
1235700 3454.2
1235710 3449.2
1235720 3449.2
1235730 3447.5
1235740 3446.3
1235750 3446.3
1235760 3443.2
1235770 3437.8
1235780 3437.8
1235790 3431.9
1235800 3426.2
1235810 3426.2
1235820 3419.1
1235830 3412.4
1235840 3412.4
1235850 3407.3
1235860 3401.5
1235870 3401.5
1235880 3394.9
1235890 3389.3
1235900 3384.4
1235910 3384.4
1235920 3377.7
1235930 3370.4
1235940 3376.9
1235950 3370.0
1235960 3362.8
1235970 3362.8
1235980 3355.7
1235990 3348.6
1236000 3348.6
1236010 3340.6
1236020 3332.4
1236030 3332.4
1236040 3324.9
1236050 3317.8
1236060 3317.8
1236070 3310.4
1236080 3302.5
1236090 3295.0
1236100 3295.0
1236110 3285.7
1236120 3279.1
1236130 3279.1
1236140 3273.9
1236150 3268.1
1236160 3268.1
1236170 3259.0
1236180 3248.3
1236190 3248.3
1236200 3238.7
1236210 3229.0
1236220 3229.0
1236230 3217.7
1236240 3205.9
1236250 3205.9
1236260 3195.0
1236270 3185.2
1236280 3185.2
1236290 3172.3
1236300 3161.8
1236310 3151.1
1236320 3151.1
1236330 3139.1
1236340 3129.6
1236350 3129.6
1236360 3122.4
1236370 3116.7
1236380 3116.7
1236390 3112.0
1236400 3107.8
1236410 3107.8
1236420 3103.8
1236430 3099.3
1236440 3099.3
1236450 3096.0
1236460 3091.1
1236470 3091.1
1236480 3086.2
1236490 3081.5
1236500 3081.5
1236510 3076.9
1236520 3072.5
1236530 3068.1
1236540 3068.1
1236550 3064.2
1236560 3060.5
1236570 3060.5
1236580 3056.8
1236590 3053.2
1236600 3053.2
1236610 3049.9
1236620 3046.9
1236630 3046.9
1236640 3044.3
1236650 3041.9
1236660 3041.9
1236670 3039.9
1236680 3038.2
1236690 3038.2
1236700 3036.7
1236710 3035.4
1236720 3035.4
1236730 3034.3
1236740 3033.6
1236750 3033.0
1236760 3033.0
1236770 3032.7
1236780 3032.7
1236790 3032.7
1236800 3032.6
1236810 3032.5
1236820 3032.5
1236830 3032.3
1236840 3031.9
1236850 3031.9
1236860 3031.5
1236870 3031.0
1236880 3031.0
1236890 3030.5
1236900 3030.0
1236910 3030.0
1236920 3029.4
1236930 3028.8
1236940 3028.8
1236950 3028.1
1236960 3026.5
1236970 3025.7
1236980 3025.7
1236990 3024.8
1237000 3024.0
1237010 3024.0
1237020 3023.2
1237030 3022.3
1237040 3022.3
1237050 3021.4
1237060 3020.4
1237070 3020.4
1237080 3019.3
1237090 3018.1
1237100 3018.1
1237110 3017.0
1237120 3015.9
1237130 3015.9
1237140 3015.0
1237150 3013.9
1237160 3013.9
1237170 3013.0
1237180 3012.0
1237190 3011.0
1237200 3011.0
1237210 3010.0
1237220 3009.0
1237230 3009.0
1237240 3008.2
1237250 3007.3
1237260 3007.3
1237270 3006.8
1237280 3006.4
1237290 3006.4
1237300 3005.8
1237310 3005.2
1237320 3005.2
1237330 3004.7
1237340 3004.5
1237350 3004.5
1237360 3004.8
1237370 3005.5
1237380 3005.1
1237390 3005.1
1237400 3001.6
1237410 2998.9
1237420 2998.9
1237430 3000.7
1237440 3006.1
1237450 3006.1
1237460 3010.7
1237470 3010.7
1237480 3010.7
1237490 3033.7
1237500 3049.2
1237510 3049.2
1237520 3058.6
1237530 3076.3
1237540 3076.3
1237550 3100.5
1237560 3117.8
1237570 3117.8
1237580 3133.1
1237590 3152.5
1237600 3169.8
1237610 3169.8
1237620 3177.8
1237630 3177.0
1237640 3177.0
1237650 3174.3
1237660 3171.5
1237670 3171.5
1237680 3178.2
1237690 3183.2
1237700 3183.2
1237710 3190.4
1237720 3184.8
1237730 3184.8
1237740 3172.3
1237750 3160.8
1237760 3160.8
1237770 3151.6
1237780 3140.2
1237790 3140.2
1237800 3129.0
1237810 3108.6
1237820 3094.8
1237830 3094.8
1237840 3087.7
1237850 3081.3
1237860 3081.3
1237870 3075.3
1237880 3069.7
1237890 3069.7
1237900 3064.6
1237910 3059.8
1237920 3059.8
1237930 3055.4
1237940 3051.5
1237950 3051.5
1237960 3048.0
1237970 3045.1
1237980 3045.1
1237990 3041.8
1238000 3039.5
1238010 3039.5
1238020 3037.2
1238030 3035.2
1238040 3033.4
1238050 3033.4
1238060 3031.7
1238070 3030.2
1238080 3030.2
1238090 3029.0
1238100 3028.3
1238110 3028.3
1238120 3027.2
1238130 3026.2
1238140 3026.2
1238150 3025.4
1238160 3024.7
1238170 3024.7
1238180 3024.1
1238190 3023.5
1238200 3023.5
1238210 3023.0
1238220 3022.7
1238230 3022.7
1238240 3022.3
1238250 3022.0
1238260 3021.8
1238270 3021.8
1238280 3021.5
1238290 3021.3
1238300 3021.3
1238310 3021.0
1238320 3020.8
1238330 3020.8
1238340 3020.5
1238350 3020.2
1238360 3020.2
1238370 3019.9
1238380 3019.6
1238390 3019.6
1238400 3019.2
1238410 3018.8
1238420 3018.8
1238430 3018.3
1238440 3017.9
1238450 3017.4
1238460 3017.4
1238470 3016.9
1238480 3016.4
1238490 3016.4
1238500 3017.0
1238510 3016.4
1238520 3016.4
1238530 3015.7
1238540 3015.0
1238550 3015.0
1238560 3014.2
1238570 3013.4
1238580 3013.4
1238590 3012.6
1238600 3011.8
1238610 3011.8
1238620 3011.0
1238630 3010.2
1238640 3010.2
1238650 3009.5
1238660 3008.8
1238670 3008.1
1238680 3008.1
1238690 3007.6
1238700 3007.1
1238710 3007.1
1238720 3006.7
1238730 3006.3
1238740 3006.3
1238750 3006.1
1238760 3005.9
1238770 3005.9
1238780 3005.7
1238790 3005.5
1238800 3005.5
1238810 3005.5
1238820 3005.4
1238830 3005.4
1238840 3005.4
1238850 3005.4
1238860 3005.4
1238870 3005.5
1238880 3005.6
1238890 3005.8
1238900 3005.8
1238910 3006.0
1238920 3006.1
1238930 3006.1
1238940 3006.4
1238950 3006.6
1238960 3006.6
1238970 3006.8
1238980 3006.9
1238990 3006.9
1239000 3007.1
1239010 3007.3
1239020 3008.1
1239030 3008.2
1239040 3008.4
1239050 3008.4
1239060 3008.5
1239070 3008.7
1239080 3008.7
1239090 3009.0
1239100 3009.4
1239110 3009.8
1239120 3009.8
1239130 3010.3
1239140 3010.9
1239150 3010.9
1239160 3011.6
1239170 3012.3
1239180 3012.3
1239190 3013.1
1239200 3014.0
1239210 3014.0
1239220 3014.7
1239230 3015.2
1239240 3015.2
1239250 3015.7
1239260 3016.3
1239270 3016.3
1239280 3016.9
1239290 3017.7
1239300 3017.7
1239310 3018.5
1239320 3019.2
1239330 3019.8
1239340 3019.8
1239350 3020.5
1239360 3021.5
1239370 3021.5
1239380 3022.7
1239390 3024.2
1239400 3024.2
1239410 3025.7
1239420 3027.5
1239430 3027.5
1239440 3029.4
1239450 3031.4
1239460 3031.4
1239470 3033.6
1239480 3035.8
1239490 3035.8
1239500 3038.2
1239510 3041.0
1239520 3041.0
1239530 3045.0
1239540 3048.2
1239550 3051.4
1239560 3051.4
1239570 3054.8
1239580 3058.3
1239590 3058.3
1239600 3061.9
1239610 3065.6
1239620 3065.6
1239630 3069.3
1239640 3073.0
1239650 3073.0
1239660 3076.8
1239670 3081.9
1239680 3081.9
1239690 3089.5
1239700 3098.9
1239710 3098.9
1239720 3106.9
1239730 3113.7
1239740 3120.5
1239750 3120.5
1239760 3126.1
1239770 3131.2
1239780 3131.2
1239790 3136.3
1239800 3141.3
1239810 3141.3
1239820 3145.9
1239830 3151.0
1239840 3151.0
1239850 3157.4
1239860 3163.8
1239870 3163.8
1239880 3168.5
1239890 3177.2
1239900 3177.2
1239910 3183.9
1239920 3184.9
1239930 3184.9
1239940 3187.1
1239950 3197.5
1239960 3209.5
1239970 3209.5
1239980 3214.7
1239990 3219.4
