1220000 1178.8
1220010 1178.7
1220020 1178.7
1220030 1178.3
1220040 1179.3
1220050 1179.3
1220060 1181.1
1220070 1181.9
1220080 1181.9
1220090 1182.3
1220100 1181.3
1220110 1181.3
1220120 1179.9
1220130 1180.0
1220140 1180.0
1220150 1181.7
1220160 1182.1
1220170 1181.5
1220180 1181.5
1220190 1181.3
1220200 1181.2
1220210 1181.2
1220220 1181.1
1220230 1181.8
1220240 1181.8
1220250 1181.8
1220260 1181.7
1220270 1181.7
1220280 1182.0
1220290 1182.3
1220300 1182.3
1220310 1182.3
1220320 1182.3
1220330 1182.3
1220340 1182.4
1220350 1182.8
1220360 1182.8
1220370 1182.7
1220380 1181.4
1220390 1180.8
1220400 1180.8
1220410 1180.6
1220420 1180.6
1220430 1180.6
1220440 1180.8
1220450 1180.9
1220460 1180.9
1220470 1180.9
1220480 1181.3
1220490 1181.3
1220500 1181.5
1220510 1181.5
1220520 1181.5
1220530 1181.5
1220540 1181.6
1220550 1181.6
1220560 1181.8
1220570 1181.8
1220580 1181.8
1220590 1181.8
1220600 1181.9
1220610 1182.0
1220620 1182.0
1220630 1182.1
1220640 1182.2
1220650 1182.2
1220660 1182.4
1220670 1182.6
1220680 1182.6
1220690 1182.8
1220700 1183.1
1220710 1183.1
1220720 1183.7
1220730 1184.5
1220740 1184.5
1220750 1184.7
1220760 1185.4
1220770 1185.4
1220780 1187.1
1220790 1189.0
1220800 1189.0
1220810 1188.4
1220820 1187.8
1220830 1187.7
1220840 1187.7
1220850 1188.1
1220860 1189.5
1220870 1189.5
1220880 1190.7
1220890 1192.5
1220900 1192.5
1220910 1197.6
1220920 1203.3
1220930 1203.3
1220940 1208.1
1220950 1212.9
1220960 1212.9
1220970 1224.4
1220980 1239.9
1220990 1239.9
1221000 1250.3
1221010 1265.0
1221020 1265.0
1221030 1278.2
1221040 1282.8
1221050 1266.3
1221060 1266.3
1221070 1275.3
1221080 1290.4
1221090 1290.4
1221100 1298.0
1221110 1302.6
1221120 1302.6
1221130 1306.8
1221140 1316.4
1221150 1316.4
1221160 1325.9
1221170 1329.6
1221180 1329.6
1221190 1326.0
1221200 1320.9
1221210 1320.9
1221220 1312.5
1221230 1313.2
1221240 1313.2
1221250 1306.9
1221260 1325.5
1221270 1346.8
1221280 1346.8
1221290 1352.8
1221300 1356.1
1221310 1356.1
1221320 1359.6
1221330 1361.7
1221340 1361.7
1221350 1362.4
1221360 1362.7
1221370 1362.7
1221380 1363.0
1221390 1365.4
1221400 1365.4
1221410 1369.8
1221420 1376.0
1221430 1376.0
1221440 1379.8
1221450 1382.8
1221460 1382.8
1221470 1385.6
1221480 1385.1
1221490 1382.1
1221500 1382.1
1221510 1378.4
1221520 1375.8
1221530 1371.5
1221540 1372.5
1221550 1373.9
1221560 1373.9
1221570 1374.5
1221580 1376.0
1221590 1376.0
1221600 1377.0
1221610 1377.7
1221620 1377.7
1221630 1376.1
1221640 1378.9
1221650 1378.9
1221660 1384.3
1221670 1385.4
1221680 1385.4
1221690 1387.7
1221700 1393.8
1221710 1400.6
1221720 1400.6
1221730 1409.2
1221740 1415.2
1221750 1415.2
1221760 1419.4
1221770 1423.8
1221780 1423.8
1221790 1427.9
1221800 1432.6
1221810 1432.6
1221820 1438.3
1221830 1444.4
1221840 1444.4
1221850 1451.5
1221860 1460.8
1221870 1460.8
1221880 1470.7
1221890 1478.4
1221900 1478.4
1221910 1487.7
1221920 1507.1
1221930 1523.6
1221940 1523.6
1221950 1538.4
1221960 1552.3
1221970 1552.3
1221980 1568.5
1221990 1587.8
1222000 1587.8
1222010 1601.5
1222020 1612.0
1222030 1612.0
1222040 1624.1
1222050 1637.8
1222060 1637.8
1222070 1655.8
1222080 1678.7
1222090 1678.7
1222100 1692.4
1222110 1696.3
1222120 1701.8
1222130 1701.8
1222140 1708.6
1222150 1713.1
1222160 1713.1
1222170 1716.2
1222180 1719.6
1222190 1719.6
1222200 1723.1
1222210 1726.2
1222220 1726.2
1222230 1730.5
1222240 1735.2
1222250 1735.2
1222260 1740.0
1222270 1744.7
1222280 1744.7
1222290 1748.6
1222300 1751.6
1222310 1751.6
1222320 1753.3
1222330 1755.5
1222340 1759.3
1222350 1759.3
1222360 1763.8
1222370 1767.7
1222380 1767.7
1222390 1771.1
1222400 1774.6
1222410 1774.6
1222420 1778.4
1222430 1782.9
1222440 1782.9
1222450 1787.3
1222460 1792.0
1222470 1792.0
1222480 1796.6
1222490 1801.1
1222500 1804.9
1222510 1809.9
1222520 1814.9
1222530 1814.9
1222540 1819.0
1222550 1824.2
1222560 1831.0
1222570 1831.0
1222580 1838.7
1222590 1843.6
1222600 1843.6
1222610 1848.5
1222620 1854.7
1222630 1854.7
1222640 1861.2
1222650 1867.5
1222660 1867.5
1222670 1874.1
1222680 1888.9
1222690 1888.9
1222700 1918.8
1222710 1922.0
1222720 1922.0
1222730 1924.2
1222740 1927.9
1222750 1927.9
1222760 1932.5
1222770 1935.4
1222780 1940.1
1222790 1940.1
1222800 1947.4
1222810 1950.1
1222820 1950.1
1222830 1953.9
1222840 1961.4
1222850 1961.4
1222860 1969.1
1222870 1979.8
1222880 1979.8
1222890 1986.5
1222900 1991.9
1222910 1991.9
1222920 1991.6
1222930 1995.2
1222940 1995.2
1222950 2002.9
1222960 2002.9
1222970 2002.9
1222980 2008.7
1222990 2009.5
1223000 2012.6
1223010 2012.6
1223020 2015.0
1223030 2012.6
1223040 2012.6
1223050 2015.3
1223060 2027.9
1223070 2027.9
1223080 2043.3
1223090 2059.2
1223100 2059.2
1223110 2067.6
1223120 2074.1
1223130 2074.1
1223140 2082.0
1223150 2090.3
1223160 2090.3
1223170 2095.2
1223180 2098.9
1223190 2098.9
1223200 2105.0
1223210 2110.7
1223220 2113.6
1223230 2113.6
1223240 2119.2
1223250 2129.9
1223260 2129.9
1223270 2136.9
1223280 2144.2
1223290 2144.2
1223300 2151.8
1223310 2159.1
1223320 2159.1
1223330 2169.6
1223340 2184.6
1223350 2184.6
1223360 2194.8
1223370 2202.3
1223380 2202.3
1223390 2208.5
1223400 2213.2
1223410 2213.2
1223420 2216.7
1223430 2221.8
1223440 2229.4
1223450 2229.4
1223460 2236.0
1223470 2247.3
1223480 2247.3
1223490 2245.9
1223500 2244.8
1223510 2244.8
1223520 2244.4
1223530 2245.8
1223540 2245.8
1223550 2247.9
1223560 2248.7
1223570 2248.7
1223580 2249.0
1223590 2249.6
1223600 2249.6
1223610 2248.1
1223620 2247.1
1223630 2247.1
1223640 2249.2
1223650 2250.9
1223660 2257.0
1223670 2257.0
1223680 2267.0
1223690 2279.2
1223700 2279.2
1223710 2287.4
1223720 2294.6
1223730 2294.6
1223740 2302.3
1223750 2311.9
1223760 2311.9
1223770 2322.3
1223780 2334.2
1223790 2334.2
1223800 2345.1
1223810 2357.1
1223820 2357.1
1223830 2371.3
1223840 2376.1
1223850 2376.1
1223860 2378.0
1223870 2378.8
1223880 2390.8
1223890 2390.8
1223900 2402.9
1223910 2412.5
1223920 2412.5
1223930 2422.6
1223940 2431.9
1223950 2431.2
1223960 2440.6
1223970 2450.6
1223980 2450.6
1223990 2461.4
1224000 2470.6
1224010 2470.6
1224020 2477.8
1224030 2484.8
1224040 2484.8
1224050 2495.4
1224060 2506.7
1224070 2519.9
1224080 2519.9
1224090 2531.8
1224100 2540.6
1224110 2540.6
1224120 2560.9
1224130 2579.8
1224140 2579.8
1224150 2593.6
1224160 2613.3
1224170 2613.3
1224180 2619.1
1224190 2625.1
1224200 2625.1
1224210 2633.8
1224220 2634.5
1224230 2634.5
1224240 2648.3
1224250 2668.6
1224260 2668.6
1224270 2679.4
1224280 2687.3
1224290 2689.5
1224300 2689.5
1224310 2689.1
1224320 2690.2
1224330 2690.2
1224340 2690.1
1224350 2692.2
1224360 2692.2
1224370 2695.7
1224380 2700.8
1224390 2700.8
1224400 2706.0
1224410 2710.7
1224420 2710.7
1224430 2717.4
1224440 2722.3
1224450 2722.3
1224460 2731.6
1224470 2743.2
1224480 2743.2
1224490 2754.3
1224500 2767.5
1224510 2776.7
1224520 2776.7
1224530 2788.4
1224540 2800.9
1224550 2800.9
1224560 2807.7
1224570 2813.4
1224580 2813.4
1224590 2817.7
1224600 2805.2
1224610 2805.2
1224620 2779.3
1224630 2762.5
1224640 2762.5
1224650 2748.1
1224660 2736.4
1224670 2736.4
1224680 2722.9
1224690 2713.0
1224700 2713.0
1224710 2706.6
1224720 2701.1
1224730 2692.9
1224740 2692.9
1224750 2683.4
1224760 2679.2
1224770 2679.2
1224780 2674.0
1224790 2665.5
1224800 2665.5
1224810 2660.9
1224820 2654.7
1224830 2654.7
1224840 2645.1
1224850 2635.4
1224860 2635.4
1224870 2629.9
1224880 2625.2
1224890 2625.2
1224900 2622.4
1224910 2621.2
1224920 2621.2
1224930 2627.3
1224940 2625.5
1224950 2623.9
1224960 2623.9
1224970 2624.3
1224980 2625.5
1224990 2625.5
1225000 2626.6
1225010 2628.9
1225020 2628.9
1225030 2633.0
1225040 2638.1
1225050 2638.1
1225060 2643.3
1225070 2648.3
1225080 2648.3
1225090 2653.6
1225100 2670.1
1225110 2670.1
1225120 2677.0
1225130 2676.8
1225140 2676.8
1225150 2677.4
1225160 2680.4
1225170 2689.3
1225180 2689.3
1225190 2693.7
1225200 2690.9
1225210 2690.9
1225220 2684.8
1225230 2675.7
1225240 2675.7
1225250 2660.1
1225260 2644.1
1225270 2644.1
1225280 2634.9
1225290 2622.7
1225300 2622.7
1225310 2607.1
1225320 2599.4
1225330 2599.4
1225340 2588.0
1225350 2573.5
1225360 2573.5
1225370 2550.0
1225380 2535.2
1225390 2522.5
1225400 2522.5
1225410 2516.0
1225420 2504.8
1225430 2504.8
1225440 2498.6
1225450 2492.7
1225460 2492.7
1225470 2486.4
1225480 2480.0
1225490 2480.0
1225500 2473.5
1225510 2467.6
1225520 2467.6
1225530 2461.7
1225540 2455.7
1225550 2455.7
1225560 2449.9
1225570 2444.0
1225580 2444.0
1225590 2438.4
1225600 2433.1
1225610 2428.2
1225620 2428.2
1225630 2424.9
1225640 2422.4
1225650 2422.4
1225660 2421.1
1225670 2420.7
1225680 2420.7
1225690 2420.6
1225700 2420.6
1225710 2420.6
1225720 2420.4
1225730 2419.2
1225740 2419.2
1225750 2417.8
1225760 2416.7
1225770 2416.7
1225780 2415.8
1225790 2416.0
1225800 2416.0
1225810 2415.6
1225820 2414.5
1225830 2414.0
1225840 2414.0
1225850 2413.8
1225860 2413.3
1225870 2413.3
1225880 2412.1
1225890 2410.5
1225900 2412.3
1225910 2411.4
1225920 2410.5
1225930 2410.5
1225940 2409.4
1225950 2409.1
1225960 2409.1
1225970 2409.0
1225980 2407.6
1225990 2407.6
1226000 2405.6
1226010 2403.2
1226020 2403.2
1226030 2400.9
1226040 2396.2
1226050 2389.7
1226060 2389.7
1226070 2385.9
1226080 2383.2
1226090 2383.2
1226100 2382.2
1226110 2382.9
1226120 2382.9
1226130 2384.0
1226140 2384.3
1226150 2384.3
1226160 2385.8
1226170 2388.9
1226180 2388.9
1226190 2391.8
1226200 2394.2
1226210 2394.2
1226220 2397.2
1226230 2402.2
1226240 2408.1
1226250 2408.1
1226260 2414.0
1226270 2419.3
1226280 2419.3
1226290 2424.3
1226300 2428.7
1226310 2428.7
1226320 2433.1
1226330 2438.4
1226340 2438.4
1226350 2444.5
1226360 2450.5
1226370 2450.5
1226380 2456.1
1226390 2469.9
1226400 2469.9
1226410 2477.3
1226420 2484.1
1226430 2484.1
1226440 2496.3
1226450 2498.4
1226460 2508.2
1226470 2508.2
1226480 2514.0
1226490 2519.8
1226500 2519.8
1226510 2532.6
1226520 2547.8
1226530 2547.8
1226540 2550.3
1226550 2541.1
1226560 2541.1
1226570 2530.5
1226580 2510.4
1226590 2510.4
1226600 2479.8
1226610 2467.1
1226620 2467.1
1226630 2454.0
1226640 2444.2
1226650 2444.2
1226660 2436.0
1226670 2428.0
1226680 2418.8
1226690 2418.8
1226700 2411.0
1226710 2402.8
1226720 2402.8
1226730 2395.0
1226740 2387.6
1226750 2387.6
1226760 2381.0
1226770 2374.2
1226780 2374.2
1226790 2367.9
1226800 2361.9
1226810 2361.9
1226820 2356.3
1226830 2351.1
1226840 2351.1
1226850 2346.1
1226860 2341.7
1226870 2341.7
1226880 2343.1
1226890 2338.9
1226900 2334.9
1226910 2334.9
1226920 2330.9
1226930 2326.6
1226940 2326.6
1226950 2321.9
1226960 2317.6
1226970 2317.6
1226980 2313.9
1226990 2310.4
1227000 2310.4
1227010 2308.1
1227020 2306.4
1227030 2306.4
1227040 2303.5
1227050 2300.9
1227060 2300.9
1227070 2299.6
1227080 2298.5
1227090 2298.5
1227100 2298.7
1227110 2298.8
1227120 2299.6
1227130 2299.6
1227140 2300.1
1227150 2300.8
1227160 2300.8
1227170 2301.1
1227180 2300.8
1227190 2300.8
1227200 2299.6
1227210 2297.6
1227220 2297.6
1227230 2295.2
1227240 2292.8
1227250 2292.8
1227260 2291.3
1227270 2290.7
1227280 2290.7
1227290 2290.8
1227300 2290.6
1227310 2290.6
1227320 2290.1
1227330 2288.5
1227340 2286.0
1227350 2286.0
1227360 2283.4
1227370 2281.1
1227380 2279.7
1227390 2277.2
1227400 2275.4
1227410 2275.4
1227420 2274.1
1227430 2272.5
1227440 2272.5
1227450 2270.0
1227460 2269.2
1227470 2269.2
1227480 2268.5
1227490 2268.9
1227500 2268.9
1227510 2270.0
1227520 2272.2
1227530 2272.2
1227540 2274.8
1227550 2278.1
1227560 2281.3
1227570 2281.3
1227580 2283.7
1227590 2286.0
1227600 2286.0
1227610 2287.9
1227620 2289.4
1227630 2289.4
1227640 2290.1
1227650 2293.6
1227660 2293.6
1227670 2299.8
1227680 2306.6
1227690 2306.6
1227700 2317.8
1227710 2324.0
1227720 2324.0
1227730 2328.7
1227740 2335.5
1227750 2335.5
1227760 2341.4
1227770 2347.5
1227780 2356.7
1227790 2356.7
1227800 2364.1
1227810 2371.0
1227820 2371.0
1227830 2374.2
1227840 2381.6
1227850 2381.6
1227860 2395.2
1227870 2411.4
1227880 2411.4
1227890 2403.0
1227900 2390.7
1227910 2390.7
1227920 2378.2
1227930 2367.9
1227940 2367.9
1227950 2361.9
1227960 2359.7
1227970 2359.7
1227980 2360.3
1227990 2370.4
1228000 2390.2
1228010 2390.2
1228020 2406.2
1228030 2420.0
1228040 2420.0
1228050 2417.2
1228060 2423.0
1228070 2423.0
1228080 2422.3
1228090 2416.3
1228100 2416.3
1228110 2408.1
1228120 2400.5
1228130 2400.5
1228140 2390.3
1228150 2380.1
1228160 2380.1
1228170 2366.4
1228180 2356.2
1228190 2356.2
1228200 2346.9
1228210 2339.4
1228220 2332.1
1228230 2332.1
1228240 2325.2
1228250 2318.7
1228260 2318.7
1228270 2311.8
1228280 2304.8
1228290 2304.8
1228300 2298.6
1228310 2292.8
1228320 2292.8
1228330 2287.4
1228340 2282.4
1228350 2282.4
1228360 2280.8
1228370 2280.6
1228380 2280.6
1228390 2277.2
1228400 2269.9
1228410 2265.7
1228420 2265.7
1228430 2263.8
1228440 2262.2
1228450 2262.2
1228460 2260.7
1228470 2257.7
1228480 2257.7
1228490 2253.7
1228500 2247.5
1228510 2247.5
1228520 2241.2
1228530 2237.8
1228540 2237.8
1228550 2235.9
1228560 2233.7
1228570 2233.7
1228580 2232.2
1228590 2229.8
1228600 2229.8
1228610 2225.5
1228620 2220.4
1228630 2216.7
1228640 2216.7
1228650 2213.9
1228660 2213.2
1228670 2213.2
1228680 2214.4
1228690 2216.3
1228700 2216.3
1228710 2217.6
1228720 2218.3
1228730 2218.3
1228740 2218.4
1228750 2220.7
1228760 2220.7
1228770 2223.3
1228780 2225.8
1228790 2225.8
1228800 2229.2
1228810 2233.0
1228820 2233.0
1228830 2235.7
1228840 2235.1
1228850 2231.6
1228860 2234.6
1228870 2232.4
1228880 2233.7
1228890 2233.7
1228900 2235.0
1228910 2234.2
1228920 2234.2
1228930 2230.8
1228940 2226.9
1228950 2226.9
1228960 2220.6
1228970 2210.9
1228980 2210.9
1228990 2201.6
1229000 2192.8
1229010 2192.8
1229020 2183.7
1229030 2179.2
1229040 2179.2
1229050 2177.6
1229060 2180.6
1229070 2181.8
1229080 2181.8
1229090 2180.1
1229100 2178.0
1229110 2178.0
1229120 2177.4
1229130 2177.5
1229140 2177.5
1229150 2175.9
1229160 2173.9
1229170 2173.9
1229180 2170.8
1229190 2167.4
1229200 2167.4
1229210 2164.7
1229220 2161.6
1229230 2161.6
1229240 2158.2
1229250 2149.5
1229260 2149.5
1229270 2142.1
1229280 2135.0
1229290 2126.3
1229300 2126.3
1229310 2116.2
1229320 2107.5
1229330 2107.5
1229340 2107.0
1229350 2105.5
1229360 2116.4
1229370 2109.1
1229380 2101.3
1229390 2101.3
1229400 2093.5
1229410 2085.8
1229420 2085.8
1229430 2080.4
1229440 2075.2
1229450 2075.2
1229460 2070.1
1229470 2064.7
1229480 2064.7
1229490 2060.7
1229500 2057.5
1229510 2056.1
1229520 2056.1
1229530 2053.2
1229540 2052.3
1229550 2052.3
1229560 2050.8
1229570 2049.6
1229580 2049.6
1229590 2048.5
1229600 2046.0
1229610 2046.0
1229620 2043.7
1229630 2042.0
1229640 2042.0
1229650 2040.5
1229660 2038.3
1229670 2038.3
1229680 2036.0
1229690 2034.6
1229700 2034.6
1229710 2032.9
1229720 2031.2
1229730 2029.9
1229740 2029.9
1229750 2027.4
1229760 2026.5
1229770 2026.5
1229780 2025.2
1229790 2024.7
1229800 2024.7
1229810 2026.1
1229820 2026.0
1229830 2026.0
1229840 2024.4
1229850 2028.0
1229860 2028.0
1229870 2025.6
1229880 2023.4
1229890 2023.4
1229900 2022.2
1229910 2022.7
1229920 2022.7
1229930 2021.8
1229940 2017.9
1229950 2013.6
1229960 2013.6
1229970 2008.7
1229980 2004.7
1229990 2004.7
1230000 2001.9
1230010 1997.9
1230020 1997.9
1230030 1992.1
1230040 1986.1
1230050 1986.1
1230060 1980.2
1230070 1971.6
1230080 1971.6
1230090 1961.5
1230100 1949.2
1230110 1949.2
1230120 1936.4
1230130 1928.7
1230140 1928.7
1230150 1923.5
1230160 1919.4
1230170 1913.4
1230180 1913.4
1230190 1909.2
1230200 1908.0
1230210 1908.0
1230220 1907.8
1230230 1905.3
1230240 1905.3
1230250 1904.7
1230260 1904.2
1230270 1904.2
1230280 1904.5
1230290 1904.6
1230300 1904.6
1230310 1903.4
1230320 1903.9
1230330 1903.9
1230340 1902.2
1230350 1903.3
1230360 1904.8
1230370 1904.8
1230380 1904.3
1230390 1899.8
1230400 1899.8
1230410 1892.9
1230420 1892.7
1230430 1892.7
1230440 1892.0
1230450 1891.6
1230460 1891.6
1230470 1891.4
1230480 1890.7
1230490 1890.7
1230500 1889.0
1230510 1886.3
1230520 1886.3
1230530 1883.8
1230540 1884.7
1230550 1884.7
1230560 1885.2
1230570 1889.4
1230580 1894.7
1230590 1894.7
1230600 1895.6
1230610 1894.9
1230620 1894.9
1230630 1894.3
1230640 1894.4
1230650 1894.4
1230660 1895.0
1230670 1895.7
1230680 1895.7
1230690 1896.4
1230700 1897.4
1230710 1897.4
1230720 1901.2
1230730 1906.3
1230740 1906.3
1230750 1906.0
1230760 1908.1
1230770 1908.1
1230780 1910.6
1230790 1915.8
1230800 1923.4
1230810 1923.4
1230820 1933.8
1230830 1943.8
1230840 1943.8
1230850 1948.8
1230860 1950.5
1230870 1950.5
1230880 1952.8
1230890 1956.8
1230900 1956.8
1230910 1959.6
1230920 1960.1
1230930 1960.1
1230940 1961.4
1230950 1964.4
1230960 1964.4
1230970 1968.9
1230980 1973.3
1230990 1973.3
1231000 1976.0
1231010 1977.7
1231020 1980.0
1231030 1980.0
1231040 1981.9
1231050 1984.1
1231060 1984.1
1231070 1988.8
1231080 1995.5
1231090 1995.5
1231100 2001.5
1231110 2006.3
1231120 2006.3
1231130 2010.2
1231140 2014.1
1231150 2014.1
1231160 2018.3
1231170 2022.5
1231180 2022.5
1231190 2026.6
1231200 2030.5
1231210 2030.5
1231220 2034.5
1231230 2038.4
1231240 2042.3
1231250 2042.3
1231260 2045.8
1231270 2049.4
1231280 2049.4
1231290 2053.4
1231300 2057.3
1231310 2057.3
1231320 2060.6
1231330 2065.4
1231340 2065.4
1231350 2065.3
1231360 2070.4
1231370 2070.4
1231380 2075.3
1231390 2078.9
1231400 2078.9
1231410 2078.5
1231420 2075.6
1231430 2075.6
1231440 2075.1
1231450 2077.1
1231460 2080.8
1231470 2080.8
1231480 2085.2
1231490 2089.3
1231500 2089.3
1231510 2093.0
1231520 2094.6
1231530 2094.6
1231540 2097.1
1231550 2102.4
1231560 2102.4
1231570 2106.6
1231580 2110.2
1231590 2110.2
1231600 2112.6
1231610 2116.3
1231620 2116.3
1231630 2120.3
1231640 2124.3
1231650 2124.3
1231660 2128.0
1231670 2133.0
1231680 2138.8
1231690 2138.8
1231700 2145.2
1231710 2153.8
1231720 2153.8
1231730 2164.0
1231740 2172.3
1231750 2172.3
1231760 2179.9
1231770 2187.4
1231780 2187.4
1231790 2196.3
1231800 2205.5
1231810 2205.5
1231820 2213.3
1231830 2221.4
1231840 2221.4
1231850 2224.4
1231860 2227.5
1231870 2227.5
1231880 2230.3
1231890 2237.3
1231900 2245.0
1231910 2245.0
1231920 2252.9
1231930 2264.9
1231940 2264.9
1231950 2270.0
1231960 2272.6
1231970 2272.6
1231980 2271.2
1231990 2268.5
1232000 2268.5
1232010 2265.6
1232020 2264.0
1232030 2264.0
1232040 2263.3
1232050 2262.7
1232060 2262.7
1232070 2263.0
1232080 2261.9
1232090 2261.9
1232100 2257.2
1232110 2256.6
1232120 2260.3
1232130 2260.3
1232140 2271.8
1232150 2276.8
1232160 2276.8
1232170 2274.8
1232180 2271.4
1232190 2271.4
1232200 2271.9
1232210 2274.1
1232220 2274.1
1232230 2271.6
1232240 2269.0
1232250 2269.0
1232260 2268.9
1232270 2270.9
1232280 2270.9
1232290 2271.3
1232300 2271.5
1232310 2271.9
1232320 2271.9
1232330 2276.7
1232340 2282.8
1232350 2279.8
1232360 2287.4
1232370 2291.7
1232380 2291.7
1232390 2294.8
1232400 2298.5
1232410 2298.5
1232420 2302.2
1232430 2304.9
1232440 2304.9
1232450 2306.9
1232460 2308.3
1232470 2308.3
1232480 2309.3
1232490 2310.5
1232500 2310.5
1232510 2312.4
1232520 2314.7
1232530 2316.4
1232540 2316.4
1232550 2312.4
1232560 2310.0
1232570 2310.0
1232580 2311.2
1232590 2312.3
1232600 2312.3
1232610 2313.4
1232620 2317.8
1232630 2317.8
1232640 2324.1
1232650 2331.5
1232660 2331.5
1232670 2336.5
1232680 2338.6
1232690 2338.6
1232700 2339.9
1232710 2343.3
1232720 2343.3
1232730 2347.7
1232740 2349.6
1232750 2350.9
1232760 2350.9
1232770 2352.7
1232780 2355.1
1232790 2355.1
1232800 2358.3
1232810 2361.9
1232820 2361.9
1232830 2365.7
1232840 2369.1
1232850 2369.1
1232860 2367.4
1232870 2370.2
1232880 2370.2
1232890 2373.3
1232900 2376.0
1232910 2376.0
1232920 2378.4
1232930 2380.0
1232940 2380.0
1232950 2381.1
1232960 2381.8
1232970 2383.1
1232980 2383.1
1232990 2385.8
1233000 2389.4
1233010 2389.4
1233020 2393.1
1233030 2396.8
1233040 2396.8
1233050 2400.0
1233060 2402.9
1233070 2402.9
1233080 2406.0
1233090 2410.1
1233100 2410.1
1233110 2414.2
1233120 2418.7
1233130 2418.7
1233140 2423.2
1233150 2427.7
1233160 2427.7
1233170 2432.1
1233180 2436.9
1233190 2441.9
1233200 2441.9
1233210 2446.4
1233220 2450.6
1233230 2450.6
1233240 2455.0
1233250 2460.2
1233260 2460.2
1233270 2465.3
1233280 2471.1
1233290 2471.1
1233300 2476.7
1233310 2481.7
1233320 2481.7
1233330 2486.2
1233340 2490.8
1233350 2490.8
1233360 2494.7
1233370 2501.6
1233380 2501.6
1233390 2508.9
1233400 2516.3
1233410 2523.4
1233420 2523.4
1233430 2530.5
1233440 2537.8
1233450 2537.8
1233460 2541.9
1233470 2545.2
1233480 2545.2
1233490 2548.3
1233500 2550.8
1233510 2550.8
1233520 2552.9
1233530 2554.4
1233540 2554.4
1233550 2555.1
1233560 2555.8
1233570 2555.8
1233580 2558.1
1233590 2561.0
1233600 2561.0
1233610 2563.7
1233620 2566.6
1233630 2568.6
1233640 2568.6
1233650 2569.8
1233660 2570.9
1233670 2570.9
1233680 2571.6
1233690 2571.2
1233700 2571.2
1233710 2569.7
1233720 2569.1
1233730 2569.1
1233740 2571.3
1233750 2576.8
1233760 2576.8
1233770 2583.3
1233780 2588.0
1233790 2588.0
1233800 2588.7
1233810 2587.9
1233820 2587.9
1233830 2587.2
1233840 2586.7
1233850 2584.5
1233860 2584.5
1233870 2579.9
1233880 2577.6
1233890 2577.6
1233900 2574.9
1233910 2572.0
1233920 2572.0
1233930 2568.4
1233940 2566.0
1233950 2566.0
1233960 2565.8
1233970 2566.0
1233980 2566.0
1233990 2566.4
1234000 2565.4
1234010 2565.4
1234020 2562.2
1234030 2558.2
1234040 2558.2
1234050 2553.8
1234060 2550.3
1234070 2547.2
1234080 2547.2
1234090 2542.7
1234100 2538.4
1234110 2538.4
1234120 2536.4
1234130 2532.5
1234140 2532.5
1234150 2529.0
1234160 2525.7
1234170 2525.7
1234180 2524.7
1234190 2522.5
1234200 2522.5
1234210 2518.2
1234220 2515.0
1234230 2515.0
1234240 2513.7
1234250 2513.5
1234260 2513.0
1234270 2513.0
1234280 2511.8
1234290 2511.4
1234300 2511.4
1234310 2513.6
1234320 2515.5
1234330 2515.5
1234340 2517.4
1234350 2519.7
1234360 2519.7
1234370 2523.9
1234380 2531.8
1234390 2531.8
1234400 2540.5
1234410 2547.7
1234420 2547.7
1234430 2556.0
1234440 2562.7
1234450 2562.7
1234460 2568.3
1234470 2572.5
1234480 2577.6
1234490 2577.6
1234500 2583.7
1234510 2588.5
1234520 2588.5
1234530 2592.1
1234540 2594.9
1234550 2594.9
1234560 2597.2
1234570 2599.3
1234580 2599.3
1234590 2602.4
1234600 2607.9
1234610 2607.9
1234620 2614.6
1234630 2620.5
1234640 2620.5
1234650 2625.5
1234660 2629.6
1234670 2629.6
1234680 2633.4
1234690 2637.4
1234700 2640.5
1234710 2640.5
1234720 2642.3
1234730 2644.3
1234740 2644.3
1234750 2646.5
1234760 2648.1
1234770 2648.1
1234780 2649.0
1234790 2648.4
1234800 2648.4
1234810 2646.9
1234820 2645.5
1234830 2645.5
1234840 2644.6
1234850 2645.1
1234860 2645.1
1234870 2645.2
1234880 2646.6
1234890 2646.6
1234900 2648.6
1234910 2650.6
1234920 2650.6
1234930 2650.6
1234940 2650.4
1234950 2649.3
1234960 2649.3
1234970 2647.7
1234980 2646.6
1234990 2646.6
1235000 2647.3
1235010 2651.3
1235020 2651.3
1235030 2655.8
1235040 2659.9
1235050 2659.9
1235060 2663.3
1235070 2665.9
1235080 2665.9
1235090 2669.8
1235100 2673.8
1235110 2673.8
1235120 2677.2
1235130 2680.7
1235140 2683.4
1235150 2683.4
1235160 2686.2
1235170 2690.0
1235180 2690.0
1235190 2695.0
1235200 2700.5
1235210 2700.5
1235220 2704.8
1235230 2708.5
1235240 2708.5
1235250 2712.8
1235260 2716.8
1235270 2716.8
1235280 2719.6
1235290 2722.2
1235300 2722.2
1235310 2725.4
1235320 2729.9
1235330 2729.9
1235340 2744.3
1235350 2758.9
1235360 2769.7
1235370 2769.7
1235380 2778.2
1235390 2797.9
1235400 2797.9
1235410 2806.9
1235420 2820.1
1235430 2820.1
1235440 2830.3
1235450 2841.0
1235460 2841.0
1235470 2852.4
1235480 2860.3
1235490 2860.3
1235500 2868.2
1235510 2879.3
1235520 2879.3
1235530 2884.3
1235540 2896.2
1235550 2896.2
1235560 2915.2
1235570 2930.0
1235580 2954.9
1235590 2954.9
1235600 2964.3
1235610 2972.9
1235620 2972.9
1235630 2975.6
1235640 2983.0
1235650 2983.0
1235660 2996.8
1235670 3007.3
1235680 3007.3
1235690 3018.4
1235700 3027.7
1235710 3027.7
1235720 3036.1
1235730 3048.8
1235740 3048.8
1235750 3061.2
1235760 3065.9
1235770 3065.9
1235780 3075.4
1235790 3092.7
1235800 3111.2
1235810 3111.2
1235820 3127.9
1235830 3137.4
1235840 3137.4
1235850 3141.7
1235860 3146.7
1235870 3146.7
1235880 3153.5
1235890 3162.3
1235900 3177.7
1235910 3184.4
1235920 3170.4
1235930 3170.4
1235940 3167.8
1235950 3170.9
1235960 3170.9
1235970 3177.6
1235980 3183.3
1235990 3183.3
1236000 3189.5
1236010 3197.7
1236020 3210.9
1236030 3210.9
1236040 3227.3
1236050 3245.6
1236060 3245.6
1236070 3265.8
1236080 3268.3
1236090 3268.3
1236100 3264.8
1236110 3261.0
1236120 3261.0
1236130 3256.2
1236140 3254.1
1236150 3254.1
1236160 3255.4
1236170 3256.7
1236180 3256.7
1236190 3255.9
1236200 3253.4
1236210 3250.3
1236220 3250.3
1236230 3247.2
1236240 3244.1
1236250 3244.1
1236260 3241.9
1236270 3240.7
1236280 3240.7
1236290 3240.5
1236300 3239.9
1236310 3239.9
1236320 3242.0
1236330 3237.9
1236340 3237.9
1236350 3231.3
1236360 3220.6
1236370 3220.6
1236380 3212.8
1236390 3211.2
1236400 3211.2
1236410 3199.2
1236420 3197.2
1236430 3195.9
1236440 3195.9
1236450 3192.3
1236460 3188.0
1236470 3188.0
1236480 3184.9
1236490 3186.0
1236500 3186.0
1236510 3186.9
1236520 3184.8
1236530 3184.8
1236540 3184.2
1236550 3183.5
1236560 3183.5
1236570 3182.2
1236580 3179.2
1236590 3179.2
1236600 3178.2
1236610 3178.2
1236620 3178.2
1236630 3181.1
1236640 3185.2
1236650 3186.9
1236660 3186.9
1236670 3187.2
1236680 3187.4
1236690 3187.4
1236700 3187.3
1236710 3187.1
1236720 3187.1
1236730 3186.9
1236740 3186.8
1236750 3186.8
1236760 3186.9
1236770 3187.1
1236780 3187.1
1236790 3187.2
1236800 3187.3
1236810 3187.3
1236820 3187.4
1236830 3187.7
1236840 3187.7
1236850 3188.0
1236860 3188.3
1236870 3188.6
1236880 3188.6
1236890 3188.8
1236900 3189.1
1236910 3189.1
1236920 3184.1
1236930 3184.1
1236940 3184.1
1236950 3184.0
1236960 3184.1
1236970 3184.1
1236980 3184.5
1236990 3184.9
1237000 3184.9
1237010 3185.2
1237020 3185.5
1237030 3185.5
1237040 3186.4
1237050 3188.7
1237060 3188.7
1237070 3193.4
1237080 3199.9
1237090 3208.5
1237100 3208.5
1237110 3216.8
1237120 3225.8
1237130 3225.8
1237140 3237.1
1237150 3245.3
1237160 3245.3
1237170 3253.6
1237180 3260.0
1237190 3260.0
1237200 3254.9
1237210 3239.2
1237220 3239.2
1237230 3228.3
1237240 3219.7
1237250 3219.7
1237260 3212.6
1237270 3200.9
1237280 3200.9
1237290 3183.3
1237300 3169.0
1237310 3160.2
1237320 3160.2
1237330 3155.3
1237340 3150.7
1237350 3150.7
1237360 3146.2
1237370 3142.2
1237380 3142.2
1237390 3138.6
1237400 3135.2
1237410 3135.2
1237420 3131.1
1237430 3131.2
1237440 3131.2
1237450 3129.0
1237460 3126.5
1237470 3126.5
1237480 3123.5
1237490 3119.9
1237500 3119.9
1237510 3116.2
1237520 3112.6
1237530 3108.9
1237540 3108.9
1237550 3105.2
1237560 3101.6
1237570 3101.6
1237580 3098.5
1237590 3095.7
1237600 3095.7
1237610 3093.1
1237620 3090.5
1237630 3090.5
1237640 3088.1
1237650 3085.9
1237660 3085.9
1237670 3083.6
1237680 3081.5
1237690 3081.5
1237700 3079.3
1237710 3077.3
1237720 3077.3
1237730 3075.2
1237740 3073.2
1237750 3071.3
1237760 3071.3
1237770 3069.2
1237780 3067.0
1237790 3067.0
1237800 3064.4
1237810 3061.4
1237820 3061.4
1237830 3058.1
1237840 3054.0
1237850 3054.0
1237860 3051.3
1237870 3047.8
1237880 3047.8
1237890 3042.7
1237900 3039.2
1237910 3039.2
1237920 3036.0
1237930 3032.0
1237940 3028.2
1237950 3028.2
1237960 3024.6
1237970 3021.0
1237980 3021.0
1237990 3017.5
1238000 3013.8
1238010 3013.8
1238020 3011.0
1238030 3007.6
1238040 3007.6
1238050 3004.0
1238060 3001.1
1238070 3001.1
1238080 2997.6
1238090 2994.4
1238100 2994.4
1238110 2989.8
1238120 2985.9
1238130 2985.9
1238140 2982.0
1238150 2977.4
1238160 2971.2
1238170 2971.2
1238180 2964.3
1238190 2956.2
1238200 2956.2
1238210 2948.4
1238220 2941.7
1238230 2941.7
1238240 2936.0
1238250 2931.2
1238260 2931.2
1238270 2927.2
1238280 2924.0
1238290 2924.0
1238300 2921.3
1238310 2918.4
1238320 2918.4
1238330 2915.1
1238340 2911.4
1238350 2911.4
1238360 2907.2
1238370 2902.6
1238380 2897.5
1238390 2897.5
1238400 2892.4
1238410 2887.7
1238420 2887.7
1238430 2883.6
1238440 2879.9
1238450 2879.9
1238460 2873.7
1238470 2869.6
1238480 2869.6
1238490 2865.4
1238500 2862.1
1238510 2862.1
1238520 2862.7
1238530 2858.0
1238540 2858.0
1238550 2850.7
1238560 2847.2
1238570 2847.2
1238580 2847.4
1238590 2846.2
1238600 2842.6
1238610 2842.6
1238620 2841.1
1238630 2840.1
1238640 2840.1
1238650 2838.2
1238660 2836.1
1238670 2836.1
1238680 2833.7
1238690 2832.1
1238700 2832.1
1238710 2828.7
1238720 2823.3
1238730 2823.3
1238740 2816.4
1238750 2809.3
1238760 2809.3
1238770 2802.3
1238780 2795.0
1238790 2795.0
1238800 2788.3
1238810 2782.4
1238820 2777.2
1238830 2777.2
1238840 2771.0
1238850 2764.2
1238860 2764.2
1238870 2754.3
1238880 2745.7
1238890 2745.7
1238900 2738.8
1238910 2730.0
1238920 2730.0
1238930 2722.2
1238940 2718.9
1238950 2718.9
1238960 2715.9
1238970 2716.7
1238980 2716.7
1238990 2716.9
1239000 2717.5
1239010 2717.5
1239020 2718.4
1239030 2719.5
1239040 2720.6
1239050 2720.6
1239060 2721.7
1239070 2722.7
1239080 2722.7
1239090 2723.7
1239100 2724.6
1239110 2724.6
1239120 2725.1
1239130 2725.5
1239140 2725.5
1239150 2725.6
1239160 2725.6
1239170 2725.6
1239180 2725.5
1239190 2725.3
1239200 2725.3
1239210 2725.1
1239220 2725.2
1239230 2725.2
1239240 2725.2
1239250 2725.3
1239260 2725.5
1239270 2725.5
1239280 2725.7
1239290 2725.8
1239300 2725.8
1239310 2725.9
1239320 2726.0
1239330 2726.0
1239340 2726.1
1239350 2726.0
1239360 2726.0
1239370 2725.8
1239380 2725.7
1239390 2725.7
1239400 2725.5
1239410 2725.1
1239420 2725.1
1239430 2724.5
1239440 2723.9
1239450 2723.9
1239460 2723.2
1239470 2722.4
1239480 2721.6
1239490 2723.7
1239500 2722.8
1239510 2721.9
1239520 2721.9
1239530 2720.9
1239540 2720.0
1239550 2720.0
1239560 2719.1
1239570 2718.1
1239580 2718.1
1239590 2717.0
1239600 2715.8
1239610 2715.8
1239620 2714.8
1239630 2713.9
1239640 2713.9
1239650 2713.4
1239660 2713.4
1239670 2714.3
1239680 2714.3
1239690 2717.7
1239700 2721.0
1239710 2721.0
1239720 2723.7
1239730 2723.1
1239740 2723.1
1239750 2720.7
1239760 2719.3
1239770 2719.3
1239780 2720.2
1239790 2721.6
1239800 2721.6
1239810 2722.2
1239820 2723.1
1239830 2723.1
1239840 2724.0
1239850 2725.5
1239860 2725.5
1239870 2728.0
1239880 2730.2
1239890 2733.0
1239900 2733.0
1239910 2737.3
1239920 2743.1
1239930 2743.1
1239940 2749.7
1239950 2756.4
1239960 2756.4
1239970 2764.9
1239980 2777.2
1239990 2777.2
