1220000 1182.9
1220010 1182.4
1220020 1182.4
1220030 1182.4
1220040 1182.3
1220050 1182.3
1220060 1182.2
1220070 1182.2
1220080 1182.2
1220090 1182.2
1220100 1182.3
1220110 1182.3
1220120 1182.3
1220130 1182.5
1220140 1182.5
1220150 1182.6
1220160 1182.5
1220170 1182.6
1220180 1182.6
1220190 1182.5
1220200 1182.2
1220210 1182.2
1220220 1182.0
1220230 1181.9
1220240 1181.9
1220250 1181.8
1220260 1181.6
1220270 1181.6
1220280 1181.6
1220290 1181.5
1220300 1181.5
1220310 1181.5
1220320 1181.7
1220330 1181.7
1220340 1182.2
1220350 1183.2
1220360 1183.2
1220370 1183.9
1220380 1182.4
1220390 1181.9
1220400 1181.9
1220410 1182.1
1220420 1183.7
1220430 1183.7
1220440 1184.2
1220450 1183.4
1220460 1183.4
1220470 1182.9
1220480 1182.7
1220490 1182.7
1220500 1182.8
1220510 1182.8
1220520 1182.8
1220530 1182.9
1220540 1183.1
1220550 1183.1
1220560 1183.2
1220570 1183.4
1220580 1183.4
1220590 1183.5
1220600 1183.7
1220610 1183.8
1220620 1183.8
1220630 1184.0
1220640 1184.1
1220650 1184.1
1220660 1184.2
1220670 1184.4
1220680 1184.4
1220690 1184.5
1220700 1184.6
1220710 1184.6
1220720 1184.6
1220730 1184.6
1220740 1184.6
1220750 1184.7
1220760 1184.8
1220770 1184.8
1220780 1184.8
1220790 1185.5
1220800 1186.3
1220810 1186.3
1220820 1185.1
1220830 1184.6
1220840 1184.6
1220850 1184.8
1220860 1185.4
1220870 1185.4
1220880 1186.1
1220890 1186.4
1220900 1186.4
1220910 1186.6
1220920 1186.7
1220930 1186.7
1220940 1186.6
1220950 1186.5
1220960 1186.5
1220970 1186.8
1220980 1187.5
1220990 1187.5
1221000 1187.8
1221010 1187.6
1221020 1187.5
1221030 1187.5
1221040 1188.2
1221050 1191.5
1221060 1191.5
1221070 1192.4
1221080 1197.3
1221090 1197.3
1221100 1203.7
1221110 1210.1
1221120 1210.1
1221130 1217.2
1221140 1225.4
1221150 1225.4
1221160 1234.6
1221170 1244.5
1221180 1244.5
1221190 1250.0
1221200 1257.6
1221210 1257.6
1221220 1271.6
1221230 1284.8
1221240 1297.2
1221250 1297.2
1221260 1304.5
1221270 1308.7
1221280 1308.7
1221290 1312.2
1221300 1313.3
1221310 1313.3
1221320 1313.6
1221330 1313.0
1221340 1313.0
1221350 1310.6
1221360 1309.1
1221370 1309.1
1221380 1308.8
1221390 1309.3
1221400 1309.3
1221410 1307.9
1221420 1305.7
1221430 1305.7
1221440 1309.1
1221450 1312.7
1221460 1313.3
1221470 1313.3
1221480 1315.3
1221490 1319.4
1221500 1319.4
1221510 1322.5
1221520 1326.0
1221530 1326.0
1221540 1329.2
1221550 1331.4
1221560 1330.1
1221570 1334.7
1221580 1340.0
1221590 1340.0
1221600 1345.9
1221610 1352.1
1221620 1352.1
1221630 1358.6
1221640 1365.2
1221650 1365.2
1221660 1372.2
1221670 1385.9
1221680 1399.3
1221690 1399.3
1221700 1408.1
1221710 1418.1
1221720 1418.1
1221730 1430.7
1221740 1444.1
1221750 1444.1
1221760 1459.7
1221770 1482.0
1221780 1482.0
1221790 1495.4
1221800 1504.2
1221810 1504.2
1221820 1520.3
1221830 1533.0
1221840 1533.0
1221850 1540.9
1221860 1548.9
1221870 1548.9
1221880 1559.7
1221890 1569.9
1221900 1578.8
1221910 1578.8
1221920 1585.5
1221930 1596.5
1221940 1596.5
1221950 1623.4
1221960 1644.9
1221970 1644.9
1221980 1652.5
1221990 1666.7
1222000 1666.7
1222010 1687.8
1222020 1711.7
1222030 1711.7
1222040 1734.5
1222050 1750.2
1222060 1750.2
1222070 1754.0
1222080 1756.0
1222090 1756.0
1222100 1758.6
1222110 1761.3
1222120 1762.3
1222130 1762.3
1222140 1763.8
1222150 1769.6
1222160 1769.6
1222170 1774.6
1222180 1776.8
1222190 1776.8
1222200 1779.1
1222210 1782.7
1222220 1782.7
1222230 1786.5
1222240 1791.4
1222250 1791.4
1222260 1795.7
1222270 1800.3
1222280 1800.3
1222290 1804.4
1222300 1807.3
1222310 1807.3
1222320 1810.7
1222330 1813.8
1222340 1817.3
1222350 1817.3
1222360 1821.2
1222370 1824.3
1222380 1824.3
1222390 1827.1
1222400 1830.8
1222410 1830.8
1222420 1835.5
1222430 1839.7
1222440 1839.7
1222450 1844.0
1222460 1847.5
1222470 1847.5
1222480 1850.9
1222490 1854.4
1222500 1854.4
1222510 1858.1
1222520 1864.1
1222530 1864.1
1222540 1867.9
1222550 1871.7
1222560 1875.0
1222570 1875.0
1222580 1878.0
1222590 1880.8
1222600 1880.8
1222610 1883.8
1222620 1888.7
1222630 1888.7
1222640 1896.8
1222650 1898.6
1222660 1898.6
1222670 1898.6
1222680 1899.3
1222690 1899.3
1222700 1901.0
1222710 1903.4
1222720 1903.4
1222730 1905.5
1222740 1906.3
1222750 1907.6
1222760 1907.6
1222770 1908.4
1222780 1908.4
1222790 1908.4
1222800 1908.1
1222810 1908.9
1222820 1908.9
1222830 1911.0
1222840 1913.4
1222850 1913.4
1222860 1915.7
1222870 1918.6
1222880 1918.6
1222890 1922.6
1222900 1926.1
1222910 1926.1
1222920 1930.0
1222930 1934.6
1222940 1934.6
1222950 1938.8
1222960 1943.5
1222970 1947.6
1222980 1947.6
1222990 1950.9
1223000 1949.8
1223010 1949.8
1223020 1954.3
1223030 1959.7
1223040 1959.7
1223050 1965.4
1223060 1971.6
1223070 1971.6
1223080 1978.1
1223090 1984.4
1223100 1984.4
1223110 1990.1
1223120 1995.9
1223130 1995.9
1223140 2001.8
1223150 2006.8
1223160 2006.8
1223170 2011.8
1223180 2017.1
1223190 2022.3
1223200 2022.3
1223210 2028.3
1223220 2034.3
1223230 2034.3
1223240 2042.2
1223250 2050.3
1223260 2050.3
1223270 2058.4
1223280 2067.3
1223290 2067.3
1223300 2074.8
1223310 2082.9
1223320 2082.9
1223330 2092.1
1223340 2101.4
1223350 2101.4
1223360 2115.7
1223370 2126.9
1223380 2126.9
1223390 2136.6
1223400 2144.7
1223410 2152.6
1223420 2152.6
1223430 2164.6
1223440 2179.6
1223450 2179.6
1223460 2193.1
1223470 2201.3
1223480 2201.3
1223490 2204.3
1223500 2210.4
1223510 2210.4
1223520 2216.1
1223530 2221.9
1223540 2221.9
1223550 2228.8
1223560 2236.6
1223570 2236.6
1223580 2241.9
1223590 2247.1
1223600 2247.1
1223610 2254.4
1223620 2263.4
1223630 2271.6
1223640 2271.6
1223650 2276.2
1223660 2282.5
1223670 2282.5
1223680 2287.2
1223690 2290.5
1223700 2290.5
1223710 2296.8
1223720 2302.8
1223730 2302.8
1223740 2305.8
1223750 2309.2
1223760 2309.2
1223770 2314.5
1223780 2319.1
1223790 2319.1
1223800 2323.5
1223810 2328.2
1223820 2328.2
1223830 2333.2
1223840 2339.1
1223850 2345.9
1223860 2345.9
1223870 2352.3
1223880 2359.5
1223890 2359.5
1223900 2370.9
1223910 2382.0
1223920 2382.0
1223930 2392.3
1223940 2400.6
1223950 2400.6
1223960 2410.4
1223970 2412.5
1223980 2412.5
1223990 2423.4
1224000 2434.5
1224010 2434.5
1224020 2440.9
1224030 2446.7
1224040 2446.7
1224050 2454.2
1224060 2460.5
1224070 2466.8
1224080 2466.8
1224090 2474.6
1224100 2484.9
1224110 2484.9
1224120 2493.5
1224130 2501.3
1224140 2501.3
1224150 2508.3
1224160 2514.9
1224170 2514.9
1224180 2522.3
1224190 2529.7
1224200 2529.7
1224210 2536.7
1224220 2544.1
1224230 2544.1
1224240 2552.8
1224250 2560.6
1224260 2560.6
1224270 2568.1
1224280 2574.9
1224290 2581.4
1224300 2581.4
1224310 2588.3
1224320 2595.1
1224330 2595.1
1224340 2602.0
1224350 2606.0
1224360 2606.0
1224370 2607.4
1224380 2607.5
1224390 2607.5
1224400 2608.6
1224410 2612.2
1224420 2612.2
1224430 2615.8
1224440 2619.6
1224450 2619.6
1224460 2621.0
1224470 2634.9
1224480 2644.3
1224490 2644.3
1224500 2647.2
1224510 2650.0
1224520 2650.0
1224530 2658.2
1224540 2669.5
1224550 2669.5
1224560 2673.7
1224570 2675.6
1224580 2675.6
1224590 2680.3
1224600 2686.4
1224610 2686.4
1224620 2690.6
1224630 2694.7
1224640 2694.7
1224650 2700.2
1224660 2705.9
1224670 2705.9
1224680 2715.4
1224690 2732.2
1224700 2742.9
1224710 2742.9
1224720 2745.3
1224730 2746.0
1224740 2746.0
1224750 2758.8
1224760 2761.3
1224770 2761.3
1224780 2764.5
1224790 2771.2
1224800 2771.2
1224810 2775.1
1224820 2777.2
1224830 2777.2
1224840 2784.0
1224850 2797.9
1224860 2797.9
1224870 2813.5
1224880 2838.0
1224890 2838.0
1224900 2852.8
1224910 2857.5
1224920 2869.2
1224930 2869.2
1224940 2884.6
1224950 2888.2
1224960 2888.2
1224970 2909.8
1224980 2909.3
1224990 2909.3
1225000 2895.8
1225010 2882.0
1225020 2882.0
1225030 2869.1
1225040 2858.1
1225050 2858.1
1225060 2850.2
1225070 2847.4
1225080 2847.4
1225090 2842.0
1225100 2831.9
1225110 2831.9
1225120 2817.2
1225130 2804.2
1225140 2792.1
1225150 2792.1
1225160 2777.7
1225170 2763.6
1225180 2763.6
1225190 2752.7
1225200 2740.1
1225210 2740.1
1225220 2730.8
1225230 2724.1
1225240 2724.1
1225250 2717.5
1225260 2713.7
1225270 2713.7
1225280 2710.6
1225290 2709.5
1225300 2709.5
1225310 2707.8
1225320 2702.2
1225330 2702.2
1225340 2694.9
1225350 2686.7
1225360 2676.6
1225370 2676.6
1225380 2669.6
1225390 2661.6
1225400 2661.6
1225410 2645.9
1225420 2635.4
1225430 2635.4
1225440 2636.4
1225450 2631.9
1225460 2631.9
1225470 2627.0
1225480 2622.3
1225490 2622.3
1225500 2618.1
1225510 2614.5
1225520 2614.5
1225530 2611.7
1225540 2609.7
1225550 2609.7
1225560 2607.2
1225570 2606.3
1225580 2605.7
1225590 2605.7
1225600 2603.6
1225610 2603.3
1225620 2603.3
1225630 2604.4
1225640 2607.1
1225650 2607.1
1225660 2608.0
1225670 2607.8
1225680 2607.8
1225690 2608.6
1225700 2608.2
1225710 2608.2
1225720 2606.1
1225730 2602.0
1225740 2602.0
1225750 2597.1
1225760 2593.1
1225770 2593.1
1225780 2590.1
1225790 2586.2
1225800 2583.6
1225810 2583.6
1225820 2581.9
1225830 2583.2
1225840 2583.2
1225850 2586.6
1225860 2589.7
1225870 2589.7
1225880 2599.4
1225890 2613.7
1225900 2613.7
1225910 2628.6
1225920 2629.4
1225930 2629.4
1225940 2641.9
1225950 2654.2
1225960 2654.2
1225970 2658.0
1225980 2655.1
1225990 2655.1
1226000 2653.6
1226010 2652.7
1226020 2653.3
1226030 2653.3
1226040 2654.6
1226050 2659.4
1226060 2659.4
1226070 2666.9
1226080 2670.8
1226090 2670.8
1226100 2675.8
1226110 2683.4
1226120 2683.4
1226130 2689.8
1226140 2685.8
1226150 2685.8
1226160 2677.6
1226170 2669.1
1226180 2669.1
1226190 2664.6
1226200 2669.8
1226210 2677.9
1226220 2677.9
1226230 2678.1
1226240 2677.6
1226250 2677.6
1226260 2673.0
1226270 2659.0
1226280 2659.0
1226290 2643.4
1226300 2626.3
1226310 2626.3
1226320 2603.2
1226330 2579.6
1226340 2579.6
1226350 2564.2
1226360 2545.6
1226370 2545.6
1226380 2538.5
1226390 2531.6
1226400 2531.6
1226410 2523.4
1226420 2516.6
1226430 2509.7
1226440 2509.7
1226450 2503.0
1226460 2496.6
1226470 2496.6
1226480 2490.4
1226490 2484.1
1226500 2484.1
1226510 2478.2
1226520 2472.4
1226530 2472.4
1226540 2466.8
1226550 2462.0
1226560 2462.0
1226570 2457.6
1226580 2453.6
1226590 2453.6
1226600 2450.4
1226610 2450.6
1226620 2450.6
1226630 2451.6
1226640 2451.0
1226650 2450.2
1226660 2450.2
1226670 2448.3
1226680 2444.8
1226690 2444.8
1226700 2440.0
1226710 2436.5
1226720 2436.5
1226730 2434.0
1226740 2432.5
1226750 2432.5
1226760 2434.0
1226770 2441.1
1226780 2441.1
1226790 2448.9
1226800 2451.4
1226810 2451.4
1226820 2452.9
1226830 2451.1
1226840 2451.1
1226850 2448.4
1226860 2444.2
1226870 2438.1
1226880 2438.1
1226890 2433.5
1226900 2428.9
1226910 2442.1
1226920 2438.3
1226930 2436.0
1226940 2436.0
1226950 2430.5
1226960 2424.6
1226970 2424.6
1226980 2423.7
1226990 2421.2
1227000 2421.2
1227010 2418.0
1227020 2417.3
1227030 2417.3
1227040 2417.9
1227050 2420.7
1227060 2420.7
1227070 2425.6
1227080 2431.7
1227090 2434.0
1227100 2434.0
1227110 2436.2
1227120 2438.5
1227130 2438.5
1227140 2437.4
1227150 2435.2
1227160 2435.2
1227170 2440.3
1227180 2452.3
1227190 2452.3
1227200 2458.7
1227210 2458.1
1227220 2458.1
1227230 2458.3
1227240 2461.9
1227250 2461.9
1227260 2469.4
1227270 2482.6
1227280 2482.6
1227290 2489.4
1227300 2496.9
1227310 2509.5
1227320 2509.5
1227330 2513.6
1227340 2520.9
1227350 2520.9
1227360 2522.4
1227370 2520.5
1227380 2520.5
1227390 2515.2
1227400 2519.6
1227410 2519.6
1227420 2512.7
1227430 2504.7
1227440 2504.7
1227450 2498.1
1227460 2498.5
1227470 2498.5
1227480 2505.5
1227490 2501.1
1227500 2501.1
1227510 2498.2
1227520 2501.8
1227530 2498.3
1227540 2498.3
1227550 2495.4
1227560 2505.2
1227570 2505.2
1227580 2521.2
1227590 2535.8
1227600 2535.8
1227610 2552.8
1227620 2568.1
1227630 2568.1
1227640 2564.0
1227650 2554.3
1227660 2554.3
1227670 2543.2
1227680 2533.0
1227690 2533.0
1227700 2522.0
1227710 2513.3
1227720 2513.3
1227730 2503.1
1227740 2491.8
1227750 2480.0
1227760 2480.0
1227770 2466.9
1227780 2452.9
1227790 2452.9
1227800 2437.6
1227810 2418.4
1227820 2418.4
1227830 2400.2
1227840 2393.5
1227850 2393.5
1227860 2385.3
1227870 2380.3
1227880 2380.3
1227890 2370.6
1227900 2365.7
1227910 2365.7
1227920 2360.8
1227930 2356.6
1227940 2356.6
1227950 2352.4
1227960 2348.0
1227970 2344.4
1227980 2344.4
1227990 2341.1
1228000 2338.1
1228010 2338.1
1228020 2335.3
1228030 2332.0
1228040 2332.0
1228050 2330.1
1228060 2330.7
1228070 2330.7
1228080 2330.6
1228090 2329.7
1228100 2329.7
1228110 2329.3
1228120 2328.8
1228130 2328.8
1228140 2328.0
1228150 2326.9
1228160 2323.9
1228170 2323.9
1228180 2319.9
1228190 2314.9
1228200 2314.9
1228210 2308.8
1228220 2302.6
1228230 2302.6
1228240 2300.0
1228250 2300.6
1228260 2300.6
1228270 2300.5
1228280 2300.4
1228290 2300.4
1228300 2300.7
1228310 2299.5
1228320 2299.5
1228330 2298.3
1228340 2297.8
1228350 2297.8
1228360 2296.5
1228370 2296.5
1228380 2296.7
1228390 2300.2
1228400 2299.6
1228410 2299.4
1228420 2299.4
1228430 2299.7
1228440 2300.9
1228450 2300.9
1228460 2301.7
1228470 2302.0
1228480 2302.0
1228490 2303.0
1228500 2304.9
1228510 2304.9
1228520 2305.1
1228530 2304.1
1228540 2304.1
1228550 2303.0
1228560 2302.6
1228570 2302.6
1228580 2301.3
1228590 2300.7
1228600 2300.8
1228610 2300.8
1228620 2300.7
1228630 2302.2
1228640 2302.2
1228650 2305.2
1228660 2308.1
1228670 2308.1
1228680 2310.1
1228690 2310.7
1228700 2310.7
1228710 2309.2
1228720 2307.6
1228730 2307.6
1228740 2307.3
1228750 2307.4
1228760 2307.4
1228770 2309.6
1228780 2312.2
1228790 2312.2
1228800 2314.6
1228810 2315.5
1228820 2316.0
1228830 2316.0
1228840 2315.5
1228850 2314.6
1228860 2314.6
1228870 2314.3
1228880 2319.5
1228890 2319.5
1228900 2319.5
1228910 2320.0
1228920 2320.0
1228930 2319.7
1228940 2319.2
1228950 2319.2
1228960 2321.1
1228970 2322.8
1228980 2322.8
1228990 2322.8
1229000 2323.8
1229010 2323.8
1229020 2327.6
1229030 2336.2
1229040 2351.6
1229050 2351.6
1229060 2359.1
1229070 2359.6
1229080 2359.6
1229090 2349.3
1229100 2340.3
1229110 2340.3
1229120 2336.2
1229130 2334.9
1229140 2334.9
1229150 2344.0
1229160 2362.5
1229170 2362.5
1229180 2380.7
1229190 2387.7
1229200 2387.7
1229210 2381.4
1229220 2373.2
1229230 2373.2
1229240 2365.4
1229250 2357.0
1229260 2348.4
1229270 2348.4
1229280 2339.7
1229290 2332.3
1229300 2332.3
1229310 2325.5
1229320 2319.2
1229330 2319.2
1229340 2313.1
1229350 2307.3
1229360 2307.3
1229370 2304.0
1229380 2306.1
1229390 2306.1
1229400 2302.7
1229410 2298.7
1229420 2298.7
1229430 2294.6
1229440 2290.6
1229450 2290.6
1229460 2286.9
1229470 2281.4
1229480 2273.6
1229490 2273.6
1229500 2266.7
1229510 2262.6
1229520 2262.6
1229530 2257.3
1229540 2256.7
1229550 2256.7
1229560 2256.7
1229570 2255.7
1229580 2255.7
1229590 2254.9
1229600 2255.6
1229610 2255.6
1229620 2254.8
1229630 2253.2
1229640 2253.2
1229650 2251.4
1229660 2251.1
1229670 2251.1
1229680 2251.1
1229690 2249.7
1229700 2248.2
1229710 2248.2
1229720 2245.5
1229730 2242.4
1229740 2242.4
1229750 2237.6
1229760 2230.9
1229770 2230.9
1229780 2225.4
1229790 2221.2
1229800 2221.2
1229810 2217.4
1229820 2215.2
1229830 2215.2
1229840 2213.7
1229850 2213.2
1229860 2213.2
1229870 2210.9
1229880 2210.8
1229890 2203.0
1229900 2203.0
1229910 2192.2
1229920 2186.6
1229930 2186.6
1229940 2180.7
1229950 2173.3
1229960 2173.3
1229970 2168.6
1229980 2164.0
1229990 2164.0
1230000 2156.1
1230010 2147.2
1230020 2147.2
1230030 2138.9
1230040 2131.4
1230050 2131.4
1230060 2124.7
1230070 2118.8
1230080 2118.8
1230090 2116.5
1230100 2114.8
1230110 2108.5
1230120 2108.5
1230130 2101.7
1230140 2096.0
1230150 2096.0
1230160 2088.7
1230170 2081.2
1230180 2081.2
1230190 2076.4
1230200 2075.1
1230210 2075.1
1230220 2075.2
1230230 2075.9
1230240 2075.9
1230250 2073.5
1230260 2075.5
1230270 2075.5
1230280 2075.4
1230290 2073.1
1230300 2073.1
1230310 2069.3
1230320 2065.1
1230330 2061.2
1230340 2061.2
1230350 2058.4
1230360 2055.9
1230370 2062.8
1230380 2063.0
1230390 2062.1
1230400 2062.1
1230410 2059.2
1230420 2056.2
1230430 2056.2
1230440 2052.1
1230450 2048.3
1230460 2048.3
1230470 2044.1
1230480 2039.4
1230490 2039.4
1230500 2034.2
1230510 2026.5
1230520 2026.5
1230530 2017.2
1230540 2008.4
1230550 1999.1
1230560 1999.1
1230570 1990.6
1230580 1982.4
1230590 1982.4
1230600 1974.9
1230610 1967.2
1230620 1967.2
1230630 1960.3
1230640 1953.8
1230650 1953.8
1230660 1949.4
1230670 1945.0
1230680 1945.0
1230690 1941.3
1230700 1937.3
1230710 1937.3
1230720 1934.3
1230730 1932.2
1230740 1932.2
1230750 1929.2
1230760 1925.4
1230770 1924.7
1230780 1924.7
1230790 1924.5
1230800 1924.8
1230810 1924.8
1230820 1924.1
1230830 1923.7
1230840 1923.7
1230850 1923.7
1230860 1924.5
1230870 1927.2
1230880 1928.3
1230890 1928.8
1230900 1928.8
1230910 1928.9
1230920 1931.0
1230930 1931.0
1230940 1933.5
1230950 1936.2
1230960 1936.2
1230970 1939.2
1230980 1941.1
1230990 1941.8
1231000 1941.8
1231010 1943.2
1231020 1943.9
1231030 1943.9
1231040 1944.1
1231050 1943.9
1231060 1943.9
1231070 1943.5
1231080 1942.5
1231090 1942.5
1231100 1941.9
1231110 1941.4
1231120 1941.4
1231130 1941.1
1231140 1940.9
1231150 1940.9
1231160 1939.8
1231170 1938.9
1231180 1938.9
1231190 1938.5
1231200 1938.0
1231210 1937.7
1231220 1937.7
1231230 1938.5
1231240 1939.2
1231250 1939.2
1231260 1939.8
1231270 1940.4
1231280 1940.4
1231290 1940.9
1231300 1941.9
1231310 1941.9
1231320 1942.6
1231330 1944.0
1231340 1944.0
1231350 1945.4
1231360 1946.5
1231370 1946.7
1231380 1947.9
1231390 1949.3
1231400 1950.3
1231410 1950.3
1231420 1950.9
1231430 1951.8
1231440 1951.8
1231450 1952.6
1231460 1953.0
1231470 1953.0
1231480 1953.8
1231490 1955.8
1231500 1955.8
1231510 1958.7
1231520 1962.7
1231530 1962.7
1231540 1965.7
1231550 1968.0
1231560 1968.0
1231570 1969.7
1231580 1971.1
1231590 1971.1
1231600 1972.8
1231610 1974.0
1231620 1974.8
1231630 1974.8
1231640 1976.9
1231650 1979.6
1231660 1979.6
1231670 1981.4
1231680 1983.8
1231690 1983.8
1231700 1987.1
1231710 1990.8
1231720 1990.8
1231730 1993.8
1231740 1997.1
1231750 1997.1
1231760 1999.8
1231770 2002.2
1231780 2002.2
1231790 2005.1
1231800 2008.5
1231810 2008.5
1231820 2012.6
1231830 2016.9
1231840 2021.3
1231850 2021.3
1231860 2025.9
1231870 2028.6
1231880 2028.6
1231890 2032.8
1231900 2037.1
1231910 2037.1
1231920 2041.0
1231930 2044.9
1231940 2044.9
1231950 2048.6
1231960 2052.4
1231970 2052.4
1231980 2056.0
1231990 2060.2
1232000 2060.2
1232010 2063.6
1232020 2066.1
1232030 2066.1
1232040 2068.0
1232050 2070.5
1232060 2074.5
1232070 2074.5
1232080 2076.9
1232090 2077.6
1232100 2077.6
1232110 2077.9
1232120 2078.8
1232130 2078.8
1232140 2079.9
1232150 2081.2
1232160 2081.2
1232170 2082.9
1232180 2084.5
1232190 2084.5
1232200 2085.2
1232210 2084.9
1232220 2084.9
1232230 2086.2
1232240 2086.6
1232250 2086.6
1232260 2086.2
1232270 2085.7
1232280 2083.0
1232290 2083.0
1232300 2081.9
1232310 2082.8
1232320 2082.8
1232330 2087.2
1232340 2091.3
1232350 2091.3
1232360 2094.7
1232370 2097.7
1232380 2092.3
1232390 2093.8
1232400 2095.3
1232410 2095.3
1232420 2097.0
1232430 2099.6
1232440 2099.6
1232450 2103.1
1232460 2106.5
1232470 2106.5
1232480 2115.7
1232490 2132.6
1232500 2134.9
1232510 2134.9
1232520 2126.6
1232530 2125.5
1232540 2125.5
1232550 2126.4
1232560 2125.7
1232570 2125.7
1232580 2126.1
1232590 2128.3
1232600 2128.3
1232610 2132.4
1232620 2136.2
1232630 2136.2
1232640 2141.1
1232650 2144.9
1232660 2144.9
1232670 2145.1
1232680 2147.9
1232690 2147.9
1232700 2154.3
1232710 2159.1
1232720 2164.0
1232730 2164.0
1232740 2168.3
1232750 2173.0
1232760 2173.0
1232770 2178.4
1232780 2184.3
1232790 2184.3
1232800 2193.0
1232810 2197.8
1232820 2197.8
1232830 2202.2
1232840 2205.0
1232850 2205.0
1232860 2206.8
1232870 2210.1
1232880 2209.3
1232890 2217.9
1232900 2225.2
1232910 2225.2
1232920 2230.9
1232930 2233.8
1232940 2237.2
1232950 2237.2
1232960 2242.9
1232970 2249.5
1232980 2249.5
1232990 2257.2
1233000 2263.5
1233010 2263.5
1233020 2266.6
1233030 2268.8
1233040 2268.8
1233050 2273.2
1233060 2277.8
1233070 2277.8
1233080 2284.2
1233090 2293.2
1233100 2293.2
1233110 2306.4
1233120 2318.9
1233130 2328.7
1233140 2328.7
1233150 2338.7
1233160 2348.2
1233170 2348.2
1233180 2358.0
1233190 2367.3
1233200 2367.3
1233210 2373.0
1233220 2376.4
1233230 2376.4
1233240 2380.5
1233250 2385.8
1233260 2385.8
1233270 2391.1
1233280 2396.7
1233290 2396.7
1233300 2402.9
1233310 2409.3
1233320 2409.3
1233330 2416.0
1233340 2422.2
1233350 2428.0
1233360 2428.0
1233370 2433.5
1233380 2437.4
1233390 2437.4
1233400 2443.5
1233410 2447.8
1233420 2447.8
1233430 2451.3
1233440 2454.7
1233450 2454.7
1233460 2458.2
1233470 2461.5
1233480 2461.5
1233490 2465.0
1233500 2468.9
1233510 2468.9
1233520 2472.7
1233530 2475.9
1233540 2475.9
1233550 2478.6
1233560 2481.3
1233570 2484.0
1233580 2484.0
1233590 2486.3
1233600 2488.4
1233610 2488.4
1233620 2491.2
1233630 2494.6
1233640 2494.6
1233650 2498.1
1233660 2499.8
1233670 2499.8
1233680 2498.3
1233690 2497.5
1233700 2497.5
1233710 2496.9
1233720 2496.3
1233730 2496.3
1233740 2494.5
1233750 2491.4
1233760 2491.4
1233770 2487.0
1233780 2482.1
1233790 2478.6
1233800 2478.6
1233810 2479.2
1233820 2480.8
1233830 2480.8
1233840 2481.3
1233850 2480.3
1233860 2480.3
1233870 2477.1
1233880 2472.9
1233890 2469.0
1233900 2466.5
1233910 2463.2
1233920 2463.2
1233930 2459.6
1233940 2455.2
1233950 2455.2
1233960 2451.6
1233970 2449.8
1233980 2449.8
1233990 2449.3
1234000 2449.3
1234010 2449.5
1234020 2449.5
1234030 2450.1
1234040 2451.0
1234050 2451.0
1234060 2452.3
1234070 2454.0
1234080 2454.0
1234090 2456.0
1234100 2458.2
1234110 2458.2
1234120 2460.7
1234130 2463.4
1234140 2463.4
1234150 2466.4
1234160 2469.5
1234170 2469.5
1234180 2472.7
1234190 2475.9
1234200 2475.9
1234210 2479.4
1234220 2483.2
1234230 2487.0
1234240 2487.0
1234250 2491.2
1234260 2495.6
1234270 2495.6
1234280 2500.2
1234290 2505.0
1234300 2505.0
1234310 2509.6
1234320 2514.2
1234330 2514.2
1234340 2519.0
1234350 2523.6
1234360 2523.6
1234370 2528.2
1234380 2532.4
1234390 2532.4
1234400 2540.7
1234410 2544.3
1234420 2544.3
1234430 2544.9
1234440 2547.2
1234450 2552.2
1234460 2552.2
1234470 2558.6
1234480 2565.9
1234490 2565.9
1234500 2577.9
1234510 2590.8
1234520 2590.8
1234530 2601.1
1234540 2609.2
1234550 2609.2
1234560 2618.5
1234570 2633.6
1234580 2633.6
1234590 2647.9
1234600 2657.8
1234610 2657.8
1234620 2664.7
1234630 2676.5
1234640 2676.5
1234650 2684.8
1234660 2690.8
1234670 2694.9
1234680 2694.9
1234690 2697.3
1234700 2698.4
1234710 2698.4
1234720 2697.8
1234730 2697.3
1234740 2697.3
1234750 2695.6
1234760 2694.5
1234770 2694.5
1234780 2694.9
1234790 2694.9
1234800 2694.9
1234810 2695.9
1234820 2695.7
1234830 2695.7
1234840 2694.2
1234850 2696.4
1234860 2699.8
1234870 2699.8
1234880 2703.2
1234890 2706.9
1234900 2709.2
1234910 2713.4
1234920 2717.5
1234930 2717.5
1234940 2721.6
1234950 2725.4
1234960 2725.4
1234970 2728.9
1234980 2732.9
1234990 2732.9
1235000 2736.8
1235010 2740.5
1235020 2740.5
1235030 2744.2
1235040 2746.6
1235050 2746.6
1235060 2749.9
1235070 2753.5
1235080 2757.5
1235090 2757.5
1235100 2761.1
1235110 2764.9
1235120 2764.9
1235130 2769.8
1235140 2776.2
1235150 2776.2
1235160 2782.6
1235170 2788.2
1235180 2788.2
1235190 2794.2
1235200 2800.9
1235210 2800.9
1235220 2807.4
1235230 2814.6
1235240 2814.6
1235250 2822.5
1235260 2830.5
1235270 2830.5
1235280 2839.4
1235290 2847.8
1235300 2858.0
1235310 2858.0
1235320 2868.6
1235330 2878.9
1235340 2878.9
1235350 2889.4
1235360 2902.5
1235370 2902.5
1235380 2917.2
1235390 2933.6
1235400 2933.6
1235410 2940.7
1235420 2955.4
1235430 2955.4
1235440 2970.4
1235450 2978.3
1235460 2978.3
1235470 2976.7
1235480 2976.1
1235490 2976.1
1235500 2987.2
1235510 2998.5
1235520 3008.3
1235530 3008.3
1235540 3014.0
1235550 3020.8
1235560 3020.8
1235570 3029.1
1235580 3038.8
1235590 3038.8
1235600 3049.6
1235610 3056.5
1235620 3056.5
1235630 3066.2
1235640 3073.7
1235650 3073.7
1235660 3082.6
1235670 3095.7
1235680 3095.7
1235690 3104.2
1235700 3104.9
1235710 3104.9
1235720 3104.7
1235730 3109.5
1235740 3121.6
1235750 3121.6
1235760 3130.4
1235770 3138.2
1235780 3138.2
1235790 3146.6
1235800 3155.6
1235810 3155.6
1235820 3164.9
1235830 3174.9
1235840 3174.9
1235850 3179.0
1235860 3183.2
1235870 3183.2
1235880 3192.1
1235890 3202.1
1235900 3202.1
1235910 3209.6
1235920 3230.7
1235930 3230.7
1235940 3239.3
1235950 3250.2
1235960 3256.9
1235970 3256.9
1235980 3251.5
1235990 3244.0
1236000 3244.0
1236010 3239.6
1236020 3238.1
1236030 3238.1
1236040 3237.1
1236050 3235.4
1236060 3235.4
1236070 3233.5
1236080 3231.4
1236090 3231.4
1236100 3229.1
1236110 3226.6
1236120 3226.6
1236130 3224.0
1236140 3221.4
1236150 3221.4
1236160 3218.8
1236170 3216.0
1236180 3213.2
1236190 3213.2
1236200 3210.3
1236210 3207.5
1236220 3207.5
1236230 3204.7
1236240 3201.8
1236250 3201.8
1236260 3198.7
1236270 3195.6
1236280 3195.6
1236290 3192.3
1236300 3188.9
1236310 3188.9
1236320 3185.3
1236330 3181.7
1236340 3181.7
1236350 3178.2
1236360 3174.6
1236370 3171.2
1236380 3171.2
1236390 3168.1
1236400 3165.3
1236410 3165.3
1236420 3162.9
1236430 3161.1
1236440 3161.1
1236450 3159.4
1236460 3158.0
1236470 3158.0
1236480 3156.9
1236490 3155.8
1236500 3155.8
1236510 3154.8
1236520 3153.8
1236530 3153.8
1236540 3152.9
1236550 3151.8
1236560 3151.8
1236570 3150.7
1236580 3149.6
1236590 3148.3
1236600 3148.3
1236610 3147.0
1236620 3145.6
1236630 3145.6
1236640 3144.5
1236650 3143.4
1236660 3143.4
1236670 3142.4
1236680 3141.6
1236690 3141.6
1236700 3140.8
1236710 3140.1
1236720 3140.1
1236730 3139.5
1236740 3138.7
1236750 3138.7
1236760 3137.8
1236770 3137.0
1236780 3137.0
1236790 3136.0
1236800 3135.1
1236810 3134.0
1236820 3134.0
1236830 3132.8
1236840 3131.7
1236850 3131.7
1236860 3130.5
1236870 3129.3
1236880 3129.3
1236890 3128.1
1236900 3126.8
1236910 3126.8
1236920 3125.3
1236930 3123.9
1236940 3122.5
1236950 3121.0
1236960 3119.6
1236970 3119.6
1236980 3118.3
1236990 3117.1
1237000 3117.1
1237010 3116.1
1237020 3115.3
1237030 3114.6
1237040 3114.6
1237050 3114.1
1237060 3113.8
1237070 3113.8
1237080 3113.7
1237090 3113.7
1237100 3113.7
1237110 3113.8
1237120 3114.1
1237130 3114.1
1237140 3114.4
1237150 3114.7
1237160 3114.7
1237170 3115.2
1237180 3115.6
1237190 3115.6
1237200 3116.2
1237210 3116.9
1237220 3116.9
1237230 3117.8
1237240 3119.0
1237250 3120.5
1237260 3120.5
1237270 3122.0
1237280 3123.2
1237290 3123.2
1237300 3123.6
1237310 3123.1
1237320 3123.1
1237330 3120.1
1237340 3117.7
1237350 3117.7
1237360 3118.1
1237370 3132.0
1237380 3132.0
1237390 3147.9
1237400 3161.3
1237410 3161.3
1237420 3180.1
1237430 3194.1
1237440 3194.1
1237450 3195.9
1237460 3207.6
1237470 3220.8
1237480 3220.8
1237490 3234.3
1237500 3242.7
1237510 3242.7
1237520 3245.2
1237530 3235.9
1237540 3235.9
1237550 3224.9
1237560 3213.4
1237570 3213.4
1237580 3203.7
1237590 3200.2
1237600 3200.2
1237610 3198.1
1237620 3194.4
1237630 3194.4
1237640 3186.2
1237650 3175.2
1237660 3175.2
1237670 3164.7
1237680 3155.3
1237690 3153.6
1237700 3153.6
1237710 3157.3
1237720 3158.5
1237730 3158.5
1237740 3153.7
1237750 3145.5
1237760 3145.5
1237770 3140.3
1237780 3144.1
1237790 3144.1
1237800 3148.7
1237810 3145.5
1237820 3145.5
1237830 3143.1
1237840 3149.2
1237850 3149.2
1237860 3150.2
1237870 3150.0
1237880 3150.0
1237890 3144.0
1237900 3132.1
1237910 3120.2
1237920 3120.2
1237930 3120.1
1237940 3125.2
1237950 3125.2
1237960 3122.9
1237970 3103.8
1237980 3103.8
1237990 3092.9
1238000 3076.1
1238010 3076.1
1238020 3058.4
1238030 3057.9
1238040 3057.9
1238050 3055.7
1238060 3034.8
1238070 3034.8
1238080 3020.4
1238090 3005.2
1238100 3000.7
1238110 3000.7
1238120 2997.7
1238130 2993.3
1238140 2993.3
1238150 2988.1
1238160 2983.1
1238170 2983.1
1238180 2978.0
1238190 2973.1
1238200 2973.1
1238210 2968.5
1238220 2964.1
1238230 2964.1
1238240 2959.8
1238250 2955.7
1238260 2955.7
1238270 2951.5
1238280 2947.5
1238290 2947.5
1238300 2943.6
1238310 2939.6
1238320 2935.6
1238330 2935.6
1238340 2931.6
1238350 2927.5
1238360 2927.5
1238370 2923.5
1238380 2919.5
1238390 2919.5
1238400 2915.6
1238410 2911.7
1238420 2911.7
1238430 2907.8
1238440 2903.9
1238450 2903.9
1238460 2899.9
1238470 2895.9
1238480 2898.5
1238490 2894.3
1238500 2890.0
1238510 2890.0
1238520 2885.8
1238530 2881.8
1238540 2877.7
1238550 2877.7
1238560 2873.8
1238570 2869.9
1238580 2869.9
1238590 2866.0
1238600 2862.1
1238610 2862.1
1238620 2858.2
1238630 2854.3
1238640 2854.3
1238650 2850.4
1238660 2846.6
1238670 2846.6
1238680 2843.2
1238690 2840.1
1238700 2840.1
1238710 2837.2
1238720 2834.6
1238730 2834.6
1238740 2832.2
1238750 2829.8
1238760 2827.6
1238770 2827.6
1238780 2825.5
1238790 2823.4
1238800 2823.4
1238810 2821.1
1238820 2819.0
1238830 2819.0
1238840 2817.1
1238850 2815.2
1238860 2815.2
1238870 2814.1
1238880 2813.2
1238890 2813.2
1238900 2811.9
1238910 2810.3
1238920 2810.3
1238930 2808.3
1238940 2806.2
1238950 2806.2
1238960 2804.4
1238970 2803.0
1238980 2801.8
1238990 2801.8
1239000 2803.9
1239010 2802.5
1239020 2802.5
1239030 2801.1
1239040 2799.7
1239050 2799.7
1239060 2798.1
1239070 2796.4
1239080 2796.4
1239090 2794.7
1239100 2793.0
1239110 2793.0
1239120 2791.4
1239130 2789.6
1239140 2789.6
1239150 2788.0
1239160 2786.7
1239170 2786.7
1239180 2785.6
1239190 2784.7
1239200 2783.9
1239210 2783.9
1239220 2783.3
1239230 2783.1
1239240 2783.1
1239250 2783.1
1239260 2783.2
1239270 2783.2
1239280 2783.4
1239290 2783.5
1239300 2783.5
1239310 2783.5
1239320 2783.3
1239330 2783.3
1239340 2782.9
1239350 2782.5
1239360 2782.5
1239370 2781.9
1239380 2781.4
1239390 2781.4
1239400 2780.9
1239410 2780.5
1239420 2780.1
1239430 2780.1
1239440 2779.7
1239450 2779.2
1239460 2779.2
1239470 2778.6
1239480 2778.2
1239490 2778.2
1239500 2777.8
1239510 2779.8
1239520 2779.8
1239530 2779.8
1239540 2779.8
1239550 2779.8
1239560 2780.5
1239570 2782.0
1239580 2782.0
1239590 2782.2
1239600 2783.7
1239610 2786.2
1239620 2786.2
1239630 2789.2
1239640 2793.6
1239650 2793.6
1239660 2798.4
1239670 2803.7
1239680 2803.7
1239690 2810.0
1239700 2816.5
1239710 2816.5
1239720 2823.2
1239730 2829.6
1239740 2829.6
1239750 2835.4
1239760 2841.2
1239770 2841.2
1239780 2846.6
1239790 2851.3
1239800 2851.3
1239810 2858.1
1239820 2865.6
1239830 2872.4
1239840 2872.4
1239850 2878.7
1239860 2884.9
1239870 2884.9
1239880 2890.5
1239890 2896.3
1239900 2896.3
1239910 2902.7
1239920 2910.5
1239930 2910.5
1239940 2915.5
1239950 2919.9
1239960 2919.9
1239970 2934.1
1239980 2949.0
1239990 2949.0
