1220000 1183.3
1220010 1183.3
1220020 1183.2
1220030 1182.8
1220040 1182.8
1220050 1183.6
1220060 1183.2
1220070 1182.9
1220080 1182.9
1220090 1182.7
1220100 1182.6
1220110 1182.6
1220120 1182.5
1220130 1182.5
1220140 1182.5
1220150 1182.5
1220160 1182.6
1220170 1182.6
1220180 1182.8
1220190 1182.9
1220200 1182.9
1220210 1182.6
1220220 1182.5
1220230 1182.5
1220240 1182.3
1220250 1182.3
1220260 1182.3
1220270 1182.0
1220280 1181.8
1220290 1181.8
1220300 1181.8
1220310 1181.8
1220320 1182.0
1220330 1182.0
1220340 1182.2
1220350 1182.5
1220360 1182.5
1220370 1182.6
1220380 1182.6
1220390 1182.6
1220400 1182.6
1220410 1182.8
1220420 1182.8
1220430 1183.1
1220440 1183.9
1220450 1183.9
1220460 1184.4
1220470 1183.2
1220480 1183.2
1220490 1182.4
1220500 1182.4
1220510 1183.5
1220520 1183.5
1220530 1184.8
1220540 1184.4
1220550 1184.4
1220560 1183.8
1220570 1183.5
1220580 1183.5
1220590 1183.5
1220600 1183.6
1220610 1183.6
1220620 1183.7
1220630 1183.9
1220640 1183.9
1220650 1184.0
1220660 1184.2
1220670 1184.2
1220680 1184.4
1220690 1184.4
1220700 1184.4
1220710 1184.6
1220720 1184.7
1220730 1184.8
1220740 1184.8
1220750 1184.9
1220760 1184.9
1220770 1184.9
1220780 1185.0
1220790 1184.9
1220800 1184.9
1220810 1185.1
1220820 1185.3
1220830 1185.3
1220840 1185.5
1220850 1186.3
1220860 1186.3
1220870 1186.4
1220880 1185.8
1220890 1185.8
1220900 1185.8
1220910 1185.8
1220920 1185.8
1220930 1185.7
1220940 1185.8
1220950 1186.2
1220960 1186.2
1220970 1186.7
1220980 1186.8
1220990 1186.8
1221000 1186.7
1221010 1186.7
1221020 1186.7
1221030 1187.0
1221040 1187.6
1221050 1187.6
1221060 1187.9
1221070 1187.9
1221080 1187.9
1221090 1187.9
1221100 1187.7
1221110 1187.7
1221120 1188.5
1221130 1193.4
1221140 1193.4
1221150 1200.8
1221160 1208.3
1221170 1219.3
1221180 1219.3
1221190 1229.8
1221200 1236.2
1221210 1236.2
1221220 1248.5
1221230 1262.7
1221240 1262.7
1221250 1268.7
1221260 1274.5
1221270 1274.5
1221280 1279.0
1221290 1281.1
1221300 1281.1
1221310 1281.2
1221320 1282.0
1221330 1282.0
1221340 1283.2
1221350 1283.0
1221360 1283.0
1221370 1283.9
1221380 1286.9
1221390 1288.5
1221400 1288.5
1221410 1290.4
1221420 1293.6
1221430 1293.6
1221440 1296.9
1221450 1300.5
1221460 1300.5
1221470 1303.4
1221480 1304.7
1221490 1304.7
1221500 1306.5
1221510 1311.9
1221520 1311.9
1221530 1318.6
1221540 1322.9
1221550 1322.9
1221560 1324.8
1221570 1331.6
1221580 1331.6
1221590 1338.8
1221600 1346.6
1221610 1354.6
1221620 1354.6
1221630 1362.1
1221640 1370.2
1221650 1370.2
1221660 1378.6
1221670 1386.7
1221680 1386.7
1221690 1395.1
1221700 1403.6
1221710 1403.6
1221720 1412.4
1221730 1420.8
1221740 1420.8
1221750 1429.8
1221760 1445.4
1221770 1445.4
1221780 1469.9
1221790 1490.7
1221800 1490.7
1221810 1527.0
1221820 1552.2
1221830 1565.7
1221840 1565.7
1221850 1581.7
1221860 1593.7
1221870 1593.7
1221880 1600.6
1221890 1605.6
1221900 1605.6
1221910 1611.9
1221920 1622.0
1221930 1622.0
1221940 1639.1
1221950 1646.0
1221960 1646.0
1221970 1646.5
1221980 1661.5
1221990 1661.5
1222000 1671.7
1222010 1680.2
1222020 1698.2
1222030 1698.2
1222040 1734.6
1222050 1762.8
1222060 1762.8
1222070 1782.7
1222080 1790.5
1222090 1790.5
1222100 1795.5
1222110 1798.3
1222120 1798.3
1222130 1802.0
1222140 1802.8
1222150 1802.8
1222160 1806.5
1222170 1811.7
1222180 1811.7
1222190 1816.6
1222200 1818.0
1222210 1818.0
1222220 1818.3
1222230 1820.9
1222240 1825.8
1222250 1825.8
1222260 1831.0
1222270 1836.1
1222280 1836.1
1222290 1838.8
1222300 1840.1
1222310 1840.1
1222320 1841.5
1222330 1842.7
1222340 1842.7
1222350 1843.0
1222360 1842.6
1222370 1842.6
1222380 1842.1
1222390 1841.0
1222400 1841.0
1222410 1839.2
1222420 1838.0
1222430 1838.0
1222440 1837.7
1222450 1838.2
1222460 1839.3
1222470 1839.3
1222480 1841.1
1222490 1843.1
1222500 1843.1
1222510 1844.4
1222520 1845.5
1222530 1845.5
1222540 1847.0
1222550 1847.9
1222560 1847.9
1222570 1848.8
1222580 1850.9
1222590 1850.9
1222600 1852.7
1222610 1854.1
1222620 1849.6
1222630 1851.8
1222640 1854.5
1222650 1854.5
1222660 1857.1
1222670 1859.5
1222680 1861.9
1222690 1861.9
1222700 1864.7
1222710 1867.4
1222720 1867.4
1222730 1869.6
1222740 1871.5
1222750 1871.5
1222760 1872.5
1222770 1873.2
1222780 1873.2
1222790 1875.0
1222800 1876.5
1222810 1876.5
1222820 1876.7
1222830 1876.9
1222840 1876.9
1222850 1878.0
1222860 1879.8
1222870 1879.8
1222880 1880.4
1222890 1881.9
1222900 1885.6
1222910 1885.6
1222920 1888.2
1222930 1892.2
1222940 1892.2
1222950 1898.5
1222960 1904.5
1222970 1904.5
1222980 1909.9
1222990 1915.5
1223000 1915.5
1223010 1921.9
1223020 1928.3
1223030 1928.3
1223040 1933.2
1223050 1937.2
1223060 1937.2
1223070 1942.3
1223080 1947.6
1223090 1947.6
1223100 1947.7
1223110 1954.6
1223120 1961.7
1223130 1961.7
1223140 1967.6
1223150 1973.0
1223160 1973.0
1223170 1978.5
1223180 1985.2
1223190 1985.2
1223200 1991.6
1223210 1997.8
1223220 1997.8
1223230 2005.6
1223240 2017.6
1223250 2017.6
1223260 2031.7
1223270 2043.4
1223280 2043.4
1223290 2053.8
1223300 2062.1
1223310 2062.1
1223320 2071.0
1223330 2079.6
1223340 2088.9
1223350 2088.9
1223360 2097.3
1223370 2105.8
1223380 2105.8
1223390 2111.7
1223400 2117.5
1223410 2117.5
1223420 2125.2
1223430 2135.8
1223440 2135.8
1223450 2146.7
1223460 2153.4
1223470 2153.4
1223480 2160.5
1223490 2168.9
1223500 2168.9
1223510 2178.1
1223520 2185.0
1223530 2185.0
1223540 2191.6
1223550 2198.3
1223560 2203.7
1223570 2203.7
1223580 2209.1
1223590 2209.5
1223600 2209.5
1223610 2214.7
1223620 2223.4
1223630 2223.4
1223640 2234.1
1223650 2240.1
1223660 2240.1
1223670 2247.0
1223680 2253.6
1223690 2253.6
1223700 2258.9
1223710 2264.6
1223720 2264.6
1223730 2270.0
1223740 2275.3
1223750 2280.6
1223760 2280.6
1223770 2285.4
1223780 2290.5
1223790 2290.5
1223800 2295.8
1223810 2300.4
1223820 2300.4
1223830 2305.6
1223840 2313.4
1223850 2313.4
1223860 2323.7
1223870 2330.5
1223880 2330.5
1223890 2333.8
1223900 2337.7
1223910 2337.7
1223920 2342.8
1223930 2348.9
1223940 2348.9
1223950 2355.2
1223960 2361.8
1223970 2368.6
1223980 2368.6
1223990 2374.8
1224000 2379.8
1224010 2379.8
1224020 2386.8
1224030 2395.6
1224040 2395.6
1224050 2406.2
1224060 2418.6
1224070 2413.9
1224080 2422.9
1224090 2430.0
1224100 2430.0
1224110 2436.9
1224120 2443.4
1224130 2443.4
1224140 2450.6
1224150 2457.1
1224160 2457.1
1224170 2466.1
1224180 2478.7
1224190 2487.6
1224200 2487.6
1224210 2493.5
1224220 2500.6
1224230 2500.6
1224240 2508.7
1224250 2518.3
1224260 2518.3
1224270 2528.6
1224280 2537.9
1224290 2537.9
1224300 2543.0
1224310 2547.8
1224320 2547.8
1224330 2550.3
1224340 2551.1
1224350 2551.1
1224360 2551.5
1224370 2550.6
1224380 2550.6
1224390 2554.0
1224400 2564.6
1224410 2571.3
1224420 2571.3
1224430 2576.1
1224440 2581.1
1224450 2581.1
1224460 2584.2
1224470 2587.5
1224480 2587.5
1224490 2594.2
1224500 2599.8
1224510 2599.8
1224520 2606.7
1224530 2614.1
1224540 2614.1
1224550 2618.8
1224560 2612.7
1224570 2612.7
1224580 2616.2
1224590 2622.5
1224600 2622.5
1224610 2629.2
1224620 2636.1
1224630 2643.7
1224640 2643.7
1224650 2650.5
1224660 2657.4
1224670 2657.4
1224680 2661.8
1224690 2665.3
1224700 2665.3
1224710 2671.4
1224720 2678.0
1224730 2678.0
1224740 2685.1
1224750 2691.6
1224760 2691.6
1224770 2699.3
1224780 2703.2
1224790 2703.2
1224800 2709.9
1224810 2720.9
1224820 2720.9
1224830 2732.1
1224840 2744.3
1224850 2755.3
1224860 2755.3
1224870 2769.6
1224880 2785.1
1224890 2785.1
1224900 2798.5
1224910 2808.4
1224920 2808.4
1224930 2826.7
1224940 2852.3
1224950 2852.3
1224960 2866.0
1224970 2867.0
1224980 2867.0
1224990 2865.3
1225000 2870.8
1225010 2870.8
1225020 2889.7
1225030 2903.0
1225040 2894.0
1225050 2902.9
1225060 2902.7
1225070 2889.5
1225080 2889.5
1225090 2878.5
1225100 2871.6
1225110 2871.6
1225120 2864.8
1225130 2853.2
1225140 2853.2
1225150 2842.4
1225160 2832.6
1225170 2832.6
1225180 2821.9
1225190 2811.2
1225200 2811.2
1225210 2801.0
1225220 2796.6
1225230 2796.6
1225240 2783.9
1225250 2774.0
1225260 2773.8
1225270 2773.8
1225280 2760.3
1225290 2749.0
1225300 2749.0
1225310 2744.3
1225320 2739.5
1225330 2739.5
1225340 2735.3
1225350 2731.8
1225360 2731.8
1225370 2728.0
1225380 2727.0
1225390 2727.0
1225400 2725.7
1225410 2722.8
1225420 2722.8
1225430 2716.4
1225440 2705.8
1225450 2705.8
1225460 2697.1
1225470 2691.0
1225480 2688.1
1225490 2688.1
1225500 2681.9
1225510 2667.0
1225520 2667.0
1225530 2671.1
1225540 2660.6
1225550 2660.6
1225560 2656.2
1225570 2652.1
1225580 2652.1
1225590 2646.6
1225600 2640.0
1225610 2640.0
1225620 2635.5
1225630 2633.9
1225640 2633.9
1225650 2635.0
1225660 2634.7
1225670 2634.7
1225680 2631.4
1225690 2627.4
1225700 2624.5
1225710 2624.5
1225720 2623.5
1225730 2624.1
1225740 2624.1
1225750 2625.9
1225760 2628.4
1225770 2628.4
1225780 2628.3
1225790 2626.2
1225800 2626.2
1225810 2625.2
1225820 2627.8
1225830 2627.8
1225840 2638.0
1225850 2650.4
1225860 2650.4
1225870 2652.5
1225880 2662.1
1225890 2662.1
1225900 2675.4
1225910 2687.1
1225920 2693.6
1225930 2693.6
1225940 2694.2
1225950 2694.1
1225960 2694.1
1225970 2693.8
1225980 2692.9
1225990 2692.9
1226000 2691.7
1226010 2692.4
1226020 2711.9
1226030 2721.3
1226040 2725.1
1226050 2725.1
1226060 2726.7
1226070 2727.3
1226080 2727.3
1226090 2730.0
1226100 2734.5
1226110 2734.5
1226120 2732.3
1226130 2725.3
1226140 2713.9
1226150 2713.9
1226160 2702.7
1226170 2687.0
1226180 2687.0
1226190 2671.2
1226200 2658.4
1226210 2658.4
1226220 2645.0
1226230 2637.6
1226240 2637.6
1226250 2631.5
1226260 2619.2
1226270 2619.2
1226280 2603.5
1226290 2589.7
1226300 2589.7
1226310 2578.0
1226320 2569.5
1226330 2569.5
1226340 2562.3
1226350 2554.9
1226360 2547.5
1226370 2547.5
1226380 2540.0
1226390 2532.2
1226400 2532.2
1226410 2524.8
1226420 2517.6
1226430 2517.6
1226440 2510.4
1226450 2503.4
1226460 2503.4
1226470 2496.5
1226480 2489.7
1226490 2489.7
1226500 2483.3
1226510 2476.4
1226520 2476.4
1226530 2470.3
1226540 2464.5
1226550 2464.5
1226560 2459.0
1226570 2453.8
1226580 2449.9
1226590 2449.9
1226600 2447.7
1226610 2448.0
1226620 2448.0
1226630 2445.2
1226640 2443.3
1226650 2443.3
1226660 2441.8
1226670 2441.4
1226680 2441.4
1226690 2444.5
1226700 2446.0
1226710 2446.0
1226720 2448.4
1226730 2453.1
1226740 2453.1
1226750 2465.7
1226760 2481.9
1226770 2481.9
1226780 2495.5
1226790 2505.5
1226800 2507.3
1226810 2507.3
1226820 2507.7
1226830 2506.5
1226840 2506.5
1226850 2504.4
1226860 2502.2
1226870 2502.2
1226880 2501.8
1226890 2498.9
1226900 2498.9
1226910 2494.7
1226920 2490.4
1226930 2490.4
1226940 2486.9
1226950 2483.9
1226960 2483.9
1226970 2481.9
1226980 2482.2
1226990 2484.5
1227000 2492.0
1227010 2507.4
1227020 2522.2
1227030 2522.2
1227040 2544.1
1227050 2557.9
1227060 2557.9
1227070 2561.9
1227080 2564.9
1227090 2564.9
1227100 2568.8
1227110 2577.1
1227120 2577.1
1227130 2585.9
1227140 2591.8
1227150 2591.8
1227160 2595.8
1227170 2599.1
1227180 2599.1
1227190 2599.8
1227200 2605.8
1227210 2613.0
1227220 2613.0
1227230 2618.6
1227240 2622.7
1227250 2622.7
1227260 2623.3
1227270 2613.6
1227280 2613.6
1227290 2606.9
1227300 2606.1
1227310 2606.1
1227320 2631.8
1227330 2638.0
1227340 2638.0
1227350 2635.6
1227360 2618.7
1227370 2618.7
1227380 2605.8
1227390 2602.5
1227400 2602.5
1227410 2601.9
1227420 2600.4
1227430 2596.6
1227440 2596.6
1227450 2593.2
1227460 2590.9
1227470 2590.9
1227480 2593.9
1227490 2593.9
1227500 2605.5
1227510 2608.6
1227520 2604.7
1227530 2604.7
1227540 2591.1
1227550 2582.8
1227560 2582.8
1227570 2576.5
1227580 2557.4
1227590 2557.4
1227600 2540.7
1227610 2522.8
1227620 2522.8
1227630 2509.7
1227640 2500.7
1227650 2492.8
1227660 2492.8
1227670 2486.2
1227680 2482.7
1227690 2482.7
1227700 2481.3
1227710 2477.2
1227720 2477.2
1227730 2463.4
1227740 2448.9
1227750 2448.9
1227760 2433.2
1227770 2422.9
1227780 2422.9
1227790 2414.2
1227800 2404.6
1227810 2404.6
1227820 2397.7
1227830 2390.9
1227840 2390.9
1227850 2384.4
1227860 2377.6
1227870 2371.1
1227880 2371.1
1227890 2365.2
1227900 2358.9
1227910 2358.9
1227920 2352.3
1227930 2346.4
1227940 2346.4
1227950 2341.3
1227960 2336.7
1227970 2336.7
1227980 2335.3
1227990 2344.5
1228000 2344.5
1228010 2346.1
1228020 2346.7
1228030 2346.7
1228040 2346.6
1228050 2345.5
1228060 2345.5
1228070 2344.5
1228080 2343.8
1228090 2343.3
1228100 2343.3
1228110 2342.6
1228120 2342.2
1228130 2342.2
1228140 2342.4
1228150 2341.7
1228160 2341.7
1228170 2339.9
1228180 2338.5
1228190 2338.5
1228200 2337.6
1228210 2334.8
1228220 2334.8
1228230 2327.8
1228240 2320.7
1228250 2320.7
1228260 2320.3
1228270 2322.0
1228280 2322.0
1228290 2323.0
1228300 2325.6
1228310 2329.3
1228320 2329.3
1228330 2334.6
1228340 2340.1
1228350 2340.1
1228360 2341.7
1228370 2339.0
1228380 2339.0
1228390 2336.1
1228400 2333.3
1228410 2333.3
1228420 2335.8
1228430 2337.6
1228440 2337.6
1228450 2338.4
1228460 2338.4
1228470 2338.4
1228480 2336.8
1228490 2338.0
1228500 2338.0
1228510 2337.6
1228520 2338.1
1228530 2339.0
1228540 2339.0
1228550 2339.8
1228560 2340.4
1228570 2340.4
1228580 2341.0
1228590 2339.9
1228600 2339.9
1228610 2341.6
1228620 2340.8
1228630 2340.8
1228640 2338.6
1228650 2337.9
1228660 2337.9
1228670 2338.5
1228680 2340.5
1228690 2340.5
1228700 2343.9
1228710 2346.4
1228720 2347.9
1228730 2347.9
1228740 2349.5
1228750 2351.9
1228760 2351.9
1228770 2355.2
1228780 2358.5
1228790 2358.5
1228800 2362.3
1228810 2368.6
1228820 2368.6
1228830 2376.5
1228840 2386.2
1228850 2386.2
1228860 2395.4
1228870 2399.6
1228880 2399.6
1228890 2404.4
1228900 2405.6
1228910 2405.6
1228920 2394.7
1228930 2392.8
1228940 2402.9
1228950 2402.9
1228960 2396.4
1228970 2384.3
1228980 2389.2
1228990 2382.7
1229000 2397.7
1229010 2397.7
1229020 2425.0
1229030 2434.0
1229040 2434.0
1229050 2428.4
1229060 2417.8
1229070 2417.8
1229080 2405.1
1229090 2396.5
1229100 2396.5
1229110 2392.1
1229120 2401.4
1229130 2401.4
1229140 2424.2
1229150 2443.1
1229160 2438.8
1229170 2438.8
1229180 2430.6
1229190 2422.9
1229200 2422.9
1229210 2417.0
1229220 2410.4
1229230 2410.4
1229240 2402.4
1229250 2394.4
1229260 2394.4
1229270 2386.0
1229280 2376.9
1229290 2376.9
1229300 2368.2
1229310 2360.9
1229320 2360.9
1229330 2354.8
1229340 2349.1
1229350 2349.1
1229360 2343.3
1229370 2338.8
1229380 2337.8
1229390 2337.8
1229400 2330.4
1229410 2321.3
1229420 2321.3
1229430 2315.7
1229440 2310.7
1229450 2310.7
1229460 2305.9
1229470 2302.1
1229480 2304.6
1229490 2301.0
1229500 2298.3
1229510 2298.3
1229520 2293.9
1229530 2289.5
1229540 2289.5
1229550 2286.6
1229560 2284.3
1229570 2284.3
1229580 2283.4
1229590 2283.8
1229600 2284.6
1229610 2284.6
1229620 2283.8
1229630 2282.1
1229640 2282.1
1229650 2279.9
1229660 2277.3
1229670 2277.3
1229680 2273.6
1229690 2270.2
1229700 2270.2
1229710 2268.2
1229720 2266.6
1229730 2266.6
1229740 2263.8
1229750 2260.7
1229760 2260.7
1229770 2258.5
1229780 2255.3
1229790 2255.3
1229800 2249.0
1229810 2242.4
1229820 2236.6
1229830 2236.6
1229840 2228.6
1229850 2220.3
1229860 2220.3
1229870 2212.5
1229880 2204.6
1229890 2204.6
1229900 2197.9
1229910 2190.7
1229920 2190.7
1229930 2183.8
1229940 2178.6
1229950 2178.6
1229960 2174.4
1229970 2170.8
1229980 2173.9
1229990 2169.5
1230000 2166.4
1230010 2166.4
1230020 2166.3
1230030 2165.7
1230040 2160.9
1230050 2160.9
1230060 2153.2
1230070 2144.9
1230080 2144.9
1230090 2137.4
1230100 2131.3
1230110 2131.3
1230120 2128.7
1230130 2125.9
1230140 2125.9
1230150 2123.0
1230160 2120.1
1230170 2120.1
1230180 2116.5
1230190 2112.9
1230200 2112.9
1230210 2107.9
1230220 2102.9
1230230 2102.9
1230240 2100.6
1230250 2099.1
1230260 2098.1
1230270 2098.1
1230280 2096.6
1230290 2095.4
1230300 2095.4
1230310 2093.9
1230320 2093.1
1230330 2093.1
1230340 2092.0
1230350 2091.1
1230360 2091.1
1230370 2089.1
1230380 2083.0
1230390 2083.0
1230400 2075.9
1230410 2068.9
1230420 2068.9
1230430 2062.8
1230440 2057.2
1230450 2052.3
1230460 2052.3
1230470 2057.9
1230480 2056.3
1230490 2056.3
1230500 2050.0
1230510 2041.4
1230520 2041.4
1230530 2031.8
1230540 2021.3
1230550 2021.3
1230560 2011.7
1230570 2010.5
1230580 2010.5
1230590 2007.8
1230600 2001.5
1230610 2001.5
1230620 1999.9
1230630 1999.2
1230640 1999.2
1230650 1994.0
1230660 1984.7
1230670 1979.3
1230680 1979.3
1230690 1977.7
1230700 1974.0
1230710 1974.0
1230720 1968.8
1230730 1962.8
1230740 1962.8
1230750 1957.0
1230760 1954.0
1230770 1954.0
1230780 1950.3
1230790 1945.9
1230800 1945.9
1230810 1942.7
1230820 1942.3
1230830 1942.3
1230840 1941.6
1230850 1942.1
1230860 1942.1
1230870 1943.7
1230880 1945.6
1230890 1948.3
1230900 1948.3
1230910 1950.8
1230920 1953.3
1230930 1953.3
1230940 1955.5
1230950 1957.7
1230960 1957.7
1230970 1963.8
1230980 1965.7
1230990 1965.7
1231000 1966.5
1231010 1967.9
1231020 1967.9
1231030 1968.6
1231040 1968.1
1231050 1968.1
1231060 1967.0
1231070 1966.1
1231080 1966.1
1231090 1964.5
1231100 1962.9
1231110 1961.1
1231120 1961.1
1231130 1959.1
1231140 1957.3
1231150 1957.3
1231160 1955.4
1231170 1953.4
1231180 1953.4
1231190 1951.8
1231200 1950.6
1231210 1950.6
1231220 1949.4
1231230 1948.0
1231240 1948.0
1231250 1948.0
1231260 1947.6
1231270 1947.6
1231280 1947.3
1231290 1946.5
1231300 1946.5
1231310 1947.2
1231320 1948.5
1231330 1949.8
1231340 1949.8
1231350 1950.5
1231360 1951.2
1231370 1951.2
1231380 1951.9
1231390 1953.2
1231400 1953.2
1231410 1953.8
1231420 1953.4
1231430 1953.4
1231440 1954.0
1231450 1954.8
1231460 1954.8
1231470 1956.4
1231480 1957.4
1231490 1957.4
1231500 1958.5
1231510 1959.6
1231520 1959.6
1231530 1960.5
1231540 1961.2
1231550 1962.4
1231560 1962.4
1231570 1965.1
1231580 1966.8
1231590 1966.8
1231600 1968.3
1231610 1970.3
1231620 1970.3
1231630 1972.1
1231640 1973.5
1231650 1973.5
1231660 1975.3
1231670 1976.7
1231680 1976.7
1231690 1978.1
1231700 1980.5
1231710 1980.5
1231720 1983.5
1231730 1985.8
1231740 1985.8
1231750 1988.1
1231760 1991.7
1231770 1995.4
1231780 1995.4
1231790 1999.4
1231800 2003.5
1231810 2003.5
1231820 2006.3
1231830 2008.3
1231840 2008.3
1231850 2011.1
1231860 2012.9
1231870 2012.9
1231880 2015.0
1231890 2018.4
1231900 2018.4
1231910 2022.9
1231920 2027.7
1231930 2027.7
1231940 2030.3
1231950 2032.1
1231960 2032.1
1231970 2030.2
1231980 2032.5
1231990 2034.5
1232000 2034.5
1232010 2036.9
1232020 2039.7
1232030 2039.7
1232040 2039.7
1232050 2041.1
1232060 2041.1
1232070 2042.1
1232080 2043.3
1232090 2043.3
1232100 2044.7
1232110 2043.2
1232120 2043.2
1232130 2040.3
1232140 2040.5
1232150 2040.5
1232160 2041.7
1232170 2043.4
1232180 2045.2
1232190 2045.2
1232200 2046.8
1232210 2048.7
1232220 2048.7
1232230 2050.9
1232240 2053.2
1232250 2053.2
1232260 2055.5
1232270 2058.2
1232280 2058.2
1232290 2059.9
1232300 2058.6
1232310 2058.6
1232320 2057.0
1232330 2056.5
1232340 2056.5
1232350 2057.3
1232360 2059.1
1232370 2059.1
1232380 2060.7
1232390 2062.6
1232400 2064.8
1232410 2064.8
1232420 2069.0
1232430 2073.2
1232440 2073.2
1232450 2077.4
1232460 2081.4
1232470 2081.4
1232480 2082.4
1232490 2085.5
1232500 2085.5
1232510 2087.9
1232520 2089.9
1232530 2089.9
1232540 2090.5
1232550 2091.6
1232560 2091.6
1232570 2093.4
1232580 2096.4
1232590 2096.4
1232600 2100.1
1232610 2103.8
1232620 2109.9
1232630 2109.9
1232640 2112.6
1232650 2113.5
1232660 2113.5
1232670 2113.9
1232680 2114.3
1232690 2114.3
1232700 2115.5
1232710 2117.3
1232720 2117.3
1232730 2119.1
1232740 2121.5
1232750 2121.5
1232760 2125.0
1232770 2130.5
1232780 2130.5
1232790 2138.0
1232800 2144.2
1232810 2144.2
1232820 2150.4
1232830 2155.8
1232840 2160.8
1232850 2160.8
1232860 2166.4
1232870 2174.5
1232880 2174.5
1232890 2184.8
1232900 2192.6
1232910 2192.6
1232920 2198.6
1232930 2204.4
1232940 2204.4
1232950 2209.0
1232960 2213.1
1232970 2213.1
1232980 2219.8
1232990 2228.7
1233000 2228.7
1233010 2236.7
1233020 2244.3
1233030 2244.3
1233040 2251.8
1233050 2260.2
1233060 2271.3
1233070 2271.3
1233080 2283.5
1233090 2289.0
1233100 2289.0
1233110 2296.6
1233120 2306.5
1233130 2306.5
1233140 2315.4
1233150 2323.7
1233160 2323.7
1233170 2331.2
1233180 2338.7
1233190 2338.7
1233200 2345.2
1233210 2350.8
1233220 2350.8
1233230 2355.7
1233240 2360.1
1233250 2360.1
1233260 2364.3
1233270 2368.6
1233280 2373.2
1233290 2373.2
1233300 2377.6
1233310 2381.4
1233320 2381.4
1233330 2385.0
1233340 2388.7
1233350 2388.7
1233360 2392.5
1233370 2399.7
1233380 2399.7
1233390 2408.9
1233400 2415.3
1233410 2415.3
1233420 2420.4
1233430 2425.3
1233440 2425.3
1233450 2428.8
1233460 2432.2
1233470 2432.2
1233480 2429.3
1233490 2430.5
1233500 2433.8
1233510 2433.8
1233520 2437.6
1233530 2441.6
1233540 2441.6
1233550 2445.4
1233560 2449.3
1233570 2449.3
1233580 2453.1
1233590 2455.5
1233600 2455.5
1233610 2460.1
1233620 2464.4
1233630 2464.4
1233640 2469.1
1233650 2473.9
1233660 2473.9
1233670 2477.4
1233680 2480.5
1233690 2482.2
1233700 2482.2
1233710 2481.9
1233720 2480.2
1233730 2480.2
1233740 2476.3
1233750 2470.6
1233760 2470.6
1233770 2465.5
1233780 2460.8
1233790 2460.8
1233800 2454.9
1233810 2449.1
1233820 2449.1
1233830 2444.9
1233840 2445.2
1233850 2445.2
1233860 2446.8
1233870 2443.6
1233880 2443.6
1233890 2440.6
1233900 2438.6
1233910 2437.1
1233920 2437.1
1233930 2436.5
1233940 2436.8
1233950 2436.8
1233960 2437.8
1233970 2439.3
1233980 2439.3
1233990 2440.5
1234000 2442.9
1234010 2442.9
1234020 2445.2
1234030 2447.4
1234040 2447.4
1234050 2449.8
1234060 2452.3
1234070 2452.3
1234080 2455.1
1234090 2458.0
1234100 2458.0
1234110 2461.4
1234120 2465.3
1234130 2469.3
1234140 2469.3
1234150 2473.7
1234160 2477.9
1234170 2477.9
1234180 2482.1
1234190 2486.5
1234200 2486.5
1234210 2491.0
1234220 2495.6
1234230 2495.6
1234240 2500.5
1234250 2505.2
1234260 2505.2
1234270 2509.7
1234280 2514.6
1234290 2514.6
1234300 2519.3
1234310 2523.4
1234320 2523.4
1234330 2528.3
1234340 2533.4
1234350 2538.8
1234360 2538.8
1234370 2544.4
1234380 2550.3
1234390 2550.3
1234400 2556.2
1234410 2562.0
1234420 2562.0
1234430 2567.9
1234440 2573.9
1234450 2573.9
1234460 2579.9
1234470 2586.0
1234480 2586.0
1234490 2592.0
1234500 2600.0
1234510 2600.0
1234520 2606.1
1234530 2612.4
1234540 2612.4
1234550 2618.6
1234560 2625.0
1234570 2631.5
1234580 2631.5
1234590 2638.2
1234600 2646.9
1234610 2646.9
1234620 2656.9
1234630 2666.7
1234640 2666.7
1234650 2674.7
1234660 2684.3
1234670 2684.3
1234680 2691.5
1234690 2698.3
1234700 2698.3
1234710 2708.6
1234720 2718.7
1234730 2718.7
1234740 2726.2
1234750 2734.3
1234760 2734.3
1234770 2740.7
1234780 2738.3
1234790 2733.7
1234800 2733.7
1234810 2729.4
1234820 2724.9
1234830 2724.9
1234840 2721.1
1234850 2720.6
1234860 2720.6
1234870 2722.9
1234880 2723.7
1234890 2723.7
1234900 2724.8
1234910 2728.9
1234920 2728.9
1234930 2733.4
1234940 2736.0
1234950 2736.0
1234960 2738.9
1234970 2742.6
1234980 2742.6
1234990 2747.0
1235000 2755.6
1235010 2761.5
1235020 2761.5
1235030 2767.8
1235040 2773.9
1235050 2773.9
1235060 2779.9
1235070 2785.7
1235080 2785.7
1235090 2791.6
1235100 2797.6
1235110 2797.6
1235120 2803.5
1235130 2809.1
1235140 2809.1
1235150 2814.4
1235160 2819.3
1235170 2819.3
1235180 2823.4
1235190 2825.4
1235200 2825.4
1235210 2829.9
1235220 2845.8
1235230 2859.8
1235240 2859.8
1235250 2876.9
1235260 2886.2
1235270 2886.2
1235280 2889.4
1235290 2895.1
1235300 2895.1
1235310 2906.6
1235320 2921.7
1235330 2921.7
1235340 2936.3
1235350 2946.5
1235360 2946.5
1235370 2954.6
1235380 2961.6
1235390 2961.6
1235400 2971.7
1235410 2982.4
1235420 2994.2
1235430 2994.2
1235440 3006.7
1235450 3016.3
1235460 3016.3
1235470 3027.8
1235480 3038.9
1235490 3038.9
1235500 3048.0
1235510 3044.5
1235520 3044.5
1235530 3057.7
1235540 3066.2
1235550 3066.2
1235560 3073.3
1235570 3080.1
1235580 3080.1
1235590 3088.1
1235600 3097.0
1235610 3097.0
1235620 3104.8
1235630 3109.9
1235640 3113.9
1235650 3113.9
1235660 3119.3
1235670 3128.4
1235680 3128.4
1235690 3137.4
1235700 3146.6
1235710 3146.6
1235720 3156.7
1235730 3168.0
1235740 3168.0
1235750 3179.3
1235760 3189.6
1235770 3189.6
1235780 3203.7
1235790 3218.2
1235800 3218.2
1235810 3232.1
1235820 3245.3
1235830 3245.3
1235840 3258.4
1235850 3272.1
1235860 3285.2
1235870 3285.2
1235880 3291.3
1235890 3295.5
1235900 3295.5
1235910 3294.6
1235920 3287.2
1235930 3287.2
1235940 3280.5
1235950 3273.2
1235960 3273.2
1235970 3265.0
1235980 3257.8
1235990 3257.8
1236000 3251.8
1236010 3246.3
1236020 3247.0
1236030 3241.9
1236040 3237.4
1236050 3237.4
1236060 3233.3
1236070 3229.7
1236080 3226.7
1236090 3226.7
1236100 3222.8
1236110 3220.4
1236120 3220.4
1236130 3217.0
1236140 3213.5
1236150 3213.5
1236160 3210.3
1236170 3207.0
1236180 3207.0
1236190 3203.9
1236200 3201.0
1236210 3201.0
1236220 3198.1
1236230 3195.4
1236240 3195.4
1236250 3192.5
1236260 3189.8
1236270 3189.8
1236280 3187.1
1236290 3184.5
1236300 3182.0
1236310 3182.0
1236320 3179.5
1236330 3177.2
1236340 3177.2
1236350 3174.9
1236360 3172.5
1236370 3172.5
1236380 3170.2
1236390 3168.1
1236400 3168.1
1236410 3166.0
1236420 3164.2
1236430 3164.2
1236440 3162.4
1236450 3160.8
1236460 3160.8
1236470 3159.2
1236480 3157.8
1236490 3157.8
1236500 3156.3
1236510 3154.8
1236520 3153.3
1236530 3152.4
1236540 3150.9
1236550 3149.5
1236560 3149.5
1236570 3148.1
1236580 3146.8
1236590 3146.8
1236600 3145.8
1236610 3144.8
1236620 3144.8
1236630 3143.9
1236640 3142.9
1236650 3142.9
1236660 3141.9
1236670 3140.9
1236680 3140.9
1236690 3139.8
1236700 3138.6
1236710 3138.6
1236720 3137.1
1236730 3135.6
1236740 3134.2
1236750 3134.2
1236760 3133.0
1236770 3131.8
1236780 3131.8
1236790 3130.4
1236800 3128.9
1236810 3128.9
1236820 3127.4
1236830 3124.6
1236840 3124.6
1236850 3123.4
1236860 3122.2
1236870 3122.2
1236880 3120.0
1236890 3117.8
1236900 3117.8
1236910 3115.7
1236920 3113.8
1236930 3112.1
1236940 3112.1
1236950 3110.5
1236960 3109.2
1236970 3109.2
1236980 3108.2
1236990 3107.4
1237000 3107.4
1237010 3106.8
1237020 3106.3
1237030 3106.3
1237040 3104.7
1237050 3104.6
1237060 3104.6
1237070 3104.6
1237080 3104.8
1237090 3104.8
1237100 3105.0
1237110 3105.3
1237120 3105.3
1237130 3105.7
1237140 3106.1
1237150 3106.5
1237160 3106.5
1237170 3106.9
1237180 3107.3
1237190 3107.3
1237200 3107.8
1237210 3108.5
1237220 3108.5
1237230 3109.3
1237240 3110.3
1237250 3110.3
1237260 3111.4
1237270 3112.6
1237280 3112.6
1237290 3114.1
1237300 3115.8
1237310 3115.8
1237320 3117.8
1237330 3120.0
1237340 3120.0
1237350 3122.3
1237360 3124.6
1237370 3126.2
1237380 3126.2
1237390 3124.4
1237400 3119.5
1237410 3119.5
1237420 3118.4
1237430 3128.7
1237440 3128.7
1237450 3144.2
1237460 3156.8
1237470 3156.8
1237480 3170.1
1237490 3187.2
1237500 3187.2
1237510 3200.3
1237520 3193.4
1237530 3193.4
1237540 3180.0
1237550 3169.6
1237560 3161.5
1237570 3151.1
1237580 3134.9
1237590 3126.4
1237600 3126.4
1237610 3120.6
1237620 3115.5
1237630 3115.5
1237640 3110.6
1237650 3105.8
1237660 3105.8
1237670 3101.2
1237680 3096.6
1237690 3096.6
1237700 3092.4
1237710 3088.6
1237720 3088.6
1237730 3085.2
1237740 3082.3
1237750 3082.3
1237760 3079.6
1237770 3077.3
1237780 3077.3
1237790 3074.9
1237800 3072.4
1237810 3069.9
1237820 3069.9
1237830 3067.3
1237840 3064.6
1237850 3064.6
1237860 3062.3
1237870 3059.5
1237880 3059.5
1237890 3056.6
1237900 3053.1
1237910 3053.1
1237920 3050.0
1237930 3046.7
1237940 3046.7
1237950 3042.9
1237960 3040.0
1237970 3040.0
1237980 3037.5
1237990 3036.2
1238000 3036.2
1238010 3035.1
1238020 3033.6
1238030 3031.9
1238040 3031.9
1238050 3029.2
1238060 3025.6
1238070 3026.5
1238080 3022.1
1238090 3017.3
1238100 3017.3
1238110 3012.1
1238120 3006.7
1238130 3006.7
1238140 3001.1
1238150 2995.6
1238160 2995.6
1238170 2990.5
1238180 2985.6
1238190 2985.6
1238200 2981.0
1238210 2976.6
1238220 2976.6
1238230 2972.4
1238240 2968.5
1238250 2964.7
1238260 2964.7
1238270 2961.1
1238280 2957.6
1238290 2957.6
1238300 2954.0
1238310 2950.7
1238320 2950.7
1238330 2947.4
1238340 2944.2
1238350 2944.2
1238360 2941.2
1238370 2938.1
1238380 2938.1
1238390 2934.8
1238400 2931.4
1238410 2931.4
1238420 2928.2
1238430 2925.0
1238440 2921.7
1238450 2921.7
1238460 2918.4
1238470 2914.8
1238480 2914.8
1238490 2911.2
1238500 2907.5
1238510 2907.5
1238520 2904.0
1238530 2900.6
1238540 2900.6
1238550 2897.0
1238560 2893.5
1238570 2893.5
1238580 2893.4
1238590 2889.7
1238600 2889.7
1238610 2885.8
1238620 2881.8
1238630 2881.8
1238640 2877.7
1238650 2873.5
1238660 2869.5
1238670 2869.5
1238680 2865.7
1238690 2862.3
1238700 2862.3
1238710 2859.2
1238720 2856.5
1238730 2856.5
1238740 2854.0
1238750 2851.9
1238760 2851.9
1238770 2850.1
1238780 2848.6
1238790 2848.6
1238800 2847.2
1238810 2845.1
1238820 2845.1
1238830 2843.8
1238840 2841.6
1238850 2841.6
1238860 2839.8
1238870 2838.3
1238880 2836.7
1238890 2836.7
1238900 2835.2
1238910 2833.9
1238920 2833.9
1238930 2832.6
1238940 2831.1
1238950 2831.1
1238960 2829.3
1238970 2827.5
1238980 2827.5
1238990 2825.3
1239000 2822.7
1239010 2822.7
1239020 2819.9
1239030 2817.1
1239040 2817.1
1239050 2814.6
1239060 2812.7
1239070 2812.7
1239080 2810.8
1239090 2808.7
1239100 2808.6
1239110 2808.6
1239120 2806.2
1239130 2804.5
1239140 2804.5
1239150 2803.3
1239160 2802.4
1239170 2802.4
1239180 2802.1
1239190 2801.8
1239200 2801.8
1239210 2801.6
1239220 2801.7
1239230 2801.7
1239240 2802.1
1239250 2802.4
1239260 2802.4
1239270 2802.6
1239280 2802.7
1239290 2802.7
1239300 2802.7
1239310 2802.6
1239320 2802.3
1239330 2802.3
1239340 2801.9
1239350 2801.4
1239360 2801.4
1239370 2800.9
1239380 2800.2
1239390 2800.2
1239400 2799.6
1239410 2799.0
1239420 2799.0
1239430 2798.5
1239440 2797.9
1239450 2797.9
1239460 2797.5
1239470 2797.2
1239480 2797.2
1239490 2796.5
1239500 2796.2
1239510 2796.2
1239520 2796.5
1239530 2796.2
1239540 2796.5
1239550 2796.5
1239560 2797.7
1239570 2798.9
1239580 2798.9
1239590 2800.9
1239600 2804.0
1239610 2804.0
1239620 2811.5
1239630 2815.6
1239640 2815.6
1239650 2819.9
1239660 2824.5
1239670 2824.5
1239680 2829.0
1239690 2832.8
1239700 2832.8
1239710 2838.5
1239720 2847.0
1239730 2847.0
1239740 2857.6
1239750 2868.5
1239760 2875.8
1239770 2875.8
1239780 2882.6
1239790 2888.9
1239800 2888.9
1239810 2894.8
1239820 2901.5
1239830 2901.5
1239840 2911.3
1239850 2916.2
1239860 2916.2
1239870 2923.4
1239880 2936.8
1239890 2936.8
1239900 2945.9
1239910 2956.3
1239920 2956.3
1239930 2966.3
1239940 2976.9
1239950 2993.3
1239960 2993.3
1239970 3008.3
1239980 3013.7
1239990 3013.7
