1220000 1178.5
1220010 1176.4
1220020 1175.1
1220030 1175.1
1220040 1175.1
1220050 1177.5
1220060 1177.5
1220070 1179.6
1220080 1179.3
1220090 1179.3
1220100 1178.5
1220110 1177.9
1220120 1177.9
1220130 1177.4
1220140 1177.2
1220150 1177.2
1220160 1176.9
1220170 1176.9
1220180 1176.9
1220190 1176.8
1220200 1177.0
1220210 1177.1
1220220 1177.1
1220230 1177.1
1220240 1177.0
1220250 1177.0
1220260 1176.9
1220270 1176.4
1220280 1176.4
1220290 1176.1
1220300 1176.0
1220310 1176.0
1220320 1176.1
1220330 1176.0
1220340 1176.0
1220350 1175.8
1220360 1175.6
1220370 1175.6
1220380 1175.4
1220390 1175.2
1220400 1175.0
1220410 1175.0
1220420 1174.9
1220430 1175.0
1220440 1175.0
1220450 1174.9
1220460 1174.6
1220470 1174.6
1220480 1174.6
1220490 1174.6
1220500 1174.6
1220510 1174.5
1220520 1174.4
1220530 1174.4
1220540 1174.5
1220550 1174.5
1220560 1174.5
1220570 1174.4
1220580 1174.4
1220590 1174.4
1220600 1174.4
1220610 1174.6
1220620 1175.4
1220630 1175.4
1220640 1175.0
1220650 1174.3
1220660 1174.3
1220670 1173.5
1220680 1176.5
1220690 1176.5
1220700 1189.8
1220710 1223.0
1220720 1223.0
1220730 1251.6
1220740 1290.1
1220750 1290.1
1220760 1342.0
1220770 1374.8
1220780 1374.8
1220790 1379.4
1220800 1384.5
1220810 1384.5
1220820 1387.1
1220830 1390.6
1220840 1394.8
1220850 1394.8
1220860 1398.3
1220870 1401.6
1220880 1401.6
1220890 1403.3
1220900 1404.1
1220910 1404.1
1220920 1405.2
1220930 1407.0
1220940 1407.0
1220950 1409.4
1220960 1411.5
1220970 1411.5
1220980 1412.6
1220990 1411.1
1221000 1411.1
1221010 1410.4
1221020 1409.8
1221030 1409.8
1221040 1409.1
1221050 1409.0
1221060 1409.3
1221070 1409.3
1221080 1409.7
1221090 1410.3
1221100 1410.3
1221110 1411.0
1221120 1411.9
1221130 1411.9
1221140 1412.7
1221150 1413.7
1221160 1413.7
1221170 1414.9
1221180 1416.0
1221190 1416.0
1221200 1417.4
1221210 1418.6
1221220 1418.6
1221230 1419.8
1221240 1421.0
1221250 1421.0
1221260 1422.2
1221270 1423.9
1221280 1424.8
1221290 1424.8
1221300 1427.9
1221310 1432.9
1221320 1432.9
1221330 1436.5
1221340 1440.3
1221350 1440.3
1221360 1443.6
1221370 1448.5
1221380 1448.5
1221390 1450.7
1221400 1452.7
1221410 1452.7
1221420 1454.5
1221430 1458.0
1221440 1458.0
1221450 1462.8
1221460 1468.2
1221470 1468.2
1221480 1473.8
1221490 1478.1
1221500 1481.6
1221510 1481.6
1221520 1483.4
1221530 1483.1
1221540 1483.1
1221550 1488.5
1221560 1498.9
1221570 1498.9
1221580 1509.7
1221590 1519.3
1221600 1519.3
1221610 1529.5
1221620 1539.9
1221630 1539.9
1221640 1546.5
1221650 1550.7
1221660 1550.7
1221670 1555.4
1221680 1562.0
1221690 1562.0
1221700 1568.8
1221710 1571.7
1221720 1575.9
1221730 1575.9
1221740 1579.2
1221750 1581.3
1221760 1584.3
1221770 1588.3
1221780 1593.7
1221790 1593.7
1221800 1601.2
1221810 1607.5
1221820 1607.5
1221830 1613.9
1221840 1617.7
1221850 1617.7
1221860 1619.1
1221870 1620.0
1221880 1620.0
1221890 1619.1
1221900 1616.6
1221910 1616.6
1221920 1614.9
1221930 1615.2
1221940 1616.6
1221950 1616.6
1221960 1619.2
1221970 1622.3
1221980 1622.3
1221990 1626.2
1222000 1630.7
1222010 1630.7
1222020 1636.8
1222030 1640.9
1222040 1640.9
1222050 1644.1
1222060 1648.6
1222070 1648.6
1222080 1658.0
1222090 1665.0
1222100 1665.0
1222110 1668.7
1222120 1676.3
1222130 1676.3
1222140 1683.8
1222150 1689.0
1222160 1697.6
1222170 1697.6
1222180 1708.4
1222190 1718.2
1222200 1718.2
1222210 1736.4
1222220 1748.9
1222230 1748.9
1222240 1750.1
1222250 1758.9
1222260 1758.9
1222270 1770.2
1222280 1782.7
1222290 1782.7
1222300 1795.2
1222310 1809.6
1222320 1809.6
1222330 1827.7
1222340 1841.8
1222350 1841.8
1222360 1852.9
1222370 1864.6
1222380 1874.5
1222390 1874.5
1222400 1882.9
1222410 1891.1
1222420 1891.1
1222430 1897.7
1222440 1904.4
1222450 1904.4
1222460 1913.4
1222470 1924.3
1222480 1924.3
1222490 1933.8
1222500 1941.0
1222510 1941.0
1222520 1947.2
1222530 1953.5
1222540 1953.5
1222550 1958.3
1222560 1960.0
1222570 1960.0
1222580 1958.8
1222590 1960.8
1222600 1965.9
1222610 1965.9
1222620 1963.7
1222630 1957.9
1222640 1957.9
1222650 1956.6
1222660 1961.7
1222670 1961.7
1222680 1966.5
1222690 1971.7
1222700 1971.7
1222710 1976.0
1222720 1975.3
1222730 1975.3
1222740 1981.6
1222750 1983.1
1222760 1983.1
1222770 1984.2
1222780 1985.6
1222790 1985.6
1222800 1988.6
1222810 1993.1
1222820 1998.9
1222830 1998.9
1222840 2001.4
1222850 2002.4
1222860 2002.4
1222870 2008.9
1222880 2027.9
1222890 2027.9
1222900 2042.2
1222910 2048.9
1222920 2048.9
1222930 2056.9
1222940 2066.7
1222950 2066.7
1222960 2076.8
1222970 2085.7
1222980 2085.7
1222990 2094.9
1223000 2102.3
1223010 2102.3
1223020 2108.9
1223030 2114.8
1223040 2121.7
1223050 2121.7
1223060 2131.2
1223070 2139.6
1223080 2139.6
1223090 2145.9
1223100 2151.5
1223110 2151.5
1223120 2157.1
1223130 2162.9
1223140 2162.9
1223150 2168.8
1223160 2174.9
1223170 2174.9
1223180 2181.6
1223190 2189.0
1223200 2189.0
1223210 2190.9
1223220 2197.2
1223230 2197.2
1223240 2203.9
1223250 2211.0
1223260 2218.1
1223270 2218.1
1223280 2225.0
1223290 2232.2
1223300 2232.2
1223310 2239.9
1223320 2247.2
1223330 2247.2
1223340 2255.5
1223350 2264.5
1223360 2264.5
1223370 2273.7
1223380 2283.1
1223390 2283.1
1223400 2290.8
1223410 2294.9
1223420 2294.9
1223430 2298.0
1223440 2301.1
1223450 2301.1
1223460 2304.4
1223470 2308.1
1223480 2311.6
1223490 2311.6
1223500 2315.8
1223510 2320.6
1223520 2320.6
1223530 2326.1
1223540 2332.7
1223550 2332.7
1223560 2339.9
1223570 2346.6
1223580 2346.6
1223590 2354.0
1223600 2362.8
1223610 2362.8
1223620 2371.9
1223630 2379.3
1223640 2379.3
1223650 2386.8
1223660 2394.7
1223670 2394.7
1223680 2402.0
1223690 2406.8
1223700 2415.0
1223710 2415.0
1223720 2423.3
1223730 2431.7
1223740 2431.7
1223750 2440.0
1223760 2448.1
1223770 2448.1
1223780 2457.1
1223790 2464.3
1223800 2464.3
1223810 2467.7
1223820 2470.3
1223830 2470.3
1223840 2474.7
1223850 2476.0
1223860 2476.0
1223870 2477.4
1223880 2479.4
1223890 2479.4
1223900 2481.7
1223910 2484.2
1223920 2485.3
1223930 2485.3
1223940 2487.2
1223950 2490.1
1223960 2490.1
1223970 2490.0
1223980 2490.9
1223990 2490.9
1224000 2491.5
1224010 2491.0
1224020 2491.0
1224030 2491.8
1224040 2493.4
1224050 2493.4
1224060 2495.4
1224070 2496.6
1224080 2496.6
1224090 2500.2
1224100 2502.1
1224110 2500.2
1224120 2500.2
1224130 2495.3
1224140 2491.5
1224150 2491.5
1224160 2484.9
1224170 2480.5
1224180 2488.3
1224190 2496.0
1224200 2512.5
1224210 2512.5
1224220 2520.9
1224230 2527.1
1224240 2527.1
1224250 2526.1
1224260 2521.4
1224270 2521.4
1224280 2517.9
1224290 2519.4
1224300 2519.4
1224310 2520.5
1224320 2522.4
1224330 2532.3
1224340 2532.3
1224350 2545.6
1224360 2550.9
1224370 2550.9
1224380 2553.7
1224390 2558.5
1224400 2558.5
1224410 2563.5
1224420 2568.4
1224430 2568.4
1224440 2572.3
1224450 2575.9
1224460 2575.9
1224470 2579.9
1224480 2582.8
1224490 2582.8
1224500 2585.7
1224510 2588.6
1224520 2588.6
1224530 2587.4
1224540 2583.3
1224550 2577.9
1224560 2577.9
1224570 2571.8
1224580 2565.8
1224590 2565.8
1224600 2557.9
1224610 2550.9
1224620 2550.9
1224630 2543.6
1224640 2536.4
1224650 2536.4
1224660 2532.1
1224670 2524.9
1224680 2524.9
1224690 2518.8
1224700 2512.5
1224710 2512.5
1224720 2504.7
1224730 2489.7
1224740 2489.7
1224750 2473.7
1224760 2462.5
1224770 2453.6
1224780 2453.6
1224790 2451.0
1224800 2442.5
1224810 2442.5
1224820 2425.9
1224830 2413.2
1224840 2413.2
1224850 2403.1
1224860 2396.8
1224870 2396.8
1224880 2390.7
1224890 2384.3
1224900 2384.3
1224910 2376.6
1224920 2369.6
1224930 2369.6
1224940 2362.0
1224950 2353.8
1224960 2353.8
1224970 2346.3
1224980 2338.9
1224990 2331.6
1225000 2331.6
1225010 2325.6
1225020 2320.4
1225030 2320.4
1225040 2315.8
1225050 2312.2
1225060 2312.2
1225070 2309.7
1225080 2307.8
1225090 2307.8
1225100 2306.4
1225110 2304.1
1225120 2304.1
1225130 2301.5
1225140 2299.7
1225150 2297.5
1225160 2295.1
1225170 2293.4
1225180 2293.4
1225190 2294.4
1225200 2295.7
1225210 2295.9
1225220 2295.9
1225230 2296.5
1225240 2297.1
1225250 2297.1
1225260 2298.1
1225270 2297.7
1225280 2297.7
1225290 2295.7
1225300 2292.5
1225310 2292.5
1225320 2289.0
1225330 2284.8
1225340 2284.8
1225350 2280.8
1225360 2279.3
1225370 2279.3
1225380 2281.5
1225390 2284.3
1225400 2284.3
1225410 2285.4
1225420 2284.8
1225430 2286.2
1225440 2286.2
1225450 2288.2
1225460 2289.8
1225470 2289.8
1225480 2291.2
1225490 2292.1
1225500 2292.1
1225510 2295.7
1225520 2300.5
1225530 2300.5
1225540 2304.6
1225550 2308.2
1225560 2308.2
1225570 2313.3
1225580 2317.3
1225590 2317.3
1225600 2323.6
1225610 2332.1
1225620 2332.1
1225630 2343.5
1225640 2369.1
1225650 2380.3
1225660 2380.3
1225670 2385.8
1225680 2395.9
1225690 2395.9
1225700 2401.9
1225710 2396.6
1225720 2396.6
1225730 2388.7
1225740 2381.1
1225750 2381.1
1225760 2374.2
1225770 2368.4
1225780 2368.4
1225790 2363.5
1225800 2355.6
1225810 2355.6
1225820 2344.4
1225830 2336.5
1225840 2336.5
1225850 2329.2
1225860 2319.8
1225870 2308.0
1225880 2308.0
1225890 2297.2
1225900 2289.5
1225910 2289.5
1225920 2281.3
1225930 2271.8
1225940 2271.8
1225950 2263.4
1225960 2256.1
1225970 2256.1
1225980 2249.1
1225990 2242.0
1226000 2242.0
1226010 2234.6
1226020 2227.1
1226030 2227.1
1226040 2219.4
1226050 2212.2
1226060 2212.2
1226070 2205.8
1226080 2200.9
1226090 2197.8
1226100 2197.8
1226110 2193.7
1226120 2188.7
1226130 2191.8
1226140 2185.9
1226150 2180.5
1226160 2180.5
1226170 2177.3
1226180 2175.1
1226190 2175.1
1226200 2173.3
1226210 2171.3
1226220 2171.3
1226230 2170.3
1226240 2170.3
1226250 2170.3
1226260 2170.9
1226270 2170.7
1226280 2170.7
1226290 2170.6
1226300 2169.4
1226310 2167.1
1226320 2167.1
1226330 2163.2
1226340 2158.0
1226350 2158.0
1226360 2153.4
1226370 2151.9
1226380 2151.9
1226390 2153.7
1226400 2157.0
1226410 2157.0
1226420 2161.8
1226430 2166.3
1226440 2166.3
1226450 2169.3
1226460 2171.1
1226470 2171.1
1226480 2172.4
1226490 2174.2
1226500 2174.2
1226510 2175.9
1226520 2177.5
1226530 2179.1
1226540 2179.1
1226550 2180.5
1226560 2180.8
1226570 2180.8
1226580 2181.0
1226590 2181.2
1226600 2181.2
1226610 2180.6
1226620 2184.4
1226630 2184.4
1226640 2185.0
1226650 2185.3
1226660 2185.3
1226670 2186.0
1226680 2190.3
1226690 2190.3
1226700 2196.2
1226710 2201.3
1226720 2201.3
1226730 2203.9
1226740 2207.1
1226750 2210.7
1226760 2210.7
1226770 2210.8
1226780 2212.9
1226790 2212.9
1226800 2216.9
1226810 2221.7
1226820 2221.7
1226830 2225.9
1226840 2229.4
1226850 2229.4
1226860 2234.6
1226870 2241.8
1226880 2241.8
1226890 2249.7
1226900 2249.6
1226910 2249.6
1226920 2246.3
1226930 2242.1
1226940 2242.1
1226950 2239.5
1226960 2236.0
1226970 2232.5
1226980 2232.5
1226990 2228.0
1227000 2223.9
1227010 2223.9
1227020 2218.9
1227030 2212.7
1227040 2212.7
1227050 2206.7
1227060 2201.7
1227070 2201.7
1227080 2197.9
1227090 2194.8
1227100 2194.8
1227110 2197.1
1227120 2192.3
1227130 2192.3
1227140 2187.0
1227150 2182.2
1227160 2182.2
1227170 2177.4
1227180 2173.6
1227190 2170.1
1227200 2170.1
1227210 2164.6
1227220 2156.6
1227230 2156.6
1227240 2149.2
1227250 2142.9
1227260 2142.9
1227270 2138.6
1227280 2137.1
1227290 2137.1
1227300 2137.6
1227310 2139.8
1227320 2139.8
1227330 2138.7
1227340 2132.5
1227350 2132.5
1227360 2125.2
1227370 2117.4
1227380 2109.7
1227390 2109.7
1227400 2103.2
1227410 2097.6
1227420 2097.6
1227430 2093.0
1227440 2089.1
1227450 2089.1
1227460 2084.4
1227470 2078.9
1227480 2078.9
1227490 2073.5
1227500 2068.8
1227510 2068.8
1227520 2065.4
1227530 2061.0
1227540 2061.0
1227550 2054.2
1227560 2047.3
1227570 2047.3
1227580 2041.6
1227590 2036.9
1227600 2031.9
1227610 2039.2
1227620 2033.8
1227630 2030.9
1227640 2030.9
1227650 2028.5
1227660 2025.8
1227670 2025.8
1227680 2024.4
1227690 2021.3
1227700 2021.3
1227710 2010.6
1227720 2000.4
1227730 2000.4
1227740 1991.8
1227750 1983.1
1227760 1983.1
1227770 1978.4
1227780 1973.4
1227790 1973.4
1227800 1968.8
1227810 1963.6
1227820 1958.1
1227830 1958.1
1227840 1952.4
1227850 1946.1
1227860 1946.1
1227870 1940.2
1227880 1937.9
1227890 1937.9
1227900 1937.2
1227910 1933.4
1227920 1933.4
1227930 1926.9
1227940 1920.6
1227950 1920.6
1227960 1915.9
1227970 1909.4
1227980 1909.4
1227990 1903.7
1228000 1899.8
1228010 1899.8
1228020 1895.2
1228030 1891.0
1228040 1888.3
1228050 1888.3
1228060 1886.2
1228070 1882.9
1228080 1882.9
1228090 1880.2
1228100 1881.0
1228110 1881.0
1228120 1875.8
1228130 1867.2
1228140 1867.2
1228150 1858.2
1228160 1851.1
1228170 1851.1
1228180 1848.2
1228190 1849.6
1228200 1849.6
1228210 1851.1
1228220 1851.3
1228230 1851.3
1228240 1849.0
1228250 1844.4
1228260 1839.6
1228270 1839.6
1228280 1837.8
1228290 1839.0
1228300 1839.0
1228310 1838.9
1228320 1836.3
1228330 1836.3
1228340 1833.0
1228350 1830.1
1228360 1830.1
1228370 1826.5
1228380 1822.6
1228390 1822.6
1228400 1820.2
1228410 1819.5
1228420 1819.5
1228430 1817.4
1228440 1811.6
1228450 1811.6
1228460 1809.8
1228470 1809.5
1228480 1805.7
1228490 1805.7
1228500 1802.1
1228510 1798.0
1228520 1798.0
1228530 1791.6
1228540 1783.4
1228550 1783.4
1228560 1779.7
1228570 1777.8
1228580 1777.8
1228590 1772.9
1228600 1777.1
1228610 1777.1
1228620 1774.5
1228630 1772.3
1228640 1772.3
1228650 1769.3
1228660 1767.4
1228670 1767.4
1228680 1766.3
1228690 1765.5
1228700 1764.5
1228710 1764.5
1228720 1763.7
1228730 1762.3
1228740 1762.3
1228750 1760.0
1228760 1758.1
1228770 1758.1
1228780 1755.9
1228790 1754.3
1228800 1754.3
1228810 1753.9
1228820 1755.2
1228830 1755.2
1228840 1755.2
1228850 1755.1
1228860 1755.1
1228870 1753.5
1228880 1752.7
1228890 1752.7
1228900 1753.2
1228910 1752.7
1228920 1750.9
1228930 1750.9
1228940 1747.4
1228950 1744.7
1228960 1744.7
1228970 1743.6
1228980 1744.1
1228990 1744.1
1229000 1743.8
1229010 1743.1
1229020 1743.1
1229030 1742.6
1229040 1743.1
1229050 1743.1
1229060 1740.4
1229070 1739.6
1229080 1739.6
1229090 1745.3
1229100 1745.3
1229110 1745.3
1229120 1746.9
1229130 1748.2
1229140 1746.9
1229150 1746.9
1229160 1740.0
1229170 1730.9
1229180 1730.9
1229190 1727.6
1229200 1728.9
1229210 1728.9
1229220 1730.7
1229230 1732.5
1229240 1732.5
1229250 1737.1
1229260 1746.8
1229270 1746.8
1229280 1754.2
1229290 1758.8
1229300 1758.8
1229310 1767.8
1229320 1780.1
1229330 1780.1
1229340 1789.9
1229350 1795.3
1229360 1798.1
1229370 1798.1
1229380 1800.9
1229390 1804.8
1229400 1804.8
1229410 1808.3
1229420 1811.5
1229430 1811.5
1229440 1814.1
1229450 1816.0
1229460 1816.0
1229470 1818.7
1229480 1821.7
1229490 1821.7
1229500 1825.5
1229510 1829.4
1229520 1829.4
1229530 1833.0
1229540 1836.1
1229550 1836.1
1229560 1839.4
1229570 1843.9
1229580 1850.7
1229590 1838.3
1229600 1842.4
1229610 1847.0
1229620 1847.0
1229630 1853.8
1229640 1857.0
1229650 1857.0
1229660 1859.9
1229670 1864.8
1229680 1864.8
1229690 1869.3
1229700 1873.6
1229710 1873.6
1229720 1877.0
1229730 1880.3
1229740 1880.3
1229750 1882.8
1229760 1883.5
1229770 1883.5
1229780 1886.8
1229790 1894.4
1229800 1903.6
1229810 1903.6
1229820 1910.3
1229830 1915.3
1229840 1915.3
1229850 1928.2
1229860 1941.1
1229870 1941.1
1229880 1954.3
1229890 1963.0
1229900 1963.0
1229910 1971.2
1229920 1979.5
1229930 1979.5
1229940 1980.4
1229950 1984.0
1229960 1984.0
1229970 1984.6
1229980 1983.7
1229990 1983.7
1230000 1983.6
1230010 1985.6
1230020 1990.3
1230030 1990.3
1230040 1995.3
1230050 2012.4
1230060 2012.4
1230070 2032.7
1230080 2041.3
1230090 2030.4
1230100 2036.0
1230110 2038.4
1230120 2038.4
1230130 2040.9
1230140 2046.4
1230150 2046.4
1230160 2053.0
1230170 2059.3
1230180 2059.3
1230190 2064.8
1230200 2069.1
1230210 2069.1
1230220 2074.4
1230230 2085.5
1230240 2098.1
1230250 2098.1
1230260 2109.4
1230270 2123.3
1230280 2123.3
1230290 2136.4
1230300 2144.6
1230310 2144.6
1230320 2151.9
1230330 2162.6
1230340 2162.6
1230350 2171.2
1230360 2179.6
1230370 2179.6
1230380 2191.1
1230390 2199.4
1230400 2199.4
1230410 2210.5
1230420 2221.8
1230430 2221.8
1230440 2228.8
1230450 2232.5
1230460 2235.1
1230470 2235.1
1230480 2243.1
1230490 2251.0
1230500 2251.0
1230510 2257.5
1230520 2264.0
1230530 2264.0
1230540 2271.7
1230550 2278.2
1230560 2278.2
1230570 2283.7
1230580 2281.1
1230590 2281.1
1230600 2284.4
1230610 2289.4
1230620 2289.4
1230630 2290.4
1230640 2285.0
1230650 2286.0
1230660 2286.0
1230670 2290.8
1230680 2294.4
1230690 2294.4
1230700 2296.3
1230710 2299.6
1230720 2299.6
1230730 2303.5
1230740 2304.9
1230750 2304.9
1230760 2304.7
1230770 2305.8
1230780 2305.8
1230790 2311.2
1230800 2316.7
1230810 2316.7
1230820 2322.8
1230830 2327.3
1230840 2327.3
1230850 2332.2
1230860 2337.1
1230870 2342.3
1230880 2342.3
1230890 2348.3
1230900 2355.2
1230910 2355.2
1230920 2362.0
1230930 2368.7
1230940 2368.7
1230950 2375.0
1230960 2376.1
1230970 2376.1
1230980 2377.6
1230990 2381.0
1231000 2381.0
1231010 2381.3
1231020 2381.3
1231030 2381.3
1231040 2382.9
1231050 2388.9
1231060 2388.9
1231070 2395.7
1231080 2399.3
1231090 2408.6
1231100 2408.6
1231110 2418.6
1231120 2425.5
1231130 2425.5
1231140 2432.2
1231150 2439.8
1231160 2439.8
1231170 2447.4
1231180 2457.3
1231190 2457.3
1231200 2466.1
1231210 2472.7
1231220 2472.7
1231230 2478.1
1231240 2483.5
1231250 2483.5
1231260 2489.5
1231270 2495.9
1231280 2495.9
1231290 2502.6
1231300 2508.3
1231310 2513.6
1231320 2513.6
1231330 2520.8
1231340 2528.3
1231350 2528.3
1231360 2536.5
1231370 2543.7
1231380 2543.7
1231390 2550.5
1231400 2556.2
1231410 2556.2
1231420 2562.4
1231430 2569.2
1231440 2569.2
1231450 2576.8
1231460 2584.0
1231470 2584.0
1231480 2591.3
1231490 2599.0
1231500 2599.0
1231510 2606.7
1231520 2614.6
1231530 2623.7
1231540 2623.7
1231550 2644.9
1231560 2658.3
1231570 2658.3
1231580 2679.8
1231590 2696.0
1231600 2696.0
1231610 2708.7
1231620 2720.7
1231630 2720.7
1231640 2728.6
1231650 2729.5
1231660 2729.5
1231670 2724.0
1231680 2719.6
1231690 2719.6
1231700 2715.4
1231710 2710.6
1231720 2710.6
1231730 2704.4
1231740 2699.4
1231750 2696.1
1231760 2696.1
1231770 2694.1
1231780 2693.3
1231790 2693.3
1231800 2692.6
1231810 2692.5
1231820 2692.5
1231830 2693.8
1231840 2696.9
1231850 2696.9
1231860 2702.5
1231870 2708.8
1231880 2708.8
1231890 2714.7
1231900 2720.9
1231910 2720.9
1231920 2728.4
1231930 2737.9
1231940 2737.9
1231950 2747.0
1231960 2755.8
1231970 2765.1
1231980 2765.1
1231990 2774.9
1232000 2782.3
1232010 2782.3
1232020 2787.4
1232030 2792.1
1232040 2792.1
1232050 2796.7
1232060 2802.1
1232070 2802.1
1232080 2807.9
1232090 2809.1
1232100 2809.1
1232110 2812.1
1232120 2810.4
1232130 2810.4
1232140 2807.7
1232150 2807.5
1232160 2807.5
1232170 2806.7
1232180 2805.0
1232190 2799.0
1232200 2799.0
1232210 2789.8
1232220 2785.4
1232230 2785.4
1232240 2789.0
1232250 2796.4
1232260 2796.4
1232270 2803.1
1232280 2809.1
1232290 2809.1
1232300 2813.6
1232310 2819.1
1232320 2819.1
1232330 2827.9
1232340 2839.2
1232350 2839.2
1232360 2849.6
1232370 2856.9
1232380 2856.9
1232390 2862.0
1232400 2861.6
1232410 2861.7
1232420 2861.7
1232430 2860.5
1232440 2856.2
1232450 2856.2
1232460 2847.8
1232470 2838.3
1232480 2838.3
1232490 2828.7
1232500 2827.4
1232510 2827.4
1232520 2833.4
1232530 2838.8
1232540 2838.8
1232550 2835.3
1232560 2821.1
1232570 2821.1
1232580 2814.5
1232590 2808.2
1232600 2808.2
1232610 2814.0
1232620 2823.4
1232630 2833.1
1232640 2833.1
1232650 2843.6
1232660 2856.3
1232670 2856.3
1232680 2869.0
1232690 2878.5
1232700 2878.5
1232710 2888.6
1232720 2897.5
1232730 2897.5
1232740 2907.4
1232750 2919.1
1232760 2919.1
1232770 2928.9
1232780 2932.4
1232790 2932.4
1232800 2928.5
1232810 2924.0
1232820 2924.0
1232830 2919.2
1232840 2910.8
1232850 2900.6
1232860 2900.6
1232870 2892.4
1232880 2885.6
1232890 2885.6
1232900 2885.7
1232910 2892.8
1232920 2892.8
1232930 2898.6
1232940 2903.5
1232950 2903.5
1232960 2907.5
1232970 2911.1
1232980 2911.1
1232990 2914.4
1233000 2918.0
1233010 2918.0
1233020 2923.0
1233030 2925.1
1233040 2925.1
1233050 2932.2
1233060 2939.7
1233070 2946.4
1233080 2946.4
1233090 2947.1
1233100 2953.0
1233110 2953.0
1233120 2953.8
1233130 2955.3
1233140 2955.3
1233150 2958.8
1233160 2957.3
1233170 2957.3
1233180 2949.8
1233190 2942.0
1233200 2942.0
1233210 2934.9
1233220 2927.0
1233230 2927.0
1233240 2918.9
1233250 2910.5
1233260 2910.5
1233270 2902.6
1233280 2895.0
1233290 2888.2
1233300 2888.2
1233310 2882.2
1233320 2877.5
1233330 2877.5
1233340 2873.9
1233350 2870.6
1233360 2870.6
1233370 2867.7
1233380 2865.7
1233390 2865.7
1233400 2864.2
1233410 2863.3
1233420 2863.3
1233430 2863.1
1233440 2863.5
1233450 2863.5
1233460 2863.7
1233470 2863.3
1233480 2863.3
1233490 2862.5
1233500 2861.8
1233510 2861.5
1233520 2861.5
1233530 2862.1
1233540 2862.9
1233550 2862.9
1233560 2863.0
1233570 2862.4
1233580 2862.4
1233590 2860.9
1233600 2860.1
1233610 2860.1
1233620 2858.8
1233630 2856.8
1233640 2856.8
1233650 2855.4
1233660 2853.8
1233670 2853.8
1233680 2850.0
1233690 2846.4
1233700 2843.6
1233710 2843.6
1233720 2841.8
1233730 2840.1
1233740 2840.1
1233750 2837.4
1233760 2835.2
1233770 2835.2
1233780 2833.0
1233790 2830.2
1233800 2830.2
1233810 2822.3
1233820 2812.8
1233830 2812.8
1233840 2804.7
1233850 2797.0
1233860 2797.0
1233870 2789.5
1233880 2782.4
1233890 2782.4
1233900 2775.8
1233910 2771.0
1233920 2767.1
1233930 2767.1
1233940 2763.3
1233950 2760.7
1233960 2760.7
1233970 2759.0
1233980 2758.3
1233990 2758.3
1234000 2758.1
1234010 2757.3
1234020 2757.3
1234030 2756.5
1234040 2754.1
1234050 2754.1
1234060 2750.5
1234070 2745.7
1234080 2745.7
1234090 2740.9
1234100 2739.8
1234110 2739.8
1234120 2736.7
1234130 2734.3
1234140 2732.6
1234150 2732.6
1234160 2730.7
1234170 2729.1
1234180 2729.1
1234190 2728.3
1234200 2727.1
1234210 2727.1
1234220 2726.1
1234230 2725.9
1234240 2725.9
1234250 2726.1
1234260 2724.6
1234270 2724.6
1234280 2723.1
1234290 2721.9
1234300 2721.9
1234310 2721.6
1234320 2720.8
1234330 2720.8
1234340 2718.3
1234350 2715.4
1234360 2713.8
1234370 2713.8
1234380 2713.1
1234390 2712.7
1234400 2712.7
1234410 2710.8
1234420 2708.0
1234430 2708.0
1234440 2704.0
1234450 2699.7
1234460 2699.7
1234470 2694.9
1234480 2691.6
1234490 2691.6
1234500 2691.3
1234510 2691.3
1234520 2691.3
1234530 2691.3
1234540 2691.3
1234550 2691.3
1234560 2691.3
1234570 2691.4
1234580 2691.4
1234590 2691.4
1234600 2691.0
1234610 2690.3
1234620 2690.3
1234630 2689.4
1234640 2688.5
1234650 2688.5
1234660 2687.9
1234670 2687.1
1234680 2687.1
1234690 2686.9
1234700 2687.0
1234710 2687.0
1234720 2686.6
1234730 2687.7
1234740 2687.7
1234750 2689.2
1234760 2688.8
1234770 2688.8
1234780 2687.1
1234790 2686.2
1234800 2685.0
1234810 2685.0
1234820 2682.7
1234830 2679.5
1234840 2679.5
1234850 2675.8
1234860 2672.3
1234870 2672.3
1234880 2669.7
1234890 2666.9
1234900 2666.9
1234910 2663.8
1234920 2661.9
1234930 2661.9
1234940 2662.1
1234950 2659.9
1234960 2659.9
1234970 2658.0
1234980 2656.0
1234990 2656.0
1235000 2654.9
1235010 2655.5
1235020 2655.7
1235030 2655.7
1235040 2653.8
1235050 2650.7
1235060 2650.7
1235070 2653.0
1235080 2659.2
1235090 2659.2
1235100 2665.3
1235110 2667.9
1235120 2665.2
1235130 2666.1
1235140 2666.2
1235150 2666.2
1235160 2665.8
1235170 2664.4
1235180 2664.4
1235190 2663.0
1235200 2662.1
1235210 2662.1
1235220 2660.8
1235230 2659.4
1235240 2658.4
1235250 2658.4
1235260 2657.0
1235270 2655.1
1235280 2655.1
1235290 2653.1
1235300 2651.9
1235310 2651.9
1235320 2652.4
1235330 2654.3
1235340 2654.3
1235350 2656.7
1235360 2658.6
1235370 2658.6
1235380 2660.0
1235390 2661.1
1235400 2661.1
1235410 2662.5
1235420 2663.4
1235430 2663.4
1235440 2663.6
1235450 2664.1
1235460 2664.7
1235470 2664.7
1235480 2666.3
1235490 2668.6
1235500 2668.6
1235510 2667.9
1235520 2667.2
1235530 2667.2
1235540 2667.6
1235550 2668.9
1235560 2668.9
1235570 2670.4
1235580 2672.0
1235590 2672.0
1235600 2673.8
1235610 2675.3
1235620 2675.3
1235630 2676.8
1235640 2677.5
1235650 2677.5
1235660 2677.9
1235670 2678.2
1235680 2678.3
1235690 2678.3
1235700 2678.2
1235710 2680.2
1235720 2680.2
1235730 2682.5
1235740 2682.4
1235750 2682.4
1235760 2683.3
1235770 2685.6
1235780 2685.6
1235790 2688.7
1235800 2692.2
1235810 2692.2
1235820 2695.2
1235830 2698.1
1235840 2698.1
1235850 2701.3
1235860 2705.0
1235870 2705.0
1235880 2708.9
1235890 2713.2
1235900 2717.3
1235910 2717.3
1235920 2721.7
1235930 2726.6
1235940 2726.6
1235950 2731.7
1235960 2736.6
1235970 2736.6
1235980 2741.5
1235990 2749.5
1236000 2749.5
1236010 2757.2
1236020 2764.0
1236030 2764.0
1236040 2770.6
1236050 2776.6
1236060 2776.6
1236070 2784.0
1236080 2792.0
1236090 2792.0
1236100 2801.5
1236110 2811.0
1236120 2819.7
1236130 2819.7
1236140 2834.0
1236150 2847.6
1236160 2847.6
1236170 2856.1
1236180 2857.9
1236190 2857.9
1236200 2862.5
1236210 2868.0
1236220 2868.0
1236230 2870.2
1236240 2873.1
1236250 2873.1
1236260 2876.7
1236270 2880.1
1236280 2880.1
1236290 2884.2
1236300 2888.5
1236310 2888.5
1236320 2892.4
1236330 2896.1
1236340 2899.9
1236350 2899.9
1236360 2903.8
1236370 2907.7
1236380 2907.7
1236390 2911.5
1236400 2915.7
1236410 2915.7
1236420 2919.6
1236430 2924.7
1236440 2924.7
1236450 2931.4
1236460 2941.2
1236470 2941.2
1236480 2952.9
1236490 2962.6
1236500 2962.6
1236510 2971.7
1236520 2982.9
1236530 2982.9
1236540 2991.9
1236550 3001.7
1236560 3006.6
1236570 3006.6
1236580 3016.2
1236590 3027.8
1236600 3027.8
1236610 3037.3
1236620 3046.4
1236630 3046.4
1236640 3056.8
1236650 3077.6
1236660 3077.6
1236670 3084.2
1236680 3090.8
1236690 3090.8
1236700 3096.5
1236710 3107.7
1236720 3107.7
1236730 3120.2
1236740 3130.7
1236750 3137.8
1236760 3137.8
1236770 3145.4
1236780 3155.2
1236790 3155.2
1236800 3164.3
1236810 3173.8
1236820 3173.8
1236830 3182.8
1236840 3192.0
1236850 3192.0
1236860 3194.8
1236870 3194.1
1236880 3194.1
1236890 3191.8
1236900 3188.5
1236910 3188.5
1236920 3184.8
1236930 3180.6
1236940 3180.6
1236950 3176.3
1236960 3172.6
1236970 3169.4
1236980 3169.4
1236990 3162.6
1237000 3143.2
1237010 3143.2
1237020 3132.0
1237030 3126.4
1237040 3126.4
1237050 3121.2
1237060 3114.3
1237070 3114.3
1237080 3107.6
1237090 3105.4
1237100 3105.4
1237110 3101.4
1237120 3097.8
1237130 3097.8
1237140 3094.4
1237150 3090.6
1237160 3091.4
1237170 3086.5
1237180 3080.6
1237190 3075.7
1237200 3075.7
1237210 3071.8
1237220 3066.3
1237230 3066.3
1237240 3060.4
1237250 3054.7
1237260 3054.7
1237270 3049.2
1237280 3044.0
1237290 3044.0
1237300 3039.1
1237310 3034.6
1237320 3034.6
1237330 3030.7
1237340 3026.9
1237350 3026.9
1237360 3023.3
1237370 3019.8
1237380 3019.8
1237390 3016.5
1237400 3013.7
1237410 3011.3
1237420 3011.3
1237430 3009.4
1237440 3009.3
1237450 3009.3
1237460 3009.4
1237470 3007.7
1237480 3007.7
1237490 3005.9
1237500 3003.2
1237510 3003.2
1237520 3000.6
1237530 2997.8
1237540 2997.8
1237550 2994.6
1237560 2991.6
1237570 2991.6
1237580 2988.1
1237590 2984.7
1237600 2984.7
1237610 2980.8
1237620 2976.6
1237630 2972.3
1237640 2972.3
1237650 2967.9
1237660 2963.6
1237670 2964.0
1237680 2960.0
1237690 2956.4
1237700 2956.4
1237710 2953.3
1237720 2950.9
1237730 2950.9
1237740 2949.0
1237750 2947.5
1237760 2947.5
1237770 2946.4
1237780 2945.6
1237790 2945.6
1237800 2944.8
1237810 2944.0
1237820 2944.0
1237830 2943.2
1237840 2942.5
1237850 2941.9
1237860 2941.9
1237870 2941.3
1237880 2940.5
1237890 2940.5
1237900 2939.4
1237910 2938.2
1237920 2938.2
1237930 2937.0
1237940 2935.8
1237950 2935.8
1237960 2934.6
1237970 2933.4
1237980 2933.4
1237990 2932.3
1238000 2930.9
1238010 2930.9
1238020 2929.2
1238030 2927.3
1238040 2927.3
1238050 2925.2
1238060 2922.6
1238070 2919.6
1238080 2919.6
1238090 2916.0
1238100 2912.2
1238110 2912.2
1238120 2908.0
1238130 2903.8
1238140 2903.8
1238150 2898.7
1238160 2891.9
1238170 2891.9
1238180 2888.9
1238190 2883.6
1238200 2883.6
1238210 2878.0
1238220 2873.8
1238230 2873.8
1238240 2870.4
1238250 2868.1
1238260 2868.1
1238270 2867.3
1238280 2866.5
1238290 2865.5
1238300 2865.5
1238310 2863.9
1238320 2862.1
1238330 2862.1
1238340 2859.5
1238350 2856.4
1238360 2856.4
1238370 2853.0
1238380 2848.2
1238390 2848.2
1238400 2842.3
1238410 2836.7
1238420 2836.7
1238430 2828.9
1238440 2822.2
1238450 2822.2
1238460 2816.9
1238470 2811.4
1238480 2811.4
1238490 2806.5
1238500 2802.3
1238510 2798.9
1238520 2798.9
1238530 2795.8
1238540 2792.9
1238550 2792.9
1238560 2790.5
1238570 2788.4
1238580 2788.4
1238590 2786.2
1238600 2784.1
1238610 2784.1
1238620 2783.1
1238630 2783.5
1238640 2783.5
1238650 2785.3
1238660 2786.4
1238670 2786.4
1238680 2787.7
1238690 2789.2
1238700 2784.5
1238710 2786.4
1238720 2787.5
1238730 2788.5
1238740 2788.5
1238750 2789.3
1238760 2789.4
1238770 2789.4
1238780 2789.1
1238790 2788.3
1238800 2788.3
1238810 2787.1
1238820 2785.8
1238830 2785.8
1238840 2784.4
1238850 2783.0
1238860 2783.0
1238870 2781.7
1238880 2780.3
1238890 2780.3
1238900 2778.6
1238910 2777.2
1238920 2777.2
1238930 2776.3
1238940 2776.1
1238950 2775.6
1238960 2775.6
1238970 2773.7
1238980 2771.7
1238990 2771.7
1239000 2769.7
1239010 2767.6
1239020 2767.6
1239030 2765.3
1239040 2762.8
1239050 2762.8
1239060 2760.3
1239070 2757.6
1239080 2757.6
1239090 2754.9
1239100 2752.0
1239110 2752.0
1239120 2749.1
1239130 2746.2
1239140 2746.2
1239150 2743.2
1239160 2740.2
1239170 2737.4
1239180 2737.4
1239190 2734.6
1239200 2732.0
1239210 2732.0
1239220 2727.8
1239230 2725.5
1239240 2725.5
1239250 2723.5
1239260 2721.3
1239270 2721.3
1239280 2719.2
1239290 2717.2
1239300 2717.2
1239310 2715.1
1239320 2712.7
1239330 2712.7
1239340 2710.0
1239350 2706.7
1239360 2706.7
1239370 2702.4
1239380 2697.5
1239390 2691.8
1239400 2691.8
1239410 2684.2
1239420 2676.6
1239430 2676.6
1239440 2667.8
1239450 2658.1
1239460 2658.1
1239470 2649.8
1239480 2640.8
1239490 2640.8
1239500 2632.7
1239510 2624.8
1239520 2624.8
1239530 2617.2
1239540 2610.7
1239550 2610.7
1239560 2603.3
1239570 2595.7
1239580 2595.7
1239590 2589.2
1239600 2583.0
1239610 2576.8
1239620 2576.8
1239630 2570.1
1239640 2563.5
1239650 2563.5
1239660 2558.4
1239670 2554.5
1239680 2554.5
1239690 2551.5
1239700 2549.8
1239710 2549.8
1239720 2548.9
1239730 2548.0
1239740 2548.0
1239750 2546.7
1239760 2545.9
1239770 2545.9
1239780 2544.7
1239790 2543.9
1239800 2543.5
1239810 2543.5
1239820 2543.3
1239830 2543.2
1239840 2543.2
1239850 2542.6
1239860 2542.4
1239870 2542.4
1239880 2542.3
1239890 2542.2
1239900 2542.2
1239910 2542.0
1239920 2541.8
1239930 2541.8
1239940 2541.6
1239950 2541.7
1239960 2541.7
1239970 2543.7
1239980 2545.5
1239990 2545.5
