1220000 1175.8
1220010 1175.8
1220020 1175.9
1220030 1175.9
1220040 1176.0
1220050 1176.9
1220060 1176.8
1220070 1175.7
1220080 1174.9
1220090 1174.9
1220100 1174.9
1220110 1175.7
1220120 1177.4
1220130 1177.4
1220140 1177.5
1220150 1176.7
1220160 1176.7
1220170 1176.6
1220180 1176.5
1220190 1176.5
1220200 1176.5
1220210 1176.4
1220220 1176.4
1220230 1176.2
1220240 1176.1
1220250 1176.1
1220260 1175.9
1220270 1175.6
1220280 1175.5
1220290 1175.5
1220300 1175.4
1220310 1175.0
1220320 1175.0
1220330 1175.0
1220340 1174.8
1220350 1174.8
1220360 1174.6
1220370 1174.5
1220380 1174.5
1220390 1174.4
1220400 1174.4
1220410 1174.4
1220420 1174.4
1220430 1174.5
1220440 1174.5
1220450 1174.4
1220460 1174.2
1220470 1174.1
1220480 1174.1
1220490 1174.0
1220500 1174.0
1220510 1174.0
1220520 1173.9
1220530 1173.9
1220540 1173.9
1220550 1173.9
1220560 1173.9
1220570 1173.9
1220580 1173.8
1220590 1173.7
1220600 1173.7
1220610 1173.7
1220620 1173.9
1220630 1173.9
1220640 1174.6
1220650 1174.5
1220660 1174.5
1220670 1174.1
1220680 1173.3
1220690 1183.8
1220700 1183.8
1220710 1223.1
1220720 1242.4
1220730 1242.4
1220740 1286.9
1220750 1332.1
1220760 1332.1
1220770 1362.8
1220780 1378.9
1220790 1378.9
1220800 1383.1
1220810 1383.4
1220820 1383.4
1220830 1383.8
1220840 1385.5
1220850 1385.5
1220860 1386.2
1220870 1388.1
1220880 1388.1
1220890 1391.3
1220900 1393.8
1220910 1393.8
1220920 1393.8
1220930 1393.6
1220940 1394.4
1220950 1394.4
1220960 1395.1
1220970 1395.1
1220980 1395.1
1220990 1395.5
1221000 1395.5
1221010 1395.5
1221020 1395.2
1221030 1398.7
1221040 1398.7
1221050 1400.5
1221060 1401.7
1221070 1401.7
1221080 1402.5
1221090 1403.6
1221100 1403.6
1221110 1405.2
1221120 1406.8
1221130 1408.4
1221140 1408.4
1221150 1410.1
1221160 1411.7
1221170 1411.7
1221180 1413.8
1221190 1415.4
1221200 1415.4
1221210 1415.2
1221220 1416.6
1221230 1416.6
1221240 1418.7
1221250 1422.0
1221260 1422.0
1221270 1425.5
1221280 1428.6
1221290 1428.6
1221300 1430.9
1221310 1433.1
1221320 1433.1
1221330 1435.6
1221340 1438.5
1221350 1442.1
1221360 1442.1
1221370 1446.4
1221380 1451.1
1221390 1451.1
1221400 1455.6
1221410 1460.1
1221420 1460.1
1221430 1464.3
1221440 1469.3
1221450 1469.3
1221460 1475.4
1221470 1481.9
1221480 1481.9
1221490 1488.1
1221500 1494.0
1221510 1493.3
1221520 1504.9
1221530 1516.1
1221540 1516.1
1221550 1521.1
1221560 1526.3
1221570 1531.6
1221580 1531.6
1221590 1537.3
1221600 1542.4
1221610 1542.4
1221620 1547.0
1221630 1552.5
1221640 1552.5
1221650 1558.9
1221660 1565.7
1221670 1565.7
1221680 1572.5
1221690 1579.1
1221700 1579.1
1221710 1586.5
1221720 1592.6
1221730 1592.6
1221740 1599.4
1221750 1604.9
1221760 1604.9
1221770 1610.6
1221780 1615.8
1221790 1619.7
1221800 1619.7
1221810 1620.9
1221820 1622.0
1221830 1622.0
1221840 1624.1
1221850 1626.7
1221860 1626.7
1221870 1628.6
1221880 1630.3
1221890 1630.3
1221900 1630.9
1221910 1632.8
1221920 1632.8
1221930 1636.2
1221940 1639.3
1221950 1639.3
1221960 1643.0
1221970 1648.1
1221980 1648.1
1221990 1653.3
1222000 1658.7
1222010 1663.8
1222020 1663.8
1222030 1670.5
1222040 1678.3
1222050 1678.3
1222060 1684.8
1222070 1692.9
1222080 1692.9
1222090 1703.3
1222100 1717.6
1222110 1717.6
1222120 1727.0
1222130 1736.2
1222140 1736.2
1222150 1745.6
1222160 1753.0
1222170 1753.0
1222180 1759.9
1222190 1766.4
1222200 1766.4
1222210 1772.3
1222220 1779.4
1222230 1783.5
1222240 1783.5
1222250 1788.3
1222260 1798.3
1222270 1798.3
1222280 1819.9
1222290 1836.2
1222300 1836.2
1222310 1850.7
1222320 1867.2
1222330 1867.2
1222340 1880.7
1222350 1891.1
1222360 1891.1
1222370 1901.3
1222380 1912.1
1222390 1912.1
1222400 1922.3
1222410 1928.2
1222420 1928.2
1222430 1934.0
1222440 1940.5
1222450 1946.9
1222460 1946.9
1222470 1955.7
1222480 1961.7
1222490 1961.7
1222500 1969.3
1222510 1973.8
1222520 1973.8
1222530 1977.8
1222540 1981.5
1222550 1981.5
1222560 1983.9
1222570 1986.3
1222580 1986.3
1222590 1988.9
1222600 1991.5
1222610 1991.5
1222620 1994.6
1222630 1998.4
1222640 1998.4
1222650 2002.3
1222660 2006.8
1222670 2011.0
1222680 2011.0
1222690 2015.4
1222700 2019.9
1222710 2019.9
1222720 2023.1
1222730 2026.4
1222740 2026.4
1222750 2029.9
1222760 2033.6
1222770 2033.6
1222780 2036.3
1222790 2038.2
1222800 2038.2
1222810 2041.7
1222820 2046.8
1222830 2046.8
1222840 2052.6
1222850 2058.0
1222860 2058.0
1222870 2062.4
1222880 2065.5
1222890 2073.7
1222900 2073.7
1222910 2087.4
1222920 2097.6
1222930 2097.6
1222940 2107.8
1222950 2109.2
1222960 2109.2
1222970 2120.3
1222980 2129.8
1222990 2129.8
1223000 2137.5
1223010 2144.9
1223020 2144.9
1223030 2150.7
1223040 2156.1
1223050 2156.1
1223060 2162.5
1223070 2169.9
1223080 2169.9
1223090 2177.3
1223100 2185.2
1223110 2194.2
1223120 2194.2
1223130 2201.9
1223140 2209.3
1223150 2209.3
1223160 2213.9
1223170 2216.1
1223180 2216.1
1223190 2220.3
1223200 2226.4
1223210 2226.4
1223220 2232.1
1223230 2237.5
1223240 2237.5
1223250 2242.9
1223260 2246.8
1223270 2246.8
1223280 2247.8
1223290 2248.8
1223300 2248.8
1223310 2250.6
1223320 2254.0
1223330 2258.6
1223340 2258.6
1223350 2263.2
1223360 2267.7
1223370 2267.7
1223380 2273.3
1223390 2280.0
1223400 2280.0
1223410 2286.6
1223420 2293.6
1223430 2293.6
1223440 2303.7
1223450 2309.7
1223460 2309.7
1223470 2313.8
1223480 2317.5
1223490 2317.5
1223500 2319.6
1223510 2321.0
1223520 2321.0
1223530 2324.2
1223540 2326.9
1223550 2330.2
1223560 2330.2
1223570 2335.3
1223580 2341.3
1223590 2341.3
1223600 2347.3
1223610 2351.8
1223620 2351.8
1223630 2355.3
1223640 2354.8
1223650 2354.8
1223660 2353.5
1223670 2353.8
1223680 2353.8
1223690 2355.0
1223700 2358.6
1223710 2358.6
1223720 2363.4
1223730 2365.3
1223740 2365.3
1223750 2366.5
1223760 2371.3
1223770 2377.4
1223780 2377.4
1223790 2383.0
1223800 2386.2
1223810 2386.2
1223820 2388.8
1223830 2391.2
1223840 2391.2
1223850 2394.4
1223860 2398.8
1223870 2398.8
1223880 2397.7
1223890 2393.1
1223900 2393.1
1223910 2388.4
1223920 2402.2
1223930 2402.2
1223940 2394.9
1223950 2390.0
1223960 2390.0
1223970 2386.4
1223980 2382.2
1223990 2385.8
1224000 2385.8
1224010 2391.4
1224020 2398.8
1224030 2398.8
1224040 2401.8
1224050 2397.2
1224060 2397.2
1224070 2397.6
1224080 2401.8
1224090 2401.8
1224100 2404.7
1224110 2396.7
1224120 2396.7
1224130 2390.6
1224140 2395.2
1224150 2395.2
1224160 2400.4
1224170 2406.0
1224180 2415.4
1224190 2415.4
1224200 2427.8
1224210 2433.9
1224220 2433.9
1224230 2441.5
1224240 2437.5
1224250 2437.5
1224260 2435.1
1224270 2438.3
1224280 2438.3
1224290 2446.8
1224300 2456.5
1224310 2456.5
1224320 2462.6
1224330 2467.5
1224340 2467.5
1224350 2470.0
1224360 2474.4
1224370 2474.4
1224380 2485.0
1224390 2493.1
1224400 2497.3
1224410 2510.4
1224420 2515.5
1224430 2521.3
1224440 2521.3
1224450 2521.5
1224460 2522.8
1224470 2522.8
1224480 2528.6
1224490 2540.4
1224500 2540.4
1224510 2546.1
1224520 2551.7
1224530 2551.7
1224540 2558.4
1224550 2563.7
1224560 2563.7
1224570 2564.6
1224580 2562.0
1224590 2562.0
1224600 2557.3
1224610 2551.8
1224620 2546.5
1224630 2546.5
1224640 2540.6
1224650 2534.1
1224660 2534.1
1224670 2527.6
1224680 2520.9
1224690 2520.9
1224700 2512.2
1224710 2502.5
1224720 2502.5
1224730 2493.6
1224740 2484.8
1224750 2484.8
1224760 2476.1
1224770 2466.9
1224780 2466.9
1224790 2458.4
1224800 2453.1
1224810 2453.1
1224820 2444.8
1224830 2432.6
1224840 2419.5
1224850 2419.5
1224860 2410.1
1224870 2401.2
1224880 2401.2
1224890 2391.4
1224900 2380.6
1224910 2380.6
1224920 2372.6
1224930 2364.9
1224940 2364.9
1224950 2357.6
1224960 2350.3
1224970 2350.3
1224980 2343.3
1224990 2336.3
1225000 2336.3
1225010 2329.5
1225020 2323.0
1225030 2323.0
1225040 2317.2
1225050 2313.5
1225060 2311.0
1225070 2311.0
1225080 2308.1
1225090 2304.0
1225100 2304.0
1225110 2301.4
1225120 2299.9
1225130 2299.9
1225140 2301.0
1225150 2301.7
1225160 2301.7
1225170 2300.5
1225180 2297.8
1225190 2297.8
1225200 2294.2
1225210 2291.4
1225220 2291.4
1225230 2288.9
1225240 2289.1
1225250 2289.1
1225260 2289.2
1225270 2288.7
1225280 2287.2
1225290 2287.2
1225300 2287.7
1225310 2285.3
1225320 2285.3
1225330 2281.2
1225340 2279.3
1225350 2279.3
1225360 2278.3
1225370 2278.0
1225380 2278.0
1225390 2278.2
1225400 2278.2
1225410 2278.2
1225420 2277.6
1225430 2276.0
1225440 2276.0
1225450 2272.9
1225460 2270.9
1225470 2270.9
1225480 2274.2
1225490 2275.1
1225500 2274.5
1225510 2274.5
1225520 2274.0
1225530 2273.6
1225540 2273.6
1225550 2273.6
1225560 2273.8
1225570 2273.8
1225580 2275.2
1225590 2278.2
1225600 2278.2
1225610 2282.2
1225620 2288.5
1225630 2288.5
1225640 2300.9
1225650 2319.9
1225660 2319.9
1225670 2330.4
1225680 2334.3
1225690 2334.3
1225700 2336.5
1225710 2340.6
1225720 2348.5
1225730 2348.5
1225740 2352.7
1225750 2360.2
1225760 2360.2
1225770 2363.4
1225780 2361.9
1225790 2361.9
1225800 2352.1
1225810 2340.6
1225820 2340.6
1225830 2329.9
1225840 2320.0
1225850 2320.0
1225860 2310.6
1225870 2302.3
1225880 2305.1
1225890 2298.0
1225900 2290.4
1225910 2290.4
1225920 2281.2
1225930 2271.6
1225940 2260.5
1225950 2260.5
1225960 2250.0
1225970 2239.3
1225980 2239.3
1225990 2229.2
1226000 2220.9
1226010 2220.9
1226020 2213.5
1226030 2206.7
1226040 2206.7
1226050 2200.8
1226060 2195.7
1226070 2195.7
1226080 2191.4
1226090 2189.0
1226100 2189.0
1226110 2185.9
1226120 2183.8
1226130 2183.8
1226140 2182.5
1226150 2181.6
1226160 2181.7
1226170 2181.7
1226180 2181.0
1226190 2179.5
1226200 2179.5
1226210 2176.9
1226220 2174.0
1226230 2174.0
1226240 2172.7
1226250 2171.8
1226260 2171.8
1226270 2170.4
1226280 2167.7
1226290 2167.7
1226300 2167.2
1226310 2167.6
1226320 2167.6
1226330 2168.9
1226340 2169.5
1226350 2169.5
1226360 2167.6
1226370 2166.4
1226380 2160.6
1226390 2160.6
1226400 2155.8
1226410 2158.4
1226420 2158.4
1226430 2160.4
1226440 2161.7
1226450 2161.7
1226460 2162.5
1226470 2163.5
1226480 2163.5
1226490 2164.4
1226500 2165.5
1226510 2165.5
1226520 2166.3
1226530 2167.3
1226540 2167.3
1226550 2167.9
1226560 2167.9
1226570 2167.9
1226580 2168.1
1226590 2167.2
1226600 2166.0
1226610 2166.0
1226620 2166.5
1226630 2167.6
1226640 2167.6
1226650 2168.5
1226660 2169.3
1226670 2169.3
1226680 2168.8
1226690 2166.9
1226700 2166.9
1226710 2164.7
1226720 2162.2
1226730 2162.2
1226740 2163.3
1226750 2166.3
1226760 2166.3
1226770 2165.1
1226780 2166.0
1226790 2166.0
1226800 2173.7
1226810 2181.4
1226820 2185.0
1226830 2185.0
1226840 2187.8
1226850 2190.3
1226860 2199.0
1226870 2200.3
1226880 2201.4
1226890 2201.4
1226900 2201.6
1226910 2198.9
1226920 2198.9
1226930 2195.4
1226940 2191.4
1226950 2191.4
1226960 2186.5
1226970 2180.8
1226980 2180.8
1226990 2176.6
1227000 2173.9
1227010 2173.9
1227020 2169.3
1227030 2163.9
1227040 2162.1
1227050 2162.1
1227060 2157.0
1227070 2151.8
1227080 2151.8
1227090 2147.1
1227100 2144.7
1227110 2144.7
1227120 2141.9
1227130 2138.4
1227140 2138.4
1227150 2134.9
1227160 2130.8
1227170 2130.8
1227180 2126.2
1227190 2122.2
1227200 2122.2
1227210 2119.1
1227220 2116.4
1227230 2116.4
1227240 2113.5
1227250 2113.2
1227260 2117.1
1227270 2117.1
1227280 2119.9
1227290 2117.3
1227300 2117.3
1227310 2113.4
1227320 2106.3
1227330 2106.3
1227340 2097.3
1227350 2094.0
1227360 2094.0
1227370 2087.9
1227380 2079.0
1227390 2079.0
1227400 2070.0
1227410 2061.1
1227420 2061.1
1227430 2053.4
1227440 2047.9
1227450 2047.9
1227460 2043.6
1227470 2039.9
1227480 2035.1
1227490 2035.1
1227500 2031.5
1227510 2026.0
1227520 2026.0
1227530 2021.6
1227540 2017.8
1227550 2017.8
1227560 2011.6
1227570 2001.1
1227580 2001.1
1227590 1992.3
1227600 1987.7
1227610 1987.7
1227620 1983.0
1227630 1979.0
1227640 1979.0
1227650 1975.8
1227660 1971.8
1227670 1971.8
1227680 1967.2
1227690 1962.2
1227700 1958.5
1227710 1958.5
1227720 1954.7
1227730 1950.9
1227740 1950.9
1227750 1946.3
1227760 1941.8
1227770 1941.8
1227780 1940.2
1227790 1941.6
1227800 1941.6
1227810 1940.5
1227820 1934.5
1227830 1934.5
1227840 1932.1
1227850 1927.0
1227860 1927.0
1227870 1920.2
1227880 1914.3
1227890 1909.3
1227900 1909.3
1227910 1904.9
1227920 1898.2
1227930 1898.2
1227940 1892.8
1227950 1886.5
1227960 1886.5
1227970 1880.1
1227980 1874.4
1227990 1874.4
1228000 1869.3
1228010 1864.9
1228020 1864.9
1228030 1862.3
1228040 1860.9
1228050 1860.9
1228060 1858.6
1228070 1856.3
1228080 1856.3
1228090 1853.6
1228100 1850.9
1228110 1849.3
1228120 1849.3
1228130 1847.9
1228140 1846.3
1228150 1846.3
1228160 1845.9
1228170 1845.3
1228180 1845.3
1228190 1842.0
1228200 1835.6
1228210 1835.6
1228220 1828.3
1228230 1820.1
1228240 1820.1
1228250 1811.2
1228260 1802.4
1228270 1802.4
1228280 1793.9
1228290 1785.9
1228300 1785.9
1228310 1779.1
1228320 1776.5
1228330 1778.2
1228340 1786.7
1228350 1788.2
1228360 1789.2
1228370 1789.2
1228380 1784.5
1228390 1779.2
1228400 1779.2
1228410 1776.2
1228420 1774.7
1228430 1774.7
1228440 1772.5
1228450 1768.8
1228460 1768.8
1228470 1764.9
1228480 1757.4
1228490 1757.4
1228500 1751.2
1228510 1748.6
1228520 1748.6
1228530 1744.0
1228540 1739.5
1228550 1735.8
1228560 1735.8
1228570 1732.3
1228580 1729.9
1228590 1729.9
1228600 1729.1
1228610 1727.1
1228620 1727.1
1228630 1724.2
1228640 1720.9
1228650 1720.9
1228660 1719.0
1228670 1718.3
1228680 1718.3
1228690 1717.9
1228700 1717.2
1228710 1717.2
1228720 1717.2
1228730 1717.5
1228740 1717.5
1228750 1717.0
1228760 1717.6
1228770 1719.6
1228780 1719.6
1228790 1721.0
1228800 1722.1
1228810 1722.1
1228820 1718.0
1228830 1718.9
1228840 1718.9
1228850 1719.7
1228860 1721.5
1228870 1721.5
1228880 1719.9
1228890 1715.9
1228900 1715.9
1228910 1711.4
1228920 1708.2
1228930 1708.2
1228940 1709.1
1228950 1709.0
1228960 1709.0
1228970 1709.3
1228980 1711.2
1228990 1713.0
1229000 1713.0
1229010 1715.4
1229020 1719.9
1229030 1719.9
1229040 1725.6
1229050 1729.1
1229060 1729.1
1229070 1734.2
1229080 1739.5
1229090 1739.5
1229100 1745.3
1229110 1749.8
1229120 1749.8
1229130 1754.7
1229140 1762.5
1229150 1762.5
1229160 1767.8
1229170 1774.0
1229180 1774.0
1229190 1780.6
1229200 1786.6
1229210 1792.7
1229220 1792.7
1229230 1798.9
1229240 1803.3
1229250 1803.3
1229260 1807.2
1229270 1812.2
1229280 1812.2
1229290 1817.4
1229300 1823.7
1229310 1823.7
1229320 1830.3
1229330 1827.8
1229340 1827.8
1229350 1834.9
1229360 1842.9
1229370 1842.9
1229380 1851.1
1229390 1857.6
1229400 1857.6
1229410 1861.5
1229420 1866.1
1229430 1870.8
1229440 1870.8
1229450 1873.6
1229460 1876.2
1229470 1876.2
1229480 1881.5
1229490 1886.1
1229500 1886.1
1229510 1891.3
1229520 1897.0
1229530 1897.0
1229540 1901.8
1229550 1906.9
1229560 1906.9
1229570 1910.2
1229580 1913.9
1229590 1913.9
1229600 1916.8
1229610 1922.7
1229620 1922.7
1229630 1930.3
1229640 1934.3
1229650 1939.4
1229660 1939.4
1229670 1941.7
1229680 1944.5
1229690 1944.5
1229700 1949.3
1229710 1955.4
1229720 1955.4
1229730 1958.7
1229740 1960.9
1229750 1960.9
1229760 1970.1
1229770 1981.1
1229780 1981.1
1229790 1981.0
1229800 1981.9
1229810 1981.9
1229820 1995.0
1229830 1992.2
1229840 1992.2
1229850 2003.2
1229860 2012.8
1229870 2025.1
1229880 2025.1
1229890 2032.8
1229900 2037.6
1229910 2037.6
1229920 2042.5
1229930 2050.9
1229940 2050.9
1229950 2058.5
1229960 2063.7
1229970 2063.7
1229980 2071.9
1229990 2084.2
1230000 2084.2
1230010 2086.5
1230020 2090.2
1230030 2090.2
1230040 2092.5
1230050 2094.5
1230060 2094.5
1230070 2093.6
1230080 2094.5
1230090 2097.5
1230100 2097.5
1230110 2100.9
1230120 2104.1
1230130 2104.1
1230140 2107.4
1230150 2111.4
1230160 2111.4
1230170 2113.9
1230180 2117.4
1230190 2117.4
1230200 2121.7
1230210 2125.5
1230220 2125.5
1230230 2132.9
1230240 2142.4
1230250 2142.4
1230260 2157.9
1230270 2171.4
1230280 2171.4
1230290 2184.9
1230300 2195.9
1230310 2204.8
1230320 2200.1
1230330 2208.2
1230340 2223.0
1230350 2223.0
1230360 2240.2
1230370 2252.9
1230380 2252.9
1230390 2258.9
1230400 2264.7
1230410 2264.7
1230420 2274.3
1230430 2287.7
1230440 2287.7
1230450 2296.8
1230460 2302.5
1230470 2302.5
1230480 2308.9
1230490 2311.6
1230500 2311.6
1230510 2312.5
1230520 2316.4
1230530 2322.0
1230540 2322.0
1230550 2329.1
1230560 2337.1
1230570 2337.1
1230580 2343.0
1230590 2346.4
1230600 2346.4
1230610 2350.2
1230620 2355.6
1230630 2355.6
1230640 2361.8
1230650 2368.7
1230660 2368.7
1230670 2376.4
1230680 2383.2
1230690 2383.2
1230700 2389.2
1230710 2394.4
1230720 2394.4
1230730 2401.7
1230740 2408.2
1230750 2412.4
1230760 2412.4
1230770 2411.1
1230780 2406.4
1230790 2406.4
1230800 2401.7
1230810 2393.9
1230820 2377.8
1230830 2374.5
1230840 2370.2
1230850 2370.2
1230860 2371.7
1230870 2376.8
1230880 2376.8
1230890 2383.1
1230900 2389.7
1230910 2389.7
1230920 2394.4
1230930 2400.2
1230940 2400.2
1230950 2404.5
1230960 2408.2
1230970 2413.7
1230980 2413.7
1230990 2420.5
1231000 2427.6
1231010 2427.6
1231020 2435.1
1231030 2440.4
1231040 2440.4
1231050 2442.8
1231060 2442.5
1231070 2442.5
1231080 2441.0
1231090 2444.1
1231100 2444.1
1231110 2449.6
1231120 2455.0
1231130 2455.0
1231140 2460.6
1231150 2464.7
1231160 2464.7
1231170 2467.6
1231180 2471.1
1231190 2475.9
1231200 2475.9
1231210 2483.6
1231220 2490.9
1231230 2490.9
1231240 2498.8
1231250 2507.4
1231260 2507.4
1231270 2515.8
1231280 2521.9
1231290 2521.9
1231300 2526.5
1231310 2532.2
1231320 2530.4
1231330 2537.1
1231340 2545.1
1231350 2545.1
1231360 2551.1
1231370 2558.0
1231380 2565.2
1231390 2565.2
1231400 2572.6
1231410 2578.0
1231420 2578.0
1231430 2582.1
1231440 2586.2
1231450 2586.2
1231460 2590.6
1231470 2595.7
1231480 2595.7
1231490 2601.0
1231500 2606.5
1231510 2606.5
1231520 2612.2
1231530 2618.6
1231540 2618.6
1231550 2625.2
1231560 2632.3
1231570 2632.3
1231580 2639.4
1231590 2646.9
1231600 2654.8
1231610 2654.8
1231620 2664.4
1231630 2672.5
1231640 2672.5
1231650 2687.4
1231660 2697.2
1231670 2697.2
1231680 2713.0
1231690 2730.2
1231700 2730.2
1231710 2735.8
1231720 2742.9
1231730 2742.9
1231740 2761.9
1231750 2764.4
1231760 2764.4
1231770 2763.3
1231780 2764.3
1231790 2764.3
1231800 2762.3
1231810 2760.8
1231820 2751.4
1231830 2751.4
1231840 2752.7
1231850 2753.5
1231860 2753.5
1231870 2755.2
1231880 2755.7
1231890 2755.7
1231900 2756.1
1231910 2756.2
1231920 2756.2
1231930 2756.8
1231940 2760.3
1231950 2760.3
1231960 2765.7
1231970 2771.2
1231980 2771.2
1231990 2776.7
1232000 2782.5
1232010 2782.5
1232020 2789.3
1232030 2796.9
1232040 2805.0
1232050 2805.0
1232060 2813.0
1232070 2820.7
1232080 2820.7
1232090 2828.5
1232100 2836.2
1232110 2836.2
1232120 2843.8
1232130 2851.6
1232140 2851.6
1232150 2860.0
1232160 2863.9
1232170 2863.9
1232180 2859.8
1232190 2857.5
1232200 2857.5
1232210 2857.9
1232220 2861.2
1232230 2861.2
1232240 2859.9
1232250 2852.9
1232260 2850.7
1232270 2850.7
1232280 2855.1
1232290 2865.7
1232300 2865.7
1232310 2877.1
1232320 2887.7
1232330 2886.2
1232340 2887.1
1232350 2887.4
1232360 2887.4
1232370 2893.1
1232380 2903.9
1232390 2903.9
1232400 2912.8
1232410 2913.7
1232420 2913.7
1232430 2910.3
1232440 2904.2
1232450 2904.2
1232460 2898.2
1232470 2895.2
1232480 2893.1
1232490 2893.1
1232500 2890.5
1232510 2887.4
1232520 2887.4
1232530 2884.7
1232540 2881.2
1232550 2881.2
1232560 2876.2
1232570 2870.6
1232580 2870.6
1232590 2866.7
1232600 2867.1
1232610 2867.1
1232620 2869.9
1232630 2873.6
1232640 2873.6
1232650 2878.7
1232660 2885.3
1232670 2885.3
1232680 2894.2
1232690 2903.9
1232700 2912.4
1232710 2912.4
1232720 2920.2
1232730 2928.8
1232740 2928.8
1232750 2937.7
1232760 2948.6
1232770 2948.6
1232780 2961.7
1232790 2970.6
1232800 2970.6
1232810 2967.6
1232820 2956.8
1232830 2953.1
1232840 2944.6
1232850 2940.4
1232860 2940.4
1232870 2939.2
1232880 2940.6
1232890 2940.6
1232900 2946.9
1232910 2957.5
1232920 2970.6
1232930 2970.6
1232940 2983.2
1232950 2990.8
1232960 2990.8
1232970 2995.4
1232980 2998.8
1232990 2998.8
1233000 3004.7
1233010 3013.2
1233020 3013.2
1233030 3013.2
1233040 3008.0
1233050 3008.0
1233060 3001.0
1233070 2989.9
1233080 2989.9
1233090 2980.0
1233100 2970.9
1233110 2970.9
1233120 2963.2
1233130 2951.6
1233140 2939.3
1233150 2939.3
1233160 2929.7
1233170 2921.7
1233180 2921.7
1233190 2915.0
1233200 2911.0
1233210 2911.0
1233220 2908.0
1233230 2905.5
1233240 2905.5
1233250 2903.4
1233260 2901.6
1233270 2901.6
1233280 2901.4
1233290 2902.7
1233300 2902.7
1233310 2904.3
1233320 2905.5
1233330 2900.3
1233340 2901.9
1233350 2902.2
1233360 2901.1
1233370 2901.1
1233380 2900.0
1233390 2899.0
1233400 2899.0
1233410 2897.8
1233420 2896.4
1233430 2896.4
1233440 2894.7
1233450 2892.0
1233460 2892.0
1233470 2889.8
1233480 2887.8
1233490 2887.8
1233500 2885.5
1233510 2883.7
1233520 2883.7
1233530 2882.0
1233540 2880.6
1233550 2880.6
1233560 2879.3
1233570 2877.0
1233580 2874.3
1233590 2874.3
1233600 2870.4
1233610 2865.7
1233620 2865.7
1233630 2861.5
1233640 2857.6
1233650 2857.6
1233660 2853.6
1233670 2849.6
1233680 2849.6
1233690 2846.1
1233700 2842.6
1233710 2842.6
1233720 2839.4
1233730 2836.2
1233740 2836.2
1233750 2833.2
1233760 2829.6
1233770 2829.6
1233780 2823.9
1233790 2815.5
1233800 2807.2
1233810 2807.2
1233820 2799.8
1233830 2792.7
1233840 2794.2
1233850 2786.7
1233860 2779.8
1233870 2779.8
1233880 2774.5
1233890 2772.1
1233900 2772.1
1233910 2771.6
1233920 2771.9
1233930 2771.9
1233940 2771.4
1233950 2769.3
1233960 2769.3
1233970 2766.4
1233980 2763.8
1233990 2763.8
1234000 2763.6
1234010 2762.6
1234020 2760.8
1234030 2760.8
1234040 2758.7
1234050 2754.5
1234060 2754.5
1234070 2746.2
1234080 2738.5
1234090 2738.5
1234100 2732.9
1234110 2728.0
1234120 2728.0
1234130 2723.8
1234140 2719.2
1234150 2719.2
1234160 2713.8
1234170 2709.9
1234180 2709.9
1234190 2708.2
1234200 2707.6
1234210 2707.6
1234220 2707.3
1234230 2707.2
1234240 2707.3
1234250 2707.3
1234260 2707.6
1234270 2708.3
1234280 2708.3
1234290 2708.2
1234300 2706.3
1234310 2706.3
1234320 2704.3
1234330 2701.4
1234340 2701.4
1234350 2699.2
1234360 2698.0
1234370 2698.0
1234380 2697.5
1234390 2697.3
1234400 2697.3
1234410 2697.7
1234420 2699.3
1234430 2699.3
1234440 2699.8
1234450 2698.7
1234460 2696.0
1234470 2696.0
1234480 2693.3
1234490 2691.5
1234500 2691.5
1234510 2691.4
1234520 2691.4
1234530 2691.4
1234540 2691.4
1234550 2691.9
1234560 2691.9
1234570 2692.2
1234580 2692.2
1234590 2692.2
1234600 2691.8
1234610 2692.0
1234620 2692.0
1234630 2692.6
1234640 2693.6
1234650 2692.7
1234660 2692.7
1234670 2692.4
1234680 2692.3
1234690 2692.3
1234700 2692.4
1234710 2692.6
1234720 2692.6
1234730 2693.8
1234740 2695.8
1234750 2695.8
1234760 2695.0
1234770 2695.5
1234780 2695.5
1234790 2694.7
1234800 2693.5
1234810 2693.5
1234820 2692.1
1234830 2692.2
1234840 2692.2
1234850 2688.7
1234860 2686.8
1234870 2684.3
1234880 2684.3
1234890 2682.2
1234900 2682.7
1234910 2682.7
1234920 2681.7
1234930 2679.9
1234940 2679.9
1234950 2677.6
1234960 2673.3
1234970 2673.3
1234980 2669.0
1234990 2665.5
1235000 2665.5
1235010 2663.5
1235020 2662.5
1235030 2662.5
1235040 2660.6
1235050 2661.8
1235060 2661.8
1235070 2667.5
1235080 2670.8
1235090 2672.1
1235100 2672.1
1235110 2672.9
1235120 2673.4
1235130 2673.4
1235140 2673.9
1235150 2673.7
1235160 2673.7
1235170 2673.4
1235180 2673.5
1235190 2673.5
1235200 2672.8
1235210 2672.2
1235220 2672.2
1235230 2671.4
1235240 2669.8
1235250 2669.8
1235260 2667.9
1235270 2667.1
1235280 2667.1
1235290 2666.7
1235300 2666.4
1235310 2665.2
1235320 2665.2
1235330 2663.3
1235340 2660.8
1235350 2660.8
1235360 2655.2
1235370 2652.7
1235380 2652.7
1235390 2650.7
1235400 2650.6
1235410 2650.6
1235420 2650.9
1235430 2652.7
1235440 2652.7
1235450 2657.6
1235460 2662.6
1235470 2662.6
1235480 2664.5
1235490 2667.3
1235500 2667.3
1235510 2668.9
1235520 2670.5
1235530 2672.0
1235540 2672.0
1235550 2673.3
1235560 2674.7
1235570 2674.7
1235580 2675.9
1235590 2676.6
1235600 2676.6
1235610 2676.8
1235620 2676.7
1235630 2676.7
1235640 2676.6
1235650 2676.7
1235660 2676.7
1235670 2676.7
1235680 2676.6
1235690 2676.6
1235700 2676.7
1235710 2676.8
1235720 2676.8
1235730 2677.1
1235740 2677.7
1235750 2678.9
1235760 2678.9
1235770 2682.0
1235780 2685.2
1235790 2685.2
1235800 2687.6
1235810 2689.9
1235820 2689.9
1235830 2692.8
1235840 2696.3
1235850 2696.3
1235860 2700.4
1235870 2707.2
1235880 2707.2
1235890 2711.5
1235900 2714.9
1235910 2714.9
1235920 2717.7
1235930 2720.8
1235940 2720.8
1235950 2726.7
1235960 2732.6
1235970 2739.1
1235980 2739.1
1235990 2746.2
1236000 2753.2
1236010 2753.2
1236020 2759.8
1236030 2767.4
1236040 2767.4
1236050 2774.0
1236060 2778.3
1236070 2778.3
1236080 2783.4
1236090 2787.8
1236100 2787.8
1236110 2791.3
1236120 2795.8
1236130 2795.8
1236140 2801.0
1236150 2806.5
1236160 2806.5
1236170 2812.1
1236180 2816.6
1236190 2819.5
1236200 2819.5
1236210 2822.9
1236220 2826.8
1236230 2826.8
1236240 2830.6
1236250 2834.5
1236260 2834.5
1236270 2838.9
1236280 2843.9
1236290 2843.9
1236300 2849.0
1236310 2854.4
1236320 2854.4
1236330 2859.4
1236340 2864.6
1236350 2864.6
1236360 2870.6
1236370 2876.2
1236380 2877.4
1236390 2883.7
1236400 2890.6
1236410 2897.7
1236420 2897.7
1236430 2904.9
1236440 2912.0
1236450 2912.0
1236460 2919.0
1236470 2926.1
1236480 2926.1
1236490 2934.7
1236500 2945.2
1236510 2945.2
1236520 2957.4
1236530 2977.6
1236540 2977.6
1236550 2997.8
1236560 3015.3
1236570 3015.3
1236580 3035.3
1236590 3050.5
1236600 3050.5
1236610 3069.1
1236620 3083.8
1236630 3096.3
1236640 3096.3
1236650 3110.2
1236660 3122.7
1236670 3122.7
1236680 3129.3
1236690 3134.5
1236700 3134.5
1236710 3140.6
1236720 3148.5
1236730 3148.5
1236740 3158.1
1236750 3168.3
1236760 3168.3
1236770 3180.0
1236780 3190.0
1236790 3190.0
1236800 3202.3
1236810 3212.0
1236820 3212.0
1236830 3208.0
1236840 3201.0
1236850 3194.1
1236860 3194.1
1236870 3188.3
1236880 3182.5
1236890 3183.9
1236900 3178.0
1236910 3171.7
1236920 3171.7
1236930 3165.1
1236940 3158.8
1236950 3158.8
1236960 3151.8
1236970 3143.8
1236980 3143.8
1236990 3137.6
1237000 3132.0
1237010 3132.0
1237020 3127.0
1237030 3121.6
1237040 3121.6
1237050 3116.4
1237060 3111.2
1237070 3105.9
1237080 3105.9
1237090 3101.0
1237100 3098.2
1237110 3098.2
1237120 3094.3
1237130 3089.6
1237140 3089.6
1237150 3084.6
1237160 3079.5
1237170 3079.5
1237180 3074.1
1237190 3068.2
1237200 3068.2
1237210 3062.2
1237220 3056.5
1237230 3056.5
1237240 3051.1
1237250 3046.3
1237260 3046.3
1237270 3042.1
1237280 3038.1
1237290 3034.3
1237300 3034.3
1237310 3030.7
1237320 3027.5
1237330 3027.5
1237340 3024.6
1237350 3021.8
1237360 3021.8
1237370 3019.3
1237380 3017.0
1237390 3017.0
1237400 3014.5
1237410 3012.9
1237420 3012.9
1237430 3011.2
1237440 3009.4
1237450 3009.4
1237460 3007.5
1237470 3005.6
1237480 3005.6
1237490 3003.6
1237500 3001.4
1237510 2999.0
1237520 2999.0
1237530 2996.2
1237540 2993.1
1237550 2993.1
1237560 2989.6
1237570 2985.9
1237580 2985.9
1237590 2982.0
1237600 2977.9
1237610 2977.9
1237620 2973.6
1237630 2969.3
1237640 2969.3
1237650 2965.2
1237660 2961.5
1237670 2961.5
1237680 2958.3
1237690 2955.9
1237700 2954.0
1237710 2954.0
1237720 2952.5
1237730 2951.1
1237740 2951.1
1237750 2950.2
1237760 2949.8
1237770 2949.8
1237780 2949.5
1237790 2949.1
1237800 2949.1
1237810 2948.7
1237820 2948.1
1237830 2948.1
1237840 2947.2
1237850 2946.3
1237860 2946.3
1237870 2945.3
1237880 2944.3
1237890 2944.3
1237900 2943.2
1237910 2942.0
1237920 2940.3
1237930 2940.3
1237940 2938.7
1237950 2937.0
1237960 2937.0
1237970 2935.1
1237980 2933.2
1237990 2933.2
1238000 2931.1
1238010 2928.5
1238020 2928.5
1238030 2925.3
1238040 2921.3
1238050 2921.3
1238060 2916.7
1238070 2911.6
1238080 2911.6
1238090 2906.9
1238100 2902.8
1238110 2902.8
1238120 2898.7
1238130 2893.0
1238140 2885.9
1238150 2885.9
1238160 2876.8
1238170 2869.0
1238180 2869.0
1238190 2864.8
1238200 2862.7
1238210 2862.7
1238220 2860.4
1238230 2856.3
1238240 2856.3
1238250 2852.4
1238260 2849.4
1238270 2849.4
1238280 2847.6
1238290 2846.5
1238300 2846.5
1238310 2845.9
1238320 2845.0
1238330 2845.0
1238340 2843.5
1238350 2841.6
1238360 2839.8
1238370 2839.8
1238380 2837.8
1238390 2835.4
1238400 2835.4
1238410 2832.5
1238420 2829.3
1238430 2827.5
1238440 2824.0
1238450 2820.6
1238460 2820.6
1238470 2817.7
1238480 2815.0
1238490 2815.0
1238500 2812.5
1238510 2810.2
1238520 2810.2
1238530 2808.3
1238540 2807.8
1238550 2807.8
1238560 2808.2
1238570 2808.3
1238580 2808.1
1238590 2808.1
1238600 2807.9
1238610 2807.6
1238620 2807.6
1238630 2807.7
1238640 2807.6
1238650 2807.6
1238660 2807.4
1238670 2807.7
1238680 2807.7
1238690 2808.2
1238700 2808.4
1238710 2808.4
1238720 2808.4
1238730 2808.1
1238740 2808.1
1238750 2807.6
1238760 2806.8
1238770 2806.8
1238780 2806.0
1238790 2805.5
1238800 2805.9
1238810 2805.9
1238820 2806.4
1238830 2808.1
1238840 2808.1
1238850 2810.2
1238860 2811.9
1238870 2811.9
1238880 2812.1
1238890 2810.7
1238900 2810.7
1238910 2807.6
1238920 2804.4
1238930 2804.4
1238940 2801.9
1238950 2794.4
1238960 2794.4
1238970 2791.3
1238980 2788.8
1238990 2788.8
1239000 2786.7
1239010 2784.5
1239020 2782.8
1239030 2782.8
1239040 2781.4
1239050 2780.4
1239060 2780.4
1239070 2779.8
1239080 2779.3
1239090 2779.3
1239100 2777.7
1239110 2775.3
1239120 2775.3
1239130 2771.9
1239140 2767.9
1239150 2767.9
1239160 2763.7
1239170 2759.0
1239180 2759.0
1239190 2754.5
1239200 2749.6
1239210 2749.6
1239220 2744.9
1239230 2740.6
1239240 2737.2
1239250 2737.2
1239260 2734.6
1239270 2732.5
1239280 2732.5
1239290 2730.4
1239300 2727.9
1239310 2727.9
1239320 2725.2
1239330 2721.9
1239340 2721.9
1239350 2718.0
1239360 2714.5
1239370 2714.5
1239380 2710.7
1239390 2706.3
1239400 2706.3
1239410 2700.7
1239420 2693.8
1239430 2693.8
1239440 2685.3
1239450 2676.9
1239460 2664.5
1239470 2664.5
1239480 2656.4
1239490 2649.6
1239500 2649.6
1239510 2642.8
1239520 2635.3
1239530 2635.3
1239540 2628.2
1239550 2620.8
1239560 2620.8
1239570 2613.2
1239580 2606.0
1239590 2606.0
1239600 2599.0
1239610 2592.5
1239620 2592.5
1239630 2586.1
1239640 2579.8
1239650 2579.8
1239660 2574.2
1239670 2569.2
1239680 2564.9
1239690 2564.9
1239700 2560.4
1239710 2556.6
1239720 2556.6
1239730 2553.7
1239740 2550.8
1239750 2550.8
1239760 2548.5
1239770 2546.7
1239780 2546.7
1239790 2544.7
1239800 2543.4
1239810 2543.4
1239820 2542.5
1239830 2541.5
1239840 2541.5
1239850 2540.8
1239860 2540.4
1239870 2540.4
1239880 2540.3
1239890 2540.3
1239900 2540.2
1239910 2540.2
1239920 2540.0
1239930 2539.8
1239940 2539.8
1239950 2539.9
1239960 2539.9
1239970 2539.9
1239980 2540.0
1239990 2539.9
