1220000 1174.8
1220010 1174.8
1220020 1175.1
1220030 1174.7
1220040 1174.7
1220050 1174.5
1220060 1174.3
1220070 1174.3
1220080 1174.2
1220090 1173.9
1220100 1173.9
1220110 1173.6
1220120 1173.4
1220130 1173.4
1220140 1173.2
1220150 1173.2
1220160 1173.2
1220170 1173.1
1220180 1173.1
1220190 1173.1
1220200 1173.0
1220210 1172.9
1220220 1172.8
1220230 1172.9
1220240 1172.8
1220250 1172.7
1220260 1172.7
1220270 1172.6
1220280 1172.6
1220290 1172.6
1220300 1172.8
1220310 1172.4
1220320 1172.4
1220330 1172.3
1220340 1172.4
1220350 1172.4
1220360 1172.4
1220370 1172.3
1220380 1172.3
1220390 1172.2
1220400 1172.2
1220410 1172.2
1220420 1172.2
1220430 1172.2
1220440 1172.2
1220450 1172.2
1220460 1172.1
1220470 1172.0
1220480 1172.0
1220490 1172.0
1220500 1172.0
1220510 1172.0
1220520 1171.8
1220530 1171.8
1220540 1171.8
1220550 1172.1
1220560 1171.8
1220570 1171.8
1220580 1171.7
1220590 1171.7
1220600 1171.7
1220610 1171.7
1220620 1171.6
1220630 1171.6
1220640 1171.6
1220650 1171.5
1220660 1171.6
1220670 1171.6
1220680 1171.6
1220690 1171.5
1220700 1171.5
1220710 1171.6
1220720 1171.5
1220730 1171.5
1220740 1171.4
1220750 1171.4
1220760 1171.4
1220770 1171.3
1220780 1171.2
1220790 1171.2
1220800 1171.4
1220810 1172.1
1220820 1172.1
1220830 1172.1
1220840 1171.6
1220850 1171.6
1220860 1170.9
1220870 1170.1
1220880 1172.0
1220890 1172.0
1220900 1173.3
1220910 1175.1
1220920 1175.1
1220930 1179.5
1220940 1185.3
1220950 1185.3
1220960 1190.9
1220970 1197.4
1220980 1197.4
1220990 1203.7
1221000 1210.2
1221010 1210.2
1221020 1217.0
1221030 1224.0
1221040 1224.0
1221050 1230.8
1221060 1237.5
1221070 1237.5
1221080 1244.1
1221090 1250.9
1221100 1258.0
1221110 1258.0
1221120 1265.1
1221130 1272.1
1221140 1272.1
1221150 1279.3
1221160 1286.5
1221170 1286.5
1221180 1293.8
1221190 1302.6
1221200 1302.6
1221210 1309.8
1221220 1317.3
1221230 1317.3
1221240 1325.1
1221250 1332.5
1221260 1332.5
1221270 1340.4
1221280 1351.3
1221290 1351.3
1221300 1370.7
1221310 1383.5
1221320 1398.8
1221330 1398.8
1221340 1412.9
1221350 1422.8
1221360 1422.8
1221370 1429.8
1221380 1436.2
1221390 1436.2
1221400 1443.1
1221410 1450.2
1221420 1450.2
1221430 1460.6
1221440 1479.2
1221450 1479.2
1221460 1501.7
1221470 1516.6
1221480 1516.6
1221490 1524.2
1221500 1527.9
1221510 1527.9
1221520 1532.5
1221530 1538.6
1221540 1544.6
1221550 1544.6
1221560 1550.2
1221570 1557.0
1221580 1557.0
1221590 1562.2
1221600 1566.9
1221610 1566.9
1221620 1572.9
1221630 1581.1
1221640 1581.1
1221650 1594.4
1221660 1603.9
1221670 1604.4
1221680 1615.5
1221690 1630.3
1221700 1630.3
1221710 1639.6
1221720 1646.9
1221730 1654.8
1221740 1654.8
1221750 1664.7
1221760 1675.1
1221770 1675.1
1221780 1682.9
1221790 1685.6
1221800 1685.6
1221810 1686.8
1221820 1686.3
1221830 1686.3
1221840 1688.2
1221850 1702.0
1221860 1702.0
1221870 1708.6
1221880 1711.0
1221890 1711.0
1221900 1711.7
1221910 1713.0
1221920 1713.0
1221930 1714.5
1221940 1715.8
1221950 1717.0
1221960 1717.0
1221970 1717.7
1221980 1718.9
1221990 1718.9
1222000 1720.1
1222010 1721.2
1222020 1721.2
1222030 1723.0
1222040 1724.3
1222050 1724.3
1222060 1725.7
1222070 1727.5
1222080 1727.5
1222090 1731.0
1222100 1734.8
1222110 1734.8
1222120 1737.0
1222130 1737.7
1222140 1737.7
1222150 1738.4
1222160 1739.2
1222170 1740.0
1222180 1740.0
1222190 1740.5
1222200 1740.8
1222210 1740.8
1222220 1741.3
1222230 1742.1
1222240 1742.1
1222250 1743.0
1222260 1743.9
1222270 1743.9
1222280 1745.0
1222290 1746.2
1222300 1746.2
1222310 1748.3
1222320 1751.3
1222330 1751.3
1222340 1755.7
1222350 1760.5
1222360 1760.5
1222370 1765.3
1222380 1770.6
1222390 1775.7
1222400 1775.7
1222410 1781.1
1222420 1787.3
1222430 1787.3
1222440 1794.1
1222450 1802.2
1222460 1802.2
1222470 1811.2
1222480 1817.3
1222490 1817.3
1222500 1821.6
1222510 1826.0
1222520 1826.0
1222530 1831.1
1222540 1837.0
1222550 1837.0
1222560 1843.3
1222570 1848.8
1222580 1848.8
1222590 1853.3
1222600 1858.2
1222610 1865.0
1222620 1865.0
1222630 1878.1
1222640 1890.6
1222650 1890.6
1222660 1896.6
1222670 1902.5
1222680 1902.5
1222690 1908.8
1222700 1917.2
1222710 1917.2
1222720 1927.0
1222730 1938.8
1222740 1938.8
1222750 1949.8
1222760 1955.5
1222770 1955.5
1222780 1960.8
1222790 1967.6
1222800 1967.6
1222810 1976.4
1222820 1987.4
1222830 1992.9
1222840 1992.9
1222850 1997.3
1222860 1997.0
1222870 1997.0
1222880 1989.0
1222890 1991.6
1222900 1991.6
1222910 1998.7
1222920 1990.3
1222930 1990.3
1222940 1981.4
1222950 1977.6
1222960 1977.6
1222970 1971.7
1222980 1966.9
1222990 1966.9
1223000 1962.2
1223010 1961.2
1223020 1961.2
1223030 1959.4
1223040 1959.6
1223050 1962.4
1223060 1962.4
1223070 1967.1
1223080 1976.0
1223090 1976.0
1223100 1989.6
1223110 2000.4
1223120 1998.0
1223130 2006.0
1223140 2013.7
1223150 2013.7
1223160 2020.0
1223170 2026.3
1223180 2026.3
1223190 2031.0
1223200 2035.1
1223210 2035.1
1223220 2041.7
1223230 2050.5
1223240 2050.5
1223250 2059.7
1223260 2068.9
1223270 2077.7
1223280 2077.7
1223290 2084.2
1223300 2084.2
1223310 2084.2
1223320 2079.0
1223330 2079.8
1223340 2079.8
1223350 2091.1
1223360 2102.3
1223370 2102.3
1223380 2111.9
1223390 2117.3
1223400 2117.3
1223410 2118.0
1223420 2115.8
1223430 2115.8
1223440 2113.5
1223450 2111.6
1223460 2111.6
1223470 2109.0
1223480 2107.2
1223490 2104.6
1223500 2104.6
1223510 2098.8
1223520 2093.7
1223530 2093.7
1223540 2097.8
1223550 2100.7
1223560 2100.7
1223570 2102.2
1223580 2101.3
1223590 2101.3
1223600 2102.8
1223610 2110.0
1223620 2110.0
1223630 2106.7
1223640 2108.1
1223650 2108.1
1223660 2112.0
1223670 2109.7
1223680 2109.7
1223690 2109.5
1223700 2119.2
1223710 2124.4
1223720 2124.4
1223730 2131.3
1223740 2137.2
1223750 2137.2
1223760 2143.4
1223770 2148.9
1223780 2148.9
1223790 2153.4
1223800 2157.4
1223810 2157.4
1223820 2162.0
1223830 2165.8
1223840 2165.8
1223850 2167.5
1223860 2167.1
1223870 2167.1
1223880 2164.7
1223890 2161.1
1223900 2161.1
1223910 2161.5
1223920 2160.1
1223930 2156.0
1223940 2156.0
1223950 2153.1
1223960 2150.0
1223970 2150.0
1223980 2144.6
1223990 2147.1
1224000 2147.1
1224010 2146.9
1224020 2151.4
1224030 2151.4
1224040 2152.7
1224050 2140.2
1224060 2140.2
1224070 2120.1
1224080 2110.0
1224090 2116.4
1224100 2116.5
1224110 2123.2
1224120 2123.2
1224130 2133.2
1224140 2135.6
1224150 2138.3
1224160 2138.3
1224170 2141.1
1224180 2145.5
1224190 2145.5
1224200 2153.6
1224210 2161.6
1224220 2161.6
1224230 2169.7
1224240 2179.8
1224250 2179.8
1224260 2180.9
1224270 2184.0
1224280 2184.0
1224290 2191.4
1224300 2200.0
1224310 2200.0
1224320 2211.0
1224330 2222.0
1224340 2222.0
1224350 2230.8
1224360 2232.9
1224370 2230.5
1224380 2230.5
1224390 2228.4
1224400 2223.3
1224410 2223.3
1224420 2216.9
1224430 2214.6
1224440 2214.6
1224450 2215.4
1224460 2219.2
1224470 2219.2
1224480 2223.6
1224490 2229.8
1224500 2229.8
1224510 2235.6
1224520 2242.9
1224530 2242.9
1224540 2250.5
1224550 2258.3
1224560 2258.3
1224570 2267.5
1224580 2277.2
1224590 2284.6
1224600 2284.6
1224610 2288.4
1224620 2289.9
1224630 2289.9
1224640 2288.9
1224650 2287.8
1224660 2287.8
1224670 2286.2
1224680 2281.8
1224690 2281.8
1224700 2276.3
1224710 2272.4
1224720 2272.4
1224730 2268.7
1224740 2265.9
1224750 2265.9
1224760 2266.1
1224770 2266.9
1224780 2266.9
1224790 2268.1
1224800 2267.6
1224810 2264.7
1224820 2264.7
1224830 2262.3
1224840 2260.4
1224850 2260.4
1224860 2258.6
1224870 2256.5
1224880 2256.5
1224890 2253.3
1224900 2249.3
1224910 2249.3
1224920 2246.2
1224930 2243.8
1224940 2243.8
1224950 2241.1
1224960 2237.5
1224970 2237.5
1224980 2232.8
1224990 2228.0
1225000 2228.0
1225010 2223.6
1225020 2219.4
1225030 2215.2
1225040 2215.2
1225050 2209.3
1225060 2202.7
1225070 2205.7
1225080 2197.8
1225090 2189.4
1225100 2189.4
1225110 2181.4
1225120 2175.7
1225130 2175.7
1225140 2171.3
1225150 2166.0
1225160 2166.0
1225170 2160.6
1225180 2156.5
1225190 2156.5
1225200 2153.0
1225210 2147.4
1225220 2147.4
1225230 2141.9
1225240 2137.7
1225250 2134.0
1225260 2134.0
1225270 2131.4
1225280 2130.0
1225290 2130.0
1225300 2128.9
1225310 2128.6
1225320 2128.6
1225330 2129.2
1225340 2129.7
1225350 2129.7
1225360 2131.0
1225370 2131.6
1225380 2131.6
1225390 2131.8
1225400 2132.6
1225410 2132.6
1225420 2133.4
1225430 2133.9
1225440 2133.9
1225450 2134.8
1225460 2135.9
1225470 2136.9
1225480 2136.9
1225490 2137.7
1225500 2138.2
1225510 2138.2
1225520 2139.0
1225530 2139.9
1225540 2139.9
1225550 2140.6
1225560 2142.0
1225570 2142.0
1225580 2143.2
1225590 2144.4
1225600 2144.4
1225610 2145.0
1225620 2145.4
1225630 2145.4
1225640 2146.1
1225650 2146.0
1225660 2146.0
1225670 2146.4
1225680 2146.6
1225690 2146.7
1225700 2146.7
1225710 2147.9
1225720 2147.6
1225730 2147.6
1225740 2145.9
1225750 2145.3
1225760 2145.3
1225770 2146.0
1225780 2146.5
1225790 2146.5
1225800 2146.4
1225810 2147.4
1225820 2147.4
1225830 2149.5
1225840 2152.2
1225850 2152.2
1225860 2153.3
1225870 2153.1
1225880 2153.1
1225890 2151.2
1225900 2149.0
1225910 2145.9
1225920 2145.9
1225930 2141.0
1225940 2136.1
1225950 2136.1
1225960 2132.5
1225970 2129.0
1225980 2129.0
1225990 2125.7
1226000 2122.8
1226010 2122.8
1226020 2121.3
1226030 2120.9
1226040 2120.9
1226050 2126.4
1226060 2126.2
1226070 2126.2
1226080 2125.6
1226090 2124.6
1226100 2124.6
1226110 2123.6
1226120 2124.0
1226130 2124.6
1226140 2124.6
1226150 2122.8
1226160 2121.4
1226170 2121.4
1226180 2119.8
1226190 2117.1
1226200 2117.1
1226210 2115.4
1226220 2113.4
1226230 2113.4
1226240 2111.6
1226250 2109.8
1226260 2109.8
1226270 2107.5
1226280 2104.5
1226290 2104.5
1226300 2102.3
1226310 2100.0
1226320 2100.0
1226330 2099.0
1226340 2097.6
1226350 2095.2
1226360 2095.2
1226370 2092.5
1226380 2089.5
1226390 2089.5
1226400 2086.1
1226410 2082.7
1226420 2082.7
1226430 2080.0
1226440 2077.5
1226450 2077.5
1226460 2075.4
1226470 2073.5
1226480 2073.5
1226490 2072.2
1226500 2071.5
1226510 2071.5
1226520 2070.3
1226530 2067.1
1226540 2070.7
1226550 2068.2
1226560 2066.6
1226570 2065.8
1226580 2065.8
1226590 2065.6
1226600 2062.9
1226610 2062.9
1226620 2058.5
1226630 2056.5
1226640 2056.5
1226650 2054.2
1226660 2052.4
1226670 2052.4
1226680 2050.6
1226690 2049.8
1226700 2049.8
1226710 2049.8
1226720 2049.2
1226730 2049.2
1226740 2047.9
1226750 2045.9
1226760 2045.9
1226770 2043.8
1226780 2042.4
1226790 2041.0
1226800 2041.0
1226810 2039.2
1226820 2038.2
1226830 2038.2
1226840 2038.1
1226850 2038.1
1226860 2038.1
1226870 2034.5
1226880 2031.0
1226890 2031.0
1226900 2028.8
1226910 2027.2
1226920 2027.2
1226930 2025.0
1226940 2022.6
1226950 2022.6
1226960 2019.2
1226970 2016.3
1226980 2016.3
1226990 2014.7
1227000 2013.9
1227010 2012.1
1227020 2012.1
1227030 2011.5
1227040 2005.5
1227050 2005.5
1227060 1999.8
1227070 1995.6
1227080 1995.6
1227090 1991.1
1227100 1985.8
1227110 1985.8
1227120 1980.3
1227130 1974.0
1227140 1974.0
1227150 1967.3
1227160 1962.1
1227170 1962.1
1227180 1960.7
1227190 1959.3
1227200 1956.9
1227210 1956.9
1227220 1954.3
1227230 1952.2
1227240 1952.2
1227250 1948.8
1227260 1943.6
1227270 1943.6
1227280 1938.7
1227290 1936.3
1227300 1936.3
1227310 1935.6
1227320 1934.2
1227330 1934.2
1227340 1930.9
1227350 1927.1
1227360 1927.1
1227370 1922.1
1227380 1917.1
1227390 1917.1
1227400 1912.1
1227410 1907.3
1227420 1903.1
1227430 1903.1
1227440 1898.9
1227450 1897.8
1227460 1897.8
1227470 1898.9
1227480 1896.0
1227490 1896.0
1227500 1891.5
1227510 1888.2
1227520 1890.9
1227530 1887.3
1227540 1883.8
1227550 1883.8
1227560 1879.7
1227570 1874.5
1227580 1874.5
1227590 1868.6
1227600 1863.9
1227610 1863.9
1227620 1861.7
1227630 1857.2
1227640 1851.3
1227650 1851.3
1227660 1844.2
1227670 1838.4
1227680 1838.4
1227690 1834.3
1227700 1829.8
1227710 1829.8
1227720 1824.2
1227730 1818.2
1227740 1818.2
1227750 1812.1
1227760 1806.7
1227770 1806.7
1227780 1803.2
1227790 1801.8
1227800 1801.8
1227810 1801.0
1227820 1801.7
1227830 1801.7
1227840 1801.5
1227850 1796.6
1227860 1788.7
1227870 1788.7
1227880 1781.4
1227890 1777.1
1227900 1777.1
1227910 1771.4
1227920 1765.6
1227930 1765.6
1227940 1762.3
1227950 1758.5
1227960 1758.5
1227970 1754.1
1227980 1750.1
1227990 1750.1
1228000 1745.4
1228010 1739.7
1228020 1744.7
1228030 1740.6
1228040 1736.7
1228050 1736.7
1228060 1730.7
1228070 1722.1
1228080 1713.4
1228090 1713.4
1228100 1705.5
1228110 1699.9
1228120 1699.9
1228130 1696.2
1228140 1691.2
1228150 1691.2
1228160 1684.2
1228170 1676.7
1228180 1676.7
1228190 1670.7
1228200 1664.9
1228210 1664.9
1228220 1659.7
1228230 1654.4
1228240 1654.4
1228250 1649.9
1228260 1646.7
1228270 1646.7
1228280 1643.5
1228290 1641.1
1228300 1641.0
1228310 1641.0
1228320 1640.0
1228330 1640.8
1228340 1640.8
1228350 1642.3
1228360 1643.2
1228370 1643.2
1228380 1644.4
1228390 1645.1
1228400 1645.1
1228410 1645.6
1228420 1646.1
1228430 1646.1
1228440 1647.3
1228450 1649.5
1228460 1649.5
1228470 1652.4
1228480 1655.5
1228490 1655.5
1228500 1658.7
1228510 1661.5
1228520 1665.7
1228530 1665.7
1228540 1669.9
1228550 1674.0
1228560 1674.0
1228570 1677.5
1228580 1681.5
1228590 1681.5
1228600 1685.6
1228610 1689.7
1228620 1689.7
1228630 1693.6
1228640 1697.8
1228650 1697.8
1228660 1702.7
1228670 1707.4
1228680 1707.4
1228690 1712.5
1228700 1717.6
1228710 1717.6
1228720 1722.5
1228730 1727.5
1228740 1732.8
1228750 1732.8
1228760 1738.2
1228770 1743.3
1228780 1743.3
1228790 1748.5
1228800 1753.6
1228810 1753.6
1228820 1758.9
1228830 1764.2
1228840 1764.2
1228850 1769.7
1228860 1775.2
1228870 1775.2
1228880 1780.8
1228890 1786.6
1228900 1786.6
1228910 1792.5
1228920 1798.1
1228930 1798.1
1228940 1803.1
1228950 1807.8
1228960 1812.9
1228970 1812.9
1228980 1818.3
1228990 1823.5
1229000 1823.5
1229010 1824.9
1229020 1829.7
1229030 1829.7
1229040 1834.3
1229050 1838.5
1229060 1838.5
1229070 1842.4
1229080 1845.9
1229090 1845.9
1229100 1850.4
1229110 1855.3
1229120 1855.3
1229130 1859.4
1229140 1865.4
1229150 1865.4
1229160 1871.4
1229170 1877.0
1229180 1882.7
1229190 1882.7
1229200 1888.4
1229210 1894.7
1229220 1894.7
1229230 1901.8
1229240 1909.2
1229250 1909.2
1229260 1917.2
1229270 1924.6
1229280 1924.6
1229290 1931.5
1229300 1939.0
1229310 1939.0
1229320 1946.9
1229330 1954.9
1229340 1954.9
1229350 1962.8
1229360 1971.6
1229370 1971.6
1229380 1982.0
1229390 1999.3
1229400 2020.1
1229410 2020.1
1229420 2035.6
1229430 2050.9
1229440 2050.9
1229450 2074.0
1229460 2094.8
1229470 2094.8
1229480 2111.8
1229490 2122.7
1229500 2119.9
1229510 2127.3
1229520 2133.4
1229530 2133.4
1229540 2142.4
1229550 2151.3
1229560 2151.3
1229570 2157.2
1229580 2162.2
1229590 2162.2
1229600 2167.0
1229610 2173.6
1229620 2182.2
1229630 2182.2
1229640 2189.8
1229650 2197.6
1229660 2197.6
1229670 2204.4
1229680 2211.9
1229690 2211.9
1229700 2219.3
1229710 2226.4
1229720 2226.4
1229730 2235.5
1229740 2242.2
1229750 2242.2
1229760 2248.4
1229770 2256.5
1229780 2256.5
1229790 2264.6
1229800 2271.6
1229810 2271.6
1229820 2276.9
1229830 2282.1
1229840 2287.0
1229850 2287.0
1229860 2290.8
1229870 2293.9
1229880 2293.9
1229890 2297.1
1229900 2301.5
1229910 2301.5
1229920 2303.3
1229930 2307.4
1229940 2307.4
1229950 2310.6
1229960 2308.5
1229970 2308.5
1229980 2310.2
1229990 2315.3
1230000 2310.6
1230010 2315.7
1230020 2320.9
1230030 2320.9
1230040 2326.4
1230050 2332.3
1230060 2340.1
1230070 2340.1
1230080 2347.7
1230090 2354.8
1230100 2354.8
1230110 2362.6
1230120 2379.3
1230130 2379.3
1230140 2400.9
1230150 2414.5
1230160 2414.5
1230170 2420.5
1230180 2425.3
1230190 2425.3
1230200 2430.5
1230210 2436.6
1230220 2436.6
1230230 2441.8
1230240 2447.3
1230250 2447.3
1230260 2452.4
1230270 2457.6
1230280 2462.4
1230290 2462.4
1230300 2467.2
1230310 2472.9
1230320 2472.9
1230330 2478.6
1230340 2483.9
1230350 2483.9
1230360 2488.8
1230370 2493.5
1230380 2493.5
1230390 2498.7
1230400 2504.3
1230410 2504.3
1230420 2509.4
1230430 2514.7
1230440 2514.7
1230450 2520.7
1230460 2526.8
1230470 2526.8
1230480 2533.2
1230490 2539.8
1230500 2542.4
1230510 2542.4
1230520 2549.2
1230530 2557.1
1230540 2557.1
1230550 2564.5
1230560 2572.1
1230570 2572.1
1230580 2581.1
1230590 2591.6
1230600 2591.6
1230610 2600.5
1230620 2608.8
1230630 2608.8
1230640 2617.4
1230650 2626.1
1230660 2626.1
1230670 2635.4
1230680 2644.3
1230690 2644.3
1230700 2647.7
1230710 2646.9
1230720 2647.3
1230730 2647.3
1230740 2645.4
1230750 2645.1
1230760 2645.1
1230770 2648.5
1230780 2651.9
1230790 2651.9
1230800 2653.4
1230810 2659.5
1230820 2659.5
1230830 2669.2
1230840 2678.8
1230850 2678.8
1230860 2687.9
1230870 2696.2
1230880 2696.2
1230890 2694.2
1230900 2686.7
1230910 2686.7
1230920 2685.7
1230930 2691.8
1230940 2693.8
1230950 2693.8
1230960 2690.6
1230970 2690.4
1230980 2690.4
1230990 2686.8
1231000 2671.6
1231010 2671.6
1231020 2678.5
1231030 2687.5
1231040 2687.5
1231050 2690.0
1231060 2682.2
1231070 2682.2
1231080 2683.2
1231090 2692.0
1231100 2692.0
1231110 2701.2
1231120 2705.7
1231130 2705.7
1231140 2698.9
1231150 2696.8
1231160 2701.5
1231170 2701.5
1231180 2708.7
1231190 2717.4
1231200 2717.4
1231210 2726.3
1231220 2735.5
1231230 2735.5
1231240 2745.2
1231250 2754.8
1231260 2754.8
1231270 2764.0
1231280 2774.1
1231290 2774.1
1231300 2779.2
1231310 2768.7
1231320 2768.7
1231330 2755.4
1231340 2745.4
1231350 2745.4
1231360 2740.3
1231370 2737.7
1231380 2736.1
1231390 2736.1
1231400 2732.7
1231410 2732.4
1231420 2732.4
1231430 2737.7
1231440 2739.3
1231450 2739.3
1231460 2739.3
1231470 2742.2
1231480 2742.2
1231490 2744.6
1231500 2745.6
1231510 2745.6
1231520 2747.0
1231530 2748.9
1231540 2748.9
1231550 2750.4
1231560 2750.6
1231570 2750.6
1231580 2749.3
1231590 2747.1
1231600 2747.2
1231610 2747.2
1231620 2750.7
1231630 2754.7
1231640 2754.7
1231650 2758.5
1231660 2762.4
1231670 2762.4
1231680 2767.1
1231690 2771.7
1231700 2771.7
1231710 2776.4
1231720 2781.0
1231730 2781.0
1231740 2785.7
1231750 2790.4
1231760 2790.4
1231770 2795.3
1231780 2800.5
1231790 2800.5
1231800 2805.8
1231810 2810.3
1231820 2814.8
1231830 2814.8
1231840 2821.2
1231850 2830.1
1231860 2830.1
1231870 2837.8
1231880 2844.6
1231890 2844.6
1231900 2855.7
1231910 2870.6
1231920 2870.6
1231930 2889.9
1231940 2896.4
1231950 2896.4
1231960 2892.7
1231970 2902.1
1231980 2902.1
1231990 2904.2
1232000 2905.9
1232010 2905.9
1232020 2914.6
1232030 2919.5
1232040 2926.3
1232050 2926.3
1232060 2933.8
1232070 2941.4
1232080 2941.4
1232090 2951.2
1232100 2959.9
1232110 2959.9
1232120 2967.2
1232130 2977.0
1232140 2977.0
1232150 2986.6
1232160 2996.5
1232170 2996.5
1232180 3006.7
1232190 3016.6
1232200 3016.6
1232210 3027.7
1232220 3038.9
1232230 3056.9
1232240 3056.9
1232250 3079.9
1232260 3099.6
1232270 3099.6
1232280 3112.6
1232290 3117.4
1232300 3117.4
1232310 3117.6
1232320 3115.0
1232330 3115.0
1232340 3112.6
1232350 3114.4
1232360 3114.4
1232370 3119.0
1232380 3125.1
1232390 3125.1
1232400 3129.6
1232410 3128.7
1232420 3128.7
1232430 3122.2
1232440 3113.3
1232450 3100.8
1232460 3100.8
1232470 3088.8
1232480 3079.1
1232490 3079.1
1232500 3082.3
1232510 3079.5
1232520 3079.5
1232530 3077.9
1232540 3075.8
1232550 3075.8
1232560 3074.2
1232570 3072.7
1232580 3072.7
1232590 3071.7
1232600 3070.5
1232610 3070.5
1232620 3070.1
1232630 3070.0
1232640 3070.0
1232650 3070.4
1232660 3071.8
1232670 3073.5
1232680 3073.5
1232690 3075.5
1232700 3078.4
1232710 3078.4
1232720 3081.8
1232730 3087.4
1232740 3087.4
1232750 3096.6
1232760 3108.6
1232770 3108.6
1232780 3121.6
1232790 3133.1
1232800 3133.1
1232810 3137.3
1232820 3133.4
1232830 3133.4
1232840 3134.9
1232850 3144.9
1232860 3144.9
1232870 3152.8
1232880 3160.6
1232890 3173.7
1232900 3173.7
1232910 3186.6
1232920 3191.8
1232930 3191.8
1232940 3193.9
1232950 3192.1
1232960 3192.1
1232970 3189.9
1232980 3188.4
1232990 3188.4
1233000 3186.0
1233010 3173.1
1233020 3173.1
1233030 3175.1
1233040 3174.5
1233050 3174.5
1233060 3178.3
1233070 3176.4
1233080 3176.4
1233090 3167.4
1233100 3159.3
1233110 3153.3
1233120 3153.3
1233130 3149.3
1233140 3146.4
1233150 3146.4
1233160 3140.3
1233170 3131.6
1233180 3131.6
1233190 3124.5
1233200 3118.2
1233210 3118.2
1233220 3109.5
1233230 3098.4
1233240 3098.4
1233250 3085.9
1233260 3075.8
1233270 3075.8
1233280 3068.7
1233290 3062.8
1233300 3062.8
1233310 3056.6
1233320 3050.9
1233330 3046.9
1233340 3046.9
1233350 3041.4
1233360 3036.9
1233370 3036.9
1233380 3030.7
1233390 3021.3
1233400 3021.3
1233410 3013.6
1233420 3006.8
1233430 3006.8
1233440 3000.6
1233450 2995.7
1233460 2995.7
1233470 2990.6
1233480 2985.2
1233490 2985.2
1233500 2980.3
1233510 2981.2
1233520 2981.2
1233530 2977.2
1233540 2970.9
1233550 2963.4
1233560 2963.4
1233570 2956.4
1233580 2949.3
1233590 2949.3
1233600 2942.7
1233610 2936.5
1233620 2936.5
1233630 2930.8
1233640 2925.5
1233650 2925.5
1233660 2920.6
1233670 2915.7
1233680 2915.7
1233690 2910.3
1233700 2904.4
1233710 2904.4
1233720 2898.8
1233730 2894.4
1233740 2894.4
1233750 2890.8
1233760 2886.4
1233770 2882.7
1233780 2882.7
1233790 2879.4
1233800 2876.2
1233810 2876.2
1233820 2873.3
1233830 2870.3
1233840 2870.3
1233850 2866.4
1233860 2862.1
1233870 2862.1
1233880 2856.8
1233890 2851.0
1233900 2851.0
1233910 2845.8
1233920 2842.8
1233930 2842.8
1233940 2840.2
1233950 2836.6
1233960 2836.6
1233970 2832.6
1233980 2828.6
1233990 2825.1
1234000 2825.1
1234010 2822.5
1234020 2820.9
1234030 2820.9
1234040 2818.9
1234050 2816.7
1234060 2816.7
1234070 2814.2
1234080 2809.8
1234090 2809.8
1234100 2804.0
1234110 2799.0
1234120 2799.0
1234130 2793.7
1234140 2789.4
1234150 2789.4
1234160 2785.2
1234170 2782.3
1234180 2782.3
1234190 2780.5
1234200 2775.5
1234210 2766.7
1234220 2766.7
1234230 2761.0
1234240 2757.9
1234250 2757.9
1234260 2756.6
1234270 2756.4
1234280 2756.4
1234290 2756.7
1234300 2757.3
1234310 2757.3
1234320 2758.2
1234330 2759.7
1234340 2759.7
1234350 2761.4
1234360 2762.2
1234370 2762.2
1234380 2761.3
1234390 2759.3
1234400 2759.3
1234410 2756.5
1234420 2754.3
1234430 2752.6
1234440 2752.6
1234450 2751.1
1234460 2749.7
1234470 2749.7
1234480 2748.5
1234490 2747.7
1234500 2747.7
1234510 2747.1
1234520 2747.0
1234530 2747.0
1234540 2744.2
1234550 2742.5
1234560 2742.5
1234570 2741.6
1234580 2740.6
1234590 2740.6
1234600 2739.5
1234610 2737.7
1234620 2737.7
1234630 2736.9
1234640 2735.7
1234650 2734.5
1234660 2734.5
1234670 2733.9
1234680 2733.2
1234690 2733.2
1234700 2731.6
1234710 2729.2
1234720 2729.2
1234730 2726.0
1234740 2721.6
1234750 2721.6
1234760 2720.2
1234770 2719.0
1234780 2719.0
1234790 2717.1
1234800 2713.9
1234810 2713.9
1234820 2711.7
1234830 2711.2
1234840 2711.2
1234850 2710.7
1234860 2708.8
1234870 2706.2
1234880 2706.2
1234890 2703.7
1234900 2701.2
1234910 2701.2
1234920 2701.6
1234930 2700.5
1234940 2700.5
1234950 2699.5
1234960 2700.7
1234970 2700.7
1234980 2701.2
1234990 2700.6
1235000 2700.6
1235010 2700.9
1235020 2700.9
1235030 2700.3
1235040 2698.8
1235050 2696.7
1235060 2696.7
1235070 2697.3
1235080 2695.2
1235090 2692.4
1235100 2692.4
1235110 2689.6
1235120 2687.4
1235130 2687.4
1235140 2684.4
1235150 2681.6
1235160 2681.6
1235170 2680.2
1235180 2680.1
1235190 2680.1
1235200 2680.6
1235210 2679.8
1235220 2679.8
1235230 2679.0
1235240 2682.0
1235250 2682.0
1235260 2682.2
1235270 2679.7
1235280 2679.7
1235290 2677.6
1235300 2677.8
1235310 2680.7
1235320 2680.7
1235330 2685.5
1235340 2691.3
1235350 2691.3
1235360 2696.2
1235370 2699.1
1235380 2699.1
1235390 2703.1
1235400 2708.9
1235410 2708.9
1235420 2713.0
1235430 2714.6
1235440 2714.6
1235450 2714.6
1235460 2714.8
1235470 2714.8
1235480 2714.9
1235490 2716.3
1235500 2716.3
1235510 2716.9
1235520 2717.2
1235530 2717.2
1235540 2713.7
1235550 2712.4
1235560 2710.4
1235570 2710.4
1235580 2708.0
1235590 2705.4
1235600 2705.4
1235610 2702.2
1235620 2701.0
1235630 2701.0
1235640 2702.2
1235650 2703.0
1235660 2703.0
1235670 2704.0
1235680 2705.2
1235690 2705.2
1235700 2706.8
1235710 2708.8
1235720 2708.8
1235730 2711.0
1235740 2712.7
1235750 2715.0
1235760 2715.0
1235770 2718.0
1235780 2721.4
1235790 2721.4
1235800 2725.0
1235810 2728.7
1235820 2728.7
1235830 2732.6
1235840 2737.8
1235850 2737.8
1235860 2742.1
1235870 2746.3
1235880 2746.3
1235890 2750.0
1235900 2752.3
1235910 2752.3
1235920 2754.4
1235930 2759.8
1235940 2759.8
1235950 2763.1
1235960 2761.9
1235970 2763.9
1235980 2763.9
1235990 2765.8
1236000 2766.2
1236010 2766.2
1236020 2767.6
1236030 2770.6
1236040 2770.6
1236050 2773.4
1236060 2777.0
1236070 2777.0
1236080 2780.2
1236090 2782.9
1236100 2782.9
1236110 2787.4
1236120 2793.6
1236130 2793.6
1236140 2800.2
1236150 2806.8
1236160 2806.8
1236170 2813.8
1236180 2821.2
1236190 2828.7
1236200 2828.7
1236210 2835.8
1236220 2842.5
1236230 2842.5
1236240 2848.9
1236250 2856.9
1236260 2856.9
1236270 2872.7
1236280 2892.1
1236290 2892.1
1236300 2918.5
1236310 2949.0
1236320 2949.0
1236330 2968.8
1236340 2985.8
1236350 2985.8
1236360 3003.1
1236370 3020.5
1236380 3020.5
1236390 3035.0
1236400 3045.3
1236410 3053.0
1236420 3053.0
1236430 3058.7
1236440 3065.6
1236450 3065.6
1236460 3069.7
1236470 3061.1
1236480 3061.1
1236490 3059.8
1236500 3066.5
1236510 3066.5
1236520 3079.8
1236530 3088.1
1236540 3088.1
1236550 3093.8
1236560 3089.8
1236570 3089.8
1236580 3089.9
1236590 3089.3
1236600 3089.3
1236610 3093.0
1236620 3098.0
1236630 3111.2
1236640 3111.2
1236650 3129.5
1236660 3140.4
1236670 3140.4
1236680 3145.1
1236690 3150.3
1236700 3150.3
1236710 3156.4
1236720 3157.8
1236730 3157.8
1236740 3152.5
1236750 3167.4
1236760 3167.4
1236770 3178.1
1236780 3186.2
1236790 3186.2
1236800 3193.4
1236810 3197.3
1236820 3197.6
1236830 3197.6
1236840 3197.0
1236850 3201.6
1236860 3201.6
1236870 3211.1
1236880 3223.0
1236890 3223.0
1236900 3235.9
1236910 3247.5
1236920 3247.5
1236930 3238.3
1236940 3224.8
1236950 3224.8
1236960 3209.5
1236970 3194.6
1236980 3194.6
1236990 3180.3
1237000 3171.5
1237010 3171.5
1237020 3164.3
1237030 3157.3
1237040 3150.7
1237050 3150.7
1237060 3145.3
1237070 3145.0
1237080 3145.0
1237090 3143.0
1237100 3140.2
1237110 3140.2
1237120 3137.5
1237130 3134.9
1237140 3134.9
1237150 3132.6
1237160 3130.6
1237170 3130.6
1237180 3128.7
1237190 3126.5
1237200 3126.5
1237210 3124.0
1237220 3121.1
1237230 3121.1
1237240 3118.0
1237250 3114.9
1237260 3111.7
1237270 3111.7
1237280 3108.6
1237290 3105.3
1237300 3105.3
1237310 3102.1
1237320 3099.0
1237330 3099.0
1237340 3095.9
1237350 3092.9
1237360 3092.9
1237370 3090.1
1237380 3087.3
1237390 3087.3
1237400 3084.4
1237410 3081.4
1237420 3081.4
1237430 3078.4
1237440 3075.2
1237450 3075.2
1237460 3071.9
1237470 3068.5
1237480 3064.6
1237490 3064.6
1237500 3060.3
1237510 3056.0
1237520 3056.0
1237530 3051.8
1237540 3047.8
1237550 3047.8
1237560 3043.9
1237570 3040.2
1237580 3038.9
1237590 3035.5
1237600 3032.2
1237610 3032.2
1237620 3029.0
1237630 3025.5
1237640 3025.5
1237650 3021.8
1237660 3017.9
1237670 3017.9
1237680 3013.9
1237690 3009.7
1237700 3006.0
1237710 3006.0
1237720 3003.6
1237730 3002.8
1237740 3002.8
1237750 3002.1
1237760 3000.4
1237770 3000.4
1237780 2998.3
1237790 2994.4
1237800 2994.4
1237810 2988.8
1237820 2983.2
1237830 2983.2
1237840 2978.1
1237850 2973.5
1237860 2973.5
1237870 2969.0
1237880 2965.6
1237890 2965.6
1237900 2965.5
1237910 2965.6
1237920 2964.9
1237930 2964.9
1237940 2963.2
1237950 2961.5
1237960 2961.5
1237970 2960.8
1237980 2961.0
1237990 2961.0
1238000 2963.1
1238010 2966.8
1238020 2966.8
1238030 2969.1
1238040 2971.3
1238050 2971.3
1238060 2974.1
1238070 2979.7
1238080 2979.7
1238090 2984.2
1238100 2974.9
1238110 2974.9
1238120 2978.2
1238130 2985.9
1238140 2996.5
1238150 2996.5
1238160 3003.0
1238170 3010.2
1238180 3010.2
1238190 3017.9
1238200 3017.0
1238210 3017.0
1238220 3013.5
1238230 3017.3
1238240 3017.3
1238250 3026.0
1238260 3031.2
1238270 3031.2
1238280 3044.9
1238290 3050.6
1238300 3050.6
1238310 3052.7
1238320 3055.5
1238330 3055.5
1238340 3065.6
1238350 3073.5
1238360 3075.1
1238370 3075.1
1238380 3067.4
1238390 3052.2
1238400 3052.2
1238410 3039.1
1238420 3030.7
1238430 3030.7
1238440 3024.5
1238450 3019.4
1238460 3019.4
1238470 3014.3
1238480 3009.5
1238490 3009.5
1238500 3004.8
1238510 3000.1
1238520 3000.1
1238530 2995.2
1238540 2990.4
1238550 2990.4
1238560 2985.6
1238570 2980.8
1238580 2976.0
1238590 2976.0
1238600 2971.2
1238610 2971.1
1238620 2971.1
1238630 2966.2
1238640 2961.3
1238650 2961.3
1238660 2956.6
1238670 2952.1
1238680 2952.1
1238690 2947.9
1238700 2943.9
1238710 2943.9
1238720 2940.1
1238730 2936.6
1238740 2936.6
1238750 2933.5
1238760 2931.2
1238770 2931.2
1238780 2929.1
1238790 2925.8
1238800 2923.3
1238810 2923.3
1238820 2922.2
1238830 2920.5
1238840 2920.5
1238850 2918.2
1238860 2917.1
1238870 2917.1
1238880 2916.8
1238890 2917.0
1238900 2917.0
1238910 2918.3
1238920 2918.7
1238930 2918.7
1238940 2917.0
1238950 2912.9
1238960 2912.9
1238970 2907.8
1238980 2902.7
1238990 2902.7
1239000 2898.0
1239010 2893.4
1239020 2889.6
1239030 2889.6
1239040 2887.6
1239050 2886.8
1239060 2886.8
1239070 2885.1
1239080 2881.4
1239090 2881.4
1239100 2876.1
1239110 2870.6
1239120 2870.6
1239130 2863.4
1239140 2858.5
1239150 2858.5
1239160 2854.0
1239170 2849.7
1239180 2849.7
1239190 2845.8
1239200 2841.0
1239210 2841.0
1239220 2837.0
1239230 2834.0
1239240 2831.0
1239250 2831.0
1239260 2830.0
1239270 2828.8
1239280 2828.8
1239290 2825.8
1239300 2821.2
1239310 2821.2
1239320 2810.4
1239330 2799.2
1239340 2799.2
1239350 2790.5
1239360 2784.4
1239370 2784.4
1239380 2778.6
1239390 2772.6
1239400 2772.6
1239410 2766.8
1239420 2762.0
1239430 2762.0
1239440 2757.8
1239450 2751.5
1239460 2746.2
1239470 2746.2
1239480 2738.2
1239490 2727.3
1239500 2727.3
1239510 2708.3
1239520 2691.1
1239530 2691.1
1239540 2683.7
1239550 2675.5
1239560 2675.5
1239570 2669.9
1239580 2665.7
1239590 2665.7
1239600 2660.5
1239610 2654.8
1239620 2654.8
1239630 2650.0
1239640 2648.2
1239650 2650.5
1239660 2651.1
1239670 2651.6
1239680 2655.5
1239690 2655.5
1239700 2658.5
1239710 2653.7
1239720 2653.7
1239730 2646.5
1239740 2639.8
1239750 2639.8
1239760 2633.7
1239770 2628.9
1239780 2628.9
1239790 2624.1
1239800 2619.6
1239810 2619.6
1239820 2615.8
1239830 2612.6
1239840 2612.6
1239850 2609.5
1239860 2607.5
1239870 2607.5
1239880 2606.6
1239890 2603.1
1239900 2596.9
1239910 2596.9
1239920 2593.0
1239930 2589.4
1239940 2589.4
1239950 2583.9
1239960 2577.9
1239970 2577.9
1239980 2571.4
1239990 2565.1
