1220000 1195.9
1220010 1195.2
1220020 1195.3
1220030 1195.3
1220040 1196.0
1220050 1197.2
1220060 1197.2
1220070 1198.7
1220080 1200.1
1220090 1200.1
1220100 1201.5
1220110 1203.2
1220120 1203.2
1220130 1204.9
1220140 1206.8
1220150 1206.8
1220160 1207.4
1220170 1204.9
1220180 1204.9
1220190 1201.6
1220200 1200.4
1220210 1200.4
1220220 1199.0
1220230 1197.0
1220240 1194.0
1220250 1194.0
1220260 1188.7
1220270 1182.9
1220280 1182.9
1220290 1178.5
1220300 1177.9
1220310 1177.9
1220320 1177.4
1220330 1172.6
1220340 1172.6
1220350 1169.1
1220360 1167.9
1220370 1167.9
1220380 1168.2
1220390 1169.4
1220400 1169.4
1220410 1171.7
1220420 1172.0
1220430 1172.0
1220440 1172.4
1220450 1173.8
1220460 1175.0
1220470 1175.0
1220480 1175.3
1220490 1174.3
1220500 1174.3
1220510 1173.4
1220520 1173.5
1220530 1173.5
1220540 1172.8
1220550 1171.2
1220560 1171.2
1220570 1170.2
1220580 1170.3
1220590 1170.3
1220600 1170.1
1220610 1169.5
1220620 1169.5
1220630 1167.5
1220640 1168.9
1220650 1168.9
1220660 1170.1
1220670 1170.1
1220680 1170.1
1220690 1170.1
1220700 1170.0
1220710 1170.0
1220720 1170.0
1220730 1170.1
1220740 1170.1
1220750 1170.1
1220760 1170.1
1220770 1170.2
1220780 1170.2
1220790 1170.4
1220800 1170.6
1220810 1170.6
1220820 1170.7
1220830 1170.7
1220840 1170.7
1220850 1170.6
1220860 1170.7
1220870 1170.6
1220880 1170.7
1220890 1170.9
1220900 1171.0
1220910 1171.0
1220920 1171.0
1220930 1171.0
1220940 1171.0
1220950 1171.4
1220960 1171.5
1220970 1171.5
1220980 1171.6
1220990 1171.7
1221000 1171.7
1221010 1171.9
1221020 1172.5
1221030 1172.5
1221040 1173.2
1221050 1172.9
1221060 1172.9
1221070 1172.8
1221080 1173.1
1221090 1173.1
1221100 1173.4
1221110 1173.5
1221120 1173.3
1221130 1173.3
1221140 1173.3
1221150 1172.9
1221160 1172.9
1221170 1173.8
1221180 1174.2
1221190 1174.2
1221200 1174.5
1221210 1174.6
1221220 1174.6
1221230 1174.9
1221240 1175.4
1221250 1175.4
1221260 1175.5
1221270 1175.6
1221280 1175.6
1221290 1175.7
1221300 1175.7
1221310 1175.7
1221320 1175.6
1221330 1175.6
1221340 1177.1
1221350 1181.4
1221360 1187.6
1221370 1202.7
1221380 1202.7
1221390 1225.0
1221400 1236.7
1221410 1236.7
1221420 1244.7
1221430 1247.1
1221440 1247.1
1221450 1245.4
1221460 1248.9
1221470 1248.9
1221480 1257.8
1221490 1268.2
1221500 1268.2
1221510 1277.8
1221520 1286.2
1221530 1286.2
1221540 1295.6
1221550 1300.9
1221560 1306.5
1221570 1306.5
1221580 1315.5
1221590 1319.9
1221600 1319.9
1221610 1322.6
1221620 1324.8
1221630 1324.8
1221640 1325.7
1221650 1327.0
1221660 1327.0
1221670 1326.1
1221680 1322.9
1221690 1322.9
1221700 1321.8
1221710 1323.6
1221720 1323.6
1221730 1322.8
1221740 1318.2
1221750 1318.2
1221760 1315.6
1221770 1313.6
1221780 1311.1
1221790 1311.1
1221800 1308.6
1221810 1306.8
1221820 1306.8
1221830 1309.8
1221840 1307.8
1221850 1307.8
1221860 1304.0
1221870 1300.3
1221880 1300.3
1221890 1298.3
1221900 1296.7
1221910 1296.7
1221920 1293.7
1221930 1288.3
1221940 1288.3
1221950 1277.2
1221960 1265.4
1221970 1265.4
1221980 1260.3
1221990 1259.3
1222000 1258.8
1222010 1258.8
1222020 1252.1
1222030 1246.9
1222040 1246.9
1222050 1238.2
1222060 1229.4
1222070 1229.4
1222080 1227.5
1222090 1227.9
1222100 1227.9
1222110 1229.0
1222120 1229.6
1222130 1229.6
1222140 1234.9
1222150 1244.2
1222160 1244.2
1222170 1243.4
1222180 1241.7
1222190 1241.7
1222200 1236.4
1222210 1222.1
1222220 1217.3
1222230 1217.3
1222240 1217.8
1222250 1218.2
1222260 1218.2
1222270 1218.4
1222280 1218.9
1222290 1218.9
1222300 1219.5
1222310 1221.0
1222320 1221.0
1222330 1221.9
1222340 1222.9
1222350 1222.9
1222360 1223.5
1222370 1224.3
1222380 1224.3
1222390 1224.9
1222400 1226.3
1222410 1226.3
1222420 1229.9
1222430 1234.9
1222440 1238.1
1222450 1238.1
1222460 1241.3
1222470 1247.2
1222480 1247.2
1222490 1260.7
1222500 1276.8
1222510 1276.8
1222520 1278.8
1222530 1282.8
1222540 1282.8
1222550 1288.7
1222560 1309.5
1222570 1309.5
1222580 1338.4
1222590 1346.9
1222600 1346.9
1222610 1351.6
1222620 1353.6
1222630 1353.6
1222640 1353.9
1222650 1355.3
1222660 1356.6
1222670 1356.6
1222680 1357.6
1222690 1360.8
1222700 1360.8
1222710 1366.1
1222720 1370.8
1222730 1370.8
1222740 1375.1
1222750 1376.8
1222760 1376.8
1222770 1377.1
1222780 1378.8
1222790 1378.8
1222800 1387.8
1222810 1391.3
1222820 1391.3
1222830 1395.6
1222840 1400.5
1222850 1400.5
1222860 1407.2
1222870 1413.9
1222880 1420.2
1222890 1420.2
1222900 1426.1
1222910 1432.2
1222920 1432.2
1222930 1437.9
1222940 1443.8
1222950 1443.8
1222960 1450.8
1222970 1457.6
1222980 1457.6
1222990 1464.7
1223000 1471.9
1223010 1471.9
1223020 1478.7
1223030 1484.6
1223040 1484.6
1223050 1486.8
1223060 1485.9
1223070 1485.9
1223080 1485.1
1223090 1484.6
1223100 1484.3
1223110 1484.3
1223120 1485.0
1223130 1486.5
1223140 1486.5
1223150 1487.9
1223160 1486.7
1223170 1486.7
1223180 1484.0
1223190 1484.2
1223200 1484.2
1223210 1486.9
1223220 1488.7
1223230 1488.7
1223240 1486.2
1223250 1485.1
1223260 1485.1
1223270 1492.0
1223280 1500.5
1223290 1500.5
1223300 1510.7
1223310 1518.0
1223320 1522.3
1223330 1522.3
1223340 1525.4
1223350 1528.9
1223360 1528.9
1223370 1532.5
1223380 1535.7
1223390 1535.7
1223400 1538.5
1223410 1541.2
1223420 1541.2
1223430 1543.8
1223440 1545.6
1223450 1545.6
1223460 1546.4
1223470 1547.1
1223480 1547.1
1223490 1544.7
1223500 1539.8
1223510 1539.8
1223520 1535.3
1223530 1534.9
1223540 1537.8
1223550 1537.8
1223560 1540.5
1223570 1543.1
1223580 1543.1
1223590 1546.3
1223600 1549.9
1223610 1549.9
1223620 1553.7
1223630 1555.6
1223640 1555.6
1223650 1556.9
1223660 1556.4
1223670 1556.4
1223680 1555.6
1223690 1554.8
1223700 1554.8
1223710 1549.3
1223720 1548.0
1223730 1548.0
1223740 1555.7
1223750 1559.7
1223760 1561.4
1223770 1566.3
1223780 1567.8
1223790 1570.1
1223800 1570.1
1223810 1575.8
1223820 1581.3
1223830 1581.3
1223840 1584.9
1223850 1587.5
1223860 1587.5
1223870 1589.2
1223880 1590.3
1223890 1590.3
1223900 1591.1
1223910 1591.5
1223920 1591.5
1223930 1592.1
1223940 1593.4
1223950 1593.4
1223960 1595.7
1223970 1597.4
1223980 1598.7
1223990 1598.7
1224000 1599.9
1224010 1601.2
1224020 1601.2
1224030 1602.3
1224040 1603.2
1224050 1603.2
1224060 1603.4
1224070 1603.6
1224080 1603.6
1224090 1602.7
1224100 1599.5
1224110 1599.5
1224120 1596.8
1224130 1596.3
1224140 1596.3
1224150 1596.7
1224160 1597.2
1224170 1597.2
1224180 1596.9
1224190 1594.7
1224200 1595.4
1224210 1595.4
1224220 1601.2
1224230 1606.2
1224240 1606.2
1224250 1616.3
1224260 1618.0
1224270 1618.0
1224280 1617.9
1224290 1617.8
1224300 1617.8
1224310 1618.0
1224320 1618.9
1224330 1618.9
1224340 1619.9
1224350 1620.4
1224360 1620.4
1224370 1620.3
1224380 1623.7
1224390 1623.7
1224400 1624.2
1224410 1623.6
1224420 1623.1
1224430 1623.1
1224440 1622.7
1224450 1622.2
1224460 1622.2
1224470 1622.1
1224480 1622.4
1224490 1622.4
1224500 1622.3
1224510 1621.8
1224520 1621.8
1224530 1621.3
1224540 1621.2
1224550 1621.2
1224560 1622.0
1224570 1623.6
1224580 1623.6
1224590 1624.0
1224600 1624.1
1224610 1624.1
1224620 1624.0
1224630 1623.3
1224640 1623.3
1224650 1623.3
1224660 1624.5
1224670 1625.2
1224680 1625.2
1224690 1625.4
1224700 1625.1
1224710 1625.1
1224720 1624.9
1224730 1625.3
1224740 1630.3
1224750 1628.5
1224760 1627.9
1224770 1627.9
1224780 1626.5
1224790 1623.7
1224800 1623.7
1224810 1623.2
1224820 1625.1
1224830 1625.1
1224840 1625.4
1224850 1626.0
1224860 1627.7
1224870 1627.7
1224880 1630.3
1224890 1632.6
1224900 1632.6
1224910 1633.6
1224920 1633.8
1224930 1633.8
1224940 1635.4
1224950 1636.8
1224960 1636.8
1224970 1638.6
1224980 1640.0
1224990 1640.0
1225000 1640.5
1225010 1640.8
1225020 1640.8
1225030 1641.0
1225040 1641.1
1225050 1641.1
1225060 1640.9
1225070 1640.5
1225080 1639.5
1225090 1639.5
1225100 1638.3
1225110 1642.7
1225120 1642.7
1225130 1649.7
1225140 1649.3
1225150 1649.3
1225160 1648.1
1225170 1647.2
1225180 1647.2
1225190 1645.9
1225200 1645.2
1225210 1645.2
1225220 1645.2
1225230 1650.5
1225240 1650.5
1225250 1649.6
1225260 1648.4
1225270 1648.4
1225280 1647.1
1225290 1644.9
1225300 1642.3
1225310 1642.3
1225320 1639.2
1225330 1636.4
1225340 1636.4
1225350 1633.8
1225360 1631.2
1225370 1631.2
1225380 1629.9
1225390 1633.8
1225400 1633.8
1225410 1634.8
1225420 1634.3
1225430 1634.3
1225440 1633.0
1225450 1630.7
1225460 1630.7
1225470 1628.6
1225480 1626.3
1225490 1626.3
1225500 1625.7
1225510 1624.8
1225520 1622.6
1225530 1622.6
1225540 1620.4
1225550 1618.1
1225560 1618.1
1225570 1615.6
1225580 1612.4
1225590 1612.4
1225600 1609.3
1225610 1606.5
1225620 1606.5
1225630 1603.8
1225640 1602.5
1225650 1602.5
1225660 1601.1
1225670 1596.1
1225680 1596.1
1225690 1592.7
1225700 1589.5
1225710 1589.5
1225720 1593.1
1225730 1592.5
1225740 1590.7
1225750 1590.7
1225760 1588.1
1225770 1586.4
1225780 1586.4
1225790 1586.2
1225800 1586.0
1225810 1586.0
1225820 1583.0
1225830 1580.6
1225840 1580.6
1225850 1579.3
1225860 1577.4
1225870 1577.4
1225880 1575.6
1225890 1573.8
1225900 1573.8
1225910 1573.9
1225920 1575.7
1225930 1575.7
1225940 1577.4
1225950 1578.1
1225960 1578.0
1225970 1578.0
1225980 1578.1
1225990 1576.0
1226000 1576.0
1226010 1572.1
1226020 1570.4
1226030 1570.4
1226040 1570.1
1226050 1569.6
1226060 1569.6
1226070 1569.7
1226080 1569.8
1226090 1569.8
1226100 1571.1
1226110 1571.6
1226120 1571.6
1226130 1571.5
1226140 1570.5
1226150 1570.5
1226160 1569.5
1226170 1567.8
1226180 1565.6
1226190 1565.6
1226200 1562.8
1226210 1565.0
1226220 1565.0
1226230 1563.5
1226240 1561.9
1226250 1561.9
1226260 1560.9
1226270 1560.2
1226280 1560.2
1226290 1560.4
1226300 1561.0
1226310 1561.0
1226320 1561.7
1226330 1562.3
1226340 1562.3
1226350 1563.8
1226360 1564.8
1226370 1564.8
1226380 1565.6
1226390 1565.8
1226400 1566.5
1226410 1566.5
1226420 1566.7
1226430 1565.7
1226440 1565.7
1226450 1565.0
1226460 1564.3
1226470 1564.3
1226480 1563.2
1226490 1563.4
1226500 1563.4
1226510 1563.1
1226520 1561.7
1226530 1561.7
1226540 1561.8
1226550 1562.8
1226560 1562.8
1226570 1564.0
1226580 1564.7
1226590 1564.7
1226600 1565.2
1226610 1565.4
1226620 1566.4
1226630 1566.4
1226640 1566.9
1226650 1566.8
1226660 1566.8
1226670 1567.0
1226680 1567.2
1226690 1567.2
1226700 1567.6
1226710 1567.7
1226720 1567.7
1226730 1568.4
1226740 1568.8
1226750 1568.8
1226760 1568.9
1226770 1569.0
1226780 1569.0
1226790 1569.3
1226800 1569.6
1226810 1569.6
1226820 1570.0
1226830 1570.4
1226840 1571.1
1226850 1571.1
1226860 1571.8
1226870 1572.4
1226880 1572.4
1226890 1572.9
1226900 1573.2
1226910 1573.2
1226920 1573.2
1226930 1573.7
1226940 1573.7
1226950 1574.2
1226960 1574.8
1226970 1574.8
1226980 1575.0
1226990 1575.3
1227000 1575.3
1227010 1575.8
1227020 1576.7
1227030 1576.7
1227040 1577.1
1227050 1577.3
1227060 1577.9
1227070 1577.9
1227080 1578.3
1227090 1578.6
1227100 1578.6
1227110 1579.1
1227120 1580.1
1227130 1580.1
1227140 1581.6
1227150 1582.7
1227160 1582.7
1227170 1583.6
1227180 1584.6
1227190 1584.7
1227200 1585.5
1227210 1585.7
1227220 1585.7
1227230 1586.9
1227240 1587.5
1227250 1587.5
1227260 1587.9
1227270 1588.2
1227280 1588.7
1227290 1588.7
1227300 1588.5
1227310 1588.3
1227320 1588.3
1227330 1588.5
1227340 1588.8
1227350 1588.8
1227360 1589.4
1227370 1590.0
1227380 1590.0
1227390 1590.9
1227400 1591.8
1227410 1591.8
1227420 1592.6
1227430 1593.4
1227440 1593.4
1227450 1594.6
1227460 1595.9
1227470 1595.9
1227480 1596.8
1227490 1597.7
1227500 1598.4
1227510 1598.4
1227520 1599.7
1227530 1601.0
1227540 1601.0
1227550 1602.4
1227560 1603.9
1227570 1603.9
1227580 1605.4
1227590 1607.1
1227600 1607.1
1227610 1608.5
1227620 1609.9
1227630 1609.9
1227640 1611.5
1227650 1613.5
1227660 1613.5
1227670 1615.2
1227680 1615.7
1227690 1615.7
1227700 1616.7
1227710 1617.9
1227720 1619.2
1227730 1619.2
1227740 1620.6
1227750 1622.1
1227760 1622.1
1227770 1624.1
1227780 1627.2
1227790 1627.2
1227800 1630.6
1227810 1629.3
1227820 1629.3
1227830 1627.9
1227840 1628.1
1227850 1628.1
1227860 1631.2
1227870 1634.8
1227880 1634.8
1227890 1638.3
1227900 1642.3
1227910 1642.3
1227920 1645.8
1227930 1649.1
1227940 1652.1
1227950 1652.1
1227960 1656.1
1227970 1661.6
1227980 1661.6
1227990 1667.2
1228000 1674.0
1228010 1674.0
1228020 1681.6
1228030 1688.5
1228040 1688.5
1228050 1692.8
1228060 1696.6
1228070 1696.6
1228080 1701.8
1228090 1707.1
1228100 1707.1
1228110 1710.1
1228120 1712.7
1228130 1712.7
1228140 1715.0
1228150 1717.1
1228160 1719.8
1228170 1719.8
1228180 1719.5
1228190 1724.7
1228200 1724.7
1228210 1731.5
1228220 1738.7
1228230 1738.7
1228240 1745.4
1228250 1752.0
1228260 1752.0
1228270 1758.0
1228280 1762.9
1228290 1762.9
1228300 1768.1
1228310 1773.6
1228320 1773.6
1228330 1779.4
1228340 1785.3
1228350 1785.3
1228360 1791.6
1228370 1798.1
1228380 1805.2
1228390 1805.2
1228400 1812.0
1228410 1819.0
1228420 1819.0
1228430 1826.2
1228440 1833.7
1228450 1833.7
1228460 1841.6
1228470 1849.1
1228480 1849.1
1228490 1856.3
1228500 1863.9
1228510 1863.9
1228520 1871.7
1228530 1880.5
1228540 1880.5
1228550 1888.8
1228560 1897.4
1228570 1897.4
1228580 1912.9
1228590 1932.4
1228600 1942.4
1228610 1942.4
1228620 1957.4
1228630 1968.8
1228640 1968.8
1228650 1978.4
1228660 1986.4
1228670 1996.9
1228680 2010.2
1228690 2024.1
1228700 2024.1
1228710 2033.5
1228720 2041.5
1228730 2041.5
1228740 2052.1
1228750 2062.2
1228760 2062.2
1228770 2066.3
1228780 2075.5
1228790 2075.5
1228800 2080.2
1228810 2081.9
1228820 2087.6
1228830 2087.6
1228840 2093.2
1228850 2097.2
1228860 2097.2
1228870 2102.8
1228880 2108.4
1228890 2108.4
1228900 2114.7
1228910 2122.5
1228920 2122.5
1228930 2129.7
1228940 2135.6
1228950 2135.6
1228960 2140.8
1228970 2151.9
1228980 2151.9
1228990 2167.0
1229000 2180.4
1229010 2180.4
1229020 2191.8
1229030 2201.7
1229040 2211.9
1229050 2211.9
1229060 2221.7
1229070 2230.5
1229080 2230.5
1229090 2237.1
1229100 2245.0
1229110 2245.0
1229120 2260.5
1229130 2278.7
1229140 2278.7
1229150 2281.9
1229160 2280.7
1229170 2290.9
1229180 2293.8
1229190 2299.1
1229200 2299.1
1229210 2314.4
1229220 2327.5
1229230 2327.5
1229240 2338.8
1229250 2349.6
1229260 2358.5
1229270 2358.5
1229280 2365.9
1229290 2375.4
1229300 2375.4
1229310 2385.7
1229320 2395.3
1229330 2395.3
1229340 2404.3
1229350 2412.2
1229360 2412.2
1229370 2419.2
1229380 2425.9
1229390 2425.9
1229400 2432.3
1229410 2438.1
1229420 2438.1
1229430 2444.1
1229440 2451.7
1229450 2451.7
1229460 2459.8
1229470 2467.1
1229480 2476.5
1229490 2476.5
1229500 2488.5
1229510 2496.0
1229520 2496.0
1229530 2503.4
1229540 2511.0
1229550 2511.0
1229560 2520.6
1229570 2531.9
1229580 2531.9
1229590 2538.4
1229600 2547.4
1229610 2547.4
1229620 2560.0
1229630 2566.9
1229640 2566.9
1229650 2569.5
1229660 2564.3
1229670 2564.3
1229680 2574.5
1229690 2581.2
1229700 2585.2
1229710 2585.2
1229720 2589.4
1229730 2594.8
1229740 2594.8
1229750 2604.8
1229760 2612.9
1229770 2612.9
1229780 2618.4
1229790 2624.8
1229800 2624.8
1229810 2630.4
1229820 2636.9
1229830 2636.9
1229840 2641.4
1229850 2646.9
1229860 2646.9
1229870 2656.3
1229880 2661.1
1229890 2661.1
1229900 2663.0
1229910 2663.3
1229920 2666.1
1229930 2666.1
1229940 2673.8
1229950 2679.1
1229960 2679.1
1229970 2685.4
1229980 2694.5
1229990 2694.5
1230000 2705.1
1230010 2715.1
1230020 2715.1
1230030 2724.2
1230040 2733.8
1230050 2733.8
1230060 2740.5
1230070 2748.5
1230080 2748.5
1230090 2758.7
1230100 2769.8
1230110 2769.8
1230120 2778.2
1230130 2785.8
1230140 2793.4
1230150 2793.4
1230160 2806.5
1230170 2811.9
1230180 2811.9
1230190 2819.7
1230200 2829.0
1230210 2829.0
1230220 2834.2
1230230 2841.0
1230240 2841.0
1230250 2850.3
1230260 2858.2
1230270 2858.2
1230280 2867.0
1230290 2878.4
1230300 2878.4
1230310 2890.8
1230320 2904.5
1230330 2904.5
1230340 2920.6
1230350 2932.9
1230360 2944.0
1230370 2944.0
1230380 2953.7
1230390 2964.2
1230400 2964.2
1230410 2972.7
1230420 2972.5
1230430 2972.5
1230440 2963.1
1230450 2954.7
1230460 2954.7
1230470 2942.8
1230480 2934.3
1230490 2934.3
1230500 2928.0
1230510 2923.9
1230520 2923.9
1230530 2915.2
1230540 2906.8
1230550 2906.8
1230560 2902.2
1230570 2898.5
1230580 2896.0
1230590 2896.0
1230600 2897.3
1230610 2894.1
1230620 2894.1
1230630 2893.3
1230640 2897.0
1230650 2897.0
1230660 2910.3
1230670 2922.8
1230680 2922.8
1230690 2935.3
1230700 2948.2
1230710 2948.2
1230720 2960.2
1230730 2963.0
1230740 2963.0
1230750 2959.9
1230760 2962.3
1230770 2962.3
1230780 2972.4
1230790 2971.2
1230800 2964.7
1230810 2964.7
1230820 2964.8
1230830 2972.5
1230840 2972.5
1230850 2978.6
1230860 2981.7
1230870 2981.7
1230880 2977.3
1230890 2973.6
1230900 2973.6
1230910 2972.6
1230920 2972.7
1230930 2972.7
1230940 2973.6
1230950 2974.7
1230960 2974.7
1230970 2976.1
1230980 2977.6
1230990 2977.6
1231000 2979.2
1231010 2980.7
1231020 2981.9
1231030 2981.9
1231040 2982.9
1231050 2983.7
1231060 2983.7
1231070 2984.2
1231080 2984.6
1231090 2984.6
1231100 2985.0
1231110 2985.3
1231120 2985.3
1231130 2985.6
1231140 2986.3
1231150 2986.3
1231160 2989.0
1231170 2989.9
1231180 2989.9
1231190 2991.1
1231200 2992.6
1231210 2992.6
1231220 2994.5
1231230 2996.6
1231240 2998.7
1231250 2998.7
1231260 3001.0
1231270 3003.4
1231280 3003.4
1231290 3006.1
1231300 3008.7
1231310 3008.7
1231320 3011.4
1231330 3014.3
1231340 3014.3
1231350 3017.3
1231360 3020.3
1231370 3020.3
1231380 3023.7
1231390 3027.3
1231400 3027.3
1231410 3031.5
1231420 3036.1
1231430 3036.1
1231440 3040.9
1231450 3047.0
1231460 3053.9
1231470 3053.9
1231480 3063.4
1231490 3075.0
1231500 3075.0
1231510 3087.8
1231520 3097.5
1231530 3097.5
1231540 3090.6
1231550 3080.9
1231560 3080.9
1231570 3072.1
1231580 3068.9
1231590 3068.9
1231600 3068.2
1231610 3064.1
1231620 3064.1
1231630 3056.8
1231640 3045.8
1231650 3045.8
1231660 3050.0
1231670 3043.8
1231680 3038.5
1231690 3038.5
1231700 3032.4
1231710 3027.1
1231720 3027.1
1231730 3022.1
1231740 3018.3
1231750 3018.3
1231760 3015.1
1231770 3012.3
1231780 3012.3
1231790 3009.6
1231800 3006.0
1231810 3006.0
1231820 3002.2
1231830 2999.2
1231840 2999.2
1231850 2997.1
1231860 2995.5
1231870 2995.5
1231880 2994.2
1231890 2992.8
1231900 2991.1
1231910 2991.1
1231920 2989.0
1231930 2986.9
1231940 2986.9
1231950 2984.5
1231960 2981.8
1231970 2981.8
1231980 2978.8
1231990 2975.3
1232000 2975.3
1232010 2971.7
1232020 2967.8
1232030 2967.8
1232040 2963.0
1232050 2957.8
1232060 2957.8
1232070 2952.5
1232080 2947.2
1232090 2947.2
1232100 2942.2
1232110 2937.1
1232120 2932.3
1232130 2932.3
1232140 2927.6
1232150 2922.9
1232160 2925.6
1232170 2921.2
1232180 2916.9
1232190 2916.9
1232200 2912.7
1232210 2909.0
1232220 2909.0
1232230 2906.0
1232240 2903.1
1232250 2903.1
1232260 2900.9
1232270 2899.1
1232280 2899.1
1232290 2897.7
1232300 2896.4
1232310 2896.4
1232320 2894.8
1232330 2893.3
1232340 2891.6
1232350 2891.6
1232360 2889.5
1232370 2887.3
1232380 2887.3
1232390 2885.7
1232400 2884.6
1232410 2884.6
1232420 2883.5
1232430 2882.2
1232440 2882.2
1232450 2880.8
1232460 2879.5
1232470 2879.5
1232480 2878.3
1232490 2877.1
1232500 2877.1
1232510 2875.9
1232520 2874.8
1232530 2874.8
1232540 2874.0
1232550 2873.3
1232560 2872.7
1232570 2872.7
1232580 2872.2
1232590 2871.8
1232600 2871.8
1232610 2871.3
1232620 2870.8
1232630 2870.8
1232640 2870.5
1232650 2870.4
1232660 2870.4
1232670 2873.3
1232680 2873.9
1232690 2873.9
1232700 2874.8
1232710 2876.0
1232720 2876.0
1232730 2877.3
1232740 2878.8
1232750 2878.8
1232760 2880.1
1232770 2881.2
1232780 2882.1
1232790 2882.1
1232800 2883.1
1232810 2883.9
1232820 2883.9
1232830 2884.5
1232840 2884.9
1232850 2884.9
1232860 2884.9
1232870 2884.5
1232880 2884.5
1232890 2883.4
1232900 2881.8
1232910 2881.8
1232920 2879.6
1232930 2876.8
1232940 2876.8
1232950 2874.3
1232960 2872.0
1232970 2872.0
1232980 2869.8
1232990 2867.8
1233000 2865.9
1233010 2865.9
1233020 2864.2
1233030 2862.7
1233040 2862.7
1233050 2861.5
1233060 2860.6
1233070 2860.6
1233080 2859.9
1233090 2859.4
1233100 2859.4
1233110 2858.8
1233120 2858.3
1233130 2858.3
1233140 2858.0
1233150 2857.9
1233160 2857.9
1233170 2861.4
1233180 2861.5
1233190 2861.5
1233200 2861.8
1233210 2862.4
1233220 2863.6
1233230 2863.6
1233240 2865.3
1233250 2867.3
1233260 2867.3
1233270 2869.5
1233280 2872.0
1233290 2872.0
1233300 2874.6
1233310 2877.2
1233320 2877.2
1233330 2879.8
1233340 2882.2
1233350 2882.2
1233360 2884.1
1233370 2885.9
1233380 2885.9
1233390 2887.5
1233400 2888.8
1233410 2888.8
1233420 2889.8
1233430 2890.3
1233440 2890.7
1233450 2890.7
1233460 2891.0
1233470 2891.5
1233480 2891.5
1233490 2891.9
1233500 2892.4
1233510 2892.4
1233520 2892.8
1233530 2893.3
1233540 2893.3
1233550 2894.0
1233560 2894.9
1233570 2894.9
1233580 2895.9
1233590 2897.1
1233600 2897.1
1233610 2898.2
1233620 2899.5
1233630 2899.5
1233640 2900.9
1233650 2909.4
1233660 2934.1
1233670 2934.1
1233680 2962.1
1233690 2971.7
1233700 2971.7
1233710 2978.3
1233720 2983.1
1233730 2983.1
1233740 2994.2
1233750 3005.4
1233760 3005.4
1233770 3008.6
1233780 3007.0
1233790 3007.0
1233800 3011.6
1233810 3025.1
1233820 3025.1
1233830 3041.2
1233840 3049.7
1233850 3049.7
1233860 3053.2
1233870 3053.6
1233880 3051.3
1233890 3051.3
1233900 3048.2
1233910 3046.4
1233920 3046.4
1233930 3047.7
1233940 3051.7
1233950 3051.7
1233960 3057.1
1233970 3064.0
1233980 3064.0
1233990 3076.5
1234000 3092.9
1234010 3092.9
1234020 3104.9
1234030 3118.5
1234040 3118.5
1234050 3131.1
1234060 3145.2
1234070 3145.2
1234080 3161.9
1234090 3171.6
1234100 3169.9
1234110 3169.9
1234120 3165.1
1234130 3159.4
1234140 3159.4
1234150 3154.4
1234160 3149.7
1234170 3149.7
1234180 3148.7
1234190 3143.9
1234200 3143.9
1234210 3139.6
1234220 3135.6
1234230 3135.6
1234240 3131.5
1234250 3127.1
1234260 3127.1
1234270 3122.7
1234280 3118.4
1234290 3118.4
1234300 3114.0
1234310 3109.7
1234320 3104.8
1234330 3104.8
1234340 3099.8
1234350 3095.2
1234360 3095.2
1234370 3090.5
1234380 3084.7
1234390 3084.7
1234400 3081.2
1234410 3077.7
1234420 3077.7
1234430 3074.7
1234440 3072.5
1234450 3072.5
1234460 3070.8
1234470 3067.1
1234480 3067.1
1234490 3063.3
1234500 3060.3
1234510 3060.3
1234520 3057.9
1234530 3056.0
1234540 3054.6
1234550 3054.6
1234560 3053.7
1234570 3053.1
1234580 3053.1
1234590 3052.4
1234600 3051.6
1234610 3051.6
1234620 3051.1
1234630 3050.8
1234640 3050.8
1234650 3050.8
1234660 3050.9
1234670 3050.9
1234680 3051.1
1234690 3057.3
1234700 3057.3
1234710 3058.2
1234720 3059.3
1234730 3059.3
1234740 3060.3
1234750 3061.5
1234760 3064.0
1234770 3064.0
1234780 3066.3
1234790 3060.9
1234800 3060.9
1234810 3057.0
1234820 3054.2
1234830 3054.2
1234840 3050.4
1234850 3046.6
1234860 3046.6
1234870 3043.4
1234880 3041.0
1234890 3041.0
1234900 3039.4
1234910 3038.0
1234920 3038.0
1234930 3037.7
1234940 3040.0
1234950 3040.0
1234960 3040.8
1234970 3039.1
1234980 3036.7
1234990 3036.7
1235000 3032.8
1235010 3023.8
1235020 3023.8
1235030 3014.1
1235040 3007.6
1235050 3007.6
1235060 3000.6
1235070 2994.2
1235080 2994.2
1235090 2990.5
1235100 2987.9
1235110 2987.9
1235120 2986.0
1235130 2982.3
1235140 2982.3
1235150 2979.9
1235160 2976.2
1235170 2976.2
1235180 2973.0
1235190 2972.8
1235200 2971.2
1235210 2971.2
1235220 2971.3
1235230 2968.4
1235240 2968.4
1235250 2961.7
1235260 2954.7
1235270 2954.7
1235280 2948.8
1235290 2943.5
1235300 2943.5
1235310 2939.7
1235320 2938.2
1235330 2938.2
1235340 2939.5
1235350 2944.1
1235360 2944.1
1235370 2945.7
1235380 2944.9
1235390 2944.9
1235400 2942.9
1235410 2938.7
1235420 2933.1
1235430 2933.1
1235440 2928.3
1235450 2923.9
1235460 2923.9
1235470 2920.1
1235480 2916.6
1235490 2916.6
1235500 2915.3
1235510 2914.4
1235520 2914.4
1235530 2914.0
1235540 2913.6
1235550 2913.6
1235560 2912.2
1235570 2909.4
1235580 2909.4
1235590 2906.8
1235600 2906.3
1235610 2906.3
1235620 2907.1
1235630 2908.9
1235640 2912.0
1235650 2912.0
1235660 2914.5
1235670 2915.7
1235680 2915.7
1235690 2916.4
1235700 2915.0
1235710 2915.0
1235720 2917.8
1235730 2920.4
1235740 2920.4
1235750 2923.3
1235760 2927.2
1235770 2927.2
1235780 2931.4
1235790 2935.7
1235800 2935.7
1235810 2939.8
1235820 2944.9
1235830 2944.9
1235840 2951.2
1235850 2957.7
1235860 2964.5
1235870 2964.5
1235880 2973.1
1235890 2983.8
1235900 2983.8
1235910 2994.9
1235920 3007.0
1235930 3007.0
1235940 3014.1
1235950 3020.8
1235960 3020.8
1235970 3030.4
1235980 3037.9
1235990 3037.9
1236000 3052.4
1236010 3069.9
1236020 3069.9
1236030 3078.6
1236040 3085.9
1236050 3085.9
1236060 3092.4
1236070 3095.7
1236080 3103.6
1236090 3103.6
1236100 3112.8
1236110 3120.4
1236120 3120.4
1236130 3124.9
1236140 3131.2
1236150 3131.2
1236160 3139.9
1236170 3148.6
1236180 3148.6
1236190 3157.6
1236200 3167.8
1236210 3161.7
1236220 3167.9
1236230 3177.2
1236240 3177.2
1236250 3184.5
1236260 3195.5
1236270 3195.5
1236280 3207.9
1236290 3219.4
1236300 3229.2
1236310 3229.2
1236320 3237.6
1236330 3248.2
1236340 3248.2
1236350 3260.0
1236360 3268.2
1236370 3268.2
1236380 3269.0
1236390 3266.0
1236400 3266.0
1236410 3261.1
1236420 3255.1
1236430 3255.1
1236440 3255.8
1236450 3262.4
1236460 3262.4
1236470 3259.0
1236480 3258.2
1236490 3258.2
1236500 3263.7
1236510 3266.7
1236520 3265.0
1236530 3265.0
1236540 3260.2
1236550 3256.4
1236560 3256.4
1236570 3258.2
1236580 3260.5
1236590 3260.5
1236600 3261.5
1236610 3260.9
1236620 3260.9
1236630 3257.7
1236640 3255.9
1236650 3255.9
1236660 3256.8
1236670 3258.6
1236680 3258.6
1236690 3260.5
1236700 3262.2
1236710 3262.2
1236720 3263.6
1236730 3270.5
1236740 3270.9
1236750 3270.9
1236760 3271.1
1236770 3271.0
1236780 3271.0
1236790 3270.8
1236800 3270.5
1236810 3270.5
1236820 3270.1
1236830 3269.7
1236840 3269.7
1236850 3269.2
1236860 3268.6
1236870 3268.6
1236880 3267.8
1236890 3267.0
1236900 3267.0
1236910 3266.2
1236920 3265.4
1236930 3265.4
1236940 3264.5
1236950 3263.6
1236960 3262.9
1236970 3262.9
1236980 3262.1
1236990 3261.3
1237000 3261.3
1237010 3260.4
1237020 3259.3
1237030 3259.3
1237040 3258.4
1237050 3257.7
1237060 3257.7
1237070 3257.0
1237080 3256.2
1237090 3256.2
1237100 3255.4
1237110 3254.6
1237120 3254.6
1237130 3253.8
1237140 3253.0
1237150 3253.0
1237160 3252.4
1237170 3252.3
1237180 3251.7
1237190 3251.7
1237200 3248.4
1237210 3242.3
1237220 3242.3
1237230 3235.1
1237240 3233.2
1237250 3233.2
1237260 3227.0
1237270 3220.8
1237280 3220.8
1237290 3214.4
1237300 3208.2
1237310 3208.2
1237320 3203.2
1237330 3197.2
1237340 3197.2
1237350 3188.7
1237360 3180.9
1237370 3180.9
1237380 3173.1
1237390 3161.4
1237400 3149.9
1237410 3149.9
1237420 3140.8
1237430 3132.8
1237440 3132.8
1237450 3125.1
1237460 3118.1
1237470 3118.1
1237480 3108.7
1237490 3089.5
1237500 3089.5
1237510 3069.2
1237520 3057.9
1237530 3057.9
1237540 3046.9
1237550 3025.9
1237560 3025.9
1237570 3016.8
1237580 3011.7
1237590 3011.7
1237600 3006.9
1237610 3002.6
1237620 2998.0
1237630 2998.0
1237640 2992.9
1237650 2987.3
1237660 2987.3
1237670 2981.9
1237680 2977.4
1237690 2977.4
1237700 2973.6
1237710 2969.2
1237720 2969.2
1237730 2966.7
1237740 2963.4
1237750 2975.2
1237760 2969.0
1237770 2963.0
1237780 2963.0
1237790 2959.4
1237800 2955.0
1237810 2955.0
1237820 2950.9
1237830 2946.7
1237840 2942.9
1237850 2942.9
1237860 2940.4
1237870 2938.8
1237880 2938.8
1237890 2939.0
1237900 2942.2
1237910 2942.2
1237920 2940.3
1237930 2939.1
1237940 2939.1
1237950 2937.5
1237960 2931.1
1237970 2931.1
1237980 2924.5
1237990 2908.7
1238000 2908.7
1238010 2890.2
1238020 2872.1
1238030 2872.1
1238040 2858.8
1238050 2845.3
1238060 2838.5
1238070 2838.5
1238080 2833.7
1238090 2828.3
1238100 2828.3
1238110 2823.9
1238120 2820.4
1238130 2820.4
1238140 2819.0
1238150 2817.0
1238160 2817.0
1238170 2816.1
1238180 2814.1
1238190 2814.1
1238200 2811.1
1238210 2808.5
1238220 2808.5
1238230 2805.4
1238240 2802.1
1238250 2802.1
1238260 2799.0
1238270 2798.5
1238280 2795.7
1238290 2795.7
1238300 2792.7
1238310 2789.0
1238320 2789.0
1238330 2785.0
1238340 2781.1
1238350 2781.1
1238360 2777.6
1238370 2774.4
1238380 2774.4
1238390 2771.5
1238400 2768.8
1238410 2768.8
1238420 2766.3
1238430 2764.1
1238440 2764.1
1238450 2761.9
1238460 2759.7
1238470 2759.7
1238480 2757.1
1238490 2753.9
1238500 2750.1
1238510 2750.1
1238520 2745.4
1238530 2738.8
1238540 2738.8
1238550 2728.8
1238560 2721.1
1238570 2721.1
1238580 2717.9
1238590 2716.4
1238600 2716.4
1238610 2715.2
1238620 2713.3
1238630 2713.3
1238640 2710.2
1238650 2706.1
1238660 2706.1
1238670 2703.9
1238680 2701.6
1238690 2701.6
1238700 2700.1
1238710 2698.7
1238720 2698.3
1238730 2698.3
1238740 2697.3
1238750 2696.5
1238760 2696.5
1238770 2695.0
1238780 2698.4
1238790 2698.4
1238800 2698.7
1238810 2698.4
1238820 2698.4
1238830 2697.0
1238840 2695.3
1238850 2695.3
1238860 2692.2
1238870 2689.4
1238880 2689.4
1238890 2687.9
1238900 2686.5
1238910 2686.5
1238920 2684.6
1238930 2680.5
1238940 2675.8
1238950 2675.8
1238960 2673.2
1238970 2672.7
1238980 2672.7
1238990 2672.1
1239000 2671.0
1239010 2671.0
1239020 2669.7
1239030 2667.7
1239040 2667.7
1239050 2664.8
1239060 2660.8
1239070 2660.8
1239080 2655.9
1239090 2650.3
1239100 2650.3
1239110 2645.0
1239120 2640.3
1239130 2640.3
1239140 2636.5
1239150 2634.0
1239160 2634.6
1239170 2634.6
1239180 2634.4
1239190 2634.2
1239200 2634.2
1239210 2634.9
1239220 2634.8
1239230 2634.8
1239240 2634.2
1239250 2632.5
1239260 2632.5
1239270 2631.1
1239280 2629.4
1239290 2629.4
1239300 2628.5
1239310 2622.1
1239320 2622.1
1239330 2617.4
1239340 2616.2
1239350 2616.2
1239360 2616.2
1239370 2614.9
1239380 2611.8
1239390 2611.8
1239400 2609.2
1239410 2606.6
1239420 2606.6
1239430 2604.2
1239440 2603.6
1239450 2603.6
1239460 2603.3
1239470 2599.7
1239480 2599.7
1239490 2591.6
1239500 2584.4
1239510 2584.4
1239520 2577.1
1239530 2570.8
1239540 2570.8
1239550 2563.8
1239560 2554.4
1239570 2554.4
1239580 2548.5
1239590 2541.6
1239600 2535.4
1239610 2535.4
1239620 2530.7
1239630 2527.0
1239640 2527.0
1239650 2523.3
1239660 2519.9
1239670 2519.9
1239680 2516.9
1239690 2513.7
1239700 2513.7
1239710 2510.1
1239720 2506.6
1239730 2506.6
1239740 2503.0
1239750 2499.0
1239760 2499.0
1239770 2495.2
1239780 2492.7
1239790 2492.7
1239800 2490.1
1239810 2488.2
1239820 2485.2
1239830 2485.2
1239840 2481.6
1239850 2478.9
1239860 2478.9
1239870 2476.3
1239880 2473.3
1239890 2473.3
1239900 2469.7
1239910 2467.2
1239920 2467.2
1239930 2464.5
1239940 2461.5
1239950 2461.5
1239960 2457.1
1239970 2451.0
1239980 2451.0
1239990 2444.5
