1220000 1165.1
1220010 1166.6
1220020 1166.7
1220030 1166.7
1220040 1166.3
1220050 1166.1
1220060 1166.1
1220070 1166.1
1220080 1166.1
1220090 1166.1
1220100 1166.1
1220110 1166.0
1220120 1165.9
1220130 1166.0
1220140 1165.9
1220150 1165.8
1220160 1165.8
1220170 1165.8
1220180 1165.8
1220190 1165.8
1220200 1165.7
1220210 1165.7
1220220 1165.7
1220230 1165.7
1220240 1165.7
1220250 1165.7
1220260 1165.7
1220270 1165.7
1220280 1165.7
1220290 1165.7
1220300 1165.7
1220310 1165.7
1220320 1165.7
1220330 1165.8
1220340 1165.9
1220350 1165.9
1220360 1165.9
1220370 1165.6
1220380 1165.6
1220390 1164.3
1220400 1165.9
1220410 1165.9
1220420 1166.2
1220430 1166.3
1220440 1166.3
1220450 1166.5
1220460 1166.7
1220470 1166.7
1220480 1166.9
1220490 1166.9
1220500 1167.0
1220510 1167.0
1220520 1167.1
1220530 1167.3
1220540 1167.3
1220550 1167.5
1220560 1167.6
1220570 1167.6
1220580 1167.8
1220590 1168.0
1220600 1168.0
1220610 1168.2
1220620 1168.3
1220630 1168.3
1220640 1168.4
1220650 1168.6
1220660 1168.6
1220670 1168.7
1220680 1168.8
1220690 1168.8
1220700 1169.0
1220710 1169.1
1220720 1169.2
1220730 1169.2
1220740 1169.3
1220750 1169.4
1220760 1169.4
1220770 1169.6
1220780 1169.8
1220790 1169.8
1220800 1170.0
1220810 1170.2
1220820 1170.2
1220830 1170.5
1220840 1170.6
1220850 1170.6
1220860 1170.8
1220870 1171.1
1220880 1171.1
1220890 1171.4
1220900 1171.6
1220910 1171.6
1220920 1171.9
1220930 1172.1
1220940 1172.4
1220950 1172.4
1220960 1172.6
1220970 1172.8
1220980 1172.8
1220990 1173.1
1221000 1173.4
1221010 1173.4
1221020 1173.8
1221030 1174.1
1221040 1174.1
1221050 1174.3
1221060 1174.9
1221070 1174.9
1221080 1174.8
1221090 1175.5
1221100 1175.5
1221110 1175.6
1221120 1175.8
1221130 1175.8
1221140 1176.3
1221150 1176.4
1221160 1176.4
1221170 1176.4
1221180 1176.4
1221190 1176.8
1221200 1176.8
1221210 1177.2
1221220 1177.6
1221230 1177.6
1221240 1178.1
1221250 1178.3
1221260 1178.3
1221270 1178.5
1221280 1178.6
1221290 1178.6
1221300 1178.9
1221310 1179.4
1221320 1179.4
1221330 1180.0
1221340 1180.5
1221350 1180.5
1221360 1180.8
1221370 1181.3
1221380 1181.7
1221390 1181.7
1221400 1182.2
1221410 1182.9
1221420 1182.9
1221430 1182.8
1221440 1182.7
1221450 1182.7
1221460 1182.5
1221470 1182.7
1221480 1182.7
1221490 1183.4
1221500 1184.1
1221510 1184.1
1221520 1184.6
1221530 1184.9
1221540 1184.9
1221550 1184.7
1221560 1185.1
1221570 1185.2
1221580 1186.0
1221590 1189.3
1221600 1199.5
1221610 1199.5
1221620 1208.6
1221630 1214.5
1221640 1214.5
1221650 1216.5
1221660 1216.3
1221670 1216.3
1221680 1214.9
1221690 1216.6
1221700 1216.6
1221710 1221.1
1221720 1226.7
1221730 1226.7
1221740 1228.5
1221750 1228.7
1221760 1228.7
1221770 1234.8
1221780 1239.9
1221790 1239.9
1221800 1245.6
1221810 1252.2
1221820 1260.9
1221830 1260.9
1221840 1269.5
1221850 1273.5
1221860 1273.5
1221870 1278.1
1221880 1281.8
1221890 1281.8
1221900 1287.2
1221910 1291.1
1221920 1291.1
1221930 1294.0
1221940 1298.9
1221950 1298.9
1221960 1303.8
1221970 1309.0
1221980 1309.0
1221990 1311.9
1222000 1316.0
1222010 1316.0
1222020 1319.9
1222030 1326.0
1222040 1331.8
1222050 1326.6
1222060 1332.1
1222070 1337.4
1222080 1337.4
1222090 1342.1
1222100 1346.3
1222110 1346.3
1222120 1350.4
1222130 1354.0
1222140 1354.0
1222150 1357.4
1222160 1361.0
1222170 1361.0
1222180 1365.1
1222190 1369.4
1222200 1369.4
1222210 1374.5
1222220 1381.9
1222230 1381.9
1222240 1388.7
1222250 1396.1
1222260 1403.7
1222270 1403.7
1222280 1414.6
1222290 1422.9
1222300 1422.9
1222310 1427.5
1222320 1430.3
1222330 1430.3
1222340 1431.6
1222350 1432.5
1222360 1432.5
1222370 1432.7
1222380 1433.0
1222390 1433.0
1222400 1433.8
1222410 1434.4
1222420 1434.4
1222430 1434.2
1222440 1434.7
1222450 1434.7
1222460 1435.7
1222470 1437.1
1222480 1438.1
1222490 1438.1
1222500 1438.3
1222510 1437.9
1222520 1437.9
1222530 1436.9
1222540 1428.8
1222550 1428.8
1222560 1429.2
1222570 1430.6
1222580 1430.6
1222590 1430.8
1222600 1431.9
1222610 1431.9
1222620 1432.2
1222630 1430.4
1222640 1430.4
1222650 1426.2
1222660 1421.3
1222670 1421.3
1222680 1416.8
1222690 1414.0
1222700 1412.7
1222710 1412.7
1222720 1411.7
1222730 1411.5
1222740 1411.5
1222750 1409.4
1222760 1405.9
1222770 1405.9
1222780 1401.3
1222790 1391.9
1222800 1391.9
1222810 1380.5
1222820 1367.7
1222830 1367.7
1222840 1356.8
1222850 1352.5
1222860 1352.5
1222870 1353.4
1222880 1356.1
1222890 1356.1
1222900 1360.3
1222910 1359.8
1222920 1357.9
1222930 1357.9
1222940 1358.7
1222950 1362.1
1222960 1362.1
1222970 1363.6
1222980 1364.9
1222990 1364.9
1223000 1366.2
1223010 1367.5
1223020 1359.3
1223030 1361.2
1223040 1364.5
1223050 1364.5
1223060 1368.8
1223070 1372.8
1223080 1372.8
1223090 1380.5
1223100 1383.9
1223110 1383.9
1223120 1382.8
1223130 1380.6
1223140 1375.4
1223150 1375.4
1223160 1372.6
1223170 1372.3
1223180 1372.3
1223190 1372.6
1223200 1375.0
1223210 1375.0
1223220 1379.1
1223230 1374.1
1223240 1374.1
1223250 1371.6
1223260 1374.6
1223270 1374.6
1223280 1376.9
1223290 1381.7
1223300 1381.7
1223310 1385.3
1223320 1390.4
1223330 1390.4
1223340 1396.1
1223350 1397.7
1223360 1398.5
1223370 1398.5
1223380 1399.9
1223390 1401.9
1223400 1401.9
1223410 1403.4
1223420 1399.8
1223430 1399.8
1223440 1396.2
1223450 1396.8
1223460 1396.8
1223470 1397.8
1223480 1399.2
1223490 1399.2
1223500 1392.6
1223510 1393.5
1223520 1393.5
1223530 1394.6
1223540 1399.1
1223550 1399.1
1223560 1403.4
1223570 1407.6
1223580 1413.7
1223590 1413.7
1223600 1422.3
1223610 1428.4
1223620 1428.4
1223630 1429.7
1223640 1429.8
1223650 1429.8
1223660 1430.0
1223670 1431.2
1223680 1431.2
1223690 1432.9
1223700 1437.4
1223710 1437.4
1223720 1442.1
1223730 1445.2
1223740 1445.2
1223750 1447.0
1223760 1449.9
1223770 1449.9
1223780 1453.6
1223790 1457.5
1223800 1463.1
1223810 1463.1
1223820 1469.1
1223830 1475.1
1223840 1475.1
1223850 1481.0
1223860 1488.1
1223870 1488.1
1223880 1495.8
1223890 1504.6
1223900 1504.6
1223910 1513.3
1223920 1516.7
1223930 1516.7
1223940 1516.0
1223950 1513.1
1223960 1513.1
1223970 1509.4
1223980 1506.5
1223990 1502.2
1224000 1498.5
1224010 1493.1
1224020 1488.4
1224030 1488.4
1224040 1485.0
1224050 1482.0
1224060 1482.0
1224070 1478.8
1224080 1477.7
1224090 1477.7
1224100 1477.6
1224110 1478.2
1224120 1478.2
1224130 1479.5
1224140 1481.2
1224150 1481.2
1224160 1482.2
1224170 1482.5
1224180 1482.5
1224190 1482.8
1224200 1483.5
1224210 1483.5
1224220 1484.1
1224230 1485.1
1224240 1487.4
1224250 1487.4
1224260 1490.7
1224270 1494.7
1224280 1494.7
1224290 1498.2
1224300 1499.2
1224310 1499.2
1224320 1500.2
1224330 1500.3
1224340 1500.3
1224350 1499.5
1224360 1501.3
1224370 1501.3
1224380 1502.9
1224390 1503.5
1224400 1503.5
1224410 1506.1
1224420 1509.9
1224430 1509.9
1224440 1513.3
1224450 1515.1
1224460 1512.7
1224470 1512.7
1224480 1504.0
1224490 1507.7
1224500 1507.7
1224510 1512.7
1224520 1517.6
1224530 1517.6
1224540 1518.7
1224550 1518.6
1224560 1518.6
1224570 1519.2
1224580 1520.1
1224590 1520.1
1224600 1520.4
1224610 1521.4
1224620 1521.4
1224630 1523.6
1224640 1527.0
1224650 1527.0
1224660 1531.1
1224670 1536.7
1224680 1542.6
1224690 1542.6
1224700 1545.3
1224710 1545.8
1224720 1545.8
1224730 1546.3
1224740 1545.0
1224750 1545.0
1224760 1544.3
1224770 1545.3
1224780 1545.3
1224790 1545.7
1224800 1546.2
1224810 1546.2
1224820 1548.4
1224830 1550.1
1224840 1550.1
1224850 1551.7
1224860 1553.5
1224870 1553.5
1224880 1555.8
1224890 1557.8
1224900 1558.9
1224910 1558.9
1224920 1558.7
1224930 1559.2
1224940 1559.2
1224950 1560.9
1224960 1558.4
1224970 1558.4
1224980 1560.6
1224990 1566.0
1225000 1566.0
1225010 1571.0
1225020 1575.3
1225030 1575.3
1225040 1579.1
1225050 1581.2
1225060 1581.2
1225070 1582.5
1225080 1584.0
1225090 1584.0
1225100 1586.4
1225110 1589.5
1225120 1589.8
1225130 1589.8
1225140 1589.2
1225150 1589.2
1225160 1589.2
1225170 1589.2
1225180 1588.8
1225190 1588.8
1225200 1588.8
1225210 1589.1
1225220 1589.1
1225230 1588.7
1225240 1587.1
1225250 1587.1
1225260 1586.6
1225270 1586.1
1225280 1586.1
1225290 1586.2
1225300 1587.1
1225310 1587.1
1225320 1588.6
1225330 1590.9
1225340 1590.9
1225350 1593.7
1225360 1596.2
1225370 1598.8
1225380 1598.8
1225390 1601.1
1225400 1603.8
1225410 1603.8
1225420 1606.2
1225430 1608.2
1225440 1608.2
1225450 1605.8
1225460 1607.5
1225470 1607.5
1225480 1608.9
1225490 1609.9
1225500 1609.9
1225510 1612.4
1225520 1616.8
1225530 1616.8
1225540 1620.5
1225550 1623.1
1225560 1623.1
1225570 1625.7
1225580 1628.3
1225590 1630.4
1225600 1630.4
1225610 1631.8
1225620 1631.2
1225630 1631.2
1225640 1629.0
1225650 1628.0
1225660 1628.0
1225670 1629.0
1225680 1631.2
1225690 1631.2
1225700 1630.4
1225710 1625.5
1225720 1625.5
1225730 1623.2
1225740 1626.9
1225750 1626.9
1225760 1634.1
1225770 1637.7
1225780 1637.7
1225790 1639.0
1225800 1640.0
1225810 1641.2
1225820 1641.2
1225830 1646.4
1225840 1654.8
1225850 1654.8
1225860 1659.6
1225870 1660.1
1225880 1660.1
1225890 1660.9
1225900 1659.9
1225910 1659.9
1225920 1658.6
1225930 1657.8
1225940 1650.5
1225950 1649.4
1225960 1648.1
1225970 1648.1
1225980 1646.9
1225990 1645.8
1226000 1645.8
1226010 1644.8
1226020 1644.0
1226030 1643.2
1226040 1643.2
1226050 1641.9
1226060 1642.7
1226070 1642.7
1226080 1643.7
1226090 1643.7
1226100 1643.7
1226110 1643.9
1226120 1645.1
1226130 1645.1
1226140 1646.4
1226150 1646.8
1226160 1646.8
1226170 1648.5
1226180 1650.5
1226190 1650.5
1226200 1652.2
1226210 1652.1
1226220 1652.1
1226230 1649.9
1226240 1649.3
1226250 1650.3
1226260 1650.3
1226270 1651.4
1226280 1652.9
1226290 1652.9
1226300 1654.8
1226310 1654.2
1226320 1654.2
1226330 1654.2
1226340 1655.4
1226350 1655.4
1226360 1656.8
1226370 1658.2
1226380 1658.2
1226390 1658.7
1226400 1659.3
1226410 1659.3
1226420 1660.1
1226430 1653.6
1226440 1653.6
1226450 1654.9
1226460 1656.4
1226470 1657.5
1226480 1657.5
1226490 1658.1
1226500 1658.1
1226510 1658.1
1226520 1659.1
1226530 1660.9
1226540 1660.9
1226550 1663.2
1226560 1665.7
1226570 1665.7
1226580 1668.8
1226590 1672.1
1226600 1672.1
1226610 1675.7
1226620 1679.3
1226630 1679.3
1226640 1682.5
1226650 1686.2
1226660 1686.2
1226670 1689.5
1226680 1691.2
1226690 1692.0
1226700 1692.0
1226710 1692.1
1226720 1692.7
1226730 1692.7
1226740 1694.9
1226750 1696.9
1226760 1696.9
1226770 1698.5
1226780 1700.4
1226790 1700.4
1226800 1700.9
1226810 1702.2
1226820 1702.2
1226830 1706.7
1226840 1710.0
1226850 1710.0
1226860 1712.2
1226870 1714.5
1226880 1714.5
1226890 1716.6
1226900 1717.4
1226910 1716.5
1226920 1709.6
1226930 1711.7
1226940 1715.1
1226950 1715.1
1226960 1718.0
1226970 1721.8
1226980 1721.8
1226990 1725.0
1227000 1727.1
1227010 1727.1
1227020 1727.1
1227030 1726.1
1227040 1726.1
1227050 1726.3
1227060 1729.0
1227070 1729.0
1227080 1732.8
1227090 1736.6
1227100 1736.6
1227110 1739.9
1227120 1741.9
1227130 1743.4
1227140 1743.4
1227150 1744.5
1227160 1745.0
1227170 1745.0
1227180 1744.9
1227190 1745.3
1227200 1745.3
1227210 1746.9
1227220 1747.9
1227230 1747.9
1227240 1748.4
1227250 1749.2
1227260 1749.2
1227270 1749.8
1227280 1750.2
1227290 1750.2
1227300 1749.4
1227310 1743.7
1227320 1743.7
1227330 1735.6
1227340 1732.2
1227350 1740.0
1227360 1740.0
1227370 1748.1
1227380 1755.2
1227390 1755.2
1227400 1758.9
1227410 1759.3
1227420 1751.8
1227430 1752.3
1227440 1753.5
1227450 1753.5
1227460 1756.0
1227470 1759.2
1227480 1759.2
1227490 1762.2
1227500 1764.3
1227510 1764.3
1227520 1765.2
1227530 1767.4
1227540 1767.4
1227550 1769.6
1227560 1769.1
1227570 1770.8
1227580 1770.8
1227590 1775.7
1227600 1778.7
1227610 1778.7
1227620 1779.1
1227630 1779.7
1227640 1779.7
1227650 1783.5
1227660 1789.4
1227670 1789.4
1227680 1795.3
1227690 1799.2
1227700 1799.2
1227710 1801.9
1227720 1806.7
1227730 1806.7
1227740 1811.8
1227750 1816.2
1227760 1816.2
1227770 1819.7
1227780 1821.9
1227790 1822.9
1227800 1822.9
1227810 1822.3
1227820 1824.3
1227830 1824.3
1227840 1827.0
1227850 1826.5
1227860 1826.5
1227870 1826.4
1227880 1827.8
1227890 1827.8
1227900 1829.3
1227910 1822.9
1227920 1822.9
1227930 1824.3
1227940 1826.6
1227950 1826.6
1227960 1828.7
1227970 1830.9
1227980 1830.9
1227990 1833.1
1228000 1834.3
1228010 1835.2
1228020 1835.2
1228030 1836.1
1228040 1837.1
1228050 1837.1
1228060 1838.1
1228070 1839.6
1228080 1839.6
1228090 1841.1
1228100 1841.8
1228110 1841.8
1228120 1842.4
1228130 1842.5
1228140 1842.5
1228150 1844.7
1228160 1847.0
1228170 1847.0
1228180 1848.3
1228190 1849.1
1228200 1849.1
1228210 1849.9
1228220 1850.0
1228230 1848.1
1228240 1848.1
1228250 1846.0
1228260 1844.2
1228270 1844.2
1228280 1843.1
1228290 1842.1
1228300 1842.1
1228310 1840.6
1228320 1839.6
1228330 1839.6
1228340 1837.9
1228350 1837.1
1228360 1837.1
1228370 1836.7
1228380 1836.1
1228390 1836.1
1228400 1836.1
1228410 1840.8
1228420 1840.8
1228430 1846.1
1228440 1852.2
1228450 1856.7
1228460 1856.7
1228470 1860.7
1228480 1865.1
1228490 1865.1
1228500 1870.1
1228510 1874.8
1228520 1874.8
1228530 1879.5
1228540 1884.8
1228550 1884.8
1228560 1890.2
1228570 1895.6
1228580 1895.6
1228590 1900.8
1228600 1906.0
1228610 1906.0
1228620 1910.9
1228630 1916.2
1228640 1916.2
1228650 1921.6
1228660 1926.7
1228670 1932.0
1228680 1932.0
1228690 1937.2
1228700 1942.5
1228710 1942.5
1228720 1948.0
1228730 1953.0
1228740 1953.0
1228750 1958.0
1228760 1963.4
1228770 1963.4
1228780 1968.7
1228790 1974.2
1228800 1974.2
1228810 1979.3
1228820 1984.6
1228830 1984.6
1228840 1990.3
1228850 1996.2
1228860 1996.2
1228870 2002.4
1228880 2008.7
1228890 2015.3
1228900 2013.9
1228910 2019.6
1228920 2025.7
1228930 2025.7
1228940 2031.5
1228950 2036.8
1228960 2036.8
1228970 2041.5
1228980 2045.8
1228990 2045.8
1229000 2050.9
1229010 2056.9
1229020 2056.9
1229030 2063.5
1229040 2069.7
1229050 2069.7
1229060 2074.6
1229070 2080.5
1229080 2080.5
1229090 2097.2
1229100 2107.1
1229110 2112.9
1229120 2112.9
1229130 2120.9
1229140 2130.9
1229150 2130.9
1229160 2136.2
1229170 2141.1
1229180 2141.1
1229190 2146.8
1229200 2151.0
1229210 2151.0
1229220 2156.2
1229230 2162.7
1229240 2162.7
1229250 2169.6
1229260 2177.0
1229270 2177.0
1229280 2184.2
1229290 2191.4
1229300 2191.4
1229310 2198.7
1229320 2205.7
1229330 2215.4
1229340 2215.4
1229350 2224.4
1229360 2230.4
1229370 2230.4
1229380 2236.4
1229390 2241.1
1229400 2254.9
1229410 2256.2
1229420 2262.3
1229430 2262.3
1229440 2275.4
1229450 2278.6
1229460 2278.6
1229470 2281.9
1229480 2285.2
1229490 2285.2
1229500 2287.9
1229510 2292.6
1229520 2292.6
1229530 2296.6
1229540 2301.5
1229550 2306.7
1229560 2306.7
1229570 2313.3
1229580 2319.4
1229590 2319.4
1229600 2326.5
1229610 2334.0
1229620 2334.0
1229630 2340.3
1229640 2346.8
1229650 2346.8
1229660 2353.2
1229670 2360.1
1229680 2360.1
1229690 2370.8
1229700 2383.9
1229710 2383.9
1229720 2390.4
1229730 2396.6
1229740 2396.6
1229750 2405.4
1229760 2408.7
1229770 2410.4
1229780 2410.4
1229790 2412.7
1229800 2417.2
1229810 2417.2
1229820 2424.4
1229830 2432.0
1229840 2432.0
1229850 2441.5
1229860 2452.5
1229870 2452.5
1229880 2464.4
1229890 2469.2
1229900 2469.2
1229910 2479.0
1229920 2488.8
1229930 2488.8
1229940 2503.7
1229950 2514.5
1229960 2514.5
1229970 2527.5
1229980 2539.2
1229990 2552.4
1230000 2552.4
1230010 2563.2
1230020 2569.2
1230030 2569.2
1230040 2576.6
1230050 2586.1
1230060 2586.1
1230070 2595.6
1230080 2604.1
1230090 2604.1
1230100 2611.7
1230110 2620.3
1230120 2620.3
1230130 2629.8
1230140 2639.1
1230150 2639.1
1230160 2648.3
1230170 2659.6
1230180 2659.6
1230190 2672.2
1230200 2683.6
1230210 2697.0
1230220 2697.0
1230230 2710.5
1230240 2725.7
1230250 2725.7
1230260 2740.9
1230270 2754.2
1230280 2754.2
1230290 2768.4
1230300 2773.1
1230310 2773.1
1230320 2774.5
1230330 2776.3
1230340 2776.3
1230350 2769.0
1230360 2760.2
1230370 2760.2
1230380 2751.1
1230390 2747.1
1230400 2747.1
1230410 2740.3
1230420 2733.7
1230430 2727.9
1230440 2727.9
1230450 2722.0
1230460 2716.4
1230470 2716.4
1230480 2714.1
1230490 2712.3
1230500 2712.3
1230510 2711.4
1230520 2714.0
1230530 2714.0
1230540 2716.4
1230550 2719.1
1230560 2719.1
1230570 2720.2
1230580 2724.3
1230590 2724.3
1230600 2728.7
1230610 2734.9
1230620 2734.9
1230630 2741.5
1230640 2748.3
1230650 2754.3
1230660 2754.3
1230670 2759.3
1230680 2764.6
1230690 2764.6
1230700 2770.7
1230710 2777.4
1230720 2777.4
1230730 2784.2
1230740 2790.9
1230750 2790.9
1230760 2797.0
1230770 2802.1
1230780 2802.1
1230790 2810.2
1230800 2823.4
1230810 2823.4
1230820 2838.0
1230830 2848.0
1230840 2848.0
1230850 2856.8
1230860 2868.5
1230870 2879.6
1230880 2879.6
1230890 2894.8
1230900 2900.3
1230910 2900.3
1230920 2905.1
1230930 2908.7
1230940 2908.7
1230950 2906.3
1230960 2903.1
1230970 2903.1
1230980 2903.1
1230990 2904.9
1231000 2904.9
1231010 2907.2
1231020 2909.7
1231030 2909.7
1231040 2912.0
1231050 2914.1
1231060 2914.1
1231070 2916.0
1231080 2917.6
1231090 2919.0
1231100 2919.0
1231110 2920.5
1231120 2921.8
1231130 2921.8
1231140 2922.9
1231150 2923.8
1231160 2923.8
1231170 2924.5
1231180 2925.2
1231190 2925.2
1231200 2925.8
1231210 2926.4
1231220 2926.4
1231230 2927.4
1231240 2929.1
1231250 2929.1
1231260 2931.0
1231270 2933.1
1231280 2933.1
1231290 2935.6
1231300 2938.9
1231310 2945.7
1231320 2945.7
1231330 2957.5
1231340 2969.6
1231350 2969.6
1231360 2980.8
1231370 2992.8
1231380 2992.8
1231390 3007.6
1231400 3019.2
1231410 3019.2
1231420 3030.1
1231430 3038.6
1231440 3038.6
1231450 3039.3
1231460 3035.2
1231470 3035.2
1231480 3034.1
1231490 3028.4
1231500 3028.4
1231510 3028.3
1231520 3020.6
1231530 3013.7
1231540 3013.7
1231550 3020.9
1231560 3023.5
1231570 3023.5
1231580 3022.5
1231590 3020.6
1231600 3020.6
1231610 3024.2
1231620 3021.5
1231630 3021.5
1231640 3013.6
1231650 3007.7
1231660 3007.7
1231670 3003.5
1231680 2999.2
1231690 2999.2
1231700 2994.7
1231710 2988.6
1231720 2988.6
1231730 2980.9
1231740 2978.7
1231750 2983.8
1231760 2983.8
1231770 2995.8
1231780 3007.2
1231790 3007.2
1231800 3018.0
1231810 3022.1
1231820 3022.1
1231830 3025.5
1231840 3042.8
1231850 3042.8
1231860 3055.8
1231870 3051.3
1231880 3051.3
1231890 3054.4
1231900 3059.0
1231910 3059.0
1231920 3062.6
1231930 3058.6
1231940 3058.6
1231950 3053.3
1231960 3051.5
1231970 3044.9
1231980 3044.9
1231990 3031.8
1232000 3016.9
1232010 3016.9
1232020 2997.2
1232030 2979.0
1232040 2979.0
1232050 2963.5
1232060 2952.5
1232070 2952.5
1232080 2940.3
1232090 2926.9
1232100 2926.9
1232110 2916.6
1232120 2902.6
1232130 2902.6
1232140 2889.5
1232150 2879.2
1232160 2879.2
1232170 2872.7
1232180 2867.4
1232190 2860.1
1232200 2860.1
1232210 2852.8
1232220 2848.3
1232230 2848.3
1232240 2846.1
1232250 2843.7
1232260 2843.7
1232270 2840.8
1232280 2837.9
1232290 2837.9
1232300 2836.0
1232310 2833.5
1232320 2833.5
1232330 2829.2
1232340 2825.5
1232350 2825.5
1232360 2824.6
1232370 2824.8
1232380 2824.8
1232390 2828.2
1232400 2830.2
1232410 2829.5
1232420 2829.5
1232430 2824.8
1232440 2819.1
1232450 2819.1
1232460 2815.9
1232470 2815.1
1232480 2815.1
1232490 2814.4
1232500 2813.6
1232510 2813.6
1232520 2812.7
1232530 2811.9
1232540 2811.9
1232550 2811.2
1232560 2810.6
1232570 2810.6
1232580 2809.8
1232590 2809.0
1232600 2809.0
1232610 2808.1
1232620 2807.3
1232630 2806.4
1232640 2806.4
1232650 2805.5
1232660 2804.6
1232670 2804.6
1232680 2803.8
1232690 2803.1
1232700 2803.1
1232710 2802.5
1232720 2802.0
1232730 2802.0
1232740 2801.5
1232750 2801.0
1232760 2801.0
1232770 2800.6
1232780 2800.3
1232790 2800.3
1232800 2800.0
1232810 2799.8
1232820 2799.8
1232830 2799.7
1232840 2799.7
1232850 2799.7
1232860 2799.7
1232870 2799.6
1232880 2799.5
1232890 2799.5
1232900 2800.8
1232910 2801.2
1232920 2801.2
1232930 2801.6
1232940 2801.8
1232950 2801.8
1232960 2801.9
1232970 2802.2
1232980 2802.2
1232990 2802.5
1233000 2802.9
1233010 2802.9
1233020 2803.5
1233030 2804.2
1233040 2804.2
1233050 2805.0
1233060 2805.8
1233070 2805.8
1233080 2806.5
1233090 2807.1
1233100 2807.4
1233110 2807.4
1233120 2807.6
1233130 2808.0
1233140 2808.0
1233150 2808.4
1233160 2808.9
1233170 2808.9
1233180 2809.2
1233190 2809.4
1233200 2809.4
1233210 2809.7
1233220 2809.9
1233230 2809.9
1233240 2810.0
1233250 2810.0
1233260 2810.0
1233270 2810.0
1233280 2810.0
1233290 2810.0
1233300 2809.9
1233310 2810.0
1233320 2810.2
1233330 2810.2
1233340 2810.8
1233350 2811.4
1233360 2811.4
1233370 2812.2
1233380 2813.0
1233390 2813.0
1233400 2815.4
1233410 2816.2
1233420 2816.2
1233430 2817.1
1233440 2817.8
1233450 2817.8
1233460 2818.6
1233470 2819.5
1233480 2819.5
1233490 2820.3
1233500 2821.4
1233510 2821.4
1233520 2822.4
1233530 2823.5
1233540 2824.7
1233550 2824.7
1233560 2825.8
1233570 2827.0
1233580 2827.0
1233590 2828.3
1233600 2829.8
1233610 2829.8
1233620 2831.1
1233630 2832.7
1233640 2832.7
1233650 2834.4
1233660 2836.0
1233670 2836.0
1233680 2837.8
1233690 2839.9
1233700 2839.9
1233710 2842.4
1233720 2845.4
1233730 2845.4
1233740 2848.7
1233750 2852.3
1233760 2856.5
1233770 2856.5
1233780 2860.9
1233790 2865.8
1233800 2865.8
1233810 2871.4
1233820 2877.8
1233830 2877.8
1233840 2884.3
1233850 2890.2
1233860 2890.2
1233870 2895.4
1233880 2901.2
1233890 2901.2
1233900 2907.4
1233910 2914.2
1233920 2914.2
1233930 2924.6
1233940 2939.5
1233950 2939.5
1233960 2951.9
1233970 2960.5
1233980 2967.9
1233990 2967.9
1234000 2976.0
1234010 2984.6
1234020 2984.6
1234030 2991.4
1234040 2997.4
1234050 2997.4
1234060 3003.0
1234070 3010.3
1234080 3010.3
1234090 3016.9
1234100 3026.5
1234110 3026.5
1234120 3038.1
1234130 3051.3
1234140 3051.3
1234150 3064.3
1234160 3065.4
1234170 3065.4
1234180 3063.4
1234190 3063.3
1234200 3064.3
1234210 3064.3
1234220 3066.1
1234230 3068.6
1234240 3068.6
1234250 3072.1
1234260 3077.1
1234270 3077.1
1234280 3084.2
1234290 3093.4
1234300 3093.4
1234310 3100.9
1234320 3107.3
1234330 3107.3
1234340 3114.3
1234350 3108.6
1234360 3108.6
1234370 3100.9
1234380 3095.1
1234390 3095.1
1234400 3090.9
1234410 3103.0
1234420 3099.5
1234430 3099.5
1234440 3092.9
1234450 3083.9
1234460 3083.9
1234470 3074.3
1234480 3066.8
1234490 3066.8
1234500 3060.0
1234510 3051.7
1234520 3051.7
1234530 3042.0
1234540 3036.1
1234550 3036.1
1234560 3033.4
1234570 3028.4
1234580 3028.4
1234590 3020.7
1234600 3009.8
1234610 3009.8
1234620 2996.9
1234630 2981.0
1234640 2971.0
1234650 2971.0
1234660 2960.0
1234670 2949.6
1234680 2949.6
1234690 2942.7
1234700 2939.3
1234710 2939.3
1234720 2932.1
1234730 2924.8
1234740 2924.8
1234750 2914.7
1234760 2903.7
1234770 2903.7
1234780 2895.6
1234790 2888.7
1234800 2888.7
1234810 2884.7
1234820 2882.9
1234830 2882.9
1234840 2881.5
1234850 2880.0
1234860 2878.4
1234870 2878.4
1234880 2876.7
1234890 2875.2
1234900 2875.2
1234910 2873.6
1234920 2876.8
1234930 2876.8
1234940 2875.9
1234950 2875.1
1234960 2875.1
1234970 2874.7
1234980 2874.5
1234990 2874.5
1235000 2874.4
1235010 2874.3
1235020 2874.3
1235030 2874.3
1235040 2874.3
1235050 2874.3
1235060 2874.2
1235070 2874.0
1235080 2873.9
1235090 2873.9
1235100 2873.7
1235110 2873.5
1235120 2873.5
1235130 2873.4
1235140 2873.6
1235150 2873.6
1235160 2874.1
1235170 2875.0
1235180 2875.0
1235190 2876.0
1235200 2877.4
1235210 2877.4
1235220 2879.5
1235230 2881.8
1235240 2881.8
1235250 2884.3
1235260 2886.7
1235270 2886.7
1235280 2888.4
1235290 2889.7
1235300 2890.8
1235310 2890.8
1235320 2891.8
1235330 2892.8
1235340 2892.8
1235350 2894.0
1235360 2895.3
1235370 2895.3
1235380 2896.9
1235390 2898.9
1235400 2898.9
1235410 2901.2
1235420 2903.8
1235430 2910.0
1235440 2913.3
1235450 2915.8
1235460 2915.8
1235470 2917.3
1235480 2928.6
1235490 2928.6
1235500 2937.0
1235510 2946.7
1235520 2948.6
1235530 2948.6
1235540 2956.6
1235550 2961.5
1235560 2961.5
1235570 2962.7
1235580 2970.1
1235590 2970.1
1235600 2982.4
1235610 2995.5
1235620 2995.5
1235630 3007.5
1235640 3023.0
1235650 3023.0
1235660 3038.7
1235670 3050.4
1235680 3050.4
1235690 3060.3
1235700 3075.6
1235710 3075.6
1235720 3082.7
1235730 3093.6
1235740 3105.7
1235750 3105.7
1235760 3113.5
1235770 3115.4
1235780 3115.4
1235790 3119.5
1235800 3123.0
1235810 3123.0
1235820 3128.5
1235830 3136.8
1235840 3136.8
1235850 3148.9
1235860 3162.6
1235870 3162.6
1235880 3180.2
1235890 3190.7
1235900 3190.7
1235910 3198.4
1235920 3206.4
1235930 3206.4
1235940 3237.0
1235950 3261.0
1235960 3262.8
1235970 3262.8
1235980 3269.9
1235990 3279.6
1236000 3279.6
1236010 3290.3
1236020 3293.6
1236030 3293.6
1236040 3284.0
1236050 3275.5
1236060 3275.5
1236070 3264.3
1236080 3254.7
1236090 3254.7
1236100 3243.4
1236110 3233.2
1236120 3233.2
1236130 3227.0
1236140 3217.6
1236150 3217.6
1236160 3206.2
1236170 3193.3
1236180 3180.7
1236190 3180.7
1236200 3163.9
1236210 3154.3
1236220 3154.3
1236230 3147.0
1236240 3140.3
1236250 3140.3
1236260 3134.4
1236270 3129.5
1236280 3129.5
1236290 3125.4
1236300 3121.9
1236310 3121.9
1236320 3119.0
1236330 3116.5
1236340 3116.5
1236350 3114.4
1236360 3112.8
1236370 3112.8
1236380 3111.4
1236390 3110.1
1236400 3109.1
1236410 3109.1
1236420 3108.2
1236430 3107.4
1236440 3107.4
1236450 3108.6
1236460 3108.0
1236470 3108.0
1236480 3107.4
1236490 3106.9
1236500 3106.9
1236510 3106.4
1236520 3105.9
1236530 3105.9
1236540 3105.5
1236550 3105.1
1236560 3105.1
1236570 3104.8
1236580 3104.5
1236590 3104.5
1236600 3104.3
1236610 3104.1
1236620 3103.9
1236630 3103.9
1236640 3103.7
1236650 3103.6
1236660 3103.6
1236670 3103.4
1236680 3103.3
1236690 3103.3
1236700 3103.2
1236710 3103.1
1236720 3103.1
1236730 3103.0
1236740 3102.9
1236750 3102.9
1236760 3102.8
1236770 3102.8
1236780 3102.8
1236790 3102.7
1236800 3102.6
1236810 3102.6
1236820 3102.5
1236830 3102.4
1236840 3102.2
1236850 3102.2
1236860 3102.1
1236870 3101.9
1236880 3101.9
1236890 3101.7
1236900 3101.4
1236910 3101.4
1236920 3101.1
1236930 3100.8
1236940 3100.8
1236950 3100.5
1236960 3100.8
1236970 3100.8
1236980 3100.4
1236990 3100.0
1237000 3100.0
1237010 3099.6
1237020 3099.1
1237030 3099.1
1237040 3098.7
1237050 3098.2
1237060 3097.7
1237070 3097.7
1237080 3097.2
1237090 3096.7
1237100 3096.7
1237110 3096.2
1237120 3095.6
1237130 3095.6
1237140 3095.1
1237150 3094.6
1237160 3094.6
1237170 3094.0
1237180 3093.5
1237190 3093.5
1237200 3092.9
1237210 3092.3
1237220 3092.3
1237230 3091.8
1237240 3091.4
1237250 3091.4
1237260 3090.8
1237270 3090.3
1237280 3089.6
1237290 3089.6
1237300 3089.2
1237310 3088.6
1237320 3088.6
1237330 3088.0
1237340 3087.6
1237350 3087.6
1237360 3087.2
1237370 3086.7
1237380 3086.7
1237390 3086.1
1237400 3085.8
1237410 3085.8
1237420 3085.5
1237430 3085.0
1237440 3085.0
1237450 3084.8
1237460 3084.5
1237470 3086.5
1237480 3086.4
1237490 3086.3
1237500 3086.2
1237510 3086.2
1237520 3086.3
1237530 3086.5
1237540 3086.5
1237550 3086.6
1237560 3086.9
1237570 3086.9
1237580 3087.4
1237590 3087.7
1237600 3087.7
1237610 3088.2
1237620 3088.9
1237630 3088.9
1237640 3089.8
1237650 3090.9
1237660 3090.9
1237670 3092.1
1237680 3093.5
1237690 3093.5
1237700 3095.4
1237710 3097.6
1237720 3100.5
1237730 3100.5
1237740 3104.7
1237750 3109.4
1237760 3109.4
1237770 3115.4
1237780 3108.1
1237790 3108.1
1237800 3098.8
1237810 3097.2
1237820 3097.2
1237830 3092.4
1237840 3072.9
1237850 3072.9
1237860 3064.3
1237870 3063.9
1237880 3063.9
1237890 3051.9
1237900 3037.6
1237910 3037.6
1237920 3020.3
1237930 3001.4
1237940 2985.1
1237950 2985.1
1237960 2981.6
1237970 2986.8
1237980 2986.8
1237990 2985.6
1238000 2996.5
1238010 2996.5
1238020 2996.1
1238030 2984.5
1238040 2984.5
1238050 2970.7
1238060 2961.9
1238070 2961.9
1238080 2950.4
1238090 2943.3
1238100 2943.3
1238110 2936.4
1238120 2925.8
1238130 2925.8
1238140 2913.9
1238150 2903.0
1238160 2894.5
1238170 2894.5
1238180 2885.1
1238190 2876.4
1238200 2876.4
1238210 2866.8
1238220 2858.8
1238230 2858.8
1238240 2853.7
1238250 2853.1
1238260 2853.1
1238270 2848.5
1238280 2844.1
1238290 2844.1
1238300 2837.2
1238310 2829.7
1238320 2829.7
1238330 2822.3
1238340 2815.6
1238350 2815.6
1238360 2807.8
1238370 2799.4
1238380 2791.4
1238390 2791.4
1238400 2785.7
1238410 2775.2
1238420 2775.2
1238430 2765.5
1238440 2756.6
1238450 2756.6
1238460 2745.9
1238470 2737.2
1238480 2737.2
1238490 2730.1
1238500 2718.8
1238510 2718.8
1238520 2714.6
1238530 2710.4
1238540 2710.4
1238550 2705.7
1238560 2701.0
1238570 2701.0
1238580 2696.3
1238590 2691.7
1238600 2686.3
1238610 2686.3
1238620 2680.4
1238630 2675.2
1238640 2675.2
1238650 2670.2
1238660 2666.0
1238670 2666.0
1238680 2662.6
1238690 2659.4
1238700 2659.4
1238710 2655.8
1238720 2651.8
1238730 2651.8
1238740 2646.7
1238750 2641.7
1238760 2641.7
1238770 2637.3
1238780 2633.7
1238790 2633.7
1238800 2631.0
1238810 2628.4
1238820 2626.1
1238830 2626.1
1238840 2623.1
1238850 2619.3
1238860 2619.3
1238870 2618.4
1238880 2614.7
1238890 2614.7
1238900 2611.5
1238910 2608.1
1238920 2608.1
1238930 2605.6
1238940 2601.6
1238950 2601.6
1238960 2598.9
1238970 2597.7
1238980 2597.7
1238990 2594.4
1239000 2591.9
1239010 2591.9
1239020 2582.4
1239030 2580.6
1239040 2579.3
1239050 2579.3
1239060 2577.8
1239070 2575.9
1239080 2575.9
1239090 2575.1
1239100 2574.1
1239110 2574.1
1239120 2572.4
1239130 2571.2
1239140 2571.2
1239150 2570.4
1239160 2569.2
1239170 2569.2
1239180 2568.3
1239190 2567.6
1239200 2567.6
1239210 2565.7
1239220 2564.2
1239230 2564.2
1239240 2563.6
1239250 2564.3
1239260 2563.7
1239270 2563.7
1239280 2562.3
1239290 2559.9
1239300 2559.9
1239310 2557.6
1239320 2555.7
1239330 2555.7
1239340 2553.6
1239350 2551.3
1239360 2551.3
1239370 2549.1
1239380 2547.7
1239390 2547.7
1239400 2545.6
1239410 2542.4
1239420 2542.4
1239430 2539.4
1239440 2536.8
1239450 2536.8
1239460 2534.2
1239470 2531.8
1239480 2529.7
1239490 2529.7
1239500 2528.1
1239510 2527.4
1239520 2527.4
1239530 2526.9
1239540 2521.2
1239550 2521.2
1239560 2522.0
1239570 2522.4
1239580 2522.4
1239590 2522.6
1239600 2522.6
1239610 2522.6
1239620 2522.5
1239630 2522.1
1239640 2522.1
1239650 2522.4
1239660 2522.5
1239670 2522.5
1239680 2522.9
1239690 2523.1
1239700 2523.5
1239710 2523.5
1239720 2524.0
1239730 2524.4
1239740 2524.4
1239750 2523.8
1239760 2522.2
1239770 2522.2
1239780 2519.2
1239790 2515.5
1239800 2515.5
1239810 2511.3
1239820 2506.5
1239830 2506.5
1239840 2501.5
1239850 2496.5
1239860 2496.5
1239870 2491.9
1239880 2487.0
1239890 2487.0
1239900 2483.3
1239910 2482.6
1239920 2485.4
1239930 2485.4
1239940 2488.4
1239950 2490.6
1239960 2490.6
1239970 2492.6
1239980 2493.5
1239990 2493.5
