1220000 1165.0
1220010 1165.0
1220020 1165.0
1220030 1165.1
1220040 1165.3
1220050 1165.3
1220060 1165.3
1220070 1165.5
1220080 1165.5
1220090 1165.3
1220100 1165.3
1220110 1165.3
1220120 1165.4
1220130 1165.6
1220140 1165.6
1220150 1165.5
1220160 1165.2
1220170 1165.2
1220180 1165.1
1220190 1165.1
1220200 1165.1
1220210 1165.3
1220220 1165.4
1220230 1165.4
1220240 1165.3
1220250 1165.4
1220260 1165.5
1220270 1165.5
1220280 1165.4
1220290 1165.4
1220300 1165.4
1220310 1164.3
1220320 1163.9
1220330 1163.9
1220340 1165.1
1220350 1165.3
1220360 1165.3
1220370 1165.3
1220380 1165.3
1220390 1165.3
1220400 1165.3
1220410 1165.4
1220420 1165.4
1220430 1165.6
1220440 1165.8
1220450 1165.8
1220460 1166.0
1220470 1166.1
1220480 1166.2
1220490 1166.2
1220500 1166.2
1220510 1166.3
1220520 1166.3
1220530 1166.5
1220540 1166.7
1220550 1166.7
1220560 1166.9
1220570 1167.0
1220580 1167.0
1220590 1167.1
1220600 1167.2
1220610 1167.2
1220620 1167.2
1220630 1167.2
1220640 1167.2
1220650 1167.4
1220660 1167.5
1220670 1167.5
1220680 1167.6
1220690 1167.9
1220700 1167.9
1220710 1168.0
1220720 1168.2
1220730 1168.4
1220740 1168.4
1220750 1168.5
1220760 1168.7
1220770 1168.7
1220780 1169.0
1220790 1169.2
1220800 1169.2
1220810 1169.3
1220820 1169.7
1220830 1169.7
1220840 1169.7
1220850 1169.6
1220860 1169.6
1220870 1169.8
1220880 1170.2
1220890 1170.2
1220900 1170.5
1220910 1170.6
1220920 1170.6
1220930 1170.5
1220940 1170.8
1220950 1171.1
1220960 1171.1
1220970 1171.2
1220980 1171.8
1220990 1171.8
1221000 1172.2
1221010 1172.3
1221020 1172.3
1221030 1172.9
1221040 1173.6
1221050 1173.6
1221060 1173.4
1221070 1173.4
1221080 1173.4
1221090 1173.6
1221100 1174.0
1221110 1174.0
1221120 1174.6
1221130 1175.1
1221140 1175.1
1221150 1175.3
1221160 1175.4
1221170 1175.7
1221180 1175.7
1221190 1175.8
1221200 1175.9
1221210 1175.9
1221220 1175.9
1221230 1176.1
1221240 1176.1
1221250 1176.4
1221260 1176.6
1221270 1176.6
1221280 1176.9
1221290 1177.9
1221300 1177.9
1221310 1179.5
1221320 1182.1
1221330 1182.1
1221340 1186.6
1221350 1190.8
1221360 1190.8
1221370 1191.9
1221380 1195.9
1221390 1196.0
1221400 1196.0
1221410 1193.6
1221420 1197.0
1221430 1197.0
1221440 1208.4
1221450 1221.7
1221460 1221.7
1221470 1230.1
1221480 1232.0
1221490 1232.0
1221500 1235.2
1221510 1239.7
1221520 1239.7
1221530 1244.4
1221540 1249.5
1221550 1249.5
1221560 1253.4
1221570 1255.9
1221580 1255.9
1221590 1259.9
1221600 1261.5
1221610 1264.2
1221620 1264.2
1221630 1268.0
1221640 1271.8
1221650 1271.8
1221660 1276.4
1221670 1281.2
1221680 1281.2
1221690 1286.0
1221700 1290.5
1221710 1290.5
1221720 1295.2
1221730 1299.9
1221740 1299.9
1221750 1304.6
1221760 1309.1
1221770 1309.1
1221780 1314.0
1221790 1319.4
1221800 1319.4
1221810 1324.3
1221820 1328.0
1221830 1331.3
1221840 1331.3
1221850 1335.0
1221860 1340.9
1221870 1340.9
1221880 1348.0
1221890 1353.8
1221900 1353.8
1221910 1360.5
1221920 1369.1
1221930 1369.1
1221940 1373.9
1221950 1376.4
1221960 1376.4
1221970 1382.9
1221980 1388.0
1221990 1380.0
1222000 1385.4
1222010 1390.5
1222020 1390.5
1222030 1395.2
1222040 1400.1
1222050 1403.8
1222060 1403.8
1222070 1408.8
1222080 1415.3
1222090 1415.3
1222100 1421.6
1222110 1427.9
1222120 1427.9
1222130 1433.7
1222140 1439.3
1222150 1439.3
1222160 1445.4
1222170 1449.4
1222180 1449.4
1222190 1453.7
1222200 1457.8
1222210 1457.8
1222220 1460.6
1222230 1463.1
1222240 1463.1
1222250 1467.3
1222260 1471.5
1222270 1477.8
1222280 1477.8
1222290 1483.6
1222300 1488.2
1222310 1488.2
1222320 1489.1
1222330 1487.7
1222340 1487.7
1222350 1488.2
1222360 1490.0
1222370 1490.0
1222380 1490.7
1222390 1491.3
1222400 1491.3
1222410 1493.6
1222420 1496.2
1222430 1496.2
1222440 1499.4
1222450 1502.9
1222460 1502.9
1222470 1499.0
1222480 1500.1
1222490 1501.3
1222500 1501.3
1222510 1502.1
1222520 1501.5
1222530 1501.5
1222540 1502.0
1222550 1502.4
1222560 1502.4
1222570 1500.0
1222580 1495.8
1222590 1495.8
1222600 1491.7
1222610 1487.3
1222620 1487.3
1222630 1482.7
1222640 1478.4
1222650 1478.4
1222660 1474.5
1222670 1471.3
1222680 1471.3
1222690 1467.7
1222700 1464.5
1222710 1461.9
1222720 1461.9
1222730 1458.6
1222740 1455.4
1222750 1455.4
1222760 1455.6
1222770 1458.4
1222780 1458.4
1222790 1461.5
1222800 1462.2
1222810 1462.2
1222820 1461.5
1222830 1460.9
1222840 1460.9
1222850 1459.9
1222860 1459.3
1222870 1459.3
1222880 1457.8
1222890 1457.4
1222900 1457.4
1222910 1457.1
1222920 1457.5
1222930 1458.4
1222940 1458.4
1222950 1457.5
1222960 1450.5
1222970 1450.5
1222980 1450.6
1222990 1449.7
1223000 1449.7
1223010 1450.1
1223020 1450.9
1223030 1450.9
1223040 1451.7
1223050 1452.2
1223060 1452.2
1223070 1452.1
1223080 1451.8
1223090 1451.8
1223100 1451.3
1223110 1451.9
1223120 1451.9
1223130 1452.5
1223140 1451.7
1223150 1449.0
1223160 1449.0
1223170 1446.0
1223180 1444.9
1223190 1444.9
1223200 1445.8
1223210 1447.3
1223220 1447.3
1223230 1449.1
1223240 1450.4
1223250 1450.4
1223260 1451.2
1223270 1453.1
1223280 1453.1
1223290 1455.7
1223300 1457.4
1223310 1457.4
1223320 1460.4
1223330 1462.1
1223340 1462.1
1223350 1462.6
1223360 1462.4
1223370 1462.3
1223380 1462.3
1223390 1466.4
1223400 1472.1
1223410 1472.1
1223420 1476.4
1223430 1474.8
1223440 1467.5
1223450 1465.9
1223460 1466.1
1223470 1466.1
1223480 1467.1
1223490 1469.0
1223500 1469.0
1223510 1472.7
1223520 1476.7
1223530 1476.7
1223540 1476.4
1223550 1476.7
1223560 1476.7
1223570 1478.0
1223580 1479.7
1223590 1481.2
1223600 1481.2
1223610 1482.5
1223620 1483.5
1223630 1483.5
1223640 1485.0
1223650 1486.1
1223660 1486.1
1223670 1485.7
1223680 1484.1
1223690 1484.1
1223700 1483.6
1223710 1484.2
1223720 1484.2
1223730 1485.6
1223740 1485.6
1223750 1485.6
1223760 1483.5
1223770 1481.7
1223780 1481.7
1223790 1481.4
1223800 1480.2
1223810 1479.8
1223820 1479.8
1223830 1482.0
1223840 1486.8
1223850 1486.8
1223860 1499.4
1223870 1515.4
1223880 1515.4
1223890 1521.7
1223900 1528.2
1223910 1528.2
1223920 1534.1
1223930 1537.7
1223940 1537.7
1223950 1545.8
1223960 1556.0
1223970 1556.0
1223980 1562.5
1223990 1561.5
1224000 1561.5
1224010 1558.4
1224020 1555.1
1224030 1552.1
1224040 1552.1
1224050 1549.7
1224060 1548.8
1224070 1548.8
1224080 1550.2
1224090 1553.3
1224100 1553.3
1224110 1556.2
1224120 1558.4
1224130 1558.4
1224140 1560.6
1224150 1563.4
1224160 1563.4
1224170 1564.0
1224180 1562.0
1224190 1562.0
1224200 1561.3
1224210 1561.1
1224220 1561.1
1224230 1562.2
1224240 1563.5
1224250 1563.7
1224260 1563.7
1224270 1563.7
1224280 1562.7
1224290 1562.7
1224300 1560.7
1224310 1560.9
1224320 1560.9
1224330 1562.5
1224340 1563.9
1224350 1563.9
1224360 1565.1
1224370 1566.9
1224380 1566.9
1224390 1569.5
1224400 1572.9
1224410 1567.2
1224420 1570.8
1224430 1574.9
1224440 1574.9
1224450 1576.8
1224460 1572.5
1224470 1568.1
1224480 1568.1
1224490 1563.1
1224500 1556.7
1224510 1556.7
1224520 1550.7
1224530 1548.4
1224540 1548.4
1224550 1555.8
1224560 1561.5
1224570 1561.5
1224580 1566.0
1224590 1571.6
1224600 1571.6
1224610 1576.8
1224620 1582.2
1224630 1582.2
1224640 1588.0
1224650 1593.2
1224660 1593.2
1224670 1598.7
1224680 1602.4
1224690 1605.6
1224700 1605.6
1224710 1610.5
1224720 1612.6
1224730 1612.6
1224740 1610.9
1224750 1609.0
1224760 1609.0
1224770 1606.6
1224780 1605.0
1224790 1605.0
1224800 1607.6
1224810 1612.4
1224820 1612.4
1224830 1615.8
1224840 1619.9
1224850 1619.9
1224860 1624.7
1224870 1628.5
1224880 1628.5
1224890 1629.6
1224900 1622.8
1224910 1624.1
1224920 1624.1
1224930 1625.5
1224940 1626.4
1224950 1626.4
1224960 1626.8
1224970 1627.8
1224980 1627.8
1224990 1629.0
1225000 1629.1
1225010 1629.1
1225020 1627.5
1225030 1624.1
1225040 1624.1
1225050 1620.5
1225060 1618.2
1225070 1618.2
1225080 1614.1
1225090 1615.1
1225100 1615.1
1225110 1619.1
1225120 1620.9
1225130 1623.0
1225140 1623.0
1225150 1629.2
1225160 1634.7
1225170 1634.7
1225180 1635.5
1225190 1635.5
1225200 1635.5
1225210 1635.6
1225220 1636.0
1225230 1636.0
1225240 1637.2
1225250 1641.6
1225260 1641.6
1225270 1646.7
1225280 1648.4
1225290 1648.4
1225300 1648.5
1225310 1648.8
1225320 1648.8
1225330 1649.3
1225340 1649.7
1225350 1650.5
1225360 1650.5
1225370 1650.8
1225380 1651.5
1225390 1646.0
1225400 1647.9
1225410 1649.8
1225420 1649.8
1225430 1651.7
1225440 1653.9
1225450 1653.9
1225460 1656.3
1225470 1658.8
1225480 1658.8
1225490 1661.6
1225500 1664.7
1225510 1664.7
1225520 1667.5
1225530 1670.1
1225540 1670.1
1225550 1673.3
1225560 1675.9
1225570 1678.5
1225580 1678.5
1225590 1680.3
1225600 1680.9
1225610 1680.9
1225620 1683.7
1225630 1687.4
1225640 1687.4
1225650 1690.9
1225660 1693.5
1225670 1693.5
1225680 1694.1
1225690 1693.3
1225700 1693.3
1225710 1691.9
1225720 1689.6
1225730 1689.6
1225740 1685.8
1225750 1682.7
1225760 1682.7
1225770 1678.1
1225780 1673.9
1225790 1671.8
1225800 1671.8
1225810 1669.5
1225820 1672.9
1225830 1672.9
1225840 1680.7
1225850 1682.6
1225860 1682.6
1225870 1683.5
1225880 1685.3
1225890 1685.3
1225900 1693.5
1225910 1702.5
1225920 1702.5
1225930 1709.8
1225940 1713.0
1225950 1713.0
1225960 1713.5
1225970 1713.1
1225980 1713.1
1225990 1712.6
1226000 1711.1
1226010 1710.3
1226020 1710.3
1226030 1710.3
1226040 1710.9
1226050 1710.9
1226060 1711.8
1226070 1713.5
1226080 1713.5
1226090 1715.4
1226100 1717.0
1226110 1717.0
1226120 1719.1
1226130 1721.2
1226140 1721.2
1226150 1723.2
1226160 1725.4
1226170 1725.4
1226180 1726.9
1226190 1725.2
1226200 1725.2
1226210 1720.8
1226220 1715.4
1226230 1711.0
1226240 1711.0
1226250 1709.0
1226260 1709.7
1226270 1709.7
1226280 1711.1
1226290 1712.7
1226300 1712.7
1226310 1712.3
1226320 1709.3
1226330 1709.3
1226340 1713.2
1226350 1717.4
1226360 1717.4
1226370 1714.8
1226380 1719.1
1226390 1719.1
1226400 1724.9
1226410 1730.8
1226420 1730.8
1226430 1733.1
1226440 1733.7
1226450 1733.7
1226460 1735.0
1226470 1736.4
1226480 1737.8
1226490 1737.8
1226500 1738.9
1226510 1739.7
1226520 1739.7
1226530 1741.2
1226540 1743.0
1226550 1743.0
1226560 1744.4
1226570 1746.6
1226580 1746.6
1226590 1749.2
1226600 1750.9
1226610 1750.9
1226620 1751.5
1226630 1751.9
1226640 1751.9
1226650 1753.8
1226660 1755.1
1226670 1755.1
1226680 1756.0
1226690 1757.5
1226700 1760.6
1226710 1760.6
1226720 1763.6
1226730 1765.6
1226740 1765.6
1226750 1768.3
1226760 1772.2
1226770 1772.2
1226780 1777.0
1226790 1782.0
1226800 1782.0
1226810 1786.5
1226820 1790.1
1226830 1790.1
1226840 1792.2
1226850 1793.6
1226860 1786.1
1226870 1788.1
1226880 1789.9
1226890 1789.9
1226900 1791.2
1226910 1790.0
1226920 1787.9
1226930 1787.9
1226940 1786.3
1226950 1785.8
1226960 1785.8
1226970 1788.3
1226980 1792.5
1226990 1792.5
1227000 1795.8
1227010 1798.1
1227020 1798.1
1227030 1799.1
1227040 1800.5
1227050 1800.5
1227060 1803.5
1227070 1805.6
1227080 1805.6
1227090 1806.4
1227100 1807.1
1227110 1807.1
1227120 1807.5
1227130 1808.8
1227140 1809.9
1227150 1809.9
1227160 1808.7
1227170 1808.7
1227180 1808.7
1227190 1810.1
1227200 1811.6
1227210 1811.6
1227220 1812.4
1227230 1812.9
1227240 1812.9
1227250 1814.5
1227260 1815.3
1227270 1815.3
1227280 1811.3
1227290 1802.8
1227300 1802.8
1227310 1794.6
1227320 1787.1
1227330 1787.1
1227340 1788.5
1227350 1790.7
1227360 1795.2
1227370 1795.2
1227380 1799.4
1227390 1806.2
1227400 1806.2
1227410 1814.3
1227420 1820.7
1227430 1820.7
1227440 1825.0
1227450 1829.4
1227460 1829.4
1227470 1833.5
1227480 1836.4
1227490 1836.4
1227500 1838.9
1227510 1840.7
1227520 1840.7
1227530 1842.6
1227540 1844.7
1227550 1844.7
1227560 1846.3
1227570 1846.9
1227580 1846.2
1227590 1846.2
1227600 1844.5
1227610 1842.2
1227620 1842.2
1227630 1842.3
1227640 1848.0
1227650 1848.0
1227660 1854.6
1227670 1858.9
1227680 1858.9
1227690 1861.9
1227700 1864.5
1227710 1864.5
1227720 1866.1
1227730 1867.1
1227740 1867.1
1227750 1868.8
1227760 1871.1
1227770 1871.1
1227780 1874.2
1227790 1877.0
1227800 1879.2
1227810 1879.2
1227820 1881.3
1227830 1884.1
1227840 1884.1
1227850 1882.8
1227860 1885.1
1227870 1885.1
1227880 1887.6
1227890 1890.0
1227900 1890.0
1227910 1891.4
1227920 1894.0
1227930 1894.0
1227940 1898.1
1227950 1902.4
1227960 1902.4
1227970 1907.0
1227980 1911.9
1227990 1911.9
1228000 1917.6
1228010 1923.1
1228020 1927.1
1228030 1927.1
1228040 1930.9
1228050 1934.0
1228060 1934.0
1228070 1937.2
1228080 1939.4
1228090 1939.4
1228100 1940.1
1228110 1938.5
1228120 1938.5
1228130 1934.2
1228140 1928.8
1228150 1928.8
1228160 1923.5
1228170 1917.8
1228180 1917.8
1228190 1913.1
1228200 1910.6
1228210 1910.6
1228220 1909.2
1228230 1908.5
1228240 1907.8
1228250 1907.8
1228260 1905.6
1228270 1902.8
1228280 1902.8
1228290 1900.0
1228300 1896.5
1228310 1896.5
1228320 1892.4
1228330 1888.3
1228340 1882.5
1228350 1878.4
1228360 1873.9
1228370 1873.9
1228380 1869.0
1228390 1864.6
1228400 1864.6
1228410 1861.2
1228420 1860.7
1228430 1860.7
1228440 1860.8
1228450 1862.2
1228460 1864.6
1228470 1864.6
1228480 1869.1
1228490 1874.0
1228500 1874.0
1228510 1878.1
1228520 1882.9
1228530 1882.9
1228540 1887.5
1228550 1891.6
1228560 1891.6
1228570 1896.2
1228580 1901.2
1228590 1901.2
1228600 1906.1
1228610 1911.6
1228620 1911.6
1228630 1916.7
1228640 1921.4
1228650 1921.4
1228660 1925.9
1228670 1931.6
1228680 1936.5
1228690 1936.5
1228700 1941.2
1228710 1946.0
1228720 1946.0
1228730 1950.4
1228740 1954.7
1228750 1954.7
1228760 1959.4
1228770 1964.2
1228780 1964.2
1228790 1969.3
1228800 1974.3
1228810 1974.3
1228820 1980.1
1228830 1986.1
1228840 1987.6
1228850 1993.2
1228860 1998.6
1228870 1998.6
1228880 2004.1
1228890 2009.5
1228900 2015.2
1228910 2015.2
1228920 2021.0
1228930 2027.0
1228940 2027.0
1228950 2032.7
1228960 2038.4
1228970 2038.4
1228980 2044.1
1228990 2050.1
1229000 2050.1
1229010 2055.9
1229020 2061.3
1229030 2061.3
1229040 2066.5
1229050 2070.8
1229060 2070.8
1229070 2075.2
1229080 2080.3
1229090 2080.3
1229100 2086.2
1229110 2091.9
1229120 2097.6
1229130 2097.6
1229140 2106.7
1229150 2115.6
1229160 2115.6
1229170 2123.1
1229180 2130.0
1229190 2130.0
1229200 2137.5
1229210 2145.2
1229220 2145.2
1229230 2152.7
1229240 2161.1
1229250 2161.1
1229260 2172.4
1229270 2188.4
1229280 2188.4
1229290 2203.4
1229300 2215.2
1229310 2215.2
1229320 2231.9
1229330 2224.8
1229340 2234.5
1229350 2234.5
1229360 2241.3
1229370 2244.7
1229380 2244.7
1229390 2248.0
1229400 2254.8
1229410 2254.8
1229420 2264.5
1229430 2280.0
1229440 2280.0
1229450 2293.5
1229460 2295.8
1229470 2295.8
1229480 2301.5
1229490 2313.5
1229500 2313.5
1229510 2322.6
1229520 2333.4
1229530 2333.4
1229540 2345.2
1229550 2347.4
1229560 2346.7
1229570 2346.7
1229580 2349.9
1229590 2360.4
1229600 2360.4
1229610 2371.1
1229620 2382.7
1229630 2382.7
1229640 2395.8
1229650 2405.9
1229660 2405.9
1229670 2411.2
1229680 2414.3
1229690 2414.3
1229700 2418.2
1229710 2422.6
1229720 2422.6
1229730 2421.6
1229740 2424.3
1229750 2424.3
1229760 2433.4
1229770 2444.9
1229780 2456.4
1229790 2456.4
1229800 2471.6
1229810 2491.0
1229820 2491.0
1229830 2502.2
1229840 2514.0
1229850 2514.0
1229860 2525.3
1229870 2536.1
1229880 2536.1
1229890 2543.9
1229900 2548.5
1229910 2548.5
1229920 2550.2
1229930 2553.9
1229940 2553.9
1229950 2559.6
1229960 2564.2
1229970 2564.2
1229980 2577.0
1229990 2591.8
1230000 2600.6
1230010 2600.6
1230020 2601.5
1230030 2601.3
1230040 2601.3
1230050 2605.4
1230060 2615.0
1230070 2615.0
1230080 2629.2
1230090 2647.7
1230100 2647.7
1230110 2661.8
1230120 2673.0
1230130 2673.0
1230140 2685.7
1230150 2697.0
1230160 2697.0
1230170 2707.6
1230180 2717.3
1230190 2717.3
1230200 2727.4
1230210 2733.3
1230220 2729.8
1230230 2729.8
1230240 2730.1
1230250 2727.6
1230260 2727.6
1230270 2724.7
1230280 2717.2
1230290 2717.2
1230300 2705.8
1230310 2695.9
1230320 2695.9
1230330 2694.2
1230340 2685.4
1230350 2685.4
1230360 2677.5
1230370 2673.1
1230380 2673.1
1230390 2671.1
1230400 2670.7
1230410 2670.7
1230420 2670.9
1230430 2670.6
1230440 2670.1
1230450 2670.1
1230460 2672.6
1230470 2675.2
1230480 2675.2
1230490 2678.2
1230500 2682.4
1230510 2682.4
1230520 2687.8
1230530 2694.2
1230540 2694.2
1230550 2700.9
1230560 2710.9
1230570 2710.9
1230580 2723.5
1230590 2735.3
1230600 2735.3
1230610 2749.5
1230620 2761.0
1230630 2761.0
1230640 2767.8
1230650 2774.7
1230660 2781.0
1230670 2781.0
1230680 2788.5
1230690 2797.1
1230700 2797.1
1230710 2803.6
1230720 2810.3
1230730 2810.3
1230740 2816.9
1230750 2821.8
1230760 2821.8
1230770 2825.0
1230780 2828.7
1230790 2828.7
1230800 2831.9
1230810 2829.2
1230820 2829.2
1230830 2831.2
1230840 2826.5
1230850 2826.5
1230860 2823.4
1230870 2821.9
1230880 2821.0
1230890 2821.0
1230900 2819.3
1230910 2817.1
1230920 2817.1
1230930 2816.0
1230940 2816.3
1230950 2816.3
1230960 2817.6
1230970 2822.6
1230980 2822.6
1230990 2831.3
1231000 2840.0
1231010 2840.0
1231020 2847.8
1231030 2853.5
1231040 2853.5
1231050 2858.5
1231060 2864.7
1231070 2864.7
1231080 2868.9
1231090 2869.6
1231100 2871.8
1231110 2871.8
1231120 2875.2
1231130 2879.0
1231140 2879.0
1231150 2882.7
1231160 2886.3
1231170 2886.3
1231180 2889.6
1231190 2892.9
1231200 2892.9
1231210 2895.9
1231220 2898.8
1231230 2898.8
1231240 2901.5
1231250 2903.5
1231260 2903.5
1231270 2902.5
1231280 2905.5
1231290 2905.5
1231300 2922.7
1231310 2935.7
1231320 2947.8
1231330 2953.3
1231340 2963.4
1231350 2965.0
1231360 2965.0
1231370 2949.2
1231380 2937.4
1231390 2937.4
1231400 2925.8
1231410 2910.2
1231420 2910.2
1231430 2897.8
1231440 2891.2
1231450 2891.2
1231460 2888.4
1231470 2887.2
1231480 2887.2
1231490 2884.8
1231500 2882.2
1231510 2882.2
1231520 2879.8
1231530 2876.4
1231540 2873.8
1231550 2873.8
1231560 2871.9
1231570 2869.8
1231580 2869.8
1231590 2868.4
1231600 2867.8
1231610 2867.8
1231620 2868.2
1231630 2869.3
1231640 2869.3
1231650 2872.3
1231660 2875.4
1231670 2875.4
1231680 2877.9
1231690 2879.8
1231700 2879.8
1231710 2882.1
1231720 2883.6
1231730 2883.6
1231740 2884.8
1231750 2888.0
1231760 2890.8
1231770 2890.8
1231780 2899.0
1231790 2912.0
1231800 2912.0
1231810 2929.9
1231820 2940.9
1231830 2947.9
1231840 2951.0
1231850 2946.1
1231860 2946.1
1231870 2940.6
1231880 2939.3
1231890 2939.3
1231900 2941.9
1231910 2951.7
1231920 2951.7
1231930 2959.9
1231940 2960.8
1231950 2960.8
1231960 2954.8
1231970 2950.0
1231980 2948.0
1231990 2948.0
1232000 2953.4
1232010 2964.6
1232020 2964.6
1232030 2977.8
1232040 2988.9
1232050 2988.9
1232060 2997.2
1232070 2987.3
1232080 2987.3
1232090 2970.4
1232100 2951.0
1232110 2951.0
1232120 2935.6
1232130 2925.4
1232140 2925.4
1232150 2913.5
1232160 2895.1
1232170 2895.1
1232180 2874.8
1232190 2862.0
1232200 2856.0
1232210 2856.0
1232220 2848.1
1232230 2840.6
1232240 2840.6
1232250 2835.5
1232260 2831.4
1232270 2831.4
1232280 2827.9
1232290 2824.5
1232300 2824.5
1232310 2820.7
1232320 2816.8
1232330 2817.7
1232340 2813.3
1232350 2807.7
1232360 2807.7
1232370 2803.2
1232380 2801.8
1232390 2801.8
1232400 2802.9
1232410 2802.4
1232420 2801.3
1232430 2801.3
1232440 2799.6
1232450 2797.4
1232460 2797.4
1232470 2795.4
1232480 2793.8
1232490 2793.8
1232500 2793.4
1232510 2793.1
1232520 2793.1
1232530 2792.8
1232540 2792.6
1232550 2792.6
1232560 2792.4
1232570 2792.3
1232580 2792.3
1232590 2792.1
1232600 2792.0
1232610 2792.0
1232620 2791.7
1232630 2791.4
1232640 2791.4
1232650 2791.1
1232660 2790.7
1232670 2790.3
1232680 2790.3
1232690 2790.0
1232700 2790.0
1232710 2790.0
1232720 2789.9
1232730 2790.0
1232740 2790.0
1232750 2789.9
1232760 2789.8
1232770 2789.8
1232780 2789.9
1232790 2790.2
1232800 2790.2
1232810 2790.5
1232820 2790.7
1232830 2791.6
1232840 2791.9
1232850 2792.0
1232860 2792.0
1232870 2792.3
1232880 2792.6
1232890 2793.0
1232900 2793.0
1232910 2793.1
1232920 2793.0
1232930 2793.0
1232940 2792.9
1232950 2793.0
1232960 2793.0
1232970 2792.9
1232980 2793.0
1232990 2793.0
1233000 2793.2
1233010 2793.4
1233020 2793.4
1233030 2793.6
1233040 2793.9
1233050 2793.9
1233060 2794.2
1233070 2794.5
1233080 2794.5
1233090 2794.7
1233100 2794.6
1233110 2794.6
1233120 2794.6
1233130 2794.5
1233140 2794.4
1233150 2794.4
1233160 2794.1
1233170 2793.9
1233180 2793.9
1233190 2793.7
1233200 2793.6
1233210 2793.6
1233220 2793.5
1233230 2793.4
1233240 2793.4
1233250 2793.4
1233260 2793.2
1233270 2793.2
1233280 2793.0
1233290 2793.0
1233300 2793.0
1233310 2793.2
1233320 2793.5
1233330 2793.9
1233340 2795.4
1233350 2795.8
1233360 2796.3
1233370 2796.3
1233380 2796.8
1233390 2797.5
1233400 2797.5
1233410 2798.2
1233420 2798.8
1233430 2798.8
1233440 2799.3
1233450 2799.8
1233460 2799.8
1233470 2800.2
1233480 2800.7
1233490 2800.7
1233500 2801.3
1233510 2802.0
1233520 2802.0
1233530 2802.6
1233540 2803.7
1233550 2804.8
1233560 2804.8
1233570 2805.6
1233580 2806.6
1233590 2806.6
1233600 2807.7
1233610 2808.9
1233620 2808.9
1233630 2809.8
1233640 2810.8
1233650 2810.8
1233660 2812.5
1233670 2814.6
1233680 2814.6
1233690 2817.1
1233700 2820.7
1233710 2820.7
1233720 2825.2
1233730 2828.6
1233740 2828.6
1233750 2831.5
1233760 2834.8
1233770 2838.1
1233780 2838.1
1233790 2841.6
1233800 2845.6
1233810 2845.6
1233820 2851.2
1233830 2859.1
1233840 2859.7
1233850 2867.8
1233860 2875.8
1233870 2875.8
1233880 2888.3
1233890 2904.8
1233900 2904.8
1233910 2915.5
1233920 2922.3
1233930 2922.3
1233940 2931.8
1233950 2942.7
1233960 2942.7
1233970 2953.8
1233980 2965.6
1233990 2982.6
1234000 2982.6
1234010 2992.7
1234020 3006.2
1234030 3006.2
1234040 3008.6
1234050 3002.8
1234060 3002.8
1234070 3000.2
1234080 2999.8
1234090 2999.8
1234100 3000.1
1234110 3000.8
1234120 3000.8
1234130 3001.6
1234140 3002.7
1234150 3002.7
1234160 3003.8
1234170 3005.1
1234180 3005.1
1234190 3006.5
1234200 3007.8
1234210 3009.5
1234220 3009.5
1234230 3011.3
1234240 3013.3
1234250 3013.3
1234260 3015.5
1234270 3018.0
1234280 3018.0
1234290 3020.7
1234300 3023.7
1234310 3023.7
1234320 3027.3
1234330 3030.7
1234340 3030.7
1234350 3037.1
1234360 3030.1
1234370 3030.1
1234380 3021.3
1234390 3015.0
1234400 3015.0
1234410 3009.4
1234420 2997.8
1234430 2986.9
1234440 2986.9
1234450 2975.6
1234460 2965.8
1234470 2965.8
1234480 2955.2
1234490 2948.3
1234500 2948.3
1234510 2943.2
1234520 2938.5
1234530 2938.5
1234540 2926.5
1234550 2913.9
1234560 2913.9
1234570 2903.9
1234580 2894.1
1234590 2894.1
1234600 2886.6
1234610 2882.6
1234620 2882.6
1234630 2879.5
1234640 2875.4
1234650 2869.9
1234660 2869.9
1234670 2864.0
1234680 2859.0
1234690 2859.0
1234700 2853.2
1234710 2848.1
1234720 2848.1
1234730 2845.0
1234740 2842.3
1234750 2842.3
1234760 2839.6
1234770 2837.4
1234780 2837.4
1234790 2835.8
1234800 2835.0
1234810 2835.0
1234820 2834.3
1234830 2833.9
1234840 2833.9
1234850 2833.6
1234860 2837.0
1234870 2836.8
1234880 2836.8
1234890 2836.7
1234900 2836.7
1234910 2836.7
1234920 2836.9
1234930 2837.2
1234940 2837.2
1234950 2837.6
1234960 2838.1
1234970 2838.1
1234980 2838.5
1234990 2839.0
1235000 2839.0
1235010 2839.4
1235020 2840.0
1235030 2840.0
1235040 2840.6
1235050 2841.2
1235060 2841.2
1235070 2841.9
1235080 2842.6
1235090 2843.1
1235100 2843.1
1235110 2843.5
1235120 2843.8
1235130 2843.8
1235140 2843.9
1235150 2844.3
1235160 2844.3
1235170 2845.6
1235180 2848.2
1235190 2848.2
1235200 2853.4
1235210 2863.7
1235220 2863.7
1235230 2870.6
1235240 2870.7
1235250 2870.7
1235260 2871.5
1235270 2870.8
1235280 2870.8
1235290 2867.4
1235300 2864.2
1235310 2857.2
1235320 2857.2
1235330 2852.0
1235340 2849.6
1235350 2849.6
1235360 2848.2
1235370 2852.7
1235380 2852.7
1235390 2853.3
1235400 2854.6
1235410 2854.6
1235420 2856.2
1235430 2858.1
1235440 2858.1
1235450 2860.3
1235460 2862.5
1235470 2862.5
1235480 2864.3
1235490 2865.8
1235500 2865.8
1235510 2867.1
1235520 2868.6
1235530 2870.1
1235540 2870.1
1235550 2871.6
1235560 2873.0
1235570 2873.0
1235580 2875.0
1235590 2876.9
1235600 2876.9
1235610 2883.6
1235620 2900.1
1235630 2900.1
1235640 2914.9
1235650 2922.7
1235660 2922.7
1235670 2940.2
1235680 2963.0
1235690 2963.0
1235700 2984.0
1235710 2999.7
1235720 2999.7
1235730 3020.9
1235740 3032.1
1235750 3034.4
1235760 3034.4
1235770 3048.4
1235780 3061.3
1235790 3061.3
1235800 3078.2
1235810 3097.1
1235820 3097.1
1235830 3113.2
1235840 3126.1
1235850 3126.1
1235860 3138.8
1235870 3150.0
1235880 3150.0
1235890 3154.6
1235900 3159.5
1235910 3159.5
1235920 3164.1
1235930 3168.9
1235940 3168.9
1235950 3173.7
1235960 3179.2
1235970 3185.5
1235980 3185.5
1235990 3193.1
1236000 3200.9
1236010 3200.9
1236020 3211.1
1236030 3221.2
1236040 3221.2
1236050 3230.5
1236060 3240.2
1236070 3240.2
1236080 3256.2
1236090 3267.1
1236100 3267.1
1236110 3257.2
1236120 3240.2
1236130 3240.2
1236140 3228.8
1236150 3219.9
1236160 3219.9
1236170 3213.7
1236180 3203.2
1236190 3188.4
1236200 3188.4
1236210 3176.4
1236220 3166.2
1236230 3166.2
1236240 3156.1
1236250 3145.7
1236260 3145.7
1236270 3130.2
1236280 3119.1
1236290 3119.1
1236300 3113.0
1236310 3108.6
1236320 3108.6
1236330 3104.8
1236340 3101.7
1236350 3101.7
1236360 3099.2
1236370 3097.1
1236380 3097.1
1236390 3095.7
1236400 3094.2
1236410 3092.8
1236420 3092.8
1236430 3091.7
1236440 3090.7
1236450 3090.7
1236460 3089.9
1236470 3089.3
1236480 3089.3
1236490 3088.8
1236500 3088.3
1236510 3088.3
1236520 3087.9
1236530 3087.5
1236540 3087.5
1236550 3087.3
1236560 3087.2
1236570 3087.2
1236580 3087.1
1236590 3087.1
1236600 3087.1
1236610 3087.1
1236620 3087.2
1236630 3087.3
1236640 3087.3
1236650 3087.4
1236660 3087.6
1236670 3087.6
1236680 3087.9
1236690 3088.2
1236700 3088.2
1236710 3088.5
1236720 3088.9
1236730 3088.9
1236740 3089.2
1236750 3089.6
1236760 3089.6
1236770 3090.0
1236780 3090.4
1236790 3090.4
1236800 3090.8
1236810 3091.1
1236820 3091.1
1236830 3091.3
1236840 3091.5
1236850 3091.7
1236860 3091.7
1236870 3091.8
1236880 3092.0
1236890 3092.0
1236900 3093.1
1236910 3093.1
1236920 3093.1
1236930 3093.1
1236940 3093.1
1236950 3093.1
1236960 3093.0
1236970 3092.9
1236980 3092.9
1236990 3092.7
1237000 3092.5
1237010 3092.5
1237020 3092.2
1237030 3091.9
1237040 3091.9
1237050 3091.5
1237060 3091.1
1237070 3090.6
1237080 3090.6
1237090 3090.1
1237100 3089.5
1237110 3089.5
1237120 3089.0
1237130 3088.3
1237140 3088.3
1237150 3087.6
1237160 3086.9
1237170 3086.9
1237180 3086.3
1237190 3085.6
1237200 3085.6
1237210 3084.8
1237220 3084.0
1237230 3084.0
1237240 3083.2
1237250 3082.3
1237260 3082.3
1237270 3081.4
1237280 3080.6
1237290 3079.7
1237300 3079.7
1237310 3078.8
1237320 3077.9
1237330 3077.9
1237340 3076.8
1237350 3075.7
1237360 3075.7
1237370 3074.8
1237380 3073.7
1237390 3073.7
1237400 3072.6
1237410 3072.5
1237420 3072.5
1237430 3071.6
1237440 3070.7
1237450 3070.7
1237460 3069.5
1237470 3068.6
1237480 3068.6
1237490 3067.8
1237500 3066.8
1237510 3065.8
1237520 3065.8
1237530 3064.9
1237540 3063.9
1237550 3063.9
1237560 3063.1
1237570 3062.3
1237580 3062.3
1237590 3061.3
1237600 3060.5
1237610 3060.5
1237620 3059.7
1237630 3058.6
1237640 3058.6
1237650 3057.7
1237660 3057.0
1237670 3057.0
1237680 3055.9
1237690 3055.1
1237700 3055.1
1237710 3054.1
1237720 3053.0
1237730 3051.8
1237740 3051.8
1237750 3050.6
1237760 3049.3
1237770 3049.3
1237780 3047.7
1237790 3046.2
1237800 3046.2
1237810 3045.2
1237820 3045.4
1237830 3045.4
1237840 3043.4
1237850 3040.2
1237860 3040.2
1237870 3032.5
1237880 3023.1
1237890 3023.1
1237900 3013.3
1237910 3004.7
1237920 2999.3
1237930 2990.8
1237940 2983.0
1237950 2974.4
1237960 2974.4
1237970 2965.2
1237980 2957.0
1237990 2957.0
1238000 2949.3
1238010 2940.6
1238020 2940.6
1238030 2932.2
1238040 2924.7
1238050 2924.7
1238060 2917.7
1238070 2910.3
1238080 2910.3
1238090 2902.7
1238100 2895.5
1238110 2895.5
1238120 2888.6
1238130 2882.4
1238140 2882.4
1238150 2876.3
1238160 2870.1
1238170 2863.9
1238180 2863.9
1238190 2857.3
1238200 2850.6
1238210 2850.6
1238220 2844.3
1238230 2837.9
1238240 2837.9
1238250 2831.6
1238260 2825.9
1238270 2825.9
1238280 2820.6
1238290 2815.8
1238300 2815.8
1238310 2812.2
1238320 2809.7
1238330 2809.7
1238340 2807.9
1238350 2805.0
1238360 2805.0
1238370 2799.6
1238380 2793.9
1238390 2788.2
1238400 2788.2
1238410 2782.6
1238420 2777.7
1238430 2777.7
1238440 2772.5
1238450 2768.0
1238460 2768.0
1238470 2763.8
1238480 2760.2
1238490 2760.2
1238500 2757.2
1238510 2753.3
1238520 2753.3
1238530 2748.7
1238540 2744.1
1238550 2744.1
1238560 2739.2
1238570 2733.7
1238580 2733.7
1238590 2728.0
1238600 2721.8
1238610 2715.5
1238620 2715.5
1238630 2708.7
1238640 2702.0
1238650 2702.0
1238660 2695.6
1238670 2689.5
1238680 2689.5
1238690 2684.1
1238700 2678.9
1238710 2678.9
1238720 2673.7
1238730 2668.2
1238740 2668.2
1238750 2663.1
1238760 2658.3
1238770 2658.3
1238780 2654.0
1238790 2649.8
1238800 2649.8
1238810 2645.7
1238820 2641.8
1238830 2638.2
1238840 2638.2
1238850 2634.3
1238860 2630.3
1238870 2630.3
1238880 2626.8
1238890 2623.7
1238900 2623.7
1238910 2620.7
1238920 2617.4
1238930 2617.4
1238940 2614.4
1238950 2611.9
1238960 2611.9
1238970 2609.2
1238980 2606.3
1238990 2606.3
1239000 2603.4
1239010 2600.5
1239020 2600.5
1239030 2597.3
1239040 2594.3
1239050 2590.6
1239060 2590.6
1239070 2584.9
1239080 2578.4
1239090 2578.4
1239100 2572.4
1239110 2567.4
1239120 2567.4
1239130 2563.7
1239140 2560.9
1239150 2560.9
1239160 2558.0
1239170 2554.5
1239180 2554.5
1239190 2551.8
1239200 2549.7
1239210 2549.7
1239220 2548.3
1239230 2545.4
1239240 2545.4
1239250 2542.6
1239260 2540.0
1239270 2538.1
1239280 2538.1
1239290 2538.8
1239300 2541.9
1239310 2541.9
1239320 2544.3
1239330 2546.0
1239340 2546.0
1239350 2547.5
1239360 2548.0
1239370 2548.0
1239380 2547.4
1239390 2545.2
1239400 2545.2
1239410 2542.3
1239420 2539.5
1239430 2539.5
1239440 2539.4
1239450 2541.4
1239460 2541.4
1239470 2536.9
1239480 2540.1
1239490 2542.3
1239500 2542.3
1239510 2543.4
1239520 2543.5
1239530 2543.5
1239540 2542.7
1239550 2541.1
1239560 2541.1
1239570 2539.0
1239580 2538.1
1239590 2538.1
1239600 2540.0
1239610 2544.0
1239620 2544.0
1239630 2548.3
1239640 2551.2
1239650 2551.2
1239660 2554.7
1239670 2552.9
1239680 2552.9
1239690 2550.9
1239700 2551.0
1239710 2552.2
1239720 2552.2
1239730 2556.6
1239740 2561.2
1239750 2561.2
1239760 2564.2
1239770 2565.3
1239780 2565.3
1239790 2571.7
1239800 2576.5
1239810 2576.5
1239820 2582.1
1239830 2586.0
1239840 2586.0
1239850 2589.0
1239860 2591.7
1239870 2591.7
1239880 2597.2
1239890 2604.7
1239900 2604.7
1239910 2610.1
1239920 2608.8
1239930 2604.8
1239940 2604.8
1239950 2600.6
1239960 2594.8
1239970 2594.8
1239980 2587.9
1239990 2569.7
