1220000 1164.4
1220010 1165.2
1220020 1166.7
1220030 1166.7
1220040 1167.6
1220050 1167.1
1220060 1167.1
1220070 1166.5
1220080 1166.3
1220090 1166.2
1220100 1166.2
1220110 1166.3
1220120 1166.2
1220130 1166.2
1220140 1166.1
1220150 1166.0
1220160 1166.0
1220170 1166.0
1220180 1166.0
1220190 1166.0
1220200 1166.0
1220210 1165.9
1220220 1165.9
1220230 1165.9
1220240 1165.9
1220250 1165.9
1220260 1165.9
1220270 1166.0
1220280 1166.0
1220290 1166.0
1220300 1166.0
1220310 1166.0
1220320 1166.0
1220330 1166.0
1220340 1166.0
1220350 1166.0
1220360 1166.1
1220370 1166.2
1220380 1166.2
1220390 1165.3
1220400 1164.8
1220410 1164.8
1220420 1166.3
1220430 1166.4
1220440 1166.4
1220450 1166.5
1220460 1166.7
1220470 1166.7
1220480 1166.9
1220490 1167.1
1220500 1167.1
1220510 1167.2
1220520 1167.3
1220530 1167.5
1220540 1167.5
1220550 1167.6
1220560 1167.8
1220570 1167.8
1220580 1167.9
1220590 1168.1
1220600 1168.1
1220610 1168.2
1220620 1168.3
1220630 1168.3
1220640 1168.5
1220650 1168.6
1220660 1168.6
1220670 1168.8
1220680 1169.0
1220690 1169.0
1220700 1169.1
1220710 1169.2
1220720 1169.2
1220730 1169.3
1220740 1169.5
1220750 1169.7
1220760 1169.7
1220770 1169.9
1220780 1170.1
1220790 1170.1
1220800 1170.2
1220810 1170.4
1220820 1170.4
1220830 1170.6
1220840 1170.8
1220850 1170.8
1220860 1170.9
1220870 1171.2
1220880 1171.2
1220890 1171.4
1220900 1171.6
1220910 1171.6
1220920 1171.9
1220930 1172.1
1220940 1172.1
1220950 1172.3
1220960 1172.7
1220970 1173.0
1220980 1173.0
1220990 1173.3
1221000 1173.6
1221010 1173.6
1221020 1173.8
1221030 1174.0
1221040 1174.0
1221050 1174.3
1221060 1174.6
1221070 1174.7
1221080 1174.9
1221090 1175.6
1221100 1175.6
1221110 1176.0
1221120 1176.1
1221130 1176.1
1221140 1176.6
1221150 1176.7
1221160 1176.7
1221170 1176.7
1221180 1176.8
1221190 1177.1
1221200 1177.1
1221210 1177.4
1221220 1177.8
1221230 1177.8
1221240 1178.2
1221250 1178.7
1221260 1178.7
1221270 1179.2
1221280 1179.4
1221290 1179.4
1221300 1179.7
1221310 1180.1
1221320 1180.1
1221330 1180.4
1221340 1180.7
1221350 1180.7
1221360 1181.2
1221370 1181.7
1221380 1181.7
1221390 1182.3
1221400 1183.1
1221410 1183.4
1221420 1183.4
1221430 1183.6
1221440 1183.8
1221450 1183.8
1221460 1183.5
1221470 1184.1
1221480 1184.1
1221490 1184.2
1221500 1184.1
1221510 1184.1
1221520 1184.7
1221530 1185.2
1221540 1185.2
1221550 1186.2
1221560 1186.4
1221570 1186.4
1221580 1186.2
1221590 1186.9
1221600 1186.9
1221610 1190.9
1221620 1196.7
1221630 1199.8
1221640 1199.8
1221650 1199.2
1221660 1196.7
1221670 1196.7
1221680 1194.6
1221690 1194.0
1221700 1194.0
1221710 1194.5
1221720 1198.6
1221730 1198.6
1221740 1203.4
1221750 1206.6
1221760 1206.6
1221770 1210.7
1221780 1216.8
1221790 1216.8
1221800 1223.4
1221810 1231.3
1221820 1231.3
1221830 1237.6
1221840 1242.0
1221850 1247.5
1221860 1247.5
1221870 1250.5
1221880 1253.5
1221890 1253.5
1221900 1263.2
1221910 1279.1
1221920 1279.1
1221930 1287.2
1221940 1292.7
1221950 1292.7
1221960 1296.7
1221970 1301.2
1221980 1301.2
1221990 1306.2
1222000 1308.9
1222010 1308.9
1222020 1314.7
1222030 1314.5
1222040 1314.5
1222050 1318.8
1222060 1321.9
1222070 1324.8
1222080 1324.8
1222090 1329.0
1222100 1333.5
1222110 1333.5
1222120 1337.8
1222130 1341.8
1222140 1341.8
1222150 1345.6
1222160 1349.8
1222170 1349.8
1222180 1354.0
1222190 1358.4
1222200 1358.4
1222210 1363.5
1222220 1368.4
1222230 1368.4
1222240 1373.3
1222250 1383.4
1222260 1383.4
1222270 1396.4
1222280 1409.5
1222290 1419.2
1222300 1419.2
1222310 1425.0
1222320 1427.3
1222330 1427.3
1222340 1427.2
1222350 1427.5
1222360 1427.5
1222370 1427.4
1222380 1427.5
1222390 1427.5
1222400 1427.6
1222410 1428.5
1222420 1428.5
1222430 1427.1
1222440 1426.1
1222450 1426.1
1222460 1426.1
1222470 1426.3
1222480 1426.3
1222490 1426.2
1222500 1425.7
1222510 1424.9
1222520 1418.7
1222530 1417.7
1222540 1417.9
1222550 1417.9
1222560 1418.6
1222570 1419.1
1222580 1419.1
1222590 1418.7
1222600 1419.0
1222610 1419.0
1222620 1418.3
1222630 1417.1
1222640 1417.1
1222650 1414.5
1222660 1409.7
1222670 1409.7
1222680 1406.9
1222690 1403.4
1222700 1403.4
1222710 1399.8
1222720 1400.1
1222730 1400.1
1222740 1398.4
1222750 1392.3
1222760 1385.7
1222770 1385.7
1222780 1384.2
1222790 1375.4
1222800 1375.4
1222810 1366.8
1222820 1360.6
1222830 1360.6
1222840 1352.4
1222850 1341.6
1222860 1341.6
1222870 1334.1
1222880 1335.3
1222890 1335.3
1222900 1337.5
1222910 1340.6
1222920 1340.6
1222930 1340.5
1222940 1342.1
1222950 1342.1
1222960 1344.6
1222970 1347.0
1222980 1348.2
1222990 1348.2
1223000 1343.9
1223010 1345.8
1223020 1345.8
1223030 1348.1
1223040 1351.9
1223050 1351.9
1223060 1353.9
1223070 1355.0
1223080 1355.0
1223090 1358.4
1223100 1360.7
1223110 1360.7
1223120 1362.2
1223130 1356.8
1223140 1356.8
1223150 1350.7
1223160 1350.9
1223170 1350.9
1223180 1349.7
1223190 1352.0
1223200 1358.3
1223210 1358.3
1223220 1365.5
1223230 1359.0
1223240 1359.0
1223250 1352.2
1223260 1353.8
1223270 1353.8
1223280 1357.7
1223290 1364.7
1223300 1364.7
1223310 1374.5
1223320 1378.9
1223330 1378.9
1223340 1380.9
1223350 1383.7
1223360 1383.7
1223370 1385.8
1223380 1387.3
1223390 1387.3
1223400 1389.4
1223410 1388.9
1223420 1384.8
1223430 1384.8
1223440 1380.0
1223450 1377.1
1223460 1377.1
1223470 1380.7
1223480 1384.1
1223490 1376.2
1223500 1378.0
1223510 1379.0
1223520 1379.0
1223530 1381.2
1223540 1386.2
1223550 1386.2
1223560 1393.7
1223570 1400.9
1223580 1400.9
1223590 1408.2
1223600 1414.4
1223610 1414.4
1223620 1416.5
1223630 1417.8
1223640 1417.3
1223650 1417.3
1223660 1417.4
1223670 1418.8
1223680 1418.8
1223690 1424.3
1223700 1428.6
1223710 1428.6
1223720 1430.9
1223730 1434.3
1223740 1434.3
1223750 1438.2
1223760 1441.0
1223770 1441.0
1223780 1444.1
1223790 1447.7
1223800 1447.7
1223810 1451.9
1223820 1457.8
1223830 1457.8
1223840 1464.9
1223850 1472.6
1223860 1481.2
1223870 1481.2
1223880 1490.7
1223890 1499.0
1223900 1499.0
1223910 1503.7
1223920 1503.4
1223930 1503.4
1223940 1502.5
1223950 1500.9
1223960 1500.9
1223970 1492.2
1223980 1489.2
1223990 1489.2
1224000 1486.2
1224010 1481.4
1224020 1481.4
1224030 1476.2
1224040 1472.3
1224050 1472.3
1224060 1468.9
1224070 1466.7
1224080 1465.7
1224090 1465.7
1224100 1464.7
1224110 1465.2
1224120 1465.2
1224130 1467.1
1224140 1468.4
1224150 1468.4
1224160 1468.7
1224170 1469.8
1224180 1469.8
1224190 1471.2
1224200 1473.3
1224210 1473.3
1224220 1475.3
1224230 1477.3
1224240 1477.3
1224250 1479.9
1224260 1483.3
1224270 1483.3
1224280 1485.6
1224290 1485.7
1224300 1483.3
1224310 1483.3
1224320 1483.5
1224330 1483.8
1224340 1483.8
1224350 1484.0
1224360 1485.2
1224370 1485.2
1224380 1486.8
1224390 1488.7
1224400 1488.7
1224410 1492.1
1224420 1496.5
1224430 1496.5
1224440 1501.3
1224450 1503.1
1224460 1499.1
1224470 1496.2
1224480 1498.1
1224490 1498.1
1224500 1502.5
1224510 1508.1
1224520 1510.2
1224530 1510.2
1224540 1510.5
1224550 1509.4
1224560 1509.4
1224570 1507.7
1224580 1506.5
1224590 1506.5
1224600 1507.2
1224610 1509.0
1224620 1509.0
1224630 1511.9
1224640 1516.1
1224650 1516.1
1224660 1520.5
1224670 1525.4
1224680 1525.4
1224690 1529.1
1224700 1530.7
1224710 1530.7
1224720 1531.6
1224730 1532.0
1224740 1531.9
1224750 1531.9
1224760 1534.1
1224770 1535.9
1224780 1535.9
1224790 1535.9
1224800 1535.3
1224810 1535.3
1224820 1537.0
1224830 1539.9
1224840 1539.9
1224850 1543.2
1224860 1545.7
1224870 1545.7
1224880 1546.6
1224890 1546.9
1224900 1546.9
1224910 1547.1
1224920 1549.6
1224930 1549.6
1224940 1545.6
1224950 1549.8
1224960 1556.3
1224970 1556.3
1224980 1561.5
1224990 1565.2
1225000 1565.2
1225010 1568.0
1225020 1570.1
1225030 1570.1
1225040 1572.3
1225050 1573.4
1225060 1573.4
1225070 1575.0
1225080 1577.4
1225090 1577.4
1225100 1579.5
1225110 1581.1
1225120 1581.1
1225130 1581.2
1225140 1581.2
1225150 1581.2
1225160 1581.3
1225170 1581.2
1225180 1581.1
1225190 1581.1
1225200 1581.7
1225210 1582.4
1225220 1582.4
1225230 1582.7
1225240 1580.8
1225250 1580.8
1225260 1579.5
1225270 1579.8
1225280 1579.8
1225290 1580.9
1225300 1581.8
1225310 1581.8
1225320 1584.2
1225330 1588.8
1225340 1588.8
1225350 1592.3
1225360 1595.0
1225370 1595.0
1225380 1597.0
1225390 1598.1
1225400 1598.0
1225410 1598.0
1225420 1597.9
1225430 1596.5
1225440 1596.5
1225450 1598.7
1225460 1599.8
1225470 1599.8
1225480 1601.5
1225490 1604.1
1225500 1604.1
1225510 1607.7
1225520 1612.0
1225530 1612.0
1225540 1614.6
1225550 1617.3
1225560 1617.3
1225570 1620.2
1225580 1622.3
1225590 1622.3
1225600 1622.3
1225610 1620.9
1225620 1619.5
1225630 1619.5
1225640 1620.3
1225650 1622.2
1225660 1622.2
1225670 1623.4
1225680 1621.4
1225690 1621.4
1225700 1617.4
1225710 1616.1
1225720 1616.1
1225730 1622.1
1225740 1628.2
1225750 1628.2
1225760 1629.8
1225770 1630.7
1225780 1630.7
1225790 1631.8
1225800 1633.0
1225810 1633.0
1225820 1638.7
1225830 1647.1
1225840 1650.2
1225850 1650.2
1225860 1647.5
1225870 1645.8
1225880 1645.8
1225890 1646.0
1225900 1645.6
1225910 1645.6
1225920 1637.4
1225930 1636.7
1225940 1636.7
1225950 1635.6
1225960 1634.2
1225970 1634.2
1225980 1632.9
1225990 1631.6
1226000 1631.6
1226010 1630.1
1226020 1629.4
1226030 1629.4
1226040 1629.0
1226050 1627.7
1226060 1628.2
1226070 1628.2
1226080 1628.9
1226090 1629.1
1226100 1629.1
1226110 1629.8
1226120 1631.0
1226130 1631.0
1226140 1632.1
1226150 1632.8
1226160 1632.8
1226170 1634.8
1226180 1636.6
1226190 1636.6
1226200 1638.6
1226210 1639.7
1226220 1639.7
1226230 1638.4
1226240 1638.8
1226250 1638.8
1226260 1639.8
1226270 1641.2
1226280 1643.2
1226290 1643.2
1226300 1645.1
1226310 1644.5
1226320 1644.5
1226330 1644.0
1226340 1643.5
1226350 1643.5
1226360 1643.1
1226370 1644.2
1226380 1644.2
1226390 1645.0
1226400 1645.5
1226410 1638.5
1226420 1639.3
1226430 1639.8
1226440 1639.8
1226450 1641.0
1226460 1642.3
1226470 1642.3
1226480 1643.4
1226490 1643.8
1226500 1644.3
1226510 1644.3
1226520 1646.5
1226530 1648.8
1226540 1648.8
1226550 1651.4
1226560 1654.4
1226570 1654.4
1226580 1658.1
1226590 1661.9
1226600 1661.9
1226610 1665.6
1226620 1668.7
1226630 1668.7
1226640 1671.8
1226650 1675.1
1226660 1675.1
1226670 1677.5
1226680 1679.0
1226690 1679.0
1226700 1679.8
1226710 1679.5
1226720 1679.5
1226730 1679.5
1226740 1681.3
1226750 1682.9
1226760 1682.9
1226770 1683.8
1226780 1683.8
1226790 1683.8
1226800 1685.4
1226810 1691.2
1226820 1691.2
1226830 1694.3
1226840 1696.2
1226850 1696.2
1226860 1698.7
1226870 1700.9
1226880 1700.9
1226890 1702.7
1226900 1696.2
1226910 1696.2
1226920 1696.6
1226930 1699.3
1226940 1702.8
1226950 1702.8
1226960 1706.7
1226970 1710.0
1226980 1710.0
1226990 1712.6
1227000 1713.9
1227010 1713.9
1227020 1713.5
1227030 1711.9
1227040 1711.9
1227050 1712.7
1227060 1715.8
1227070 1715.8
1227080 1719.2
1227090 1722.7
1227100 1722.7
1227110 1725.2
1227120 1726.9
1227130 1726.9
1227140 1728.3
1227150 1729.3
1227160 1729.9
1227170 1729.9
1227180 1731.5
1227190 1733.8
1227200 1733.8
1227210 1735.5
1227220 1736.4
1227230 1736.4
1227240 1736.9
1227250 1737.7
1227260 1737.7
1227270 1738.2
1227280 1738.6
1227290 1738.6
1227300 1738.9
1227310 1736.2
1227320 1736.2
1227330 1728.2
1227340 1724.4
1227350 1724.4
1227360 1729.1
1227370 1736.1
1227380 1743.2
1227390 1743.2
1227400 1737.3
1227410 1736.7
1227420 1736.7
1227430 1738.1
1227440 1740.4
1227450 1740.4
1227460 1743.6
1227470 1746.6
1227480 1746.6
1227490 1749.2
1227500 1750.7
1227510 1750.7
1227520 1753.1
1227530 1756.1
1227540 1756.1
1227550 1757.1
1227560 1757.3
1227570 1757.3
1227580 1761.7
1227590 1765.0
1227600 1766.2
1227610 1766.2
1227620 1766.6
1227630 1769.1
1227640 1769.1
1227650 1775.4
1227660 1781.1
1227670 1781.1
1227680 1782.9
1227690 1784.9
1227700 1784.9
1227710 1789.8
1227720 1795.6
1227730 1795.6
1227740 1799.9
1227750 1802.2
1227760 1802.2
1227770 1804.5
1227780 1806.4
1227790 1806.4
1227800 1807.8
1227810 1807.3
1227820 1807.0
1227830 1807.0
1227840 1808.2
1227850 1807.9
1227860 1807.9
1227870 1810.1
1227880 1813.1
1227890 1805.8
1227900 1806.4
1227910 1807.3
1227920 1807.3
1227930 1808.8
1227940 1810.8
1227950 1810.8
1227960 1813.2
1227970 1815.6
1227980 1815.6
1227990 1817.3
1228000 1818.6
1228010 1818.6
1228020 1820.4
1228030 1821.9
1228040 1823.1
1228050 1823.1
1228060 1824.5
1228070 1827.1
1228080 1827.1
1228090 1830.4
1228100 1833.3
1228110 1833.3
1228120 1835.3
1228130 1837.3
1228140 1837.3
1228150 1840.0
1228160 1841.0
1228170 1841.0
1228180 1842.1
1228190 1843.2
1228200 1843.2
1228210 1843.5
1228220 1841.3
1228230 1841.3
1228240 1838.0
1228250 1835.7
1228260 1833.6
1228270 1833.6
1228280 1831.6
1228290 1829.0
1228300 1829.0
1228310 1827.4
1228320 1828.1
1228330 1828.1
1228340 1829.3
1228350 1829.0
1228360 1829.0
1228370 1830.2
1228380 1827.9
1228390 1827.9
1228400 1831.1
1228410 1837.8
1228420 1837.8
1228430 1843.7
1228440 1847.5
1228450 1847.5
1228460 1851.5
1228470 1856.6
1228480 1862.1
1228490 1862.1
1228500 1867.3
1228510 1872.7
1228520 1872.7
1228530 1877.8
1228540 1883.0
1228550 1883.0
1228560 1888.7
1228570 1894.6
1228580 1894.6
1228590 1899.7
1228600 1904.6
1228610 1904.6
1228620 1909.5
1228630 1914.6
1228640 1914.6
1228650 1920.1
1228660 1925.9
1228670 1925.9
1228680 1930.1
1228690 1935.2
1228700 1941.0
1228710 1941.0
1228720 1946.5
1228730 1951.6
1228740 1951.6
1228750 1956.6
1228760 1962.0
1228770 1962.0
1228780 1967.1
1228790 1972.2
1228800 1972.2
1228810 1977.3
1228820 1983.2
1228830 1983.2
1228840 1989.6
1228850 1996.0
1228860 1996.0
1228870 2002.2
1228880 2006.4
1228890 2006.4
1228900 2011.2
1228910 2015.9
1228920 2021.6
1228930 2021.6
1228940 2027.7
1228950 2033.4
1228960 2033.4
1228970 2038.9
1228980 2044.9
1228990 2044.9
1229000 2051.2
1229010 2057.5
1229020 2057.5
1229030 2063.7
1229040 2070.0
1229050 2070.0
1229060 2076.3
1229070 2082.9
1229080 2082.9
1229090 2090.2
1229100 2098.2
1229110 2098.2
1229120 2106.4
1229130 2114.5
1229140 2122.4
1229150 2122.4
1229160 2130.3
1229170 2138.0
1229180 2138.0
1229190 2146.0
1229200 2154.6
1229210 2154.6
1229220 2163.9
1229230 2173.6
1229240 2173.6
1229250 2181.4
1229260 2186.5
1229270 2186.5
1229280 2194.3
1229290 2201.4
1229300 2201.4
1229310 2208.8
1229320 2214.2
1229330 2214.2
1229340 2219.6
1229350 2227.3
1229360 2234.5
1229370 2234.5
1229380 2254.1
1229390 2270.3
1229400 2270.3
1229410 2281.4
1229420 2283.2
1229430 2283.2
1229440 2287.5
1229450 2293.8
1229460 2293.8
1229470 2302.4
1229480 2308.8
1229490 2308.8
1229500 2311.2
1229510 2315.5
1229520 2315.5
1229530 2313.2
1229540 2316.2
1229550 2316.2
1229560 2325.5
1229570 2331.8
1229580 2336.4
1229590 2336.4
1229600 2345.7
1229610 2352.5
1229620 2352.5
1229630 2355.7
1229640 2358.3
1229650 2358.3
1229660 2365.1
1229670 2370.9
1229680 2370.9
1229690 2386.2
1229700 2407.4
1229710 2407.4
1229720 2417.4
1229730 2428.6
1229740 2428.6
1229750 2437.7
1229760 2439.3
1229770 2439.3
1229780 2440.1
1229790 2438.4
1229800 2433.6
1229810 2433.6
1229820 2435.1
1229830 2440.2
1229840 2440.2
1229850 2445.0
1229860 2449.3
1229870 2459.4
1229880 2461.7
1229890 2466.9
1229900 2466.9
1229910 2472.1
1229920 2479.0
1229930 2479.0
1229940 2487.0
1229950 2495.9
1229960 2495.9
1229970 2506.1
1229980 2518.4
1229990 2518.4
1230000 2530.4
1230010 2539.5
1230020 2550.5
1230030 2550.5
1230040 2560.9
1230050 2574.1
1230060 2574.1
1230070 2588.4
1230080 2598.6
1230090 2598.6
1230100 2608.1
1230110 2617.3
1230120 2617.3
1230130 2626.5
1230140 2636.2
1230150 2636.2
1230160 2646.7
1230170 2657.0
1230180 2657.0
1230190 2667.7
1230200 2682.3
1230210 2682.3
1230220 2699.5
1230230 2713.1
1230240 2725.8
1230250 2725.8
1230260 2739.4
1230270 2746.6
1230280 2746.6
1230290 2748.3
1230300 2750.7
1230310 2750.7
1230320 2759.8
1230330 2771.5
1230340 2771.5
1230350 2771.4
1230360 2760.4
1230370 2761.6
1230380 2753.1
1230390 2746.9
1230400 2746.9
1230410 2739.4
1230420 2732.2
1230430 2732.2
1230440 2726.1
1230450 2722.0
1230460 2722.0
1230470 2717.7
1230480 2711.7
1230490 2709.2
1230500 2709.2
1230510 2710.6
1230520 2712.4
1230530 2712.4
1230540 2713.1
1230550 2714.8
1230560 2714.8
1230570 2718.6
1230580 2721.0
1230590 2721.0
1230600 2726.0
1230610 2733.0
1230620 2733.0
1230630 2740.5
1230640 2748.0
1230650 2748.0
1230660 2755.4
1230670 2763.0
1230680 2763.0
1230690 2769.6
1230700 2775.1
1230710 2779.7
1230720 2779.7
1230730 2785.0
1230740 2791.4
1230750 2791.4
1230760 2796.6
1230770 2801.6
1230780 2801.6
1230790 2810.4
1230800 2825.1
1230810 2825.1
1230820 2841.0
1230830 2854.7
1230840 2854.7
1230850 2869.1
1230860 2885.3
1230870 2883.1
1230880 2897.6
1230890 2910.2
1230900 2910.2
1230910 2917.8
1230920 2920.0
1230930 2920.2
1230940 2920.2
1230950 2916.5
1230960 2913.1
1230970 2913.1
1230980 2912.4
1230990 2913.9
1231000 2913.9
1231010 2916.0
1231020 2918.1
1231030 2918.1
1231040 2920.1
1231050 2921.7
1231060 2921.7
1231070 2923.1
1231080 2924.3
1231090 2924.3
1231100 2925.4
1231110 2926.3
1231120 2926.3
1231130 2927.1
1231140 2927.9
1231150 2928.6
1231160 2928.6
1231170 2929.2
1231180 2929.9
1231190 2929.9
1231200 2930.5
1231210 2931.3
1231220 2931.3
1231230 2932.4
1231240 2933.8
1231250 2933.8
1231260 2935.4
1231270 2937.4
1231280 2937.4
1231290 2939.8
1231300 2942.5
1231310 2942.5
1231320 2945.7
1231330 2950.6
1231340 2950.6
1231350 2965.3
1231360 2984.0
1231370 2998.2
1231380 2998.2
1231390 3014.2
1231400 3027.1
1231410 3027.1
1231420 3038.1
1231430 3047.2
1231440 3047.2
1231450 3056.6
1231460 3064.2
1231470 3064.2
1231480 3064.1
1231490 3058.3
1231500 3058.3
1231510 3053.1
1231520 3051.3
1231530 3051.3
1231540 3045.0
1231550 3050.3
1231560 3050.3
1231570 3055.0
1231580 3058.9
1231590 3053.6
1231600 3053.6
1231610 3043.8
1231620 3035.9
1231630 3035.9
1231640 3030.7
1231650 3024.0
1231660 3024.0
1231670 3018.2
1231680 3013.4
1231690 3013.4
1231700 3010.0
1231710 3009.4
1231720 3009.4
1231730 3004.6
1231740 3000.4
1231750 3000.4
1231760 3001.2
1231770 3008.2
1231780 3008.2
1231790 3021.5
1231800 3032.5
1231810 3046.0
1231820 3046.0
1231830 3061.1
1231840 3073.3
1231850 3073.3
1231860 3071.7
1231870 3071.7
1231880 3071.7
1231890 3071.8
1231900 3075.9
1231910 3075.9
1231920 3072.6
1231930 3063.7
1231940 3063.7
1231950 3053.8
1231960 3044.5
1231970 3044.5
1231980 3034.3
1231990 3022.8
1232000 3022.8
1232010 3011.6
1232020 2996.7
1232030 2975.4
1232040 2975.4
1232050 2958.9
1232060 2946.4
1232070 2946.4
1232080 2933.1
1232090 2919.7
1232100 2919.7
1232110 2906.8
1232120 2894.8
1232130 2894.8
1232140 2885.1
1232150 2876.5
1232160 2876.5
1232170 2869.6
1232180 2862.5
1232190 2862.5
1232200 2855.8
1232210 2851.3
1232220 2851.3
1232230 2848.5
1232240 2846.4
1232250 2843.9
1232260 2843.9
1232270 2841.4
1232280 2839.3
1232290 2839.3
1232300 2836.8
1232310 2834.3
1232320 2834.3
1232330 2831.9
1232340 2830.0
1232350 2830.0
1232360 2830.1
1232370 2831.6
1232380 2831.6
1232390 2831.2
1232400 2830.5
1232410 2830.5
1232420 2828.0
1232430 2824.7
1232440 2824.7
1232450 2821.8
1232460 2819.6
1232470 2818.6
1232480 2818.6
1232490 2817.7
1232500 2816.8
1232510 2816.8
1232520 2816.0
1232530 2815.3
1232540 2815.3
1232550 2814.6
1232560 2813.9
1232570 2813.9
1232580 2813.1
1232590 2812.3
1232600 2812.3
1232610 2811.4
1232620 2810.5
1232630 2810.5
1232640 2809.6
1232650 2808.6
1232660 2808.6
1232670 2807.6
1232680 2806.8
1232690 2806.0
1232700 2806.0
1232710 2805.3
1232720 2804.6
1232730 2804.6
1232740 2804.0
1232750 2803.4
1232760 2803.4
1232770 2802.9
1232780 2802.5
1232790 2802.5
1232800 2802.2
1232810 2801.9
1232820 2801.9
1232830 2801.6
1232840 2801.5
1232850 2801.5
1232860 2801.4
1232870 2801.4
1232880 2802.3
1232890 2802.5
1232900 2802.6
1232910 2802.8
1232920 2802.8
1232930 2803.2
1232940 2803.4
1232950 2803.4
1232960 2803.6
1232970 2803.9
1232980 2803.9
1232990 2804.3
1233000 2804.7
1233010 2804.7
1233020 2805.4
1233030 2806.1
1233040 2806.1
1233050 2807.0
1233060 2807.8
1233070 2807.8
1233080 2808.7
1233090 2809.2
1233100 2809.2
1233110 2809.6
1233120 2809.9
1233130 2810.2
1233140 2810.2
1233150 2810.5
1233160 2810.9
1233170 2810.9
1233180 2811.4
1233190 2811.8
1233200 2811.8
1233210 2812.2
1233220 2812.4
1233230 2812.4
1233240 2812.6
1233250 2812.7
1233260 2812.7
1233270 2812.7
1233280 2812.6
1233290 2812.6
1233300 2812.6
1233310 2812.7
1233320 2812.7
1233330 2813.0
1233340 2813.6
1233350 2814.4
1233360 2814.4
1233370 2815.2
1233380 2817.7
1233390 2817.7
1233400 2818.6
1233410 2819.6
1233420 2819.6
1233430 2820.5
1233440 2821.4
1233450 2821.4
1233460 2822.3
1233470 2823.1
1233480 2823.1
1233490 2824.0
1233500 2824.8
1233510 2824.8
1233520 2825.8
1233530 2826.9
1233540 2826.9
1233550 2827.9
1233560 2829.2
1233570 2830.5
1233580 2830.5
1233590 2831.8
1233600 2833.2
1233610 2833.2
1233620 2834.6
1233630 2835.9
1233640 2835.9
1233650 2837.3
1233660 2839.1
1233670 2839.1
1233680 2840.9
1233690 2843.0
1233700 2843.0
1233710 2845.5
1233720 2848.3
1233730 2848.3
1233740 2851.4
1233750 2854.9
1233760 2854.9
1233770 2858.8
1233780 2863.0
1233790 2867.3
1233800 2867.3
1233810 2871.9
1233820 2877.2
1233830 2877.2
1233840 2882.8
1233850 2888.9
1233860 2888.9
1233870 2895.3
1233880 2901.9
1233890 2903.2
1233900 2910.2
1233910 2918.6
1233920 2918.6
1233930 2930.0
1233940 2942.8
1233950 2942.8
1233960 2953.8
1233970 2963.1
1233980 2963.1
1233990 2973.0
1234000 2982.8
1234010 2996.5
1234020 2996.5
1234030 3009.5
1234040 3018.2
1234050 3018.2
1234060 3027.6
1234070 3033.8
1234080 3033.8
1234090 3038.5
1234100 3038.3
1234110 3038.3
1234120 3042.7
1234130 3050.5
1234140 3050.5
1234150 3058.3
1234160 3066.9
1234170 3066.9
1234180 3075.8
1234190 3080.5
1234200 3080.5
1234210 3083.3
1234220 3090.1
1234230 3101.9
1234240 3101.9
1234250 3110.3
1234260 3114.9
1234270 3114.9
1234280 3118.4
1234290 3120.6
1234300 3120.6
1234310 3123.6
1234320 3129.8
1234330 3129.8
1234340 3134.0
1234350 3128.9
1234360 3128.9
1234370 3121.4
1234380 3117.8
1234390 3128.3
1234400 3125.5
1234410 3116.6
1234420 3116.6
1234430 3106.2
1234440 3097.1
1234450 3089.0
1234460 3089.0
1234470 3082.1
1234480 3077.1
1234490 3077.1
1234500 3071.7
1234510 3066.1
1234520 3066.1
1234530 3059.0
1234540 3042.8
1234550 3042.8
1234560 3032.5
1234570 3022.9
1234580 3022.9
1234590 3014.3
1234600 3009.2
1234610 3009.2
1234620 2999.7
1234630 2985.8
1234640 2985.8
1234650 2977.0
1234660 2966.8
1234670 2956.1
1234680 2956.1
1234690 2945.9
1234700 2936.1
1234710 2936.1
1234720 2927.8
1234730 2919.9
1234740 2919.9
1234750 2912.0
1234760 2904.7
1234770 2904.7
1234780 2900.2
1234790 2896.8
1234800 2896.8
1234810 2893.6
1234820 2891.6
1234830 2891.6
1234840 2889.9
1234850 2888.2
1234860 2888.2
1234870 2886.7
1234880 2885.2
1234890 2883.7
1234900 2888.0
1234910 2886.8
1234920 2885.8
1234930 2885.8
1234940 2885.1
1234950 2884.6
1234960 2884.6
1234970 2884.4
1234980 2884.2
1234990 2884.2
1235000 2884.2
1235010 2884.1
1235020 2884.1
1235030 2884.0
1235040 2883.8
1235050 2883.8
1235060 2883.5
1235070 2883.0
1235080 2883.0
1235090 2882.6
1235100 2882.1
1235110 2881.5
1235120 2881.5
1235130 2881.0
1235140 2880.6
1235150 2880.6
1235160 2880.7
1235170 2881.1
1235180 2881.1
1235190 2881.9
1235200 2883.1
1235210 2883.1
1235220 2884.7
1235230 2886.8
1235240 2886.8
1235250 2889.4
1235260 2891.8
1235270 2891.8
1235280 2893.9
1235290 2895.9
1235300 2895.9
1235310 2897.7
1235320 2899.5
1235330 2901.2
1235340 2901.2
1235350 2903.2
1235360 2905.2
1235370 2905.2
1235380 2907.4
1235390 2909.6
1235400 2909.6
1235410 2918.3
1235420 2921.7
1235430 2921.7
1235440 2926.9
1235450 2934.7
1235460 2934.7
1235470 2949.9
1235480 2957.0
1235490 2957.0
1235500 2964.6
1235510 2975.4
1235520 2975.4
1235530 2972.6
1235540 2981.9
1235550 2984.0
1235560 2984.0
1235570 2983.7
1235580 2987.5
1235590 2987.5
1235600 2990.1
1235610 2994.3
1235620 2994.3
1235630 3002.6
1235640 3015.0
1235650 3015.0
1235660 3028.4
1235670 3035.9
1235680 3035.9
1235690 3046.6
1235700 3056.2
1235710 3056.2
1235720 3064.0
1235730 3074.3
1235740 3074.3
1235750 3081.3
1235760 3088.3
1235770 3095.9
1235780 3095.9
1235790 3104.3
1235800 3113.8
1235810 3113.8
1235820 3124.3
1235830 3141.9
1235840 3141.9
1235850 3161.7
1235860 3180.3
1235870 3180.3
1235880 3203.5
1235890 3221.9
1235900 3221.9
1235910 3234.0
1235920 3269.3
1235930 3269.3
1235940 3275.0
1235950 3283.5
1235960 3283.5
1235970 3294.8
1235980 3302.8
1235990 3305.5
1236000 3305.5
1236010 3296.2
1236020 3285.0
1236030 3285.0
1236040 3275.4
1236050 3258.9
1236060 3258.9
1236070 3249.7
1236080 3245.2
1236090 3245.2
1236100 3237.2
1236110 3223.9
1236120 3223.9
1236130 3211.2
1236140 3204.7
1236150 3204.7
1236160 3191.3
1236170 3177.2
1236180 3177.2
1236190 3167.1
1236200 3159.0
1236210 3151.9
1236220 3151.9
1236230 3145.7
1236240 3140.2
1236250 3140.2
1236260 3135.3
1236270 3131.2
1236280 3131.2
1236290 3127.7
1236300 3124.7
1236310 3124.7
1236320 3122.0
1236330 3119.8
1236340 3119.8
1236350 3117.9
1236360 3116.4
1236370 3116.4
1236380 3115.1
1236390 3114.0
1236400 3114.0
1236410 3113.0
1236420 3112.1
1236430 3113.1
1236440 3113.1
1236450 3112.4
1236460 3111.8
1236470 3111.8
1236480 3111.2
1236490 3110.7
1236500 3110.7
1236510 3110.2
1236520 3109.7
1236530 3109.7
1236540 3109.2
1236550 3108.8
1236560 3108.8
1236570 3108.4
1236580 3108.0
1236590 3108.0
1236600 3107.7
1236610 3107.4
1236620 3107.4
1236630 3107.1
1236640 3106.9
1236650 3106.6
1236660 3106.6
1236670 3106.4
1236680 3106.2
1236690 3106.2
1236700 3106.0
1236710 3105.8
1236720 3105.8
1236730 3105.6
1236740 3105.5
1236750 3105.5
1236760 3105.3
1236770 3105.1
1236780 3105.1
1236790 3105.0
1236800 3104.8
1236810 3104.8
1236820 3104.6
1236830 3104.4
1236840 3104.4
1236850 3104.2
1236860 3104.0
1236870 3103.7
1236880 3103.7
1236890 3103.4
1236900 3103.0
1236910 3103.0
1236920 3102.7
1236930 3102.4
1236940 3103.2
1236950 3102.8
1236960 3102.4
1236970 3102.4
1236980 3102.0
1236990 3101.5
1237000 3101.5
1237010 3101.1
1237020 3100.6
1237030 3100.6
1237040 3100.1
1237050 3099.7
1237060 3099.7
1237070 3099.3
1237080 3098.8
1237090 3098.4
1237100 3098.4
1237110 3097.9
1237120 3097.3
1237130 3097.3
1237140 3096.8
1237150 3096.3
1237160 3096.3
1237170 3095.9
1237180 3095.5
1237190 3095.5
1237200 3094.9
1237210 3094.4
1237220 3094.4
1237230 3094.0
1237240 3093.5
1237250 3093.5
1237260 3093.1
1237270 3092.6
1237280 3092.6
1237290 3092.1
1237300 3091.8
1237310 3091.4
1237320 3091.4
1237330 3091.0
1237340 3090.6
1237350 3090.6
1237360 3090.3
1237370 3089.9
1237380 3089.9
1237390 3089.5
1237400 3089.4
1237410 3089.4
1237420 3089.1
1237430 3088.9
1237440 3088.9
1237450 3091.1
1237460 3091.2
1237470 3091.2
1237480 3091.3
1237490 3091.3
1237500 3091.3
1237510 3091.5
1237520 3091.8
1237530 3092.2
1237540 3092.2
1237550 3092.7
1237560 3093.3
1237570 3093.3
1237580 3093.9
1237590 3094.6
1237600 3094.6
1237610 3095.3
1237620 3096.2
1237630 3096.2
1237640 3097.3
1237650 3098.6
1237660 3098.6
1237670 3100.1
1237680 3102.0
1237690 3102.0
1237700 3104.7
1237710 3110.9
1237720 3110.9
1237730 3115.3
1237740 3115.0
1237750 3106.1
1237760 3106.1
1237770 3096.2
1237780 3081.0
1237790 3081.0
1237800 3070.4
1237810 3056.9
1237820 3056.9
1237830 3046.3
1237840 3035.8
1237850 3035.8
1237860 3027.2
1237870 3022.1
1237880 3022.1
1237890 3013.0
1237900 3001.6
1237910 3001.6
1237920 2988.0
1237930 2977.3
1237940 2977.3
1237950 2967.2
1237960 2958.9
1237970 2946.3
1237980 2946.3
1237990 2953.3
1238000 2965.7
1238010 2965.7
1238020 2967.1
1238030 2964.4
1238040 2964.4
1238050 2957.2
1238060 2945.4
1238070 2945.4
1238080 2930.9
1238090 2917.2
1238100 2917.2
1238110 2908.1
1238120 2899.8
1238130 2899.8
1238140 2892.3
1238150 2883.1
1238160 2883.1
1238170 2874.5
1238180 2865.7
1238190 2858.4
1238200 2858.4
1238210 2856.5
1238220 2850.9
1238230 2850.9
1238240 2835.3
1238250 2826.1
1238260 2826.1
1238270 2821.3
1238280 2824.2
1238290 2824.2
1238300 2823.6
1238310 2816.7
1238320 2816.7
1238330 2809.7
1238340 2801.2
1238350 2801.2
1238360 2791.1
1238370 2783.1
1238380 2783.1
1238390 2774.9
1238400 2768.9
1238410 2766.1
1238420 2766.1
1238430 2761.0
1238440 2754.8
1238450 2754.8
1238460 2744.3
1238470 2730.8
1238480 2722.8
1238490 2711.4
1238500 2706.4
1238510 2706.4
1238520 2703.7
1238530 2700.2
1238540 2700.2
1238550 2695.9
1238560 2691.0
1238570 2691.0
1238580 2685.2
1238590 2679.9
1238600 2679.9
1238610 2675.1
1238620 2670.8
1238630 2667.7
1238640 2667.7
1238650 2664.4
1238660 2660.6
1238670 2660.6
1238680 2656.2
1238690 2651.4
1238700 2651.4
1238710 2646.6
1238720 2641.0
1238730 2641.0
1238740 2635.5
1238750 2630.4
1238760 2630.4
1238770 2625.6
1238780 2620.9
1238790 2620.9
1238800 2617.2
1238810 2614.3
1238820 2614.3
1238830 2612.0
1238840 2608.9
1238850 2605.1
1238860 2605.1
1238870 2601.5
1238880 2597.7
1238890 2597.7
1238900 2594.0
1238910 2590.7
1238920 2590.7
1238930 2587.4
1238940 2584.9
1238950 2584.9
1238960 2582.5
1238970 2580.1
1238980 2580.1
1238990 2577.7
1239000 2568.8
1239010 2568.8
1239020 2566.9
1239030 2564.9
1239040 2564.9
1239050 2563.4
1239060 2562.0
1239070 2560.9
1239080 2560.9
1239090 2559.3
1239100 2558.0
1239110 2558.0
1239120 2557.0
1239130 2556.3
1239140 2556.3
1239150 2555.1
1239160 2554.0
1239170 2554.0
1239180 2553.2
1239190 2552.2
1239200 2552.2
1239210 2550.8
1239220 2549.1
1239230 2549.1
1239240 2548.0
1239250 2547.4
1239260 2547.4
1239270 2546.4
1239280 2545.1
1239290 2543.8
1239300 2543.8
1239310 2541.9
1239320 2540.1
1239330 2540.1
1239340 2537.9
1239350 2535.9
1239360 2535.9
1239370 2534.0
1239380 2532.4
1239390 2532.4
1239400 2531.3
1239410 2528.8
1239420 2528.8
1239430 2526.3
1239440 2523.7
1239450 2523.7
1239460 2521.5
1239470 2519.8
1239480 2519.8
1239490 2518.3
1239500 2516.8
1239510 2515.5
1239520 2511.9
1239530 2510.4
1239540 2509.2
1239550 2509.2
1239560 2508.8
1239570 2509.7
1239580 2509.7
1239590 2511.0
1239600 2510.7
1239610 2510.7
1239620 2509.9
1239630 2509.6
1239640 2509.6
1239650 2508.5
1239660 2508.4
1239670 2508.4
1239680 2508.3
1239690 2508.5
1239700 2508.5
1239710 2508.7
1239720 2508.8
1239730 2509.3
1239740 2509.3
1239750 2509.4
1239760 2509.1
1239770 2509.1
1239780 2507.8
1239790 2506.1
1239800 2506.1
1239810 2504.1
1239820 2502.3
1239830 2502.3
1239840 2500.7
1239850 2499.2
1239860 2499.2
1239870 2496.8
1239880 2493.4
1239890 2493.4
1239900 2488.9
1239910 2484.1
1239920 2484.1
1239930 2479.5
1239940 2477.7
1239950 2478.7
1239960 2478.7
1239970 2480.1
1239980 2480.6
1239990 2480.6
