1220000 1160.3
1220010 1160.3
1220020 1160.4
1220030 1160.7
1220040 1160.7
1220050 1160.4
1220060 1160.5
1220070 1160.5
1220080 1160.4
1220090 1160.4
1220100 1160.4
1220110 1160.3
1220120 1160.3
1220130 1160.3
1220140 1160.3
1220150 1160.5
1220160 1160.5
1220170 1160.5
1220180 1160.5
1220190 1160.5
1220200 1160.5
1220210 1160.4
1220220 1160.4
1220230 1160.7
1220240 1160.9
1220250 1161.0
1220260 1161.0
1220270 1161.1
1220280 1161.1
1220290 1161.1
1220300 1161.2
1220310 1161.2
1220320 1161.2
1220330 1161.3
1220340 1161.6
1220350 1161.6
1220360 1162.3
1220370 1162.2
1220380 1162.2
1220390 1162.0
1220400 1162.3
1220410 1162.3
1220420 1164.5
1220430 1173.3
1220440 1173.3
1220450 1181.9
1220460 1194.3
1220470 1205.7
1220480 1205.7
1220490 1212.7
1220500 1219.8
1220510 1219.8
1220520 1227.3
1220530 1235.9
1220540 1235.9
1220550 1254.7
1220560 1272.6
1220570 1272.6
1220580 1281.4
1220590 1289.6
1220600 1289.6
1220610 1297.1
1220620 1303.4
1220630 1303.4
1220640 1308.9
1220650 1314.9
1220660 1314.9
1220670 1319.4
1220680 1321.6
1220690 1323.8
1220700 1323.8
1220710 1324.3
1220720 1326.4
1220730 1326.4
1220740 1329.1
1220750 1332.2
1220760 1332.2
1220770 1334.7
1220780 1338.6
1220790 1338.6
1220800 1344.2
1220810 1350.7
1220820 1350.7
1220830 1358.1
1220840 1366.2
1220850 1366.2
1220860 1375.9
1220870 1385.9
1220880 1385.9
1220890 1393.5
1220900 1399.7
1220910 1406.0
1220920 1406.0
1220930 1411.4
1220940 1416.9
1220950 1416.9
1220960 1424.1
1220970 1431.7
1220980 1431.7
1220990 1439.4
1221000 1448.8
1221010 1448.8
1221020 1455.8
1221030 1460.8
1221040 1460.8
1221050 1465.7
1221060 1471.1
1221070 1471.1
1221080 1476.8
1221090 1483.2
1221100 1483.2
1221110 1488.8
1221120 1494.4
1221130 1500.6
1221140 1500.6
1221150 1505.9
1221160 1511.0
1221170 1511.0
1221180 1514.8
1221190 1518.4
1221200 1518.4
1221210 1523.2
1221220 1528.4
1221230 1528.4
1221240 1534.1
1221250 1539.9
1221260 1539.9
1221270 1546.0
1221280 1552.2
1221290 1552.2
1221300 1559.1
1221310 1571.7
1221320 1571.7
1221330 1583.8
1221340 1592.7
1221350 1600.3
1221360 1600.3
1221370 1608.8
1221380 1615.5
1221390 1615.5
1221400 1621.8
1221410 1631.1
1221420 1631.1
1221430 1645.3
1221440 1655.7
1221450 1655.7
1221460 1668.6
1221470 1680.2
1221480 1680.2
1221490 1693.1
1221500 1703.3
1221510 1703.3
1221520 1713.8
1221530 1724.1
1221540 1724.1
1221550 1731.7
1221560 1741.7
1221570 1741.7
1221580 1753.8
1221590 1763.7
1221600 1780.1
1221610 1780.1
1221620 1793.6
1221630 1803.5
1221640 1803.5
1221650 1811.4
1221660 1816.8
1221670 1814.9
1221680 1820.5
1221690 1824.9
1221700 1824.9
1221710 1827.8
1221720 1833.3
1221730 1833.3
1221740 1839.0
1221750 1845.1
1221760 1845.1
1221770 1851.1
1221780 1859.7
1221790 1859.7
1221800 1871.7
1221810 1878.6
1221820 1886.3
1221830 1886.3
1221840 1895.0
1221850 1899.9
1221860 1899.9
1221870 1902.1
1221880 1903.7
1221890 1903.7
1221900 1906.4
1221910 1909.7
1221920 1909.7
1221930 1914.4
1221940 1921.3
1221950 1921.3
1221960 1927.5
1221970 1933.1
1221980 1933.1
1221990 1937.9
1222000 1946.2
1222010 1946.2
1222020 1954.3
1222030 1958.3
1222040 1964.1
1222050 1964.1
1222060 1969.9
1222070 1975.9
1222080 1975.9
1222090 1982.4
1222100 1989.5
1222110 1989.5
1222120 1996.5
1222130 2003.5
1222140 2003.5
1222150 2010.1
1222160 2016.0
1222170 2016.0
1222180 2019.6
1222190 2022.8
1222200 2022.8
1222210 2026.8
1222220 2033.1
1222230 2033.1
1222240 2042.1
1222250 2047.9
1222260 2052.9
1222270 2052.9
1222280 2059.8
1222290 2069.0
1222300 2069.0
1222310 2080.9
1222320 2089.4
1222330 2089.4
1222340 2095.6
1222350 2097.9
1222360 2097.9
1222370 2100.0
1222380 2102.5
1222390 2102.5
1222400 2105.2
1222410 2109.5
1222420 2109.5
1222430 2116.1
1222440 2124.5
1222450 2124.5
1222460 2133.9
1222470 2140.5
1222480 2145.5
1222490 2145.5
1222500 2148.9
1222510 2153.0
1222520 2153.0
1222530 2158.9
1222540 2164.8
1222550 2164.8
1222560 2169.3
1222570 2172.4
1222580 2172.4
1222590 2176.3
1222600 2181.6
1222610 2181.6
1222620 2187.6
1222630 2193.4
1222640 2191.7
1222650 2198.0
1222660 2202.7
1222670 2202.7
1222680 2205.6
1222690 2206.7
1222700 2207.2
1222710 2207.2
1222720 2206.9
1222730 2206.1
1222740 2206.1
1222750 2204.8
1222760 2204.3
1222770 2204.3
1222780 2204.1
1222790 2203.7
1222800 2203.7
1222810 2204.0
1222820 2205.2
1222830 2205.2
1222840 2206.0
1222850 2205.8
1222860 2205.8
1222870 2204.8
1222880 2203.2
1222890 2203.2
1222900 2201.0
1222910 2199.3
1222920 2198.0
1222930 2198.0
1222940 2195.8
1222950 2193.2
1222960 2193.2
1222970 2190.3
1222980 2187.3
1222990 2187.3
1223000 2184.4
1223010 2181.9
1223020 2181.9
1223030 2179.2
1223040 2174.4
1223050 2174.4
1223060 2165.9
1223070 2154.6
1223080 2154.6
1223090 2147.1
1223100 2148.6
1223110 2148.6
1223120 2133.3
1223130 2123.6
1223140 2112.6
1223150 2112.6
1223160 2107.7
1223170 2109.5
1223180 2109.5
1223190 2118.3
1223200 2123.7
1223210 2123.7
1223220 2116.8
1223230 2114.2
1223240 2114.2
1223250 2112.6
1223260 2114.1
1223270 2114.1
1223280 2121.2
1223290 2124.8
1223300 2124.8
1223310 2128.5
1223320 2131.9
1223330 2131.9
1223340 2136.2
1223350 2139.1
1223360 2140.5
1223370 2140.5
1223380 2143.2
1223390 2141.6
1223400 2141.6
1223410 2136.2
1223420 2130.2
1223430 2130.2
1223440 2126.4
1223450 2122.4
1223460 2122.4
1223470 2118.3
1223480 2113.5
1223490 2113.5
1223500 2106.6
1223510 2098.5
1223520 2098.5
1223530 2089.3
1223540 2081.4
1223550 2081.4
1223560 2076.5
1223570 2071.0
1223580 2063.9
1223590 2063.9
1223600 2057.3
1223610 2044.9
1223620 2044.9
1223630 2038.1
1223640 2031.1
1223650 2031.1
1223660 2027.8
1223670 2025.5
1223680 2025.5
1223690 2026.7
1223700 2026.7
1223710 2026.7
1223720 2025.6
1223730 2024.9
1223740 2024.9
1223750 2026.7
1223760 2030.1
1223770 2030.1
1223780 2037.7
1223790 2048.3
1223800 2052.6
1223810 2052.6
1223820 2051.2
1223830 2052.2
1223840 2052.2
1223850 2055.6
1223860 2062.4
1223870 2062.4
1223880 2066.7
1223890 2061.8
1223900 2061.8
1223910 2054.5
1223920 2046.2
1223930 2046.2
1223940 2037.5
1223950 2029.3
1223960 2029.3
1223970 2020.7
1223980 2011.7
1223990 2011.7
1224000 2003.2
1224010 1994.3
1224020 1994.3
1224030 1988.2
1224040 1992.1
1224050 2000.6
1224060 2000.6
1224070 2009.3
1224080 2018.0
1224090 2018.0
1224100 2014.4
1224110 2008.3
1224120 2008.3
1224130 2001.3
1224140 1998.1
1224150 1998.1
1224160 1999.6
1224170 2007.2
1224180 2007.2
1224190 2019.9
1224200 2034.0
1224210 2034.0
1224220 2045.6
1224230 2054.8
1224240 2054.8
1224250 2060.9
1224260 2066.7
1224270 2073.2
1224280 2073.2
1224290 2080.5
1224300 2083.7
1224310 2083.7
1224320 2079.2
1224330 2076.9
1224340 2076.9
1224350 2079.0
1224360 2080.3
1224370 2080.3
1224380 2082.9
1224390 2091.4
1224400 2091.4
1224410 2103.8
1224420 2114.2
1224430 2114.2
1224440 2115.4
1224450 2116.5
1224460 2116.5
1224470 2115.6
1224480 2112.5
1224490 2112.8
1224500 2112.8
1224510 2113.7
1224520 2111.5
1224530 2111.5
1224540 2103.9
1224550 2099.0
1224560 2099.0
1224570 2094.9
1224580 2088.4
1224590 2088.4
1224600 2094.0
1224610 2088.0
1224620 2088.0
1224630 2078.5
1224640 2072.7
1224650 2072.7
1224660 2069.1
1224670 2073.5
1224680 2073.5
1224690 2077.9
1224700 2084.8
1224710 2093.9
1224720 2093.9
1224730 2099.1
1224740 2103.5
1224750 2103.5
1224760 2107.7
1224770 2114.2
1224780 2114.2
1224790 2117.8
1224800 2115.9
1224810 2115.9
1224820 2110.4
1224830 2105.5
1224840 2105.5
1224850 2100.8
1224860 2096.7
1224870 2096.7
1224880 2105.3
1224890 2113.8
1224900 2113.8
1224910 2120.9
1224920 2127.8
1224930 2133.5
1224940 2133.5
1224950 2140.0
1224960 2147.2
1224970 2147.2
1224980 2153.6
1224990 2157.8
1225000 2157.8
1225010 2159.6
1225020 2160.9
1225030 2160.9
1225040 2161.4
1225050 2163.0
1225060 2163.0
1225070 2159.0
1225080 2159.6
1225090 2159.6
1225100 2157.1
1225110 2153.6
1225120 2153.6
1225130 2152.6
1225140 2152.5
1225150 2148.7
1225160 2148.7
1225170 2144.1
1225180 2141.8
1225190 2141.8
1225200 2142.2
1225210 2141.3
1225220 2141.3
1225230 2134.9
1225240 2126.9
1225250 2126.9
1225260 2122.4
1225270 2129.9
1225280 2129.9
1225290 2135.9
1225300 2141.2
1225310 2141.2
1225320 2146.9
1225330 2147.9
1225340 2147.9
1225350 2147.7
1225360 2147.5
1225370 2146.9
1225380 2146.9
1225390 2147.3
1225400 2148.3
1225410 2148.3
1225420 2148.4
1225430 2147.9
1225440 2147.9
1225450 2149.5
1225460 2153.7
1225470 2153.7
1225480 2159.3
1225490 2166.0
1225500 2166.0
1225510 2173.8
1225520 2183.2
1225530 2183.2
1225540 2193.8
1225550 2203.1
1225560 2196.1
1225570 2199.0
1225580 2199.7
1225590 2197.9
1225600 2197.9
1225610 2197.8
1225620 2201.2
1225630 2201.2
1225640 2206.3
1225650 2211.9
1225660 2211.9
1225670 2218.1
1225680 2224.1
1225690 2224.1
1225700 2229.9
1225710 2235.7
1225720 2235.7
1225730 2241.8
1225740 2247.9
1225750 2247.9
1225760 2253.9
1225770 2257.9
1225780 2257.9
1225790 2256.0
1225800 2250.3
1225810 2244.5
1225820 2244.5
1225830 2238.8
1225840 2233.3
1225850 2233.3
1225860 2230.2
1225870 2229.8
1225880 2229.8
1225890 2229.1
1225900 2227.6
1225910 2227.6
1225920 2222.2
1225930 2219.8
1225940 2219.8
1225950 2222.8
1225960 2221.7
1225970 2221.7
1225980 2214.8
1225990 2211.0
1226000 2211.0
1226010 2211.0
1226020 2208.9
1226030 2205.1
1226040 2205.1
1226050 2190.6
1226060 2185.2
1226070 2185.2
1226080 2180.3
1226090 2172.6
1226100 2172.6
1226110 2167.1
1226120 2162.0
1226130 2162.0
1226140 2156.3
1226150 2154.5
1226160 2154.5
1226170 2153.1
1226180 2151.0
1226190 2151.0
1226200 2149.5
1226210 2148.8
1226220 2148.8
1226230 2144.5
1226240 2138.7
1226250 2137.7
1226260 2137.7
1226270 2137.0
1226280 2134.1
1226290 2134.1
1226300 2139.6
1226310 2143.6
1226320 2143.6
1226330 2144.7
1226340 2158.4
1226350 2158.4
1226360 2178.3
1226370 2196.1
1226380 2196.1
1226390 2210.0
1226400 2215.5
1226410 2215.5
1226420 2217.4
1226430 2218.0
1226440 2218.0
1226450 2219.4
1226460 2222.3
1226470 2222.3
1226480 2228.6
1226490 2236.8
1226500 2244.7
1226510 2244.7
1226520 2252.1
1226530 2258.5
1226540 2255.8
1226550 2258.1
1226560 2259.5
1226570 2259.5
1226580 2261.6
1226590 2261.3
1226600 2261.3
1226610 2259.9
1226620 2259.3
1226630 2259.3
1226640 2258.6
1226650 2259.4
1226660 2259.4
1226670 2262.1
1226680 2266.5
1226690 2266.5
1226700 2271.3
1226710 2277.1
1226720 2283.1
1226730 2283.1
1226740 2289.1
1226750 2295.1
1226760 2295.1
1226770 2300.8
1226780 2306.3
1226790 2306.3
1226800 2312.9
1226810 2320.5
1226820 2320.5
1226830 2328.6
1226840 2337.1
1226850 2337.1
1226860 2345.7
1226870 2353.7
1226880 2353.7
1226890 2362.3
1226900 2372.9
1226910 2372.9
1226920 2381.6
1226930 2388.3
1226940 2394.5
1226950 2394.5
1226960 2400.0
1226970 2405.4
1226980 2405.4
1226990 2408.8
1227000 2412.8
1227010 2412.8
1227020 2416.9
1227030 2415.1
1227040 2415.1
1227050 2419.5
1227060 2424.2
1227070 2424.2
1227080 2429.0
1227090 2434.0
1227100 2434.0
1227110 2437.7
1227120 2440.4
1227130 2440.4
1227140 2441.8
1227150 2441.7
1227160 2440.8
1227170 2440.8
1227180 2440.3
1227190 2437.5
1227200 2437.5
1227210 2430.7
1227220 2422.5
1227230 2422.5
1227240 2415.0
1227250 2409.5
1227260 2409.5
1227270 2402.4
1227280 2395.3
1227290 2395.3
1227300 2389.4
1227310 2384.7
1227320 2384.7
1227330 2381.2
1227340 2378.3
1227350 2378.3
1227360 2376.1
1227370 2373.3
1227380 2372.7
1227390 2372.7
1227400 2373.8
1227410 2374.2
1227420 2374.2
1227430 2375.0
1227440 2374.7
1227450 2374.7
1227460 2374.6
1227470 2374.7
1227480 2374.7
1227490 2374.6
1227500 2371.5
1227510 2371.5
1227520 2366.5
1227530 2367.7
1227540 2367.7
1227550 2366.3
1227560 2365.3
1227570 2365.3
1227580 2364.5
1227590 2364.4
1227600 2364.4
1227610 2364.4
1227620 2364.8
1227630 2363.8
1227640 2363.8
1227650 2363.3
1227660 2363.8
1227670 2363.8
1227680 2366.4
1227690 2369.5
1227700 2369.5
1227710 2370.1
1227720 2369.6
1227730 2369.6
1227740 2369.7
1227750 2370.3
1227760 2370.3
1227770 2371.7
1227780 2375.2
1227790 2375.2
1227800 2378.7
1227810 2381.7
1227820 2385.7
1227830 2385.7
1227840 2391.0
1227850 2396.3
1227860 2396.3
1227870 2401.4
1227880 2406.4
1227890 2406.4
1227900 2413.5
1227910 2422.3
1227920 2422.3
1227930 2430.9
1227940 2439.1
1227950 2439.1
1227960 2446.7
1227970 2452.8
1227980 2452.8
1227990 2459.0
1228000 2462.2
1228010 2462.2
1228020 2459.0
1228030 2458.8
1228040 2457.4
1228050 2457.4
1228060 2455.1
1228070 2452.0
1228080 2452.0
1228090 2448.2
1228100 2444.3
1228110 2444.3
1228120 2440.5
1228130 2436.9
1228140 2436.9
1228150 2434.1
1228160 2432.1
1228170 2432.1
1228180 2431.0
1228190 2430.7
1228200 2430.7
1228210 2432.9
1228220 2433.0
1228230 2433.0
1228240 2430.4
1228250 2422.8
1228260 2411.4
1228270 2411.4
1228280 2397.8
1228290 2385.8
1228300 2385.8
1228310 2376.5
1228320 2367.7
1228330 2367.7
1228340 2356.4
1228350 2343.5
1228360 2343.5
1228370 2333.5
1228380 2328.3
1228390 2328.3
1228400 2325.9
1228410 2323.1
1228420 2323.1
1228430 2323.8
1228440 2325.1
1228450 2325.1
1228460 2319.7
1228470 2311.6
1228480 2305.3
1228490 2305.3
1228500 2299.2
1228510 2288.2
1228520 2288.2
1228530 2285.1
1228540 2282.2
1228550 2282.2
1228560 2282.6
1228570 2281.5
1228580 2281.5
1228590 2279.4
1228600 2277.2
1228610 2277.2
1228620 2273.8
1228630 2270.0
1228640 2270.0
1228650 2265.4
1228660 2261.0
1228670 2261.0
1228680 2256.4
1228690 2251.9
1228700 2247.5
1228710 2247.5
1228720 2242.9
1228730 2239.5
1228740 2239.5
1228750 2236.4
1228760 2234.1
1228770 2234.1
1228780 2231.2
1228790 2228.7
1228800 2228.7
1228810 2226.2
1228820 2224.2
1228830 2224.2
1228840 2222.1
1228850 2217.9
1228860 2217.9
1228870 2216.8
1228880 2218.7
1228890 2218.7
1228900 2217.7
1228910 2215.1
1228920 2211.9
1228930 2211.9
1228940 2208.7
1228950 2205.7
1228960 2205.7
1228970 2203.0
1228980 2199.4
1228990 2199.4
1229000 2195.7
1229010 2188.2
1229020 2188.2
1229030 2186.8
1229040 2187.3
1229050 2187.3
1229060 2187.3
1229070 2184.6
1229080 2184.6
1229090 2187.1
1229100 2189.1
1229110 2189.1
1229120 2191.7
1229130 2194.4
1229140 2194.4
1229150 2196.6
1229160 2198.3
1229170 2198.6
1229180 2198.6
1229190 2198.9
1229200 2199.5
1229210 2199.5
1229220 2199.7
1229230 2201.4
1229240 2201.4
1229250 2203.2
1229260 2206.6
1229270 2206.6
1229280 2209.6
1229290 2212.4
1229300 2212.4
1229310 2216.6
1229320 2226.4
1229330 2226.4
1229340 2238.6
1229350 2246.8
1229360 2246.8
1229370 2254.8
1229380 2262.1
1229390 2266.5
1229400 2266.5
1229410 2266.2
1229420 2259.6
1229430 2259.6
1229440 2248.6
1229450 2241.0
1229460 2241.0
1229470 2235.0
1229480 2228.4
1229490 2228.4
1229500 2215.6
1229510 2207.6
1229520 2207.6
1229530 2199.4
1229540 2195.5
1229550 2195.5
1229560 2192.1
1229570 2188.6
1229580 2188.6
1229590 2185.8
1229600 2183.0
1229610 2182.5
1229620 2182.5
1229630 2183.1
1229640 2183.7
1229650 2183.7
1229660 2184.8
1229670 2186.0
1229680 2186.0
1229690 2187.2
1229700 2189.7
1229710 2189.7
1229720 2190.7
1229730 2191.0
1229740 2191.0
1229750 2191.1
1229760 2191.2
1229770 2191.2
1229780 2190.2
1229790 2189.3
1229800 2189.3
1229810 2188.5
1229820 2188.0
1229830 2187.6
1229840 2187.6
1229850 2186.4
1229860 2184.6
1229870 2184.6
1229880 2183.5
1229890 2184.2
1229900 2184.2
1229910 2185.0
1229920 2185.9
1229930 2185.9
1229940 2186.9
1229950 2189.0
1229960 2189.0
1229970 2191.8
1229980 2195.2
1229990 2195.2
1230000 2202.2
1230010 2204.9
1230020 2204.9
1230030 2205.6
1230040 2207.6
1230050 2209.2
1230060 2209.2
1230070 2210.4
1230080 2210.7
1230090 2210.7
1230100 2210.7
1230110 2210.6
1230120 2210.6
1230130 2211.2
1230140 2211.9
1230150 2211.9
1230160 2213.0
1230170 2215.7
1230180 2215.7
1230190 2218.3
1230200 2221.2
1230210 2221.2
1230220 2224.0
1230230 2226.7
1230240 2226.7
1230250 2229.3
1230260 2232.6
1230270 2235.6
1230280 2235.6
1230290 2237.2
1230300 2238.2
1230310 2238.2
1230320 2240.2
1230330 2240.8
1230340 2240.8
1230350 2240.5
1230360 2241.1
1230370 2241.1
1230380 2242.0
1230390 2243.3
1230400 2243.3
1230410 2244.9
1230420 2244.9
1230430 2244.9
1230440 2245.3
1230450 2244.1
1230460 2244.1
1230470 2242.5
1230480 2242.0
1230490 2242.9
1230500 2248.7
1230510 2249.3
1230520 2250.0
1230530 2250.0
1230540 2252.6
1230550 2255.9
1230560 2255.9
1230570 2258.5
1230580 2261.4
1230590 2261.4
1230600 2263.3
1230610 2265.2
1230620 2265.2
1230630 2268.2
1230640 2271.1
1230650 2271.1
1230660 2274.3
1230670 2278.4
1230680 2278.4
1230690 2282.7
1230700 2287.0
1230710 2289.3
1230720 2289.3
1230730 2292.1
1230740 2293.4
1230750 2293.4
1230760 2295.8
1230770 2299.8
1230780 2299.8
1230790 2306.2
1230800 2317.7
1230810 2317.7
1230820 2321.5
1230830 2322.7
1230840 2322.7
1230850 2327.0
1230860 2329.9
1230870 2329.9
1230880 2335.9
1230890 2345.6
1230900 2345.6
1230910 2352.3
1230920 2356.4
1230930 2360.7
1230940 2360.7
1230950 2364.8
1230960 2368.1
1230970 2368.1
1230980 2365.9
1230990 2377.3
1231000 2388.2
1231010 2400.6
1231020 2404.9
1231030 2404.9
1231040 2411.4
1231050 2419.5
1231060 2419.5
1231070 2426.1
1231080 2431.4
1231090 2431.4
1231100 2435.7
1231110 2439.3
1231120 2439.3
1231130 2443.6
1231140 2448.1
1231150 2452.4
1231160 2452.4
1231170 2456.0
1231180 2457.2
1231190 2457.2
1231200 2456.9
1231210 2457.0
1231220 2457.0
1231230 2457.5
1231240 2457.5
1231250 2457.5
1231260 2456.0
1231270 2453.5
1231280 2453.5
1231290 2452.1
1231300 2452.3
1231310 2452.3
1231320 2452.9
1231330 2455.0
1231340 2455.0
1231350 2458.8
1231360 2460.1
1231370 2459.3
1231380 2459.3
1231390 2458.9
1231400 2458.9
1231410 2458.9
1231420 2459.0
1231430 2459.2
1231440 2459.2
1231450 2459.4
1231460 2459.6
1231470 2459.6
1231480 2459.8
1231490 2460.1
1231500 2460.5
1231510 2461.7
1231520 2463.1
1231530 2463.1
1231540 2464.7
1231550 2467.0
1231560 2467.0
1231570 2469.8
1231580 2473.4
1231590 2477.2
1231600 2477.2
1231610 2480.6
1231620 2484.4
1231630 2484.4
1231640 2487.7
1231650 2491.4
1231660 2491.4
1231670 2493.2
1231680 2495.0
1231690 2495.0
1231700 2496.6
1231710 2498.3
1231720 2498.3
1231730 2499.4
1231740 2500.2
1231750 2500.2
1231760 2500.9
1231770 2501.7
1231780 2501.7
1231790 2502.2
1231800 2502.5
1231810 2502.5
1231820 2503.6
1231830 2504.7
1231840 2505.8
1231850 2505.8
1231860 2507.1
1231870 2507.7
1231880 2507.7
1231890 2508.3
1231900 2508.6
1231910 2508.6
1231920 2508.4
1231930 2507.8
1231940 2507.8
1231950 2507.5
1231960 2507.3
1231970 2507.3
1231980 2507.0
1231990 2507.0
1232000 2511.8
1232010 2512.2
1232020 2512.8
1232030 2512.8
1232040 2513.4
1232050 2513.9
1232060 2515.3
1232070 2515.3
1232080 2517.3
1232090 2518.8
1232100 2518.8
1232110 2520.7
1232120 2523.2
1232130 2523.2
1232140 2530.9
1232150 2543.1
1232160 2543.1
1232170 2551.9
1232180 2559.9
1232190 2559.9
1232200 2566.0
1232210 2574.5
1232220 2574.5
1232230 2580.9
1232240 2586.0
1232250 2586.0
1232260 2592.1
1232270 2596.7
1232280 2603.4
1232290 2603.4
1232300 2612.1
1232310 2617.1
1232320 2617.1
1232330 2620.7
1232340 2626.4
1232350 2626.4
1232360 2631.3
1232370 2635.1
1232380 2635.1
1232390 2637.8
1232400 2639.2
1232410 2639.2
1232420 2639.6
1232430 2640.4
1232440 2640.4
1232450 2642.4
1232460 2644.2
1232470 2644.2
1232480 2645.5
1232490 2645.7
1232500 2646.4
1232510 2649.5
1232520 2649.3
1232530 2648.3
1232540 2648.3
1232550 2646.6
1232560 2646.3
1232570 2646.3
1232580 2647.3
1232590 2648.6
1232600 2648.6
1232610 2649.6
1232620 2649.7
1232630 2649.7
1232640 2648.3
1232650 2646.1
1232660 2646.1
1232670 2644.9
1232680 2644.9
1232690 2644.9
1232700 2645.7
1232710 2647.1
1232720 2648.3
1232730 2648.3
1232740 2649.2
1232750 2649.8
1232760 2649.8
1232770 2650.2
1232780 2650.7
1232790 2650.7
1232800 2651.5
1232810 2650.6
1232820 2650.6
1232830 2649.0
1232840 2647.7
1232850 2647.7
1232860 2647.6
1232870 2647.6
1232880 2647.6
1232890 2647.6
1232900 2647.6
1232910 2647.6
1232920 2647.6
1232930 2647.6
1232940 2647.6
1232950 2647.6
1232960 2647.6
1232970 2647.6
1232980 2647.6
1232990 2648.2
1233000 2650.8
1233010 2649.3
1233020 2651.6
1233030 2654.1
1233040 2654.1
1233050 2656.0
1233060 2658.7
1233070 2658.7
1233080 2661.8
1233090 2664.2
1233100 2664.2
1233110 2666.3
1233120 2669.0
1233130 2669.0
1233140 2672.9
1233150 2678.3
1233160 2684.4
1233170 2684.4
1233180 2691.2
1233190 2697.2
1233200 2697.2
1233210 2700.3
1233220 2704.1
1233230 2704.1
1233240 2708.7
1233250 2714.3
1233260 2714.3
1233270 2720.0
1233280 2728.3
1233290 2728.3
1233300 2742.7
1233310 2755.5
1233320 2755.5
1233330 2768.9
1233340 2785.4
1233350 2785.4
1233360 2801.7
1233370 2820.3
1233380 2839.5
1233390 2839.5
1233400 2859.5
1233410 2874.3
1233420 2874.3
1233430 2881.7
1233440 2891.9
1233450 2891.9
1233460 2899.2
1233470 2901.9
1233480 2901.9
1233490 2902.9
1233500 2903.4
1233510 2899.6
1233520 2900.4
1233530 2901.4
1233540 2901.4
1233550 2902.0
1233560 2901.3
1233570 2901.3
1233580 2899.1
1233590 2898.2
1233600 2898.4
1233610 2898.4
1233620 2898.6
1233630 2898.8
1233640 2898.8
1233650 2898.9
1233660 2899.0
1233670 2899.0
1233680 2899.2
1233690 2900.1
1233700 2900.1
1233710 2901.6
1233720 2903.7
1233730 2903.7
1233740 2905.3
1233750 2905.7
1233760 2905.7
1233770 2905.3
1233780 2906.4
1233790 2906.4
1233800 2907.1
1233810 2906.2
1233820 2904.9
1233830 2904.9
1233840 2902.7
1233850 2901.0
1233860 2901.0
1233870 2899.7
1233880 2898.2
1233890 2898.2
1233900 2898.0
1233910 2896.6
1233920 2896.6
1233930 2894.9
1233940 2893.3
1233950 2893.3
1233960 2890.6
1233970 2886.5
1233980 2886.5
1233990 2883.7
1234000 2882.0
1234010 2882.0
1234020 2883.3
1234030 2882.4
1234040 2881.8
1234050 2881.8
1234060 2882.1
1234070 2883.3
1234080 2883.3
1234090 2885.6
1234100 2889.7
1234110 2889.7
1234120 2892.8
1234130 2895.2
1234140 2895.2
1234150 2892.7
1234160 2880.3
1234170 2880.3
1234180 2866.6
1234190 2853.2
1234200 2853.2
1234210 2841.7
1234220 2831.1
1234230 2831.1
1234240 2816.9
1234250 2792.3
1234260 2779.7
1234270 2779.7
1234280 2764.6
1234290 2729.5
1234300 2729.5
1234310 2705.6
1234320 2677.3
1234330 2677.3
1234340 2664.9
1234350 2659.2
1234360 2659.2
1234370 2653.4
1234380 2648.1
1234390 2648.1
1234400 2643.6
1234410 2639.7
1234420 2639.7
1234430 2635.4
1234440 2631.0
1234450 2631.0
1234460 2626.2
1234470 2620.9
1234480 2620.9
1234490 2617.5
1234500 2617.3
1234510 2615.9
1234520 2615.9
1234530 2621.1
1234540 2620.9
1234550 2620.9
1234560 2620.9
1234570 2621.0
1234580 2621.0
1234590 2620.7
1234600 2621.1
1234610 2621.1
1234620 2622.7
1234630 2623.8
1234640 2623.8
1234650 2624.6
1234660 2625.9
1234670 2625.9
1234680 2627.4
1234690 2629.7
1234700 2629.7
1234710 2633.0
1234720 2639.1
1234730 2648.4
1234740 2648.4
1234750 2657.7
1234760 2662.0
1234770 2662.0
1234780 2664.7
1234790 2664.2
1234800 2664.2
1234810 2661.9
1234820 2659.7
1234830 2659.7
1234840 2656.0
1234850 2647.3
1234860 2647.3
1234870 2638.0
1234880 2630.9
1234890 2630.9
1234900 2617.9
1234910 2605.1
1234920 2605.1
1234930 2599.3
1234940 2595.4
1234950 2592.4
1234960 2592.4
1234970 2588.5
1234980 2585.4
1234990 2585.4
1235000 2582.4
1235010 2580.7
1235020 2580.7
1235030 2582.8
1235040 2581.8
1235050 2581.8
1235060 2580.3
1235070 2579.1
1235080 2579.1
1235090 2578.0
1235100 2576.2
1235110 2576.2
1235120 2572.8
1235130 2568.7
1235140 2568.7
1235150 2566.1
1235160 2565.4
1235170 2564.6
1235180 2564.6
1235190 2565.5
1235200 2569.5
1235210 2569.5
1235220 2572.2
1235230 2573.1
1235240 2573.1
1235250 2574.5
1235260 2574.4
1235270 2574.4
1235280 2573.2
1235290 2576.0
1235300 2576.0
1235310 2582.4
1235320 2588.6
1235330 2588.6
1235340 2594.8
1235350 2601.4
1235360 2601.4
1235370 2608.4
1235380 2615.0
1235390 2621.8
1235400 2621.8
1235410 2629.7
1235420 2638.0
1235430 2638.0
1235440 2646.3
1235450 2654.6
1235460 2654.6
1235470 2662.4
1235480 2670.3
1235490 2670.3
1235500 2677.6
1235510 2683.6
1235520 2683.6
1235530 2689.2
1235540 2698.3
1235550 2698.3
1235560 2703.6
1235570 2708.7
1235580 2708.7
1235590 2713.7
1235600 2719.1
1235610 2725.0
1235620 2725.0
1235630 2731.1
1235640 2737.3
1235650 2737.3
1235660 2743.6
1235670 2750.1
1235680 2750.1
1235690 2756.7
1235700 2763.4
1235710 2763.4
1235720 2770.1
1235730 2776.7
1235740 2776.7
1235750 2783.0
1235760 2789.5
1235770 2789.5
1235780 2796.4
1235790 2803.7
1235800 2803.7
1235810 2811.0
1235820 2818.2
1235830 2830.2
1235840 2830.2
1235850 2847.2
1235860 2861.7
1235870 2861.7
1235880 2865.3
1235890 2868.2
1235900 2868.2
1235910 2872.1
1235920 2876.3
1235930 2876.3
1235940 2882.7
1235950 2893.5
1235960 2893.5
1235970 2906.3
1235980 2921.8
1235990 2921.8
1236000 2936.2
1236010 2944.8
1236020 2944.8
1236030 2956.6
1236040 2979.6
1236050 3030.5
1236060 3030.5
1236070 3058.6
1236080 3076.9
1236090 3076.9
1236100 3095.0
1236110 3113.1
1236120 3113.1
1236130 3139.8
1236140 3168.6
1236150 3168.6
1236160 3192.3
1236170 3209.1
1236180 3209.1
1236190 3226.0
1236200 3246.8
1236210 3246.8
1236220 3260.6
1236230 3268.7
1236240 3268.7
1236250 3273.8
1236260 3283.8
1236270 3285.6
1236280 3285.6
1236290 3273.7
1236300 3257.0
1236310 3257.0
1236320 3248.0
1236330 3240.9
1236340 3240.9
1236350 3231.6
1236360 3225.8
1236370 3225.8
1236380 3221.7
1236390 3218.2
1236400 3218.2
1236410 3208.3
1236420 3200.1
1236430 3200.1
1236440 3194.7
1236450 3188.3
1236460 3188.3
1236470 3180.5
1236480 3172.4
1236490 3165.6
1236500 3165.6
1236510 3159.4
1236520 3148.9
1236530 3148.9
1236540 3140.9
1236550 3132.5
1236560 3122.0
1236570 3116.8
1236580 3112.6
1236590 3112.6
1236600 3109.3
1236610 3105.9
1236620 3105.9
1236630 3102.0
1236640 3098.6
1236650 3098.6
1236660 3095.5
1236670 3092.2
1236680 3092.2
1236690 3089.5
1236700 3087.4
1236710 3085.2
1236720 3085.2
1236730 3082.6
1236740 3080.1
1236750 3080.1
1236760 3077.2
1236770 3073.7
1236780 3073.7
1236790 3069.9
1236800 3068.1
1236810 3068.1
1236820 3067.4
1236830 3066.2
1236840 3066.2
1236850 3066.0
1236860 3063.5
1236870 3063.5
1236880 3061.7
1236890 3059.9
1236900 3059.9
1236910 3058.4
1236920 3056.9
1236930 3055.3
1236940 3055.3
1236950 3053.8
1236960 3052.3
1236970 3052.3
1236980 3050.7
1236990 3048.8
1237000 3048.8
1237010 3046.8
1237020 3044.9
1237030 3044.9
1237040 3043.0
1237050 3041.1
1237060 3041.1
1237070 3038.3
1237080 3036.5
1237090 3036.5
1237100 3034.8
1237110 3033.0
1237120 3033.0
1237130 3031.3
1237140 3029.7
1237150 3028.1
1237160 3028.1
1237170 3026.6
1237180 3025.1
1237190 3025.1
1237200 3023.7
1237210 3022.4
1237220 3022.4
1237230 3021.2
1237240 3020.1
1237250 3020.1
1237260 3018.9
1237270 3017.9
1237280 3017.9
1237290 3016.8
1237300 3015.8
1237310 3015.8
1237320 3014.8
1237330 3013.7
1237340 3013.7
1237350 3012.6
1237360 3011.5
1237370 3011.5
1237380 3010.4
1237390 3009.3
1237400 3008.1
1237410 3008.1
1237420 3006.7
1237430 3005.5
1237440 3005.5
1237450 3004.3
1237460 3003.1
1237470 3003.1
1237480 3001.7
1237490 3000.4
1237500 3000.4
1237510 2999.0
1237520 2997.8
1237530 2997.8
1237540 2996.3
1237550 2995.1
1237560 2995.1
1237570 2993.7
1237580 2992.3
1237590 2992.8
1237600 2991.4
1237610 2989.9
1237620 2988.6
1237630 2988.6
1237640 2987.2
1237650 2985.9
1237660 2985.9
1237670 2984.5
1237680 2983.0
1237690 2983.0
1237700 2981.6
1237710 2980.2
1237720 2980.2
1237730 2978.8
1237740 2977.5
1237750 2977.5
1237760 2976.1
1237770 2974.7
1237780 2974.7
1237790 2973.4
1237800 2972.2
1237810 2972.2
1237820 2970.9
1237830 2969.5
1237840 2968.2
1237850 2968.2
1237860 2966.8
1237870 2965.4
1237880 2965.4
1237890 2964.0
1237900 2962.5
1237910 2962.5
1237920 2961.1
1237930 2959.5
1237940 2959.5
1237950 2958.0
1237960 2956.4
1237970 2956.4
1237980 2954.8
1237990 2953.2
1238000 2953.2
1238010 2951.6
1238020 2949.9
1238030 2949.9
1238040 2948.2
1238050 2946.6
1238060 2944.9
1238070 2944.9
1238080 2943.3
1238090 2941.7
1238100 2942.4
1238110 2940.9
1238120 2939.4
1238130 2939.4
1238140 2937.9
1238150 2936.4
1238160 2936.4
1238170 2935.0
1238180 2933.7
1238190 2933.7
1238200 2932.3
1238210 2931.0
1238220 2931.0
1238230 2929.7
1238240 2928.5
1238250 2928.5
1238260 2927.4
1238270 2926.2
1238280 2925.0
1238290 2925.0
1238300 2924.0
1238310 2922.9
1238320 2922.9
1238330 2921.8
1238340 2920.8
1238350 2920.8
1238360 2919.9
1238370 2918.9
1238380 2918.9
1238390 2918.0
1238400 2917.1
1238410 2917.1
1238420 2916.1
1238430 2915.3
1238440 2915.3
1238450 2914.4
1238460 2913.6
1238470 2913.6
1238480 2912.8
1238490 2912.0
1238500 2911.2
1238510 2911.2
1238520 2910.4
1238530 2909.7
1238540 2909.7
1238550 2908.9
1238560 2908.2
1238570 2908.2
1238580 2907.4
1238590 2906.7
1238600 2906.7
1238610 2906.0
1238620 2906.0
1238630 2906.0
1238640 2905.3
1238650 2904.6
1238660 2904.6
1238670 2904.0
1238680 2903.3
1238690 2903.3
1238700 2902.8
1238710 2902.3
1238720 2901.8
1238730 2901.8
1238740 2901.3
1238750 2900.9
1238760 2900.9
1238770 2900.4
1238780 2899.9
1238790 2899.9
1238800 2899.4
1238810 2899.0
1238820 2899.0
1238830 2898.5
1238840 2898.0
1238850 2898.0
1238860 2897.5
1238870 2897.0
1238880 2897.0
1238890 2896.4
1238900 2895.9
1238910 2895.9
1238920 2895.3
1238930 2894.7
1238940 2894.1
1238950 2894.1
1238960 2893.5
1238970 2892.8
1238980 2892.8
1238990 2892.1
1239000 2891.3
1239010 2891.3
1239020 2890.6
1239030 2889.8
1239040 2889.8
1239050 2889.1
1239060 2888.4
1239070 2888.4
1239080 2887.8
1239090 2887.2
1239100 2887.2
1239110 2886.7
1239120 2886.3
1239130 2888.6
1239140 2888.4
1239150 2888.2
1239160 2888.1
1239170 2888.1
1239180 2888.0
1239190 2888.2
1239200 2888.2
1239210 2888.4
1239220 2888.7
1239230 2888.7
1239240 2889.2
1239250 2889.8
1239260 2889.8
1239270 2890.5
1239280 2891.2
1239290 2891.2
1239300 2891.9
1239310 2892.8
1239320 2892.8
1239330 2893.9
1239340 2895.4
1239350 2895.4
1239360 2896.9
1239370 2897.7
1239380 2897.3
1239390 2897.3
1239400 2897.6
1239410 2898.2
1239420 2898.2
1239430 2907.5
1239440 2932.8
1239450 2932.8
1239460 2937.8
1239470 2928.7
1239480 2928.7
1239490 2917.9
1239500 2905.5
1239510 2905.5
1239520 2892.6
1239530 2882.3
1239540 2882.3
1239550 2882.0
1239560 2884.3
1239570 2884.3
1239580 2890.9
1239590 2890.6
1239600 2878.3
1239610 2878.3
1239620 2866.9
1239630 2855.4
1239640 2855.4
1239650 2831.7
1239660 2826.7
1239670 2826.7
1239680 2821.5
1239690 2817.1
1239700 2817.1
1239710 2813.5
1239720 2809.0
1239730 2809.0
1239740 2803.5
1239750 2798.6
1239760 2798.6
1239770 2795.6
1239780 2793.3
1239790 2793.3
1239800 2790.1
1239810 2787.1
1239820 2783.7
1239830 2783.7
1239840 2779.9
1239850 2776.1
1239860 2776.1
1239870 2773.1
1239880 2770.8
1239890 2770.8
1239900 2769.0
1239910 2766.8
1239920 2766.8
1239930 2764.2
1239940 2761.4
1239950 2761.4
1239960 2759.0
1239970 2757.0
1239980 2757.0
1239990 2755.1
