1220000 1162.4
1220010 1161.1
1220020 1162.2
1220030 1162.2
1220040 1162.3
1220050 1162.3
1220060 1162.3
1220070 1162.3
1220080 1162.2
1220090 1162.2
1220100 1162.2
1220110 1162.3
1220120 1162.3
1220130 1162.3
1220140 1162.3
1220150 1162.3
1220160 1162.2
1220170 1162.2
1220180 1162.2
1220190 1162.4
1220200 1162.4
1220210 1162.4
1220220 1162.4
1220230 1162.4
1220240 1162.4
1220250 1162.4
1220260 1162.4
1220270 1162.5
1220280 1162.5
1220290 1162.6
1220300 1162.9
1220310 1162.9
1220320 1162.9
1220330 1162.9
1220340 1162.9
1220350 1163.0
1220360 1163.1
1220370 1163.1
1220380 1163.2
1220390 1163.3
1220400 1163.3
1220410 1163.1
1220420 1163.1
1220430 1163.1
1220440 1163.2
1220450 1163.2
1220460 1163.2
1220470 1163.2
1220480 1163.2
1220490 1163.2
1220500 1163.2
1220510 1163.2
1220520 1163.4
1220530 1163.4
1220540 1163.5
1220550 1163.6
1220560 1163.6
1220570 1163.7
1220580 1163.7
1220590 1163.7
1220600 1163.6
1220610 1163.7
1220620 1163.7
1220630 1163.9
1220640 1164.0
1220650 1164.0
1220660 1164.2
1220670 1164.6
1220680 1164.9
1220690 1164.9
1220700 1165.1
1220710 1165.0
1220720 1165.0
1220730 1165.0
1220740 1165.1
1220750 1165.1
1220760 1165.2
1220770 1165.2
1220780 1165.2
1220790 1165.7
1220800 1165.8
1220810 1165.8
1220820 1165.1
1220830 1165.0
1220840 1165.0
1220850 1165.1
1220860 1165.2
1220870 1165.2
1220880 1165.2
1220890 1165.3
1220900 1165.3
1220910 1165.3
1220920 1165.3
1220930 1165.3
1220940 1165.3
1220950 1165.8
1220960 1167.0
1220970 1167.0
1220980 1169.6
1220990 1176.5
1221000 1176.5
1221010 1191.5
1221020 1199.6
1221030 1199.6
1221040 1206.1
1221050 1223.3
1221060 1223.3
1221070 1243.7
1221080 1266.2
1221090 1266.2
1221100 1277.6
1221110 1287.7
1221120 1301.9
1221130 1301.9
1221140 1313.1
1221150 1324.6
1221160 1324.6
1221170 1338.3
1221180 1355.8
1221190 1355.8
1221200 1364.7
1221210 1370.2
1221220 1370.2
1221230 1376.2
1221240 1381.6
1221250 1381.6
1221260 1385.5
1221270 1393.5
1221280 1385.8
1221290 1396.4
1221300 1404.9
1221310 1404.9
1221320 1414.4
1221330 1421.8
1221340 1430.6
1221350 1430.6
1221360 1438.5
1221370 1445.6
1221380 1445.6
1221390 1455.6
1221400 1468.1
1221410 1468.1
1221420 1473.9
1221430 1479.0
1221440 1479.0
1221450 1484.3
1221460 1488.5
1221470 1488.5
1221480 1492.0
1221490 1497.5
1221500 1497.5
1221510 1502.5
1221520 1506.7
1221530 1506.7
1221540 1510.5
1221550 1513.7
1221560 1516.8
1221570 1516.8
1221580 1519.9
1221590 1523.3
1221600 1523.3
1221610 1528.1
1221620 1534.1
1221630 1534.1
1221640 1539.3
1221650 1544.4
1221660 1544.4
1221670 1551.0
1221680 1556.9
1221690 1556.9
1221700 1562.7
1221710 1568.4
1221720 1568.4
1221730 1575.1
1221740 1582.0
1221750 1582.0
1221760 1583.3
1221770 1588.8
1221780 1594.6
1221790 1594.6
1221800 1602.3
1221810 1615.8
1221820 1615.8
1221830 1629.7
1221840 1637.5
1221850 1637.5
1221860 1644.0
1221870 1651.5
1221880 1651.5
1221890 1655.0
1221900 1656.3
1221910 1656.3
1221920 1659.3
1221930 1663.4
1221940 1663.4
1221950 1668.8
1221960 1675.7
1221970 1675.7
1221980 1682.6
1221990 1688.8
1222000 1694.4
1222010 1694.4
1222020 1700.9
1222030 1706.4
1222040 1706.4
1222050 1710.5
1222060 1713.2
1222070 1713.2
1222080 1715.7
1222090 1719.1
1222100 1719.1
1222110 1723.1
1222120 1727.4
1222130 1727.4
1222140 1731.7
1222150 1736.5
1222160 1736.5
1222170 1741.2
1222180 1748.3
1222190 1748.3
1222200 1753.6
1222210 1762.2
1222220 1775.7
1222230 1775.7
1222240 1782.9
1222250 1774.7
1222260 1774.7
1222270 1777.2
1222280 1783.4
1222290 1783.4
1222300 1797.9
1222310 1805.3
1222320 1805.3
1222330 1810.4
1222340 1814.4
1222350 1814.4
1222360 1816.7
1222370 1820.0
1222380 1820.0
1222390 1822.9
1222400 1826.0
1222410 1826.0
1222420 1830.8
1222430 1835.7
1222440 1842.8
1222450 1842.8
1222460 1849.1
1222470 1854.3
1222480 1854.3
1222490 1858.3
1222500 1860.5
1222510 1860.5
1222520 1861.4
1222530 1860.3
1222540 1860.3
1222550 1860.3
1222560 1861.9
1222570 1861.9
1222580 1863.5
1222590 1864.6
1222600 1864.6
1222610 1866.1
1222620 1866.2
1222630 1866.2
1222640 1866.0
1222650 1865.8
1222660 1865.8
1222670 1864.7
1222680 1863.4
1222690 1861.9
1222700 1861.9
1222710 1862.0
1222720 1863.6
1222730 1854.3
1222740 1855.4
1222750 1856.7
1222760 1856.7
1222770 1858.0
1222780 1858.9
1222790 1858.9
1222800 1858.7
1222810 1856.8
1222820 1856.8
1222830 1855.4
1222840 1855.5
1222850 1855.5
1222860 1853.5
1222870 1851.6
1222880 1851.6
1222890 1850.5
1222900 1850.5
1222910 1851.3
1222920 1851.3
1222930 1852.5
1222940 1853.8
1222950 1853.8
1222960 1855.3
1222970 1856.7
1222980 1856.7
1222990 1857.8
1223000 1858.4
1223010 1858.4
1223020 1858.5
1223030 1857.4
1223040 1857.4
1223050 1854.0
1223060 1848.7
1223070 1848.7
1223080 1840.9
1223090 1832.6
1223100 1832.6
1223110 1830.8
1223120 1832.2
1223130 1824.4
1223140 1824.4
1223150 1820.2
1223160 1825.3
1223170 1825.3
1223180 1833.8
1223190 1840.2
1223200 1840.2
1223210 1839.3
1223220 1825.7
1223230 1825.7
1223240 1828.6
1223250 1828.2
1223260 1828.2
1223270 1823.0
1223280 1818.8
1223290 1818.8
1223300 1819.5
1223310 1823.5
1223320 1823.5
1223330 1823.0
1223340 1818.2
1223350 1811.7
1223360 1811.7
1223370 1805.0
1223380 1797.2
1223390 1797.2
1223400 1789.5
1223410 1782.4
1223420 1782.4
1223430 1774.4
1223440 1764.8
1223450 1764.8
1223460 1759.6
1223470 1766.5
1223480 1766.5
1223490 1773.9
1223500 1786.1
1223510 1786.1
1223520 1799.7
1223530 1809.7
1223540 1809.7
1223550 1813.5
1223560 1811.4
1223570 1806.8
1223580 1806.8
1223590 1802.1
1223600 1801.7
1223610 1801.7
1223620 1806.1
1223630 1809.8
1223640 1809.8
1223650 1810.5
1223660 1810.1
1223670 1810.1
1223680 1808.5
1223690 1805.4
1223700 1797.7
1223710 1793.8
1223720 1786.1
1223730 1786.1
1223740 1777.2
1223750 1769.4
1223760 1769.4
1223770 1763.4
1223780 1759.6
1223790 1756.0
1223800 1756.0
1223810 1751.7
1223820 1748.9
1223830 1748.9
1223840 1747.8
1223850 1746.8
1223860 1746.8
1223870 1745.8
1223880 1741.8
1223890 1741.8
1223900 1741.8
1223910 1742.9
1223920 1742.9
1223930 1746.2
1223940 1752.2
1223950 1752.2
1223960 1757.9
1223970 1763.0
1223980 1763.0
1223990 1764.1
1224000 1761.7
1224010 1757.9
1224020 1757.9
1224030 1751.5
1224040 1747.2
1224050 1747.2
1224060 1745.7
1224070 1739.6
1224080 1739.6
1224090 1731.4
1224100 1723.9
1224110 1723.9
1224120 1727.8
1224130 1731.6
1224140 1731.6
1224150 1732.4
1224160 1735.4
1224170 1735.4
1224180 1739.6
1224190 1738.3
1224200 1738.3
1224210 1743.2
1224220 1749.0
1224230 1755.0
1224240 1755.0
1224250 1761.2
1224260 1768.0
1224270 1768.0
1224280 1775.9
1224290 1784.7
1224300 1784.7
1224310 1794.0
1224320 1800.5
1224330 1800.5
1224340 1802.5
1224350 1804.2
1224360 1804.2
1224370 1806.8
1224380 1809.0
1224390 1809.0
1224400 1811.7
1224410 1814.7
1224420 1814.7
1224430 1816.9
1224440 1819.3
1224450 1821.6
1224460 1821.6
1224470 1823.9
1224480 1826.5
1224490 1826.5
1224500 1828.9
1224510 1828.8
1224520 1828.8
1224530 1824.1
1224540 1816.1
1224550 1816.1
1224560 1807.4
1224570 1799.6
1224580 1799.6
1224590 1793.3
1224600 1788.0
1224610 1788.0
1224620 1783.6
1224630 1780.5
1224640 1780.5
1224650 1775.0
1224660 1774.6
1224670 1776.1
1224680 1776.1
1224690 1784.8
1224700 1785.9
1224710 1785.9
1224720 1783.4
1224730 1789.9
1224740 1789.9
1224750 1799.2
1224760 1806.0
1224770 1806.0
1224780 1811.7
1224790 1817.8
1224800 1817.8
1224810 1824.3
1224820 1831.3
1224830 1831.3
1224840 1839.6
1224850 1847.0
1224860 1847.0
1224870 1848.8
1224880 1848.7
1224890 1849.8
1224900 1849.8
1224910 1851.5
1224920 1853.4
1224930 1853.4
1224940 1856.0
1224950 1859.1
1224960 1859.1
1224970 1862.4
1224980 1865.0
1224990 1865.0
1225000 1867.3
1225010 1869.4
1225020 1869.4
1225030 1871.0
1225040 1870.9
1225050 1870.9
1225060 1869.9
1225070 1865.3
1225080 1865.3
1225090 1860.4
1225100 1854.0
1225110 1848.1
1225120 1848.1
1225130 1843.0
1225140 1835.2
1225150 1835.2
1225160 1832.1
1225170 1839.6
1225180 1839.6
1225190 1847.6
1225200 1855.9
1225210 1855.9
1225220 1861.3
1225230 1863.4
1225240 1863.4
1225250 1867.2
1225260 1872.5
1225270 1872.5
1225280 1877.7
1225290 1883.4
1225300 1883.4
1225310 1889.2
1225320 1893.1
1225330 1897.5
1225340 1897.5
1225350 1902.7
1225360 1908.5
1225370 1908.5
1225380 1912.9
1225390 1915.4
1225400 1915.4
1225410 1918.4
1225420 1921.6
1225430 1921.6
1225440 1924.2
1225450 1927.5
1225460 1927.5
1225470 1929.8
1225480 1930.1
1225490 1930.1
1225500 1930.2
1225510 1931.9
1225520 1931.9
1225530 1934.7
1225540 1937.9
1225550 1939.7
1225560 1939.7
1225570 1940.9
1225580 1942.2
1225590 1942.2
1225600 1942.8
1225610 1942.3
1225620 1942.3
1225630 1942.5
1225640 1943.4
1225650 1936.6
1225660 1939.4
1225670 1940.0
1225680 1940.0
1225690 1940.7
1225700 1942.3
1225710 1942.3
1225720 1943.8
1225730 1944.1
1225740 1944.1
1225750 1944.6
1225760 1944.2
1225770 1943.3
1225780 1943.3
1225790 1946.1
1225800 1948.5
1225810 1948.5
1225820 1949.2
1225830 1948.3
1225840 1948.3
1225850 1944.7
1225860 1941.0
1225870 1941.0
1225880 1939.5
1225890 1939.9
1225900 1939.9
1225910 1937.6
1225920 1931.4
1225930 1931.4
1225940 1927.9
1225950 1925.5
1225960 1925.5
1225970 1923.8
1225980 1918.5
1225990 1913.5
1226000 1913.5
1226010 1908.8
1226020 1904.5
1226030 1904.5
1226040 1900.8
1226050 1897.9
1226060 1897.9
1226070 1896.3
1226080 1895.3
1226090 1895.3
1226100 1896.1
1226110 1897.1
1226120 1897.1
1226130 1900.4
1226140 1904.2
1226150 1904.2
1226160 1911.0
1226170 1918.1
1226180 1918.1
1226190 1925.0
1226200 1931.7
1226210 1931.7
1226220 1939.0
1226230 1949.6
1226240 1961.6
1226250 1961.6
1226260 1968.6
1226270 1977.8
1226280 1977.8
1226290 1989.1
1226300 1999.6
1226310 1999.6
1226320 2008.0
1226330 2015.4
1226340 2015.4
1226350 2018.1
1226360 2016.7
1226370 2016.7
1226380 2012.9
1226390 2008.0
1226400 2008.0
1226410 2003.3
1226420 1999.9
1226430 1999.9
1226440 1997.6
1226450 1995.9
1226460 1995.3
1226470 1995.3
1226480 1995.1
1226490 1995.4
1226500 1995.4
1226510 1999.4
1226520 2004.6
1226530 2004.6
1226540 2008.1
1226550 2012.5
1226560 2012.5
1226570 2019.4
1226580 2027.7
1226590 2027.7
1226600 2035.9
1226610 2043.8
1226620 2043.8
1226630 2051.5
1226640 2059.6
1226650 2059.6
1226660 2066.4
1226670 2072.2
1226680 2077.7
1226690 2077.7
1226700 2086.0
1226710 2093.8
1226720 2093.8
1226730 2098.0
1226740 2094.9
1226750 2094.9
1226760 2091.4
1226770 2090.7
1226780 2090.7
1226790 2091.9
1226800 2092.9
1226810 2092.9
1226820 2092.9
1226830 2093.2
1226840 2093.2
1226850 2094.0
1226860 2094.5
1226870 2094.5
1226880 2094.2
1226890 2092.6
1226900 2092.8
1226910 2092.8
1226920 2093.9
1226930 2092.8
1226940 2092.8
1226950 2093.1
1226960 2094.0
1226970 2094.0
1226980 2101.7
1226990 2110.2
1227000 2110.2
1227010 2115.8
1227020 2118.7
1227030 2118.7
1227040 2118.8
1227050 2118.7
1227060 2118.7
1227070 2120.2
1227080 2122.4
1227090 2122.4
1227100 2119.7
1227110 2117.2
1227120 2113.8
1227130 2113.8
1227140 2118.6
1227150 2123.1
1227160 2123.1
1227170 2127.0
1227180 2125.8
1227190 2125.8
1227200 2122.1
1227210 2121.0
1227220 2121.0
1227230 2121.2
1227240 2121.4
1227250 2121.4
1227260 2119.9
1227270 2119.2
1227280 2119.2
1227290 2118.2
1227300 2114.2
1227310 2114.2
1227320 2112.7
1227330 2115.5
1227340 2120.9
1227350 2120.9
1227360 2121.2
1227370 2113.0
1227380 2113.0
1227390 2101.0
1227400 2091.6
1227410 2091.6
1227420 2091.0
1227430 2100.9
1227440 2100.9
1227450 2105.7
1227460 2107.4
1227470 2107.4
1227480 2118.2
1227490 2130.7
1227500 2130.7
1227510 2137.0
1227520 2141.3
1227530 2141.3
1227540 2148.1
1227550 2156.3
1227560 2165.1
1227570 2165.1
1227580 2174.2
1227590 2182.7
1227600 2182.7
1227610 2188.8
1227620 2185.5
1227630 2185.5
1227640 2190.4
1227650 2192.8
1227660 2192.8
1227670 2192.2
1227680 2193.4
1227690 2193.4
1227700 2195.4
1227710 2192.9
1227720 2192.9
1227730 2189.3
1227740 2190.3
1227750 2190.3
1227760 2195.3
1227770 2198.4
1227780 2197.7
1227790 2197.7
1227800 2202.1
1227810 2209.6
1227820 2209.6
1227830 2211.4
1227840 2212.0
1227850 2212.0
1227860 2212.5
1227870 2211.5
1227880 2211.5
1227890 2209.4
1227900 2207.0
1227910 2207.0
1227920 2204.8
1227930 2200.6
1227940 2200.6
1227950 2195.9
1227960 2192.0
1227970 2192.0
1227980 2185.9
1227990 2181.7
1228000 2179.0
1228010 2179.0
1228020 2175.6
1228030 2172.0
1228040 2172.0
1228050 2168.8
1228060 2165.8
1228070 2165.8
1228080 2163.3
1228090 2161.1
1228100 2161.1
1228110 2152.2
1228120 2150.4
1228130 2150.4
1228140 2148.0
1228150 2145.6
1228160 2145.6
1228170 2143.7
1228180 2142.5
1228190 2142.5
1228200 2141.6
1228210 2140.4
1228220 2138.6
1228230 2138.6
1228240 2135.9
1228250 2132.4
1228260 2132.4
1228270 2128.5
1228280 2124.4
1228290 2124.4
1228300 2118.7
1228310 2113.4
1228320 2113.4
1228330 2108.8
1228340 2102.5
1228350 2102.5
1228360 2091.1
1228370 2083.2
1228380 2083.2
1228390 2077.8
1228400 2072.9
1228410 2072.9
1228420 2069.0
1228430 2065.3
1228440 2060.8
1228450 2060.8
1228460 2057.5
1228470 2055.1
1228480 2055.1
1228490 2052.6
1228500 2049.9
1228510 2049.9
1228520 2046.8
1228530 2043.6
1228540 2043.6
1228550 2040.0
1228560 2036.5
1228570 2036.5
1228580 2033.2
1228590 2029.7
1228600 2029.7
1228610 2022.3
1228620 2019.1
1228630 2019.1
1228640 2016.0
1228650 2013.3
1228660 2010.1
1228670 2010.1
1228680 2007.7
1228690 2005.8
1228700 2005.8
1228710 2004.6
1228720 2003.0
1228730 2003.0
1228740 2002.3
1228750 2001.6
1228760 2001.6
1228770 2001.2
1228780 2000.6
1228790 2000.6
1228800 2000.0
1228810 2000.7
1228820 2000.7
1228830 2002.2
1228840 2003.3
1228850 2003.3
1228860 2002.5
1228870 2004.3
1228880 2006.4
1228890 2006.4
1228900 2007.9
1228910 2010.4
1228920 2010.4
1228930 2010.1
1228940 2012.8
1228950 2012.8
1228960 2017.4
1228970 2021.8
1228980 2021.8
1228990 2026.7
1229000 2031.8
1229010 2031.8
1229020 2036.9
1229030 2041.9
1229040 2041.9
1229050 2046.8
1229060 2051.9
1229070 2051.9
1229080 2056.9
1229090 2062.3
1229100 2067.9
1229110 2067.9
1229120 2073.3
1229130 2078.7
1229140 2078.7
1229150 2084.2
1229160 2089.6
1229170 2089.6
1229180 2095.1
1229190 2101.0
1229200 2101.0
1229210 2106.8
1229220 2112.3
1229230 2112.3
1229240 2117.8
1229250 2123.8
1229260 2123.8
1229270 2129.6
1229280 2135.4
1229290 2135.4
1229300 2141.2
1229310 2147.2
1229320 2153.4
1229330 2153.4
1229340 2159.5
1229350 2165.7
1229360 2165.7
1229370 2172.1
1229380 2179.0
1229390 2179.0
1229400 2185.9
1229410 2192.7
1229420 2192.7
1229430 2198.4
1229440 2205.3
1229450 2205.3
1229460 2213.0
1229470 2220.0
1229480 2220.0
1229490 2227.9
1229500 2235.3
1229510 2235.3
1229520 2242.2
1229530 2249.4
1229540 2258.0
1229550 2258.0
1229560 2265.4
1229570 2271.6
1229580 2271.6
1229590 2279.3
1229600 2279.2
1229610 2279.2
1229620 2286.7
1229630 2294.9
1229640 2294.9
1229650 2302.1
1229660 2308.8
1229670 2308.8
1229680 2315.6
1229690 2322.8
1229700 2322.8
1229710 2330.4
1229720 2339.2
1229730 2339.2
1229740 2349.9
1229750 2358.2
1229760 2358.2
1229770 2364.6
1229780 2372.8
1229790 2381.0
1229800 2381.0
1229810 2389.3
1229820 2398.6
1229830 2398.6
1229840 2408.6
1229850 2417.8
1229860 2417.8
1229870 2425.9
1229880 2431.7
1229890 2431.7
1229900 2436.2
1229910 2441.2
1229920 2441.2
1229930 2446.6
1229940 2453.3
1229950 2453.3
1229960 2461.4
1229970 2469.2
1229980 2469.2
1229990 2481.5
1230000 2492.3
1230010 2505.8
1230020 2505.8
1230030 2519.9
1230040 2520.2
1230050 2520.2
1230060 2518.5
1230070 2520.0
1230080 2520.0
1230090 2524.3
1230100 2529.0
1230110 2529.0
1230120 2529.6
1230130 2524.3
1230140 2524.3
1230150 2519.4
1230160 2518.2
1230170 2518.2
1230180 2517.3
1230190 2516.9
1230200 2516.9
1230210 2516.8
1230220 2516.7
1230230 2517.2
1230240 2517.2
1230250 2519.0
1230260 2520.0
1230270 2520.0
1230280 2520.4
1230290 2521.0
1230300 2521.0
1230310 2522.6
1230320 2524.1
1230330 2524.1
1230340 2524.5
1230350 2529.8
1230360 2529.8
1230370 2537.7
1230380 2543.2
1230390 2543.2
1230400 2546.2
1230410 2549.0
1230420 2549.0
1230430 2548.3
1230440 2546.9
1230450 2546.2
1230460 2546.2
1230470 2546.4
1230480 2548.7
1230490 2548.7
1230500 2551.1
1230510 2553.2
1230520 2553.2
1230530 2555.2
1230540 2557.7
1230550 2557.7
1230560 2559.3
1230570 2565.8
1230580 2565.8
1230590 2575.1
1230600 2582.1
1230610 2582.1
1230620 2588.1
1230630 2594.8
1230640 2594.8
1230650 2601.8
1230660 2608.2
1230670 2614.7
1230680 2614.7
1230690 2621.6
1230700 2629.0
1230710 2629.0
1230720 2638.2
1230730 2645.7
1230740 2645.7
1230750 2653.1
1230760 2660.7
1230770 2660.7
1230780 2669.0
1230790 2678.0
1230800 2678.0
1230810 2686.0
1230820 2693.5
1230830 2693.5
1230840 2699.9
1230850 2705.0
1230860 2705.0
1230870 2710.7
1230880 2719.9
1230890 2731.9
1230900 2731.9
1230910 2741.9
1230920 2746.2
1230930 2746.2
1230940 2757.3
1230950 2771.8
1230960 2771.8
1230970 2784.2
1230980 2792.7
1230990 2792.7
1231000 2802.2
1231010 2811.7
1231020 2811.7
1231030 2818.4
1231040 2825.2
1231050 2825.2
1231060 2822.1
1231070 2810.6
1231080 2810.6
1231090 2808.7
1231100 2799.5
1231110 2780.2
1231120 2780.2
1231130 2768.6
1231140 2758.7
1231150 2758.7
1231160 2747.4
1231170 2741.2
1231180 2741.2
1231190 2736.3
1231200 2729.2
1231210 2729.2
1231220 2723.6
1231230 2717.4
1231240 2717.4
1231250 2709.2
1231260 2697.8
1231270 2697.8
1231280 2689.0
1231290 2684.5
1231300 2684.5
1231310 2683.6
1231320 2681.4
1231330 2677.2
1231340 2677.2
1231350 2672.2
1231360 2666.9
1231370 2666.9
1231380 2661.6
1231390 2656.9
1231400 2656.9
1231410 2653.3
1231420 2650.1
1231430 2650.1
1231440 2645.7
1231450 2644.3
1231460 2644.3
1231470 2645.0
1231480 2644.8
1231490 2644.8
1231500 2643.9
1231510 2642.2
1231520 2642.2
1231530 2639.5
1231540 2636.0
1231550 2635.3
1231560 2635.3
1231570 2638.6
1231580 2642.3
1231590 2642.3
1231600 2649.6
1231610 2653.9
1231620 2653.9
1231630 2660.5
1231640 2667.0
1231650 2667.0
1231660 2673.2
1231670 2677.8
1231680 2677.8
1231690 2677.9
1231700 2677.9
1231710 2677.9
1231720 2677.7
1231730 2676.9
1231740 2676.9
1231750 2676.8
1231760 2678.6
1231770 2680.4
1231780 2680.4
1231790 2682.3
1231800 2682.2
1231810 2682.2
1231820 2679.6
1231830 2676.2
1231840 2676.2
1231850 2674.1
1231860 2672.3
1231870 2672.3
1231880 2669.9
1231890 2667.7
1231900 2667.7
1231910 2666.5
1231920 2666.4
1231930 2666.4
1231940 2666.8
1231950 2665.8
1231960 2665.8
1231970 2664.1
1231980 2661.4
1231990 2659.5
1232000 2659.5
1232010 2658.3
1232020 2660.4
1232030 2660.4
1232040 2666.0
1232050 2671.4
1232060 2671.4
1232070 2677.1
1232080 2683.6
1232090 2683.6
1232100 2694.0
1232110 2701.1
1232120 2701.1
1232130 2707.8
1232140 2717.5
1232150 2717.5
1232160 2736.4
1232170 2759.2
1232180 2759.2
1232190 2786.0
1232200 2800.8
1232210 2810.4
1232220 2810.4
1232230 2822.9
1232240 2836.5
1232250 2836.5
1232260 2849.9
1232270 2858.6
1232280 2858.6
1232290 2858.0
1232300 2850.9
1232310 2850.9
1232320 2839.9
1232330 2832.0
1232340 2832.0
1232350 2825.2
1232360 2817.1
1232370 2817.1
1232380 2805.7
1232390 2792.7
1232400 2792.7
1232410 2777.8
1232420 2767.1
1232430 2758.2
1232440 2758.2
1232450 2751.5
1232460 2747.4
1232470 2747.4
1232480 2746.3
1232490 2745.9
1232500 2745.9
1232510 2745.7
1232520 2745.9
1232530 2745.9
1232540 2748.3
1232550 2750.0
1232560 2750.0
1232570 2749.8
1232580 2749.1
1232590 2749.1
1232600 2747.1
1232610 2744.1
1232620 2744.1
1232630 2740.8
1232640 2733.6
1232650 2726.4
1232660 2726.4
1232670 2718.2
1232680 2710.5
1232690 2710.5
1232700 2708.9
1232710 2709.1
1232720 2709.1
1232730 2709.5
1232740 2709.7
1232750 2709.7
1232760 2709.9
1232770 2710.3
1232780 2710.3
1232790 2710.6
1232800 2710.6
1232810 2710.6
1232820 2710.3
1232830 2709.7
1232840 2709.7
1232850 2709.1
1232860 2708.6
1232870 2707.7
1232880 2707.7
1232890 2706.8
1232900 2706.6
1232910 2706.6
1232920 2706.5
1232930 2706.4
1232940 2706.4
1232950 2706.0
1232960 2706.4
1232970 2706.4
1232980 2706.7
1232990 2707.0
1233000 2707.0
1233010 2707.3
1233020 2707.6
1233030 2707.6
1233040 2707.9
1233050 2708.3
1233060 2708.3
1233070 2709.1
1233080 2710.0
1233090 2710.9
1233100 2713.9
1233110 2715.0
1233120 2716.1
1233130 2716.1
1233140 2717.2
1233150 2717.9
1233160 2717.9
1233170 2718.9
1233180 2719.8
1233190 2719.8
1233200 2720.7
1233210 2721.5
1233220 2721.5
1233230 2722.1
1233240 2722.3
1233250 2722.3
1233260 2722.3
1233270 2722.4
1233280 2722.4
1233290 2722.6
1233300 2723.2
1233310 2723.0
1233320 2723.0
1233330 2723.5
1233340 2723.3
1233350 2723.3
1233360 2723.0
1233370 2722.9
1233380 2722.9
1233390 2722.8
1233400 2722.9
1233410 2722.9
1233420 2723.1
1233430 2723.2
1233440 2723.2
1233450 2723.3
1233460 2723.4
1233470 2723.4
1233480 2723.6
1233490 2723.7
1233500 2723.7
1233510 2723.3
1233520 2723.0
1233530 2723.0
1233540 2722.6
1233550 2722.5
1233560 2723.1
1233570 2723.1
1233580 2722.5
1233590 2722.2
1233600 2722.2
1233610 2723.8
1233620 2725.5
1233630 2725.5
1233640 2729.1
1233650 2732.9
1233660 2732.9
1233670 2736.4
1233680 2738.9
1233690 2738.9
1233700 2743.4
1233710 2748.2
1233720 2748.2
1233730 2752.0
1233740 2755.1
1233750 2755.1
1233760 2758.2
1233770 2761.3
1233780 2764.2
1233790 2764.2
1233800 2767.3
1233810 2770.2
1233820 2770.2
1233830 2773.0
1233840 2775.2
1233850 2775.2
1233860 2777.7
1233870 2779.6
1233880 2779.6
1233890 2780.4
1233900 2781.0
1233910 2781.0
1233920 2782.1
1233930 2783.1
1233940 2783.1
1233950 2783.8
1233960 2784.9
1233970 2784.9
1233980 2786.9
1233990 2788.9
1234000 2790.4
1234010 2790.4
1234020 2791.6
1234030 2795.8
1234040 2795.8
1234050 2801.2
1234060 2808.0
1234070 2808.0
1234080 2819.4
1234090 2831.2
1234100 2831.2
1234110 2845.2
1234120 2853.8
1234130 2853.8
1234140 2861.2
1234150 2869.4
1234160 2869.4
1234170 2880.5
1234180 2894.1
1234190 2894.1
1234200 2912.3
1234210 2917.0
1234220 2907.8
1234230 2907.8
1234240 2898.6
1234250 2889.5
1234260 2889.5
1234270 2881.7
1234280 2871.6
1234290 2871.6
1234300 2859.2
1234310 2846.7
1234320 2846.7
1234330 2839.3
1234340 2834.9
1234350 2834.9
1234360 2833.6
1234370 2821.2
1234380 2821.2
1234390 2810.9
1234400 2800.7
1234410 2800.7
1234420 2786.8
1234430 2769.5
1234440 2754.9
1234450 2754.9
1234460 2747.0
1234470 2741.4
1234480 2741.4
1234490 2735.9
1234500 2730.2
1234510 2730.2
1234520 2725.4
1234530 2721.3
1234540 2721.3
1234550 2718.3
1234560 2715.8
1234570 2715.8
1234580 2714.0
1234590 2712.6
1234600 2712.6
1234610 2711.9
1234620 2714.7
1234630 2714.7
1234640 2713.9
1234650 2711.6
1234660 2708.0
1234670 2708.0
1234680 2705.0
1234690 2703.3
1234700 2703.3
1234710 2702.0
1234720 2703.8
1234730 2703.8
1234740 2705.7
1234750 2706.8
1234760 2706.8
1234770 2706.6
1234780 2709.2
1234790 2709.2
1234800 2709.6
1234810 2705.8
1234820 2705.8
1234830 2701.7
1234840 2698.9
1234850 2698.9
1234860 2697.0
1234870 2696.5
1234880 2696.5
1234890 2696.5
1234900 2696.6
1234910 2695.9
1234920 2695.9
1234930 2694.8
1234940 2693.7
1234950 2693.7
1234960 2692.3
1234970 2690.8
1234980 2690.8
1234990 2689.2
1235000 2687.4
1235010 2687.4
1235020 2685.9
1235030 2684.8
1235040 2684.8
1235050 2684.5
1235060 2684.0
1235070 2684.0
1235080 2683.1
1235090 2681.7
1235100 2680.0
1235110 2680.0
1235120 2678.1
1235130 2678.0
1235140 2678.0
1235150 2677.2
1235160 2674.4
1235170 2674.4
1235180 2671.9
1235190 2672.4
1235200 2672.4
1235210 2671.2
1235220 2673.0
1235230 2673.0
1235240 2674.9
1235250 2677.0
1235260 2677.0
1235270 2678.4
1235280 2678.2
1235290 2678.2
1235300 2680.5
1235310 2682.1
1235320 2683.1
1235330 2683.1
1235340 2683.1
1235350 2685.4
1235360 2685.4
1235370 2690.8
1235380 2696.0
1235390 2696.0
1235400 2699.2
1235410 2702.6
1235420 2702.6
1235430 2706.5
1235440 2710.6
1235450 2710.6
1235460 2711.9
1235470 2713.3
1235480 2713.3
1235490 2715.9
1235500 2719.2
1235510 2719.2
1235520 2722.4
1235530 2725.4
1235540 2728.6
1235550 2728.6
1235560 2732.8
1235570 2738.2
1235580 2738.2
1235590 2743.4
1235600 2749.1
1235610 2749.1
1235620 2755.3
1235630 2761.6
1235640 2758.0
1235650 2764.3
1235660 2770.8
1235670 2770.8
1235680 2777.0
1235690 2782.3
1235700 2782.3
1235710 2787.9
1235720 2794.3
1235730 2794.3
1235740 2801.3
1235750 2808.3
1235760 2815.0
1235770 2815.0
1235780 2822.4
1235790 2830.4
1235800 2830.4
1235810 2837.9
1235820 2846.5
1235830 2846.5
1235840 2856.7
1235850 2869.2
1235860 2869.2
1235870 2887.1
1235880 2908.2
1235890 2908.2
1235900 2931.4
1235910 2960.1
1235920 2960.1
1235930 2975.3
1235940 2980.9
1235950 2980.9
1235960 2988.7
1235970 2997.2
1235980 3011.3
1235990 3011.3
1236000 3030.8
1236010 3044.1
1236020 3044.1
1236030 3059.0
1236040 3068.9
1236050 3068.9
1236060 3070.5
1236070 3069.4
1236080 3069.4
1236090 3075.2
1236100 3089.0
1236110 3089.0
1236120 3096.4
1236130 3111.6
1236140 3111.6
1236150 3115.4
1236160 3135.8
1236170 3135.8
1236180 3152.2
1236190 3167.0
1236200 3180.5
1236210 3180.5
1236220 3193.9
1236230 3203.9
1236240 3203.9
1236250 3203.3
1236260 3212.1
1236270 3212.1
1236280 3220.1
1236290 3217.7
1236300 3217.7
1236310 3212.8
1236320 3205.7
1236330 3205.7
1236340 3196.3
1236350 3189.2
1236360 3189.2
1236370 3181.5
1236380 3173.2
1236390 3173.2
1236400 3164.3
1236410 3153.0
1236420 3141.8
1236430 3141.8
1236440 3131.3
1236450 3122.1
1236460 3122.1
1236470 3113.9
1236480 3105.9
1236490 3105.9
1236500 3098.9
1236510 3091.9
1236520 3091.9
1236530 3086.7
1236540 3083.0
1236550 3083.0
1236560 3080.1
1236570 3077.8
1236580 3077.8
1236590 3076.1
1236600 3074.7
1236610 3074.7
1236620 3073.5
1236630 3072.4
1236640 3071.4
1236650 3071.4
1236660 3071.6
1236670 3070.7
1236680 3070.7
1236690 3069.8
1236700 3068.9
1236710 3068.9
1236720 3068.0
1236730 3067.1
1236740 3067.1
1236750 3066.2
1236760 3065.2
1236770 3065.2
1236780 3064.3
1236790 3063.3
1236800 3063.3
1236810 3062.3
1236820 3061.3
1236830 3061.3
1236840 3060.3
1236850 3059.3
1236860 3058.2
1236870 3058.2
1236880 3057.2
1236890 3056.1
1236900 3056.1
1236910 3055.0
1236920 3053.8
1236930 3053.8
1236940 3052.7
1236950 3051.6
1236960 3051.6
1236970 3050.5
1236980 3049.5
1236990 3049.5
1237000 3048.4
1237010 3047.3
1237020 3047.3
1237030 3046.3
1237040 3045.2
1237050 3045.2
1237060 3044.2
1237070 3043.2
1237080 3042.2
1237090 3042.2
1237100 3041.3
1237110 3040.4
1237120 3040.4
1237130 3039.4
1237140 3038.5
1237150 3038.5
1237160 3037.5
1237170 3037.3
1237180 3037.3
1237190 3036.3
1237200 3035.4
1237210 3035.4
1237220 3034.4
1237230 3033.4
1237240 3033.4
1237250 3032.4
1237260 3031.4
1237270 3031.4
1237280 3030.4
1237290 3029.4
1237300 3028.5
1237310 3028.5
1237320 3027.5
1237330 3026.6
1237340 3026.6
1237350 3025.6
1237360 3024.7
1237370 3024.7
1237380 3023.6
1237390 3022.5
1237400 3022.5
1237410 3021.4
1237420 3020.3
1237430 3020.3
1237440 3019.1
1237450 3017.8
1237460 3017.8
1237470 3016.6
1237480 3015.3
1237490 3015.3
1237500 3014.0
1237510 3012.6
1237520 3011.2
1237530 3011.2
1237540 3009.9
1237550 3008.5
1237560 3008.5
1237570 3007.1
1237580 3005.6
1237590 3005.6
1237600 3004.2
1237610 3002.9
1237620 3002.9
1237630 3001.4
1237640 3000.0
1237650 3000.0
1237660 2998.7
1237670 2997.4
1237680 2998.0
1237690 2996.6
1237700 2995.4
1237710 2995.4
1237720 2994.2
1237730 2993.1
1237740 2993.1
1237750 2992.1
1237760 2991.3
1237770 2990.5
1237780 2990.5
1237790 2989.8
1237800 2989.1
1237810 2989.1
1237820 2988.5
1237830 2988.0
1237840 2988.0
1237850 2987.5
1237860 2987.0
1237870 2987.0
1237880 2986.5
1237890 2986.1
1237900 2986.1
1237910 2985.7
1237920 2985.3
1237930 2985.3
1237940 2984.8
1237950 2984.3
1237960 2984.3
1237970 2983.8
1237980 2983.4
1237990 2982.9
1238000 2982.9
1238010 2982.4
1238020 2981.9
1238030 2981.9
1238040 2981.4
1238050 2981.0
1238060 2981.0
1238070 2980.6
1238080 2980.3
1238090 2980.3
1238100 2980.0
1238110 2979.8
1238120 2979.8
1238130 2979.5
1238140 2979.4
1238150 2979.4
1238160 2979.2
1238170 2979.2
1238180 2979.2
1238190 2979.5
1238200 2982.7
1238210 2984.3
1238220 2984.3
1238230 2986.1
1238240 2988.5
1238250 2988.5
1238260 2991.4
1238270 2994.7
1238280 2994.7
1238290 2998.4
1238300 3004.9
1238310 3004.9
1238320 3013.1
1238330 3016.7
1238340 3016.7
1238350 3020.4
1238360 3027.2
1238370 3027.2
1238380 3020.6
1238390 3013.6
1238400 3013.6
1238410 3006.3
1238420 3001.2
1238430 2997.6
1238440 2997.6
1238450 3010.7
1238460 3014.1
1238470 3014.1
1238480 3006.9
1238490 2997.9
1238500 2997.9
1238510 2986.0
1238520 2978.4
1238530 2978.4
1238540 2974.0
1238550 2970.7
1238560 2970.7
1238570 2973.1
1238580 2977.2
1238590 2977.2
1238600 2985.5
1238610 2996.7
1238620 2996.7
1238630 2990.0
1238640 2980.2
1238650 2969.1
1238660 2969.1
1238670 2963.9
1238680 2968.1
1238690 2968.1
1238700 2968.3
1238710 2951.2
1238720 2951.2
1238730 2947.3
1238740 2939.6
1238750 2939.6
1238760 2936.0
1238770 2943.9
1238780 2943.9
1238790 2950.6
1238800 2950.2
1238810 2950.2
1238820 2950.4
1238830 2949.4
1238840 2949.4
1238850 2946.6
1238860 2950.1
1238870 2949.8
1238880 2949.8
1238890 2947.9
1238900 2951.9
1238910 2951.9
1238920 2963.0
1238930 2972.5
1238940 2972.5
1238950 2981.3
1238960 2980.5
1238970 2980.5
1238980 2977.6
1238990 2971.2
1239000 2971.2
1239010 2973.8
1239020 2979.0
1239030 2979.0
1239040 2987.9
1239050 2992.0
1239060 2992.0
1239070 2985.2
1239080 2975.3
1239090 2962.8
1239100 2962.8
1239110 2937.7
1239120 2906.8
1239130 2906.8
1239140 2895.0
1239150 2885.4
1239160 2885.4
1239170 2873.1
1239180 2865.2
1239190 2865.2
1239200 2860.6
1239210 2856.6
1239220 2856.6
1239230 2859.0
1239240 2856.7
1239250 2856.7
1239260 2855.0
1239270 2853.9
1239280 2853.9
1239290 2853.3
1239300 2851.7
1239310 2848.1
1239320 2848.1
1239330 2843.7
1239340 2840.5
1239350 2840.5
1239360 2837.3
1239370 2834.2
1239380 2834.2
1239390 2831.4
1239400 2829.8
1239410 2829.8
1239420 2828.8
1239430 2827.4
1239440 2827.4
1239450 2825.8
1239460 2824.1
1239470 2824.1
1239480 2823.0
1239490 2822.1
1239500 2822.1
1239510 2821.0
1239520 2820.1
1239530 2819.6
1239540 2819.6
1239550 2819.4
1239560 2819.3
1239570 2819.3
1239580 2818.4
1239590 2817.1
1239600 2817.1
1239610 2813.7
1239620 2809.3
1239630 2809.3
1239640 2805.3
1239650 2803.2
1239660 2803.2
1239670 2800.6
1239680 2796.4
1239690 2796.4
1239700 2792.8
1239710 2790.3
1239720 2790.3
1239730 2789.1
1239740 2788.7
1239750 2788.6
1239760 2788.6
1239770 2786.9
1239780 2781.9
1239790 2781.9
1239800 2777.1
1239810 2772.7
1239820 2772.7
1239830 2768.5
1239840 2765.4
1239850 2765.4
1239860 2763.9
1239870 2761.7
1239880 2761.7
1239890 2758.9
1239900 2756.2
1239910 2756.2
1239920 2754.2
1239930 2754.4
1239940 2754.4
1239950 2752.2
1239960 2750.2
1239970 2747.3
1239980 2747.3
1239990 2743.5
