1220000 1209.5
1220010 1209.5
1220020 1215.4
1220030 1221.9
1220040 1221.9
1220050 1227.6
1220060 1231.8
1220070 1231.8
1220080 1235.2
1220090 1238.3
1220100 1238.3
1220110 1239.2
1220120 1238.2
1220130 1238.2
1220140 1236.6
1220150 1234.5
1220160 1234.5
1220170 1236.7
1220180 1241.3
1220190 1241.3
1220200 1249.3
1220210 1255.1
1220220 1262.9
1220230 1262.9
1220240 1271.7
1220250 1278.5
1220260 1278.5
1220270 1288.9
1220280 1298.3
1220290 1298.3
1220300 1304.2
1220310 1312.2
1220320 1312.2
1220330 1319.6
1220340 1327.9
1220350 1327.9
1220360 1335.3
1220370 1340.5
1220380 1340.5
1220390 1344.5
1220400 1347.9
1220410 1347.9
1220420 1350.7
1220430 1353.1
1220440 1350.9
1220450 1350.9
1220460 1350.5
1220470 1360.0
1220480 1360.0
1220490 1366.7
1220500 1375.1
1220510 1375.1
1220520 1389.5
1220530 1412.1
1220540 1412.1
1220550 1420.6
1220560 1422.7
1220570 1422.7
1220580 1427.9
1220590 1435.5
1220600 1435.5
1220610 1443.1
1220620 1452.1
1220630 1452.1
1220640 1460.5
1220650 1466.9
1220660 1474.3
1220670 1474.3
1220680 1481.1
1220690 1485.2
1220700 1485.2
1220710 1486.7
1220720 1488.6
1220730 1488.6
1220740 1490.2
1220750 1493.0
1220760 1493.0
1220770 1497.6
1220780 1504.1
1220790 1504.1
1220800 1514.2
1220810 1522.7
1220820 1522.7
1220830 1530.1
1220840 1536.0
1220850 1536.0
1220860 1541.7
1220870 1548.7
1220880 1554.9
1220890 1554.9
1220900 1562.8
1220910 1570.6
1220920 1570.6
1220930 1578.5
1220940 1587.7
1220950 1587.7
1220960 1595.1
1220970 1601.8
1220980 1601.8
1220990 1608.2
1221000 1614.6
1221010 1614.6
1221020 1620.9
1221030 1627.6
1221040 1627.6
1221050 1634.6
1221060 1641.8
1221070 1641.8
1221080 1649.3
1221090 1656.8
1221100 1656.8
1221110 1664.6
1221120 1678.0
1221130 1694.2
1221140 1694.2
1221150 1701.4
1221160 1705.9
1221170 1705.9
1221180 1706.0
1221190 1702.7
1221200 1702.7
1221210 1704.3
1221220 1711.6
1221230 1711.6
1221240 1720.8
1221250 1729.9
1221260 1729.9
1221270 1738.5
1221280 1747.4
1221290 1747.4
1221300 1755.9
1221310 1765.2
1221320 1765.2
1221330 1773.5
1221340 1780.3
1221350 1789.3
1221360 1789.3
1221370 1797.8
1221380 1805.8
1221390 1805.8
1221400 1812.3
1221410 1816.2
1221420 1816.2
1221430 1823.1
1221440 1826.0
1221450 1826.0
1221460 1828.2
1221470 1827.6
1221480 1827.6
1221490 1827.3
1221500 1829.8
1221510 1829.8
1221520 1831.3
1221530 1829.2
1221540 1829.2
1221550 1829.4
1221560 1833.3
1221570 1844.6
1221580 1844.6
1221590 1859.3
1221600 1862.0
1221610 1862.0
1221620 1862.2
1221630 1867.1
1221640 1867.1
1221650 1874.8
1221660 1886.0
1221670 1886.0
1221680 1891.9
1221690 1896.6
1221700 1896.6
1221710 1905.2
1221720 1916.1
1221730 1916.1
1221740 1925.4
1221750 1934.1
1221760 1934.1
1221770 1944.3
1221780 1955.6
1221790 1965.3
1221800 1965.3
1221810 1967.3
1221820 1965.2
1221830 1965.2
1221840 1963.7
1221850 1965.7
1221860 1965.7
1221870 1974.0
1221880 1985.5
1221890 1985.5
1221900 1997.6
1221910 2013.0
1221920 2013.0
1221930 2024.3
1221940 2032.9
1221950 2032.9
1221960 2041.4
1221970 2048.8
1221980 2048.8
1221990 2057.7
1222000 2063.9
1222010 2065.5
1222020 2065.5
1222030 2066.9
1222040 2074.4
1222050 2074.4
1222060 2083.0
1222070 2088.4
1222080 2088.4
1222090 2096.2
1222100 2107.0
1222110 2107.0
1222120 2117.4
1222130 2125.1
1222140 2125.1
1222150 2132.8
1222160 2143.7
1222170 2143.7
1222180 2153.6
1222190 2162.4
1222200 2162.4
1222210 2169.8
1222220 2175.4
1222230 2178.0
1222240 2178.0
1222250 2178.9
1222260 2180.5
1222270 2180.5
1222280 2179.8
1222290 2175.8
1222300 2175.8
1222310 2170.4
1222320 2167.8
1222330 2167.8
1222340 2167.3
1222350 2165.2
1222360 2165.2
1222370 2165.0
1222380 2170.5
1222390 2175.7
1222400 2183.5
1222410 2192.5
1222420 2192.5
1222430 2199.5
1222440 2207.5
1222450 2207.5
1222460 2216.6
1222470 2223.8
1222480 2231.2
1222490 2231.2
1222500 2239.7
1222510 2247.2
1222520 2247.2
1222530 2254.4
1222540 2261.4
1222550 2261.4
1222560 2268.5
1222570 2276.0
1222580 2276.0
1222590 2283.8
1222600 2291.5
1222610 2291.5
1222620 2299.7
1222630 2306.4
1222640 2306.4
1222650 2311.5
1222660 2317.5
1222670 2317.5
1222680 2322.6
1222690 2328.6
1222700 2333.6
1222710 2333.6
1222720 2338.0
1222730 2342.9
1222740 2342.9
1222750 2345.9
1222760 2346.6
1222770 2346.6
1222780 2346.6
1222790 2343.9
1222800 2343.9
1222810 2341.9
1222820 2347.1
1222830 2347.1
1222840 2356.4
1222850 2363.0
1222860 2363.0
1222870 2371.4
1222880 2382.0
1222890 2382.0
1222900 2389.5
1222910 2396.8
1222920 2403.7
1222930 2403.7
1222940 2410.9
1222950 2416.5
1222960 2416.5
1222970 2418.9
1222980 2418.7
1222990 2418.7
1223000 2427.0
1223010 2437.0
1223020 2437.0
1223030 2446.4
1223040 2457.2
1223050 2457.2
1223060 2470.2
1223070 2479.8
1223080 2479.8
1223090 2487.9
1223100 2496.2
1223110 2496.2
1223120 2504.8
1223130 2512.6
1223140 2521.0
1223150 2521.0
1223160 2530.2
1223170 2538.8
1223180 2538.8
1223190 2546.0
1223200 2552.0
1223210 2552.0
1223220 2558.4
1223230 2565.9
1223240 2565.9
1223250 2574.7
1223260 2582.4
1223270 2582.4
1223280 2590.6
1223290 2600.8
1223300 2600.8
1223310 2610.6
1223320 2622.7
1223330 2622.7
1223340 2635.7
1223350 2649.7
1223360 2664.5
1223370 2664.5
1223380 2676.8
1223390 2685.7
1223400 2685.7
1223410 2694.2
1223420 2709.3
1223430 2709.3
1223440 2728.9
1223450 2745.9
1223460 2745.9
1223470 2764.1
1223480 2773.7
1223490 2773.7
1223500 2783.7
1223510 2796.3
1223520 2796.3
1223530 2801.8
1223540 2801.6
1223550 2801.6
1223560 2800.0
1223570 2803.7
1223580 2815.0
1223590 2815.0
1223600 2821.5
1223610 2824.2
1223620 2824.2
1223630 2832.0
1223640 2841.0
1223650 2841.0
1223660 2848.1
1223670 2859.6
1223680 2859.6
1223690 2867.8
1223700 2876.0
1223710 2876.0
1223720 2885.9
1223730 2893.9
1223740 2893.9
1223750 2899.7
1223760 2903.7
1223770 2903.7
1223780 2902.0
1223790 2897.1
1223800 2897.1
1223810 2899.9
1223820 2911.8
1223830 2925.1
1223840 2925.1
1223850 2930.2
1223860 2940.7
1223870 2940.7
1223880 2954.3
1223890 2949.5
1223900 2949.5
1223910 2933.8
1223920 2921.5
1223930 2921.5
1223940 2910.5
1223950 2895.3
1223960 2895.3
1223970 2882.7
1223980 2868.3
1223990 2868.3
1224000 2854.1
1224010 2843.0
1224020 2843.0
1224030 2834.8
1224040 2831.0
1224050 2827.5
1224060 2827.5
1224070 2819.7
1224080 2810.2
1224090 2810.2
1224100 2803.3
1224110 2797.6
1224120 2797.6
1224130 2792.3
1224140 2787.0
1224150 2787.0
1224160 2781.9
1224170 2776.5
1224180 2776.5
1224190 2772.7
1224200 2769.5
1224210 2769.5
1224220 2765.4
1224230 2761.6
1224240 2761.6
1224250 2758.2
1224260 2754.4
1224270 2749.8
1224280 2749.8
1224290 2745.9
1224300 2744.1
1224310 2744.1
1224320 2744.1
1224330 2748.8
1224340 2748.8
1224350 2742.7
1224360 2737.8
1224370 2737.8
1224380 2734.1
1224390 2731.1
1224400 2731.1
1224410 2728.6
1224420 2726.4
1224430 2726.4
1224440 2725.0
1224450 2726.4
1224460 2726.4
1224470 2728.9
1224480 2726.8
1224490 2724.3
1224500 2724.3
1224510 2723.8
1224520 2722.8
1224530 2722.8
1224540 2721.4
1224550 2719.8
1224560 2719.8
1224570 2717.3
1224580 2715.3
1224590 2715.3
1224600 2714.2
1224610 2711.8
1224620 2711.8
1224630 2707.3
1224640 2707.3
1224650 2707.3
1224660 2709.1
1224670 2712.3
1224680 2712.3
1224690 2716.5
1224700 2720.3
1224710 2722.7
1224720 2722.7
1224730 2723.8
1224740 2723.6
1224750 2723.6
1224760 2722.3
1224770 2721.2
1224780 2721.2
1224790 2719.6
1224800 2718.2
1224810 2718.2
1224820 2724.3
1224830 2724.8
1224840 2724.8
1224850 2725.9
1224860 2727.3
1224870 2727.3
1224880 2727.5
1224890 2726.8
1224900 2726.8
1224910 2725.8
1224920 2724.8
1224930 2724.5
1224940 2724.5
1224950 2724.7
1224960 2726.0
1224970 2726.0
1224980 2727.7
1224990 2729.2
1225000 2729.2
1225010 2730.1
1225020 2734.7
1225030 2734.7
1225040 2737.6
1225050 2738.4
1225060 2738.4
1225070 2740.5
1225080 2742.4
1225090 2742.4
1225100 2742.9
1225110 2743.6
1225120 2743.6
1225130 2745.5
1225140 2747.7
1225150 2747.7
1225160 2750.7
1225170 2753.2
1225180 2756.1
1225190 2756.1
1225200 2758.3
1225210 2762.3
1225220 2762.3
1225230 2768.2
1225240 2773.6
1225250 2773.6
1225260 2779.4
1225270 2785.8
1225280 2785.8
1225290 2794.2
1225300 2800.6
1225310 2807.9
1225320 2808.6
1225330 2812.0
1225340 2812.0
1225350 2818.6
1225360 2826.6
1225370 2826.6
1225380 2832.2
1225390 2835.7
1225400 2841.2
1225410 2841.2
1225420 2837.1
1225430 2830.8
1225440 2830.8
1225450 2824.8
1225460 2817.8
1225470 2817.8
1225480 2811.0
1225490 2805.1
1225500 2805.1
1225510 2800.1
1225520 2799.0
1225530 2799.0
1225540 2799.1
1225550 2799.3
1225560 2799.3
1225570 2798.4
1225580 2797.6
1225590 2797.6
1225600 2792.9
1225610 2785.2
1225620 2777.7
1225630 2777.7
1225640 2773.3
1225650 2772.6
1225660 2772.6
1225670 2777.7
1225680 2780.8
1225690 2780.8
1225700 2777.4
1225710 2778.4
1225720 2778.4
1225730 2782.9
1225740 2790.0
1225750 2790.0
1225760 2787.1
1225770 2782.7
1225780 2782.7
1225790 2777.6
1225800 2764.0
1225810 2764.0
1225820 2758.1
1225830 2755.6
1225840 2757.9
1225850 2757.9
1225860 2771.2
1225870 2783.7
1225880 2783.7
1225890 2780.0
1225900 2769.3
1225910 2769.3
1225920 2760.7
1225930 2753.3
1225940 2753.3
1225950 2746.3
1225960 2739.4
1225970 2739.4
1225980 2732.6
1225990 2727.0
1226000 2727.0
1226010 2722.2
1226020 2717.2
1226030 2717.2
1226040 2712.6
1226050 2707.4
1226060 2701.9
1226070 2701.9
1226080 2696.8
1226090 2691.0
1226100 2691.0
1226110 2684.6
1226120 2678.3
1226130 2678.3
1226140 2673.2
1226150 2668.6
1226160 2668.6
1226170 2663.0
1226180 2656.8
1226190 2656.8
1226200 2651.0
1226210 2645.9
1226220 2645.9
1226230 2641.0
1226240 2636.8
1226250 2636.8
1226260 2633.1
1226270 2629.2
1226280 2625.3
1226290 2620.8
1226300 2617.2
1226310 2614.3
1226320 2614.3
1226330 2611.4
1226340 2608.8
1226350 2608.8
1226360 2606.5
1226370 2604.4
1226380 2604.4
1226390 2604.6
1226400 2606.2
1226410 2606.2
1226420 2607.3
1226430 2607.4
1226440 2607.4
1226450 2607.2
1226460 2607.4
1226470 2607.4
1226480 2607.3
1226490 2607.7
1226500 2607.7
1226510 2608.3
1226520 2609.3
1226530 2609.9
1226540 2609.9
1226550 2610.5
1226560 2611.0
1226570 2611.0
1226580 2611.3
1226590 2611.7
1226600 2611.7
1226610 2612.3
1226620 2613.5
1226630 2613.5
1226640 2614.1
1226650 2614.2
1226660 2614.2
1226670 2614.1
1226680 2614.2
1226690 2614.2
1226700 2614.0
1226710 2613.7
1226720 2613.7
1226730 2613.5
1226740 2613.3
1226750 2613.1
1226760 2613.1
1226770 2615.0
1226780 2615.2
1226790 2615.2
1226800 2618.3
1226810 2621.7
1226820 2621.7
1226830 2625.2
1226840 2629.0
1226850 2629.0
1226860 2632.6
1226870 2636.2
1226880 2636.2
1226890 2639.4
1226900 2642.5
1226910 2642.5
1226920 2646.0
1226930 2650.3
1226940 2650.3
1226950 2655.4
1226960 2660.5
1226970 2665.0
1226980 2665.0
1226990 2671.5
1227000 2685.5
1227010 2685.5
1227020 2693.5
1227030 2699.3
1227040 2699.3
1227050 2704.1
1227060 2708.4
1227070 2708.4
1227080 2712.2
1227090 2716.4
1227100 2716.4
1227110 2721.8
1227120 2727.3
1227130 2727.3
1227140 2732.5
1227150 2737.4
1227160 2737.4
1227170 2742.7
1227180 2751.0
1227190 2761.7
1227200 2761.7
1227210 2775.1
1227220 2789.4
1227230 2789.4
1227240 2802.5
1227250 2810.0
1227260 2810.0
1227270 2818.0
1227280 2828.6
1227290 2828.6
1227300 2839.3
1227310 2851.5
1227320 2851.5
1227330 2863.5
1227340 2872.4
1227350 2872.4
1227360 2880.7
1227370 2887.8
1227380 2887.8
1227390 2892.9
1227400 2901.9
1227410 2911.5
1227420 2911.5
1227430 2920.5
1227440 2930.3
1227450 2930.3
1227460 2938.8
1227470 2945.7
1227480 2945.7
1227490 2955.7
1227500 2964.3
1227510 2964.3
1227520 2976.3
1227530 2985.1
1227540 2985.1
1227550 2989.5
1227560 2997.3
1227570 2997.3
1227580 3007.3
1227590 3016.4
1227600 3016.4
1227610 3020.6
1227620 3023.4
1227630 3023.3
1227640 3023.3
1227650 3023.3
1227660 3020.9
1227670 3020.9
1227680 3013.8
1227690 3003.3
1227700 3003.3
1227710 2989.3
1227720 2974.6
1227730 2974.6
1227740 2954.7
1227750 2933.8
1227760 2933.8
1227770 2920.5
1227780 2910.7
1227790 2910.7
1227800 2904.1
1227810 2895.8
1227820 2895.8
1227830 2886.7
1227840 2877.2
1227850 2877.2
1227860 2866.3
1227870 2857.5
1227880 2850.4
1227890 2850.4
1227900 2843.4
1227910 2835.1
1227920 2835.1
1227930 2827.6
1227940 2821.5
1227950 2821.5
1227960 2815.8
1227970 2810.0
1227980 2810.0
1227990 2804.4
1228000 2798.8
1228010 2798.8
1228020 2793.4
1228030 2788.4
1228040 2788.4
1228050 2783.9
1228060 2779.3
1228070 2779.3
1228080 2774.4
1228090 2769.9
1228100 2766.2
1228110 2766.2
1228120 2763.0
1228130 2759.5
1228140 2759.5
1228150 2755.4
1228160 2750.8
1228170 2750.8
1228180 2746.0
1228190 2741.2
1228200 2741.2
1228210 2736.0
1228220 2730.6
1228230 2730.6
1228240 2725.2
1228250 2719.7
1228260 2719.9
1228270 2714.8
1228280 2709.7
1228290 2709.7
1228300 2704.4
1228310 2699.3
1228320 2694.5
1228330 2694.5
1228340 2689.6
1228350 2684.5
1228360 2684.5
1228370 2678.6
1228380 2671.7
1228390 2671.7
1228400 2665.1
1228410 2658.7
1228420 2658.7
1228430 2652.6
1228440 2646.6
1228450 2646.6
1228460 2640.1
1228470 2633.2
1228480 2633.2
1228490 2626.5
1228500 2620.4
1228510 2620.4
1228520 2615.5
1228530 2611.7
1228540 2607.8
1228550 2607.8
1228560 2603.6
1228570 2600.2
1228580 2600.2
1228590 2598.2
1228600 2596.4
1228610 2596.4
1228620 2594.8
1228630 2593.4
1228640 2593.4
1228650 2593.3
1228660 2592.6
1228670 2592.6
1228680 2589.4
1228690 2586.4
1228700 2586.4
1228710 2586.7
1228720 2585.5
1228730 2585.5
1228740 2588.9
1228750 2589.4
1228760 2588.8
1228770 2588.8
1228780 2586.4
1228790 2585.4
1228800 2585.4
1228810 2581.0
1228820 2581.0
1228830 2581.0
1228840 2582.4
1228850 2582.3
1228860 2582.3
1228870 2579.6
1228880 2575.1
1228890 2575.1
1228900 2575.6
1228910 2576.0
1228920 2576.0
1228930 2577.3
1228940 2576.4
1228950 2576.4
1228960 2577.2
1228970 2575.1
1228980 2568.0
1228990 2568.0
1229000 2562.7
1229010 2561.2
1229020 2561.2
1229030 2560.1
1229040 2559.1
1229050 2559.1
1229060 2557.9
1229070 2555.4
1229080 2555.4
1229090 2553.9
1229100 2551.8
1229110 2551.8
1229120 2550.3
1229130 2551.3
1229140 2551.3
1229150 2553.9
1229160 2555.0
1229170 2555.0
1229180 2554.8
1229190 2553.7
1229200 2553.7
1229210 2551.7
1229220 2550.5
1229230 2550.5
1229240 2550.5
1229250 2551.1
1229260 2549.0
1229270 2549.0
1229280 2546.2
1229290 2542.6
1229300 2542.6
1229310 2538.5
1229320 2534.9
1229330 2534.9
1229340 2531.3
1229350 2529.1
1229360 2529.1
1229370 2527.2
1229380 2527.0
1229390 2527.0
1229400 2527.1
1229410 2526.0
1229420 2526.0
1229430 2523.9
1229440 2521.3
1229450 2517.2
1229460 2517.2
1229470 2514.2
1229480 2515.6
1229490 2515.6
1229500 2517.7
1229510 2519.6
1229520 2519.6
1229530 2519.6
1229540 2516.7
1229550 2516.7
1229560 2515.2
1229570 2514.5
1229580 2514.5
1229590 2513.6
1229600 2512.4
1229610 2512.4
1229620 2512.3
1229630 2512.0
1229640 2512.0
1229650 2510.8
1229660 2510.9
1229670 2510.1
1229680 2510.1
1229690 2509.4
1229700 2509.1
1229710 2509.1
1229720 2508.9
1229730 2508.3
1229740 2508.3
1229750 2507.0
1229760 2506.8
1229770 2506.8
1229780 2506.9
1229790 2506.2
1229800 2506.2
1229810 2504.4
1229820 2502.0
1229830 2502.0
1229840 2498.9
1229850 2494.8
1229860 2494.8
1229870 2490.0
1229880 2485.0
1229890 2480.7
1229900 2480.7
1229910 2477.9
1229920 2475.6
1229930 2475.6
1229940 2474.5
1229950 2473.0
1229960 2473.0
1229970 2471.2
1229980 2469.8
1229990 2469.8
1230000 2468.7
1230010 2467.6
1230020 2467.6
1230030 2466.9
1230040 2465.5
1230050 2465.5
1230060 2463.4
1230070 2461.3
1230080 2461.3
1230090 2459.3
1230100 2457.6
1230110 2456.0
1230120 2456.0
1230130 2455.5
1230140 2455.3
1230150 2455.3
1230160 2456.2
1230170 2455.7
1230180 2455.7
1230190 2451.6
1230200 2449.9
1230210 2449.9
1230220 2449.3
1230230 2447.2
1230240 2447.2
1230250 2442.8
1230260 2442.4
1230270 2442.4
1230280 2444.7
1230290 2444.5
1230300 2444.5
1230310 2444.3
1230320 2442.4
1230330 2440.0
1230340 2440.0
1230350 2439.9
1230360 2441.7
1230370 2441.7
1230380 2440.3
1230390 2438.3
1230400 2438.3
1230410 2438.0
1230420 2438.4
1230430 2438.4
1230440 2440.3
1230450 2442.6
1230460 2442.6
1230470 2443.3
1230480 2444.9
1230490 2444.9
1230500 2446.6
1230510 2446.2
1230520 2446.2
1230530 2443.0
1230540 2440.5
1230550 2441.6
1230560 2441.6
1230570 2443.3
1230580 2444.6
1230590 2444.6
1230600 2445.0
1230610 2447.8
1230620 2447.8
1230630 2447.1
1230640 2446.8
1230650 2446.8
1230660 2450.1
1230670 2455.0
1230680 2455.0
1230690 2459.5
1230700 2462.3
1230710 2462.3
1230720 2463.3
1230730 2465.4
1230740 2465.4
1230750 2466.6
1230760 2471.1
1230770 2471.1
1230780 2476.0
1230790 2481.1
1230800 2486.2
1230810 2486.2
1230820 2491.1
1230830 2495.4
1230840 2495.4
1230850 2499.4
1230860 2503.3
1230870 2503.3
1230880 2507.1
1230890 2511.9
1230900 2511.9
1230910 2517.3
1230920 2523.1
1230930 2523.1
1230940 2530.4
1230950 2540.1
1230960 2540.1
1230970 2548.5
1230980 2560.0
1230990 2560.0
1231000 2579.2
1231010 2598.7
1231020 2612.1
1231030 2612.1
1231040 2632.5
1231050 2650.5
1231060 2650.5
1231070 2663.2
1231080 2677.2
1231090 2677.2
1231100 2691.9
1231110 2711.0
1231120 2711.0
1231130 2726.6
1231140 2737.1
1231150 2737.1
1231160 2740.1
1231170 2751.2
1231180 2751.2
1231190 2760.9
1231200 2764.3
1231210 2764.3
1231220 2772.7
1231230 2787.7
1231240 2796.2
1231250 2788.7
1231260 2797.8
1231270 2807.0
1231280 2807.0
1231290 2812.5
1231300 2818.0
1231310 2818.0
1231320 2821.9
1231330 2824.2
1231340 2824.2
1231350 2828.4
1231360 2831.2
1231370 2831.2
1231380 2834.1
1231390 2842.5
1231400 2842.5
1231410 2851.2
1231420 2862.3
1231430 2862.3
1231440 2876.1
1231450 2885.5
1231460 2895.5
1231470 2895.5
1231480 2907.3
1231490 2916.6
1231500 2916.6
1231510 2909.9
1231520 2897.3
1231530 2897.3
1231540 2885.4
1231550 2877.9
1231560 2877.9
1231570 2871.7
1231580 2863.8
1231590 2863.8
1231600 2856.2
1231610 2843.7
1231620 2843.7
1231630 2834.0
1231640 2823.9
1231650 2823.9
1231660 2809.5
1231670 2795.9
1231680 2788.8
1231690 2788.8
1231700 2777.7
1231710 2768.3
1231720 2768.3
1231730 2768.4
1231740 2764.6
1231750 2755.3
1231760 2755.6
1231770 2754.6
1231780 2754.6
1231790 2752.6
1231800 2749.5
1231810 2749.5
1231820 2745.5
1231830 2740.4
1231840 2740.4
1231850 2734.8
1231860 2728.7
1231870 2728.7
1231880 2722.5
1231890 2717.4
1231900 2715.0
1231910 2715.0
1231920 2714.9
1231930 2717.6
1231940 2717.6
1231950 2722.5
1231960 2725.4
1231970 2725.4
1231980 2727.8
1231990 2730.0
1232000 2730.0
1232010 2731.7
1232020 2733.0
1232030 2733.0
1232040 2733.2
1232050 2732.5
1232060 2732.5
1232070 2732.1
1232080 2731.5
1232090 2731.5
1232100 2730.5
1232110 2730.1
1232120 2730.1
1232130 2731.7
1232140 2734.6
1232150 2738.4
1232160 2738.4
1232170 2742.9
1232180 2748.1
1232190 2748.1
1232200 2753.6
1232210 2759.3
1232220 2759.3
1232230 2765.9
1232240 2773.2
1232250 2773.2
1232260 2780.7
1232270 2788.3
1232280 2788.3
1232290 2796.2
1232300 2804.5
1232310 2804.5
1232320 2813.3
1232330 2820.8
1232340 2820.8
1232350 2831.0
1232360 2847.1
1232370 2862.8
1232380 2862.8
1232390 2878.8
1232400 2888.5
1232410 2888.5
1232420 2900.3
1232430 2928.0
1232440 2928.0
1232450 2943.7
1232460 2957.3
1232470 2957.3
1232480 2974.6
1232490 2993.2
1232500 2993.2
1232510 3003.9
1232520 3010.4
1232530 3010.4
1232540 3016.0
1232550 3021.3
1232560 3021.3
1232570 3024.2
1232580 3025.5
1232590 3026.5
1232600 3026.5
1232610 3028.2
1232620 3039.7
1232630 3039.7
1232640 3054.8
1232650 3067.0
1232660 3067.0
1232670 3078.9
1232680 3095.9
1232690 3095.9
1232700 3110.3
1232710 3122.3
1232720 3122.3
1232730 3141.1
1232740 3153.1
1232750 3149.6
1232760 3161.9
1232770 3175.4
1232780 3175.4
1232790 3188.8
1232800 3193.6
1232810 3199.3
1232820 3199.3
1232830 3213.8
1232840 3224.7
1232850 3224.7
1232860 3221.0
1232870 3212.2
1232880 3212.2
1232890 3203.6
1232900 3195.2
1232910 3195.2
1232920 3187.8
1232930 3180.4
1232940 3180.4
1232950 3173.4
1232960 3168.4
1232970 3168.4
1232980 3163.8
1232990 3159.4
1233000 3159.4
1233010 3156.1
1233020 3153.4
1233030 3151.0
1233040 3151.0
1233050 3149.0
1233060 3147.4
1233070 3147.4
1233080 3146.5
1233090 3146.3
1233100 3146.3
1233110 3147.7
1233120 3150.8
1233130 3150.8
1233140 3153.7
1233150 3151.2
1233160 3151.2
1233170 3139.4
1233180 3127.6
1233190 3127.6
1233200 3119.0
1233210 3109.3
1233220 3109.3
1233230 3101.2
1233240 3093.5
1233250 3086.2
1233260 3092.6
1233270 3086.0
1233280 3079.5
1233290 3079.5
1233300 3070.5
1233310 3060.2
1233320 3060.2
1233330 3053.3
1233340 3047.5
1233350 3047.5
1233360 3039.8
1233370 3031.0
1233380 3031.0
1233390 3017.3
1233400 3003.8
1233410 3003.8
1233420 2990.9
1233430 2980.4
1233440 2980.4
1233450 2975.1
1233460 2969.4
1233470 2969.4
1233480 2962.5
1233490 2956.8
1233500 2945.1
1233510 2945.1
1233520 2937.2
1233530 2925.6
1233540 2925.6
1233550 2904.8
1233560 2886.8
1233570 2886.8
1233580 2868.9
1233590 2856.5
1233600 2856.5
1233610 2848.2
1233620 2840.2
1233630 2840.2
1233640 2831.5
1233650 2821.2
1233660 2821.2
1233670 2808.3
1233680 2799.3
1233690 2799.3
1233700 2791.5
1233710 2784.0
1233720 2776.5
1233730 2776.5
1233740 2768.9
1233750 2760.9
1233760 2762.5
1233770 2752.2
1233780 2744.4
1233790 2744.4
1233800 2737.6
1233810 2730.9
1233820 2730.9
1233830 2724.4
1233840 2718.1
1233850 2718.1
1233860 2711.9
1233870 2706.0
1233880 2706.0
1233890 2700.2
1233900 2694.2
1233910 2694.2
1233920 2688.3
1233930 2682.5
1233940 2676.1
1233950 2676.1
1233960 2669.6
1233970 2664.2
1233980 2664.2
1233990 2659.8
1234000 2656.1
1234010 2656.1
1234020 2653.0
1234030 2650.7
1234040 2650.7
1234050 2649.4
1234060 2648.0
1234070 2648.0
1234080 2647.0
1234090 2645.5
1234100 2645.5
1234110 2641.9
1234120 2636.0
1234130 2636.0
1234140 2631.8
1234150 2627.8
1234160 2622.4
1234170 2622.4
1234180 2619.8
1234190 2618.3
1234200 2618.3
1234210 2617.1
1234220 2616.7
1234230 2616.7
1234240 2617.5
1234250 2620.6
1234260 2620.6
1234270 2628.2
1234280 2632.5
1234290 2632.5
1234300 2636.1
1234310 2640.9
1234320 2640.9
1234330 2647.4
1234340 2662.9
1234350 2662.9
1234360 2676.8
1234370 2683.0
1234380 2688.7
1234390 2688.7
1234400 2691.4
1234410 2683.8
1234420 2683.8
1234430 2675.5
1234440 2668.0
1234450 2668.0
1234460 2660.3
1234470 2651.9
1234480 2651.9
1234490 2640.8
1234500 2626.9
1234510 2626.9
1234520 2612.8
1234530 2604.0
1234540 2604.0
1234550 2598.6
1234560 2589.5
1234570 2589.5
1234580 2582.8
1234590 2571.6
1234600 2560.8
1234610 2560.8
1234620 2551.4
1234630 2542.4
1234640 2542.4
1234650 2534.1
1234660 2525.7
1234670 2525.7
1234680 2516.7
1234690 2507.0
1234700 2507.0
1234710 2498.7
1234720 2491.4
1234730 2491.4
1234740 2484.4
1234750 2477.2
1234760 2477.2
1234770 2470.2
1234780 2461.5
1234790 2461.5
1234800 2454.6
1234810 2448.9
1234820 2442.8
1234830 2442.8
1234840 2436.7
1234850 2430.6
1234860 2430.6
1234870 2424.6
1234880 2418.7
1234890 2418.7
1234900 2413.0
1234910 2407.4
1234920 2407.4
1234930 2402.1
1234940 2397.0
1234950 2397.0
1234960 2392.2
1234970 2388.6
1234980 2388.6
1234990 2384.7
1235000 2379.2
1235010 2379.2
1235020 2373.6
1235030 2367.5
1235040 2367.5
1235050 2360.7
1235060 2353.0
1235070 2346.2
1235080 2346.2
1235090 2340.7
1235100 2335.3
1235110 2335.3
1235120 2329.5
1235130 2324.4
1235140 2324.4
1235150 2320.9
1235160 2320.4
1235170 2320.4
1235180 2319.0
1235190 2317.4
1235200 2317.4
1235210 2316.8
1235220 2315.8
1235230 2315.8
1235240 2314.5
1235250 2313.2
1235260 2313.2
1235270 2312.2
1235280 2312.8
1235290 2310.0
1235300 2310.0
1235310 2308.2
1235320 2307.0
1235330 2307.0
1235340 2306.8
1235350 2306.0
1235360 2306.0
1235370 2305.3
1235380 2305.0
1235390 2305.0
1235400 2305.2
1235410 2305.0
1235420 2305.0
1235430 2303.0
1235440 2299.4
1235450 2299.4
1235460 2295.8
1235470 2293.5
1235480 2293.5
1235490 2292.8
1235500 2293.5
1235510 2295.6
1235520 2295.6
1235530 2299.2
1235540 2304.0
1235550 2304.0
1235560 2309.0
1235570 2313.6
1235580 2313.6
1235590 2318.2
1235600 2322.8
1235610 2322.8
1235620 2327.3
1235630 2331.7
1235640 2331.7
1235650 2335.6
1235660 2338.9
1235670 2338.9
1235680 2342.2
1235690 2345.6
1235700 2345.6
1235710 2349.2
1235720 2352.9
1235730 2356.6
1235740 2356.6
1235750 2360.5
1235760 2364.4
1235770 2364.4
1235780 2368.3
1235790 2373.6
1235800 2373.6
1235810 2377.6
1235820 2381.6
1235830 2381.6
1235840 2385.6
1235850 2389.7
1235860 2389.7
1235870 2393.9
1235880 2398.1
1235890 2398.1
1235900 2402.6
1235910 2407.0
1235920 2407.0
1235930 2411.6
1235940 2416.4
1235950 2421.3
1235960 2421.3
1235970 2426.3
1235980 2431.5
1235990 2431.5
1236000 2436.7
1236010 2441.8
1236020 2441.8
1236030 2447.4
1236040 2452.8
1236050 2452.8
1236060 2457.7
1236070 2462.9
1236080 2462.9
1236090 2468.4
1236100 2474.1
1236110 2474.1
1236120 2479.7
1236130 2485.2
1236140 2485.2
1236150 2490.6
1236160 2495.8
1236170 2501.4
1236180 2501.4
1236190 2507.2
1236200 2513.7
1236210 2513.7
1236220 2521.3
1236230 2528.2
1236240 2528.2
1236250 2534.2
1236260 2539.9
1236270 2539.9
1236280 2545.6
1236290 2551.5
1236300 2555.2
1236310 2560.9
1236320 2567.1
1236330 2567.1
1236340 2576.0
1236350 2596.5
1236360 2596.5
1236370 2608.0
1236380 2614.3
1236390 2614.3
1236400 2621.1
1236410 2629.9
1236420 2647.1
1236430 2647.1
1236440 2661.5
1236450 2675.7
1236460 2675.7
1236470 2686.5
1236480 2695.4
1236490 2695.4
1236500 2702.6
1236510 2710.3
1236520 2710.3
1236530 2717.9
1236540 2725.2
1236550 2725.2
1236560 2734.0
1236570 2749.5
1236580 2749.5
1236590 2766.3
1236600 2778.7
1236610 2778.7
1236620 2794.8
1236630 2806.4
1236640 2816.8
1236650 2816.8
1236660 2835.1
1236670 2869.4
1236680 2869.4
1236690 2878.7
1236700 2886.8
1236710 2886.8
1236720 2897.4
1236730 2907.1
1236740 2907.1
1236750 2915.0
1236760 2931.4
1236770 2931.4
1236780 2946.6
1236790 2947.4
1236800 2947.4
1236810 2952.5
1236820 2945.1
1236830 2945.1
1236840 2952.7
1236850 2962.6
1236860 2973.6
1236870 2973.6
1236880 2976.2
1236890 2974.9
1236900 2974.9
1236910 2980.3
1236920 2987.7
1236930 2987.7
1236940 2996.0
1236950 3005.6
1236960 3005.6
1236970 3015.4
1236980 3024.2
1236990 3024.2
1237000 3033.0
1237010 3045.5
1237020 3045.5
1237030 3059.1
1237040 3073.0
1237050 3073.0
1237060 3086.2
1237070 3100.9
1237080 3111.7
1237090 3111.7
1237100 3121.2
1237110 3128.2
1237120 3128.2
1237130 3133.2
1237140 3138.1
1237150 3138.1
1237160 3142.6
1237170 3148.2
1237180 3148.2
1237190 3154.3
1237200 3164.2
1237210 3164.2
1237220 3180.7
1237230 3196.4
1237240 3196.4
1237250 3199.4
1237260 3192.3
1237270 3192.3
1237280 3185.2
1237290 3179.9
1237300 3175.8
1237310 3175.8
1237320 3172.4
1237330 3166.1
1237340 3166.1
1237350 3163.1
1237360 3160.1
1237370 3160.1
1237380 3156.3
1237390 3152.5
1237400 3152.5
1237410 3148.9
1237420 3145.3
1237430 3145.3
1237440 3141.7
1237450 3138.1
1237460 3138.1
1237470 3134.7
1237480 3131.5
1237490 3131.5
1237500 3128.6
1237510 3125.3
1237520 3122.1
1237530 3122.1
1237540 3119.2
1237550 3116.4
1237560 3116.4
1237570 3113.3
1237580 3110.0
1237590 3110.0
1237600 3106.3
1237610 3102.2
1237620 3102.2
1237630 3097.8
1237640 3093.7
1237650 3093.7
1237660 3089.5
1237670 3085.4
1237680 3085.4
1237690 3081.6
1237700 3078.2
1237710 3078.2
1237720 3075.1
1237730 3073.0
1237740 3070.9
1237750 3070.9
1237760 3068.4
1237770 3065.8
1237780 3065.8
1237790 3063.2
1237800 3061.1
1237810 3061.1
1237820 3059.2
1237830 3056.3
1237840 3048.7
1237850 3045.9
1237860 3043.3
1237870 3043.3
1237880 3041.4
1237890 3038.5
1237900 3038.5
1237910 3036.7
1237920 3035.0
1237930 3035.0
1237940 3031.5
1237950 3028.2
1237960 3028.2
1237970 3024.5
1237980 3020.1
1237990 3015.2
1238000 3015.2
1238010 3012.1
1238020 3009.5
1238030 3009.5
1238040 3006.6
1238050 3004.2
1238060 3004.2
1238070 3002.1
1238080 3000.2
1238090 3000.2
1238100 2996.1
1238110 2990.0
1238120 2990.0
1238130 2984.2
1238140 2977.4
1238150 2977.4
1238160 2966.8
1238170 2954.9
1238180 2954.9
1238190 2935.0
1238200 2911.2
1238210 2898.9
1238220 2898.9
1238230 2886.9
1238240 2876.0
1238250 2876.0
1238260 2864.8
1238270 2854.6
1238280 2854.6
1238290 2846.7
1238300 2839.6
1238310 2839.6
1238320 2831.5
1238330 2821.7
1238340 2821.7
1238350 2807.4
1238360 2788.2
1238370 2788.2
1238380 2773.4
1238390 2761.3
1238400 2761.3
1238410 2752.8
1238420 2747.2
1238430 2742.5
1238440 2742.5
1238450 2737.0
1238460 2732.6
1238470 2732.6
1238480 2729.8
1238490 2727.6
1238500 2727.6
1238510 2724.5
1238520 2719.8
1238530 2719.8
1238540 2714.2
1238550 2709.0
1238560 2709.0
1238570 2707.0
1238580 2707.2
1238590 2707.2
1238600 2708.6
1238610 2700.2
1238620 2700.2
1238630 2695.9
1238640 2695.0
1238650 2696.1
1238660 2696.1
1238670 2694.4
1238680 2690.2
1238690 2690.2
1238700 2685.5
1238710 2680.3
1238720 2680.3
1238730 2674.5
1238740 2666.3
1238750 2666.3
1238760 2656.8
1238770 2648.4
1238780 2648.4
1238790 2643.2
1238800 2641.3
1238810 2641.3
1238820 2643.1
1238830 2643.8
1238840 2643.8
1238850 2648.7
1238860 2657.9
1238870 2676.6
1238880 2676.6
1238890 2675.5
1238900 2665.9
1238910 2665.9
1238920 2654.8
1238930 2640.6
1238940 2640.6
1238950 2624.6
1238960 2611.6
1238970 2611.6
1238980 2599.4
1238990 2588.7
1239000 2588.7
1239010 2572.4
1239020 2552.1
1239030 2552.1
1239040 2533.6
1239050 2515.1
1239060 2515.1
1239070 2505.5
1239080 2499.6
1239090 2495.5
1239100 2495.5
1239110 2492.9
1239120 2492.7
1239130 2492.7
1239140 2492.6
1239150 2494.6
1239160 2494.6
1239170 2495.7
1239180 2495.9
1239190 2495.9
1239200 2497.4
1239210 2499.8
1239220 2499.8
1239230 2500.7
1239240 2502.3
1239250 2502.3
1239260 2503.6
1239270 2502.9
1239280 2502.9
1239290 2501.9
1239300 2499.7
1239310 2497.8
1239320 2497.8
1239330 2497.3
1239340 2495.5
1239350 2495.5
1239360 2496.1
1239370 2496.9
1239380 2496.9
1239390 2502.3
1239400 2501.5
1239410 2501.5
1239420 2499.9
1239430 2498.8
1239440 2498.8
1239450 2499.3
1239460 2498.2
1239470 2498.2
1239480 2496.7
1239490 2492.9
1239500 2492.9
1239510 2489.6
1239520 2489.6
1239530 2489.6
1239540 2487.7
1239550 2485.4
1239560 2485.3
1239570 2485.3
1239580 2485.2
1239590 2483.1
1239600 2483.1
1239610 2482.0
1239620 2481.9
1239630 2481.9
1239640 2482.7
1239650 2483.0
1239660 2483.0
1239670 2484.0
1239680 2485.8
1239690 2485.8
1239700 2489.2
1239710 2492.5
1239720 2492.5
1239730 2494.0
1239740 2493.6
1239750 2493.6
1239760 2494.2
1239770 2495.5
1239780 2504.0
1239790 2504.0
1239800 2518.5
1239810 2527.8
1239820 2527.8
1239830 2534.6
1239840 2539.0
1239850 2539.0
1239860 2541.8
1239870 2543.6
1239880 2543.6
1239890 2543.8
1239900 2544.3
1239910 2550.9
1239920 2549.1
1239930 2549.9
1239940 2549.9
1239950 2553.7
1239960 2555.8
1239970 2555.8
1239980 2560.0
1239990 2564.9
