1220000 1363.4
1220010 1375.0
1220020 1375.0
1220030 1383.6
1220040 1392.3
1220050 1400.6
1220060 1400.6
1220070 1412.6
1220080 1426.3
1220090 1426.3
1220100 1461.4
1220110 1478.3
1220120 1478.3
1220130 1498.9
1220140 1519.0
1220150 1519.0
1220160 1527.9
1220170 1534.7
1220180 1534.7
1220190 1543.1
1220200 1552.4
1220210 1552.4
1220220 1562.8
1220230 1575.0
1220240 1575.0
1220250 1580.5
1220260 1595.6
1220270 1595.6
1220280 1606.1
1220290 1611.0
1220300 1615.2
1220310 1615.2
1220320 1620.3
1220330 1626.3
1220340 1626.3
1220350 1632.0
1220360 1638.3
1220370 1638.3
1220380 1644.5
1220390 1651.6
1220400 1651.6
1220410 1659.3
1220420 1665.7
1220430 1665.7
1220440 1671.8
1220450 1679.0
1220460 1679.0
1220470 1687.2
1220480 1697.0
1220490 1697.0
1220500 1712.0
1220510 1721.9
1220520 1728.6
1220530 1728.6
1220540 1733.6
1220550 1741.0
1220560 1741.0
1220570 1757.8
1220580 1770.3
1220590 1770.3
1220600 1778.4
1220610 1782.0
1220620 1782.0
1220630 1785.1
1220640 1786.9
1220650 1786.9
1220660 1787.7
1220670 1788.4
1220680 1788.4
1220690 1789.5
1220700 1789.8
1220710 1789.8
1220720 1793.5
1220730 1791.2
1220740 1791.1
1220750 1791.1
1220760 1791.3
1220770 1792.4
1220780 1792.4
1220790 1791.6
1220800 1788.8
1220810 1788.8
1220820 1787.0
1220830 1787.2
1220840 1787.2
1220850 1787.2
1220860 1787.5
1220870 1787.5
1220880 1789.0
1220890 1790.1
1220900 1790.1
1220910 1791.6
1220920 1804.6
1220930 1804.6
1220940 1836.5
1220950 1845.7
1220960 1849.4
1220970 1849.4
1220980 1856.7
1220990 1864.5
1221000 1864.5
1221010 1872.4
1221020 1882.6
1221030 1882.6
1221040 1889.3
1221050 1893.1
1221060 1893.1
1221070 1898.0
1221080 1903.0
1221090 1903.0
1221100 1906.2
1221110 1911.4
1221120 1911.4
1221130 1917.1
1221140 1922.1
1221150 1922.1
1221160 1926.9
1221170 1931.7
1221180 1931.7
1221190 1937.1
1221200 1942.7
1221210 1947.4
1221220 1947.4
1221230 1952.0
1221240 1956.9
1221250 1956.9
1221260 1962.2
1221270 1967.5
1221280 1967.5
1221290 1972.7
1221300 1978.6
1221310 1978.6
1221320 1983.9
1221330 1993.6
1221340 1993.6
1221350 2003.8
1221360 2010.7
1221370 2010.7
1221380 2015.2
1221390 2019.4
1221400 2019.4
1221410 2025.3
1221420 2033.7
1221430 2041.0
1221440 2041.0
1221450 2046.8
1221460 2052.3
1221470 2052.3
1221480 2058.2
1221490 2064.5
1221500 2064.5
1221510 2070.1
1221520 2074.6
1221530 2074.6
1221540 2078.5
1221550 2082.2
1221560 2082.2
1221570 2086.6
1221580 2091.0
1221590 2091.0
1221600 2095.3
1221610 2098.9
1221620 2098.9
1221630 2102.3
1221640 2106.3
1221650 2109.9
1221660 2109.9
1221670 2113.1
1221680 2116.7
1221690 2115.9
1221700 2119.3
1221710 2123.4
1221720 2123.4
1221730 2127.9
1221740 2132.4
1221750 2132.4
1221760 2136.7
1221770 2141.3
1221780 2141.3
1221790 2146.9
1221800 2152.7
1221810 2152.7
1221820 2158.4
1221830 2163.5
1221840 2163.5
1221850 2168.4
1221860 2173.3
1221870 2178.1
1221880 2178.1
1221890 2182.8
1221900 2187.1
1221910 2187.1
1221920 2191.5
1221930 2196.9
1221940 2196.9
1221950 2202.1
1221960 2207.3
1221970 2207.3
1221980 2212.9
1221990 2218.0
1222000 2218.0
1222010 2222.9
1222020 2228.3
1222030 2228.3
1222040 2233.7
1222050 2239.4
1222060 2239.4
1222070 2245.2
1222080 2251.0
1222090 2251.0
1222100 2257.0
1222110 2263.3
1222120 2269.4
1222130 2269.4
1222140 2275.2
1222150 2281.2
1222160 2281.2
1222170 2282.8
1222180 2288.8
1222190 2288.8
1222200 2294.7
1222210 2300.3
1222220 2300.3
1222230 2305.9
1222240 2312.1
1222250 2312.1
1222260 2318.4
1222270 2324.3
1222280 2324.3
1222290 2330.1
1222300 2335.7
1222310 2335.7
1222320 2341.3
1222330 2346.5
1222340 2350.9
1222350 2350.9
1222360 2354.9
1222370 2358.6
1222380 2358.6
1222390 2362.1
1222400 2365.9
1222410 2365.9
1222420 2370.5
1222430 2375.4
1222440 2375.4
1222450 2380.5
1222460 2385.3
1222470 2385.3
1222480 2390.4
1222490 2396.7
1222500 2396.7
1222510 2403.2
1222520 2409.6
1222530 2409.6
1222540 2416.1
1222550 2421.6
1222560 2427.1
1222570 2427.1
1222580 2432.8
1222590 2437.7
1222600 2437.7
1222610 2441.8
1222620 2446.0
1222630 2446.0
1222640 2451.0
1222650 2455.6
1222660 2453.5
1222670 2457.8
1222680 2462.3
1222690 2462.3
1222700 2467.4
1222710 2472.6
1222720 2472.6
1222730 2477.7
1222740 2483.6
1222750 2483.6
1222760 2489.9
1222770 2496.4
1222780 2502.7
1222790 2502.7
1222800 2509.1
1222810 2515.4
1222820 2515.4
1222830 2521.5
1222840 2527.5
1222850 2527.5
1222860 2533.8
1222870 2540.4
1222880 2540.4
1222890 2546.8
1222900 2552.5
1222910 2552.5
1222920 2558.3
1222930 2564.0
1222940 2564.0
1222950 2569.9
1222960 2575.1
1222970 2575.1
1222980 2579.9
1222990 2584.9
1223000 2590.1
1223010 2590.1
1223020 2595.6
1223030 2602.7
1223040 2602.7
1223050 2609.4
1223060 2615.5
1223070 2615.5
1223080 2620.8
1223090 2626.4
1223100 2626.4
1223110 2631.9
1223120 2636.9
1223130 2636.9
1223140 2634.9
1223150 2642.3
1223160 2642.3
1223170 2650.7
1223180 2657.8
1223190 2657.8
1223200 2663.8
1223210 2671.2
1223220 2671.2
1223230 2678.7
1223240 2686.4
1223250 2693.9
1223260 2693.9
1223270 2701.3
1223280 2708.9
1223290 2708.9
1223300 2717.3
1223310 2726.1
1223320 2726.1
1223330 2735.9
1223340 2742.4
1223350 2742.4
1223360 2735.3
1223370 2720.3
1223380 2720.3
1223390 2702.0
1223400 2695.1
1223410 2695.1
1223420 2687.5
1223430 2679.6
1223440 2679.6
1223450 2669.2
1223460 2660.6
1223470 2649.8
1223480 2649.8
1223490 2638.0
1223500 2632.3
1223510 2632.3
1223520 2630.0
1223530 2624.8
1223540 2624.8
1223550 2620.9
1223560 2617.1
1223570 2617.1
1223580 2613.1
1223590 2609.2
1223600 2609.2
1223610 2605.5
1223620 2604.9
1223630 2613.4
1223640 2613.8
1223650 2611.9
1223660 2611.9
1223670 2607.2
1223680 2603.5
1223690 2599.8
1223700 2599.8
1223710 2595.2
1223720 2590.4
1223730 2590.4
1223740 2585.9
1223750 2577.9
1223760 2577.9
1223770 2567.9
1223780 2558.3
1223790 2558.3
1223800 2545.0
1223810 2535.1
1223820 2535.1
1223830 2528.4
1223840 2519.5
1223850 2519.5
1223860 2509.4
1223870 2502.5
1223880 2502.5
1223890 2497.7
1223900 2494.3
1223910 2493.5
1223920 2493.5
1223930 2492.1
1223940 2489.8
1223950 2489.8
1223960 2486.9
1223970 2484.1
1223980 2484.1
1223990 2483.4
1224000 2483.6
1224010 2483.6
1224020 2483.3
1224030 2481.8
1224040 2481.8
1224050 2480.4
1224060 2480.7
1224070 2480.7
1224080 2485.6
1224090 2489.1
1224100 2489.1
1224110 2491.6
1224120 2493.1
1224130 2493.7
1224140 2493.7
1224150 2492.0
1224160 2489.2
1224170 2489.2
1224180 2486.9
1224190 2484.1
1224200 2484.1
1224210 2482.3
1224220 2480.6
1224230 2480.6
1224240 2480.6
1224250 2478.9
1224260 2478.9
1224270 2477.5
1224280 2473.1
1224290 2473.1
1224300 2465.5
1224310 2459.6
1224320 2459.6
1224330 2460.3
1224340 2461.9
1224350 2461.9
1224360 2463.8
1224370 2466.9
1224380 2470.9
1224390 2470.9
1224400 2476.0
1224410 2488.4
1224420 2488.4
1224430 2515.3
1224440 2535.9
1224450 2535.9
1224460 2547.3
1224470 2550.6
1224480 2550.6
1224490 2551.7
1224500 2552.4
1224510 2552.4
1224520 2550.9
1224530 2548.7
1224540 2548.7
1224550 2546.0
1224560 2543.2
1224570 2543.2
1224580 2540.0
1224590 2536.1
1224600 2532.6
1224610 2532.6
1224620 2532.7
1224630 2533.9
1224640 2533.9
1224650 2536.2
1224660 2539.4
1224670 2539.4
1224680 2543.8
1224690 2548.2
1224700 2548.2
1224710 2552.4
1224720 2556.5
1224730 2556.5
1224740 2560.5
1224750 2564.5
1224760 2564.5
1224770 2570.5
1224780 2576.5
1224790 2576.5
1224800 2587.8
1224810 2604.5
1224820 2613.1
1224830 2613.1
1224840 2617.8
1224850 2619.2
1224860 2619.2
1224870 2621.1
1224880 2635.5
1224890 2635.5
1224900 2646.5
1224910 2651.8
1224920 2651.8
1224930 2657.5
1224940 2662.1
1224950 2662.1
1224960 2665.2
1224970 2668.6
1224980 2668.6
1224990 2673.9
1225000 2678.5
1225010 2678.5
1225020 2680.5
1225030 2681.8
1225040 2682.7
1225050 2682.7
1225060 2684.8
1225070 2689.2
1225080 2689.2
1225090 2696.6
1225100 2701.4
1225110 2701.4
1225120 2707.1
1225130 2712.2
1225140 2712.2
1225150 2716.6
1225160 2723.3
1225170 2723.3
1225180 2727.1
1225190 2727.4
1225200 2727.4
1225210 2728.4
1225220 2729.6
1225230 2729.6
1225240 2729.9
1225250 2730.5
1225260 2730.5
1225270 2733.4
1225280 2737.0
1225290 2741.5
1225300 2741.5
1225310 2744.9
1225320 2748.8
1225330 2748.8
1225340 2752.8
1225350 2756.0
1225360 2756.0
1225370 2757.8
1225380 2759.6
1225390 2759.6
1225400 2762.3
1225410 2763.9
1225420 2763.9
1225430 2769.3
1225440 2776.0
1225450 2776.0
1225460 2786.2
1225470 2796.6
1225480 2796.6
1225490 2803.1
1225500 2809.1
1225510 2812.8
1225520 2812.8
1225530 2816.5
1225540 2820.1
1225550 2820.1
1225560 2825.0
1225570 2829.9
1225580 2834.8
1225590 2838.6
1225600 2842.8
1225610 2842.8
1225620 2849.4
1225630 2857.9
1225640 2857.9
1225650 2866.6
1225660 2875.6
1225670 2875.6
1225680 2883.7
1225690 2889.3
1225700 2889.3
1225710 2894.9
1225720 2899.4
1225730 2903.5
1225740 2903.5
1225750 2907.1
1225760 2909.1
1225770 2909.1
1225780 2914.1
1225790 2923.2
1225800 2923.2
1225810 2933.3
1225820 2942.6
1225830 2942.6
1225840 2948.3
1225850 2948.0
1225860 2948.0
1225870 2951.8
1225880 2958.0
1225890 2958.0
1225900 2971.8
1225910 2981.8
1225920 2981.8
1225930 2988.0
1225940 2995.1
1225950 3005.8
1225960 3005.8
1225970 3015.7
1225980 3023.3
1225990 3023.3
1226000 3025.6
1226010 3026.2
1226020 3026.2
1226030 3026.2
1226040 3028.4
1226050 3028.4
1226060 3033.2
1226070 3048.1
1226080 3048.1
1226090 3048.0
1226100 3046.8
1226110 3046.8
1226120 3046.7
1226130 3048.5
1226140 3048.5
1226150 3048.6
1226160 3047.1
1226170 3045.8
1226180 3045.8
1226190 3044.9
1226200 3045.5
1226210 3045.5
1226220 3046.6
1226230 3048.2
1226240 3048.2
1226250 3049.7
1226260 3051.5
1226270 3051.5
1226280 3054.0
1226290 3056.7
1226300 3056.7
1226310 3059.0
1226320 3061.2
1226330 3061.2
1226340 3062.5
1226350 3064.3
1226360 3064.3
1226370 3066.2
1226380 3068.0
1226390 3068.0
1226400 3069.8
1226410 3070.7
1226420 3071.9
1226430 3071.9
1226440 3072.9
1226450 3073.7
1226460 3073.7
1226470 3074.4
1226480 3075.2
1226490 3075.2
1226500 3076.0
1226510 3076.9
1226520 3076.9
1226530 3077.8
1226540 3078.8
1226550 3078.8
1226560 3082.0
1226570 3082.9
1226580 3082.9
1226590 3083.8
1226600 3084.8
1226610 3084.8
1226620 3085.7
1226630 3086.6
1226640 3086.9
1226650 3086.9
1226660 3087.8
1226670 3089.5
1226680 3089.5
1226690 3091.0
1226700 3092.5
1226710 3092.5
1226720 3094.2
1226730 3095.9
1226740 3095.9
1226750 3097.9
1226760 3100.0
1226770 3100.0
1226780 3102.3
1226790 3104.6
1226800 3104.6
1226810 3107.4
1226820 3112.3
1226830 3112.3
1226840 3117.0
1226850 3121.7
1226860 3126.5
1226870 3126.5
1226880 3132.1
1226890 3139.1
1226900 3139.1
1226910 3148.4
1226920 3157.0
1226930 3157.0
1226940 3162.5
1226950 3167.5
1226960 3167.5
1226970 3170.5
1226980 3172.0
1226990 3172.0
1227000 3171.7
1227010 3172.3
1227020 3172.3
1227030 3175.3
1227040 3177.2
1227050 3188.6
1227060 3191.1
1227070 3194.4
1227080 3193.8
1227090 3193.8
1227100 3192.4
1227110 3192.0
1227120 3192.0
1227130 3191.7
1227140 3191.3
1227150 3191.3
1227160 3190.9
1227170 3190.7
1227180 3190.7
1227190 3190.7
1227200 3190.5
1227210 3190.5
1227220 3189.9
1227230 3189.0
1227240 3189.0
1227250 3187.5
1227260 3185.4
1227270 3185.4
1227280 3183.2
1227290 3180.8
1227300 3178.3
1227310 3178.3
1227320 3175.7
1227330 3173.0
1227340 3173.0
1227350 3170.2
1227360 3167.4
1227370 3167.4
1227380 3164.4
1227390 3161.2
1227400 3161.2
1227410 3158.0
1227420 3155.0
1227430 3155.0
1227440 3152.0
1227450 3149.0
1227460 3149.0
1227470 3145.6
1227480 3143.4
1227490 3143.4
1227500 3140.1
1227510 3137.8
1227520 3137.8
1227530 3133.0
1227540 3126.5
1227550 3124.7
1227560 3124.7
1227570 3118.1
1227580 3111.3
1227590 3111.3
1227600 3104.8
1227610 3098.1
1227620 3098.1
1227630 3092.9
1227640 3087.5
1227650 3087.5
1227660 3081.4
1227670 3075.1
1227680 3075.1
1227690 3068.7
1227700 3061.7
1227710 3061.7
1227720 3054.6
1227730 3047.9
1227740 3047.9
1227750 3041.7
1227760 3035.9
1227770 3030.5
1227780 3030.5
1227790 3025.7
1227800 3021.3
1227810 3021.3
1227820 3017.5
1227830 3014.1
1227840 3014.1
1227850 3011.1
1227860 3008.4
1227870 3008.4
1227880 3005.9
1227890 3003.5
1227900 3003.5
1227910 3001.2
1227920 2998.9
1227930 2998.9
1227940 2996.6
1227950 2994.5
1227960 2994.5
1227970 2992.9
1227980 2991.7
1227990 2990.6
1228000 2990.6
1228010 2989.2
1228020 2987.2
1228030 2987.2
1228040 2989.3
1228050 2987.9
1228060 2987.9
1228070 2985.2
1228080 2980.2
1228090 2980.2
1228100 2975.1
1228110 2969.2
1228120 2969.2
1228130 2963.2
1228140 2956.6
1228150 2956.6
1228160 2944.9
1228170 2933.9
1228180 2933.9
1228190 2925.2
1228200 2919.2
1228210 2916.4
1228220 2916.4
1228230 2914.6
1228240 2910.7
1228250 2910.7
1228260 2905.6
1228270 2899.2
1228280 2899.2
1228290 2893.9
1228300 2888.5
1228310 2888.5
1228320 2883.4
1228330 2878.5
1228340 2878.5
1228350 2874.0
1228360 2872.3
1228370 2872.3
1228380 2869.5
1228390 2864.4
1228400 2864.4
1228410 2861.3
1228420 2858.1
1228430 2858.1
1228440 2854.7
1228450 2852.1
1228460 2849.8
1228470 2849.8
1228480 2844.5
1228490 2837.7
1228500 2837.7
1228510 2832.0
1228520 2827.6
1228530 2827.6
1228540 2822.5
1228550 2820.3
1228560 2820.3
1228570 2819.2
1228580 2817.4
1228590 2817.4
1228600 2815.7
1228610 2813.0
1228620 2813.0
1228630 2809.8
1228640 2805.9
1228650 2805.9
1228660 2801.3
1228670 2796.9
1228680 2793.5
1228690 2793.5
1228700 2790.2
1228710 2787.7
1228720 2787.7
1228730 2786.0
1228740 2783.4
1228750 2783.4
1228760 2779.4
1228770 2775.0
1228780 2775.0
1228790 2770.5
1228800 2768.2
1228810 2768.2
1228820 2765.2
1228830 2762.9
1228840 2762.9
1228850 2759.7
1228860 2755.9
1228870 2755.9
1228880 2752.8
1228890 2750.1
1228900 2748.5
1228910 2748.5
1228920 2748.3
1228930 2747.1
1228940 2747.1
1228950 2742.4
1228960 2739.4
1228970 2739.4
1228980 2736.3
1228990 2733.9
1229000 2733.9
1229010 2730.1
1229020 2728.7
1229030 2725.0
1229040 2723.7
1229050 2722.2
1229060 2722.2
1229070 2720.6
1229080 2720.5
1229090 2720.5
1229100 2722.0
1229110 2724.7
1229120 2725.7
1229130 2725.7
1229140 2726.8
1229150 2729.7
1229160 2729.7
1229170 2732.9
1229180 2735.2
1229190 2735.2
1229200 2737.1
1229210 2739.7
1229220 2739.7
1229230 2742.7
1229240 2745.6
1229250 2745.6
1229260 2747.2
1229270 2746.2
1229280 2746.2
1229290 2749.4
1229300 2755.4
1229310 2755.4
1229320 2760.5
1229330 2765.0
1229340 2768.1
1229350 2768.1
1229360 2770.5
1229370 2771.0
1229380 2771.0
1229390 2770.9
1229400 2772.0
1229410 2772.0
1229420 2774.2
1229430 2776.3
1229440 2776.3
1229450 2778.2
1229460 2780.0
1229470 2780.0
1229480 2781.8
1229490 2784.0
1229500 2784.0
1229510 2786.6
1229520 2788.8
1229530 2782.8
1229540 2787.1
1229550 2798.1
1229560 2798.1
1229570 2809.5
1229580 2814.5
1229590 2814.9
1229600 2814.9
1229610 2812.1
1229620 2808.0
1229630 2808.0
1229640 2803.0
1229650 2796.8
1229660 2796.8
1229670 2790.4
1229680 2783.4
1229690 2783.4
1229700 2773.6
1229710 2763.5
1229720 2763.5
1229730 2758.0
1229740 2749.0
1229750 2749.0
1229760 2741.3
1229770 2736.7
1229780 2736.7
1229790 2732.0
1229800 2728.4
1229810 2725.4
1229820 2725.4
1229830 2722.3
1229840 2718.9
1229850 2718.9
1229860 2716.3
1229870 2714.0
1229880 2714.0
1229890 2711.5
1229900 2708.5
1229910 2708.5
1229920 2704.9
1229930 2701.0
1229940 2701.0
1229950 2697.4
1229960 2694.0
1229970 2694.0
1229980 2690.2
1229990 2686.2
1230000 2686.2
1230010 2682.0
1230020 2677.4
1230030 2668.2
1230040 2668.2
1230050 2663.3
1230060 2659.6
1230070 2659.6
1230080 2658.9
1230090 2658.7
1230100 2658.7
1230110 2658.1
1230120 2657.1
1230130 2657.1
1230140 2655.7
1230150 2653.9
1230160 2653.9
1230170 2651.8
1230180 2649.4
1230190 2649.4
1230200 2646.4
1230210 2643.5
1230220 2643.5
1230230 2640.6
1230240 2637.2
1230250 2632.8
1230260 2632.8
1230270 2628.3
1230280 2624.4
1230290 2624.4
1230300 2624.1
1230310 2622.4
1230320 2622.4
1230330 2620.9
1230340 2620.2
1230350 2620.2
1230360 2619.1
1230370 2617.5
1230380 2617.5
1230390 2615.5
1230400 2613.4
1230410 2613.4
1230420 2610.9
1230430 2608.1
1230440 2608.1
1230450 2605.3
1230460 2602.0
1230470 2598.2
1230480 2598.2
1230490 2593.9
1230500 2591.9
1230510 2591.9
1230520 2590.9
1230530 2584.5
1230540 2584.5
1230550 2582.9
1230560 2581.6
1230570 2581.6
1230580 2580.3
1230590 2579.5
1230600 2579.5
1230610 2578.6
1230620 2577.2
1230630 2577.2
1230640 2579.0
1230650 2580.7
1230660 2580.7
1230670 2581.3
1230680 2581.8
1230690 2581.8
1230700 2582.7
1230710 2585.6
1230720 2591.0
1230730 2591.0
1230740 2596.9
1230750 2601.3
1230760 2601.3
1230770 2604.5
1230780 2607.8
1230790 2607.8
1230800 2610.6
1230810 2613.2
1230820 2613.2
1230830 2615.6
1230840 2618.6
1230850 2618.6
1230860 2623.2
1230870 2628.2
1230880 2628.2
1230890 2631.8
1230900 2634.4
1230910 2634.4
1230920 2634.9
1230930 2634.6
1230940 2632.2
1230950 2632.2
1230960 2629.1
1230970 2625.4
1230980 2625.4
1230990 2622.0
1231000 2618.7
1231010 2618.7
1231020 2617.1
1231030 2617.4
1231040 2617.4
1231050 2617.3
1231060 2617.4
1231070 2617.4
1231080 2617.7
1231090 2618.3
1231100 2618.3
1231110 2619.0
1231120 2620.6
1231130 2620.6
1231140 2623.0
1231150 2624.9
1231160 2626.4
1231170 2626.4
1231180 2627.8
1231190 2629.2
1231200 2629.2
1231210 2630.8
1231220 2632.4
1231230 2632.4
1231240 2634.6
1231250 2636.8
1231260 2636.8
1231270 2639.0
1231280 2641.2
1231290 2641.2
1231300 2643.6
1231310 2645.6
1231320 2645.6
1231330 2647.5
1231340 2649.4
1231350 2649.4
1231360 2651.3
1231370 2653.3
1231380 2655.6
1231390 2655.6
1231400 2658.8
1231410 2663.0
1231420 2663.0
1231430 2667.1
1231440 2670.6
1231450 2670.6
1231460 2672.8
1231470 2674.4
1231480 2674.4
1231490 2676.9
1231500 2680.4
1231510 2680.4
1231520 2685.1
1231530 2694.6
1231540 2694.6
1231550 2704.0
1231560 2717.2
1231570 2717.2
1231580 2726.5
1231590 2734.2
1231600 2737.8
1231610 2737.8
1231620 2740.8
1231630 2744.9
1231640 2744.9
1231650 2750.1
1231660 2755.6
1231670 2755.6
1231680 2764.8
1231690 2775.5
1231700 2775.5
1231710 2785.2
1231720 2788.7
1231730 2788.7
1231740 2784.4
1231750 2789.7
1231760 2789.7
1231770 2793.1
1231780 2791.6
1231790 2791.6
1231800 2788.2
1231810 2789.1
1231820 2789.1
1231830 2792.1
1231840 2795.2
1231850 2799.8
1231860 2799.8
1231870 2802.0
1231880 2805.6
1231890 2805.6
1231900 2811.4
1231910 2814.8
1231920 2814.8
1231930 2819.3
1231940 2822.0
1231950 2822.0
1231960 2824.5
1231970 2828.2
1231980 2828.2
1231990 2833.6
1232000 2841.4
1232010 2841.4
1232020 2845.8
1232030 2862.4
1232040 2862.4
1232050 2871.3
1232060 2882.3
1232070 2889.1
1232080 2889.1
1232090 2891.9
1232100 2896.2
1232110 2896.2
1232120 2900.3
1232130 2905.4
1232140 2905.4
1232150 2912.9
1232160 2925.2
1232170 2925.2
1232180 2936.4
1232190 2950.7
1232200 2950.7
1232210 2946.4
1232220 2932.0
1232230 2932.0
1232240 2916.8
1232250 2902.6
1232260 2902.6
1232270 2897.2
1232280 2886.5
1232290 2873.3
1232300 2873.3
1232310 2865.3
1232320 2860.5
1232330 2860.5
1232340 2862.0
1232350 2866.1
1232360 2866.1
1232370 2869.6
1232380 2872.1
1232390 2872.1
1232400 2865.3
1232410 2853.1
1232420 2853.1
1232430 2848.6
1232440 2841.8
1232450 2841.8
1232460 2837.0
1232470 2829.0
1232480 2829.0
1232490 2819.8
1232500 2808.8
1232510 2800.5
1232520 2800.5
1232530 2782.2
1232540 2778.0
1232550 2778.0
1232560 2774.1
1232570 2771.1
1232580 2771.1
1232590 2766.9
1232600 2761.1
1232610 2761.1
1232620 2757.3
1232630 2753.4
1232640 2753.4
1232650 2748.1
1232660 2743.9
1232670 2743.9
1232680 2739.8
1232690 2736.0
1232700 2736.0
1232710 2732.5
1232720 2729.7
1232730 2727.0
1232740 2727.0
1232750 2724.1
1232760 2721.5
1232770 2721.5
1232780 2718.0
1232790 2714.6
1232800 2714.6
1232810 2713.1
1232820 2711.4
1232830 2711.4
1232840 2709.1
1232850 2707.4
1232860 2707.4
1232870 2706.2
1232880 2704.2
1232890 2704.2
1232900 2701.6
1232910 2697.9
1232920 2697.9
1232930 2693.8
1232940 2688.5
1232950 2688.5
1232960 2681.1
1232970 2672.5
1232980 2664.9
1232990 2664.9
1233000 2655.5
1233010 2644.6
1233020 2644.6
1233030 2635.8
1233040 2629.4
1233050 2629.4
1233060 2624.0
1233070 2620.3
1233080 2620.3
1233090 2617.4
1233100 2615.0
1233110 2615.0
1233120 2612.3
1233130 2608.6
1233140 2608.6
1233150 2605.1
1233160 2602.1
1233170 2602.1
1233180 2600.3
1233190 2600.0
1233200 2600.3
1233210 2600.3
1233220 2600.7
1233230 2600.4
1233240 2600.4
1233250 2599.5
1233260 2597.5
1233270 2597.5
1233280 2595.0
1233290 2593.2
1233300 2593.2
1233310 2593.1
1233320 2594.4
1233330 2594.4
1233340 2596.4
1233350 2597.2
1233360 2597.2
1233370 2597.4
1233380 2597.1
1233390 2597.1
1233400 2596.5
1233410 2594.0
1233420 2590.0
1233430 2590.0
1233440 2585.4
1233450 2580.7
1233460 2580.7
1233470 2578.2
1233480 2577.0
1233490 2577.0
1233500 2575.1
1233510 2572.4
1233520 2572.4
1233530 2570.3
1233540 2575.0
1233550 2575.0
1233560 2579.0
1233570 2583.4
1233580 2583.4
1233590 2587.8
1233600 2590.2
1233610 2590.2
1233620 2591.7
1233630 2593.4
1233640 2593.8
1233650 2593.8
1233660 2592.5
1233670 2591.5
1233680 2591.5
1233690 2590.7
1233700 2589.3
1233710 2589.3
1233720 2587.1
1233730 2584.3
1233740 2584.3
1233750 2582.6
1233760 2579.3
1233770 2579.3
1233780 2572.3
1233790 2566.5
1233800 2566.5
1233810 2563.9
1233820 2563.5
1233830 2563.5
1233840 2565.3
1233850 2566.9
1233860 2565.8
1233870 2565.8
1233880 2562.9
1233890 2561.1
1233900 2561.1
1233910 2558.4
1233920 2554.0
1233930 2554.0
1233940 2550.5
1233950 2550.4
1233960 2550.4
1233970 2551.4
1233980 2548.8
1233990 2548.8
1234000 2539.7
1234010 2533.5
1234020 2533.5
1234030 2529.8
1234040 2527.3
1234050 2533.9
1234060 2531.7
1234070 2531.4
1234080 2531.4
1234090 2530.6
1234100 2526.7
1234110 2524.1
1234120 2524.1
1234130 2524.7
1234140 2524.7
1234150 2524.7
1234160 2520.3
1234170 2514.3
1234180 2514.3
1234190 2506.4
1234200 2498.2
1234210 2498.2
1234220 2494.1
1234230 2493.4
1234240 2493.4
1234250 2490.3
1234260 2486.0
1234270 2486.0
1234280 2482.0
1234290 2478.2
1234300 2478.2
1234310 2475.6
1234320 2472.6
1234330 2468.3
1234340 2468.3
1234350 2462.5
1234360 2458.1
1234370 2458.1
1234380 2455.2
1234390 2452.5
1234400 2452.5
1234410 2448.9
1234420 2445.5
1234430 2445.5
1234440 2443.8
1234450 2441.8
1234460 2441.8
1234470 2438.7
1234480 2435.6
1234490 2435.6
1234500 2433.2
1234510 2429.4
1234520 2429.4
1234530 2424.1
1234540 2419.8
1234550 2420.3
1234560 2420.3
1234570 2417.7
1234580 2415.1
1234590 2415.1
1234600 2412.8
1234610 2410.1
1234620 2410.1
1234630 2407.2
1234640 2404.2
1234650 2404.2
1234660 2401.1
1234670 2397.5
1234680 2397.5
1234690 2393.2
1234700 2388.1
1234710 2388.1
1234720 2382.6
1234730 2379.1
1234740 2379.1
1234750 2375.9
1234760 2372.8
1234770 2369.4
1234780 2369.4
1234790 2365.7
1234800 2361.9
1234810 2361.9
1234820 2358.4
1234830 2354.7
1234840 2354.7
1234850 2351.0
1234860 2347.3
1234870 2347.3
1234880 2343.2
1234890 2339.5
1234900 2339.5
1234910 2335.8
1234920 2331.9
1234930 2331.9
1234940 2327.8
1234950 2322.7
1234960 2322.7
1234970 2316.8
1234980 2310.1
1234990 2304.4
1235000 2304.4
1235010 2299.1
1235020 2294.4
1235030 2294.4
1235040 2290.0
1235050 2286.7
1235060 2289.3
1235070 2287.4
1235080 2285.1
1235090 2285.1
1235100 2282.1
1235110 2279.0
1235120 2279.0
1235130 2278.0
1235140 2277.3
1235150 2277.3
1235160 2275.6
1235170 2272.8
1235180 2272.8
1235190 2269.4
1235200 2266.7
1235210 2266.7
1235220 2265.3
1235230 2262.6
1235240 2258.4
1235250 2258.4
1235260 2253.5
1235270 2247.7
1235280 2247.7
1235290 2241.7
1235300 2234.9
1235310 2234.9
1235320 2227.1
1235330 2220.0
1235340 2220.0
1235350 2214.3
1235360 2209.2
1235370 2209.2
1235380 2205.6
1235390 2201.0
1235400 2201.0
1235410 2195.9
1235420 2192.0
1235430 2192.0
1235440 2188.5
1235450 2184.2
1235460 2179.8
1235470 2179.8
1235480 2176.3
1235490 2172.6
1235500 2172.6
1235510 2168.9
1235520 2165.1
1235530 2165.1
1235540 2161.8
1235550 2159.9
1235560 2159.9
1235570 2160.1
1235580 2160.8
1235590 2160.8
1235600 2161.9
1235610 2162.4
1235620 2162.4
1235630 2162.9
1235640 2163.6
1235650 2163.6
1235660 2164.9
1235670 2167.2
1235680 2169.4
1235690 2169.4
1235700 2170.0
1235710 2171.3
1235720 2171.3
1235730 2173.2
1235740 2174.5
1235750 2174.5
1235760 2175.4
1235770 2177.0
1235780 2177.0
1235790 2178.4
1235800 2180.4
1235810 2180.4
1235820 2182.8
1235830 2185.7
1235840 2185.7
1235850 2188.5
1235860 2191.3
1235870 2191.3
1235880 2193.8
1235890 2196.2
1235900 2198.7
1235910 2198.7
1235920 2201.3
1235930 2203.7
1235940 2203.7
1235950 2206.6
1235960 2210.0
1235970 2210.0
1235980 2213.2
1235990 2217.3
1236000 2217.3
1236010 2222.7
1236020 2228.8
1236030 2228.8
1236040 2235.0
1236050 2241.0
1236060 2241.0
1236070 2247.0
1236080 2256.6
1236090 2256.6
1236100 2262.3
1236110 2268.3
1236120 2268.3
1236130 2274.1
1236140 2279.3
1236150 2284.3
1236160 2284.3
1236170 2289.1
1236180 2294.3
1236190 2294.3
1236200 2299.9
1236210 2305.8
1236220 2305.8
1236230 2311.5
1236240 2316.6
1236250 2316.6
1236260 2321.9
1236270 2328.6
1236280 2328.6
1236290 2335.5
1236300 2341.8
1236310 2341.8
1236320 2347.9
1236330 2353.8
1236340 2353.8
1236350 2360.3
1236360 2367.3
1236370 2375.0
1236380 2375.0
1236390 2383.0
1236400 2390.5
1236410 2390.5
1236420 2395.3
1236430 2401.0
1236440 2401.0
1236450 2408.3
1236460 2414.1
1236470 2414.1
1236480 2420.5
1236490 2426.7
1236500 2426.7
1236510 2428.9
1236520 2430.0
1236530 2430.0
1236540 2429.5
1236550 2428.6
1236560 2428.6
1236570 2426.3
1236580 2423.9
1236590 2430.1
1236600 2430.1
1236610 2431.1
1236620 2438.3
1236630 2438.3
1236640 2448.0
1236650 2453.1
1236660 2453.1
1236670 2456.9
1236680 2457.8
1236690 2457.8
1236700 2455.3
1236710 2463.1
1236720 2463.1
1236730 2476.7
1236740 2482.9
1236750 2482.9
1236760 2486.7
1236770 2491.4
1236780 2491.4
1236790 2496.7
1236800 2505.1
1236810 2515.2
1236820 2515.2
1236830 2526.1
1236840 2537.9
1236850 2537.9
1236860 2545.1
1236870 2550.1
1236880 2550.1
1236890 2556.2
1236900 2552.4
1236910 2552.4
1236920 2544.2
1236930 2535.9
1236940 2535.9
1236950 2530.6
1236960 2528.4
1236970 2528.4
1236980 2529.8
1236990 2530.5
1237000 2530.5
1237010 2530.5
1237020 2531.4
1237030 2532.2
1237040 2532.2
1237050 2533.0
1237060 2533.5
1237070 2533.5
1237080 2534.0
1237090 2534.3
1237100 2540.7
1237110 2540.5
1237120 2539.9
1237130 2539.9
1237140 2539.0
1237150 2537.5
1237160 2537.5
1237170 2535.7
1237180 2534.5
1237190 2534.5
1237200 2532.7
1237210 2530.2
1237220 2530.2
1237230 2529.5
1237240 2532.1
1237250 2532.1
1237260 2535.3
1237270 2536.6
1237280 2537.0
1237290 2537.0
1237300 2538.4
1237310 2540.2
1237320 2540.2
1237330 2543.5
1237340 2564.3
1237350 2564.3
1237360 2584.0
1237370 2596.2
1237380 2596.2
1237390 2598.5
1237400 2594.2
1237410 2594.2
1237420 2585.0
1237430 2574.3
1237440 2574.3
1237450 2568.9
1237460 2570.9
1237470 2570.9
1237480 2574.5
1237490 2577.2
1237500 2579.2
1237510 2579.2
1237520 2580.3
1237530 2581.1
1237540 2581.1
1237550 2593.3
1237560 2623.9
1237570 2623.9
1237580 2643.5
1237590 2657.5
1237600 2657.5
1237610 2671.1
1237620 2710.4
1237630 2710.4
1237640 2738.4
1237650 2763.7
1237660 2763.7
1237670 2765.3
1237680 2768.7
1237690 2768.7
1237700 2785.0
1237710 2807.7
1237720 2817.6
1237730 2817.6
1237740 2834.4
1237750 2853.4
1237760 2853.4
1237770 2869.9
1237780 2882.6
1237790 2882.6
1237800 2882.5
1237810 2879.2
1237820 2879.2
1237830 2876.7
1237840 2874.7
1237850 2874.7
1237860 2868.8
1237870 2864.6
1237880 2864.6
1237890 2863.3
1237900 2862.5
1237910 2862.5
1237920 2859.8
1237930 2852.5
1237940 2840.9
1237950 2840.9
1237960 2829.9
1237970 2817.0
1237980 2817.0
1237990 2801.6
1238000 2780.0
1238010 2780.0
1238020 2761.8
1238030 2748.9
1238040 2748.9
1238050 2738.2
1238060 2726.4
1238070 2726.4
1238080 2715.1
1238090 2703.3
1238100 2703.3
1238110 2693.5
1238120 2684.3
1238130 2681.4
1238140 2670.8
1238150 2661.5
1238160 2653.4
1238170 2653.4
1238180 2644.2
1238190 2632.7
1238200 2632.7
1238210 2623.9
1238220 2616.1
1238230 2616.1
1238240 2608.1
1238250 2599.8
1238260 2599.8
1238270 2590.8
1238280 2578.9
1238290 2578.9
1238300 2569.1
1238310 2556.1
1238320 2556.1
1238330 2540.0
1238340 2523.2
1238350 2523.2
1238360 2511.9
1238370 2490.9
1238380 2490.9
1238390 2481.1
1238400 2474.0
1238410 2468.6
1238420 2468.6
1238430 2463.5
1238440 2457.0
1238450 2457.0
1238460 2450.3
1238470 2442.9
1238480 2442.9
1238490 2437.6
1238500 2433.5
1238510 2433.5
1238520 2430.5
1238530 2426.4
1238540 2426.4
1238550 2421.2
1238560 2416.1
1238570 2416.1
1238580 2410.9
1238590 2405.4
1238600 2405.4
1238610 2398.0
1238620 2389.4
1238630 2380.3
1238640 2380.3
1238650 2380.4
1238660 2373.3
1238670 2373.3
1238680 2367.6
1238690 2364.7
1238700 2364.7
1238710 2358.4
1238720 2346.2
1238730 2346.2
1238740 2333.2
1238750 2313.5
1238760 2313.5
1238770 2299.8
1238780 2285.4
1238790 2285.4
1238800 2244.6
1238810 2189.1
1238820 2189.1
1238830 2180.0
1238840 2175.3
1238850 2171.4
1238860 2171.4
1238870 2167.6
1238880 2163.4
1238890 2163.4
1238900 2158.9
1238910 2154.0
1238920 2154.0
1238930 2148.9
1238940 2143.4
1238950 2143.4
1238960 2136.6
1238970 2130.2
1238980 2130.2
1238990 2123.0
1239000 2114.6
1239010 2114.6
1239020 2107.4
1239030 2100.4
1239040 2100.4
1239050 2094.7
1239060 2093.6
1239070 2090.6
1239080 2090.6
1239090 2088.1
1239100 2086.6
1239110 2086.6
1239120 2082.6
1239130 2075.5
1239140 2075.5
1239150 2068.1
1239160 2072.4
1239170 2072.4
1239180 2069.8
1239190 2065.7
1239200 2065.7
1239210 2061.9
1239220 2057.4
1239230 2057.4
1239240 2056.1
1239250 2056.9
1239260 2056.9
1239270 2054.7
1239280 2055.2
1239290 2057.0
1239300 2057.0
1239310 2056.2
1239320 2050.0
1239330 2050.0
1239340 2046.0
1239350 2044.5
1239360 2044.5
1239370 2048.2
1239380 2051.6
1239390 2051.6
1239400 2055.4
1239410 2058.7
1239420 2058.7
1239430 2060.5
1239440 2060.7
1239450 2060.7
1239460 2060.9
1239470 2060.0
1239480 2060.0
1239490 2061.2
1239500 2062.5
1239510 2062.5
1239520 2060.6
1239530 2056.5
1239540 2063.0
1239550 2063.0
1239560 2080.6
1239570 2085.7
1239580 2085.7
1239590 2091.8
1239600 2096.5
1239610 2096.5
1239620 2093.0
1239630 2089.2
1239640 2089.2
1239650 2098.7
1239660 2107.9
1239670 2107.9
1239680 2125.7
1239690 2134.4
1239700 2134.4
1239710 2141.6
1239720 2147.1
1239730 2147.1
1239740 2155.6
1239750 2161.7
1239760 2165.4
1239770 2165.4
1239780 2170.0
1239790 2175.5
1239800 2175.5
1239810 2182.3
1239820 2190.8
1239830 2190.8
1239840 2198.5
1239850 2206.0
1239860 2206.0
1239870 2213.4
1239880 2224.7
1239890 2224.7
1239900 2242.4
1239910 2258.8
1239920 2258.8
1239930 2261.4
1239940 2262.3
1239950 2262.3
1239960 2263.9
1239970 2265.3
1239980 2268.6
1239990 2268.6
