1220000 1361.0
1220010 1371.2
1220020 1381.6
1220030 1381.6
1220040 1390.1
1220050 1396.3
1220060 1396.3
1220070 1408.6
1220080 1442.1
1220090 1442.1
1220100 1465.4
1220110 1478.8
1220120 1478.8
1220130 1502.5
1220140 1517.6
1220150 1517.6
1220160 1525.6
1220170 1533.7
1220180 1533.7
1220190 1542.5
1220200 1553.8
1220210 1553.8
1220220 1571.2
1220230 1589.5
1220240 1589.5
1220250 1604.5
1220260 1609.7
1220270 1612.7
1220280 1612.7
1220290 1616.0
1220300 1620.6
1220310 1620.6
1220320 1626.6
1220330 1632.4
1220340 1632.4
1220350 1638.4
1220360 1644.4
1220370 1644.4
1220380 1650.7
1220390 1657.8
1220400 1657.8
1220410 1665.0
1220420 1669.2
1220430 1669.2
1220440 1675.8
1220450 1682.4
1220460 1682.4
1220470 1689.0
1220480 1701.1
1220490 1718.2
1220500 1718.2
1220510 1726.6
1220520 1732.7
1220530 1732.7
1220540 1738.5
1220550 1745.7
1220560 1745.7
1220570 1755.5
1220580 1768.6
1220590 1768.6
1220600 1782.5
1220610 1786.9
1220620 1786.9
1220630 1790.7
1220640 1792.9
1220650 1792.9
1220660 1793.2
1220670 1793.7
1220680 1793.7
1220690 1795.1
1220700 1796.0
1220710 1798.6
1220720 1798.6
1220730 1802.6
1220740 1804.7
1220750 1804.7
1220760 1804.7
1220770 1806.4
1220780 1806.4
1220790 1806.5
1220800 1805.5
1220810 1805.5
1220820 1805.9
1220830 1806.4
1220840 1806.4
1220850 1806.8
1220860 1808.3
1220870 1808.3
1220880 1810.6
1220890 1812.5
1220900 1801.2
1220910 1805.1
1220920 1816.5
1220930 1847.7
1220940 1847.7
1220950 1853.7
1220960 1856.1
1220970 1856.1
1220980 1861.7
1220990 1869.5
1221000 1869.5
1221010 1876.4
1221020 1885.7
1221030 1885.7
1221040 1892.9
1221050 1897.9
1221060 1897.9
1221070 1903.2
1221080 1907.6
1221090 1907.6
1221100 1910.7
1221110 1914.1
1221120 1914.1
1221130 1918.7
1221140 1923.8
1221150 1923.8
1221160 1928.4
1221170 1933.9
1221180 1940.2
1221190 1940.2
1221200 1946.2
1221210 1951.4
1221220 1951.4
1221230 1955.4
1221240 1959.5
1221250 1959.5
1221260 1964.4
1221270 1969.3
1221280 1969.3
1221290 1977.2
1221300 1984.4
1221310 1984.4
1221320 1989.7
1221330 1995.2
1221340 1995.2
1221350 2001.7
1221360 2008.2
1221370 2008.2
1221380 2016.0
1221390 2021.5
1221400 2027.1
1221410 2027.1
1221420 2035.4
1221430 2043.2
1221440 2043.2
1221450 2048.6
1221460 2053.4
1221470 2053.4
1221480 2058.0
1221490 2063.4
1221500 2063.4
1221510 2069.1
1221520 2074.3
1221530 2074.3
1221540 2078.6
1221550 2082.6
1221560 2082.6
1221570 2086.8
1221580 2091.1
1221590 2091.1
1221600 2095.5
1221610 2099.5
1221620 2103.3
1221630 2103.3
1221640 2107.5
1221650 2111.2
1221660 2111.2
1221670 2114.9
1221680 2118.6
1221690 2118.6
1221700 2122.6
1221710 2127.4
1221720 2127.4
1221730 2132.9
1221740 2137.9
1221750 2137.9
1221760 2142.5
1221770 2147.1
1221780 2147.1
1221790 2151.6
1221800 2156.0
1221810 2156.0
1221820 2161.1
1221830 2166.3
1221840 2171.5
1221850 2171.5
1221860 2175.1
1221870 2180.3
1221880 2180.3
1221890 2184.9
1221900 2189.4
1221910 2189.4
1221920 2194.3
1221930 2199.8
1221940 2199.8
1221950 2205.0
1221960 2211.1
1221970 2211.1
1221980 2217.6
1221990 2223.1
1222000 2223.1
1222010 2228.2
1222020 2233.4
1222030 2233.4
1222040 2239.0
1222050 2244.6
1222060 2244.6
1222070 2250.2
1222080 2255.6
1222090 2260.8
1222100 2260.8
1222110 2266.7
1222120 2272.7
1222130 2272.7
1222140 2278.5
1222150 2284.5
1222160 2284.5
1222170 2289.9
1222180 2295.0
1222190 2295.0
1222200 2300.7
1222210 2306.5
1222220 2306.5
1222230 2312.0
1222240 2318.4
1222250 2318.4
1222260 2324.6
1222270 2330.8
1222280 2330.8
1222290 2337.2
1222300 2343.4
1222310 2349.6
1222320 2349.6
1222330 2355.8
1222340 2361.7
1222350 2356.4
1222360 2361.2
1222370 2365.1
1222380 2365.1
1222390 2368.3
1222400 2371.8
1222410 2371.8
1222420 2376.0
1222430 2380.8
1222440 2380.8
1222450 2385.7
1222460 2390.3
1222470 2390.3
1222480 2394.9
1222490 2400.1
1222500 2400.1
1222510 2406.1
1222520 2412.5
1222530 2419.1
1222540 2419.1
1222550 2425.0
1222560 2430.5
1222570 2430.5
1222580 2435.7
1222590 2440.2
1222600 2440.2
1222610 2444.3
1222620 2448.2
1222630 2448.2
1222640 2453.0
1222650 2458.2
1222660 2458.2
1222670 2462.9
1222680 2467.0
1222690 2467.0
1222700 2471.0
1222710 2475.0
1222720 2475.0
1222730 2480.1
1222740 2487.8
1222750 2495.9
1222760 2495.9
1222770 2502.8
1222780 2509.6
1222790 2509.6
1222800 2516.1
1222810 2522.7
1222820 2522.7
1222830 2525.5
1222840 2531.9
1222850 2531.9
1222860 2538.8
1222870 2545.1
1222880 2545.1
1222890 2551.5
1222900 2557.7
1222910 2557.7
1222920 2563.8
1222930 2569.7
1222940 2569.7
1222950 2575.0
1222960 2580.4
1222970 2585.6
1222980 2585.6
1222990 2590.8
1223000 2596.2
1223010 2596.2
1223020 2601.0
1223030 2606.6
1223040 2606.6
1223050 2613.4
1223060 2620.6
1223070 2620.6
1223080 2627.6
1223090 2633.1
1223100 2633.1
1223110 2637.6
1223120 2643.0
1223130 2643.0
1223140 2648.3
1223150 2652.8
1223160 2652.8
1223170 2656.7
1223180 2662.8
1223190 2662.8
1223200 2669.9
1223210 2677.5
1223220 2685.9
1223230 2685.9
1223240 2695.2
1223250 2703.4
1223260 2703.4
1223270 2711.8
1223280 2719.4
1223290 2719.4
1223300 2725.4
1223310 2731.8
1223320 2727.9
1223330 2737.4
1223340 2740.3
1223350 2740.3
1223360 2730.8
1223370 2719.4
1223380 2719.4
1223390 2700.0
1223400 2687.7
1223410 2687.7
1223420 2680.4
1223430 2674.1
1223440 2665.4
1223450 2665.4
1223460 2657.2
1223470 2648.2
1223480 2648.2
1223490 2636.8
1223500 2626.0
1223510 2626.0
1223520 2622.0
1223530 2618.3
1223540 2618.3
1223550 2613.2
1223560 2609.9
1223570 2609.9
1223580 2606.5
1223590 2601.6
1223600 2601.6
1223610 2597.6
1223620 2596.8
1223630 2596.8
1223640 2597.9
1223650 2597.3
1223660 2592.6
1223670 2592.6
1223680 2587.8
1223690 2585.7
1223700 2585.7
1223710 2581.7
1223720 2576.5
1223730 2576.5
1223740 2569.1
1223750 2560.4
1223760 2560.4
1223770 2552.7
1223780 2544.9
1223790 2544.9
1223800 2543.0
1223810 2531.6
1223820 2531.6
1223830 2523.1
1223840 2514.0
1223850 2514.0
1223860 2505.8
1223870 2499.3
1223880 2493.8
1223890 2493.8
1223900 2489.9
1223910 2488.8
1223920 2488.8
1223930 2487.7
1223940 2486.3
1223950 2486.3
1223960 2484.1
1223970 2481.5
1223980 2481.5
1223990 2480.5
1224000 2481.0
1224010 2481.0
1224020 2481.7
1224030 2481.0
1224040 2481.0
1224050 2479.6
1224060 2479.0
1224070 2479.0
1224080 2483.7
1224090 2488.0
1224100 2488.0
1224110 2490.4
1224120 2491.6
1224130 2491.6
1224140 2491.6
1224150 2490.2
1224160 2487.0
1224170 2487.0
1224180 2481.4
1224190 2476.7
1224200 2476.7
1224210 2474.8
1224220 2473.6
1224230 2473.6
1224240 2472.8
1224250 2471.5
1224260 2471.5
1224270 2468.3
1224280 2463.9
1224290 2468.1
1224300 2461.1
1224310 2454.9
1224320 2454.9
1224330 2455.1
1224340 2457.0
1224350 2459.1
1224360 2459.1
1224370 2461.7
1224380 2466.4
1224390 2466.4
1224400 2472.9
1224410 2487.9
1224420 2487.9
1224430 2506.5
1224440 2531.4
1224450 2531.4
1224460 2543.9
1224470 2547.6
1224480 2547.6
1224490 2550.0
1224500 2552.7
1224510 2552.7
1224520 2553.0
1224530 2551.5
1224540 2551.5
1224550 2548.6
1224560 2544.7
1224570 2540.9
1224580 2540.9
1224590 2536.6
1224600 2533.1
1224610 2533.1
1224620 2532.2
1224630 2534.3
1224640 2534.3
1224650 2536.6
1224660 2539.4
1224670 2539.4
1224680 2542.6
1224690 2545.9
1224700 2545.9
1224710 2549.3
1224720 2552.9
1224730 2552.9
1224740 2557.1
1224750 2561.7
1224760 2561.7
1224770 2566.9
1224780 2573.6
1224790 2584.4
1224800 2584.4
1224810 2599.5
1224820 2607.7
1224830 2607.7
1224840 2611.0
1224850 2613.1
1224860 2613.1
1224870 2623.4
1224880 2636.1
1224890 2636.1
1224900 2644.4
1224910 2650.3
1224920 2650.3
1224930 2655.0
1224940 2658.6
1224950 2658.6
1224960 2662.3
1224970 2666.4
1224980 2666.4
1224990 2670.9
1225000 2674.9
1225010 2676.5
1225020 2676.5
1225030 2677.7
1225040 2678.8
1225050 2678.8
1225060 2681.5
1225070 2687.1
1225080 2687.1
1225090 2695.7
1225100 2713.0
1225110 2713.0
1225120 2725.2
1225130 2731.1
1225140 2731.1
1225150 2736.4
1225160 2744.6
1225170 2744.6
1225180 2747.9
1225190 2747.4
1225200 2747.4
1225210 2747.3
1225220 2749.5
1225230 2749.5
1225240 2752.5
1225250 2755.3
1225260 2758.1
1225270 2747.8
1225280 2750.3
1225290 2753.1
1225300 2753.1
1225310 2756.3
1225320 2760.1
1225330 2760.1
1225340 2763.8
1225350 2767.8
1225360 2767.8
1225370 2770.3
1225380 2771.4
1225390 2771.4
1225400 2771.3
1225410 2769.5
1225420 2769.5
1225430 2769.7
1225440 2774.7
1225450 2774.7
1225460 2780.3
1225470 2787.6
1225480 2794.0
1225490 2794.0
1225500 2801.4
1225510 2806.7
1225520 2806.7
1225530 2812.0
1225540 2816.4
1225550 2816.4
1225560 2820.8
1225570 2825.3
1225580 2825.3
1225590 2831.4
1225600 2835.9
1225610 2835.9
1225620 2840.7
1225630 2846.6
1225640 2846.6
1225650 2852.7
1225660 2858.6
1225670 2858.6
1225680 2864.7
1225690 2869.8
1225700 2878.1
1225710 2878.1
1225720 2884.5
1225730 2888.5
1225740 2888.5
1225750 2892.6
1225760 2901.9
1225770 2901.9
1225780 2906.0
1225790 2913.8
1225800 2913.8
1225810 2920.4
1225820 2926.5
1225830 2926.5
1225840 2932.9
1225850 2937.0
1225860 2937.0
1225870 2941.2
1225880 2946.9
1225890 2946.9
1225900 2958.3
1225910 2968.5
1225920 2977.6
1225930 2977.6
1225940 2985.1
1225950 2991.8
1225960 2991.8
1225970 3002.4
1225980 3011.3
1225990 3011.3
1226000 3013.9
1226010 3014.0
1226020 3014.0
1226030 3014.1
1226040 3015.1
1226050 3015.1
1226060 3017.6
1226070 3019.6
1226080 3019.6
1226090 3020.0
1226100 3021.6
1226110 3021.6
1226120 3023.3
1226130 3025.6
1226140 3026.8
1226150 3026.8
1226160 3027.8
1226170 3029.4
1226180 3029.4
1226190 3031.6
1226200 3033.8
1226210 3033.8
1226220 3035.9
1226230 3038.0
1226240 3038.0
1226250 3044.9
1226260 3047.2
1226270 3047.2
1226280 3049.6
1226290 3052.3
1226300 3052.3
1226310 3055.2
1226320 3057.3
1226330 3057.3
1226340 3059.2
1226350 3061.0
1226360 3061.0
1226370 3062.4
1226380 3064.4
1226390 3066.0
1226400 3066.0
1226410 3067.6
1226420 3069.0
1226430 3069.0
1226440 3070.1
1226450 3071.0
1226460 3071.0
1226470 3071.8
1226480 3072.6
1226490 3072.6
1226500 3073.5
1226510 3074.4
1226520 3074.4
1226530 3075.3
1226540 3076.3
1226550 3076.3
1226560 3077.3
1226570 3078.3
1226580 3078.3
1226590 3079.3
1226600 3080.4
1226610 3081.4
1226620 3081.4
1226630 3082.4
1226640 3083.3
1226650 3083.3
1226660 3084.2
1226670 3084.7
1226680 3084.7
1226690 3085.7
1226700 3087.3
1226710 3087.3
1226720 3088.7
1226730 3090.1
1226740 3093.0
1226750 3094.7
1226760 3096.6
1226770 3096.6
1226780 3098.6
1226790 3101.0
1226800 3101.0
1226810 3103.6
1226820 3106.8
1226830 3111.5
1226840 3111.5
1226850 3116.2
1226860 3120.9
1226870 3120.9
1226880 3125.9
1226890 3131.7
1226900 3131.7
1226910 3138.9
1226920 3147.3
1226930 3147.3
1226940 3152.3
1226950 3157.6
1226960 3157.6
1226970 3161.4
1226980 3164.0
1226990 3164.0
1227000 3163.9
1227010 3164.4
1227020 3164.4
1227030 3165.9
1227040 3167.3
1227050 3168.8
1227060 3168.8
1227070 3171.2
1227080 3175.5
1227090 3175.5
1227100 3175.7
1227110 3176.5
1227120 3176.5
1227130 3178.3
1227140 3180.5
1227150 3180.5
1227160 3182.6
1227170 3184.6
1227180 3184.6
1227190 3186.4
1227200 3187.6
1227210 3187.6
1227220 3188.3
1227230 3188.5
1227240 3188.5
1227250 3187.0
1227260 3185.1
1227270 3185.1
1227280 3182.7
1227290 3180.1
1227300 3178.1
1227310 3178.1
1227320 3175.7
1227330 3173.0
1227340 3173.0
1227350 3170.3
1227360 3167.5
1227370 3167.5
1227380 3164.5
1227390 3161.5
1227400 3161.5
1227410 3158.7
1227420 3156.0
1227430 3156.0
1227440 3153.4
1227450 3150.7
1227460 3150.7
1227470 3147.8
1227480 3145.2
1227490 3145.2
1227500 3140.7
1227510 3134.6
1227520 3126.8
1227530 3126.8
1227540 3120.5
1227550 3113.2
1227560 3113.2
1227570 3106.1
1227580 3098.8
1227590 3098.8
1227600 3092.2
1227610 3086.6
1227620 3086.6
1227630 3080.8
1227640 3074.5
1227650 3074.5
1227660 3068.3
1227670 3060.7
1227680 3060.7
1227690 3053.7
1227700 3047.5
1227710 3047.5
1227720 3047.8
1227730 3041.5
1227740 3035.8
1227750 3035.8
1227760 3030.4
1227770 3025.7
1227780 3025.7
1227790 3021.5
1227800 3017.6
1227810 3017.6
1227820 3014.2
1227830 3011.2
1227840 3011.2
1227850 3008.4
1227860 3006.0
1227870 3006.0
1227880 3003.6
1227890 3001.4
1227900 3001.4
1227910 2999.2
1227920 2997.0
1227930 2997.0
1227940 2994.8
1227950 2992.7
1227960 2990.8
1227970 2990.8
1227980 2989.3
1227990 2988.0
1228000 2988.0
1228010 2986.9
1228020 2984.8
1228030 2984.8
1228040 2982.2
1228050 2979.8
1228060 2979.8
1228070 2977.6
1228080 2974.8
1228090 2974.8
1228100 2971.6
1228110 2968.2
1228120 2968.2
1228130 2962.9
1228140 2953.3
1228150 2953.3
1228160 2942.3
1228170 2936.5
1228180 2933.0
1228190 2933.0
1228200 2930.8
1228210 2927.5
1228220 2922.8
1228230 2918.9
1228240 2913.4
1228250 2913.4
1228260 2907.8
1228270 2902.0
1228280 2902.0
1228290 2896.8
1228300 2892.2
1228310 2892.2
1228320 2887.5
1228330 2882.9
1228340 2882.9
1228350 2881.9
1228360 2881.6
1228370 2881.6
1228380 2876.8
1228390 2870.2
1228400 2870.2
1228410 2865.8
1228420 2862.6
1228430 2859.5
1228440 2859.5
1228450 2857.1
1228460 2852.6
1228470 2852.6
1228480 2846.0
1228490 2839.7
1228500 2839.7
1228510 2834.0
1228520 2830.0
1228530 2830.0
1228540 2827.7
1228550 2826.2
1228560 2826.2
1228570 2824.1
1228580 2821.0
1228590 2821.0
1228600 2817.2
1228610 2812.8
1228620 2812.8
1228630 2808.8
1228640 2805.7
1228650 2802.7
1228660 2802.7
1228670 2799.9
1228680 2796.7
1228690 2796.7
1228700 2793.3
1228710 2790.3
1228720 2790.3
1228730 2788.8
1228740 2786.1
1228750 2786.1
1228760 2782.8
1228770 2778.3
1228780 2778.3
1228790 2774.4
1228800 2771.7
1228810 2771.7
1228820 2768.8
1228830 2765.9
1228840 2765.9
1228850 2762.3
1228860 2758.6
1228870 2755.7
1228880 2755.7
1228890 2753.0
1228900 2751.7
1228910 2751.7
1228920 2751.2
1228930 2748.5
1228940 2748.5
1228950 2746.6
1228960 2743.0
1228970 2743.0
1228980 2740.7
1228990 2737.4
1229000 2737.4
1229010 2733.3
1229020 2732.6
1229030 2732.6
1229040 2730.4
1229050 2728.4
1229060 2728.4
1229070 2726.0
1229080 2724.8
1229090 2725.2
1229100 2725.2
1229110 2727.3
1229120 2729.9
1229130 2729.9
1229140 2732.5
1229150 2735.4
1229160 2735.4
1229170 2738.7
1229180 2742.0
1229190 2742.0
1229200 2744.9
1229210 2743.9
1229220 2743.9
1229230 2746.9
1229240 2749.6
1229250 2749.6
1229260 2749.7
1229270 2749.4
1229280 2749.4
1229290 2753.2
1229300 2758.5
1229310 2763.9
1229320 2763.9
1229330 2768.9
1229340 2774.0
1229350 2774.0
1229360 2777.6
1229370 2777.0
1229380 2777.0
1229390 2776.2
1229400 2777.0
1229410 2777.0
1229420 2779.4
1229430 2781.8
1229440 2781.8
1229450 2783.6
1229460 2785.6
1229470 2785.6
1229480 2787.5
1229490 2789.8
1229500 2789.8
1229510 2792.3
1229520 2794.9
1229530 2794.9
1229540 2797.8
1229550 2803.6
1229560 2813.7
1229570 2813.7
1229580 2822.4
1229590 2824.2
1229600 2824.2
1229610 2820.2
1229620 2815.1
1229630 2815.1
1229640 2809.2
1229650 2803.0
1229660 2803.0
1229670 2796.4
1229680 2790.0
1229690 2790.0
1229700 2784.6
1229710 2770.6
1229720 2770.6
1229730 2768.8
1229740 2758.4
1229750 2758.4
1229760 2747.6
1229770 2742.6
1229780 2738.2
1229790 2738.2
1229800 2734.5
1229810 2731.5
1229820 2731.5
1229830 2728.1
1229840 2725.1
1229850 2725.1
1229860 2722.4
1229870 2720.1
1229880 2720.1
1229890 2717.4
1229900 2714.0
1229910 2714.0
1229920 2710.1
1229930 2706.1
1229940 2706.1
1229950 2702.8
1229960 2699.2
1229970 2699.2
1229980 2695.3
1229990 2691.0
1230000 2686.6
1230010 2686.6
1230020 2681.7
1230030 2676.8
1230040 2676.8
1230050 2672.4
1230060 2670.9
1230070 2670.9
1230080 2670.9
1230090 2670.8
1230100 2670.8
1230110 2670.2
1230120 2668.9
1230130 2668.9
1230140 2667.3
1230150 2665.1
1230160 2665.1
1230170 2662.3
1230180 2659.2
1230190 2659.2
1230200 2651.0
1230210 2648.0
1230220 2644.7
1230230 2644.7
1230240 2640.5
1230250 2635.7
1230260 2635.7
1230270 2631.2
1230280 2629.3
1230290 2629.3
1230300 2628.9
1230310 2627.5
1230320 2627.5
1230330 2626.7
1230340 2625.8
1230350 2625.8
1230360 2624.6
1230370 2622.9
1230380 2622.9
1230390 2620.8
1230400 2618.4
1230410 2618.4
1230420 2615.7
1230430 2612.9
1230440 2609.7
1230450 2609.7
1230460 2606.1
1230470 2602.0
1230480 2602.0
1230490 2598.5
1230500 2597.3
1230510 2597.3
1230520 2596.1
1230530 2594.7
1230540 2594.7
1230550 2593.4
1230560 2592.2
1230570 2592.2
1230580 2590.8
1230590 2589.6
1230600 2589.6
1230610 2588.1
1230620 2587.1
1230630 2587.1
1230640 2588.1
1230650 2589.6
1230660 2589.6
1230670 2590.2
1230680 2590.0
1230690 2589.6
1230700 2586.7
1230710 2589.3
1230720 2594.7
1230730 2594.7
1230740 2600.4
1230750 2603.4
1230760 2603.4
1230770 2606.1
1230780 2609.1
1230790 2609.1
1230800 2611.6
1230810 2614.3
1230820 2614.3
1230830 2616.8
1230840 2619.7
1230850 2619.7
1230860 2624.2
1230870 2629.1
1230880 2629.1
1230890 2633.1
1230900 2635.4
1230910 2636.0
1230920 2636.0
1230930 2636.0
1230940 2633.6
1230950 2633.6
1230960 2630.2
1230970 2625.6
1230980 2625.6
1230990 2621.7
1231000 2618.4
1231010 2618.4
1231020 2616.8
1231030 2616.8
1231040 2616.8
1231050 2617.0
1231060 2617.2
1231070 2617.2
1231080 2617.5
1231090 2617.8
1231100 2617.8
1231110 2618.0
1231120 2618.5
1231130 2619.3
1231140 2619.3
1231150 2621.2
1231160 2624.1
1231170 2624.1
1231180 2626.5
1231190 2628.6
1231200 2628.5
1231210 2630.5
1231220 2632.5
1231230 2632.5
1231240 2634.6
1231250 2636.7
1231260 2636.7
1231270 2638.6
1231280 2640.4
1231290 2640.4
1231300 2642.2
1231310 2644.1
1231320 2644.1
1231330 2645.9
1231340 2647.9
1231350 2649.9
1231360 2649.9
1231370 2651.9
1231380 2655.3
1231390 2655.3
1231400 2659.2
1231410 2662.7
1231420 2662.7
1231430 2665.7
1231440 2667.6
1231450 2667.6
1231460 2668.5
1231470 2670.6
1231480 2670.6
1231490 2673.7
1231500 2678.0
1231510 2678.0
1231520 2682.8
1231530 2688.1
1231540 2688.1
1231550 2694.8
1231560 2702.2
1231570 2702.2
1231580 2711.3
1231590 2716.6
1231600 2722.4
1231610 2722.4
1231620 2728.4
1231630 2733.6
1231640 2733.6
1231650 2739.1
1231660 2744.4
1231670 2744.4
1231680 2748.7
1231690 2755.4
1231700 2755.4
1231710 2776.6
1231720 2778.5
1231730 2778.5
1231740 2775.3
1231750 2774.8
1231760 2774.8
1231770 2779.7
1231780 2778.7
1231790 2778.7
1231800 2778.8
1231810 2781.1
1231820 2784.2
1231830 2784.2
1231840 2787.3
1231850 2791.0
1231860 2791.0
1231870 2794.8
1231880 2797.5
1231890 2797.5
1231900 2800.6
1231910 2805.8
1231920 2805.8
1231930 2809.7
1231940 2813.2
1231950 2813.2
1231960 2816.7
1231970 2819.8
1231980 2819.8
1231990 2823.8
1232000 2829.5
1232010 2829.5
1232020 2834.8
1232030 2841.5
1232040 2856.6
1232050 2856.6
1232060 2862.8
1232070 2865.7
1232080 2865.7
1232090 2867.7
1232100 2872.9
1232110 2872.9
1232120 2878.4
1232130 2880.8
1232140 2880.8
1232150 2885.7
1232160 2895.7
1232170 2895.7
1232180 2906.0
1232190 2916.3
1232200 2916.3
1232210 2942.3
1232220 2937.0
1232230 2937.0
1232240 2924.4
1232250 2916.2
1232260 2906.1
1232270 2906.1
1232280 2894.6
1232290 2881.7
1232300 2881.7
1232310 2872.7
1232320 2869.6
1232330 2869.6
1232340 2870.5
1232350 2874.0
1232360 2874.0
1232370 2878.2
1232380 2879.1
1232390 2879.1
1232400 2872.1
1232410 2865.8
1232420 2865.8
1232430 2861.3
1232440 2859.6
1232450 2859.6
1232460 2848.6
1232470 2835.3
1232480 2822.4
1232490 2822.4
1232500 2815.9
1232510 2811.7
1232520 2811.7
1232530 2803.4
1232540 2793.0
1232550 2793.0
1232560 2791.8
1232570 2791.2
1232580 2791.2
1232590 2781.0
1232600 2781.4
1232610 2781.4
1232620 2781.6
1232630 2775.3
1232640 2775.3
1232650 2765.1
1232660 2763.0
1232670 2763.0
1232680 2760.1
1232690 2752.6
1232700 2752.6
1232710 2741.3
1232720 2738.1
1232730 2737.1
1232740 2737.1
1232750 2739.5
1232760 2736.5
1232770 2736.5
1232780 2731.5
1232790 2725.6
1232800 2725.6
1232810 2721.3
1232820 2719.1
1232830 2719.1
1232840 2717.0
1232850 2715.3
1232860 2715.3
1232870 2714.1
1232880 2712.9
1232890 2712.9
1232900 2711.9
1232910 2707.8
1232920 2707.8
1232930 2701.6
1232940 2693.0
1232950 2683.3
1232960 2683.3
1232970 2673.7
1232980 2665.7
1232990 2665.7
1233000 2657.1
1233010 2647.8
1233020 2647.8
1233030 2640.5
1233040 2633.3
1233050 2633.3
1233060 2626.4
1233070 2619.9
1233080 2619.9
1233090 2614.5
1233100 2609.8
1233110 2609.8
1233120 2605.3
1233130 2601.6
1233140 2601.6
1233150 2598.6
1233160 2595.9
1233170 2593.1
1233180 2593.1
1233190 2590.7
1233200 2589.6
1233210 2589.6
1233220 2595.0
1233230 2594.6
1233240 2594.6
1233250 2593.7
1233260 2591.8
1233270 2591.8
1233280 2589.6
1233290 2588.1
1233300 2588.1
1233310 2587.2
1233320 2588.9
1233330 2588.9
1233340 2591.4
1233350 2592.3
1233360 2592.3
1233370 2592.8
1233380 2593.3
1233390 2593.3
1233400 2593.3
1233410 2591.7
1233420 2588.2
1233430 2588.2
1233440 2583.6
1233450 2579.3
1233460 2579.3
1233470 2576.7
1233480 2575.4
1233490 2575.4
1233500 2573.9
1233510 2571.4
1233520 2571.4
1233530 2569.1
1233540 2568.5
1233550 2568.5
1233560 2570.2
1233570 2573.5
1233580 2573.5
1233590 2578.9
1233600 2584.1
1233610 2587.5
1233620 2587.5
1233630 2590.3
1233640 2591.6
1233650 2591.6
1233660 2589.9
1233670 2587.7
1233680 2587.7
1233690 2586.6
1233700 2585.6
1233710 2585.6
1233720 2585.4
1233730 2583.0
1233740 2583.0
1233750 2580.5
1233760 2578.5
1233770 2578.5
1233780 2572.3
1233790 2564.6
1233800 2564.6
1233810 2559.2
1233820 2557.9
1233830 2557.9
1233840 2558.7
1233850 2560.2
1233860 2560.2
1233870 2560.2
1233880 2557.6
1233890 2554.9
1233900 2554.9
1233910 2551.5
1233920 2547.0
1233930 2547.0
1233940 2544.0
1233950 2543.0
1233960 2543.0
1233970 2543.3
1233980 2538.5
1233990 2538.5
1234000 2531.2
1234010 2527.4
1234020 2527.4
1234030 2523.1
1234040 2520.1
1234050 2520.1
1234060 2518.0
1234070 2516.3
1234080 2515.0
1234090 2515.0
1234100 2512.3
1234110 2510.2
1234120 2510.2
1234130 2507.6
1234140 2505.4
1234150 2505.4
1234160 2502.1
1234170 2496.0
1234180 2496.0
1234190 2489.1
1234200 2483.1
1234210 2483.1
1234220 2480.2
1234230 2485.3
1234240 2485.3
1234250 2481.8
1234260 2478.0
1234270 2478.0
1234280 2474.9
1234290 2471.3
1234300 2468.5
1234310 2468.5
1234320 2465.9
1234330 2462.4
1234340 2462.4
1234350 2457.4
1234360 2452.2
1234370 2452.2
1234380 2448.8
1234390 2446.4
1234400 2446.4
1234410 2443.4
1234420 2440.0
1234430 2440.0
1234440 2437.9
1234450 2436.3
1234460 2436.3
1234470 2433.7
1234480 2430.7
1234490 2430.7
1234500 2427.8
1234510 2424.3
1234520 2419.3
1234530 2419.3
1234540 2415.0
1234550 2411.8
1234560 2411.8
1234570 2408.5
1234580 2405.2
1234590 2405.2
1234600 2402.4
1234610 2400.2
1234620 2400.2
1234630 2397.9
1234640 2395.2
1234650 2395.2
1234660 2392.1
1234670 2388.3
1234680 2388.3
1234690 2384.2
1234700 2379.9
1234710 2379.9
1234720 2376.0
1234730 2376.3
1234740 2372.7
1234750 2372.7
1234760 2369.6
1234770 2365.9
1234780 2365.9
1234790 2361.8
1234800 2358.1
1234810 2358.1
1234820 2354.4
1234830 2350.6
1234840 2350.6
1234850 2346.9
1234860 2343.2
1234870 2343.2
1234880 2339.9
1234890 2337.1
1234900 2337.1
1234910 2334.7
1234920 2331.3
1234930 2331.3
1234940 2327.6
1234950 2322.4
1234960 2322.4
1234970 2316.9
1234980 2310.7
1234990 2305.3
1235000 2305.3
1235010 2300.0
1235020 2294.8
1235030 2294.8
1235040 2289.9
1235050 2286.3
1235060 2286.3
1235070 2283.3
1235080 2280.9
1235090 2280.9
1235100 2279.0
1235110 2277.1
1235120 2277.1
1235130 2275.5
1235140 2273.8
1235150 2273.8
1235160 2271.9
1235170 2270.5
1235180 2270.5
1235190 2268.3
1235200 2265.5
1235210 2262.3
1235220 2262.3
1235230 2259.1
1235240 2259.3
1235250 2259.3
1235260 2254.1
1235270 2248.1
1235280 2248.1
1235290 2241.3
1235300 2234.2
1235310 2234.2
1235320 2227.3
1235330 2221.4
1235340 2221.4
1235350 2216.0
1235360 2211.6
1235370 2211.6
1235380 2207.5
1235390 2202.9
1235400 2202.9
1235410 2198.1
1235420 2194.1
1235430 2190.1
1235440 2190.1
1235450 2185.9
1235460 2181.8
1235470 2181.8
1235480 2177.7
1235490 2174.0
1235500 2174.0
1235510 2169.9
1235520 2165.8
1235530 2165.8
1235540 2162.2
1235550 2159.7
1235560 2159.7
1235570 2157.8
1235580 2157.7
1235590 2157.7
1235600 2157.8
1235610 2158.1
1235620 2158.1
1235630 2158.5
1235640 2159.6
1235650 2161.5
1235660 2161.5
1235670 2163.4
1235680 2164.6
1235690 2164.6
1235700 2165.0
1235710 2166.3
1235720 2166.3
1235730 2167.7
1235740 2168.7
1235750 2171.5
1235760 2172.6
1235770 2173.7
1235780 2173.7
1235790 2175.0
1235800 2177.0
1235810 2177.0
1235820 2179.8
1235830 2182.5
1235840 2182.5
1235850 2185.0
1235860 2187.5
1235870 2189.9
1235880 2189.9
1235890 2192.3
1235900 2195.0
1235910 2195.0
1235920 2197.3
1235930 2199.7
1235940 2199.7
1235950 2202.6
1235960 2206.0
1235970 2206.0
1235980 2209.4
1235990 2213.7
1236000 2213.7
1236010 2219.2
1236020 2225.3
1236030 2225.3
1236040 2231.4
1236050 2237.6
1236060 2237.6
1236070 2243.7
1236080 2249.6
1236090 2249.6
1236100 2255.2
1236110 2260.4
1236120 2265.6
1236130 2265.6
1236140 2270.6
1236150 2275.8
1236160 2275.8
1236170 2281.0
1236180 2286.4
1236190 2286.4
1236200 2291.7
1236210 2296.3
1236220 2296.3
1236230 2301.1
1236240 2306.5
1236250 2306.5
1236260 2317.2
1236270 2324.4
1236280 2324.4
1236290 2330.3
1236300 2336.0
1236310 2336.0
1236320 2341.9
1236330 2348.3
1236340 2355.7
1236350 2355.7
1236360 2365.6
1236370 2372.4
1236380 2372.4
1236390 2378.5
1236400 2383.9
1236410 2383.9
1236420 2388.1
1236430 2393.9
1236440 2393.9
1236450 2402.1
1236460 2406.9
1236470 2406.9
1236480 2411.9
1236490 2417.5
1236500 2417.5
1236510 2419.5
1236520 2420.5
1236530 2420.5
1236540 2421.0
1236550 2420.0
1236560 2418.3
1236570 2418.3
1236580 2416.4
1236590 2415.8
1236600 2415.8
1236610 2420.3
1236620 2428.7
1236630 2428.7
1236640 2434.8
1236650 2436.3
1236660 2436.3
1236670 2437.9
1236680 2438.5
1236690 2438.5
1236700 2437.6
1236710 2446.8
1236720 2446.8
1236730 2462.6
1236740 2467.7
1236750 2467.7
1236760 2473.4
1236770 2485.2
1236780 2493.1
1236790 2493.1
1236800 2502.8
1236810 2512.6
1236820 2512.6
1236830 2523.4
1236840 2533.0
1236850 2533.0
1236860 2538.6
1236870 2543.5
1236880 2543.5
1236890 2548.9
1236900 2547.8
1236910 2547.8
1236920 2539.6
1236930 2530.7
1236940 2530.7
1236950 2524.8
1236960 2522.2
1236970 2522.2
1236980 2523.5
1236990 2524.6
1237000 2525.0
1237010 2525.0
1237020 2525.7
1237030 2526.4
1237040 2526.4
1237050 2527.1
1237060 2527.5
1237070 2527.5
1237080 2527.8
1237090 2527.9
1237100 2527.9
1237110 2527.6
1237120 2526.9
1237130 2526.9
1237140 2526.0
1237150 2524.7
1237160 2524.7
1237170 2522.8
1237180 2521.5
1237190 2521.5
1237200 2520.1
1237210 2518.4
1237220 2518.4
1237230 2518.4
1237240 2520.4
1237250 2522.4
1237260 2522.4
1237270 2523.3
1237280 2523.7
1237290 2530.3
1237300 2531.9
1237310 2533.5
1237320 2533.5
1237330 2535.2
1237340 2547.2
1237350 2547.2
1237360 2574.5
1237370 2588.1
1237380 2588.1
1237390 2585.1
1237400 2580.5
1237410 2580.5
1237420 2573.5
1237430 2565.8
1237440 2565.8
1237450 2561.3
1237460 2564.5
1237470 2567.7
1237480 2567.7
1237490 2570.4
1237500 2572.2
1237510 2572.2
1237520 2573.1
1237530 2573.6
1237540 2573.6
1237550 2578.9
1237560 2608.6
1237570 2608.6
1237580 2636.3
1237590 2647.1
1237600 2647.1
1237610 2654.7
1237620 2670.1
1237630 2670.1
1237640 2707.9
1237650 2736.8
1237660 2736.8
1237670 2745.2
1237680 2755.6
1237690 2773.9
1237700 2773.9
1237710 2790.8
1237720 2802.1
1237730 2802.1
1237740 2812.4
1237750 2826.9
1237760 2826.9
1237770 2848.3
1237780 2864.9
1237790 2864.9
1237800 2873.1
1237810 2867.4
1237820 2867.4
1237830 2859.9
1237840 2859.0
1237850 2859.0
1237860 2852.1
1237870 2846.4
1237880 2846.4
1237890 2845.0
1237900 2847.7
1237910 2849.7
1237920 2849.7
1237930 2846.4
1237940 2837.5
1237950 2837.5
1237960 2827.3
1237970 2813.8
1237980 2813.8
1237990 2800.2
1238000 2784.6
1238010 2784.6
1238020 2769.3
1238030 2756.5
1238040 2756.5
1238050 2743.7
1238060 2731.2
1238070 2731.2
1238080 2721.3
1238090 2710.4
1238100 2710.4
1238110 2700.8
1238120 2690.9
1238130 2678.3
1238140 2678.3
1238150 2663.8
1238160 2651.8
1238170 2651.8
1238180 2642.1
1238190 2633.8
1238200 2633.8
1238210 2625.7
1238220 2618.1
1238230 2618.1
1238240 2611.5
1238250 2605.5
1238260 2605.5
1238270 2597.3
1238280 2590.2
1238290 2590.2
1238300 2567.5
1238310 2547.9
1238320 2547.9
1238330 2531.0
1238340 2511.3
1238350 2511.3
1238360 2503.1
1238370 2487.4
1238380 2471.8
1238390 2471.8
1238400 2464.7
1238410 2459.6
1238420 2459.6
1238430 2454.0
1238440 2447.3
1238450 2447.3
1238460 2441.1
1238470 2435.4
1238480 2435.4
1238490 2430.3
1238500 2426.0
1238510 2426.0
1238520 2421.9
1238530 2419.4
1238540 2419.4
1238550 2414.1
1238560 2408.6
1238570 2408.6
1238580 2403.5
1238590 2398.7
1238600 2391.2
1238610 2391.2
1238620 2378.4
1238630 2368.3
1238640 2368.3
1238650 2359.4
1238660 2353.5
1238670 2353.5
1238680 2348.1
1238690 2342.7
1238700 2342.7
1238710 2336.6
1238720 2324.3
1238730 2324.3
1238740 2307.8
1238750 2290.8
1238760 2290.8
1238770 2281.9
1238780 2256.0
1238790 2256.0
1238800 2212.6
1238810 2179.8
1238820 2168.8
1238830 2174.8
1238840 2169.5
1238850 2165.8
1238860 2165.8
1238870 2162.4
1238880 2158.6
1238890 2158.6
1238900 2154.0
1238910 2149.6
1238920 2149.6
1238930 2145.5
1238940 2141.2
1238950 2141.2
1238960 2135.3
1238970 2129.2
1238980 2129.2
1238990 2121.8
1239000 2113.3
1239010 2113.3
1239020 2104.0
1239030 2093.4
1239040 2087.9
1239050 2087.9
1239060 2086.5
1239070 2084.3
1239080 2084.3
1239090 2080.3
1239100 2079.1
1239110 2079.1
1239120 2076.2
1239130 2071.3
1239140 2071.3
1239150 2065.0
1239160 2058.0
1239170 2058.0
1239180 2054.8
1239190 2052.4
1239200 2052.4
1239210 2047.7
1239220 2045.1
1239230 2045.1
1239240 2047.8
1239250 2047.3
1239260 2043.4
1239270 2043.4
1239280 2042.9
1239290 2046.2
1239300 2046.2
1239310 2047.0
1239320 2038.4
1239330 2038.4
1239340 2024.0
1239350 2037.0
1239360 2037.0
1239370 2043.5
1239380 2047.8
1239390 2047.8
1239400 2051.1
1239410 2053.7
1239420 2053.7
1239430 2055.4
1239440 2054.7
1239450 2054.7
1239460 2054.1
1239470 2053.6
1239480 2053.6
1239490 2054.9
1239500 2056.1
1239510 2053.8
1239520 2053.8
1239530 2049.3
1239540 2053.7
1239550 2053.7
1239560 2071.9
1239570 2079.2
1239580 2079.2
1239590 2084.9
1239600 2087.2
1239610 2087.2
1239620 2082.4
1239630 2079.5
1239640 2079.5
1239650 2088.5
1239660 2106.7
1239670 2106.7
1239680 2120.5
1239690 2128.5
1239700 2128.5
1239710 2136.6
1239720 2145.5
1239730 2150.7
1239740 2150.7
1239750 2155.4
1239760 2160.3
1239770 2160.3
1239780 2164.9
1239790 2170.6
1239800 2170.6
1239810 2179.2
1239820 2188.0
1239830 2188.0
1239840 2195.7
1239850 2201.7
1239860 2201.7
1239870 2212.1
1239880 2230.6
1239890 2230.6
1239900 2248.5
1239910 2255.2
1239920 2255.2
1239930 2257.3
1239940 2258.7
1239950 2260.5
1239960 2260.5
1239970 2263.5
1239980 2266.1
1239990 2266.1
