1220000 1234.8
1220010 1240.0
1220020 1244.9
1220030 1244.9
1220040 1249.6
1220050 1254.5
1220060 1254.5
1220070 1259.8
1220080 1265.9
1220090 1265.9
1220100 1270.4
1220110 1275.6
1220120 1275.6
1220130 1280.2
1220140 1285.4
1220150 1285.4
1220160 1291.0
1220170 1296.6
1220180 1301.9
1220190 1301.9
1220200 1307.2
1220210 1313.1
1220220 1313.1
1220230 1319.7
1220240 1326.8
1220250 1326.8
1220260 1333.7
1220270 1340.9
1220280 1340.9
1220290 1348.3
1220300 1354.2
1220310 1354.2
1220320 1361.1
1220330 1367.5
1220340 1367.5
1220350 1373.8
1220360 1376.9
1220370 1376.9
1220380 1383.3
1220390 1390.1
1220400 1397.7
1220410 1397.7
1220420 1413.9
1220430 1431.0
1220440 1431.0
1220450 1438.4
1220460 1445.8
1220470 1445.8
1220480 1452.4
1220490 1459.0
1220500 1459.0
1220510 1466.1
1220520 1477.7
1220530 1477.7
1220540 1488.4
1220550 1497.1
1220560 1497.1
1220570 1510.5
1220580 1521.0
1220590 1521.0
1220600 1528.2
1220610 1534.7
1220620 1541.5
1220630 1541.5
1220640 1549.8
1220650 1559.6
1220660 1559.6
1220670 1570.6
1220680 1584.9
1220690 1584.9
1220700 1602.8
1220710 1624.8
1220720 1624.8
1220730 1644.2
1220740 1652.5
1220750 1652.5
1220760 1657.9
1220770 1663.9
1220780 1663.9
1220790 1669.0
1220800 1672.3
1220810 1672.3
1220820 1675.5
1220830 1680.7
1220840 1683.4
1220850 1683.4
1220860 1689.3
1220870 1694.6
1220880 1694.6
1220890 1699.4
1220900 1704.3
1220910 1704.3
1220920 1712.9
1220930 1724.9
1220940 1724.9
1220950 1730.9
1220960 1737.8
1220970 1737.8
1220980 1744.4
1220990 1749.1
1221000 1749.1
1221010 1754.3
1221020 1760.5
1221030 1760.5
1221040 1767.1
1221050 1773.2
1221060 1773.2
1221070 1778.2
1221080 1783.2
1221090 1788.9
1221100 1788.9
1221110 1794.9
1221120 1798.8
1221130 1798.8
1221140 1800.2
1221150 1800.2
1221160 1800.2
1221170 1802.1
1221180 1805.6
1221190 1805.6
1221200 1806.3
1221210 1805.3
1221220 1805.3
1221230 1799.7
1221240 1795.9
1221250 1795.9
1221260 1798.0
1221270 1806.0
1221280 1806.0
1221290 1812.6
1221300 1818.6
1221310 1824.2
1221320 1815.5
1221330 1818.8
1221340 1820.7
1221350 1820.7
1221360 1823.0
1221370 1823.1
1221380 1823.1
1221390 1828.8
1221400 1836.1
1221410 1836.1
1221420 1842.1
1221430 1846.4
1221440 1846.4
1221450 1850.2
1221460 1853.4
1221470 1853.4
1221480 1855.1
1221490 1856.5
1221500 1856.5
1221510 1857.0
1221520 1859.0
1221530 1861.1
1221540 1861.1
1221550 1861.0
1221560 1860.7
1221570 1860.7
1221580 1861.5
1221590 1863.9
1221600 1863.9
1221610 1866.2
1221620 1869.4
1221630 1869.4
1221640 1873.4
1221650 1877.9
1221660 1877.9
1221670 1881.2
1221680 1884.0
1221690 1884.0
1221700 1888.1
1221710 1894.5
1221720 1894.5
1221730 1900.4
1221740 1905.3
1221750 1916.8
1221760 1916.8
1221770 1928.7
1221780 1936.3
1221790 1936.3
1221800 1935.1
1221810 1938.7
1221820 1938.7
1221830 1939.5
1221840 1940.5
1221850 1940.5
1221860 1941.5
1221870 1943.6
1221880 1943.6
1221890 1946.7
1221900 1950.9
1221910 1950.9
1221920 1953.4
1221930 1955.6
1221940 1955.6
1221950 1959.1
1221960 1963.3
1221970 1969.6
1221980 1969.6
1221990 1977.0
1222000 1983.5
1222010 1983.5
1222020 1989.5
1222030 1996.0
1222040 1996.0
1222050 2001.0
1222060 2004.9
1222070 2004.9
1222080 2009.0
1222090 2013.6
1222100 2013.6
1222110 2017.0
1222120 2019.3
1222130 2019.3
1222140 2022.3
1222150 2026.5
1222160 2026.5
1222170 2029.6
1222180 2034.0
1222190 2034.0
1222200 2037.4
1222210 2039.0
1222220 2040.4
1222230 2040.4
1222240 2044.2
1222250 2050.2
1222260 2050.2
1222270 2056.3
1222280 2055.0
1222290 2055.0
1222300 2057.7
1222310 2061.1
1222320 2061.1
1222330 2065.0
1222340 2069.1
1222350 2069.1
1222360 2075.4
1222370 2091.2
1222380 2091.2
1222390 2101.6
1222400 2109.6
1222410 2109.6
1222420 2123.8
1222430 2133.7
1222440 2143.4
1222450 2143.4
1222460 2156.7
1222470 2164.3
1222480 2164.3
1222490 2166.3
1222500 2166.1
1222510 2166.1
1222520 2165.9
1222530 2165.1
1222540 2165.1
1222550 2166.7
1222560 2171.1
1222570 2171.1
1222580 2177.6
1222590 2181.6
1222600 2181.6
1222610 2184.4
1222620 2187.7
1222630 2187.7
1222640 2188.7
1222650 2192.6
1222660 2194.7
1222670 2194.7
1222680 2196.8
1222690 2202.6
1222700 2202.6
1222710 2209.4
1222720 2217.4
1222730 2217.4
1222740 2226.3
1222750 2234.5
1222760 2234.5
1222770 2244.8
1222780 2255.6
1222790 2255.6
1222800 2263.5
1222810 2268.9
1222820 2268.9
1222830 2276.9
1222840 2287.6
1222850 2287.6
1222860 2299.5
1222870 2310.1
1222880 2319.0
1222890 2319.0
1222900 2326.7
1222910 2334.1
1222920 2334.1
1222930 2340.2
1222940 2345.7
1222950 2345.7
1222960 2351.5
1222970 2359.6
1222980 2359.6
1222990 2369.0
1223000 2378.2
1223010 2378.2
1223020 2387.0
1223030 2395.9
1223040 2395.9
1223050 2405.9
1223060 2415.4
1223070 2415.4
1223080 2423.8
1223090 2429.6
1223100 2429.9
1223110 2429.9
1223120 2431.6
1223130 2436.8
1223140 2436.8
1223150 2443.4
1223160 2451.4
1223170 2451.4
1223180 2460.5
1223190 2471.5
1223200 2471.5
1223210 2477.3
1223220 2482.8
1223230 2482.8
1223240 2490.2
1223250 2502.1
1223260 2502.1
1223270 2511.8
1223280 2524.0
1223290 2524.0
1223300 2530.1
1223310 2536.6
1223320 2544.2
1223330 2544.2
1223340 2549.9
1223350 2556.2
1223360 2556.2
1223370 2563.6
1223380 2572.5
1223390 2572.5
1223400 2581.3
1223410 2591.0
1223420 2591.0
1223430 2601.6
1223440 2610.9
1223450 2610.9
1223460 2619.6
1223470 2628.1
1223480 2628.1
1223490 2635.5
1223500 2643.4
1223510 2643.4
1223520 2649.4
1223530 2651.5
1223540 2651.5
1223550 2653.1
1223560 2660.7
1223570 2673.2
1223580 2673.2
1223590 2684.1
1223600 2696.8
1223610 2696.8
1223620 2706.4
1223630 2715.0
1223640 2715.0
1223650 2720.9
1223660 2730.1
1223670 2730.1
1223680 2744.6
1223690 2761.0
1223700 2761.0
1223710 2778.2
1223720 2790.9
1223730 2790.9
1223740 2805.0
1223750 2816.1
1223760 2816.1
1223770 2827.4
1223780 2834.5
1223790 2840.5
1223800 2840.5
1223810 2845.4
1223820 2851.4
1223830 2851.4
1223840 2855.6
1223850 2861.7
1223860 2861.7
1223870 2868.8
1223880 2870.7
1223890 2870.7
1223900 2864.2
1223910 2855.6
1223920 2855.6
1223930 2846.8
1223940 2837.6
1223950 2837.6
1223960 2828.6
1223970 2814.6
1223980 2814.6
1223990 2795.2
1224000 2772.9
1224010 2753.1
1224020 2753.1
1224030 2744.7
1224040 2735.2
1224050 2735.2
1224060 2721.5
1224070 2710.6
1224080 2710.6
1224090 2700.0
1224100 2690.5
1224110 2690.5
1224120 2681.6
1224130 2672.8
1224140 2672.8
1224150 2666.8
1224160 2662.0
1224170 2662.0
1224180 2657.6
1224190 2654.3
1224200 2654.3
1224210 2651.2
1224220 2652.8
1224230 2650.3
1224240 2650.3
1224250 2647.8
1224260 2644.9
1224270 2644.9
1224280 2640.7
1224290 2635.1
1224300 2635.1
1224310 2627.1
1224320 2619.5
1224330 2619.5
1224340 2613.1
1224350 2608.8
1224360 2608.8
1224370 2605.3
1224380 2601.5
1224390 2601.5
1224400 2597.8
1224410 2593.8
1224420 2593.8
1224430 2590.0
1224440 2586.1
1224450 2582.7
1224460 2582.7
1224470 2579.4
1224480 2575.9
1224490 2575.9
1224500 2572.8
1224510 2570.7
1224520 2570.7
1224530 2569.3
1224540 2568.3
1224550 2568.3
1224560 2567.3
1224570 2568.7
1224580 2568.7
1224590 2571.0
1224600 2572.4
1224610 2572.4
1224620 2573.4
1224630 2575.1
1224640 2575.1
1224650 2577.1
1224660 2579.3
1224670 2579.3
1224680 2581.6
1224690 2583.4
1224700 2584.5
1224710 2588.0
1224720 2590.3
1224730 2592.8
1224740 2592.8
1224750 2594.9
1224760 2596.8
1224770 2596.8
1224780 2599.0
1224790 2600.4
1224800 2600.4
1224810 2604.3
1224820 2607.4
1224830 2607.4
1224840 2609.2
1224850 2610.3
1224860 2610.3
1224870 2613.5
1224880 2615.6
1224890 2615.6
1224900 2617.2
1224910 2620.0
1224920 2625.4
1224930 2625.4
1224940 2633.8
1224950 2640.9
1224960 2640.9
1224970 2647.1
1224980 2653.9
1224990 2653.9
1225000 2662.6
1225010 2674.2
1225020 2674.2
1225030 2685.2
1225040 2698.6
1225050 2698.6
1225060 2710.7
1225070 2724.7
1225080 2724.7
1225090 2738.8
1225100 2745.5
1225110 2745.5
1225120 2751.1
1225130 2756.0
1225140 2761.1
1225150 2761.1
1225160 2767.4
1225170 2773.7
1225180 2773.7
1225190 2778.4
1225200 2789.3
1225210 2789.3
1225220 2793.3
1225230 2799.5
1225240 2799.5
1225250 2805.8
1225260 2809.3
1225270 2809.3
1225280 2815.2
1225290 2819.4
1225300 2819.4
1225310 2819.2
1225320 2818.9
1225330 2818.9
1225340 2818.4
1225350 2815.9
1225360 2814.8
1225370 2814.8
1225380 2814.6
1225390 2815.8
1225400 2815.8
1225410 2818.8
1225420 2823.7
1225430 2823.7
1225440 2829.4
1225450 2835.0
1225460 2835.0
1225470 2840.0
1225480 2845.2
1225490 2845.2
1225500 2849.7
1225510 2854.4
1225520 2854.4
1225530 2858.5
1225540 2861.3
1225550 2861.3
1225560 2863.9
1225570 2867.1
1225580 2869.4
1225590 2869.4
1225600 2871.9
1225610 2874.6
1225620 2874.6
1225630 2876.7
1225640 2878.6
1225650 2878.6
1225660 2879.5
1225670 2880.9
1225680 2880.9
1225690 2886.9
1225700 2891.4
1225710 2891.4
1225720 2895.5
1225730 2900.4
1225740 2900.4
1225750 2905.8
1225760 2910.6
1225770 2910.6
1225780 2915.9
1225790 2920.8
1225800 2926.8
1225810 2926.8
1225820 2933.3
1225830 2940.0
1225840 2940.0
1225850 2946.4
1225860 2951.8
1225870 2951.8
1225880 2952.5
1225890 2952.2
1225900 2952.2
1225910 2944.7
1225920 2934.1
1225930 2934.1
1225940 2923.3
1225950 2911.5
1225960 2911.5
1225970 2898.9
1225980 2887.4
1225990 2887.4
1226000 2880.7
1226010 2875.9
1226020 2875.9
1226030 2873.8
1226040 2875.0
1226050 2873.8
1226060 2873.8
1226070 2867.2
1226080 2857.0
1226090 2857.0
1226100 2849.8
1226110 2845.9
1226120 2845.9
1226130 2843.7
1226140 2839.5
1226150 2839.5
1226160 2831.8
1226170 2822.8
1226180 2816.9
1226190 2811.3
1226200 2803.5
1226210 2803.5
1226220 2791.6
1226230 2779.9
1226240 2779.9
1226250 2770.7
1226260 2765.2
1226270 2761.0
1226280 2761.0
1226290 2756.2
1226300 2751.9
1226310 2751.9
1226320 2748.5
1226330 2745.0
1226340 2745.0
1226350 2741.4
1226360 2740.9
1226370 2740.9
1226380 2742.1
1226390 2741.3
1226400 2741.3
1226410 2738.5
1226420 2736.4
1226430 2736.4
1226440 2734.5
1226450 2733.6
1226460 2733.6
1226470 2733.0
1226480 2732.4
1226490 2732.1
1226500 2732.1
1226510 2734.4
1226520 2737.7
1226530 2737.7
1226540 2740.8
1226550 2744.1
1226560 2744.1
1226570 2747.0
1226580 2749.4
1226590 2749.4
1226600 2751.3
1226610 2752.7
1226620 2752.7
1226630 2754.4
1226640 2756.1
1226650 2756.1
1226660 2757.1
1226670 2750.6
1226680 2750.6
1226690 2751.4
1226700 2752.2
1226710 2751.1
1226720 2751.1
1226730 2749.5
1226740 2749.0
1226750 2749.0
1226760 2748.9
1226770 2750.9
1226780 2750.9
1226790 2760.8
1226800 2771.0
1226810 2771.0
1226820 2786.5
1226830 2805.9
1226840 2805.9
1226850 2814.7
1226860 2816.9
1226870 2816.9
1226880 2818.2
1226890 2829.0
1226900 2829.0
1226910 2842.9
1226920 2854.0
1226930 2858.6
1226940 2858.6
1226950 2853.8
1226960 2847.7
1226970 2847.7
1226980 2841.8
1226990 2835.6
1227000 2835.6
1227010 2830.7
1227020 2827.0
1227030 2827.0
1227040 2829.9
1227050 2836.7
1227060 2836.7
1227070 2842.6
1227080 2857.0
1227090 2857.0
1227100 2868.4
1227110 2880.5
1227120 2880.5
1227130 2891.6
1227140 2905.1
1227150 2926.5
1227160 2907.8
1227170 2917.2
1227180 2927.1
1227190 2927.1
1227200 2937.4
1227210 2945.0
1227220 2945.0
1227230 2957.0
1227240 2971.0
1227250 2971.0
1227260 2978.8
1227270 2987.3
1227280 2987.3
1227290 3008.0
1227300 3025.3
1227310 3025.3
1227320 3029.7
1227330 3024.8
1227340 3024.8
1227350 3023.7
1227360 3026.2
1227370 3026.2
1227380 3031.7
1227390 3043.8
1227400 3060.3
1227410 3060.3
1227420 3060.0
1227430 3060.5
1227440 3060.5
1227450 3062.7
1227460 3068.1
1227470 3068.1
1227480 3077.9
1227490 3090.0
1227500 3090.0
1227510 3107.8
1227520 3115.4
1227530 3115.4
1227540 3115.9
1227550 3118.5
1227560 3118.5
1227570 3119.5
1227580 3114.4
1227590 3114.4
1227600 3100.4
1227610 3086.2
1227620 3074.2
1227630 3074.2
1227640 3070.1
1227650 3067.5
1227660 3053.0
1227670 3043.7
1227680 3034.1
1227690 3034.1
1227700 3027.3
1227710 3023.9
1227720 3023.9
1227730 3022.5
1227740 3020.1
1227750 3020.1
1227760 3014.7
1227770 3010.4
1227780 3010.4
1227790 3005.2
1227800 2999.6
1227810 2999.6
1227820 2992.7
1227830 2986.4
1227840 2981.7
1227850 2981.7
1227860 2976.3
1227870 2970.9
1227880 2970.9
1227890 2964.6
1227900 2958.9
1227910 2958.9
1227920 2953.8
1227930 2948.2
1227940 2948.2
1227950 2943.9
1227960 2938.6
1227970 2938.6
1227980 2934.0
1227990 2929.4
1228000 2929.4
1228010 2925.5
1228020 2921.0
1228030 2921.0
1228040 2917.5
1228050 2914.4
1228060 2911.1
1228070 2911.1
1228080 2907.3
1228090 2902.2
1228100 2902.2
1228110 2893.4
1228120 2881.9
1228130 2881.9
1228140 2870.9
1228150 2860.1
1228160 2860.1
1228170 2850.3
1228180 2835.4
1228190 2835.4
1228200 2814.9
1228210 2798.6
1228220 2798.6
1228230 2787.4
1228240 2776.8
1228250 2776.8
1228260 2763.1
1228270 2745.2
1228280 2728.2
1228290 2728.2
1228300 2700.9
1228310 2681.9
1228320 2681.9
1228330 2675.5
1228340 2669.7
1228350 2669.7
1228360 2664.2
1228370 2659.1
1228380 2659.1
1228390 2654.3
1228400 2649.4
1228410 2649.4
1228420 2644.2
1228430 2638.7
1228440 2638.7
1228450 2633.4
1228460 2628.2
1228470 2628.2
1228480 2623.3
1228490 2618.8
1228500 2618.8
1228510 2614.5
1228520 2610.2
1228530 2605.8
1228540 2605.8
1228550 2601.2
1228560 2596.9
1228570 2596.9
1228580 2592.8
1228590 2588.5
1228600 2588.5
1228610 2584.4
1228620 2580.5
1228630 2580.5
1228640 2576.7
1228650 2571.2
1228660 2571.2
1228670 2567.8
1228680 2564.5
1228690 2564.5
1228700 2561.0
1228710 2557.6
1228720 2557.6
1228730 2555.2
1228740 2554.8
1228750 2554.8
1228760 2554.8
1228770 2554.9
1228780 2554.9
1228790 2554.9
1228800 2555.1
1228810 2555.4
1228820 2555.4
1228830 2555.5
1228840 2557.6
1228850 2557.6
1228860 2561.2
1228870 2562.5
1228880 2562.5
1228890 2562.2
1228900 2561.5
1228910 2561.5
1228920 2562.0
1228930 2562.5
1228940 2562.5
1228950 2561.7
1228960 2561.7
1228970 2561.2
1228980 2561.2
1228990 2559.7
1229000 2559.3
1229010 2559.3
1229020 2559.2
1229030 2558.0
1229040 2558.0
1229050 2557.5
1229060 2556.2
1229070 2556.2
1229080 2555.1
1229090 2554.1
1229100 2554.1
1229110 2553.8
1229120 2553.6
1229130 2553.6
1229140 2554.0
1229150 2553.8
1229160 2553.8
1229170 2553.3
1229180 2553.0
1229190 2553.5
1229200 2553.5
1229210 2555.6
1229220 2557.0
1229230 2557.0
1229240 2558.1
1229250 2558.9
1229260 2558.9
1229270 2560.2
1229280 2562.8
1229290 2562.8
1229300 2565.0
1229310 2566.2
1229320 2566.2
1229330 2566.3
1229340 2564.2
1229350 2564.2
1229360 2562.0
1229370 2563.4
1229380 2563.4
1229390 2564.0
1229400 2564.4
1229410 2564.2
1229420 2564.2
1229430 2564.5
1229440 2564.5
1229450 2564.5
1229460 2564.1
1229470 2565.1
1229480 2565.1
1229490 2566.9
1229500 2567.5
1229510 2567.5
1229520 2567.1
1229530 2565.7
1229540 2565.7
1229550 2565.2
1229560 2564.1
1229570 2564.1
1229580 2561.8
1229590 2559.4
1229600 2559.4
1229610 2556.8
1229620 2554.4
1229630 2552.5
1229640 2547.1
1229650 2545.3
1229660 2544.0
1229670 2544.0
1229680 2542.4
1229690 2540.8
1229700 2540.8
1229710 2539.6
1229720 2539.4
1229730 2539.4
1229740 2539.6
1229750 2538.8
1229760 2538.8
1229770 2538.4
1229780 2537.6
1229790 2537.6
1229800 2536.3
1229810 2535.0
1229820 2535.0
1229830 2533.3
1229840 2531.3
1229850 2531.3
1229860 2528.8
1229870 2526.6
1229880 2525.3
1229890 2525.3
1229900 2524.1
1229910 2522.8
1229920 2522.8
1229930 2521.5
1229940 2520.3
1229950 2520.3
1229960 2519.4
1229970 2518.4
1229980 2518.4
1229990 2517.5
1230000 2517.4
1230010 2517.4
1230020 2517.6
1230030 2516.9
1230040 2516.9
1230050 2513.6
1230060 2509.3
1230070 2509.3
1230080 2505.0
1230090 2501.9
1230100 2499.6
1230110 2499.6
1230120 2496.4
1230130 2493.4
1230140 2494.9
1230150 2490.6
1230160 2488.3
1230170 2488.3
1230180 2489.1
1230190 2492.6
1230200 2492.6
1230210 2494.5
1230220 2494.6
1230230 2494.6
1230240 2492.1
1230250 2488.7
1230260 2488.7
1230270 2485.0
1230280 2480.1
1230290 2480.1
1230300 2476.6
1230310 2474.8
1230320 2474.3
1230330 2474.3
1230340 2474.0
1230350 2473.7
1230360 2473.7
1230370 2473.2
1230380 2471.7
1230390 2471.7
1230400 2471.3
1230410 2471.6
1230420 2471.6
1230430 2470.9
1230440 2469.4
1230450 2469.4
1230460 2469.1
1230470 2471.0
1230480 2471.0
1230490 2475.7
1230500 2482.0
1230510 2482.0
1230520 2486.6
1230530 2488.3
1230540 2490.5
1230550 2490.5
1230560 2495.1
1230570 2498.7
1230580 2498.7
1230590 2497.6
1230600 2497.1
1230610 2497.1
1230620 2499.3
1230630 2502.5
1230640 2501.9
1230650 2507.1
1230660 2512.7
1230670 2512.7
1230680 2518.1
1230690 2523.0
1230700 2523.0
1230710 2527.9
1230720 2532.8
1230730 2532.8
1230740 2537.8
1230750 2542.7
1230760 2547.7
1230770 2547.7
1230780 2553.0
1230790 2558.5
1230800 2558.5
1230810 2564.0
1230820 2569.8
1230830 2569.8
1230840 2576.0
1230850 2582.6
1230860 2582.6
1230870 2589.0
1230880 2595.3
1230890 2595.3
1230900 2602.2
1230910 2611.1
1230920 2611.1
1230930 2623.2
1230940 2635.0
1230950 2635.0
1230960 2645.9
1230970 2659.6
1230980 2677.1
1230990 2677.1
1231000 2696.0
1231010 2715.4
1231020 2715.4
1231030 2732.3
1231040 2746.5
1231050 2746.5
1231060 2757.4
1231070 2766.8
1231080 2766.8
1231090 2776.3
1231100 2785.1
1231110 2785.1
1231120 2795.1
1231130 2806.1
1231140 2800.9
1231150 2808.6
1231160 2817.6
1231170 2817.6
1231180 2830.3
1231190 2844.5
1231200 2844.5
1231210 2857.5
1231220 2864.5
1231230 2868.6
1231240 2868.6
1231250 2877.9
1231260 2891.2
1231270 2891.2
1231280 2910.0
1231290 2919.0
1231300 2919.0
1231310 2924.7
1231320 2933.5
1231330 2933.5
1231340 2945.2
1231350 2957.4
1231360 2957.4
1231370 2968.3
1231380 2979.8
1231390 2979.8
1231400 2992.3
1231410 3007.9
1231420 3007.9
1231430 3019.8
1231440 3017.7
1231450 3008.1
1231460 3008.1
1231470 2999.9
1231480 2991.3
1231490 2991.3
1231500 2984.1
1231510 2980.1
1231520 2980.1
1231530 2977.3
1231540 2975.5
1231550 2975.5
1231560 2974.4
1231570 2973.9
1231580 2973.9
1231590 2974.1
1231600 2975.0
1231610 2975.0
1231620 2976.5
1231630 2978.7
1231640 2984.8
1231650 2988.0
1231660 2991.9
1231670 2996.6
1231680 2996.6
1231690 3006.3
1231700 3020.9
1231710 3020.9
1231720 3026.6
1231730 3019.7
1231740 3019.7
1231750 3009.0
1231760 3001.0
1231770 3001.0
1231780 2999.1
1231790 2999.1
1231800 2999.1
1231810 2998.0
1231820 2996.6
1231830 2996.6
1231840 2993.1
1231850 2985.5
1231860 2985.5
1231870 2979.4
1231880 2972.2
1231890 2951.6
1231900 2951.6
1231910 2930.4
1231920 2917.4
1231930 2917.4
1231940 2909.5
1231950 2903.2
1231960 2903.2
1231970 2899.1
1231980 2898.0
1231990 2898.0
1232000 2902.6
1232010 2902.8
1232020 2902.8
1232030 2899.2
1232040 2894.1
1232050 2894.1
1232060 2884.6
1232070 2881.0
1232080 2881.0
1232090 2876.0
1232100 2876.7
1232110 2882.1
1232120 2882.1
1232130 2889.0
1232140 2884.0
1232150 2884.0
1232160 2890.4
1232170 2896.7
1232180 2896.7
1232190 2902.8
1232200 2910.0
1232210 2910.0
1232220 2922.1
1232230 2929.1
1232240 2929.1
1232250 2932.1
1232260 2938.0
1232270 2938.0
1232280 2941.0
1232290 2947.3
1232300 2947.3
1232310 2954.0
1232320 2956.8
1232330 2959.0
1232340 2959.0
1232350 2970.8
1232360 2984.9
1232370 2984.9
1232380 3005.1
1232390 3024.7
1232400 3024.7
1232410 3041.3
1232420 3045.8
1232430 3045.8
1232440 3049.0
1232450 3058.3
1232460 3058.3
1232470 3065.9
1232480 3072.5
1232490 3072.5
1232500 3079.5
1232510 3088.5
1232520 3088.5
1232530 3098.5
1232540 3110.8
1232550 3110.8
1232560 3121.7
1232570 3129.7
1232580 3126.9
1232590 3126.9
1232600 3108.5
1232610 3100.1
1232620 3100.1
1232630 3091.2
1232640 3098.5
1232650 3098.5
1232660 3093.7
1232670 3094.7
1232680 3094.7
1232690 3098.8
1232700 3097.8
1232710 3097.8
1232720 3098.0
1232730 3095.9
1232740 3095.9
1232750 3089.7
1232760 3082.9
1232770 3082.9
1232780 3078.2
1232790 3074.1
1232800 3067.1
1232810 3067.1
1232820 3060.1
1232830 3054.7
1232840 3054.7
1232850 3050.5
1232860 3044.9
1232870 3044.9
1232880 3037.0
1232890 3029.9
1232900 3029.9
1232910 3025.3
1232920 3022.2
1232930 3022.2
1232940 3015.3
1232950 3008.6
1232960 3008.6
1232970 3001.4
1232980 2995.9
1232990 2995.9
1233000 2990.6
1233010 2985.5
1233020 2979.9
1233030 2979.9
1233040 2973.0
1233050 2966.2
1233060 2966.2
1233070 2957.6
1233080 2944.7
1233090 2944.7
1233100 2940.8
1233110 2939.8
1233120 2939.8
1233130 2941.1
1233140 2943.9
1233150 2955.4
1233160 2962.4
1233170 2967.4
1233180 2967.4
1233190 2968.0
1233200 2969.4
1233210 2969.4
1233220 2976.6
1233230 2983.0
1233240 2980.5
1233250 2980.5
1233260 2973.0
1233270 2967.0
1233280 2967.0
1233290 2967.4
1233300 2974.9
1233310 2974.9
1233320 2977.8
1233330 2979.4
1233340 2979.4
1233350 2985.5
1233360 2989.2
1233370 2989.2
1233380 2989.1
1233390 2987.1
1233400 2987.1
1233410 2986.0
1233420 2984.1
1233430 2984.1
1233440 2979.9
1233450 2976.8
1233460 2968.8
1233470 2968.8
1233480 2956.0
1233490 2941.9
1233500 2941.9
1233510 2932.3
1233520 2923.1
1233530 2923.1
1233540 2915.1
1233550 2907.4
1233560 2907.4
1233570 2900.4
1233580 2893.9
1233590 2893.9
1233600 2888.7
1233610 2882.9
1233620 2882.9
1233630 2876.3
1233640 2868.5
1233650 2875.7
1233660 2866.4
1233670 2859.0
1233680 2851.8
1233690 2851.8
1233700 2846.1
1233710 2840.5
1233720 2840.5
1233730 2835.2
1233740 2829.4
1233750 2829.4
1233760 2820.5
1233770 2805.9
1233780 2805.9
1233790 2789.6
1233800 2766.3
1233810 2766.3
1233820 2750.6
1233830 2738.0
1233840 2738.0
1233850 2717.8
1233860 2696.7
1233870 2696.7
1233880 2682.2
1233890 2664.9
1233900 2664.9
1233910 2653.6
1233920 2647.0
1233930 2640.7
1233940 2640.7
1233950 2634.9
1233960 2629.2
1233970 2629.2
1233980 2623.7
1233990 2618.3
1234000 2618.3
1234010 2612.9
1234020 2607.6
1234030 2607.6
1234040 2602.1
1234050 2596.8
1234060 2596.8
1234070 2591.4
1234080 2585.6
1234090 2585.6
1234100 2581.1
1234110 2576.9
1234120 2576.9
1234130 2575.3
1234140 2573.1
1234150 2570.3
1234160 2573.5
1234170 2571.5
1234180 2569.4
1234190 2569.4
1234200 2568.3
1234210 2568.0
1234220 2568.0
1234230 2567.2
1234240 2565.7
1234250 2565.7
1234260 2564.0
1234270 2561.5
1234280 2561.5
1234290 2557.9
1234300 2552.1
1234310 2552.1
1234320 2543.9
1234330 2536.2
1234340 2536.2
1234350 2533.1
1234360 2530.1
1234370 2526.0
1234380 2526.0
1234390 2524.7
1234400 2525.3
1234410 2525.3
1234420 2524.2
1234430 2525.8
1234440 2525.8
1234450 2530.7
1234460 2531.7
1234470 2531.7
1234480 2530.4
1234490 2531.4
1234500 2531.4
1234510 2533.7
1234520 2535.1
1234530 2535.1
1234540 2537.4
1234550 2536.2
1234560 2536.2
1234570 2530.8
1234580 2522.9
1234590 2514.1
1234600 2514.1
1234610 2507.1
1234620 2501.6
1234630 2501.6
1234640 2497.6
1234650 2493.9
1234660 2496.7
1234670 2493.0
1234680 2490.2
1234690 2490.2
1234700 2487.6
1234710 2481.4
1234720 2481.4
1234730 2471.1
1234740 2459.3
1234750 2459.3
1234760 2447.9
1234770 2436.3
1234780 2436.3
1234790 2422.5
1234800 2411.0
1234810 2400.5
1234820 2400.5
1234830 2393.9
1234840 2391.0
1234850 2391.0
1234860 2388.3
1234870 2386.3
1234880 2386.3
1234890 2383.9
1234900 2381.2
1234910 2381.2
1234920 2378.2
1234930 2374.8
1234940 2374.8
1234950 2370.4
1234960 2365.6
1234970 2365.6
1234980 2361.2
1234990 2357.4
1235000 2357.4
1235010 2356.9
1235020 2356.2
1235030 2354.1
1235040 2354.1
1235050 2351.5
1235060 2349.1
1235070 2349.1
1235080 2341.8
1235090 2328.4
1235100 2328.4
1235110 2316.7
1235120 2307.5
1235130 2307.5
1235140 2299.6
1235150 2292.3
1235160 2292.3
1235170 2286.0
1235180 2279.0
1235190 2279.0
1235200 2271.9
1235210 2265.5
1235220 2265.5
1235230 2259.4
1235240 2254.2
1235250 2254.2
1235260 2251.1
1235270 2249.3
1235280 2247.7
1235290 2247.7
1235300 2246.8
1235310 2245.5
1235320 2245.5
1235330 2244.8
1235340 2243.8
1235350 2243.8
1235360 2243.5
1235370 2244.2
1235380 2244.2
1235390 2244.4
1235400 2244.5
1235410 2244.5
1235420 2245.0
1235430 2246.2
1235440 2246.2
1235450 2247.9
1235460 2249.7
1235470 2249.7
1235480 2251.7
1235490 2254.2
1235500 2257.1
1235510 2257.1
1235520 2260.2
1235530 2263.7
1235540 2263.7
1235550 2267.6
1235560 2272.3
1235570 2272.3
1235580 2277.4
1235590 2282.3
1235600 2282.3
1235610 2286.5
1235620 2290.1
1235630 2290.1
1235640 2293.5
1235650 2296.9
1235660 2296.9
1235670 2300.4
1235680 2306.0
1235690 2306.0
1235700 2309.4
1235710 2313.1
1235720 2316.8
1235730 2316.8
1235740 2320.6
1235750 2323.8
1235760 2323.8
1235770 2327.4
1235780 2331.4
1235790 2331.4
1235800 2335.0
1235810 2338.5
1235820 2338.5
1235830 2342.1
1235840 2346.1
1235850 2346.1
1235860 2350.2
1235870 2354.4
1235880 2354.4
1235890 2358.7
1235900 2363.3
1235910 2363.3
1235920 2368.3
1235930 2373.5
1235940 2378.5
1235950 2378.5
1235960 2383.6
1235970 2388.7
1235980 2388.7
1235990 2393.8
1236000 2399.0
1236010 2399.0
1236020 2404.6
1236030 2410.3
1236040 2410.3
1236050 2415.9
1236060 2421.3
1236070 2421.3
1236080 2426.8
1236090 2432.5
1236100 2432.5
1236110 2439.1
1236120 2445.6
1236130 2445.6
1236140 2451.8
1236150 2457.8
1236160 2463.7
1236170 2463.7
1236180 2469.4
1236190 2472.0
1236200 2472.0
1236210 2478.1
1236220 2489.3
1236230 2489.3
1236240 2502.2
1236250 2512.3
1236260 2512.3
1236270 2514.9
1236280 2517.8
1236290 2517.8
1236300 2528.6
1236310 2543.4
1236320 2543.4
1236330 2546.6
1236340 2550.5
1236350 2550.5
1236360 2560.2
1236370 2574.7
1236380 2588.8
1236390 2588.8
1236400 2601.8
1236410 2611.7
1236420 2611.7
1236430 2621.9
1236440 2630.1
1236450 2630.1
1236460 2643.1
1236470 2662.8
1236480 2662.8
1236490 2676.3
1236500 2691.5
1236510 2691.5
1236520 2701.3
1236530 2710.9
1236540 2710.9
1236550 2724.3
1236560 2729.4
1236570 2729.4
1236580 2733.6
1236590 2738.0
1236600 2738.0
1236610 2747.2
1236620 2752.0
1236630 2753.6
1236640 2753.6
1236650 2761.3
1236660 2780.6
1236670 2780.6
1236680 2795.1
1236690 2805.9
1236700 2808.9
1236710 2819.4
1236720 2826.8
1236730 2826.8
1236740 2834.6
1236750 2844.1
1236760 2844.1
1236770 2855.2
1236780 2865.3
1236790 2865.3
1236800 2873.6
1236810 2883.6
1236820 2883.6
1236830 2897.1
1236840 2912.5
1236850 2937.9
1236860 2937.9
1236870 2950.8
1236880 2955.7
1236890 2955.7
1236900 2953.9
1236910 2952.0
1236920 2952.0
1236930 2953.7
1236940 2961.8
1236950 2961.8
1236960 2971.7
1236970 2979.1
1236980 2979.1
1236990 2987.4
1237000 3002.5
1237010 3002.5
1237020 3018.4
1237030 3026.1
1237040 3026.1
1237050 3031.5
1237060 3040.2
1237070 3051.4
1237080 3051.4
1237090 3063.6
1237100 3074.0
1237110 3074.0
1237120 3084.4
1237130 3092.8
1237140 3092.8
1237150 3095.3
1237160 3098.2
1237170 3098.2
1237180 3108.5
1237190 3123.1
1237200 3123.1
1237210 3134.5
1237220 3153.7
1237230 3153.7
1237240 3159.6
1237250 3162.0
1237260 3162.0
1237270 3166.5
1237280 3176.6
1237290 3189.8
1237300 3189.8
1237310 3201.9
1237320 3202.7
1237330 3202.7
1237340 3197.7
1237350 3192.8
1237360 3192.8
1237370 3191.1
1237380 3190.6
1237390 3190.6
1237400 3188.9
1237410 3187.4
1237420 3187.4
1237430 3185.9
1237440 3184.9
1237450 3184.9
1237460 3187.6
1237470 3191.9
1237480 3191.9
1237490 3189.0
1237500 3181.4
1237510 3173.2
1237520 3173.2
1237530 3163.9
1237540 3154.1
1237550 3154.1
1237560 3144.4
1237570 3134.6
1237580 3134.6
1237590 3126.0
1237600 3118.7
1237610 3118.7
1237620 3112.3
1237630 3106.4
1237640 3106.4
1237650 3100.5
1237660 3094.7
1237670 3094.7
1237680 3087.8
1237690 3079.0
1237700 3079.0
1237710 3066.0
1237720 3052.4
1237730 3043.5
1237740 3043.5
1237750 3025.3
1237760 3010.5
1237770 3010.5
1237780 2999.6
1237790 2990.1
1237800 2990.1
1237810 2981.4
1237820 2973.7
1237830 2973.7
1237840 2966.7
1237850 2960.1
1237860 2960.1
1237870 2954.0
1237880 2948.3
1237890 2948.3
1237900 2942.8
1237910 2937.3
1237920 2937.3
1237930 2931.4
1237940 2925.2
1237950 2925.2
1237960 2918.6
1237970 2911.7
1237980 2904.4
1237990 2904.4
1238000 2896.6
1238010 2887.3
1238020 2887.3
1238030 2876.0
1238040 2866.0
1238050 2866.0
1238060 2854.9
1238070 2846.8
1238080 2846.8
1238090 2838.0
1238100 2823.8
1238110 2823.8
1238120 2813.2
1238130 2805.5
1238140 2805.5
1238150 2799.1
1238160 2793.2
1238170 2793.2
1238180 2787.6
1238190 2783.4
1238200 2775.4
1238210 2775.4
1238220 2769.7
1238230 2765.2
1238240 2769.2
1238250 2763.2
1238260 2755.2
1238270 2755.2
1238280 2745.6
1238290 2727.8
1238300 2727.8
1238310 2712.8
1238320 2708.6
1238330 2708.6
1238340 2701.8
1238350 2697.8
1238360 2697.8
1238370 2692.2
1238380 2686.3
1238390 2686.3
1238400 2680.2
1238410 2673.4
1238420 2668.3
1238430 2668.3
1238440 2666.2
1238450 2663.9
1238460 2663.9
1238470 2660.4
1238480 2658.6
1238490 2658.6
1238500 2658.1
1238510 2658.7
1238520 2658.7
1238530 2663.9
1238540 2666.0
1238550 2666.0
1238560 2666.4
1238570 2665.0
1238580 2665.0
1238590 2662.1
1238600 2663.7
1238610 2663.7
1238620 2666.5
1238630 2667.5
1238640 2666.4
1238650 2666.4
1238660 2663.6
1238670 2647.0
1238680 2647.0
1238690 2634.2
1238700 2628.6
1238710 2628.6
1238720 2623.2
1238730 2613.3
1238740 2613.3
1238750 2599.6
1238760 2562.5
1238770 2562.5
1238780 2544.4
1238790 2530.8
1238800 2530.8
1238810 2520.9
1238820 2510.4
1238830 2510.4
1238840 2493.5
1238850 2482.2
1238860 2474.9
1238870 2474.9
1238880 2467.9
1238890 2459.4
1238900 2459.4
1238910 2447.8
1238920 2439.8
1238930 2439.8
1238940 2434.7
1238950 2429.8
1238960 2429.8
1238970 2424.2
1238980 2418.6
1238990 2418.6
1239000 2410.6
1239010 2402.4
1239020 2402.4
1239030 2395.5
1239040 2389.0
1239050 2389.0
1239060 2381.9
1239070 2378.5
1239080 2373.7
1239090 2373.7
1239100 2368.4
1239110 2363.8
1239120 2363.8
1239130 2360.2
1239140 2359.3
1239150 2359.3
1239160 2358.7
1239170 2357.6
1239180 2357.6
1239190 2357.0
1239200 2358.1
1239210 2358.1
1239220 2360.6
1239230 2360.4
1239240 2360.4
1239250 2359.5
1239260 2358.5
1239270 2364.3
1239280 2363.5
1239290 2364.3
1239300 2364.3
1239310 2363.7
1239320 2366.0
1239330 2367.8
1239340 2367.8
1239350 2368.4
1239360 2366.8
1239370 2366.8
1239380 2369.2
1239390 2367.7
1239400 2367.7
1239410 2364.4
1239420 2360.9
1239430 2360.9
1239440 2358.7
1239450 2356.5
1239460 2356.5
1239470 2353.2
1239480 2349.5
1239490 2349.5
1239500 2346.6
1239510 2344.5
1239520 2344.5
1239530 2345.9
1239540 2347.0
1239550 2348.9
1239560 2348.9
1239570 2351.7
1239580 2353.8
1239590 2353.8
1239600 2355.1
1239610 2355.9
1239620 2355.9
1239630 2356.9
1239640 2357.2
1239650 2357.2
1239660 2357.5
1239670 2356.9
1239680 2356.9
1239690 2355.6
1239700 2355.7
1239710 2355.7
1239720 2357.3
1239730 2360.5
1239740 2360.5
1239750 2363.0
1239760 2365.1
1239770 2369.5
1239780 2369.5
1239790 2376.5
1239800 2379.2
1239810 2379.2
1239820 2383.4
1239830 2388.9
1239840 2388.9
1239850 2396.8
1239860 2405.0
1239870 2405.0
1239880 2411.0
1239890 2416.8
1239900 2416.8
1239910 2425.2
1239920 2436.3
1239930 2436.3
1239940 2441.5
1239950 2442.0
1239960 2442.0
1239970 2443.4
1239980 2447.4
1239990 2453.5
