1220000 1642.6
1220010 1650.2
1220020 1659.5
1220030 1659.5
1220040 1670.8
1220050 1677.1
1220060 1677.1
1220070 1681.4
1220080 1683.8
1220090 1683.8
1220100 1684.9
1220110 1685.8
1220120 1685.6
1220130 1682.6
1220140 1681.5
1220150 1681.9
1220160 1681.9
1220170 1684.7
1220180 1689.0
1220190 1689.0
1220200 1694.4
1220210 1707.2
1220220 1707.2
1220230 1719.1
1220240 1731.8
1220250 1731.8
1220260 1743.7
1220270 1748.7
1220280 1748.7
1220290 1754.4
1220300 1760.7
1220310 1760.7
1220320 1766.3
1220330 1774.0
1220340 1778.0
1220350 1778.0
1220360 1780.3
1220370 1784.0
1220380 1784.0
1220390 1789.1
1220400 1794.5
1220410 1794.5
1220420 1798.3
1220430 1801.7
1220440 1801.7
1220450 1805.8
1220460 1810.2
1220470 1810.2
1220480 1812.3
1220490 1814.7
1220500 1814.7
1220510 1819.7
1220520 1825.8
1220530 1825.8
1220540 1832.3
1220550 1837.8
1220560 1837.8
1220570 1843.0
1220580 1847.2
1220590 1850.0
1220600 1850.0
1220610 1852.0
1220620 1854.3
1220630 1854.3
1220640 1856.7
1220650 1859.5
1220660 1859.5
1220670 1862.5
1220680 1865.3
1220690 1865.3
1220700 1867.6
1220710 1870.9
1220720 1870.9
1220730 1874.8
1220740 1877.9
1220750 1877.9
1220760 1881.4
1220770 1885.8
1220780 1885.8
1220790 1890.9
1220800 1895.8
1220810 1899.2
1220820 1899.2
1220830 1902.3
1220840 1907.6
1220850 1907.6
1220860 1913.9
1220870 1919.4
1220880 1919.4
1220890 1925.1
1220900 1930.5
1220910 1930.5
1220920 1935.6
1220930 1940.5
1220940 1940.5
1220950 1945.4
1220960 1950.7
1220970 1950.7
1220980 1956.0
1220990 1960.9
1221000 1960.9
1221010 1965.9
1221020 1971.4
1221030 1976.1
1221040 1976.1
1221050 1980.8
1221060 1986.1
1221070 1986.1
1221080 1992.1
1221090 1995.0
1221100 1995.0
1221110 2000.0
1221120 2005.0
1221130 2005.0
1221140 2010.3
1221150 2016.7
1221160 2016.7
1221170 2023.0
1221180 2028.9
1221190 2028.9
1221200 2035.3
1221210 2041.2
1221220 2041.2
1221230 2046.3
1221240 2051.5
1221250 2057.4
1221260 2057.4
1221270 2063.4
1221280 2069.0
1221290 2069.0
1221300 2074.0
1221310 2078.3
1221320 2078.3
1221330 2082.0
1221340 2086.4
1221350 2086.4
1221360 2091.4
1221370 2096.5
1221380 2096.5
1221390 2101.2
1221400 2105.4
1221410 2105.4
1221420 2109.6
1221430 2114.5
1221440 2114.5
1221450 2118.9
1221460 2122.3
1221470 2122.3
1221480 2126.0
1221490 2130.0
1221500 2133.6
1221510 2133.6
1221520 2137.4
1221530 2141.5
1221540 2141.5
1221550 2146.0
1221560 2150.2
1221570 2149.9
1221580 2154.0
1221590 2158.8
1221600 2158.8
1221610 2163.8
1221620 2167.3
1221630 2167.3
1221640 2170.3
1221650 2173.7
1221660 2173.7
1221670 2177.9
1221680 2182.1
1221690 2182.1
1221700 2187.0
1221710 2192.2
1221720 2197.0
1221730 2197.0
1221740 2202.2
1221750 2208.8
1221760 2208.8
1221770 2217.4
1221780 2229.1
1221790 2229.1
1221800 2241.0
1221810 2247.7
1221820 2247.7
1221830 2254.1
1221840 2260.8
1221850 2260.8
1221860 2269.5
1221870 2278.4
1221880 2278.4
1221890 2286.7
1221900 2293.7
1221910 2293.7
1221920 2299.3
1221930 2305.7
1221940 2312.2
1221950 2312.2
1221960 2316.0
1221970 2320.5
1221980 2320.5
1221990 2325.2
1222000 2329.3
1222010 2329.3
1222020 2334.2
1222030 2338.9
1222040 2338.9
1222050 2343.9
1222060 2347.8
1222070 2347.8
1222080 2354.0
1222090 2359.7
1222100 2359.7
1222110 2366.5
1222120 2374.5
1222130 2374.5
1222140 2382.0
1222150 2389.3
1222160 2396.3
1222170 2396.3
1222180 2402.7
1222190 2407.7
1222200 2407.7
1222210 2412.7
1222220 2420.0
1222230 2420.0
1222240 2428.4
1222250 2434.3
1222260 2434.3
1222270 2438.0
1222280 2442.9
1222290 2442.9
1222300 2448.1
1222310 2453.1
1222320 2453.1
1222330 2457.5
1222340 2461.7
1222350 2461.7
1222360 2466.1
1222370 2471.2
1222380 2471.2
1222390 2477.0
1222400 2483.3
1222410 2488.8
1222420 2488.8
1222430 2494.0
1222440 2499.1
1222450 2499.1
1222460 2504.2
1222470 2509.2
1222480 2509.2
1222490 2513.8
1222500 2517.6
1222510 2517.6
1222520 2522.1
1222530 2526.8
1222540 2521.6
1222550 2528.1
1222560 2534.6
1222570 2534.6
1222580 2542.0
1222590 2546.7
1222600 2546.7
1222610 2551.8
1222620 2557.6
1222630 2563.7
1222640 2563.7
1222650 2570.2
1222660 2576.5
1222670 2576.5
1222680 2582.0
1222690 2587.1
1222700 2587.1
1222710 2592.4
1222720 2598.2
1222730 2598.2
1222740 2604.1
1222750 2608.3
1222760 2608.3
1222770 2611.2
1222780 2614.9
1222790 2614.9
1222800 2618.6
1222810 2623.7
1222820 2623.7
1222830 2630.0
1222840 2637.1
1222850 2644.7
1222860 2644.7
1222870 2652.7
1222880 2660.6
1222890 2660.6
1222900 2668.5
1222910 2676.6
1222920 2676.6
1222930 2684.9
1222940 2692.5
1222950 2692.5
1222960 2699.6
1222970 2707.0
1222980 2707.0
1222990 2714.3
1223000 2721.3
1223010 2721.3
1223020 2729.3
1223030 2735.0
1223040 2735.0
1223050 2732.3
1223060 2725.3
1223070 2713.6
1223080 2713.6
1223090 2704.7
1223100 2695.8
1223110 2695.8
1223120 2690.5
1223130 2684.0
1223140 2684.0
1223150 2679.6
1223160 2672.0
1223170 2672.0
1223180 2658.9
1223190 2647.5
1223200 2647.5
1223210 2637.1
1223220 2627.0
1223230 2627.0
1223240 2618.8
1223250 2611.1
1223260 2611.1
1223270 2604.0
1223280 2596.6
1223290 2596.6
1223300 2589.3
1223310 2582.6
1223320 2573.3
1223330 2573.3
1223340 2563.9
1223350 2552.6
1223360 2552.6
1223370 2544.1
1223380 2534.8
1223390 2534.8
1223400 2525.4
1223410 2516.6
1223420 2516.6
1223430 2509.3
1223440 2502.2
1223450 2502.2
1223460 2495.9
1223470 2490.7
1223480 2490.7
1223490 2485.4
1223500 2479.8
1223510 2484.2
1223520 2478.4
1223530 2472.4
1223540 2466.3
1223550 2466.3
1223560 2459.9
1223570 2453.7
1223580 2453.7
1223590 2447.5
1223600 2441.1
1223610 2441.1
1223620 2434.4
1223630 2428.3
1223640 2428.3
1223650 2422.4
1223660 2416.4
1223670 2416.4
1223680 2410.0
1223690 2404.0
1223700 2404.0
1223710 2398.3
1223720 2392.7
1223730 2392.7
1223740 2387.6
1223750 2383.9
1223760 2382.0
1223770 2382.0
1223780 2380.3
1223790 2378.5
1223800 2378.5
1223810 2376.7
1223820 2374.4
1223830 2374.4
1223840 2371.3
1223850 2368.1
1223860 2368.1
1223870 2364.9
1223880 2359.7
1223890 2359.7
1223900 2354.5
1223910 2351.0
1223920 2351.0
1223930 2347.3
1223940 2343.6
1223950 2343.6
1223960 2339.7
1223970 2336.2
1223980 2333.1
1223990 2333.1
1224000 2339.0
1224010 2339.4
1224020 2339.4
1224030 2339.6
1224040 2339.9
1224050 2339.9
1224060 2340.1
1224070 2341.3
1224080 2341.3
1224090 2342.4
1224100 2344.0
1224110 2344.0
1224120 2345.8
1224130 2349.4
1224140 2349.4
1224150 2351.9
1224160 2352.9
1224170 2352.9
1224180 2353.9
1224190 2354.8
1224200 2354.8
1224210 2355.0
1224220 2355.0
1224230 2356.6
1224240 2356.6
1224250 2356.2
1224260 2354.1
1224270 2354.1
1224280 2350.8
1224290 2349.7
1224300 2349.7
1224310 2354.5
1224320 2358.1
1224330 2358.1
1224340 2360.5
1224350 2363.3
1224360 2363.3
1224370 2366.4
1224380 2370.1
1224390 2370.1
1224400 2374.2
1224410 2378.2
1224420 2378.2
1224430 2382.0
1224440 2385.9
1224450 2390.8
1224460 2390.8
1224470 2395.6
1224480 2402.2
1224490 2402.2
1224500 2405.3
1224510 2410.8
1224520 2410.8
1224530 2415.5
1224540 2419.1
1224550 2419.1
1224560 2422.4
1224570 2425.1
1224580 2425.1
1224590 2427.6
1224600 2430.2
1224610 2430.2
1224620 2436.0
1224630 2444.4
1224640 2444.4
1224650 2454.9
1224660 2462.8
1224670 2470.0
1224680 2470.0
1224690 2486.8
1224700 2508.6
1224710 2508.6
1224720 2535.7
1224730 2547.1
1224740 2547.1
1224750 2550.4
1224760 2554.6
1224770 2554.6
1224780 2558.5
1224790 2563.3
1224800 2563.3
1224810 2569.4
1224820 2582.6
1224830 2582.6
1224840 2599.5
1224850 2609.2
1224860 2609.2
1224870 2616.5
1224880 2623.6
1224890 2628.9
1224900 2628.9
1224910 2633.2
1224920 2634.2
1224930 2634.2
1224940 2636.7
1224950 2635.7
1224960 2635.7
1224970 2646.5
1224980 2645.5
1224990 2645.5
1225000 2648.6
1225010 2652.5
1225020 2652.5
1225030 2657.8
1225040 2664.9
1225050 2664.9
1225060 2673.2
1225070 2679.8
1225080 2679.8
1225090 2686.8
1225100 2692.6
1225110 2692.6
1225120 2700.8
1225130 2709.6
1225140 2721.4
1225150 2721.4
1225160 2746.4
1225170 2767.8
1225180 2767.8
1225190 2788.3
1225200 2806.1
1225210 2806.1
1225220 2814.9
1225230 2825.2
1225240 2825.2
1225250 2835.1
1225260 2844.9
1225270 2844.9
1225280 2853.3
1225290 2856.8
1225300 2856.8
1225310 2860.8
1225320 2864.5
1225330 2864.5
1225340 2872.2
1225350 2883.6
1225360 2900.1
1225370 2900.1
1225380 2913.9
1225390 2917.5
1225400 2917.5
1225410 2917.1
1225420 2916.6
1225430 2916.6
1225440 2916.9
1225450 2919.1
1225460 2914.2
1225470 2919.1
1225480 2926.3
1225490 2926.3
1225500 2933.7
1225510 2941.3
1225520 2941.3
1225530 2948.9
1225540 2956.1
1225550 2956.1
1225560 2962.8
1225570 2967.6
1225580 2969.3
1225590 2969.3
1225600 2968.4
1225610 2966.4
1225620 2966.4
1225630 2963.4
1225640 2959.7
1225650 2959.7
1225660 2955.7
1225670 2951.3
1225680 2951.3
1225690 2947.0
1225700 2943.3
1225710 2943.3
1225720 2943.2
1225730 2941.9
1225740 2941.9
1225750 2941.4
1225760 2938.9
1225770 2938.9
1225780 2933.2
1225790 2931.4
1225800 2931.1
1225810 2931.1
1225820 2932.6
1225830 2931.5
1225840 2931.5
1225850 2931.6
1225860 2933.6
1225870 2933.6
1225880 2936.6
1225890 2940.1
1225900 2940.1
1225910 2943.9
1225920 2947.8
1225930 2947.8
1225940 2951.5
1225950 2954.6
1225960 2954.6
1225970 2957.9
1225980 2961.1
1225990 2961.1
1226000 2964.0
1226010 2966.7
1226020 2969.1
1226030 2969.1
1226040 2971.4
1226050 2973.4
1226060 2973.4
1226070 2975.2
1226080 2977.0
1226090 2977.0
1226100 2978.7
1226110 2980.2
1226120 2980.2
1226130 2981.6
1226140 2982.9
1226150 2982.9
1226160 2984.1
1226170 2985.2
1226180 2985.2
1226190 2986.2
1226200 2987.3
1226210 2987.3
1226220 2988.4
1226230 2989.5
1226240 2989.5
1226250 2990.7
1226260 2991.9
1226270 2993.1
1226280 2993.1
1226290 2994.4
1226300 2995.7
1226310 2995.7
1226320 2997.0
1226330 2998.4
1226340 2998.4
1226350 2999.9
1226360 3001.3
1226370 3001.3
1226380 3002.8
1226390 3004.3
1226400 3004.3
1226410 3005.9
1226420 3007.4
1226430 3007.4
1226440 3008.7
1226450 3010.2
1226460 3010.2
1226470 3011.8
1226480 3013.3
1226490 3014.7
1226500 3014.7
1226510 3016.3
1226520 3017.8
1226530 3017.8
1226540 3019.4
1226550 3021.0
1226560 3021.0
1226570 3022.6
1226580 3024.2
1226590 3024.2
1226600 3025.8
1226610 3027.7
1226620 3027.7
1226630 3029.7
1226640 3031.8
1226650 3031.8
1226660 3034.2
1226670 3036.7
1226680 3036.7
1226690 3039.3
1226700 3042.0
1226710 3044.9
1226720 3044.9
1226730 3047.7
1226740 3050.7
1226750 3050.7
1226760 3053.7
1226770 3056.7
1226780 3056.7
1226790 3059.7
1226800 3062.8
1226810 3062.8
1226820 3065.8
1226830 3068.7
1226840 3068.7
1226850 3071.6
1226860 3074.6
1226870 3074.6
1226880 3077.5
1226890 3080.3
1226900 3080.3
1226910 3083.2
1226920 3086.2
1226930 3086.6
1226940 3086.6
1226950 3088.9
1226960 3091.7
1226970 3091.7
1226980 3095.4
1226990 3098.5
1227000 3098.5
1227010 3101.5
1227020 3104.4
1227030 3104.4
1227040 3107.2
1227050 3109.7
1227060 3109.7
1227070 3112.0
1227080 3113.6
1227090 3113.6
1227100 3114.1
1227110 3114.9
1227120 3114.9
1227130 3120.9
1227140 3128.9
1227150 3128.9
1227160 3136.1
1227170 3144.8
1227180 3149.9
1227190 3149.9
1227200 3159.7
1227210 3169.0
1227220 3169.0
1227230 3172.9
1227240 3175.8
1227250 3175.8
1227260 3179.2
1227270 3181.0
1227280 3181.0
1227290 3184.2
1227300 3183.9
1227310 3183.9
1227320 3182.4
1227330 3180.5
1227340 3180.5
1227350 3177.7
1227360 3174.6
1227370 3174.6
1227380 3171.4
1227390 3168.1
1227400 3164.9
1227410 3164.9
1227420 3161.4
1227430 3161.3
1227440 3161.3
1227450 3157.9
1227460 3153.7
1227470 3153.7
1227480 3150.4
1227490 3143.9
1227500 3143.9
1227510 3134.4
1227520 3126.6
1227530 3126.6
1227540 3122.7
1227550 3121.8
1227560 3121.8
1227570 3120.1
1227580 3118.0
1227590 3118.0
1227600 3113.3
1227610 3108.7
1227620 3105.0
1227630 3105.0
1227640 3101.7
1227650 3098.4
1227660 3098.4
1227670 3094.2
1227680 3091.7
1227690 3091.7
1227700 3089.2
1227710 3087.6
1227720 3087.6
1227730 3086.9
1227740 3083.7
1227750 3083.7
1227760 3080.0
1227770 3080.2
1227780 3080.2
1227790 3081.1
1227800 3081.1
1227810 3081.1
1227820 3080.5
1227830 3079.8
1227840 3080.2
1227850 3080.2
1227860 3073.7
1227870 3062.6
1227880 3062.6
1227890 3056.1
1227900 3053.8
1227910 3053.8
1227920 3041.5
1227930 3036.0
1227940 3036.0
1227950 3030.7
1227960 3025.3
1227970 3025.3
1227980 3019.7
1227990 3013.6
1228000 3013.6
1228010 3007.2
1228020 3000.6
1228030 3000.6
1228040 2994.0
1228050 2987.6
1228060 2987.6
1228070 2981.8
1228080 2976.6
1228090 2971.9
1228100 2971.9
1228110 2968.1
1228120 2964.7
1228130 2964.7
1228140 2961.4
1228150 2958.5
1228160 2958.5
1228170 2956.1
1228180 2954.5
1228190 2954.5
1228200 2953.3
1228210 2952.2
1228220 2952.2
1228230 2949.7
1228240 2947.8
1228250 2947.8
1228260 2946.4
1228270 2944.8
1228280 2944.8
1228290 2944.7
1228300 2944.2
1228310 2942.0
1228320 2942.0
1228330 2939.2
1228340 2937.0
1228350 2937.0
1228360 2934.9
1228370 2933.4
1228380 2933.4
1228390 2932.8
1228400 2933.0
1228410 2931.9
1228420 2932.4
1228430 2931.0
1228440 2931.0
1228450 2930.6
1228460 2931.1
1228470 2931.1
1228480 2931.3
1228490 2930.4
1228500 2930.4
1228510 2926.7
1228520 2923.7
1228530 2921.8
1228540 2921.8
1228550 2920.0
1228560 2917.6
1228570 2917.6
1228580 2914.0
1228590 2909.8
1228600 2909.8
1228610 2908.4
1228620 2908.1
1228630 2908.1
1228640 2908.6
1228650 2909.0
1228660 2909.0
1228670 2911.0
1228680 2916.7
1228690 2916.7
1228700 2923.5
1228710 2925.9
1228720 2925.9
1228730 2925.8
1228740 2926.1
1228750 2928.3
1228760 2928.3
1228770 2930.5
1228780 2931.8
1228790 2931.8
1228800 2936.3
1228810 2934.0
1228820 2934.0
1228830 2928.3
1228840 2916.9
1228850 2916.9
1228860 2906.0
1228870 2896.5
1228880 2896.5
1228890 2890.2
1228900 2884.1
1228910 2888.4
1228920 2882.1
1228930 2875.6
1228940 2875.6
1228950 2868.9
1228960 2862.0
1228970 2862.0
1228980 2855.3
1228990 2848.5
1229000 2842.4
1229010 2842.4
1229020 2836.9
1229030 2832.2
1229040 2832.2
1229050 2830.5
1229060 2835.0
1229070 2835.0
1229080 2836.9
1229090 2837.4
1229100 2837.4
1229110 2837.7
1229120 2838.1
1229130 2838.1
1229140 2838.3
1229150 2838.4
1229160 2838.4
1229170 2838.4
1229180 2838.3
1229190 2838.3
1229200 2838.2
1229210 2838.1
1229220 2837.5
1229230 2837.5
1229240 2836.4
1229250 2834.6
1229260 2834.6
1229270 2832.5
1229280 2830.4
1229290 2830.4
1229300 2828.5
1229310 2826.8
1229320 2826.8
1229330 2825.2
1229340 2823.9
1229350 2823.9
1229360 2822.8
1229370 2821.9
1229380 2821.9
1229390 2820.8
1229400 2819.9
1229410 2825.6
1229420 2824.1
1229430 2823.2
1229440 2822.5
1229450 2822.5
1229460 2821.7
1229470 2820.3
1229480 2820.3
1229490 2818.8
1229500 2817.1
1229510 2817.1
1229520 2815.7
1229530 2814.6
1229540 2814.6
1229550 2813.1
1229560 2811.3
1229570 2811.3
1229580 2808.9
1229590 2806.5
1229600 2806.5
1229610 2804.9
1229620 2803.9
1229630 2803.9
1229640 2802.9
1229650 2801.7
1229660 2801.2
1229670 2801.2
1229680 2801.1
1229690 2801.3
1229700 2801.3
1229710 2801.4
1229720 2801.3
1229730 2801.3
1229740 2801.9
1229750 2802.6
1229760 2802.6
1229770 2803.5
1229780 2805.0
1229790 2805.0
1229800 2806.8
1229810 2807.9
1229820 2807.9
1229830 2809.4
1229840 2811.0
1229850 2811.0
1229860 2812.7
1229870 2814.4
1229880 2816.0
1229890 2816.0
1229900 2820.4
1229910 2821.7
1229920 2821.7
1229930 2823.0
1229940 2824.6
1229950 2824.6
1229960 2826.4
1229970 2828.5
1229980 2828.5
1229990 2838.1
1230000 2852.6
1230010 2852.6
1230020 2861.7
1230030 2870.3
1230040 2870.3
1230050 2879.5
1230060 2890.3
1230070 2890.3
1230080 2903.4
1230090 2915.9
1230100 2915.9
1230110 2928.7
1230120 2935.8
1230130 2940.0
1230140 2940.0
1230150 2944.1
1230160 2948.2
1230170 2948.2
1230180 2952.8
1230190 2953.6
1230200 2953.6
1230210 2953.0
1230220 2955.0
1230230 2955.0
1230240 2957.0
1230250 2957.5
1230260 2957.5
1230270 2958.5
1230280 2961.1
1230290 2961.1
1230300 2967.8
1230310 2979.5
1230320 2979.5
1230330 2989.2
1230340 2987.7
1230350 2983.1
1230360 2983.1
1230370 2978.7
1230380 2973.6
1230390 2973.6
1230400 2957.0
1230410 2949.4
1230420 2949.4
1230430 2943.2
1230440 2944.3
1230450 2944.3
1230460 2944.5
1230470 2941.2
1230480 2941.2
1230490 2939.3
1230500 2940.4
1230510 2940.4
1230520 2942.0
1230530 2943.7
1230540 2943.7
1230550 2945.4
1230560 2953.2
1230570 2952.3
1230580 2952.3
1230590 2950.2
1230600 2950.7
1230610 2950.7
1230620 2950.8
1230630 2941.1
1230640 2941.1
1230650 2934.7
1230660 2928.5
1230670 2928.5
1230680 2925.7
1230690 2920.0
1230700 2920.0
1230710 2915.1
1230720 2920.2
1230730 2920.2
1230740 2922.3
1230750 2917.0
1230760 2917.0
1230770 2910.0
1230780 2903.4
1230790 2900.5
1230800 2900.5
1230810 2902.7
1230820 2908.6
1230830 2908.6
1230840 2910.9
1230850 2913.3
1230860 2913.3
1230870 2910.6
1230880 2902.6
1230890 2902.6
1230900 2886.7
1230910 2879.7
1230920 2879.7
1230930 2876.3
1230940 2876.1
1230950 2876.1
1230960 2880.4
1230970 2886.5
1230980 2886.5
1230990 2887.9
1231000 2889.3
1231010 2889.3
1231020 2885.7
1231030 2889.4
1231040 2891.1
1231050 2891.1
1231060 2890.3
1231070 2887.0
1231080 2887.0
1231090 2892.2
1231100 2893.5
1231110 2893.5
1231120 2890.0
1231130 2892.9
1231140 2892.9
1231150 2890.7
1231160 2880.9
1231170 2880.9
1231180 2871.4
1231190 2862.4
1231200 2862.4
1231210 2862.2
1231220 2866.0
1231230 2866.0
1231240 2858.0
1231250 2850.4
1231260 2847.8
1231270 2847.8
1231280 2844.2
1231290 2839.5
1231300 2839.5
1231310 2834.2
1231320 2829.1
1231330 2829.1
1231340 2824.5
1231350 2822.4
1231360 2822.4
1231370 2821.6
1231380 2820.1
1231390 2820.1
1231400 2814.0
1231410 2811.5
1231420 2811.5
1231430 2809.1
1231440 2806.1
1231450 2806.1
1231460 2801.8
1231470 2799.2
1231480 2799.4
1231490 2799.4
1231500 2796.4
1231510 2791.3
1231520 2791.3
1231530 2787.7
1231540 2785.2
1231550 2785.2
1231560 2781.5
1231570 2776.4
1231580 2776.4
1231590 2771.9
1231600 2768.0
1231610 2768.0
1231620 2764.7
1231630 2760.8
1231640 2760.8
1231650 2757.2
1231660 2754.1
1231670 2754.1
1231680 2750.4
1231690 2748.2
1231700 2747.0
1231710 2747.0
1231720 2745.1
1231730 2743.0
1231740 2743.0
1231750 2742.1
1231760 2741.5
1231770 2741.5
1231780 2741.7
1231790 2742.3
1231800 2742.3
1231810 2743.1
1231820 2746.1
1231830 2746.1
1231840 2751.3
1231850 2756.7
1231860 2756.7
1231870 2760.6
1231880 2763.3
1231890 2763.3
1231900 2760.2
1231910 2764.0
1231920 2764.0
1231930 2769.2
1231940 2775.0
1231950 2780.7
1231960 2780.7
1231970 2783.5
1231980 2785.2
1231990 2785.2
1232000 2786.6
1232010 2786.0
1232020 2786.0
1232030 2785.9
1232040 2786.8
1232050 2786.8
1232060 2787.4
1232070 2786.7
1232080 2786.7
1232090 2786.7
1232100 2786.6
1232110 2786.6
1232120 2786.2
1232130 2783.8
1232140 2783.8
1232150 2777.2
1232160 2768.4
1232170 2760.9
1232180 2760.9
1232190 2755.0
1232200 2749.5
1232210 2749.5
1232220 2744.2
1232230 2739.7
1232240 2739.7
1232250 2735.5
1232260 2732.0
1232270 2732.0
1232280 2730.1
1232290 2728.5
1232300 2728.5
1232310 2727.8
1232320 2727.2
1232330 2727.2
1232340 2726.6
1232350 2725.5
1232360 2725.5
1232370 2724.1
1232380 2722.6
1232390 2721.1
1232400 2721.1
1232410 2724.2
1232420 2722.8
1232430 2722.8
1232440 2720.8
1232450 2718.5
1232460 2718.5
1232470 2717.3
1232480 2716.0
1232490 2716.0
1232500 2714.1
1232510 2711.5
1232520 2711.5
1232530 2708.9
1232540 2707.0
1232550 2707.0
1232560 2705.9
1232570 2705.1
1232580 2705.1
1232590 2703.9
1232600 2702.2
1232610 2700.1
1232620 2700.1
1232630 2697.6
1232640 2695.0
1232650 2695.0
1232660 2692.6
1232670 2690.2
1232680 2690.2
1232690 2687.9
1232700 2685.0
1232710 2685.0
1232720 2682.0
1232730 2679.3
1232740 2679.3
1232750 2677.1
1232760 2674.7
1232770 2674.7
1232780 2672.2
1232790 2670.0
1232800 2670.0
1232810 2667.4
1232820 2663.8
1232830 2659.8
1232840 2659.8
1232850 2655.2
1232860 2650.7
1232870 2650.7
1232880 2647.2
1232890 2644.8
1232900 2644.8
1232910 2645.2
1232920 2647.6
1232930 2647.6
1232940 2650.3
1232950 2651.8
1232960 2651.8
1232970 2651.3
1232980 2651.3
1232990 2651.3
1233000 2650.7
1233010 2650.4
1233020 2650.4
1233030 2649.0
1233040 2646.6
1233050 2646.6
1233060 2644.1
1233070 2641.9
1233080 2640.7
1233090 2640.7
1233100 2637.7
1233110 2632.2
1233120 2632.2
1233130 2631.4
1233140 2629.7
1233150 2629.7
1233160 2623.4
1233170 2619.5
1233180 2619.5
1233190 2621.4
1233200 2622.5
1233210 2622.5
1233220 2618.0
1233230 2612.1
1233240 2612.1
1233250 2611.1
1233260 2613.0
1233270 2613.0
1233280 2612.3
1233290 2608.8
1233300 2603.5
1233310 2603.5
1233320 2595.9
1233330 2587.9
1233340 2587.9
1233350 2580.7
1233360 2575.3
1233370 2575.3
1233380 2569.9
1233390 2564.5
1233400 2564.5
1233410 2560.9
1233420 2560.9
1233430 2560.9
1233440 2557.8
1233450 2554.0
1233460 2554.0
1233470 2551.1
1233480 2550.5
1233490 2550.5
1233500 2552.7
1233510 2554.8
1233520 2554.9
1233530 2554.9
1233540 2552.6
1233550 2547.0
1233560 2547.0
1233570 2541.0
1233580 2535.3
1233590 2535.3
1233600 2529.9
1233610 2525.1
1233620 2525.1
1233630 2521.1
1233640 2518.2
1233650 2518.2
1233660 2516.4
1233670 2514.8
1233680 2514.8
1233690 2513.0
1233700 2512.1
1233710 2512.1
1233720 2511.6
1233730 2511.4
1233740 2512.3
1233750 2512.3
1233760 2514.1
1233770 2515.6
1233780 2515.6
1233790 2516.1
1233800 2515.9
1233810 2515.9
1233820 2515.1
1233830 2513.0
1233840 2513.0
1233850 2510.8
1233860 2509.7
1233870 2509.7
1233880 2506.6
1233890 2504.0
1233900 2504.0
1233910 2503.1
1233920 2500.4
1233930 2500.4
1233940 2498.7
1233950 2493.9
1233960 2493.9
1233970 2486.2
1233980 2479.0
1233990 2472.3
1234000 2472.3
1234010 2465.9
1234020 2459.7
1234030 2459.7
1234040 2453.9
1234050 2448.9
1234060 2448.9
1234070 2445.5
1234080 2444.4
1234090 2444.4
1234100 2443.5
1234110 2441.8
1234120 2441.8
1234130 2439.8
1234140 2438.2
1234150 2438.2
1234160 2437.1
1234170 2436.0
1234180 2436.0
1234190 2433.5
1234200 2428.6
1234210 2425.1
1234220 2425.1
1234230 2422.8
1234240 2421.1
1234250 2421.1
1234260 2420.2
1234270 2419.6
1234280 2419.6
1234290 2418.1
1234300 2417.6
1234310 2417.6
1234320 2417.7
1234330 2417.7
1234340 2417.7
1234350 2417.6
1234360 2417.3
1234370 2417.3
1234380 2417.1
1234390 2418.3
1234400 2418.3
1234410 2418.9
1234420 2418.7
1234430 2411.8
1234440 2411.8
1234450 2411.8
1234460 2411.1
1234470 2411.1
1234480 2411.8
1234490 2413.5
1234500 2413.5
1234510 2413.5
1234520 2410.6
1234530 2410.6
1234540 2403.0
1234550 2396.3
1234560 2396.3
1234570 2391.2
1234580 2387.9
1234590 2387.9
1234600 2384.3
1234610 2381.1
1234620 2381.1
1234630 2377.6
1234640 2374.9
1234650 2372.7
1234660 2372.7
1234670 2370.8
1234680 2369.3
1234690 2369.3
1234700 2368.9
1234710 2367.8
1234720 2367.8
1234730 2366.6
1234740 2365.6
1234750 2365.6
1234760 2366.0
1234770 2366.0
1234780 2366.0
1234790 2365.1
1234800 2365.1
1234810 2365.1
1234820 2365.6
1234830 2364.7
1234840 2364.7
1234850 2362.1
1234860 2360.9
1234870 2362.5
1234880 2362.5
1234890 2365.5
1234900 2366.9
1234910 2366.9
1234920 2366.0
1234930 2366.4
1234940 2363.3
1234950 2363.0
1234960 2364.8
1234970 2364.8
1234980 2366.5
1234990 2369.5
1235000 2369.5
1235010 2372.8
1235020 2376.6
1235030 2376.6
1235040 2381.0
1235050 2385.1
1235060 2385.1
1235070 2389.1
1235080 2392.2
1235090 2392.2
1235100 2392.5
1235110 2389.8
1235120 2386.0
1235130 2386.0
1235140 2381.9
1235150 2377.6
1235160 2377.6
1235170 2373.4
1235180 2369.5
1235190 2369.5
1235200 2366.1
1235210 2362.3
1235220 2362.3
1235230 2357.7
1235240 2353.9
1235250 2353.9
1235260 2351.3
1235270 2347.2
1235280 2347.2
1235290 2341.5
1235300 2335.9
1235310 2335.9
1235320 2331.6
1235330 2327.5
1235340 2323.4
1235350 2323.4
1235360 2319.0
1235370 2313.6
1235380 2313.6
1235390 2309.0
1235400 2303.9
1235410 2303.9
1235420 2298.8
1235430 2293.0
1235440 2293.0
1235450 2284.5
1235460 2279.0
1235470 2279.0
1235480 2273.2
1235490 2267.5
1235500 2267.5
1235510 2262.2
1235520 2257.2
1235530 2257.2
1235540 2252.3
1235550 2247.3
1235560 2242.9
1235570 2242.9
1235580 2239.7
1235590 2236.9
1235600 2236.9
1235610 2233.8
1235620 2231.8
1235630 2231.8
1235640 2229.6
1235650 2227.2
1235660 2227.2
1235670 2225.1
1235680 2223.2
1235690 2223.2
1235700 2220.4
1235710 2217.5
1235720 2217.5
1235730 2214.8
1235740 2211.5
1235750 2211.5
1235760 2208.6
1235770 2205.1
1235780 2201.2
1235790 2201.2
1235800 2196.3
1235810 2190.7
1235820 2190.7
1235830 2185.3
1235840 2179.7
1235850 2179.7
1235860 2173.8
1235870 2167.6
1235880 2167.6
1235890 2162.0
1235900 2157.1
1235910 2157.1
1235920 2152.4
1235930 2148.5
1235940 2148.5
1235950 2140.1
1235960 2135.3
1235970 2135.3
1235980 2129.5
1235990 2125.1
1236000 2125.1
1236010 2120.9
1236020 2116.1
1236030 2111.6
1236040 2111.6
1236050 2109.3
1236060 2108.7
1236070 2108.7
1236080 2109.4
1236090 2110.5
1236100 2110.5
1236110 2111.3
1236120 2112.7
1236130 2112.7
1236140 2114.8
1236150 2116.6
1236160 2116.6
1236170 2118.6
1236180 2121.1
1236190 2121.1
1236200 2123.8
1236210 2126.6
1236220 2126.6
1236230 2129.7
1236240 2133.2
1236250 2136.8
1236260 2136.8
1236270 2140.4
1236280 2143.9
1236290 2143.9
1236300 2147.2
1236310 2149.9
1236320 2149.9
1236330 2153.0
1236340 2155.9
1236350 2155.9
1236360 2158.5
1236370 2160.3
1236380 2160.3
1236390 2161.9
1236400 2164.0
1236410 2164.0
1236420 2165.1
1236430 2166.3
1236440 2166.3
1236450 2166.7
1236460 2166.9
1236470 2171.8
1236480 2171.8
1236490 2171.1
1236500 2170.2
1236510 2170.2
1236520 2169.2
1236530 2168.0
1236540 2168.0
1236550 2166.5
1236560 2165.5
1236570 2165.5
1236580 2166.0
1236590 2168.2
1236600 2168.2
1236610 2170.8
1236620 2173.0
1236630 2173.0
1236640 2174.0
1236650 2174.7
1236660 2174.7
1236670 2179.5
1236680 2190.5
1236690 2197.9
1236700 2197.9
1236710 2201.4
1236720 2203.8
1236730 2203.8
1236740 2206.7
1236750 2215.0
1236760 2215.0
1236770 2223.7
1236780 2229.2
1236790 2229.2
1236800 2232.7
1236810 2236.3
1236820 2236.3
1236830 2239.5
1236840 2242.8
1236850 2242.8
1236860 2247.2
1236870 2251.8
1236880 2251.8
1236890 2254.9
1236900 2258.8
1236910 2258.8
1236920 2261.4
1236930 2265.3
1236940 2270.1
1236950 2270.1
1236960 2273.2
1236970 2279.2
1236980 2302.3
1236990 2305.6
1237000 2305.2
1237010 2305.2
1237020 2310.6
1237030 2315.5
1237040 2315.5
1237050 2322.4
1237060 2326.7
1237070 2326.7
1237080 2328.3
1237090 2332.9
1237100 2332.9
1237110 2335.4
1237120 2333.8
1237130 2333.8
1237140 2330.2
1237150 2322.7
1237160 2313.3
1237170 2313.3
1237180 2305.2
1237190 2300.9
1237200 2300.9
1237210 2300.8
1237220 2300.6
1237230 2300.6
1237240 2300.3
1237250 2300.0
1237260 2300.0
1237270 2300.0
1237280 2300.5
1237290 2300.5
1237300 2301.3
1237310 2302.3
1237320 2302.3
1237330 2303.0
1237340 2303.9
1237350 2303.9
1237360 2304.9
1237370 2306.1
1237380 2307.5
1237390 2307.5
1237400 2308.5
1237410 2308.8
1237420 2308.8
1237430 2308.8
1237440 2309.3
1237450 2309.3
1237460 2310.9
1237470 2313.2
1237480 2313.2
1237490 2321.9
1237500 2324.1
1237510 2324.1
1237520 2326.3
1237530 2328.4
1237540 2328.4
1237550 2330.0
1237560 2331.5
1237570 2331.5
1237580 2332.4
1237590 2333.2
1237600 2340.1
1237610 2340.1
1237620 2367.5
1237630 2404.9
1237640 2404.9
1237650 2434.7
1237660 2472.5
1237670 2472.5
1237680 2521.6
1237690 2542.8
1237700 2542.8
1237710 2542.7
1237720 2541.7
1237730 2541.7
1237740 2539.3
1237750 2534.9
1237760 2534.9
1237770 2530.0
1237780 2528.0
1237790 2528.0
1237800 2532.8
1237810 2531.8
1237820 2523.1
1237830 2523.1
1237840 2515.1
1237850 2511.0
1237860 2511.0
1237870 2503.5
1237880 2495.4
1237890 2495.4
1237900 2487.3
1237910 2481.8
1237920 2481.8
1237930 2476.1
1237940 2471.8
1237950 2471.8
1237960 2476.6
1237970 2478.4
1237980 2478.4
1237990 2473.6
1238000 2472.5
1238010 2472.5
1238020 2461.2
1238030 2452.3
1238040 2452.3
1238050 2444.8
1238060 2438.4
1238070 2432.9
1238080 2432.9
1238090 2427.6
1238100 2421.2
1238110 2421.2
1238120 2414.0
1238130 2406.8
1238140 2406.8
1238150 2398.8
1238160 2387.6
1238170 2387.6
1238180 2378.2
1238190 2373.1
1238200 2373.1
1238210 2368.7
1238220 2364.7
1238230 2364.7
1238240 2360.0
1238250 2354.5
1238260 2354.5
1238270 2349.2
1238280 2342.4
1238290 2335.2
1238300 2335.2
1238310 2329.0
1238320 2323.9
1238330 2323.9
1238340 2318.3
1238350 2311.7
1238360 2311.7
1238370 2306.6
1238380 2301.7
1238390 2301.7
1238400 2297.6
1238410 2294.2
1238420 2294.2
1238430 2288.8
1238440 2281.8
1238450 2281.8
1238460 2275.7
1238470 2268.1
1238480 2268.1
1238490 2259.9
1238500 2251.0
1238510 2236.3
1238520 2244.4
1238530 2223.6
1238540 2206.5
1238550 2206.5
1238560 2195.7
1238570 2171.8
1238580 2171.8
1238590 2142.5
1238600 2126.5
1238610 2126.5
1238620 2112.4
1238630 2102.2
1238640 2102.2
1238650 2089.0
1238660 2072.9
1238670 2072.9
1238680 2063.2
1238690 2055.7
1238700 2055.7
1238710 2047.8
1238720 2037.9
1238730 2024.3
1238740 2024.3
1238750 2008.9
1238760 1998.5
1238770 1998.5
1238780 1991.0
1238790 1981.1
1238800 1981.1
1238810 1971.3
1238820 1960.1
1238830 1960.1
1238840 1951.3
1238850 1942.2
1238860 1942.2
1238870 1932.7
1238880 1922.0
1238890 1922.0
1238900 1912.9
1238910 1906.9
1238920 1906.9
1238930 1901.0
1238940 1895.3
1238950 1895.3
1238960 1889.5
1238970 1884.3
1238980 1879.6
1238990 1879.6
1239000 1875.3
1239010 1872.1
1239020 1872.1
1239030 1869.3
1239040 1869.2
1239050 1869.2
1239060 1867.3
1239070 1864.8
1239080 1864.8
1239090 1862.6
1239100 1860.6
1239110 1860.6
1239120 1858.3
1239130 1857.4
1239140 1857.4
1239150 1854.9
1239160 1853.6
1239170 1853.6
1239180 1852.2
1239190 1851.8
1239200 1852.3
1239210 1852.3
1239220 1850.5
1239230 1848.8
1239240 1848.8
1239250 1848.3
1239260 1849.3
1239270 1849.3
1239280 1850.7
1239290 1851.1
1239300 1851.1
1239310 1851.0
1239320 1851.4
1239330 1851.4
1239340 1851.9
1239350 1850.4
1239360 1850.4
1239370 1851.5
1239380 1852.2
1239390 1852.2
1239400 1851.1
1239410 1851.4
1239420 1852.9
1239430 1852.9
1239440 1853.6
1239450 1853.4
1239460 1853.4
1239470 1853.0
1239480 1851.2
1239490 1851.2
1239500 1851.4
1239510 1852.9
1239520 1852.9
1239530 1854.4
1239540 1853.8
1239550 1856.8
1239560 1856.5
1239570 1857.4
1239580 1857.4
1239590 1857.7
1239600 1862.5
1239610 1862.5
1239620 1868.8
1239630 1875.1
1239640 1881.6
1239650 1881.6
1239660 1888.1
1239670 1894.5
1239680 1894.5
1239690 1900.8
1239700 1907.5
1239710 1907.5
1239720 1914.1
1239730 1920.5
1239740 1920.5
1239750 1926.6
1239760 1931.9
1239770 1931.9
1239780 1935.9
1239790 1941.0
1239800 1941.0
1239810 1947.5
1239820 1959.0
1239830 1959.0
1239840 1973.9
1239850 1977.8
1239860 1986.9
1239870 1986.9
1239880 2006.6
1239890 2010.9
1239900 2010.9
1239910 2003.6
1239920 2001.5
1239930 2001.5
1239940 2017.6
1239950 2038.2
1239960 2038.2
1239970 2053.3
1239980 2068.1
1239990 2068.1
