1220000 1529.3
1220010 1531.0
1220020 1533.0
1220030 1533.0
1220040 1535.4
1220050 1537.4
1220060 1537.4
1220070 1541.2
1220080 1542.3
1220090 1542.3
1220100 1544.1
1220110 1546.5
1220120 1549.3
1220130 1549.3
1220140 1551.6
1220150 1554.3
1220160 1554.3
1220170 1557.3
1220180 1560.7
1220190 1560.7
1220200 1565.4
1220210 1572.2
1220220 1572.2
1220230 1584.5
1220240 1595.0
1220250 1595.0
1220260 1612.0
1220270 1621.1
1220280 1621.1
1220290 1633.6
1220300 1647.7
1220310 1647.7
1220320 1657.5
1220330 1669.3
1220340 1681.2
1220350 1681.2
1220360 1688.9
1220370 1696.6
1220380 1696.6
1220390 1704.5
1220400 1711.2
1220410 1711.2
1220420 1715.8
1220430 1719.9
1220440 1719.9
1220450 1726.2
1220460 1732.9
1220470 1732.9
1220480 1738.6
1220490 1746.5
1220500 1746.5
1220510 1755.6
1220520 1764.5
1220530 1764.5
1220540 1773.9
1220550 1786.7
1220560 1795.8
1220570 1795.8
1220580 1804.5
1220590 1812.8
1220600 1812.8
1220610 1819.2
1220620 1825.3
1220630 1825.3
1220640 1830.6
1220650 1835.9
1220660 1835.9
1220670 1841.8
1220680 1847.0
1220690 1847.0
1220700 1854.0
1220710 1860.9
1220720 1860.9
1220730 1868.1
1220740 1875.0
1220750 1875.0
1220760 1882.3
1220770 1888.2
1220780 1888.2
1220790 1894.2
1220800 1901.3
1220810 1907.1
1220820 1907.1
1220830 1911.5
1220840 1916.4
1220850 1916.4
1220860 1923.5
1220870 1930.4
1220880 1930.4
1220890 1936.3
1220900 1940.3
1220910 1940.3
1220920 1941.7
1220930 1942.9
1220940 1942.9
1220950 1944.1
1220960 1944.9
1220970 1944.9
1220980 1946.8
1220990 1949.5
1221000 1949.5
1221010 1951.5
1221020 1951.6
1221030 1957.7
1221040 1957.7
1221050 1959.4
1221060 1962.2
1221070 1962.2
1221080 1965.4
1221090 1967.6
1221100 1967.6
1221110 1969.3
1221120 1970.5
1221130 1970.5
1221140 1972.0
1221150 1972.1
1221160 1972.1
1221170 1971.8
1221180 1973.0
1221190 1973.0
1221200 1975.1
1221210 1977.9
1221220 1977.9
1221230 1981.8
1221240 1988.0
1221250 1994.4
1221260 1994.4
1221270 2001.0
1221280 2007.4
1221290 2007.4
1221300 2014.0
1221310 2020.1
1221320 2020.1
1221330 2022.7
1221340 2023.5
1221350 2023.5
1221360 2023.6
1221370 2025.0
1221380 2025.0
1221390 2028.3
1221400 2032.3
1221410 2032.3
1221420 2035.4
1221430 2039.9
1221440 2039.9
1221450 2045.3
1221460 2049.9
1221470 2049.9
1221480 2054.0
1221490 2059.9
1221500 2066.8
1221510 2070.1
1221520 2076.2
1221530 2082.4
1221540 2082.4
1221550 2088.7
1221560 2094.7
1221570 2094.7
1221580 2101.1
1221590 2107.9
1221600 2107.9
1221610 2113.7
1221620 2118.1
1221630 2118.1
1221640 2122.5
1221650 2128.2
1221660 2128.2
1221670 2135.3
1221680 2142.6
1221690 2142.6
1221700 2149.9
1221710 2156.8
1221720 2163.6
1221730 2163.6
1221740 2169.9
1221750 2175.6
1221760 2175.6
1221770 2181.4
1221780 2187.2
1221790 2187.2
1221800 2193.5
1221810 2199.5
1221820 2199.5
1221830 2204.5
1221840 2211.0
1221850 2211.0
1221860 2217.3
1221870 2223.1
1221880 2223.1
1221890 2226.0
1221900 2225.0
1221910 2225.0
1221920 2222.2
1221930 2223.6
1221940 2227.2
1221950 2227.2
1221960 2231.0
1221970 2235.7
1221980 2235.7
1221990 2242.3
1222000 2253.2
1222010 2253.2
1222020 2259.7
1222030 2265.7
1222040 2265.7
1222050 2271.8
1222060 2278.6
1222070 2278.6
1222080 2285.6
1222090 2292.6
1222100 2292.6
1222110 2300.3
1222120 2307.4
1222130 2307.4
1222140 2314.6
1222150 2321.2
1222160 2326.7
1222170 2326.7
1222180 2331.6
1222190 2336.6
1222200 2336.6
1222210 2340.8
1222220 2343.5
1222230 2343.5
1222240 2342.7
1222250 2339.4
1222260 2339.4
1222270 2334.2
1222280 2328.5
1222290 2328.5
1222300 2325.2
1222310 2323.7
1222320 2323.7
1222330 2323.7
1222340 2324.1
1222350 2324.1
1222360 2323.7
1222370 2324.1
1222380 2324.1
1222390 2323.9
1222400 2324.8
1222410 2327.5
1222420 2327.5
1222430 2330.1
1222440 2332.6
1222450 2332.6
1222460 2334.8
1222470 2336.4
1222480 2342.9
1222490 2344.2
1222500 2343.8
1222510 2343.8
1222520 2341.6
1222530 2340.2
1222540 2340.2
1222550 2340.8
1222560 2344.4
1222570 2344.4
1222580 2353.2
1222590 2354.2
1222600 2354.2
1222610 2355.0
1222620 2357.3
1222630 2361.0
1222640 2361.0
1222650 2365.5
1222660 2371.9
1222670 2371.9
1222680 2377.5
1222690 2381.1
1222700 2381.1
1222710 2385.8
1222720 2392.2
1222730 2392.2
1222740 2397.2
1222750 2400.2
1222760 2400.2
1222770 2404.7
1222780 2409.9
1222790 2409.9
1222800 2414.3
1222810 2418.4
1222820 2418.4
1222830 2422.9
1222840 2428.2
1222850 2433.8
1222860 2433.8
1222870 2439.8
1222880 2445.9
1222890 2445.9
1222900 2452.6
1222910 2461.0
1222920 2461.0
1222930 2470.9
1222940 2483.2
1222950 2483.2
1222960 2494.6
1222970 2502.8
1222980 2502.8
1222990 2511.0
1223000 2517.7
1223010 2517.7
1223020 2521.8
1223030 2524.7
1223040 2524.7
1223050 2527.1
1223060 2529.5
1223070 2529.5
1223080 2530.9
1223090 2531.8
1223100 2531.0
1223110 2531.0
1223120 2529.3
1223130 2526.0
1223140 2526.0
1223150 2524.0
1223160 2525.8
1223170 2525.8
1223180 2527.3
1223190 2529.7
1223200 2529.7
1223210 2532.0
1223220 2537.8
1223230 2537.8
1223240 2541.2
1223250 2533.3
1223260 2533.3
1223270 2522.5
1223280 2511.2
1223290 2511.2
1223300 2501.2
1223310 2492.0
1223320 2484.2
1223330 2484.2
1223340 2477.5
1223350 2470.2
1223360 2470.2
1223370 2459.0
1223380 2447.1
1223390 2447.1
1223400 2436.9
1223410 2425.6
1223420 2425.6
1223430 2415.5
1223440 2406.6
1223450 2409.6
1223460 2398.0
1223470 2388.8
1223480 2388.8
1223490 2380.8
1223500 2372.7
1223510 2372.7
1223520 2366.0
1223530 2358.8
1223540 2351.8
1223550 2351.8
1223560 2345.2
1223570 2338.6
1223580 2338.6
1223590 2332.2
1223600 2326.0
1223610 2326.0
1223620 2320.1
1223630 2314.6
1223640 2314.6
1223650 2309.4
1223660 2304.5
1223670 2304.5
1223680 2299.7
1223690 2294.5
1223700 2294.5
1223710 2289.4
1223720 2284.4
1223730 2284.4
1223740 2279.5
1223750 2274.5
1223760 2269.3
1223770 2269.3
1223780 2264.3
1223790 2259.5
1223800 2259.5
1223810 2254.8
1223820 2250.2
1223830 2250.2
1223840 2246.0
1223850 2241.8
1223860 2241.8
1223870 2237.9
1223880 2233.9
1223890 2233.9
1223900 2228.9
1223910 2222.3
1223920 2222.3
1223930 2215.6
1223940 2214.2
1223950 2214.2
1223960 2209.5
1223970 2205.6
1223980 2205.6
1223990 2202.0
1224000 2196.8
1224010 2191.0
1224020 2191.0
1224030 2187.0
1224040 2186.4
1224050 2186.4
1224060 2187.5
1224070 2188.3
1224080 2188.3
1224090 2187.7
1224100 2184.7
1224110 2184.7
1224120 2183.6
1224130 2184.4
1224140 2184.4
1224150 2184.8
1224160 2184.2
1224170 2184.2
1224180 2185.1
1224190 2187.9
1224200 2187.9
1224210 2193.6
1224220 2198.0
1224230 2200.9
1224240 2200.9
1224250 2203.6
1224260 2208.4
1224270 2208.4
1224280 2212.5
1224290 2216.1
1224300 2216.1
1224310 2220.2
1224320 2225.0
1224330 2225.0
1224340 2230.3
1224350 2235.7
1224360 2235.7
1224370 2241.3
1224380 2246.9
1224390 2246.9
1224400 2252.6
1224410 2258.5
1224420 2258.6
1224430 2264.6
1224440 2270.7
1224450 2276.7
1224460 2276.7
1224470 2282.3
1224480 2287.8
1224490 2287.8
1224500 2293.3
1224510 2298.6
1224520 2298.6
1224530 2304.6
1224540 2310.2
1224550 2310.2
1224560 2316.2
1224570 2322.0
1224580 2322.0
1224590 2328.1
1224600 2333.8
1224610 2333.8
1224620 2339.2
1224630 2345.0
1224640 2345.0
1224650 2351.0
1224660 2358.0
1224670 2384.2
1224680 2384.2
1224690 2403.5
1224700 2422.0
1224710 2422.0
1224720 2435.5
1224730 2441.4
1224740 2441.4
1224750 2448.1
1224760 2452.4
1224770 2452.4
1224780 2456.7
1224790 2458.3
1224800 2458.3
1224810 2455.9
1224820 2453.9
1224830 2453.9
1224840 2455.4
1224850 2460.3
1224860 2460.3
1224870 2472.0
1224880 2496.5
1224890 2496.5
1224900 2528.5
1224910 2540.7
1224920 2551.4
1224930 2551.4
1224940 2557.4
1224950 2566.7
1224960 2566.7
1224970 2579.6
1224980 2587.7
1224990 2587.7
1225000 2594.6
1225010 2602.1
1225020 2602.1
1225030 2620.5
1225040 2647.5
1225050 2647.5
1225060 2663.4
1225070 2674.1
1225080 2674.1
1225090 2686.2
1225100 2696.5
1225110 2696.5
1225120 2705.1
1225130 2711.5
1225140 2720.2
1225150 2720.2
1225160 2729.6
1225170 2740.4
1225180 2740.4
1225190 2753.3
1225200 2763.6
1225210 2763.6
1225220 2775.7
1225230 2785.3
1225240 2785.3
1225250 2797.3
1225260 2808.1
1225270 2808.1
1225280 2816.3
1225290 2824.4
1225300 2824.4
1225310 2834.0
1225320 2841.1
1225330 2841.1
1225340 2846.4
1225350 2854.4
1225360 2864.8
1225370 2864.8
1225380 2876.5
1225390 2885.8
1225400 2878.1
1225410 2889.1
1225420 2897.4
1225430 2897.4
1225440 2905.8
1225450 2910.9
1225460 2910.9
1225470 2919.3
1225480 2926.4
1225490 2926.4
1225500 2925.0
1225510 2918.7
1225520 2918.7
1225530 2910.6
1225540 2902.4
1225550 2902.4
1225560 2893.6
1225570 2886.1
1225580 2886.1
1225590 2879.2
1225600 2874.0
1225610 2867.4
1225620 2867.4
1225630 2863.2
1225640 2858.8
1225650 2858.8
1225660 2854.0
1225670 2851.8
1225680 2851.8
1225690 2851.6
1225700 2854.2
1225710 2854.2
1225720 2853.4
1225730 2845.0
1225740 2845.0
1225750 2841.1
1225760 2837.8
1225770 2837.8
1225780 2835.2
1225790 2835.0
1225800 2835.0
1225810 2836.9
1225820 2829.9
1225830 2821.2
1225840 2821.2
1225850 2814.2
1225860 2807.9
1225870 2807.9
1225880 2803.6
1225890 2806.8
1225900 2806.8
1225910 2804.2
1225920 2802.5
1225930 2802.5
1225940 2800.6
1225950 2797.6
1225960 2797.6
1225970 2793.6
1225980 2789.4
1225990 2789.4
1226000 2784.9
1226010 2781.7
1226020 2781.7
1226030 2780.1
1226040 2780.3
1226050 2780.5
1226060 2780.5
1226070 2779.6
1226080 2780.6
1226090 2780.6
1226100 2786.1
1226110 2791.6
1226120 2791.6
1226130 2792.9
1226140 2791.1
1226150 2791.1
1226160 2794.7
1226170 2798.4
1226180 2798.4
1226190 2800.5
1226200 2798.4
1226210 2798.4
1226220 2791.9
1226230 2784.2
1226240 2784.2
1226250 2777.4
1226260 2772.1
1226270 2765.6
1226280 2765.6
1226290 2759.7
1226300 2756.7
1226310 2756.7
1226320 2753.9
1226330 2751.9
1226340 2751.9
1226350 2751.1
1226360 2750.2
1226370 2750.2
1226380 2756.4
1226390 2756.4
1226400 2756.4
1226410 2757.0
1226420 2758.2
1226430 2758.2
1226440 2757.7
1226450 2756.4
1226460 2756.4
1226470 2754.8
1226480 2755.0
1226490 2755.0
1226500 2754.8
1226510 2753.9
1226520 2755.7
1226530 2755.7
1226540 2761.2
1226550 2760.8
1226560 2760.8
1226570 2760.1
1226580 2758.8
1226590 2758.8
1226600 2757.9
1226610 2759.3
1226620 2759.3
1226630 2764.1
1226640 2767.3
1226650 2767.3
1226660 2771.2
1226670 2778.9
1226680 2778.9
1226690 2790.4
1226700 2798.7
1226710 2798.7
1226720 2802.1
1226730 2805.0
1226740 2800.9
1226750 2800.9
1226760 2792.4
1226770 2787.0
1226780 2787.0
1226790 2784.3
1226800 2781.2
1226810 2781.2
1226820 2785.7
1226830 2790.2
1226840 2790.2
1226850 2789.1
1226860 2788.8
1226870 2797.7
1226880 2802.1
1226890 2810.6
1226900 2810.6
1226910 2818.1
1226920 2822.9
1226930 2822.9
1226940 2826.0
1226950 2827.4
1226960 2828.3
1226970 2828.3
1226980 2821.4
1226990 2802.9
1227000 2802.9
1227010 2791.7
1227020 2785.5
1227030 2785.5
1227040 2779.4
1227050 2777.9
1227060 2777.9
1227070 2778.0
1227080 2786.9
1227090 2786.9
1227100 2793.9
1227110 2803.8
1227120 2803.8
1227130 2806.3
1227140 2797.8
1227150 2797.8
1227160 2786.9
1227170 2782.4
1227180 2782.4
1227190 2781.1
1227200 2780.8
1227210 2781.0
1227220 2781.0
1227230 2775.8
1227240 2762.8
1227250 2762.8
1227260 2748.1
1227270 2746.1
1227280 2746.1
1227290 2745.1
1227300 2745.0
1227310 2745.0
1227320 2745.1
1227330 2746.3
1227340 2746.3
1227350 2746.7
1227360 2747.0
1227370 2751.1
1227380 2751.6
1227390 2751.3
1227400 2751.3
1227410 2751.0
1227420 2750.5
1227430 2749.8
1227440 2749.8
1227450 2749.1
1227460 2748.2
1227470 2748.2
1227480 2747.5
1227490 2748.1
1227500 2748.1
1227510 2748.9
1227520 2751.3
1227530 2751.3
1227540 2755.5
1227550 2758.9
1227560 2758.9
1227570 2761.7
1227580 2765.2
1227590 2765.2
1227600 2768.8
1227610 2793.7
1227620 2793.7
1227630 2818.1
1227640 2827.1
1227650 2829.5
1227660 2829.5
1227670 2833.6
1227680 2837.0
1227690 2837.0
1227700 2840.8
1227710 2850.2
1227720 2850.2
1227730 2854.1
1227740 2838.7
1227750 2838.7
1227760 2824.7
1227770 2825.1
1227780 2825.1
1227790 2825.7
1227800 2827.5
1227810 2827.5
1227820 2828.5
1227830 2827.9
1227840 2827.9
1227850 2827.2
1227860 2826.9
1227870 2821.3
1227880 2821.3
1227890 2818.5
1227900 2819.0
1227910 2819.0
1227920 2820.4
1227930 2821.7
1227940 2821.7
1227950 2822.9
1227960 2824.0
1227970 2824.0
1227980 2825.1
1227990 2826.9
1228000 2826.9
1228010 2828.6
1228020 2831.0
1228030 2831.0
1228040 2833.6
1228050 2836.5
1228060 2836.5
1228070 2839.6
1228080 2843.4
1228090 2843.4
1228100 2848.4
1228110 2853.1
1228120 2857.4
1228130 2857.4
1228140 2862.8
1228150 2868.4
1228160 2868.4
1228170 2874.1
1228180 2879.6
1228190 2879.6
1228200 2885.0
1228210 2897.3
1228220 2897.3
1228230 2913.2
1228240 2920.2
1228250 2920.2
1228260 2924.4
1228270 2927.0
1228280 2927.0
1228290 2934.1
1228300 2946.2
1228310 2946.2
1228320 2961.6
1228330 2967.0
1228340 2971.2
1228350 2984.6
1228360 2993.7
1228370 3012.2
1228380 3012.2
1228390 3013.7
1228400 3007.1
1228410 3007.1
1228420 2994.0
1228430 2982.3
1228440 2982.3
1228450 2967.4
1228460 2956.6
1228470 2956.6
1228480 2948.7
1228490 2938.5
1228500 2938.5
1228510 2929.6
1228520 2921.1
1228530 2921.1
1228540 2908.7
1228550 2887.1
1228560 2872.1
1228570 2872.1
1228580 2863.2
1228590 2855.4
1228600 2855.4
1228610 2849.0
1228620 2843.6
1228630 2843.6
1228640 2837.1
1228650 2829.0
1228660 2829.0
1228670 2822.8
1228680 2817.5
1228690 2817.5
1228700 2812.7
1228710 2808.5
1228720 2808.5
1228730 2804.8
1228740 2801.2
1228750 2801.2
1228760 2797.5
1228770 2794.7
1228780 2792.5
1228790 2792.5
1228800 2791.0
1228810 2791.2
1228820 2791.2
1228830 2792.3
1228840 2791.8
1228850 2793.8
1228860 2791.8
1228870 2787.9
1228880 2787.9
1228890 2785.1
1228900 2781.3
1228910 2781.3
1228920 2777.6
1228930 2775.4
1228940 2775.4
1228950 2771.8
1228960 2768.5
1228970 2768.5
1228980 2765.7
1228990 2764.2
1229000 2764.2
1229010 2764.1
1229020 2763.7
1229030 2763.0
1229040 2763.0
1229050 2763.4
1229060 2763.9
1229070 2763.9
1229080 2765.0
1229090 2766.4
1229100 2766.4
1229110 2768.5
1229120 2770.3
1229130 2770.3
1229140 2771.1
1229150 2771.9
1229160 2771.9
1229170 2772.4
1229180 2772.6
1229190 2772.6
1229200 2772.6
1229210 2772.5
1229220 2772.5
1229230 2771.2
1229240 2766.2
1229250 2758.7
1229260 2758.7
1229270 2751.4
1229280 2744.1
1229290 2744.1
1229300 2736.7
1229310 2730.8
1229320 2730.8
1229330 2725.7
1229340 2719.7
1229350 2720.1
1229360 2714.9
1229370 2710.4
1229380 2710.4
1229390 2705.8
1229400 2701.3
1229410 2701.3
1229420 2697.4
1229430 2693.7
1229440 2693.7
1229450 2689.7
1229460 2686.3
1229470 2683.7
1229480 2683.7
1229490 2683.1
1229500 2681.3
1229510 2681.3
1229520 2678.1
1229530 2675.3
1229540 2675.3
1229550 2672.1
1229560 2669.3
1229570 2669.3
1229580 2666.6
1229590 2663.8
1229600 2663.8
1229610 2660.5
1229620 2657.6
1229630 2657.6
1229640 2654.0
1229650 2649.8
1229660 2649.8
1229670 2646.8
1229680 2644.5
1229690 2644.5
1229700 2642.6
1229710 2641.4
1229720 2641.1
1229730 2641.1
1229740 2640.6
1229750 2639.9
1229760 2639.9
1229770 2639.7
1229780 2639.4
1229790 2639.4
1229800 2638.7
1229810 2637.6
1229820 2637.6
1229830 2636.7
1229840 2636.9
1229850 2638.5
1229860 2638.4
1229870 2638.0
1229880 2638.0
1229890 2637.3
1229900 2636.1
1229910 2636.1
1229920 2634.9
1229930 2634.6
1229940 2634.3
1229950 2634.3
1229960 2633.8
1229970 2633.4
1229980 2633.4
1229990 2632.6
1230000 2631.6
1230010 2631.6
1230020 2630.7
1230030 2630.3
1230040 2630.3
1230050 2630.7
1230060 2632.1
1230070 2632.1
1230080 2631.8
1230090 2630.8
1230100 2630.8
1230110 2631.8
1230120 2632.8
1230130 2632.8
1230140 2633.2
1230150 2633.5
1230160 2633.5
1230170 2633.5
1230180 2632.9
1230190 2631.9
1230200 2631.9
1230210 2631.3
1230220 2631.0
1230230 2631.0
1230240 2629.7
1230250 2628.4
1230260 2628.4
1230270 2628.2
1230280 2627.6
1230290 2627.6
1230300 2625.7
1230310 2622.4
1230320 2622.4
1230330 2616.7
1230340 2612.3
1230350 2612.3
1230360 2612.0
1230370 2613.3
1230380 2613.4
1230390 2613.4
1230400 2611.0
1230410 2611.6
1230420 2611.6
1230430 2610.7
1230440 2608.2
1230450 2608.2
1230460 2607.5
1230470 2607.2
1230480 2607.2
1230490 2609.5
1230500 2612.1
1230510 2612.1
1230520 2613.6
1230530 2614.1
1230540 2614.1
1230550 2616.4
1230560 2617.3
1230570 2617.3
1230580 2617.6
1230590 2619.5
1230600 2619.5
1230610 2621.1
1230620 2623.6
1230630 2627.2
1230640 2627.2
1230650 2632.3
1230660 2637.5
1230670 2637.5
1230680 2643.1
1230690 2648.5
1230700 2648.5
1230710 2653.3
1230720 2657.9
1230730 2657.9
1230740 2661.4
1230750 2664.0
1230760 2664.0
1230770 2668.5
1230780 2673.6
1230790 2673.6
1230800 2678.5
1230810 2682.5
1230820 2682.5
1230830 2687.4
1230840 2695.3
1230850 2700.8
1230860 2700.8
1230870 2707.0
1230880 2713.6
1230890 2713.6
1230900 2721.2
1230910 2728.2
1230920 2728.2
1230930 2735.3
1230940 2745.2
1230950 2745.2
1230960 2758.5
1230970 2770.3
1230980 2770.3
1230990 2799.7
1231000 2825.9
1231010 2825.9
1231020 2832.6
1231030 2844.8
1231040 2844.8
1231050 2859.6
1231060 2876.2
1231070 2889.4
1231080 2889.4
1231090 2899.4
1231100 2907.2
1231110 2907.2
1231120 2914.8
1231130 2921.4
1231140 2921.4
1231150 2929.6
1231160 2938.1
1231170 2938.1
1231180 2949.1
1231190 2959.6
1231200 2959.6
1231210 2969.6
1231220 2982.4
1231230 2982.4
1231240 2996.1
1231250 3003.7
1231260 3003.7
1231270 3008.6
1231280 3021.1
1231290 3031.4
1231300 3031.4
1231310 3037.5
1231320 3043.1
1231330 3043.1
1231340 3057.7
1231350 3063.1
1231360 3063.1
1231370 3074.8
1231380 3086.4
1231390 3086.4
1231400 3095.9
1231410 3106.3
1231420 3106.3
1231430 3118.6
1231440 3131.9
1231450 3131.9
1231460 3145.8
1231470 3155.6
1231480 3155.6
1231490 3147.2
1231500 3132.6
1231510 3132.6
1231520 3119.4
1231530 3109.7
1231540 3103.8
1231550 3103.8
1231560 3098.7
1231570 3093.9
1231580 3093.9
1231590 3089.8
1231600 3086.1
1231610 3086.1
1231620 3082.7
1231630 3079.5
1231640 3079.5
1231650 3076.5
1231660 3073.7
1231670 3073.7
1231680 3071.1
1231690 3068.7
1231700 3068.7
1231710 3066.5
1231720 3064.5
1231730 3064.5
1231740 3062.4
1231750 3060.4
1231760 3058.4
1231770 3058.4
1231780 3056.3
1231790 3054.1
1231800 3054.1
1231810 3051.9
1231820 3049.5
1231830 3049.5
1231840 3047.0
1231850 3041.0
1231860 3041.0
1231870 3038.6
1231880 3036.5
1231890 3036.5
1231900 3034.4
1231910 3032.5
1231920 3032.5
1231930 3031.0
1231940 3029.6
1231950 3029.6
1231960 3028.2
1231970 3027.2
1231980 3027.2
1231990 3027.2
1232000 3027.1
1232010 3028.5
1232020 3028.5
1232030 3031.5
1232040 3033.8
1232050 3033.8
1232060 3033.8
1232070 3033.1
1232080 3033.1
1232090 3033.3
1232100 3033.4
1232110 3033.4
1232120 3038.2
1232130 3049.7
1232140 3049.7
1232150 3056.2
1232160 3059.4
1232170 3059.4
1232180 3056.6
1232190 3062.2
1232200 3068.1
1232210 3068.1
1232220 3067.5
1232230 3053.0
1232240 3053.0
1232250 3042.9
1232260 3040.6
1232270 3040.6
1232280 3040.2
1232290 3040.7
1232300 3040.7
1232310 3041.7
1232320 3043.5
1232330 3043.5
1232340 3046.4
1232350 3054.4
1232360 3054.4
1232370 3058.1
1232380 3063.9
1232390 3063.9
1232400 3066.2
1232410 3069.0
1232420 3069.0
1232430 3073.7
1232440 3076.4
1232450 3078.5
1232460 3078.5
1232470 3082.7
1232480 3085.7
1232490 3085.7
1232500 3087.0
1232510 3086.9
1232520 3086.9
1232530 3087.6
1232540 3084.3
1232550 3084.3
1232560 3080.0
1232570 3080.0
1232580 3080.0
1232590 3082.2
1232600 3080.2
1232610 3080.2
1232620 3076.1
1232630 3063.3
1232640 3063.3
1232650 3053.7
1232660 3045.6
1232670 3031.4
1232680 3031.4
1232690 3025.9
1232700 3019.0
1232710 3019.0
1232720 3015.9
1232730 3021.1
1232740 3021.1
1232750 3023.8
1232760 3018.4
1232770 3018.4
1232780 3009.1
1232790 3000.4
1232800 3000.4
1232810 2991.6
1232820 2969.8
1232830 2969.8
1232840 2956.2
1232850 2943.0
1232860 2943.0
1232870 2931.4
1232880 2925.3
1232890 2918.4
1232900 2918.4
1232910 2906.9
1232920 2883.5
1232930 2883.5
1232940 2872.8
1232950 2865.8
1232960 2865.8
1232970 2859.4
1232980 2854.5
1232990 2854.5
1233000 2855.5
1233010 2860.1
1233020 2860.1
1233030 2863.3
1233040 2861.9
1233050 2861.9
1233060 2849.8
1233070 2841.8
1233080 2841.8
1233090 2847.5
1233100 2842.7
1233110 2842.7
1233120 2829.2
1233130 2814.7
1233140 2804.4
1233150 2804.4
1233160 2795.4
1233170 2788.6
1233180 2788.6
1233190 2783.3
1233200 2779.2
1233210 2779.2
1233220 2777.2
1233230 2775.9
1233240 2775.9
1233250 2779.9
1233260 2778.9
1233270 2778.9
1233280 2782.7
1233290 2779.4
1233300 2779.4
1233310 2772.3
1233320 2765.2
1233330 2765.2
1233340 2759.9
1233350 2758.1
1233360 2750.5
1233370 2750.5
1233380 2749.2
1233390 2743.3
1233400 2743.3
1233410 2739.8
1233420 2740.3
1233430 2740.3
1233440 2739.1
1233450 2740.4
1233460 2740.4
1233470 2746.8
1233480 2748.0
1233490 2748.0
1233500 2742.2
1233510 2737.5
1233520 2737.5
1233530 2737.6
1233540 2740.8
1233550 2740.8
1233560 2743.2
1233570 2746.2
1233580 2752.6
1233590 2752.6
1233600 2757.4
1233610 2757.0
1233620 2757.0
1233630 2753.5
1233640 2747.5
1233650 2747.5
1233660 2740.6
1233670 2733.5
1233680 2733.5
1233690 2732.1
1233700 2730.9
1233710 2730.9
1233720 2735.5
1233730 2739.1
1233740 2739.1
1233750 2745.2
1233760 2759.9
1233770 2759.9
1233780 2772.1
1233790 2792.9
1233800 2809.8
1233810 2809.8
1233820 2811.1
1233830 2805.5
1233840 2805.5
1233850 2798.9
1233860 2787.5
1233870 2787.5
1233880 2781.5
1233890 2771.1
1233900 2771.1
1233910 2762.3
1233920 2752.6
1233930 2752.6
1233940 2734.1
1233950 2720.7
1233960 2720.7
1233970 2712.4
1233980 2703.4
1233990 2703.4
1234000 2694.4
1234010 2685.7
1234020 2685.7
1234030 2676.5
1234040 2669.3
1234050 2662.8
1234060 2662.8
1234070 2657.0
1234080 2651.8
1234090 2651.8
1234100 2647.1
1234110 2642.7
1234120 2642.7
1234130 2638.4
1234140 2633.8
1234150 2633.8
1234160 2629.7
1234170 2626.0
1234180 2626.0
1234190 2622.1
1234200 2618.4
1234210 2618.4
1234220 2614.1
1234230 2609.4
1234240 2609.4
1234250 2604.7
1234260 2601.1
1234270 2597.9
1234280 2597.9
1234290 2594.5
1234300 2590.8
1234310 2590.8
1234320 2587.1
1234330 2584.9
1234340 2584.9
1234350 2583.6
1234360 2582.5
1234370 2580.4
1234380 2578.6
1234390 2576.8
1234400 2576.8
1234410 2574.4
1234420 2570.7
1234430 2570.7
1234440 2566.1
1234450 2561.3
1234460 2561.3
1234470 2557.2
1234480 2553.3
1234490 2550.9
1234500 2550.9
1234510 2551.1
1234520 2552.3
1234530 2552.3
1234540 2552.2
1234550 2550.6
1234560 2550.6
1234570 2547.0
1234580 2543.3
1234590 2543.3
1234600 2540.1
1234610 2538.5
1234620 2538.5
1234630 2538.8
1234640 2537.1
1234650 2537.1
1234660 2534.1
1234670 2531.2
1234680 2531.2
1234690 2528.4
1234700 2526.5
1234710 2524.2
1234720 2524.2
1234730 2522.4
1234740 2521.8
1234750 2521.8
1234760 2520.7
1234770 2519.1
1234780 2519.1
1234790 2518.2
1234800 2517.4
1234810 2517.4
1234820 2516.3
1234830 2515.1
1234840 2515.1
1234850 2513.7
1234860 2512.6
1234870 2512.6
1234880 2511.1
1234890 2513.9
1234900 2513.9
1234910 2515.0
1234920 2514.2
1234930 2514.2
1234940 2513.1
1234950 2512.9
1234960 2513.7
1234970 2513.7
1234980 2512.7
1234990 2508.9
1235000 2508.9
1235010 2507.6
1235020 2510.5
1235030 2510.5
1235040 2514.8
1235050 2515.9
1235060 2515.9
1235070 2513.8
1235080 2511.7
1235090 2511.7
1235100 2510.4
1235110 2509.8
1235120 2509.8
1235130 2509.1
1235140 2508.7
1235150 2508.7
1235160 2509.8
1235170 2510.9
1235180 2510.4
1235190 2510.4
1235200 2507.8
1235210 2503.8
1235220 2503.8
1235230 2498.5
1235240 2492.4
1235250 2492.4
1235260 2486.7
1235270 2481.1
1235280 2481.1
1235290 2476.3
1235300 2471.9
1235310 2471.9
1235320 2467.6
1235330 2463.4
1235340 2463.4
1235350 2459.2
1235360 2455.3
1235370 2455.3
1235380 2452.4
1235390 2447.6
1235400 2446.3
1235410 2446.3
1235420 2445.1
1235430 2444.5
1235440 2444.5
1235450 2443.6
1235460 2443.3
1235470 2443.3
1235480 2444.3
1235490 2445.9
1235500 2445.9
1235510 2446.3
1235520 2447.4
1235530 2447.4
1235540 2449.5
1235550 2451.1
1235560 2451.1
1235570 2451.8
1235580 2452.6
1235590 2452.6
1235600 2452.7
1235610 2452.3
1235620 2452.3
1235630 2451.3
1235640 2449.7
1235650 2449.6
1235660 2449.6
1235670 2448.6
1235680 2447.2
1235690 2447.2
1235700 2443.6
1235710 2439.0
1235720 2439.0
1235730 2434.1
1235740 2428.5
1235750 2428.5
1235760 2424.0
1235770 2419.6
1235780 2419.6
1235790 2413.8
1235800 2407.5
1235810 2407.5
1235820 2403.1
1235830 2400.2
1235840 2400.2
1235850 2399.3
1235860 2398.4
1235870 2396.9
1235880 2396.9
1235890 2395.5
1235900 2388.1
1235910 2388.1
1235920 2386.7
1235930 2385.4
1235940 2385.4
1235950 2386.2
1235960 2385.7
1235970 2385.7
1235980 2383.5
1235990 2384.5
1236000 2384.5
1236010 2384.2
1236020 2383.9
1236030 2383.9
1236040 2386.0
1236050 2390.3
1236060 2390.3
1236070 2391.3
1236080 2389.3
1236090 2385.0
1236100 2385.0
1236110 2379.6
1236120 2374.6
1236130 2374.6
1236140 2369.5
1236150 2363.5
1236160 2363.5
1236170 2355.5
1236180 2347.5
1236190 2347.5
1236200 2340.0
1236210 2332.9
1236220 2332.9
1236230 2326.9
1236240 2320.7
1236250 2320.7
1236260 2314.1
1236270 2305.8
1236280 2305.8
1236290 2297.5
1236300 2290.3
1236310 2281.9
1236320 2281.9
1236330 2273.4
1236340 2265.5
1236350 2265.5
1236360 2257.7
1236370 2251.5
1236380 2251.5
1236390 2246.0
1236400 2238.7
1236410 2235.1
1236420 2227.7
1236430 2222.1
1236440 2222.1
1236450 2218.6
1236460 2213.9
1236470 2213.9
1236480 2214.4
1236490 2215.9
1236500 2215.9
1236510 2212.5
1236520 2209.1
1236530 2209.1
1236540 2205.2
1236550 2201.7
1236560 2198.2
1236570 2198.2
1236580 2194.1
1236590 2190.3
1236600 2190.3
1236610 2186.3
1236620 2183.0
1236630 2183.0
1236640 2180.5
1236650 2178.6
1236660 2178.6
1236670 2177.3
1236680 2176.4
1236690 2176.4
1236700 2172.7
1236710 2164.5
1236720 2164.5
1236730 2156.4
1236740 2151.6
1236750 2151.6
1236760 2150.4
1236770 2151.2
1236780 2153.0
1236790 2153.0
1236800 2153.4
1236810 2151.4
1236820 2151.4
1236830 2149.0
1236840 2145.8
1236850 2145.8
1236860 2143.0
1236870 2141.6
1236880 2141.6
1236890 2139.2
1236900 2135.7
1236910 2135.7
1236920 2124.6
1236930 2121.4
1236940 2121.4
1236950 2117.4
1236960 2111.0
1236970 2111.0
1236980 2103.0
1236990 2096.2
1237000 2093.0
1237010 2093.0
1237020 2091.6
1237030 2088.7
1237040 2088.7
1237050 2086.2
1237060 2083.2
1237070 2083.2
1237080 2079.5
1237090 2074.5
1237100 2074.5
1237110 2069.2
1237120 2064.5
1237130 2064.5
1237140 2061.4
1237150 2059.0
1237160 2059.0
1237170 2056.8
1237180 2055.0
1237190 2055.0
1237200 2052.6
1237210 2051.2
1237220 2049.1
1237230 2049.1
1237240 2044.5
1237250 2040.9
1237260 2040.9
1237270 2037.3
1237280 2033.0
1237290 2033.0
1237300 2029.0
1237310 2024.8
1237320 2024.8
1237330 2020.4
1237340 2015.6
1237350 2015.6
1237360 2010.4
1237370 2006.4
1237380 2006.4
1237390 2005.5
1237400 2004.6
1237410 2004.6
1237420 2002.9
1237430 2001.6
1237440 2001.6
1237450 1999.9
1237460 1998.4
1237470 1997.1
1237480 1997.1
1237490 1996.1
1237500 1995.3
1237510 1995.3
1237520 1994.7
1237530 1993.7
1237540 1993.7
1237550 1992.5
1237560 1991.5
1237570 1991.5
1237580 1990.8
1237590 1991.0
1237600 1991.0
1237610 1990.3
1237620 1988.6
1237630 1988.6
1237640 1987.3
1237650 1985.8
1237660 1985.8
1237670 1984.6
1237680 1983.2
1237690 1981.6
1237700 1981.6
1237710 1981.1
1237720 1981.8
1237730 1981.8
1237740 1982.9
1237750 1983.3
1237760 1983.3
1237770 1983.1
1237780 1983.1
1237790 1983.1
1237800 1983.5
1237810 1982.9
1237820 1982.9
1237830 1981.4
1237840 1977.8
1237850 1977.8
1237860 1971.9
1237870 1967.7
1237880 1967.7
1237890 1965.1
1237900 1962.8
1237910 1961.0
1237920 1961.0
1237930 1959.6
1237940 1963.3
1237950 1963.3
1237960 1962.6
1237970 1962.9
1237980 1962.9
1237990 1964.3
1238000 1965.8
1238010 1965.8
1238020 1966.5
1238030 1967.5
1238040 1967.5
1238050 1967.9
1238060 1966.9
1238070 1966.9
1238080 1966.2
1238090 1965.2
1238100 1965.2
1238110 1963.9
1238120 1960.8
1238130 1956.7
1238140 1956.7
1238150 1952.3
1238160 1948.6
1238170 1948.6
1238180 1946.6
1238190 1945.9
1238200 1945.9
1238210 1944.9
1238220 1942.1
1238230 1942.1
1238240 1938.8
1238250 1935.1
1238260 1935.1
1238270 1931.4
1238280 1927.8
1238290 1927.8
1238300 1923.7
1238310 1918.8
1238320 1918.8
1238330 1914.3
1238340 1911.4
1238350 1911.4
1238360 1907.0
1238370 1902.0
1238380 1898.3
1238390 1898.3
1238400 1895.9
1238410 1893.0
1238420 1893.0
1238430 1889.8
1238440 1886.2
1238450 1886.2
1238460 1883.1
1238470 1878.7
1238480 1878.7
1238490 1874.8
1238500 1871.1
1238510 1871.1
1238520 1867.8
1238530 1864.2
1238540 1864.2
1238550 1859.8
1238560 1856.2
1238570 1856.2
1238580 1852.2
1238590 1848.7
1238600 1846.2
1238610 1846.2
1238620 1843.4
1238630 1840.9
1238640 1840.9
1238650 1839.2
1238660 1837.2
1238670 1837.2
1238680 1835.3
1238690 1834.3
1238700 1834.3
1238710 1832.5
1238720 1829.1
1238730 1829.1
1238740 1823.8
1238750 1819.1
1238760 1819.1
1238770 1816.3
1238780 1813.1
1238790 1813.1
1238800 1809.3
1238810 1805.6
1238820 1802.6
1238830 1802.6
1238840 1799.8
1238850 1795.4
1238860 1795.4
1238870 1793.6
1238880 1790.2
1238890 1790.2
1238900 1786.6
1238910 1782.6
1238920 1782.6
1238930 1778.4
1238940 1775.5
1238950 1775.5
1238960 1772.9
1238970 1769.6
1238980 1774.8
1238990 1771.1
1239000 1767.0
1239010 1767.0
1239020 1762.5
1239030 1757.1
1239040 1752.3
1239050 1752.3
1239060 1748.1
1239070 1743.9
1239080 1743.9
1239090 1740.8
1239100 1740.1
1239110 1740.1
1239120 1740.1
1239130 1740.2
1239140 1740.2
1239150 1740.4
1239160 1739.7
1239170 1739.7
1239180 1735.8
1239190 1732.9
1239200 1732.9
1239210 1731.2
1239220 1729.2
1239230 1729.2
1239240 1728.1
1239250 1727.8
1239260 1727.8
1239270 1727.5
1239280 1727.2
1239290 1727.2
1239300 1727.2
1239310 1727.6
1239320 1727.6
1239330 1727.6
1239340 1727.4
1239350 1727.2
1239360 1727.2
1239370 1727.0
1239380 1726.8
1239390 1726.8
1239400 1726.6
1239410 1726.4
1239420 1726.4
1239430 1725.9
1239440 1725.3
1239450 1725.3
1239460 1724.8
1239470 1723.5
1239480 1723.5
1239490 1722.4
1239500 1722.3
1239510 1722.4
1239520 1722.4
1239530 1722.7
1239540 1723.0
1239550 1723.0
1239560 1722.6
1239570 1723.1
1239580 1723.1
1239590 1724.0
1239600 1725.1
1239610 1725.1
1239620 1726.2
1239630 1727.5
1239640 1727.5
1239650 1729.0
1239660 1730.5
1239670 1730.5
1239680 1732.2
1239690 1734.3
1239700 1734.3
1239710 1736.5
1239720 1738.6
1239730 1740.2
1239740 1740.2
1239750 1742.3
1239760 1744.7
1239770 1744.7
1239780 1747.2
1239790 1750.2
1239800 1750.2
1239810 1753.9
1239820 1757.0
1239830 1757.0
1239840 1760.4
1239850 1764.6
1239860 1764.6
1239870 1769.9
1239880 1775.9
1239890 1775.9
1239900 1782.1
1239910 1789.9
1239920 1789.9
1239930 1800.6
1239940 1812.9
1239950 1812.9
1239960 1837.9
1239970 1865.3
1239980 1879.0
1239990 1879.0
