1220000 1625.0
1220010 1620.6
1220020 1617.6
1220030 1617.6
1220040 1613.8
1220050 1609.1
1220060 1609.1
1220070 1605.7
1220080 1602.0
1220090 1602.0
1220100 1593.3
1220110 1586.4
1220120 1586.4
1220130 1578.5
1220140 1572.6
1220150 1572.6
1220160 1568.3
1220170 1565.6
1220180 1564.5
1220190 1564.5
1220200 1564.1
1220210 1564.1
1220220 1564.1
1220230 1564.0
1220240 1563.9
1220250 1563.9
1220260 1563.9
1220270 1563.8
1220280 1563.8
1220290 1563.7
1220300 1563.8
1220310 1563.8
1220320 1563.8
1220330 1563.7
1220340 1563.7
1220350 1563.7
1220360 1563.6
1220370 1563.6
1220380 1563.6
1220390 1563.6
1220400 1563.6
1220410 1563.6
1220420 1563.7
1220430 1563.8
1220440 1563.8
1220450 1563.8
1220460 1563.8
1220470 1563.8
1220480 1563.8
1220490 1563.8
1220500 1563.8
1220510 1563.8
1220520 1563.8
1220530 1563.8
1220540 1563.7
1220550 1562.3
1220560 1562.3
1220570 1562.2
1220580 1562.7
1220590 1562.7
1220600 1562.9
1220610 1563.1
1220620 1563.1
1220630 1563.4
1220640 1563.7
1220650 1564.0
1220660 1564.0
1220670 1564.0
1220680 1563.8
1220690 1563.8
1220700 1563.8
1220710 1564.2
1220720 1564.2
1220730 1564.1
1220740 1563.7
1220750 1563.7
1220760 1563.3
1220770 1563.0
1220780 1563.0
1220790 1563.1
1220800 1563.2
1220810 1563.2
1220820 1562.9
1220830 1563.2
1220840 1563.2
1220850 1563.5
1220860 1563.6
1220870 1563.1
1220880 1563.1
1220890 1562.6
1220900 1561.9
1220910 1561.9
1220920 1561.5
1220930 1560.0
1220940 1560.0
1220950 1557.6
1220960 1557.4
1220970 1557.4
1220980 1557.5
1220990 1558.4
1221000 1558.4
1221010 1558.8
1221020 1558.7
1221030 1558.7
1221040 1560.0
1221050 1561.0
1221060 1561.0
1221070 1561.8
1221080 1561.8
1221090 1562.2
1221100 1562.2
1221110 1562.6
1221120 1562.7
1221130 1562.7
1221140 1563.1
1221150 1563.6
1221160 1563.6
1221170 1564.4
1221180 1565.3
1221190 1565.3
1221200 1566.2
1221210 1567.3
1221220 1567.3
1221230 1567.9
1221240 1568.2
1221250 1568.2
1221260 1569.2
1221270 1570.7
1221280 1570.7
1221290 1572.2
1221300 1573.5
1221310 1573.5
1221320 1575.2
1221330 1578.2
1221340 1585.0
1221350 1585.0
1221360 1592.6
1221370 1600.3
1221380 1600.3
1221390 1608.1
1221400 1616.1
1221410 1616.1
1221420 1623.3
1221430 1632.5
1221440 1632.5
1221450 1643.6
1221460 1652.8
1221470 1652.8
1221480 1662.9
1221490 1678.0
1221500 1678.0
1221510 1686.6
1221520 1693.8
1221530 1693.8
1221540 1701.2
1221550 1708.9
1221560 1716.1
1221570 1716.1
1221580 1722.7
1221590 1729.6
1221600 1729.6
1221610 1736.5
1221620 1743.2
1221630 1743.2
1221640 1750.0
1221650 1757.1
1221660 1757.1
1221670 1764.0
1221680 1771.1
1221690 1771.1
1221700 1778.5
1221710 1786.4
1221720 1786.4
1221730 1794.9
1221740 1803.1
1221750 1803.1
1221760 1810.6
1221770 1817.7
1221780 1823.9
1221790 1823.9
1221800 1830.2
1221810 1836.7
1221820 1836.7
1221830 1843.3
1221840 1850.1
1221850 1850.1
1221860 1860.9
1221870 1873.5
1221880 1873.5
1221890 1881.0
1221900 1888.6
1221910 1888.6
1221920 1900.7
1221930 1909.4
1221940 1909.4
1221950 1916.6
1221960 1923.7
1221970 1923.7
1221980 1929.7
1221990 1932.6
1222000 1932.6
1222010 1933.4
1222020 1934.9
1222030 1935.2
1222040 1935.2
1222050 1948.7
1222060 1963.9
1222070 1963.9
1222080 1974.6
1222090 1982.5
1222100 1982.5
1222110 1990.3
1222120 1996.9
1222130 1996.9
1222140 2003.3
1222150 2010.9
1222160 2010.9
1222170 2020.7
1222180 2029.1
1222190 2029.1
1222200 2037.0
1222210 2048.4
1222220 2048.4
1222230 2059.3
1222240 2069.0
1222250 2077.5
1222260 2077.5
1222270 2087.1
1222280 2097.1
1222290 2097.1
1222300 2105.0
1222310 2112.2
1222320 2112.2
1222330 2119.8
1222340 2127.6
1222350 2127.6
1222360 2135.8
1222370 2143.9
1222380 2143.9
1222390 2151.5
1222400 2159.3
1222410 2159.3
1222420 2166.9
1222430 2173.8
1222440 2173.8
1222450 2179.1
1222460 2183.5
1222470 2187.5
1222480 2187.5
1222490 2191.2
1222500 2195.1
1222510 2189.3
1222520 2193.5
1222530 2197.7
1222540 2197.7
1222550 2202.2
1222560 2207.3
1222570 2207.3
1222580 2212.9
1222590 2218.2
1222600 2218.2
1222610 2223.2
1222620 2227.3
1222630 2227.3
1222640 2230.4
1222650 2233.4
1222660 2233.4
1222670 2237.5
1222680 2242.3
1222690 2242.3
1222700 2247.4
1222710 2252.8
1222720 2258.3
1222730 2258.3
1222740 2264.3
1222750 2270.1
1222760 2270.1
1222770 2275.6
1222780 2280.4
1222790 2280.4
1222800 2284.8
1222810 2289.5
1222820 2289.5
1222830 2296.0
1222840 2304.4
1222850 2304.4
1222860 2312.5
1222870 2320.4
1222880 2320.4
1222890 2327.8
1222900 2335.5
1222910 2335.5
1222920 2342.8
1222930 2349.6
1222940 2355.7
1222950 2355.7
1222960 2361.1
1222970 2366.8
1222980 2366.8
1222990 2373.6
1223000 2380.2
1223010 2380.2
1223020 2386.8
1223030 2387.9
1223040 2387.9
1223050 2384.0
1223060 2383.7
1223070 2383.7
1223080 2385.8
1223090 2386.6
1223100 2386.6
1223110 2381.7
1223120 2375.3
1223130 2375.3
1223140 2369.1
1223150 2365.4
1223160 2362.7
1223170 2362.7
1223180 2360.6
1223190 2354.1
1223200 2354.1
1223210 2345.6
1223220 2338.1
1223230 2338.1
1223240 2332.3
1223250 2328.0
1223260 2328.0
1223270 2321.5
1223280 2313.0
1223290 2313.0
1223300 2303.9
1223310 2294.7
1223320 2294.7
1223330 2284.7
1223340 2272.9
1223350 2272.9
1223360 2265.2
1223370 2258.2
1223380 2258.2
1223390 2247.4
1223400 2242.2
1223410 2237.8
1223420 2237.8
1223430 2232.6
1223440 2226.4
1223450 2226.4
1223460 2219.5
1223470 2212.5
1223480 2213.2
1223490 2206.2
1223500 2199.4
1223510 2199.4
1223520 2193.2
1223530 2188.2
1223540 2188.2
1223550 2184.2
1223560 2180.6
1223570 2180.6
1223580 2175.6
1223590 2169.5
1223600 2169.5
1223610 2164.8
1223620 2160.8
1223630 2157.1
1223640 2157.1
1223650 2152.8
1223660 2147.1
1223670 2147.1
1223680 2139.9
1223690 2132.6
1223700 2132.6
1223710 2125.1
1223720 2117.4
1223730 2117.4
1223740 2109.8
1223750 2102.6
1223760 2102.6
1223770 2095.1
1223780 2087.7
1223790 2087.7
1223800 2080.5
1223810 2073.1
1223820 2073.1
1223830 2066.2
1223840 2059.8
1223850 2053.5
1223860 2053.5
1223870 2049.0
1223880 2049.1
1223890 2049.1
1223900 2051.6
1223910 2052.2
1223920 2052.2
1223930 2053.7
1223940 2055.4
1223950 2055.4
1223960 2057.6
1223970 2061.7
1223980 2061.7
1223990 2064.7
1224000 2068.3
1224010 2068.3
1224020 2072.2
1224030 2077.5
1224040 2077.5
1224050 2084.0
1224060 2089.6
1224070 2089.6
1224080 2095.7
1224090 2102.0
1224100 2108.2
1224110 2108.2
1224120 2112.9
1224130 2116.9
1224140 2116.9
1224150 2120.5
1224160 2123.6
1224170 2123.6
1224180 2127.3
1224190 2132.8
1224200 2132.8
1224210 2138.5
1224220 2144.6
1224230 2144.6
1224240 2150.3
1224250 2155.2
1224260 2155.2
1224270 2159.7
1224280 2164.4
1224290 2164.4
1224300 2169.2
1224310 2174.6
1224320 2181.5
1224330 2181.5
1224340 2188.8
1224350 2195.3
1224360 2195.3
1224370 2201.7
1224380 2209.0
1224390 2209.0
1224400 2215.4
1224410 2219.1
1224420 2219.1
1224430 2221.9
1224440 2225.4
1224450 2225.4
1224460 2230.6
1224470 2236.5
1224480 2236.5
1224490 2242.1
1224500 2247.8
1224510 2247.8
1224520 2253.6
1224530 2259.3
1224540 2265.1
1224550 2265.1
1224560 2271.2
1224570 2277.2
1224580 2277.2
1224590 2283.1
1224600 2288.8
1224610 2288.8
1224620 2294.0
1224630 2298.9
1224640 2298.9
1224650 2304.9
1224660 2311.5
1224670 2311.5
1224680 2318.2
1224690 2325.6
1224700 2325.6
1224710 2332.6
1224720 2339.1
1224730 2339.1
1224740 2345.3
1224750 2350.8
1224760 2350.8
1224770 2356.3
1224780 2362.8
1224790 2368.7
1224800 2368.7
1224810 2376.4
1224820 2385.7
1224830 2385.7
1224840 2394.4
1224850 2401.9
1224860 2401.9
1224870 2408.5
1224880 2414.4
1224890 2414.4
1224900 2418.9
1224910 2423.8
1224920 2423.8
1224930 2428.7
1224940 2434.9
1224950 2438.9
1224960 2444.4
1224970 2451.6
1224980 2451.6
1224990 2460.7
1225000 2471.2
1225010 2479.2
1225020 2479.2
1225030 2483.7
1225040 2487.1
1225050 2487.1
1225060 2491.0
1225070 2496.3
1225080 2496.3
1225090 2504.4
1225100 2512.4
1225110 2512.4
1225120 2519.7
1225130 2528.3
1225140 2528.3
1225150 2536.2
1225160 2544.4
1225170 2544.4
1225180 2552.5
1225190 2559.3
1225200 2559.3
1225210 2565.7
1225220 2573.4
1225230 2582.2
1225240 2582.2
1225250 2591.7
1225260 2600.6
1225270 2600.6
1225280 2609.7
1225290 2617.5
1225300 2617.5
1225310 2625.5
1225320 2633.4
1225330 2633.4
1225340 2639.8
1225350 2639.1
1225360 2639.1
1225370 2637.1
1225380 2634.5
1225390 2634.5
1225400 2628.0
1225410 2620.4
1225420 2620.4
1225430 2613.5
1225440 2608.5
1225450 2608.5
1225460 2601.6
1225470 2594.7
1225480 2587.4
1225490 2587.4
1225500 2580.3
1225510 2573.1
1225520 2573.1
1225530 2565.3
1225540 2557.6
1225550 2557.6
1225560 2550.6
1225570 2543.9
1225580 2543.9
1225590 2537.4
1225600 2531.5
1225610 2531.5
1225620 2525.2
1225630 2518.2
1225640 2518.2
1225650 2511.2
1225660 2504.9
1225670 2504.9
1225680 2498.6
1225690 2492.1
1225700 2486.2
1225710 2486.2
1225720 2480.0
1225730 2473.6
1225740 2473.6
1225750 2467.0
1225760 2460.2
1225770 2460.2
1225780 2453.1
1225790 2446.2
1225800 2446.2
1225810 2439.9
1225820 2433.5
1225830 2433.5
1225840 2426.7
1225850 2420.8
1225860 2420.8
1225870 2414.9
1225880 2409.7
1225890 2409.7
1225900 2406.5
1225910 2405.2
1225920 2404.4
1225930 2404.7
1225940 2403.9
1225950 2402.2
1225960 2402.2
1225970 2401.0
1225980 2396.3
1225990 2396.3
1226000 2390.4
1226010 2385.9
1226020 2385.9
1226030 2382.4
1226040 2379.0
1226050 2379.0
1226060 2376.2
1226070 2373.5
1226080 2373.5
1226090 2370.6
1226100 2368.0
1226110 2368.0
1226120 2365.8
1226130 2363.4
1226140 2363.4
1226150 2362.2
1226160 2361.8
1226170 2362.7
1226180 2362.7
1226190 2363.8
1226200 2362.9
1226210 2362.9
1226220 2359.7
1226230 2354.8
1226240 2354.8
1226250 2350.2
1226260 2347.3
1226270 2347.3
1226280 2345.7
1226290 2345.8
1226300 2345.8
1226310 2349.0
1226320 2351.9
1226330 2351.9
1226340 2353.2
1226350 2350.8
1226360 2350.8
1226370 2347.9
1226380 2346.7
1226390 2346.7
1226400 2346.7
1226410 2347.1
1226420 2348.6
1226430 2348.6
1226440 2348.8
1226450 2348.4
1226460 2348.4
1226470 2348.0
1226480 2348.1
1226490 2348.1
1226500 2348.0
1226510 2347.9
1226520 2347.9
1226530 2347.6
1226540 2347.3
1226550 2347.3
1226560 2347.1
1226570 2346.8
1226580 2346.8
1226590 2346.3
1226600 2345.6
1226610 2344.9
1226620 2344.9
1226630 2344.3
1226640 2343.8
1226650 2343.8
1226660 2344.6
1226670 2346.1
1226680 2346.1
1226690 2348.0
1226700 2349.8
1226710 2349.8
1226720 2351.9
1226730 2353.1
1226740 2353.1
1226750 2354.6
1226760 2359.7
1226770 2359.7
1226780 2366.1
1226790 2373.6
1226800 2373.6
1226810 2380.5
1226820 2385.9
1226830 2385.9
1226840 2392.6
1226850 2398.6
1226860 2404.1
1226870 2404.1
1226880 2410.4
1226890 2416.6
1226900 2416.6
1226910 2422.6
1226920 2430.6
1226930 2430.6
1226940 2438.9
1226950 2445.8
1226960 2445.8
1226970 2452.8
1226980 2460.1
1226990 2460.1
1227000 2466.8
1227010 2474.8
1227020 2474.8
1227030 2482.1
1227040 2488.9
1227050 2488.9
1227060 2495.4
1227070 2502.5
1227080 2511.0
1227090 2511.0
1227100 2522.2
1227110 2531.5
1227120 2531.5
1227130 2542.2
1227140 2553.9
1227150 2553.9
1227160 2563.3
1227170 2573.0
1227180 2573.0
1227190 2584.5
1227200 2603.1
1227210 2603.1
1227220 2618.0
1227230 2632.8
1227240 2632.8
1227250 2642.5
1227260 2650.3
1227270 2650.3
1227280 2660.8
1227290 2672.5
1227300 2683.6
1227310 2683.6
1227320 2695.4
1227330 2708.8
1227340 2708.8
1227350 2713.4
1227360 2718.4
1227370 2718.4
1227380 2729.7
1227390 2739.1
1227400 2728.0
1227410 2736.4
1227420 2749.6
1227430 2749.6
1227440 2764.5
1227450 2777.0
1227460 2777.0
1227470 2789.6
1227480 2799.1
1227490 2799.1
1227500 2803.6
1227510 2805.8
1227520 2805.8
1227530 2812.4
1227540 2827.1
1227550 2834.6
1227560 2834.6
1227570 2841.9
1227580 2853.1
1227590 2853.1
1227600 2864.7
1227610 2875.0
1227620 2875.0
1227630 2885.2
1227640 2893.1
1227650 2893.1
1227660 2902.6
1227670 2908.6
1227680 2908.6
1227690 2915.8
1227700 2924.2
1227710 2924.2
1227720 2932.5
1227730 2945.7
1227740 2945.7
1227750 2960.7
1227760 2966.4
1227770 2972.7
1227780 2972.7
1227790 2969.9
1227800 2978.0
1227810 2978.0
1227820 2984.1
1227830 2990.7
1227840 2990.7
1227850 2995.0
1227860 3000.1
1227870 3000.1
1227880 3007.8
1227890 3018.0
1227900 3016.5
1227910 3027.4
1227920 3038.7
1227930 3038.7
1227940 3051.1
1227950 3056.5
1227960 3056.5
1227970 3049.4
1227980 3040.8
1227990 3029.2
1228000 3029.2
1228010 3018.0
1228020 3005.3
1228030 3005.3
1228040 2989.9
1228050 2978.0
1228060 2978.0
1228070 2966.7
1228080 2946.8
1228090 2946.8
1228100 2910.5
1228110 2890.0
1228120 2890.0
1228130 2876.6
1228140 2864.7
1228150 2864.7
1228160 2853.2
1228170 2844.1
1228180 2844.1
1228190 2836.0
1228200 2827.3
1228210 2827.3
1228220 2819.4
1228230 2811.3
1228240 2801.3
1228250 2801.3
1228260 2793.6
1228270 2788.0
1228280 2788.0
1228290 2782.1
1228300 2775.8
1228310 2775.8
1228320 2769.3
1228330 2763.1
1228340 2763.1
1228350 2757.4
1228360 2751.5
1228370 2751.5
1228380 2745.2
1228390 2740.9
1228400 2740.9
1228410 2735.2
1228420 2729.1
1228430 2729.1
1228440 2723.6
1228450 2718.5
1228460 2713.4
1228470 2713.4
1228480 2707.8
1228490 2702.8
1228500 2702.8
1228510 2698.8
1228520 2695.6
1228530 2695.6
1228540 2692.6
1228550 2690.2
1228560 2690.2
1228570 2688.8
1228580 2687.3
1228590 2687.3
1228600 2685.6
1228610 2684.0
1228620 2684.0
1228630 2681.7
1228640 2678.1
1228650 2678.1
1228660 2674.6
1228670 2671.4
1228680 2668.8
1228690 2668.8
1228700 2669.3
1228710 2669.9
1228720 2669.9
1228730 2670.2
1228740 2669.8
1228750 2669.8
1228760 2669.9
1228770 2670.4
1228780 2670.4
1228790 2671.1
1228800 2671.0
1228810 2671.0
1228820 2669.7
1228830 2667.6
1228840 2667.6
1228850 2665.8
1228860 2662.8
1228870 2662.8
1228880 2662.2
1228890 2663.0
1228900 2663.0
1228910 2661.0
1228920 2657.3
1228930 2651.4
1228940 2651.4
1228950 2644.0
1228960 2633.4
1228970 2633.4
1228980 2626.1
1228990 2620.6
1229000 2620.6
1229010 2616.5
1229020 2613.7
1229030 2613.7
1229040 2611.2
1229050 2608.8
1229060 2608.8
1229070 2608.7
1229080 2609.1
1229090 2609.1
1229100 2607.4
1229110 2602.7
1229120 2602.7
1229130 2599.7
1229140 2597.1
1229150 2593.7
1229160 2593.7
1229170 2589.4
1229180 2584.6
1229190 2584.6
1229200 2579.5
1229210 2574.0
1229220 2574.0
1229230 2568.4
1229240 2563.8
1229250 2563.8
1229260 2559.8
1229270 2556.5
1229280 2556.5
1229290 2553.8
1229300 2551.3
1229310 2551.3
1229320 2548.3
1229330 2546.3
1229340 2546.3
1229350 2544.5
1229360 2542.6
1229370 2540.3
1229380 2538.6
1229390 2536.3
1229400 2536.3
1229410 2536.3
1229420 2535.9
1229430 2534.1
1229440 2534.1
1229450 2533.0
1229460 2529.1
1229470 2529.1
1229480 2524.8
1229490 2520.0
1229500 2520.0
1229510 2516.6
1229520 2515.0
1229530 2515.0
1229540 2512.7
1229550 2510.0
1229560 2510.0
1229570 2508.6
1229580 2507.4
1229590 2507.4
1229600 2506.4
1229610 2504.9
1229620 2503.2
1229630 2503.2
1229640 2501.4
1229650 2500.9
1229660 2500.9
1229670 2500.6
1229680 2499.3
1229690 2499.3
1229700 2497.6
1229710 2495.7
1229720 2495.7
1229730 2491.8
1229740 2489.5
1229750 2489.5
1229760 2487.0
1229770 2485.2
1229780 2485.2
1229790 2482.8
1229800 2479.9
1229810 2479.9
1229820 2479.3
1229830 2479.1
1229840 2479.7
1229850 2479.7
1229860 2480.8
1229870 2479.8
1229880 2483.4
1229890 2483.0
1229900 2483.9
1229910 2483.9
1229920 2484.3
1229930 2486.1
1229940 2486.1
1229950 2490.3
1229960 2491.5
1229970 2491.5
1229980 2489.9
1229990 2491.3
1230000 2491.3
1230010 2496.4
1230020 2498.2
1230030 2498.2
1230040 2495.5
1230050 2491.4
1230060 2489.0
1230070 2489.0
1230080 2485.3
1230090 2490.2
1230100 2490.2
1230110 2503.2
1230120 2508.2
1230130 2508.2
1230140 2513.2
1230150 2515.1
1230160 2515.1
1230170 2513.5
1230180 2512.1
1230190 2512.1
1230200 2511.2
1230210 2511.4
1230220 2511.4
1230230 2511.3
1230240 2509.2
1230250 2509.2
1230260 2507.6
1230270 2506.5
1230280 2506.5
1230290 2505.5
1230300 2504.9
1230310 2505.2
1230320 2505.2
1230330 2507.0
1230340 2508.3
1230350 2508.3
1230360 2510.6
1230370 2513.9
1230380 2515.3
1230390 2518.4
1230400 2521.8
1230410 2521.8
1230420 2526.0
1230430 2530.4
1230440 2530.4
1230450 2534.8
1230460 2539.8
1230470 2539.8
1230480 2544.8
1230490 2549.9
1230500 2549.9
1230510 2554.9
1230520 2560.1
1230530 2565.5
1230540 2565.5
1230550 2571.2
1230560 2577.3
1230570 2577.3
1230580 2583.3
1230590 2589.4
1230600 2589.4
1230610 2595.5
1230620 2601.6
1230630 2601.6
1230640 2607.8
1230650 2614.1
1230660 2614.1
1230670 2620.4
1230680 2626.9
1230690 2626.9
1230700 2633.4
1230710 2640.0
1230720 2640.0
1230730 2646.7
1230740 2653.2
1230750 2659.6
1230760 2659.6
1230770 2666.2
1230780 2672.9
1230790 2672.9
1230800 2680.2
1230810 2689.0
1230820 2689.0
1230830 2696.5
1230840 2703.5
1230850 2703.5
1230860 2713.3
1230870 2721.0
1230880 2715.6
1230890 2721.9
1230900 2728.1
1230910 2728.1
1230920 2734.5
1230930 2741.0
1230940 2741.0
1230950 2747.8
1230960 2754.9
1230970 2754.9
1230980 2762.2
1230990 2769.5
1231000 2777.9
1231010 2777.9
1231020 2787.9
1231030 2797.1
1231040 2797.1
1231050 2804.6
1231060 2813.3
1231070 2813.3
1231080 2824.7
1231090 2839.8
1231100 2839.8
1231110 2850.1
1231120 2858.5
1231130 2858.5
1231140 2864.7
1231150 2874.3
1231160 2874.3
1231170 2886.7
1231180 2896.7
1231190 2896.7
1231200 2909.3
1231210 2919.5
1231220 2928.7
1231230 2928.7
1231240 2943.1
1231250 2954.6
1231260 2954.6
1231270 2966.0
1231280 2985.5
1231290 2985.5
1231300 3002.7
1231310 3018.4
1231320 3018.4
1231330 3014.0
1231340 3002.5
1231350 3002.5
1231360 2993.2
1231370 2985.1
1231380 2987.4
1231390 2977.9
1231400 2970.4
1231410 2970.4
1231420 2958.3
1231430 2945.0
1231440 2938.2
1231450 2938.2
1231460 2932.8
1231470 2927.2
1231480 2927.2
1231490 2922.3
1231500 2918.5
1231510 2918.5
1231520 2915.0
1231530 2912.3
1231540 2912.3
1231550 2910.3
1231560 2909.4
1231570 2909.4
1231580 2908.2
1231590 2905.4
1231600 2905.4
1231610 2903.4
1231620 2903.1
1231630 2903.1
1231640 2900.3
1231650 2896.8
1231660 2896.8
1231670 2894.5
1231680 2892.5
1231690 2890.4
1231700 2890.4
1231710 2888.4
1231720 2886.3
1231730 2886.3
1231740 2884.1
1231750 2882.0
1231760 2882.0
1231770 2879.9
1231780 2877.2
1231790 2877.2
1231800 2874.6
1231810 2871.9
1231820 2871.9
1231830 2869.1
1231840 2866.2
1231850 2866.2
1231860 2863.2
1231870 2860.2
1231880 2865.4
1231890 2862.5
1231900 2859.7
1231910 2856.9
1231920 2856.9
1231930 2853.9
1231940 2850.9
1231950 2850.9
1231960 2848.4
1231970 2845.4
1231980 2845.4
1231990 2841.9
1232000 2838.3
1232010 2838.3
1232020 2835.2
1232030 2832.0
1232040 2832.0
1232050 2829.3
1232060 2827.6
1232070 2827.6
1232080 2826.8
1232090 2825.6
1232100 2825.6
1232110 2823.3
1232120 2821.3
1232130 2818.8
1232140 2818.8
1232150 2816.8
1232160 2817.1
1232170 2817.1
1232180 2817.3
1232190 2817.3
1232200 2817.3
1232210 2816.4
1232220 2815.9
1232230 2815.9
1232240 2816.8
1232250 2815.5
1232260 2815.5
1232270 2809.9
1232280 2802.8
1232290 2802.8
1232300 2795.2
1232310 2785.9
1232320 2785.9
1232330 2777.2
1232340 2770.1
1232350 2770.1
1232360 2763.4
1232370 2756.9
1232380 2750.6
1232390 2747.0
1232400 2741.2
1232410 2734.7
1232420 2734.7
1232430 2728.8
1232440 2725.8
1232450 2725.8
1232460 2725.2
1232470 2723.2
1232480 2723.2
1232490 2720.3
1232500 2717.0
1232510 2717.0
1232520 2714.5
1232530 2714.0
1232540 2714.0
1232550 2714.2
1232560 2712.6
1232570 2712.6
1232580 2709.5
1232590 2707.0
1232600 2704.5
1232610 2704.5
1232620 2702.6
1232630 2702.0
1232640 2702.0
1232650 2702.7
1232660 2701.3
1232670 2701.3
1232680 2697.0
1232690 2692.2
1232700 2692.2
1232710 2688.3
1232720 2685.7
1232730 2685.7
1232740 2684.1
1232750 2682.9
1232760 2682.9
1232770 2682.6
1232780 2680.8
1232790 2680.8
1232800 2677.7
1232810 2676.1
1232820 2676.0
1232830 2676.0
1232840 2674.3
1232850 2671.4
1232860 2671.4
1232870 2668.0
1232880 2664.5
1232890 2665.2
1232900 2663.6
1232910 2662.1
1232920 2662.1
1232930 2660.2
1232940 2658.7
1232950 2658.7
1232960 2656.3
1232970 2654.2
1232980 2654.2
1232990 2653.3
1233000 2653.1
1233010 2653.1
1233020 2651.7
1233030 2650.3
1233040 2650.3
1233050 2647.9
1233060 2645.7
1233070 2644.7
1233080 2644.7
1233090 2643.5
1233100 2642.1
1233110 2642.1
1233120 2641.2
1233130 2640.2
1233140 2640.2
1233150 2639.2
1233160 2638.6
1233170 2638.6
1233180 2637.7
1233190 2636.4
1233200 2636.4
1233210 2634.8
1233220 2632.5
1233230 2632.5
1233240 2628.8
1233250 2624.7
1233260 2624.7
1233270 2622.6
1233280 2622.1
1233290 2622.1
1233300 2622.1
1233310 2622.0
1233320 2621.9
1233330 2621.9
1233340 2622.0
1233350 2622.3
1233360 2622.3
1233370 2623.9
1233380 2624.7
1233390 2623.8
1233400 2623.8
1233410 2624.1
1233420 2624.1
1233430 2624.2
1233440 2624.8
1233450 2624.8
1233460 2626.0
1233470 2628.1
1233480 2628.1
1233490 2630.1
1233500 2633.2
1233510 2636.6
1233520 2636.6
1233530 2640.5
1233540 2643.2
1233550 2643.2
1233560 2645.3
1233570 2648.4
1233580 2648.4
1233590 2651.8
1233600 2656.6
1233610 2656.6
1233620 2662.6
1233630 2669.1
1233640 2669.1
1233650 2675.6
1233660 2688.0
1233670 2688.0
1233680 2719.0
1233690 2742.8
1233700 2742.8
1233710 2755.4
1233720 2768.2
1233730 2768.2
1233740 2790.6
1233750 2811.7
1233760 2824.2
1233770 2824.2
1233780 2835.3
1233790 2847.7
1233800 2847.7
1233810 2854.7
1233820 2865.8
1233830 2865.8
1233840 2872.6
1233850 2877.6
1233860 2877.6
1233870 2882.6
1233880 2889.2
1233890 2889.2
1233900 2900.9
1233910 2907.3
1233920 2907.3
1233930 2915.3
1233940 2922.3
1233950 2922.3
1233960 2929.6
1233970 2936.2
1233980 2944.1
1233990 2944.1
1234000 2955.3
1234010 2966.0
1234020 2966.0
1234030 2975.7
1234040 2986.0
1234050 2986.0
1234060 2996.7
1234070 3010.4
1234080 3010.4
1234090 3015.0
1234100 3008.4
1234110 3008.4
1234120 3003.0
1234130 2997.3
1234140 2997.3
1234150 2989.3
1234160 2978.7
1234170 2978.7
1234180 2971.4
1234190 2967.1
1234200 2963.8
1234210 2963.8
1234220 2960.7
1234230 2957.8
1234240 2957.8
1234250 2954.9
1234260 2952.3
1234270 2952.3
1234280 2949.7
1234290 2947.2
1234300 2947.2
1234310 2945.0
1234320 2942.8
1234330 2942.8
1234340 2940.8
1234350 2939.1
1234360 2939.1
1234370 2938.0
1234380 2937.1
1234390 2937.1
1234400 2936.0
1234410 2941.0
1234420 2941.0
1234430 2940.6
1234440 2940.6
1234450 2941.3
1234460 2941.3
1234470 2942.4
1234480 2943.5
1234490 2943.5
1234500 2944.4
1234510 2945.7
1234520 2945.7
1234530 2948.2
1234540 2953.8
1234550 2953.8
1234560 2958.3
1234570 2963.1
1234580 2963.1
1234590 2969.8
1234600 2972.1
1234610 2972.1
1234620 2972.9
1234630 2974.8
1234640 2974.8
1234650 2964.1
1234660 2936.8
1234670 2914.8
1234680 2914.8
1234690 2903.2
1234700 2892.5
1234710 2892.5
1234720 2883.6
1234730 2880.3
1234740 2880.3
1234750 2884.3
1234760 2894.4
1234770 2894.4
1234780 2896.2
1234790 2876.6
1234800 2876.6
1234810 2866.1
1234820 2867.4
1234830 2867.4
1234840 2864.6
1234850 2854.2
1234860 2854.2
1234870 2852.6
1234880 2852.4
1234890 2855.7
1234900 2855.7
1234910 2850.7
1234920 2854.9
1234930 2854.9
1234940 2862.1
1234950 2863.2
1234960 2863.2
1234970 2861.3
1234980 2854.4
1234990 2854.4
1235000 2848.4
1235010 2849.9
1235020 2849.9
1235030 2853.1
1235040 2841.9
1235050 2841.9
1235060 2836.5
1235070 2835.5
1235080 2835.5
1235090 2833.3
1235100 2832.2
1235110 2832.2
1235120 2831.9
1235130 2832.1
1235140 2833.9
1235150 2833.9
1235160 2836.7
1235170 2838.8
1235180 2838.8
1235190 2842.4
1235200 2850.0
1235210 2850.0
1235220 2856.1
1235230 2863.0
1235240 2863.0
1235250 2872.7
1235260 2886.4
1235270 2886.4
1235280 2895.4
1235290 2882.7
1235300 2882.7
1235310 2864.0
1235320 2848.3
1235330 2848.3
1235340 2831.4
1235350 2820.1
1235360 2802.1
1235370 2802.1
1235380 2772.1
1235390 2763.1
1235400 2763.1
1235410 2755.8
1235420 2744.8
1235430 2744.8
1235440 2737.9
1235450 2731.5
1235460 2731.5
1235470 2725.0
1235480 2718.6
1235490 2718.6
1235500 2712.2
1235510 2705.9
1235520 2705.9
1235530 2699.8
1235540 2693.8
1235550 2693.8
1235560 2688.3
1235570 2683.4
1235580 2678.7
1235590 2678.7
1235600 2674.0
1235610 2670.1
1235620 2670.1
1235630 2666.9
1235640 2663.6
1235650 2663.6
1235660 2660.4
1235670 2657.2
1235680 2657.2
1235690 2653.2
1235700 2649.5
1235710 2649.5
1235720 2646.8
1235730 2644.4
1235740 2644.4
1235750 2642.5
1235760 2640.4
1235770 2640.4
1235780 2638.3
1235790 2637.8
1235800 2637.8
1235810 2639.3
1235820 2640.2
1235830 2641.1
1235840 2641.1
1235850 2640.9
1235860 2639.7
1235870 2639.7
1235880 2638.1
1235890 2636.1
1235900 2636.1
1235910 2634.0
1235920 2633.0
1235930 2627.2
1235940 2626.7
1235950 2625.4
1235960 2625.4
1235970 2623.9
1235980 2620.4
1235990 2620.4
1236000 2616.0
1236010 2611.5
1236020 2611.5
1236030 2607.9
1236040 2604.6
1236050 2602.1
1236060 2602.1
1236070 2600.0
1236080 2599.2
1236090 2599.2
1236100 2597.4
1236110 2594.7
1236120 2594.7
1236130 2590.7
1236140 2585.9
1236150 2585.9
1236160 2582.5
1236170 2581.0
1236180 2581.0
1236190 2580.1
1236200 2579.5
1236210 2579.5
1236220 2579.8
1236230 2581.4
1236240 2581.4
1236250 2582.5
1236260 2585.1
1236270 2587.7
1236280 2587.7
1236290 2589.2
1236300 2594.8
1236310 2594.8
1236320 2598.7
1236330 2604.3
1236340 2604.3
1236350 2610.4
1236360 2616.3
1236370 2616.3
1236380 2620.1
1236390 2623.1
1236400 2623.1
1236410 2627.0
1236420 2632.3
1236430 2632.3
1236440 2627.8
1236450 2633.0
1236460 2633.0
1236470 2636.4
1236480 2644.3
1236490 2644.3
1236500 2650.9
1236510 2647.6
1236520 2640.2
1236530 2640.2
1236540 2632.6
1236550 2625.6
1236560 2625.6
1236570 2617.7
1236580 2608.4
1236590 2608.4
1236600 2598.6
1236610 2590.8
1236620 2590.8
1236630 2579.1
1236640 2569.1
1236650 2569.1
1236660 2563.8
1236670 2560.7
1236680 2560.7
1236690 2566.7
1236700 2569.2
1236710 2569.2
1236720 2567.5
1236730 2562.2
1236740 2556.8
1236750 2556.8
1236760 2558.0
1236770 2555.7
1236780 2555.7
1236790 2549.8
1236800 2550.5
1236810 2550.5
1236820 2548.7
1236830 2543.3
1236840 2543.3
1236850 2542.1
1236860 2542.3
1236870 2542.3
1236880 2546.6
1236890 2559.6
1236900 2559.6
1236910 2575.3
1236920 2578.4
1236930 2578.4
1236940 2567.7
1236950 2558.5
1236960 2564.9
1236970 2564.9
1236980 2572.4
1236990 2583.0
1237000 2583.0
1237010 2596.1
1237020 2606.3
1237030 2606.3
1237040 2602.1
1237050 2595.2
1237060 2595.2
1237070 2591.3
1237080 2594.1
1237090 2594.1
1237100 2611.2
1237110 2627.0
1237120 2627.0
1237130 2624.7
1237140 2616.3
1237150 2616.3
1237160 2608.4
1237170 2600.5
1237180 2593.2
1237190 2593.2
1237200 2584.5
1237210 2575.3
1237220 2575.3
1237230 2569.8
1237240 2565.1
1237250 2565.1
1237260 2557.0
1237270 2548.1
1237280 2548.1
1237290 2538.3
1237300 2529.1
1237310 2529.1
1237320 2527.9
1237330 2538.5
1237340 2538.5
1237350 2537.1
1237360 2531.7
1237370 2531.7
1237380 2528.5
1237390 2527.6
1237400 2527.6
1237410 2531.9
1237420 2534.4
1237430 2531.5
1237440 2531.5
1237450 2528.3
1237460 2538.8
1237470 2550.4
1237480 2544.3
1237490 2536.9
1237500 2536.9
1237510 2531.2
1237520 2529.7
1237530 2529.7
1237540 2524.4
1237550 2515.5
1237560 2515.5
1237570 2510.5
1237580 2507.2
1237590 2507.2
1237600 2500.6
1237610 2496.9
1237620 2496.9
1237630 2487.0
1237640 2476.7
1237650 2466.3
1237660 2466.3
1237670 2458.8
1237680 2458.0
1237690 2458.0
1237700 2453.6
1237710 2455.2
1237720 2455.2
1237730 2456.1
1237740 2451.1
1237750 2451.1
1237760 2441.1
1237770 2430.5
1237780 2430.5
1237790 2421.4
1237800 2412.4
1237810 2412.4
1237820 2400.2
1237830 2388.6
1237840 2388.6
1237850 2374.1
1237860 2362.6
1237870 2350.0
1237880 2350.0
1237890 2337.0
1237900 2326.9
1237910 2326.9
1237920 2325.7
1237930 2333.5
1237940 2333.5
1237950 2327.3
1237960 2331.3
1237970 2331.3
1237980 2343.0
1237990 2345.8
1238000 2345.8
1238010 2350.9
1238020 2350.6
1238030 2350.6
1238040 2342.0
1238050 2335.1
1238060 2335.1
1238070 2326.4
1238080 2316.9
1238090 2316.9
1238100 2306.7
1238110 2295.6
1238120 2285.8
1238130 2285.8
1238140 2278.8
1238150 2271.9
1238160 2271.9
1238170 2264.7
1238180 2256.9
1238190 2256.9
1238200 2249.7
1238210 2243.1
1238220 2243.1
1238230 2237.0
1238240 2230.6
1238250 2230.6
1238260 2222.1
1238270 2214.3
1238280 2214.3
1238290 2208.3
1238300 2202.4
1238310 2202.4
1238320 2195.9
1238330 2190.2
1238340 2183.5
1238350 2183.5
1238360 2175.4
1238370 2167.5
1238380 2167.5
1238390 2159.4
1238400 2151.8
1238410 2151.8
1238420 2145.5
1238430 2138.9
1238440 2138.9
1238450 2132.6
1238460 2125.2
1238470 2125.2
1238480 2117.1
1238490 2109.5
1238500 2106.5
1238510 2096.9
1238520 2088.8
1238530 2088.8
1238540 2081.9
1238550 2075.5
1238560 2070.3
1238570 2070.3
1238580 2065.3
1238590 2059.8
1238600 2059.8
1238610 2053.3
1238620 2045.7
1238630 2045.7
1238640 2038.3
1238650 2030.6
1238660 2030.6
1238670 2022.1
1238680 2016.2
1238690 2016.2
1238700 2012.6
1238710 2008.1
1238720 2008.1
1238730 2003.2
1238740 1996.5
1238750 1996.5
1238760 1989.0
1238770 1982.7
1238780 1982.7
1238790 1978.0
1238800 1973.5
1238810 1969.0
1238820 1969.0
1238830 1965.2
1238840 1960.9
1238850 1960.9
1238860 1955.6
1238870 1948.4
1238880 1948.4
1238890 1941.3
1238900 1934.1
1238910 1934.1
1238920 1928.7
1238930 1922.8
1238940 1922.8
1238950 1916.5
1238960 1911.7
1238970 1911.7
1238980 1907.2
1238990 1900.8
1239000 1900.8
1239010 1894.0
1239020 1891.2
1239030 1885.5
1239040 1885.5
1239050 1880.0
1239060 1873.7
1239070 1873.7
1239080 1866.9
1239090 1861.5
1239100 1861.5
1239110 1856.7
1239120 1852.7
1239130 1852.7
1239140 1848.7
1239150 1844.3
1239160 1844.3
1239170 1839.3
1239180 1833.7
1239190 1833.7
1239200 1827.8
1239210 1821.0
1239220 1821.0
1239230 1814.6
1239240 1808.2
1239250 1800.3
1239260 1800.3
1239270 1792.4
1239280 1786.2
1239290 1786.2
1239300 1780.3
1239310 1773.1
1239320 1773.1
1239330 1765.3
1239340 1756.1
1239350 1756.1
1239360 1747.8
1239370 1739.3
1239380 1739.3
1239390 1730.6
1239400 1722.0
1239410 1722.0
1239420 1716.5
1239430 1712.5
1239440 1712.5
1239450 1709.1
1239460 1706.6
1239470 1706.6
1239480 1703.7
1239490 1701.5
1239500 1699.5
1239510 1699.5
1239520 1697.7
1239530 1698.2
1239540 1698.2
1239550 1697.8
1239560 1697.3
1239570 1697.3
1239580 1696.9
1239590 1696.3
1239600 1696.3
1239610 1695.7
1239620 1695.2
1239630 1695.2
1239640 1693.2
1239650 1690.9
1239660 1690.9
1239670 1690.1
1239680 1691.4
1239690 1691.4
1239700 1692.6
1239710 1693.6
1239720 1694.8
1239730 1694.8
1239740 1696.2
1239750 1697.6
1239760 1697.6
1239770 1699.5
1239780 1701.1
1239790 1701.1
1239800 1702.0
1239810 1703.4
1239820 1703.4
1239830 1705.1
1239840 1707.7
1239850 1707.7
1239860 1711.3
1239870 1713.9
1239880 1713.9
1239890 1716.6
1239900 1719.4
1239910 1719.4
1239920 1722.5
1239930 1726.0
1239940 1731.1
1239950 1731.1
1239960 1737.8
1239970 1745.1
1239980 1745.1
1239990 1751.9
