1220000 1551.2
1220010 1551.5
1220020 1551.5
1220030 1551.3
1220040 1550.3
1220050 1549.2
1220060 1549.2
1220070 1547.6
1220080 1545.6
1220090 1545.6
1220100 1543.5
1220110 1541.3
1220120 1541.3
1220130 1539.4
1220140 1537.2
1220150 1537.2
1220160 1527.8
1220170 1526.0
1220180 1526.0
1220190 1524.8
1220200 1524.6
1220210 1524.6
1220220 1525.1
1220230 1525.6
1220240 1525.6
1220250 1525.7
1220260 1525.6
1220270 1525.4
1220280 1525.4
1220290 1524.5
1220300 1522.8
1220310 1522.8
1220320 1521.1
1220330 1520.7
1220340 1520.7
1220350 1520.7
1220360 1521.0
1220370 1521.0
1220380 1521.1
1220390 1521.5
1220400 1521.5
1220410 1521.9
1220420 1522.3
1220430 1522.3
1220440 1522.7
1220450 1523.2
1220460 1523.2
1220470 1523.9
1220480 1524.4
1220490 1525.3
1220500 1525.3
1220510 1526.7
1220520 1528.7
1220530 1528.7
1220540 1530.6
1220550 1530.8
1220560 1530.8
1220570 1529.1
1220580 1528.1
1220590 1528.1
1220600 1527.9
1220610 1528.2
1220620 1528.2
1220630 1527.9
1220640 1529.1
1220650 1529.1
1220660 1529.4
1220670 1529.5
1220680 1529.5
1220690 1529.9
1220700 1530.3
1220710 1530.3
1220720 1530.7
1220730 1531.4
1220740 1534.2
1220750 1534.2
1220760 1540.7
1220770 1546.8
1220780 1546.8
1220790 1548.9
1220800 1549.0
1220810 1549.0
1220820 1548.8
1220830 1549.2
1220840 1549.2
1220850 1550.1
1220860 1551.0
1220870 1551.0
1220880 1552.1
1220890 1552.9
1220900 1552.9
1220910 1552.9
1220920 1552.8
1220930 1552.8
1220940 1553.0
1220950 1553.4
1220960 1554.8
1220970 1554.8
1220980 1556.5
1220990 1558.1
1221000 1558.1
1221010 1560.0
1221020 1561.8
1221030 1561.8
1221040 1563.2
1221050 1563.7
1221060 1563.7
1221070 1564.0
1221080 1564.3
1221090 1564.3
1221100 1564.1
1221110 1564.1
1221120 1564.4
1221130 1564.4
1221140 1564.5
1221150 1564.5
1221160 1564.4
1221170 1564.5
1221180 1564.5
1221190 1564.6
1221200 1564.6
1221210 1564.7
1221220 1564.7
1221230 1564.8
1221240 1564.9
1221250 1564.9
1221260 1564.9
1221270 1565.0
1221280 1565.0
1221290 1565.0
1221300 1565.1
1221310 1565.1
1221320 1565.2
1221330 1565.4
1221340 1565.4
1221350 1565.7
1221360 1565.9
1221370 1565.9
1221380 1566.2
1221390 1566.7
1221400 1566.7
1221410 1567.6
1221420 1568.5
1221430 1569.4
1221440 1569.4
1221450 1570.6
1221460 1572.6
1221470 1572.6
1221480 1575.5
1221490 1578.8
1221500 1578.8
1221510 1581.9
1221520 1585.2
1221530 1585.2
1221540 1590.4
1221550 1593.2
1221560 1593.2
1221570 1596.1
1221580 1599.7
1221590 1599.7
1221600 1609.6
1221610 1611.4
1221620 1611.4
1221630 1613.5
1221640 1617.5
1221650 1623.1
1221660 1623.1
1221670 1629.6
1221680 1635.0
1221690 1635.0
1221700 1640.0
1221710 1646.9
1221720 1646.9
1221730 1656.8
1221740 1668.0
1221750 1668.0
1221760 1676.2
1221770 1681.1
1221780 1681.1
1221790 1683.2
1221800 1684.7
1221810 1684.7
1221820 1690.1
1221830 1697.7
1221840 1697.7
1221850 1704.0
1221860 1708.4
1221870 1708.4
1221880 1712.9
1221890 1714.5
1221900 1716.5
1221910 1716.5
1221920 1720.9
1221930 1724.8
1221940 1724.8
1221950 1727.8
1221960 1734.6
1221970 1734.6
1221980 1742.6
1221990 1748.6
1222000 1748.6
1222010 1756.7
1222020 1763.7
1222030 1763.7
1222040 1764.6
1222050 1764.0
1222060 1764.0
1222070 1765.1
1222080 1778.0
1222090 1778.0
1222100 1781.4
1222110 1784.7
1222120 1785.1
1222130 1785.1
1222140 1786.5
1222150 1789.0
1222160 1789.0
1222170 1791.3
1222180 1792.9
1222190 1792.9
1222200 1797.1
1222210 1803.1
1222220 1803.1
1222230 1807.0
1222240 1809.3
1222250 1809.3
1222260 1810.4
1222270 1813.2
1222280 1813.2
1222290 1818.5
1222300 1825.7
1222310 1825.7
1222320 1833.4
1222330 1841.5
1222340 1850.1
1222350 1850.1
1222360 1858.9
1222370 1867.3
1222380 1867.3
1222390 1875.7
1222400 1883.9
1222410 1883.9
1222420 1892.8
1222430 1901.5
1222440 1901.5
1222450 1911.1
1222460 1921.1
1222470 1921.1
1222480 1929.0
1222490 1937.9
1222500 1937.9
1222510 1950.3
1222520 1961.8
1222530 1961.8
1222540 1975.3
1222550 1987.5
1222560 1987.5
1222570 1992.4
1222580 2004.6
1222590 2016.0
1222600 2016.0
1222610 2025.7
1222620 2034.4
1222630 2034.4
1222640 2046.8
1222650 2061.1
1222660 2061.1
1222670 2084.1
1222680 2100.1
1222690 2100.1
1222700 2111.4
1222710 2119.4
1222720 2119.4
1222730 2125.5
1222740 2130.9
1222750 2130.9
1222760 2137.1
1222770 2144.3
1222780 2144.3
1222790 2151.2
1222800 2158.7
1222810 2166.3
1222820 2166.3
1222830 2173.0
1222840 2179.4
1222850 2179.4
1222860 2185.4
1222870 2192.0
1222880 2192.0
1222890 2198.6
1222900 2205.5
1222910 2205.5
1222920 2212.7
1222930 2220.3
1222940 2220.3
1222950 2226.7
1222960 2232.5
1222970 2232.5
1222980 2237.8
1222990 2242.3
1223000 2242.3
1223010 2247.7
1223020 2252.5
1223030 2252.5
1223040 2254.9
1223050 2256.8
1223060 2257.9
1223070 2257.9
1223080 2258.7
1223090 2258.5
1223100 2258.5
1223110 2255.4
1223120 2250.8
1223130 2250.8
1223140 2244.5
1223150 2236.8
1223160 2236.8
1223170 2227.8
1223180 2216.1
1223190 2216.1
1223200 2204.3
1223210 2190.8
1223220 2190.8
1223230 2178.8
1223240 2171.0
1223250 2171.0
1223260 2165.0
1223270 2157.5
1223280 2149.1
1223290 2149.1
1223300 2140.4
1223310 2128.0
1223320 2128.0
1223330 2122.5
1223340 2118.0
1223350 2118.0
1223360 2111.1
1223370 2100.6
1223380 2100.6
1223390 2090.9
1223400 2082.8
1223410 2082.8
1223420 2076.3
1223430 2070.1
1223440 2070.1
1223450 2063.2
1223460 2056.0
1223470 2056.0
1223480 2049.0
1223490 2042.3
1223500 2035.3
1223510 2035.3
1223520 2028.6
1223530 2022.4
1223540 2024.8
1223550 2018.2
1223560 2011.1
1223570 2011.1
1223580 2004.4
1223590 1998.4
1223600 1998.4
1223610 1992.8
1223620 1987.5
1223630 1987.5
1223640 1982.0
1223650 1976.8
1223660 1976.8
1223670 1970.7
1223680 1966.0
1223690 1966.0
1223700 1966.3
1223710 1966.0
1223720 1966.0
1223730 1965.6
1223740 1968.7
1223750 1971.0
1223760 1971.0
1223770 1972.9
1223780 1975.6
1223790 1975.6
1223800 1979.1
1223810 1982.8
1223820 1982.8
1223830 1986.6
1223840 1990.6
1223850 1990.6
1223860 1995.2
1223870 2000.1
1223880 2000.1
1223890 2005.4
1223900 2010.8
1223910 2010.8
1223920 2016.0
1223930 2021.2
1223940 2021.2
1223950 2026.3
1223960 2031.2
1223970 2036.3
1223980 2036.3
1223990 2042.2
1224000 2048.5
1224010 2048.5
1224020 2054.7
1224030 2061.5
1224040 2061.5
1224050 2068.2
1224060 2074.9
1224070 2074.9
1224080 2081.5
1224090 2088.0
1224100 2088.0
1224110 2094.4
1224120 2104.0
1224130 2104.0
1224140 2113.5
1224150 2125.4
1224160 2125.4
1224170 2137.9
1224180 2147.0
1224190 2155.8
1224200 2155.8
1224210 2166.4
1224220 2175.8
1224230 2175.8
1224240 2185.0
1224250 2193.1
1224260 2193.1
1224270 2201.3
1224280 2209.7
1224290 2209.7
1224300 2217.7
1224310 2225.4
1224320 2225.4
1224330 2232.7
1224340 2239.5
1224350 2239.5
1224360 2246.1
1224370 2255.0
1224380 2255.0
1224390 2264.3
1224400 2268.9
1224410 2268.9
1224420 2272.7
1224430 2277.7
1224440 2283.4
1224450 2283.4
1224460 2292.6
1224470 2300.6
1224480 2300.6
1224490 2308.6
1224500 2315.6
1224510 2318.5
1224520 2327.0
1224530 2336.3
1224540 2336.3
1224550 2344.7
1224560 2353.4
1224570 2353.4
1224580 2361.5
1224590 2370.3
1224600 2370.3
1224610 2377.6
1224620 2384.2
1224630 2384.2
1224640 2390.8
1224650 2396.2
1224660 2399.8
1224670 2399.8
1224680 2404.8
1224690 2410.4
1224700 2410.4
1224710 2416.8
1224720 2424.0
1224730 2424.0
1224740 2433.0
1224750 2443.8
1224760 2443.8
1224770 2454.3
1224780 2463.0
1224790 2463.0
1224800 2471.0
1224810 2476.2
1224820 2476.2
1224830 2481.8
1224840 2491.2
1224850 2491.2
1224860 2501.3
1224870 2507.3
1224880 2507.3
1224890 2513.3
1224900 2518.9
1224910 2521.9
1224920 2521.9
1224930 2527.8
1224940 2540.5
1224950 2540.5
1224960 2555.9
1224970 2568.2
1224980 2568.2
1224990 2578.0
1225000 2579.0
1225010 2579.0
1225020 2583.6
1225030 2585.4
1225040 2585.4
1225050 2589.0
1225060 2592.3
1225070 2592.3
1225080 2597.4
1225090 2604.7
1225100 2604.7
1225110 2613.5
1225120 2623.5
1225130 2634.7
1225140 2634.7
1225150 2642.0
1225160 2649.7
1225170 2649.7
1225180 2658.6
1225190 2666.7
1225200 2666.7
1225210 2673.1
1225220 2680.5
1225230 2680.5
1225240 2688.7
1225250 2691.2
1225260 2691.2
1225270 2682.9
1225280 2672.1
1225290 2672.1
1225300 2663.1
1225310 2656.7
1225320 2656.7
1225330 2651.9
1225340 2647.4
1225350 2642.3
1225360 2642.3
1225370 2636.1
1225380 2628.1
1225390 2628.1
1225400 2620.5
1225410 2613.2
1225420 2613.2
1225430 2604.7
1225440 2596.3
1225450 2596.3
1225460 2588.2
1225470 2579.5
1225480 2579.5
1225490 2565.9
1225500 2556.5
1225510 2556.5
1225520 2549.1
1225530 2544.1
1225540 2544.1
1225550 2538.0
1225560 2531.3
1225570 2531.3
1225580 2526.0
1225590 2517.4
1225600 2510.1
1225610 2510.1
1225620 2503.4
1225630 2495.9
1225640 2495.9
1225650 2488.0
1225660 2479.5
1225670 2479.5
1225680 2470.0
1225690 2458.5
1225700 2458.5
1225710 2447.1
1225720 2438.6
1225730 2438.6
1225740 2430.1
1225750 2422.2
1225760 2422.2
1225770 2415.0
1225780 2407.8
1225790 2407.8
1225800 2401.1
1225810 2394.2
1225820 2387.6
1225830 2387.6
1225840 2382.2
1225850 2377.0
1225860 2377.0
1225870 2374.2
1225880 2371.8
1225890 2371.8
1225900 2367.8
1225910 2364.1
1225920 2364.1
1225930 2362.6
1225940 2361.2
1225950 2361.2
1225960 2358.6
1225970 2356.1
1225980 2359.2
1225990 2357.2
1226000 2356.2
1226010 2356.2
1226020 2352.8
1226030 2346.6
1226040 2339.5
1226050 2339.5
1226060 2333.0
1226070 2328.0
1226080 2328.0
1226090 2322.6
1226100 2316.6
1226110 2316.6
1226120 2312.0
1226130 2308.3
1226140 2308.3
1226150 2305.2
1226160 2304.2
1226170 2304.2
1226180 2301.2
1226190 2297.9
1226200 2297.9
1226210 2294.2
1226220 2292.3
1226230 2292.3
1226240 2290.3
1226250 2288.3
1226260 2288.3
1226270 2287.3
1226280 2286.5
1226290 2284.8
1226300 2284.8
1226310 2284.1
1226320 2283.0
1226330 2283.0
1226340 2281.2
1226350 2280.8
1226360 2280.8
1226370 2280.9
1226380 2280.9
1226390 2280.9
1226400 2280.8
1226410 2280.7
1226420 2280.7
1226430 2280.6
1226440 2280.7
1226450 2280.7
1226460 2280.8
1226470 2281.1
1226480 2281.1
1226490 2281.5
1226500 2283.7
1226510 2288.0
1226520 2288.0
1226530 2291.9
1226540 2296.6
1226550 2296.6
1226560 2301.8
1226570 2307.0
1226580 2307.0
1226590 2311.7
1226600 2315.6
1226610 2315.6
1226620 2319.4
1226630 2323.2
1226640 2323.2
1226650 2327.0
1226660 2330.9
1226670 2330.9
1226680 2335.1
1226690 2339.5
1226700 2339.5
1226710 2343.9
1226720 2348.4
1226730 2348.4
1226740 2353.1
1226750 2357.6
1226760 2362.6
1226770 2362.6
1226780 2368.0
1226790 2373.1
1226800 2373.1
1226810 2378.3
1226820 2383.7
1226830 2383.7
1226840 2389.5
1226850 2395.5
1226860 2395.5
1226870 2401.6
1226880 2407.7
1226890 2407.7
1226900 2413.9
1226910 2420.6
1226920 2420.6
1226930 2430.2
1226940 2440.5
1226950 2440.5
1226960 2449.4
1226970 2458.5
1226980 2465.4
1226990 2465.4
1227000 2472.0
1227010 2477.8
1227020 2477.8
1227030 2484.1
1227040 2490.6
1227050 2490.6
1227060 2496.1
1227070 2501.6
1227080 2501.6
1227090 2507.9
1227100 2513.7
1227110 2513.7
1227120 2519.0
1227130 2524.1
1227140 2524.1
1227150 2526.9
1227160 2529.8
1227170 2529.8
1227180 2532.8
1227190 2535.5
1227200 2540.0
1227210 2540.0
1227220 2545.3
1227230 2551.5
1227240 2551.5
1227250 2557.8
1227260 2563.0
1227270 2563.0
1227280 2569.1
1227290 2575.3
1227300 2575.3
1227310 2580.8
1227320 2586.1
1227330 2586.1
1227340 2591.8
1227350 2597.3
1227360 2597.3
1227370 2602.6
1227380 2607.6
1227390 2607.6
1227400 2612.8
1227410 2618.3
1227420 2618.3
1227430 2623.5
1227440 2628.6
1227450 2633.7
1227460 2638.0
1227470 2643.0
1227480 2647.7
1227490 2647.7
1227500 2652.3
1227510 2658.5
1227520 2658.5
1227530 2665.8
1227540 2671.7
1227550 2671.7
1227560 2676.8
1227570 2682.0
1227580 2682.0
1227590 2688.2
1227600 2697.6
1227610 2697.6
1227620 2707.4
1227630 2714.0
1227640 2714.0
1227650 2719.1
1227660 2724.7
1227670 2730.9
1227680 2730.9
1227690 2736.7
1227700 2742.6
1227710 2742.6
1227720 2748.5
1227730 2754.8
1227740 2754.8
1227750 2762.1
1227760 2769.6
1227770 2769.6
1227780 2777.1
1227790 2784.7
1227800 2784.7
1227810 2792.3
1227820 2802.5
1227830 2802.5
1227840 2820.0
1227850 2851.4
1227860 2851.4
1227870 2873.8
1227880 2885.7
1227890 2896.8
1227900 2896.8
1227910 2907.8
1227920 2917.0
1227930 2917.0
1227940 2926.3
1227950 2939.4
1227960 2939.4
1227970 2950.7
1227980 2959.1
1227990 2959.1
1228000 2966.1
1228010 2975.1
1228020 2975.1
1228030 2986.2
1228040 2999.1
1228050 2999.1
1228060 3010.3
1228070 3019.0
1228080 3019.0
1228090 3026.3
1228100 3036.9
1228110 3036.9
1228120 3034.7
1228130 3015.1
1228140 3002.8
1228150 3002.8
1228160 2994.7
1228170 2985.4
1228180 2985.4
1228190 2973.5
1228200 2952.3
1228210 2952.3
1228220 2933.8
1228230 2923.3
1228240 2923.3
1228250 2915.5
1228260 2907.8
1228270 2907.8
1228280 2899.7
1228290 2891.2
1228300 2891.2
1228310 2882.9
1228320 2876.1
1228330 2876.1
1228340 2870.3
1228350 2864.2
1228360 2857.7
1228370 2857.7
1228380 2851.3
1228390 2844.7
1228400 2844.7
1228410 2838.1
1228420 2832.2
1228430 2832.2
1228440 2826.8
1228450 2826.9
1228460 2826.9
1228470 2824.0
1228480 2819.1
1228490 2819.1
1228500 2808.2
1228510 2794.7
1228520 2794.7
1228530 2764.9
1228540 2746.3
1228550 2746.3
1228560 2728.8
1228570 2711.1
1228580 2698.3
1228590 2698.3
1228600 2690.6
1228610 2684.4
1228620 2684.4
1228630 2678.4
1228640 2672.4
1228650 2672.4
1228660 2667.4
1228670 2665.0
1228680 2665.0
1228690 2661.2
1228700 2656.0
1228710 2656.0
1228720 2651.7
1228730 2648.6
1228740 2648.6
1228750 2645.0
1228760 2641.2
1228770 2641.2
1228780 2637.3
1228790 2633.4
1228800 2633.4
1228810 2629.0
1228820 2623.5
1228830 2618.0
1228840 2618.0
1228850 2613.7
1228860 2608.9
1228870 2608.9
1228880 2606.0
1228890 2600.6
1228900 2600.6
1228910 2595.4
1228920 2593.4
1228930 2593.4
1228940 2586.7
1228950 2584.5
1228960 2584.5
1228970 2583.4
1228980 2580.8
1228990 2580.8
1229000 2573.4
1229010 2564.3
1229020 2564.3
1229030 2555.7
1229040 2548.1
1229050 2540.6
1229060 2540.6
1229070 2533.1
1229080 2526.3
1229090 2526.3
1229100 2520.4
1229110 2515.2
1229120 2515.2
1229130 2511.4
1229140 2507.6
1229150 2507.6
1229160 2503.8
1229170 2501.1
1229180 2501.1
1229190 2498.1
1229200 2494.6
1229210 2494.6
1229220 2492.2
1229230 2490.9
1229240 2490.9
1229250 2489.8
1229260 2487.2
1229270 2487.2
1229280 2483.3
1229290 2479.0
1229300 2474.0
1229310 2474.0
1229320 2469.7
1229330 2465.7
1229340 2465.7
1229350 2459.7
1229360 2454.6
1229370 2454.6
1229380 2450.5
1229390 2445.8
1229400 2445.8
1229410 2441.1
1229420 2436.2
1229430 2436.2
1229440 2432.1
1229450 2426.6
1229460 2426.6
1229470 2420.5
1229480 2414.9
1229490 2414.9
1229500 2409.3
1229510 2403.7
1229520 2398.5
1229530 2398.5
1229540 2393.9
1229550 2389.2
1229560 2389.2
1229570 2385.5
1229580 2384.5
1229590 2384.5
1229600 2384.6
1229610 2382.6
1229620 2382.6
1229630 2378.8
1229640 2376.0
1229650 2376.0
1229660 2373.1
1229670 2370.8
1229680 2370.8
1229690 2369.8
1229700 2370.0
1229710 2370.0
1229720 2371.1
1229730 2373.5
1229740 2373.4
1229750 2373.4
1229760 2371.9
1229770 2371.1
1229780 2371.1
1229790 2373.9
1229800 2377.2
1229810 2377.2
1229820 2374.9
1229830 2373.4
1229840 2373.4
1229850 2370.5
1229860 2370.0
1229870 2370.0
1229880 2371.2
1229890 2371.0
1229900 2371.0
1229910 2373.4
1229920 2376.9
1229930 2376.9
1229940 2382.5
1229950 2384.4
1229960 2384.4
1229970 2387.3
1229980 2389.0
1229990 2391.6
1230000 2391.6
1230010 2399.7
1230020 2408.2
1230030 2408.2
1230040 2413.4
1230050 2417.4
1230060 2417.4
1230070 2422.4
1230080 2425.5
1230090 2425.5
1230100 2428.2
1230110 2431.3
1230120 2431.3
1230130 2436.6
1230140 2446.1
1230150 2446.1
1230160 2457.7
1230170 2464.8
1230180 2464.8
1230190 2469.8
1230200 2469.9
1230210 2470.8
1230220 2470.8
1230230 2472.9
1230240 2477.1
1230250 2477.1
1230260 2482.4
1230270 2486.0
1230280 2486.0
1230290 2488.8
1230300 2491.6
1230310 2491.6
1230320 2493.8
1230330 2497.1
1230340 2497.1
1230350 2502.3
1230360 2507.4
1230370 2507.4
1230380 2511.4
1230390 2516.0
1230400 2516.0
1230410 2521.0
1230420 2526.3
1230430 2531.6
1230440 2530.9
1230450 2536.5
1230460 2542.1
1230470 2542.1
1230480 2547.6
1230490 2553.4
1230500 2553.4
1230510 2559.2
1230520 2565.2
1230530 2565.2
1230540 2571.2
1230550 2577.3
1230560 2577.3
1230570 2583.6
1230580 2590.0
1230590 2590.0
1230600 2596.3
1230610 2602.7
1230620 2602.7
1230630 2609.4
1230640 2616.0
1230650 2616.0
1230660 2623.0
1230670 2630.1
1230680 2637.5
1230690 2637.5
1230700 2644.8
1230710 2652.1
1230720 2652.1
1230730 2660.2
1230740 2668.3
1230750 2668.3
1230760 2675.8
1230770 2683.6
1230780 2683.6
1230790 2691.3
1230800 2699.0
1230810 2699.0
1230820 2710.3
1230830 2724.3
1230840 2724.3
1230850 2733.7
1230860 2744.7
1230870 2744.7
1230880 2756.4
1230890 2771.9
1230900 2796.0
1230910 2796.0
1230920 2810.8
1230930 2816.1
1230940 2823.2
1230950 2825.6
1230960 2832.4
1230970 2832.4
1230980 2841.9
1230990 2865.4
1231000 2865.4
1231010 2878.1
1231020 2887.5
1231030 2887.5
1231040 2896.7
1231050 2907.8
1231060 2907.8
1231070 2921.3
1231080 2937.1
1231090 2937.1
1231100 2949.6
1231110 2963.4
1231120 2963.4
1231130 2978.8
1231140 2990.5
1231150 3003.9
1231160 3003.9
1231170 3017.1
1231180 3026.4
1231190 3026.4
1231200 3033.8
1231210 3039.5
1231220 3039.5
1231230 3046.1
1231240 3053.4
1231250 3053.4
1231260 3060.7
1231270 3068.7
1231280 3068.7
1231290 3077.0
1231300 3083.1
1231310 3083.1
1231320 3082.1
1231330 3072.5
1231340 3072.5
1231350 3063.4
1231360 3054.5
1231370 3045.4
1231380 3045.4
1231390 3031.6
1231400 3021.9
1231410 3021.9
1231420 3015.9
1231430 3009.5
1231440 3011.7
1231450 2999.0
1231460 2972.5
1231470 2972.5
1231480 2955.3
1231490 2942.4
1231500 2942.4
1231510 2927.1
1231520 2913.3
1231530 2913.3
1231540 2903.0
1231550 2897.1
1231560 2897.1
1231570 2892.1
1231580 2887.6
1231590 2884.2
1231600 2884.2
1231610 2881.0
1231620 2877.9
1231630 2877.9
1231640 2875.7
1231650 2873.4
1231660 2873.4
1231670 2871.4
1231680 2869.1
1231690 2869.1
1231700 2866.8
1231710 2864.1
1231720 2864.1
1231730 2861.6
1231740 2859.5
1231750 2859.5
1231760 2857.6
1231770 2855.7
1231780 2855.7
1231790 2853.7
1231800 2851.0
1231810 2851.0
1231820 2847.3
1231830 2843.0
1231840 2838.1
1231850 2838.1
1231860 2833.4
1231870 2829.7
1231880 2829.7
1231890 2827.2
1231900 2825.6
1231910 2825.6
1231920 2824.0
1231930 2822.7
1231940 2829.1
1231950 2827.5
1231960 2823.3
1231970 2823.3
1231980 2818.0
1231990 2815.0
1232000 2815.0
1232010 2812.1
1232020 2810.4
1232030 2810.4
1232040 2810.6
1232050 2810.3
1232060 2809.6
1232070 2809.6
1232080 2808.9
1232090 2807.7
1232100 2807.7
1232110 2805.8
1232120 2804.4
1232130 2804.4
1232140 2803.0
1232150 2801.0
1232160 2801.0
1232170 2799.9
1232180 2799.8
1232190 2799.8
1232200 2799.0
1232210 2798.1
1232220 2798.1
1232230 2796.9
1232240 2797.6
1232250 2797.6
1232260 2799.2
1232270 2799.4
1232280 2799.2
1232290 2799.2
1232300 2797.8
1232310 2795.3
1232320 2795.3
1232330 2793.3
1232340 2791.4
1232350 2791.4
1232360 2789.6
1232370 2787.2
1232380 2787.2
1232390 2783.3
1232400 2778.6
1232410 2778.6
1232420 2772.7
1232430 2765.6
1232440 2764.0
1232450 2757.1
1232460 2750.7
1232470 2750.7
1232480 2744.3
1232490 2735.9
1232500 2735.9
1232510 2726.1
1232520 2714.4
1232530 2696.1
1232540 2696.1
1232550 2680.6
1232560 2672.4
1232570 2672.4
1232580 2666.1
1232590 2660.0
1232600 2660.0
1232610 2654.8
1232620 2650.0
1232630 2650.0
1232640 2646.8
1232650 2643.7
1232660 2643.7
1232670 2641.0
1232680 2639.7
1232690 2639.7
1232700 2639.6
1232710 2637.4
1232720 2637.4
1232730 2634.6
1232740 2630.7
1232750 2627.6
1232760 2627.6
1232770 2625.4
1232780 2622.4
1232790 2622.4
1232800 2618.2
1232810 2614.5
1232820 2614.5
1232830 2612.6
1232840 2610.0
1232850 2610.0
1232860 2607.0
1232870 2603.9
1232880 2603.9
1232890 2601.6
1232900 2597.7
1232910 2597.7
1232920 2593.4
1232930 2588.4
1232940 2588.4
1232950 2590.6
1232960 2588.2
1232970 2585.7
1232980 2585.7
1232990 2583.0
1233000 2580.0
1233010 2580.0
1233020 2575.0
1233030 2573.1
1233040 2573.1
1233050 2571.7
1233060 2569.2
1233070 2569.2
1233080 2566.7
1233090 2563.6
1233100 2563.6
1233110 2560.6
1233120 2557.6
1233130 2557.6
1233140 2554.1
1233150 2550.5
1233160 2550.5
1233170 2545.9
1233180 2541.7
1233190 2541.7
1233200 2539.9
1233210 2541.0
1233220 2541.6
1233230 2541.6
1233240 2541.4
1233250 2541.6
1233260 2541.6
1233270 2541.6
1233280 2541.6
1233290 2541.6
1233300 2541.2
1233310 2540.0
1233320 2540.0
1233330 2540.1
1233340 2539.7
1233350 2539.7
1233360 2538.9
1233370 2536.9
1233380 2536.9
1233390 2536.2
1233400 2536.5
1233410 2536.5
1233420 2538.3
1233430 2538.1
1233440 2537.7
1233450 2539.4
1233460 2539.5
1233470 2539.0
1233480 2539.0
1233490 2537.4
1233500 2538.1
1233510 2538.1
1233520 2540.9
1233530 2543.3
1233540 2543.3
1233550 2543.7
1233560 2544.4
1233570 2544.4
1233580 2546.8
1233590 2552.7
1233600 2552.7
1233610 2556.0
1233620 2556.1
1233630 2556.1
1233640 2556.2
1233650 2556.6
1233660 2556.6
1233670 2557.9
1233680 2560.4
1233690 2563.8
1233700 2563.8
1233710 2568.7
1233720 2572.8
1233730 2572.8
1233740 2576.3
1233750 2580.0
1233760 2580.0
1233770 2583.7
1233780 2588.8
1233790 2588.8
1233800 2598.1
1233810 2609.4
1233820 2609.4
1233830 2620.2
1233840 2637.2
1233850 2637.2
1233860 2651.7
1233870 2660.5
1233880 2660.5
1233890 2658.4
1233900 2685.1
1233910 2704.8
1233920 2704.8
1233930 2710.6
1233940 2713.6
1233950 2713.6
1233960 2721.6
1233970 2725.4
1233980 2725.4
1233990 2730.1
1234000 2736.0
1234010 2736.0
1234020 2742.5
1234030 2745.9
1234040 2745.9
1234050 2749.5
1234060 2758.3
1234070 2758.3
1234080 2775.5
1234090 2788.6
1234100 2788.6
1234110 2793.4
1234120 2790.5
1234130 2785.1
1234140 2785.1
1234150 2787.9
1234160 2804.7
1234170 2804.7
1234180 2821.1
1234190 2830.6
1234200 2830.6
1234210 2830.3
1234220 2822.1
1234230 2822.1
1234240 2814.7
1234250 2807.8
1234260 2807.8
1234270 2799.5
1234280 2788.3
1234290 2788.3
1234300 2778.5
1234310 2770.6
1234320 2770.6
1234330 2764.3
1234340 2758.9
1234350 2758.9
1234360 2754.1
1234370 2750.9
1234380 2749.3
1234390 2749.3
1234400 2747.7
1234410 2746.6
1234420 2746.6
1234430 2746.2
1234440 2746.2
1234450 2746.2
1234460 2749.1
1234470 2748.6
1234480 2748.6
1234490 2748.2
1234500 2748.4
1234510 2748.4
1234520 2749.3
1234530 2750.1
1234540 2750.1
1234550 2750.5
1234560 2751.3
1234570 2751.3
1234580 2752.5
1234590 2754.1
1234600 2755.7
1234610 2755.7
1234620 2757.8
1234630 2760.4
1234640 2760.4
1234650 2762.2
1234660 2763.0
1234670 2763.0
1234680 2762.9
1234690 2761.8
1234700 2761.8
1234710 2760.0
1234720 2758.2
1234730 2758.2
1234740 2757.1
1234750 2757.5
1234760 2757.5
1234770 2759.3
1234780 2760.8
1234790 2760.8
1234800 2761.6
1234810 2761.9
1234820 2761.7
1234830 2761.7
1234840 2762.1
1234850 2762.2
1234860 2762.2
1234870 2761.8
1234880 2762.4
1234890 2762.4
1234900 2764.5
1234910 2768.7
1234920 2768.7
1234930 2772.8
1234940 2777.1
1234950 2777.1
1234960 2781.6
1234970 2787.9
1234980 2787.9
1234990 2793.7
1235000 2802.0
1235010 2802.0
1235020 2814.5
1235030 2826.8
1235040 2826.8
1235050 2839.6
1235060 2842.4
1235070 2847.0
1235080 2847.0
1235090 2853.6
1235100 2861.1
1235110 2861.1
1235120 2869.7
1235130 2878.1
1235140 2878.1
1235150 2877.8
1235160 2864.4
1235170 2864.4
1235180 2853.6
1235190 2846.0
1235200 2846.0
1235210 2838.7
1235220 2831.5
1235230 2831.5
1235240 2824.7
1235250 2818.5
1235260 2818.5
1235270 2813.0
1235280 2807.6
1235290 2802.5
1235300 2802.5
1235310 2797.4
1235320 2792.6
1235330 2792.6
1235340 2787.9
1235350 2782.8
1235360 2782.8
1235370 2777.4
1235380 2771.8
1235390 2771.8
1235400 2766.4
1235410 2761.1
1235420 2761.1
1235430 2756.1
1235440 2751.3
1235450 2751.3
1235460 2746.7
1235470 2742.4
1235480 2740.5
1235490 2736.6
1235500 2732.8
1235510 2728.9
1235520 2728.9
1235530 2724.7
1235540 2720.5
1235550 2720.5
1235560 2716.6
1235570 2712.8
1235580 2712.8
1235590 2709.4
1235600 2707.0
1235610 2707.0
1235620 2705.6
1235630 2704.6
1235640 2704.6
1235650 2703.0
1235660 2702.1
1235670 2702.1
1235680 2701.6
1235690 2699.4
1235700 2699.4
1235710 2695.2
1235720 2694.9
1235730 2694.9
1235740 2696.2
1235750 2695.2
1235760 2694.3
1235770 2694.3
1235780 2694.0
1235790 2690.9
1235800 2690.9
1235810 2687.3
1235820 2684.8
1235830 2684.8
1235840 2681.5
1235850 2678.7
1235860 2678.7
1235870 2677.6
1235880 2677.3
1235890 2677.3
1235900 2676.8
1235910 2676.0
1235920 2676.0
1235930 2675.0
1235940 2673.9
1235950 2673.9
1235960 2672.7
1235970 2671.6
1235980 2670.6
1235990 2671.8
1236000 2670.0
1236010 2667.9
1236020 2667.9
1236030 2665.1
1236040 2661.8
1236050 2661.8
1236060 2657.7
1236070 2653.8
1236080 2653.8
1236090 2650.5
1236100 2647.2
1236110 2647.2
1236120 2643.8
1236130 2639.6
1236140 2639.6
1236150 2635.3
1236160 2631.7
1236170 2631.7
1236180 2628.9
1236190 2626.9
1236200 2626.9
1236210 2625.7
1236220 2625.2
1236230 2624.6
1236240 2624.6
1236250 2623.3
1236260 2621.4
1236270 2621.4
1236280 2619.2
1236290 2616.5
1236300 2616.5
1236310 2613.7
1236320 2610.7
1236330 2610.7
1236340 2606.7
1236350 2602.3
1236360 2602.3
1236370 2597.6
1236380 2592.6
1236390 2592.6
1236400 2587.3
1236410 2578.9
1236420 2578.9
1236430 2569.6
1236440 2561.9
1236450 2556.1
1236460 2556.1
1236470 2550.9
1236480 2546.3
1236490 2546.3
1236500 2546.6
1236510 2544.3
1236520 2544.3
1236530 2542.0
1236540 2539.8
1236550 2539.8
1236560 2537.9
1236570 2536.4
1236580 2536.4
1236590 2534.4
1236600 2531.3
1236610 2531.3
1236620 2527.7
1236630 2523.9
1236640 2523.9
1236650 2519.5
1236660 2513.8
1236670 2506.7
1236680 2506.7
1236690 2500.2
1236700 2494.4
1236710 2494.4
1236720 2489.3
1236730 2484.9
1236740 2484.9
1236750 2481.3
1236760 2478.1
1236770 2478.1
1236780 2474.9
1236790 2471.7
1236800 2471.7
1236810 2468.1
1236820 2464.2
1236830 2464.2
1236840 2459.8
1236850 2454.9
1236860 2454.9
1236870 2449.5
1236880 2443.7
1236890 2443.7
1236900 2437.9
1236910 2431.6
1236920 2425.5
1236930 2425.5
1236940 2419.0
1236950 2412.2
1236960 2412.2
1236970 2406.6
1236980 2401.5
1236990 2401.5
1237000 2396.5
1237010 2393.7
1237020 2393.7
1237030 2388.8
1237040 2384.0
1237050 2384.0
1237060 2379.4
1237070 2375.1
1237080 2375.1
1237090 2370.1
1237100 2365.1
1237110 2365.1
1237120 2359.4
1237130 2352.6
1237140 2344.7
1237150 2344.7
1237160 2336.1
1237170 2329.5
1237180 2329.5
1237190 2324.7
1237200 2319.8
1237210 2319.8
1237220 2314.4
1237230 2308.5
1237240 2308.5
1237250 2302.7
1237260 2299.3
1237270 2299.3
1237280 2299.7
1237290 2301.5
1237300 2301.5
1237310 2303.5
1237320 2305.5
1237330 2305.5
1237340 2303.7
1237350 2301.0
1237360 2298.2
1237370 2298.2
1237380 2294.4
1237390 2289.9
1237400 2289.9
1237410 2285.4
1237420 2280.4
1237430 2280.4
1237440 2275.9
1237450 2271.2
1237460 2271.2
1237470 2266.2
1237480 2261.0
1237490 2261.0
1237500 2256.2
1237510 2251.7
1237520 2251.7
1237530 2245.1
1237540 2239.6
1237550 2239.6
1237560 2233.8
1237570 2228.0
1237580 2228.0
1237590 2221.4
1237600 2214.9
1237610 2209.1
1237620 2209.1
1237630 2204.4
1237640 2202.5
1237650 2202.5
1237660 2201.9
1237670 2200.5
1237680 2200.5
1237690 2198.3
1237700 2196.0
1237710 2196.0
1237720 2192.4
1237730 2187.4
1237740 2187.4
1237750 2182.0
1237760 2177.8
1237770 2177.8
1237780 2174.7
1237790 2171.1
1237800 2171.1
1237810 2167.3
1237820 2163.8
1237830 2160.3
1237840 2160.3
1237850 2156.8
1237860 2153.1
1237870 2153.1
1237880 2148.3
1237890 2144.6
1237900 2144.6
1237910 2140.9
1237920 2136.5
1237930 2136.5
1237940 2132.7
1237950 2129.1
1237960 2129.1
1237970 2125.3
1237980 2121.6
1237990 2121.6
1238000 2115.9
1238010 2111.1
1238020 2111.1
1238030 2111.9
1238040 2105.1
1238050 2101.7
1238060 2101.7
1238070 2098.3
1238080 2095.1
1238090 2095.1
1238100 2091.3
1238110 2087.1
1238120 2087.1
1238130 2082.3
1238140 2077.3
1238150 2077.3
1238160 2072.6
1238170 2068.1
1238180 2068.1
1238190 2063.7
1238200 2059.4
1238210 2059.4
1238220 2055.3
1238230 2052.0
1238240 2052.0
1238250 2049.8
1238260 2047.8
1238270 2047.8
1238280 2046.2
1238290 2043.6
1238300 2039.7
1238310 2039.7
1238320 2036.1
1238330 2032.5
1238340 2032.5
1238350 2029.2
1238360 2026.1
1238370 2026.1
1238380 2022.9
1238390 2019.1
1238400 2019.1
1238410 2015.0
1238420 2010.7
1238430 2010.7
1238440 2006.4
1238450 2002.3
1238460 2002.3
1238470 1998.9
1238480 1996.3
1238490 1996.3
1238500 1994.1
1238510 1992.3
1238520 1989.9
1238530 1989.9
1238540 1986.0
1238550 1980.9
1238560 1981.2
1238570 1976.9
1238580 1971.5
1238590 1971.5
1238600 1965.5
1238610 1959.7
1238620 1959.7
1238630 1952.8
1238640 1944.8
1238650 1944.8
1238660 1937.2
1238670 1932.8
1238680 1932.8
1238690 1928.8
1238700 1921.6
1238710 1921.6
1238720 1913.2
1238730 1906.4
1238740 1899.1
1238750 1899.1
1238760 1895.4
1238770 1892.6
1238780 1892.6
1238790 1890.0
1238800 1887.0
1238810 1887.0
1238820 1883.1
1238830 1879.1
1238840 1879.1
1238850 1874.4
1238860 1869.0
1238870 1869.0
1238880 1866.7
1238890 1866.7
1238900 1866.7
1238910 1871.0
1238920 1874.0
1238930 1874.0
1238940 1874.0
1238950 1871.5
1238960 1871.5
1238970 1868.2
1238980 1863.6
1238990 1857.8
1239000 1857.8
1239010 1852.6
1239020 1850.6
1239030 1850.6
1239040 1849.5
1239050 1846.5
1239060 1846.5
1239070 1835.8
1239080 1832.5
1239090 1832.5
1239100 1827.9
1239110 1822.6
1239120 1822.6
1239130 1818.4
1239140 1816.5
1239150 1816.5
1239160 1814.4
1239170 1809.3
1239180 1809.3
1239190 1802.5
1239200 1794.9
1239210 1787.4
1239220 1787.4
1239230 1779.6
1239240 1772.7
1239250 1772.7
1239260 1767.8
1239270 1763.5
1239280 1763.5
1239290 1759.4
1239300 1755.1
1239310 1755.1
1239320 1750.9
1239330 1747.1
1239340 1747.1
1239350 1744.1
1239360 1740.9
1239370 1740.9
1239380 1734.8
1239390 1727.0
1239400 1727.0
1239410 1719.6
1239420 1713.3
1239430 1713.3
1239440 1709.9
1239450 1706.5
1239460 1703.8
1239470 1703.8
1239480 1700.6
1239490 1695.4
1239500 1695.4
1239510 1691.8
1239520 1689.7
1239530 1689.7
1239540 1687.6
1239550 1685.4
1239560 1685.4
1239570 1683.6
1239580 1681.9
1239590 1683.1
1239600 1681.6
1239610 1680.2
1239620 1680.2
1239630 1679.3
1239640 1677.8
1239650 1677.8
1239660 1676.8
1239670 1675.6
1239680 1674.4
1239690 1674.4
1239700 1672.8
1239710 1671.1
1239720 1671.1
1239730 1669.8
1239740 1668.1
1239750 1668.1
1239760 1666.4
1239770 1663.5
1239780 1663.5
1239790 1659.1
1239800 1655.3
1239810 1655.3
1239820 1654.7
1239830 1655.3
1239840 1655.3
1239850 1656.3
1239860 1660.2
1239870 1660.2
1239880 1666.6
1239890 1669.2
1239900 1670.9
1239910 1670.9
1239920 1672.7
1239930 1674.5
1239940 1674.5
1239950 1677.1
1239960 1680.4
1239970 1680.4
1239980 1683.9
1239990 1687.6
