1220000 2038.2
1220010 2042.0
1220020 2044.3
1220030 2044.3
1220040 2046.0
1220050 2047.2
1220060 2047.2
1220070 2047.7
1220080 2047.5
1220090 2047.5
1220100 2046.7
1220110 2045.3
1220120 2045.3
1220130 2042.9
1220140 2040.2
1220150 2037.3
1220160 2037.3
1220170 2034.3
1220180 2030.1
1220190 2030.1
1220200 2025.7
1220210 2021.6
1220220 2021.6
1220230 2017.8
1220240 2014.0
1220250 2014.0
1220260 2010.8
1220270 2007.8
1220280 2007.8
1220290 1996.6
1220300 1992.6
1220310 1992.6
1220320 1987.8
1220330 1982.9
1220340 1982.9
1220350 1978.4
1220360 1974.5
1220370 1971.3
1220380 1971.3
1220390 1967.4
1220400 1962.7
1220410 1962.7
1220420 1958.6
1220430 1954.9
1220440 1954.9
1220450 1951.1
1220460 1946.9
1220470 1946.9
1220480 1941.6
1220490 1936.1
1220500 1936.1
1220510 1931.7
1220520 1927.6
1220530 1927.6
1220540 1923.3
1220550 1919.4
1220560 1919.4
1220570 1915.6
1220580 1910.0
1220590 1910.0
1220600 1904.4
1220610 1899.3
1220620 1894.3
1220630 1894.3
1220640 1889.4
1220650 1884.0
1220660 1884.0
1220670 1878.6
1220680 1873.0
1220690 1873.0
1220700 1866.4
1220710 1857.6
1220720 1857.6
1220730 1849.9
1220740 1843.7
1220750 1843.7
1220760 1839.1
1220770 1826.6
1220780 1826.6
1220790 1821.1
1220800 1815.2
1220810 1815.2
1220820 1807.9
1220830 1799.9
1220840 1791.7
1220850 1791.7
1220860 1784.4
1220870 1777.7
1220880 1777.7
1220890 1770.2
1220900 1762.8
1220910 1762.8
1220920 1758.7
1220930 1752.8
1220940 1752.8
1220950 1747.0
1220960 1741.5
1220970 1741.5
1220980 1735.0
1220990 1727.0
1221000 1727.0
1221010 1718.1
1221020 1709.8
1221030 1709.8
1221040 1703.5
1221050 1696.1
1221060 1689.1
1221070 1689.1
1221080 1682.2
1221090 1672.8
1221100 1672.8
1221110 1669.7
1221120 1674.5
1221130 1674.5
1221140 1678.9
1221150 1678.8
1221160 1678.8
1221170 1678.4
1221180 1681.5
1221190 1681.5
1221200 1686.1
1221210 1689.9
1221220 1689.9
1221230 1690.4
1221240 1687.2
1221250 1684.4
1221260 1681.4
1221270 1681.5
1221280 1681.5
1221290 1682.2
1221300 1681.8
1221310 1679.9
1221320 1679.9
1221330 1676.3
1221340 1672.4
1221350 1672.4
1221360 1668.4
1221370 1664.1
1221380 1664.1
1221390 1659.6
1221400 1654.6
1221410 1654.6
1221420 1651.2
1221430 1649.2
1221440 1649.2
1221450 1647.5
1221460 1645.8
1221470 1645.8
1221480 1644.0
1221490 1642.4
1221500 1642.4
1221510 1639.4
1221520 1635.8
1221530 1632.3
1221540 1632.3
1221550 1628.5
1221560 1622.2
1221570 1622.2
1221580 1616.3
1221590 1612.5
1221600 1612.5
1221610 1610.5
1221620 1608.3
1221630 1608.3
1221640 1605.4
1221650 1600.2
1221660 1600.2
1221670 1595.6
1221680 1592.4
1221690 1592.4
1221700 1589.8
1221710 1586.4
1221720 1586.4
1221730 1582.7
1221740 1579.9
1221750 1579.9
1221760 1580.5
1221770 1581.0
1221780 1581.2
1221790 1581.2
1221800 1581.4
1221810 1581.8
1221820 1581.8
1221830 1582.4
1221840 1582.1
1221850 1582.1
1221860 1582.5
1221870 1583.9
1221880 1583.9
1221890 1585.8
1221900 1587.3
1221910 1587.3
1221920 1589.5
1221930 1592.2
1221940 1592.2
1221950 1594.0
1221960 1597.0
1221970 1597.0
1221980 1602.9
1221990 1608.3
1222000 1612.7
1222010 1612.7
1222020 1618.1
1222030 1623.4
1222040 1623.4
1222050 1626.5
1222060 1628.2
1222070 1628.2
1222080 1629.6
1222090 1631.3
1222100 1631.3
1222110 1633.4
1222120 1636.2
1222130 1636.2
1222140 1639.7
1222150 1643.5
1222160 1643.5
1222170 1647.2
1222180 1650.9
1222190 1650.9
1222200 1654.2
1222210 1657.8
1222220 1659.3
1222230 1662.7
1222240 1666.0
1222250 1669.0
1222260 1669.0
1222270 1672.0
1222280 1674.8
1222290 1674.8
1222300 1677.0
1222310 1679.6
1222320 1679.6
1222330 1682.3
1222340 1685.3
1222350 1685.3
1222360 1687.0
1222370 1688.2
1222380 1688.2
1222390 1693.1
1222400 1698.9
1222410 1698.9
1222420 1701.4
1222430 1703.9
1222440 1703.9
1222450 1709.1
1222460 1715.7
1222470 1725.1
1222480 1725.1
1222490 1731.4
1222500 1735.9
1222510 1735.9
1222520 1740.5
1222530 1744.7
1222540 1744.7
1222550 1748.9
1222560 1752.5
1222570 1752.5
1222580 1755.9
1222590 1759.4
1222600 1759.4
1222610 1763.4
1222620 1768.1
1222630 1768.1
1222640 1773.3
1222650 1778.4
1222660 1778.4
1222670 1784.0
1222680 1790.1
1222690 1790.1
1222700 1794.9
1222710 1804.1
1222720 1809.2
1222730 1809.2
1222740 1813.4
1222750 1816.2
1222760 1816.2
1222770 1820.2
1222780 1824.1
1222790 1824.1
1222800 1827.5
1222810 1830.5
1222820 1830.5
1222830 1833.3
1222840 1836.5
1222850 1836.5
1222860 1840.5
1222870 1845.5
1222880 1845.5
1222890 1851.5
1222900 1856.1
1222910 1856.1
1222920 1860.1
1222930 1864.2
1222940 1867.8
1222950 1867.8
1222960 1871.6
1222970 1874.7
1222980 1874.7
1222990 1878.1
1223000 1880.2
1223010 1880.2
1223020 1884.3
1223030 1884.1
1223040 1884.1
1223050 1883.9
1223060 1884.5
1223070 1884.5
1223080 1884.4
1223090 1884.7
1223100 1884.7
1223110 1884.3
1223120 1884.0
1223130 1884.0
1223140 1884.9
1223150 1888.1
1223160 1888.9
1223170 1888.9
1223180 1886.9
1223190 1889.8
1223200 1889.8
1223210 1888.2
1223220 1886.8
1223230 1886.8
1223240 1885.2
1223250 1883.5
1223260 1883.5
1223270 1881.9
1223280 1880.0
1223290 1880.0
1223300 1877.9
1223310 1876.3
1223320 1876.3
1223330 1872.0
1223340 1871.3
1223350 1871.3
1223360 1874.5
1223370 1879.2
1223380 1879.2
1223390 1883.8
1223400 1888.4
1223410 1892.9
1223420 1892.9
1223430 1898.0
1223440 1903.7
1223450 1903.7
1223460 1909.9
1223470 1916.5
1223480 1916.5
1223490 1923.2
1223500 1930.0
1223510 1930.0
1223520 1937.0
1223530 1944.1
1223540 1944.1
1223550 1951.1
1223560 1958.4
1223570 1958.4
1223580 1965.5
1223590 1972.6
1223600 1972.6
1223610 1980.0
1223620 1987.3
1223630 1994.5
1223640 1994.5
1223650 2001.4
1223660 2008.3
1223670 2008.3
1223680 2013.3
1223690 2021.0
1223700 2021.0
1223710 2028.7
1223720 2037.4
1223730 2037.4
1223740 2050.4
1223750 2064.9
1223760 2064.9
1223770 2078.5
1223780 2095.3
1223790 2095.3
1223800 2110.6
1223810 2122.0
1223820 2122.0
1223830 2130.7
1223840 2138.0
1223850 2138.0
1223860 2147.9
1223870 2158.9
1223880 2169.0
1223890 2169.0
1223900 2181.2
1223910 2192.0
1223920 2192.0
1223930 2202.2
1223940 2211.8
1223950 2211.8
1223960 2220.8
1223970 2228.1
1223980 2228.1
1223990 2235.7
1224000 2243.5
1224010 2243.5
1224020 2252.2
1224030 2262.5
1224040 2262.5
1224050 2271.3
1224060 2279.2
1224070 2279.2
1224080 2287.6
1224090 2297.0
1224100 2307.1
1224110 2307.1
1224120 2316.7
1224130 2324.6
1224140 2324.6
1224150 2333.2
1224160 2344.0
1224170 2344.0
1224180 2352.0
1224190 2359.4
1224200 2359.4
1224210 2366.9
1224220 2374.6
1224230 2374.6
1224240 2382.5
1224250 2389.9
1224260 2389.9
1224270 2395.3
1224280 2397.5
1224290 2397.5
1224300 2400.1
1224310 2405.5
1224320 2416.9
1224330 2416.9
1224340 2429.2
1224350 2433.6
1224360 2433.6
1224370 2430.7
1224380 2429.2
1224390 2429.2
1224400 2429.8
1224410 2429.7
1224420 2429.7
1224430 2431.6
1224440 2434.7
1224450 2434.7
1224460 2439.7
1224470 2443.8
1224480 2443.8
1224490 2445.0
1224500 2449.7
1224510 2449.7
1224520 2448.9
1224530 2430.2
1224540 2430.2
1224550 2409.4
1224560 2398.2
1224570 2382.9
1224580 2382.9
1224590 2368.3
1224600 2355.8
1224610 2355.8
1224620 2345.1
1224630 2337.9
1224640 2337.9
1224650 2337.2
1224660 2332.8
1224670 2332.8
1224680 2329.2
1224690 2326.0
1224700 2326.0
1224710 2323.8
1224720 2321.4
1224730 2321.4
1224740 2318.5
1224750 2315.4
1224760 2315.4
1224770 2314.6
1224780 2315.1
1224790 2315.9
1224800 2315.9
1224810 2318.4
1224820 2319.7
1224830 2319.7
1224840 2320.8
1224850 2322.7
1224860 2322.7
1224870 2323.9
1224880 2324.5
1224890 2324.5
1224900 2325.3
1224910 2325.6
1224920 2325.6
1224930 2325.2
1224940 2325.2
1224950 2325.2
1224960 2327.4
1224970 2331.0
1224980 2331.0
1224990 2335.7
1225000 2352.4
1225010 2352.4
1225020 2366.2
1225030 2380.5
1225040 2392.4
1225050 2392.4
1225060 2401.7
1225070 2410.1
1225080 2410.1
1225090 2416.4
1225100 2431.5
1225110 2431.5
1225120 2440.6
1225130 2431.8
1225140 2438.5
1225150 2428.9
1225160 2418.6
1225170 2418.6
1225180 2408.1
1225190 2399.1
1225200 2399.1
1225210 2393.3
1225220 2385.5
1225230 2385.5
1225240 2375.6
1225250 2364.3
1225260 2353.2
1225270 2353.2
1225280 2343.1
1225290 2334.9
1225300 2334.9
1225310 2325.4
1225320 2314.2
1225330 2314.2
1225340 2307.5
1225350 2303.0
1225360 2303.0
1225370 2298.4
1225380 2290.9
1225390 2290.9
1225400 2283.7
1225410 2274.6
1225420 2274.6
1225430 2270.2
1225440 2266.4
1225450 2266.4
1225460 2262.7
1225470 2259.0
1225480 2259.0
1225490 2255.3
1225500 2251.7
1225510 2248.1
1225520 2248.1
1225530 2243.9
1225540 2239.0
1225550 2239.0
1225560 2234.1
1225570 2229.3
1225580 2229.3
1225590 2224.4
1225600 2219.3
1225610 2219.3
1225620 2214.6
1225630 2215.0
1225640 2215.0
1225650 2211.9
1225660 2209.4
1225670 2209.4
1225680 2207.8
1225690 2208.5
1225700 2208.5
1225710 2207.6
1225720 2204.4
1225730 2199.9
1225740 2199.9
1225750 2196.3
1225760 2193.3
1225770 2193.3
1225780 2191.5
1225790 2188.9
1225800 2188.9
1225810 2183.8
1225820 2179.1
1225830 2179.1
1225840 2176.1
1225850 2174.5
1225860 2174.5
1225870 2173.2
1225880 2174.2
1225890 2174.2
1225900 2174.9
1225910 2175.1
1225920 2175.1
1225930 2174.7
1225940 2174.9
1225950 2176.2
1225960 2176.2
1225970 2177.4
1225980 2176.2
1225990 2176.2
1226000 2173.5
1226010 2171.5
1226020 2171.5
1226030 2166.8
1226040 2162.3
1226050 2162.3
1226060 2161.5
1226070 2162.1
1226080 2162.1
1226090 2163.0
1226100 2163.2
1226110 2163.2
1226120 2166.2
1226130 2169.0
1226140 2169.0
1226150 2172.5
1226160 2176.6
1226170 2176.6
1226180 2180.6
1226190 2184.5
1226200 2188.4
1226210 2188.4
1226220 2192.7
1226230 2197.4
1226240 2197.4
1226250 2201.8
1226260 2206.0
1226270 2206.0
1226280 2210.5
1226290 2214.7
1226300 2214.7
1226310 2218.6
1226320 2222.5
1226330 2222.5
1226340 2226.1
1226350 2229.7
1226360 2229.7
1226370 2233.2
1226380 2236.8
1226390 2236.8
1226400 2240.7
1226410 2244.3
1226420 2248.6
1226430 2248.6
1226440 2253.9
1226450 2259.2
1226460 2259.2
1226470 2263.7
1226480 2268.6
1226490 2268.6
1226500 2274.0
1226510 2279.7
1226520 2279.7
1226530 2285.5
1226540 2291.3
1226550 2291.3
1226560 2297.4
1226570 2303.5
1226580 2303.5
1226590 2309.8
1226600 2315.7
1226610 2312.0
1226620 2318.2
1226630 2326.0
1226640 2326.0
1226650 2333.5
1226660 2340.6
1226670 2349.7
1226680 2349.7
1226690 2360.3
1226700 2370.8
1226710 2370.8
1226720 2382.1
1226730 2397.3
1226740 2397.3
1226750 2414.6
1226760 2431.3
1226770 2431.3
1226780 2441.8
1226790 2451.8
1226800 2451.8
1226810 2459.3
1226820 2466.5
1226830 2466.5
1226840 2473.7
1226850 2481.0
1226860 2481.0
1226870 2489.3
1226880 2497.7
1226890 2506.6
1226900 2506.6
1226910 2514.1
1226920 2521.9
1226930 2521.9
1226940 2530.9
1226950 2539.6
1226960 2539.6
1226970 2547.8
1226980 2555.5
1226990 2555.5
1227000 2564.2
1227010 2574.6
1227020 2574.6
1227030 2583.5
1227040 2590.8
1227050 2590.8
1227060 2597.8
1227070 2607.0
1227080 2607.0
1227090 2616.6
1227100 2625.7
1227110 2633.1
1227120 2633.1
1227130 2642.2
1227140 2650.3
1227150 2650.3
1227160 2658.8
1227170 2670.0
1227180 2670.0
1227190 2678.9
1227200 2686.6
1227210 2686.6
1227220 2697.0
1227230 2706.9
1227240 2706.9
1227250 2716.9
1227260 2728.1
1227270 2728.1
1227280 2738.2
1227290 2748.0
1227300 2748.0
1227310 2757.6
1227320 2765.5
1227330 2765.5
1227340 2773.8
1227350 2781.1
1227360 2787.3
1227370 2787.3
1227380 2794.5
1227390 2803.1
1227400 2803.1
1227410 2813.6
1227420 2822.3
1227430 2822.3
1227440 2827.1
1227450 2834.0
1227460 2834.0
1227470 2845.0
1227480 2853.7
1227490 2853.7
1227500 2860.8
1227510 2868.5
1227520 2868.5
1227530 2876.2
1227540 2883.0
1227550 2883.0
1227560 2891.6
1227570 2901.1
1227580 2909.1
1227590 2909.1
1227600 2922.3
1227610 2931.2
1227620 2931.2
1227630 2938.9
1227640 2945.4
1227650 2945.4
1227660 2953.0
1227670 2960.8
1227680 2960.8
1227690 2962.7
1227700 2943.0
1227710 2943.0
1227720 2929.7
1227730 2916.9
1227740 2916.9
1227750 2906.9
1227760 2895.5
1227770 2895.5
1227780 2885.5
1227790 2878.4
1227800 2878.4
1227810 2868.5
1227820 2859.0
1227830 2851.5
1227840 2851.5
1227850 2845.1
1227860 2839.7
1227870 2839.7
1227880 2831.0
1227890 2821.4
1227900 2821.4
1227910 2811.4
1227920 2799.0
1227930 2799.0
1227940 2785.3
1227950 2775.1
1227960 2775.1
1227970 2765.3
1227980 2760.6
1227990 2760.6
1228000 2756.8
1228010 2753.5
1228020 2753.5
1228030 2749.6
1228040 2746.5
1228050 2742.8
1228060 2742.8
1228070 2739.5
1228080 2736.5
1228090 2742.5
1228100 2740.5
1228110 2738.6
1228120 2738.6
1228130 2737.1
1228140 2736.9
1228150 2736.9
1228160 2739.8
1228170 2740.6
1228180 2740.6
1228190 2741.1
1228200 2744.2
1228210 2744.2
1228220 2745.3
1228230 2749.3
1228240 2749.3
1228250 2752.1
1228260 2751.7
1228270 2751.7
1228280 2741.1
1228290 2723.2
1228300 2709.8
1228310 2709.8
1228320 2697.9
1228330 2670.4
1228340 2670.4
1228350 2648.6
1228360 2632.0
1228370 2632.0
1228380 2614.3
1228390 2601.1
1228400 2601.1
1228410 2593.9
1228420 2578.3
1228430 2578.3
1228440 2566.7
1228450 2558.7
1228460 2558.7
1228470 2551.8
1228480 2546.6
1228490 2546.6
1228500 2543.6
1228510 2539.8
1228520 2536.1
1228530 2536.1
1228540 2532.8
1228550 2529.4
1228560 2529.4
1228570 2525.8
1228580 2522.4
1228590 2525.7
1228600 2522.8
1228610 2520.1
1228620 2520.1
1228630 2517.1
1228640 2514.1
1228650 2514.1
1228660 2511.1
1228670 2508.1
1228680 2508.1
1228690 2505.1
1228700 2501.9
1228710 2501.9
1228720 2498.6
1228730 2495.5
1228740 2492.5
1228750 2492.5
1228760 2489.3
1228770 2486.0
1228780 2486.0
1228790 2483.0
1228800 2479.9
1228810 2479.9
1228820 2476.5
1228830 2473.4
1228840 2473.4
1228850 2470.3
1228860 2467.1
1228870 2467.1
1228880 2463.7
1228890 2460.2
1228900 2460.2
1228910 2456.5
1228920 2452.7
1228930 2452.7
1228940 2449.0
1228950 2445.2
1228960 2445.2
1228970 2441.0
1228980 2436.4
1228990 2432.3
1229000 2432.3
1229010 2427.7
1229020 2423.3
1229030 2423.3
1229040 2419.5
1229050 2415.8
1229060 2415.8
1229070 2411.3
1229080 2408.6
1229090 2408.6
1229100 2404.5
1229110 2398.6
1229120 2398.6
1229130 2392.1
1229140 2385.9
1229150 2385.9
1229160 2379.2
1229170 2373.2
1229180 2373.2
1229190 2367.1
1229200 2361.3
1229210 2356.2
1229220 2356.2
1229230 2351.2
1229240 2344.5
1229250 2344.5
1229260 2337.6
1229270 2330.7
1229280 2330.7
1229290 2323.4
1229300 2316.2
1229310 2316.2
1229320 2309.1
1229330 2303.6
1229340 2303.6
1229350 2298.6
1229360 2293.1
1229370 2293.1
1229380 2287.4
1229390 2282.4
1229400 2282.4
1229410 2277.8
1229420 2274.3
1229430 2274.3
1229440 2271.3
1229450 2268.5
1229460 2265.8
1229470 2265.8
1229480 2263.2
1229490 2261.3
1229500 2261.3
1229510 2259.7
1229520 2258.3
1229530 2258.3
1229540 2256.9
1229550 2255.4
1229560 2255.4
1229570 2253.9
1229580 2253.8
1229590 2253.8
1229600 2253.4
1229610 2254.5
1229620 2254.5
1229630 2257.1
1229640 2260.1
1229650 2260.1
1229660 2263.2
1229670 2266.2
1229680 2269.4
1229690 2269.4
1229700 2272.8
1229710 2276.0
1229720 2276.0
1229730 2279.3
1229740 2282.6
1229750 2282.6
1229760 2285.9
1229770 2289.2
1229780 2289.2
1229790 2292.6
1229800 2296.0
1229810 2296.0
1229820 2299.4
1229830 2302.7
1229840 2302.7
1229850 2305.5
1229860 2308.1
1229870 2308.1
1229880 2311.0
1229890 2314.5
1229900 2318.0
1229910 2318.0
1229920 2321.9
1229930 2326.1
1229940 2326.1
1229950 2330.5
1229960 2335.1
1229970 2335.1
1229980 2339.8
1229990 2344.7
1230000 2344.7
1230010 2349.4
1230020 2354.2
1230030 2354.2
1230040 2359.3
1230050 2364.5
1230060 2364.5
1230070 2369.7
1230080 2377.1
1230090 2377.1
1230100 2382.5
1230110 2388.1
1230120 2388.1
1230130 2393.9
1230140 2400.2
1230150 2407.3
1230160 2407.3
1230170 2416.8
1230180 2425.9
1230190 2425.9
1230200 2433.1
1230210 2440.2
1230220 2440.2
1230230 2447.0
1230240 2453.8
1230250 2453.8
1230260 2460.4
1230270 2467.1
1230280 2467.1
1230290 2474.3
1230300 2481.8
1230310 2481.8
1230320 2493.7
1230330 2507.1
1230340 2507.1
1230350 2519.4
1230360 2530.9
1230370 2545.8
1230380 2545.8
1230390 2570.4
1230400 2584.3
1230410 2584.3
1230420 2596.2
1230430 2610.9
1230440 2610.9
1230450 2617.5
1230460 2622.8
1230470 2622.8
1230480 2630.6
1230490 2644.0
1230500 2644.0
1230510 2659.5
1230520 2672.1
1230530 2672.1
1230540 2685.9
1230550 2698.0
1230560 2698.0
1230570 2711.5
1230580 2718.1
1230590 2718.1
1230600 2730.9
1230610 2737.5
1230620 2747.0
1230630 2747.0
1230640 2752.9
1230650 2762.5
1230660 2762.5
1230670 2770.1
1230680 2780.9
1230690 2780.9
1230700 2795.8
1230710 2807.4
1230720 2807.4
1230730 2819.2
1230740 2831.1
1230750 2831.1
1230760 2843.0
1230770 2861.2
1230780 2861.2
1230790 2872.7
1230800 2882.3
1230810 2882.3
1230820 2891.8
1230830 2897.5
1230840 2907.9
1230850 2907.9
1230860 2911.1
1230870 2917.3
1230880 2917.3
1230890 2926.2
1230900 2934.2
1230910 2934.2
1230920 2940.3
1230930 2947.4
1230940 2947.4
1230950 2957.5
1230960 2969.6
1230970 2969.6
1230980 2978.8
1230990 2986.5
1231000 2986.5
1231010 2981.0
1231020 2973.9
1231030 2973.9
1231040 2966.7
1231050 2960.3
1231060 2953.7
1231070 2953.7
1231080 2951.1
1231090 2946.4
1231100 2946.4
1231110 2941.8
1231120 2936.5
1231130 2936.5
1231140 2931.3
1231150 2925.5
1231160 2925.5
1231170 2920.2
1231180 2915.7
1231190 2915.7
1231200 2910.2
1231210 2904.4
1231220 2904.4
1231230 2898.1
1231240 2891.7
1231250 2891.7
1231260 2882.1
1231270 2875.5
1231280 2875.5
1231290 2868.0
1231300 2858.5
1231310 2852.3
1231320 2852.3
1231330 2848.5
1231340 2846.4
1231350 2846.4
1231360 2843.9
1231370 2839.8
1231380 2839.8
1231390 2835.6
1231400 2831.6
1231410 2831.6
1231420 2828.5
1231430 2825.5
1231440 2825.5
1231450 2825.0
1231460 2823.2
1231470 2823.2
1231480 2820.5
1231490 2818.6
1231500 2818.6
1231510 2814.9
1231520 2812.2
1231530 2810.1
1231540 2810.1
1231550 2808.7
1231560 2808.6
1231570 2808.6
1231580 2813.3
1231590 2812.6
1231600 2812.6
1231610 2812.6
1231620 2813.3
1231630 2813.3
1231640 2815.5
1231650 2818.7
1231660 2818.7
1231670 2822.4
1231680 2824.3
1231690 2824.3
1231700 2825.4
1231710 2825.4
1231720 2825.4
1231730 2824.5
1231740 2823.6
1231750 2823.6
1231760 2822.4
1231770 2821.0
1231780 2819.7
1231790 2819.7
1231800 2821.6
1231810 2825.8
1231820 2825.8
1231830 2830.3
1231840 2832.9
1231850 2832.9
1231860 2839.8
1231870 2848.0
1231880 2848.0
1231890 2850.5
1231900 2846.9
1231910 2846.9
1231920 2840.6
1231930 2837.2
1231940 2837.2
1231950 2835.8
1231960 2835.2
1231970 2835.2
1231980 2833.0
1231990 2829.3
1232000 2827.4
1232010 2827.4
1232020 2827.0
1232030 2827.4
1232040 2827.4
1232050 2826.5
1232060 2826.2
1232070 2826.2
1232080 2835.1
1232090 2836.7
1232100 2836.7
1232110 2835.8
1232120 2837.2
1232130 2837.2
1232140 2839.1
1232150 2837.3
1232160 2837.3
1232170 2835.6
1232180 2839.0
1232190 2839.0
1232200 2838.6
1232210 2837.0
1232220 2837.0
1232230 2839.8
1232240 2844.1
1232250 2844.4
1232260 2844.4
1232270 2845.1
1232280 2848.9
1232290 2848.9
1232300 2843.2
1232310 2839.6
1232320 2839.6
1232330 2836.4
1232340 2831.2
1232350 2831.2
1232360 2826.8
1232370 2825.4
1232380 2825.4
1232390 2823.7
1232400 2824.0
1232410 2824.0
1232420 2820.1
1232430 2806.3
1232440 2806.3
1232450 2793.3
1232460 2786.6
1232470 2783.2
1232480 2783.2
1232490 2781.3
1232500 2771.0
1232510 2771.0
1232520 2757.3
1232530 2743.1
1232540 2743.1
1232550 2732.5
1232560 2728.9
1232570 2728.9
1232580 2724.2
1232590 2692.7
1232600 2692.7
1232610 2684.9
1232620 2677.4
1232630 2677.4
1232640 2669.7
1232650 2662.1
1232660 2662.1
1232670 2655.0
1232680 2647.7
1232690 2640.3
1232700 2640.3
1232710 2632.4
1232720 2624.6
1232730 2624.6
1232740 2617.7
1232750 2610.3
1232760 2610.3
1232770 2603.4
1232780 2596.9
1232790 2596.9
1232800 2590.5
1232810 2584.7
1232820 2584.7
1232830 2579.8
1232840 2576.2
1232850 2576.2
1232860 2573.2
1232870 2568.1
1232880 2568.1
1232890 2560.1
1232900 2552.5
1232910 2552.5
1232920 2546.3
1232930 2541.9
1232940 2538.1
1232950 2538.1
1232960 2534.6
1232970 2530.9
1232980 2530.9
1232990 2527.4
1233000 2524.2
1233010 2524.2
1233020 2521.3
1233030 2519.4
1233040 2519.4
1233050 2517.1
1233060 2515.2
1233070 2515.2
1233080 2514.0
1233090 2512.7
1233100 2512.7
1233110 2510.3
1233120 2508.4
1233130 2508.4
1233140 2505.6
1233150 2501.9
1233160 2497.8
1233170 2497.8
1233180 2492.6
1233190 2486.4
1233200 2486.4
1233210 2479.6
1233220 2472.7
1233230 2472.7
1233240 2466.9
1233250 2462.1
1233260 2462.1
1233270 2457.0
1233280 2452.8
1233290 2452.8
1233300 2448.7
1233310 2444.2
1233320 2444.2
1233330 2439.8
1233340 2435.0
1233350 2435.0
1233360 2430.4
1233370 2425.7
1233380 2425.7
1233390 2420.9
1233400 2415.0
1233410 2408.3
1233420 2408.3
1233430 2401.3
1233440 2396.0
1233450 2396.0
1233460 2391.0
1233470 2386.9
1233480 2386.9
1233490 2385.8
1233500 2387.3
1233510 2387.3
1233520 2388.3
1233530 2387.9
1233540 2387.9
1233550 2388.4
1233560 2389.3
1233570 2389.3
1233580 2390.4
1233590 2391.6
1233600 2393.3
1233610 2395.0
1233620 2396.9
1233630 2398.9
1233640 2398.9
1233650 2401.5
1233660 2404.7
1233670 2404.7
1233680 2408.0
1233690 2411.2
1233700 2411.2
1233710 2414.4
1233720 2417.7
1233730 2417.7
1233740 2420.7
1233750 2424.0
1233760 2424.0
1233770 2426.8
1233780 2429.5
1233790 2429.5
1233800 2432.4
1233810 2435.7
1233820 2435.7
1233830 2440.2
1233840 2444.6
1233850 2448.7
1233860 2448.7
1233870 2452.5
1233880 2455.5
1233890 2455.5
1233900 2458.6
1233910 2462.8
1233920 2462.8
1233930 2467.9
1233940 2473.6
1233950 2473.6
1233960 2480.0
1233970 2488.0
1233980 2488.0
1233990 2499.6
1234000 2514.3
1234010 2514.3
1234020 2528.2
1234030 2536.4
1234040 2536.4
1234050 2544.0
1234060 2550.7
1234070 2550.7
1234080 2555.9
1234090 2560.7
1234100 2564.1
1234110 2564.1
1234120 2566.2
1234130 2567.6
1234140 2567.6
1234150 2569.7
1234160 2572.7
1234170 2572.7
1234180 2576.3
1234190 2580.2
1234200 2580.2
1234210 2584.5
1234220 2589.3
1234230 2589.3
1234240 2594.4
1234250 2598.7
1234260 2598.7
1234270 2601.5
1234280 2603.8
1234290 2603.8
1234300 2605.9
1234310 2608.5
1234320 2611.8
1234330 2611.8
1234340 2615.6
1234350 2619.8
1234360 2619.8
1234370 2624.2
1234380 2628.8
1234390 2628.8
1234400 2633.6
1234410 2638.7
1234420 2638.7
1234430 2644.1
1234440 2649.8
1234450 2649.8
1234460 2656.1
1234470 2662.8
1234480 2662.8
1234490 2671.8
1234500 2682.2
1234510 2682.2
1234520 2691.5
1234530 2699.7
1234540 2699.7
1234550 2707.7
1234560 2715.9
1234570 2725.1
1234580 2725.1
1234590 2736.4
1234600 2750.3
1234610 2748.3
1234620 2760.5
1234630 2772.4
1234640 2772.4
1234650 2784.5
1234660 2793.0
1234670 2793.0
1234680 2802.4
1234690 2811.9
1234700 2811.9
1234710 2818.2
1234720 2819.5
1234730 2819.5
1234740 2819.0
1234750 2815.8
1234760 2815.8
1234770 2817.0
1234780 2823.5
1234790 2830.2
1234800 2830.2
1234810 2835.9
1234820 2838.4
1234830 2838.4
1234840 2839.4
1234850 2841.3
1234860 2841.3
1234870 2843.9
1234880 2846.8
1234890 2846.8
1234900 2854.4
1234910 2866.8
1234920 2866.8
1234930 2875.5
1234940 2884.5
1234950 2884.5
1234960 2892.7
1234970 2900.7
1234980 2900.7
1234990 2907.4
1235000 2914.2
1235010 2921.8
1235020 2921.8
1235030 2929.5
1235040 2930.0
1235050 2930.0
1235060 2924.6
1235070 2916.5
1235080 2916.5
1235090 2907.4
1235100 2899.0
1235110 2899.0
1235120 2898.5
1235130 2894.8
1235140 2894.8
1235150 2891.0
1235160 2886.9
1235170 2886.9
1235180 2883.7
1235190 2880.7
1235200 2880.7
1235210 2877.8
1235220 2875.3
1235230 2875.3
1235240 2872.6
1235250 2869.5
1235260 2867.2
1235270 2867.2
1235280 2865.7
1235290 2864.7
1235300 2864.7
1235310 2863.5
1235320 2862.5
1235330 2862.5
1235340 2861.2
1235350 2859.5
1235360 2859.5
1235370 2857.9
1235380 2855.4
1235390 2855.4
1235400 2852.5
1235410 2850.2
1235420 2850.2
1235430 2848.6
1235440 2847.4
1235450 2847.4
1235460 2846.7
1235470 2846.7
1235480 2845.7
1235490 2845.7
1235500 2844.8
1235510 2844.1
1235520 2844.1
1235530 2844.2
1235540 2843.9
1235550 2843.9
1235560 2842.9
1235570 2841.2
1235580 2841.2
1235590 2838.9
1235600 2836.7
1235610 2836.7
1235620 2834.7
1235630 2836.6
1235640 2836.6
1235650 2832.4
1235660 2827.9
1235670 2827.9
1235680 2823.3
1235690 2818.8
1235700 2818.8
1235710 2814.7
1235720 2811.2
1235730 2808.5
1235740 2808.5
1235750 2805.8
1235760 2802.1
1235770 2802.1
1235780 2798.3
1235790 2793.9
1235800 2793.9
1235810 2789.1
1235820 2784.7
1235830 2784.7
1235840 2780.3
1235850 2775.7
1235860 2775.7
1235870 2771.4
1235880 2767.1
1235890 2767.1
1235900 2762.5
1235910 2757.7
1235920 2757.7
1235930 2752.5
1235940 2747.1
1235950 2741.9
1235960 2741.9
1235970 2737.2
1235980 2732.9
1235990 2732.9
1236000 2728.7
1236010 2724.2
1236020 2724.2
1236030 2719.7
1236040 2716.2
1236050 2716.2
1236060 2714.3
1236070 2712.3
1236080 2712.3
1236090 2710.1
1236100 2707.8
1236110 2707.8
1236120 2705.7
1236130 2703.8
1236140 2708.7
1236150 2706.7
1236160 2705.0
1236170 2703.5
1236180 2703.5
1236190 2702.4
1236200 2701.1
1236210 2701.1
1236220 2699.8
1236230 2699.1
1236240 2699.1
1236250 2698.9
1236260 2698.9
1236270 2698.9
1236280 2698.9
1236290 2699.0
1236300 2699.0
1236310 2699.3
1236320 2699.6
1236330 2699.6
1236340 2700.1
1236350 2700.8
1236360 2700.8
1236370 2700.5
1236380 2700.3
1236390 2700.3
1236400 2700.2
1236410 2700.0
1236420 2699.5
1236430 2699.5
1236440 2698.8
1236450 2698.2
1236460 2698.2
1236470 2697.9
1236480 2697.4
1236490 2697.4
1236500 2696.6
1236510 2695.1
1236520 2695.1
1236530 2693.0
1236540 2690.7
1236550 2690.7
1236560 2687.9
1236570 2684.7
1236580 2684.7
1236590 2681.3
1236600 2678.6
1236610 2678.6
1236620 2676.7
1236630 2675.9
1236640 2676.3
1236650 2680.9
1236660 2681.8
1236670 2683.7
1236680 2683.7
1236690 2686.7
1236700 2687.1
1236710 2687.1
1236720 2688.1
1236730 2689.7
1236740 2689.7
1236750 2692.1
1236760 2695.1
1236770 2695.1
1236780 2700.1
1236790 2707.9
1236800 2707.9
1236810 2712.6
1236820 2719.2
1236830 2719.2
1236840 2724.5
1236850 2726.9
1236860 2726.9
1236870 2729.4
1236880 2736.1
1236890 2732.9
1236900 2732.9
1236910 2734.3
1236920 2741.4
1236930 2741.4
1236940 2749.1
1236950 2753.5
1236960 2753.5
1236970 2755.1
1236980 2759.8
1236990 2759.8
1237000 2763.6
1237010 2759.4
1237020 2759.4
1237030 2747.9
1237040 2736.5
1237050 2736.5
1237060 2727.1
1237070 2721.1
1237080 2721.1
1237090 2717.6
1237100 2715.7
1237110 2715.4
1237120 2715.4
1237130 2717.7
1237140 2721.6
1237150 2721.6
1237160 2732.8
1237170 2733.3
1237180 2733.3
1237190 2728.5
1237200 2721.2
1237210 2721.2
1237220 2716.7
1237230 2719.5
1237240 2719.5
1237250 2724.6
1237260 2728.5
1237270 2728.5
1237280 2726.8
1237290 2721.2
1237300 2721.2
1237310 2715.7
1237320 2713.1
1237330 2712.9
1237340 2712.9
1237350 2714.0
1237360 2711.1
1237370 2711.1
1237380 2702.3
1237390 2693.5
1237400 2693.5
1237410 2686.1
1237420 2681.8
1237430 2681.8
1237440 2679.8
1237450 2676.9
1237460 2676.9
1237470 2673.5
1237480 2667.6
1237490 2667.6
1237500 2662.0
1237510 2655.6
1237520 2655.6
1237530 2648.0
1237540 2639.8
1237550 2639.8
1237560 2630.3
1237570 2621.4
1237580 2614.3
1237590 2614.3
1237600 2607.4
1237610 2599.3
1237620 2599.3
1237630 2590.8
1237640 2582.4
1237650 2582.4
1237660 2573.4
1237670 2564.4
1237680 2561.9
1237690 2553.3
1237700 2545.7
1237710 2545.7
1237720 2538.1
1237730 2529.5
1237740 2529.5
1237750 2521.1
1237760 2513.7
1237770 2513.7
1237780 2506.9
1237790 2500.1
1237800 2492.8
1237810 2492.8
1237820 2487.1
1237830 2482.6
1237840 2482.6
1237850 2477.4
1237860 2471.5
1237870 2471.5
1237880 2465.8
1237890 2460.0
1237900 2460.0
1237910 2454.0
1237920 2448.1
1237930 2448.1
1237940 2442.1
1237950 2436.0
1237960 2436.0
1237970 2429.8
1237980 2424.0
1237990 2424.0
1238000 2417.9
1238010 2411.9
1238020 2411.9
1238030 2407.9
1238040 2402.4
1238050 2396.8
1238060 2396.8
1238070 2391.0
1238080 2385.3
1238090 2385.3
1238100 2380.1
1238110 2375.2
1238120 2375.2
1238130 2371.8
1238140 2368.5
1238150 2368.5
1238160 2365.0
1238170 2361.8
1238180 2361.8
1238190 2353.7
1238200 2349.9
1238210 2349.9
1238220 2346.2
1238230 2345.0
1238240 2345.0
1238250 2345.4
1238260 2344.9
1238270 2343.6
1238280 2343.6
1238290 2341.8
1238300 2339.6
1238310 2339.6
1238320 2337.6
1238330 2335.5
1238340 2335.5
1238350 2332.6
1238360 2329.2
1238370 2329.2
1238380 2325.2
1238390 2318.4
1238400 2318.4
1238410 2308.3
1238420 2296.2
1238430 2296.2
1238440 2275.7
1238450 2260.2
1238460 2260.2
1238470 2240.1
1238480 2226.9
1238490 2218.7
1238500 2218.7
1238510 2210.2
1238520 2201.7
1238530 2201.7
1238540 2194.0
1238550 2186.4
1238560 2186.4
1238570 2179.0
1238580 2172.9
1238590 2172.9
1238600 2167.3
1238610 2162.1
1238620 2162.1
1238630 2157.4
1238640 2152.9
1238650 2152.9
1238660 2148.5
1238670 2144.3
1238680 2144.3
1238690 2140.7
1238700 2137.1
1238710 2135.4
1238720 2130.7
1238730 2125.6
1238740 2121.6
1238750 2121.6
1238760 2117.3
1238770 2112.4
1238780 2112.4
1238790 2107.1
1238800 2102.1
1238810 2102.1
1238820 2096.8
1238830 2090.7
1238840 2090.7
1238850 2085.2
1238860 2079.1
1238870 2079.1
1238880 2074.2
1238890 2068.5
1238900 2068.5
1238910 2061.9
1238920 2055.6
1238930 2055.6
1238940 2049.2
1238950 2043.1
1238960 2037.0
1238970 2037.0
1238980 2031.6
1238990 2026.8
1239000 2026.8
1239010 2020.3
1239020 2011.4
1239030 2011.4
1239040 2003.8
1239050 1996.9
1239060 1996.9
1239070 1990.8
1239080 1984.3
1239090 1984.3
1239100 1976.7
1239110 1970.3
1239120 1970.3
1239130 1964.5
1239140 1957.3
1239150 1957.3
1239160 1949.3
1239170 1941.0
1239180 1941.0
1239190 1931.9
1239200 1925.2
1239210 1920.0
1239220 1918.2
1239230 1913.0
1239240 1907.0
1239250 1907.0
1239260 1899.4
1239270 1890.0
1239280 1890.0
1239290 1882.7
1239300 1876.3
1239310 1876.3
1239320 1870.9
1239330 1866.6
1239340 1866.6
1239350 1863.7
1239360 1862.3
1239370 1862.3
1239380 1860.1
1239390 1857.0
1239400 1857.0
1239410 1852.7
1239420 1847.7
1239430 1842.0
1239440 1842.0
1239450 1835.9
1239460 1829.5
1239470 1829.5
1239480 1823.1
1239490 1815.5
1239500 1815.5
1239510 1807.7
1239520 1800.6
1239530 1800.6
1239540 1790.0
1239550 1778.1
1239560 1778.1
1239570 1764.7
1239580 1754.0
1239590 1754.0
1239600 1744.3
1239610 1734.4
1239620 1734.4
1239630 1725.8
1239640 1717.4
1239650 1709.1
1239660 1709.1
1239670 1701.6
1239680 1693.7
1239690 1693.7
1239700 1685.6
1239710 1677.7
1239720 1677.7
1239730 1669.5
1239740 1658.8
1239750 1658.8
1239760 1650.9
1239770 1642.6
1239780 1642.6
1239790 1634.6
1239800 1629.3
1239810 1629.3
1239820 1627.0
1239830 1626.2
1239840 1626.2
1239850 1625.9
1239860 1625.7
1239870 1625.7
1239880 1625.3
1239890 1625.0
1239900 1625.0
1239910 1625.0
1239920 1624.8
1239930 1624.4
1239940 1624.4
1239950 1624.8
1239960 1624.9
1239970 1624.9
1239980 1624.8
1239990 1624.6
