1220000 1897.9
1220010 1897.9
1220020 1896.4
1220030 1895.1
1220040 1895.1
1220050 1893.8
1220060 1892.7
1220070 1892.7
1220080 1891.3
1220090 1889.8
1220100 1889.8
1220110 1888.4
1220120 1886.6
1220130 1886.6
1220140 1884.7
1220150 1882.6
1220160 1882.6
1220170 1880.5
1220180 1878.6
1220190 1878.6
1220200 1876.2
1220210 1871.0
1220220 1863.0
1220230 1863.0
1220240 1850.5
1220250 1844.3
1220260 1844.3
1220270 1838.8
1220280 1834.2
1220290 1834.2
1220300 1829.5
1220310 1824.4
1220320 1824.4
1220330 1820.9
1220340 1817.0
1220350 1817.0
1220360 1811.8
1220370 1805.4
1220380 1805.4
1220390 1798.0
1220400 1791.6
1220410 1791.6
1220420 1786.3
1220430 1780.9
1220440 1774.0
1220450 1774.0
1220460 1767.3
1220470 1761.2
1220480 1761.2
1220490 1756.0
1220500 1749.9
1220510 1749.9
1220520 1743.0
1220530 1734.3
1220540 1734.3
1220550 1725.2
1220560 1721.7
1220570 1721.7
1220580 1714.4
1220590 1702.8
1220600 1702.8
1220610 1693.8
1220620 1688.5
1220630 1688.5
1220640 1684.0
1220650 1678.0
1220660 1678.0
1220670 1672.2
1220680 1665.8
1220690 1658.1
1220700 1658.1
1220710 1654.2
1220720 1644.2
1220730 1644.2
1220740 1638.3
1220750 1632.4
1220760 1632.4
1220770 1627.4
1220780 1624.6
1220790 1624.6
1220800 1622.3
1220810 1618.6
1220820 1618.6
1220830 1614.5
1220840 1612.7
1220850 1612.7
1220860 1612.6
1220870 1610.2
1220880 1610.2
1220890 1606.6
1220900 1601.8
1220910 1599.0
1220920 1599.0
1220930 1597.2
1220940 1597.9
1220950 1597.9
1220960 1599.2
1220970 1598.4
1220980 1598.4
1220990 1596.2
1221000 1594.7
1221010 1594.7
1221020 1594.6
1221030 1592.6
1221040 1592.6
1221050 1588.6
1221060 1584.8
1221070 1584.8
1221080 1582.1
1221090 1581.5
1221100 1581.5
1221110 1581.6
1221120 1582.0
1221130 1582.9
1221140 1582.9
1221150 1583.3
1221160 1583.3
1221170 1583.3
1221180 1583.3
1221190 1583.1
1221200 1579.2
1221210 1577.8
1221220 1574.6
1221230 1574.6
1221240 1570.4
1221250 1566.3
1221260 1566.3
1221270 1563.0
1221280 1560.4
1221290 1560.4
1221300 1558.8
1221310 1558.5
1221320 1558.5
1221330 1558.8
1221340 1559.1
1221350 1559.1
1221360 1559.5
1221370 1559.7
1221380 1560.0
1221390 1560.0
1221400 1560.4
1221410 1560.7
1221420 1560.7
1221430 1561.2
1221440 1561.6
1221450 1561.6
1221460 1561.9
1221470 1562.3
1221480 1562.3
1221490 1561.6
1221500 1560.5
1221510 1560.5
1221520 1560.7
1221530 1561.7
1221540 1561.7
1221550 1564.0
1221560 1565.7
1221570 1565.7
1221580 1568.8
1221590 1573.4
1221600 1578.3
1221610 1578.3
1221620 1582.4
1221630 1586.8
1221640 1586.8
1221650 1590.4
1221660 1595.3
1221670 1595.3
1221680 1603.6
1221690 1607.8
1221700 1607.8
1221710 1612.6
1221720 1618.1
1221730 1618.1
1221740 1625.1
1221750 1632.4
1221760 1632.4
1221770 1636.8
1221780 1639.2
1221790 1639.2
1221800 1641.1
1221810 1642.6
1221820 1642.6
1221830 1644.5
1221840 1646.6
1221850 1648.7
1221860 1648.7
1221870 1650.6
1221880 1652.6
1221890 1652.6
1221900 1654.6
1221910 1655.2
1221920 1655.2
1221930 1656.3
1221940 1658.4
1221950 1658.4
1221960 1659.7
1221970 1662.8
1221980 1662.8
1221990 1665.8
1222000 1668.6
1222010 1668.6
1222020 1670.3
1222030 1673.1
1222040 1673.1
1222050 1675.9
1222060 1678.3
1222070 1680.9
1222080 1680.9
1222090 1683.5
1222100 1686.3
1222110 1686.3
1222120 1689.2
1222130 1692.3
1222140 1692.3
1222150 1696.2
1222160 1704.5
1222170 1704.5
1222180 1709.3
1222190 1713.3
1222200 1713.3
1222210 1718.4
1222220 1723.4
1222230 1723.4
1222240 1727.9
1222250 1733.8
1222260 1733.8
1222270 1740.5
1222280 1746.5
1222290 1746.5
1222300 1751.6
1222310 1756.7
1222320 1762.9
1222330 1762.9
1222340 1769.9
1222350 1776.1
1222360 1776.1
1222370 1782.5
1222380 1789.3
1222390 1789.3
1222400 1796.1
1222410 1802.7
1222420 1802.7
1222430 1808.8
1222440 1813.9
1222450 1813.9
1222460 1818.5
1222470 1823.3
1222480 1823.3
1222490 1828.9
1222500 1835.0
1222510 1835.0
1222520 1841.0
1222530 1847.0
1222540 1854.2
1222550 1854.2
1222560 1861.4
1222570 1867.3
1222580 1867.3
1222590 1872.9
1222600 1877.7
1222610 1877.7
1222620 1882.1
1222630 1886.4
1222640 1886.4
1222650 1898.3
1222660 1902.0
1222670 1902.0
1222680 1908.0
1222690 1915.3
1222700 1915.3
1222710 1920.4
1222720 1927.4
1222730 1927.4
1222740 1933.5
1222750 1941.7
1222760 1953.1
1222770 1953.1
1222780 1960.0
1222790 1967.3
1222800 1967.3
1222810 1978.3
1222820 1981.2
1222830 1981.2
1222840 1985.4
1222850 1990.6
1222860 1990.6
1222870 1990.8
1222880 1993.1
1222890 1993.1
1222900 1999.7
1222910 2007.0
1222920 2007.0
1222930 2013.6
1222940 2016.6
1222950 2016.6
1222960 2019.4
1222970 2021.9
1222980 2021.9
1222990 2024.1
1223000 2025.1
1223010 2024.8
1223020 2024.8
1223030 2023.7
1223040 2021.5
1223050 2021.5
1223060 2019.0
1223070 2016.7
1223080 2016.7
1223090 2015.0
1223100 2013.5
1223110 2013.5
1223120 2011.8
1223130 2012.4
1223140 2012.4
1223150 2010.9
1223160 2008.7
1223170 2008.7
1223180 2005.4
1223190 2001.4
1223200 2001.4
1223210 1996.8
1223220 1991.6
1223230 1986.4
1223240 1986.4
1223250 1981.2
1223260 1977.4
1223270 1977.4
1223280 1973.0
1223290 1968.3
1223300 1968.3
1223310 1962.9
1223320 1957.4
1223330 1957.4
1223340 1951.8
1223350 1946.6
1223360 1946.6
1223370 1941.7
1223380 1936.8
1223390 1936.8
1223400 1932.9
1223410 1929.8
1223420 1929.8
1223430 1927.1
1223440 1925.8
1223450 1925.8
1223460 1925.8
1223470 1927.6
1223480 1925.0
1223490 1925.0
1223500 1923.5
1223510 1922.9
1223520 1922.9
1223530 1923.5
1223540 1925.0
1223550 1925.0
1223560 1928.2
1223570 1930.1
1223580 1930.1
1223590 1932.4
1223600 1935.7
1223610 1935.7
1223620 1940.5
1223630 1945.5
1223640 1945.5
1223650 1951.1
1223660 1956.7
1223670 1956.7
1223680 1962.6
1223690 1968.8
1223700 1974.7
1223710 1974.7
1223720 1980.7
1223730 1986.7
1223740 1986.7
1223750 1992.9
1223760 1999.2
1223770 1999.2
1223780 2005.9
1223790 2013.0
1223800 2013.0
1223810 2020.4
1223820 2028.8
1223830 2028.8
1223840 2038.2
1223850 2046.2
1223860 2046.2
1223870 2053.9
1223880 2062.5
1223890 2062.5
1223900 2072.3
1223910 2085.1
1223920 2096.9
1223930 2096.9
1223940 2111.1
1223950 2127.9
1223960 2127.9
1223970 2144.8
1223980 2158.9
1223990 2158.9
1224000 2168.9
1224010 2178.9
1224020 2178.9
1224030 2188.1
1224040 2196.0
1224050 2196.0
1224060 2204.2
1224070 2213.3
1224080 2213.3
1224090 2223.8
1224100 2234.1
1224110 2236.1
1224120 2244.1
1224130 2251.7
1224140 2251.7
1224150 2259.4
1224160 2266.2
1224170 2273.1
1224180 2273.1
1224190 2280.5
1224200 2288.1
1224210 2288.1
1224220 2295.7
1224230 2303.3
1224240 2303.3
1224250 2311.4
1224260 2319.9
1224270 2319.9
1224280 2328.6
1224290 2337.7
1224300 2337.7
1224310 2346.7
1224320 2355.0
1224330 2355.0
1224340 2369.2
1224350 2385.2
1224360 2385.2
1224370 2394.1
1224380 2405.2
1224390 2416.7
1224400 2416.7
1224410 2426.8
1224420 2442.5
1224430 2442.5
1224440 2454.7
1224450 2466.6
1224460 2466.6
1224470 2477.7
1224480 2488.4
1224490 2488.4
1224500 2499.9
1224510 2507.7
1224520 2507.7
1224530 2513.4
1224540 2521.2
1224550 2521.2
1224560 2529.9
1224570 2535.2
1224580 2535.2
1224590 2538.8
1224600 2543.7
1224610 2543.7
1224620 2535.5
1224630 2523.8
1224640 2517.4
1224650 2517.4
1224660 2509.5
1224670 2504.5
1224680 2504.5
1224690 2501.1
1224700 2495.4
1224710 2495.4
1224720 2491.0
1224730 2488.7
1224740 2488.7
1224750 2487.3
1224760 2487.5
1224770 2487.5
1224780 2489.0
1224790 2488.8
1224800 2488.8
1224810 2487.3
1224820 2485.1
1224830 2485.1
1224840 2482.1
1224850 2478.6
1224860 2477.6
1224870 2477.6
1224880 2476.0
1224890 2479.6
1224900 2479.6
1224910 2481.7
1224920 2483.6
1224930 2483.6
1224940 2488.1
1224950 2491.4
1224960 2491.4
1224970 2491.9
1224980 2492.0
1224990 2492.0
1225000 2493.4
1225010 2495.6
1225020 2495.6
1225030 2499.8
1225040 2506.4
1225050 2506.4
1225060 2510.6
1225070 2518.5
1225080 2535.3
1225090 2535.3
1225100 2548.0
1225110 2567.6
1225120 2567.6
1225130 2592.5
1225140 2600.3
1225150 2600.3
1225160 2607.5
1225170 2601.7
1225180 2601.7
1225190 2592.1
1225200 2585.6
1225210 2585.6
1225220 2582.1
1225230 2578.3
1225240 2578.3
1225250 2571.6
1225260 2566.6
1225270 2566.6
1225280 2554.9
1225290 2545.6
1225300 2545.6
1225310 2539.0
1225320 2527.4
1225330 2510.7
1225340 2510.7
1225350 2497.4
1225360 2489.0
1225370 2489.0
1225380 2475.9
1225390 2462.2
1225400 2462.2
1225410 2453.5
1225420 2443.5
1225430 2443.5
1225440 2429.9
1225450 2418.2
1225460 2418.2
1225470 2403.6
1225480 2387.4
1225490 2387.4
1225500 2372.5
1225510 2364.0
1225520 2364.0
1225530 2357.9
1225540 2358.4
1225550 2352.2
1225560 2352.2
1225570 2345.7
1225580 2331.5
1225590 2331.5
1225600 2323.7
1225610 2318.0
1225620 2318.0
1225630 2311.9
1225640 2305.4
1225650 2305.4
1225660 2300.2
1225670 2295.5
1225680 2295.5
1225690 2290.8
1225700 2287.4
1225710 2287.4
1225720 2285.0
1225730 2282.8
1225740 2282.8
1225750 2280.7
1225760 2278.4
1225770 2278.4
1225780 2275.8
1225790 2273.2
1225800 2271.4
1225810 2271.4
1225820 2270.5
1225830 2270.0
1225840 2270.0
1225850 2271.6
1225860 2272.5
1225870 2272.5
1225880 2270.4
1225890 2265.4
1225900 2265.4
1225910 2260.8
1225920 2257.1
1225930 2257.1
1225940 2251.9
1225950 2245.1
1225960 2245.1
1225970 2237.6
1225980 2230.5
1225990 2230.5
1226000 2225.2
1226010 2221.5
1226020 2220.1
1226030 2220.1
1226040 2219.1
1226050 2218.0
1226060 2220.1
1226070 2218.9
1226080 2217.1
1226090 2217.1
1226100 2214.9
1226110 2213.0
1226120 2213.0
1226130 2211.6
1226140 2211.8
1226150 2211.8
1226160 2211.8
1226170 2210.8
1226180 2210.8
1226190 2210.0
1226200 2210.2
1226210 2210.2
1226220 2209.1
1226230 2209.8
1226240 2211.3
1226250 2211.3
1226260 2211.4
1226270 2210.2
1226280 2210.2
1226290 2210.5
1226300 2211.0
1226310 2211.0
1226320 2212.0
1226330 2213.9
1226340 2213.9
1226350 2216.3
1226360 2218.9
1226370 2218.9
1226380 2221.6
1226390 2224.8
1226400 2224.8
1226410 2228.2
1226420 2231.7
1226430 2231.7
1226440 2235.5
1226450 2239.6
1226460 2239.6
1226470 2243.3
1226480 2246.7
1226490 2251.2
1226500 2251.2
1226510 2256.1
1226520 2261.0
1226530 2261.0
1226540 2265.8
1226550 2270.3
1226560 2270.3
1226570 2274.9
1226580 2279.5
1226590 2279.5
1226600 2283.9
1226610 2288.4
1226620 2288.4
1226630 2293.1
1226640 2298.1
1226650 2298.1
1226660 2303.0
1226670 2307.9
1226680 2307.9
1226690 2313.2
1226700 2326.2
1226710 2338.9
1226720 2338.9
1226730 2345.7
1226740 2353.4
1226750 2353.4
1226760 2363.4
1226770 2375.5
1226780 2375.5
1226790 2387.1
1226800 2398.6
1226810 2398.6
1226820 2411.7
1226830 2422.0
1226840 2422.0
1226850 2430.9
1226860 2443.0
1226870 2443.0
1226880 2457.5
1226890 2466.4
1226900 2466.4
1226910 2473.2
1226920 2481.8
1226930 2481.8
1226940 2496.6
1226950 2509.7
1226960 2519.0
1226970 2519.0
1226980 2529.4
1226990 2537.9
1227000 2537.9
1227010 2547.8
1227020 2558.7
1227030 2558.7
1227040 2570.3
1227050 2580.2
1227060 2580.2
1227070 2588.7
1227080 2595.5
1227090 2595.5
1227100 2605.1
1227110 2616.4
1227120 2616.4
1227130 2624.7
1227140 2634.0
1227150 2634.0
1227160 2643.7
1227170 2650.5
1227180 2655.6
1227190 2655.6
1227200 2663.8
1227210 2673.4
1227220 2673.4
1227230 2681.8
1227240 2688.6
1227250 2688.6
1227260 2694.1
1227270 2696.9
1227280 2696.9
1227290 2701.6
1227300 2710.7
1227310 2710.7
1227320 2719.7
1227330 2728.3
1227340 2728.3
1227350 2735.3
1227360 2744.0
1227370 2744.0
1227380 2751.5
1227390 2758.9
1227400 2766.5
1227410 2766.5
1227420 2774.7
1227430 2785.7
1227440 2785.7
1227450 2795.2
1227460 2803.0
1227470 2803.0
1227480 2811.6
1227490 2819.3
1227500 2819.3
1227510 2826.5
1227520 2836.5
1227530 2836.5
1227540 2843.2
1227550 2853.4
1227560 2853.4
1227570 2861.9
1227580 2870.2
1227590 2870.2
1227600 2878.9
1227610 2888.3
1227620 2888.3
1227630 2897.6
1227640 2905.3
1227650 2913.8
1227660 2913.8
1227670 2922.4
1227680 2930.0
1227690 2930.0
1227700 2937.6
1227710 2946.2
1227720 2946.2
1227730 2954.2
1227740 2962.4
1227750 2962.4
1227760 2970.8
1227770 2979.4
1227780 2979.4
1227790 2989.6
1227800 3002.5
1227810 3002.5
1227820 3003.8
1227830 2996.1
1227840 2996.1
1227850 2987.4
1227860 2984.9
1227870 2984.4
1227880 2984.4
1227890 2979.0
1227900 2971.2
1227910 2971.2
1227920 2947.3
1227930 2924.1
1227940 2924.1
1227950 2900.7
1227960 2877.3
1227970 2877.3
1227980 2866.7
1227990 2855.8
1228000 2855.8
1228010 2840.8
1228020 2829.0
1228030 2823.6
1228040 2816.1
1228050 2809.0
1228060 2809.0
1228070 2800.8
1228080 2792.5
1228090 2792.5
1228100 2784.1
1228110 2775.2
1228120 2768.0
1228130 2768.0
1228140 2762.0
1228150 2755.2
1228160 2755.2
1228170 2748.6
1228180 2742.4
1228190 2742.4
1228200 2736.0
1228210 2729.9
1228220 2729.9
1228230 2724.4
1228240 2720.1
1228250 2720.1
1228260 2716.6
1228270 2712.8
1228280 2712.8
1228290 2708.9
1228300 2705.1
1228310 2705.1
1228320 2702.1
1228330 2699.2
1228340 2696.2
1228350 2696.2
1228360 2692.8
1228370 2688.8
1228380 2688.8
1228390 2684.5
1228400 2680.3
1228410 2680.3
1228420 2676.3
1228430 2671.9
1228440 2671.9
1228450 2667.7
1228460 2663.2
1228470 2663.2
1228480 2658.4
1228490 2653.9
1228500 2653.9
1228510 2649.6
1228520 2645.3
1228530 2650.6
1228540 2646.8
1228550 2644.0
1228560 2641.3
1228570 2641.3
1228580 2638.5
1228590 2634.0
1228600 2634.0
1228610 2628.2
1228620 2624.5
1228630 2624.5
1228640 2621.2
1228650 2619.1
1228660 2619.1
1228670 2618.0
1228680 2616.1
1228690 2616.1
1228700 2615.0
1228710 2610.4
1228720 2610.4
1228730 2608.7
1228740 2606.7
1228750 2606.7
1228760 2603.5
1228770 2602.3
1228780 2602.3
1228790 2603.4
1228800 2602.3
1228810 2602.8
1228820 2602.8
1228830 2600.5
1228840 2596.1
1228850 2596.1
1228860 2588.6
1228870 2577.3
1228880 2577.3
1228890 2569.0
1228900 2559.1
1228910 2559.1
1228920 2546.8
1228930 2538.2
1228940 2538.2
1228950 2526.0
1228960 2502.3
1228970 2502.3
1228980 2485.9
1228990 2482.4
1229000 2482.4
1229010 2478.8
1229020 2479.9
1229030 2474.0
1229040 2474.0
1229050 2467.5
1229060 2461.0
1229070 2461.0
1229080 2454.6
1229090 2447.5
1229100 2447.5
1229110 2439.9
1229120 2432.2
1229130 2432.2
1229140 2425.0
1229150 2418.1
1229160 2418.1
1229170 2411.4
1229180 2404.5
1229190 2404.5
1229200 2398.3
1229210 2393.3
1229220 2393.3
1229230 2388.4
1229240 2382.9
1229250 2382.9
1229260 2377.0
1229270 2371.6
1229280 2366.6
1229290 2366.6
1229300 2361.3
1229310 2357.0
1229320 2357.0
1229330 2353.0
1229340 2348.4
1229350 2348.4
1229360 2342.8
1229370 2336.5
1229380 2336.5
1229390 2330.9
1229400 2326.1
1229410 2326.1
1229420 2321.8
1229430 2317.5
1229440 2317.5
1229450 2312.5
1229460 2305.8
1229470 2305.8
1229480 2297.6
1229490 2291.9
1229500 2290.0
1229510 2290.0
1229520 2291.2
1229530 2294.3
1229540 2294.3
1229550 2299.5
1229560 2304.4
1229570 2304.4
1229580 2307.2
1229590 2309.4
1229600 2309.4
1229610 2310.9
1229620 2311.9
1229630 2311.9
1229640 2312.8
1229650 2314.3
1229660 2314.3
1229670 2315.4
1229680 2316.6
1229690 2316.6
1229700 2318.5
1229710 2319.7
1229720 2321.8
1229730 2321.8
1229740 2325.6
1229750 2328.8
1229760 2328.8
1229770 2331.8
1229780 2335.3
1229790 2335.3
1229800 2338.9
1229810 2342.4
1229820 2342.4
1229830 2345.8
1229840 2349.8
1229850 2349.8
1229860 2354.1
1229870 2358.6
1229880 2358.6
1229890 2363.2
1229900 2367.9
1229910 2367.9
1229920 2372.8
1229930 2377.7
1229940 2377.7
1229950 2382.6
1229960 2387.7
1229970 2392.8
1229980 2392.8
1229990 2397.8
1230000 2402.8
1230010 2402.8
1230020 2408.7
1230030 2413.7
1230040 2413.7
1230050 2418.7
1230060 2423.9
1230070 2423.9
1230080 2429.0
1230090 2434.1
1230100 2434.1
1230110 2439.2
1230120 2444.4
1230130 2444.4
1230140 2449.7
1230150 2455.0
1230160 2455.0
1230170 2460.3
1230180 2465.7
1230190 2471.1
1230200 2471.1
1230210 2476.5
1230220 2481.9
1230230 2481.9
1230240 2487.4
1230250 2492.9
1230260 2492.9
1230270 2498.4
1230280 2503.7
1230290 2503.7
1230300 2509.1
1230310 2514.3
1230320 2514.3
1230330 2519.8
1230340 2525.7
1230350 2525.7
1230360 2531.4
1230370 2537.1
1230380 2537.1
1230390 2542.9
1230400 2548.6
1230410 2548.6
1230420 2554.4
1230430 2560.3
1230440 2566.4
1230450 2566.4
1230460 2572.5
1230470 2578.5
1230480 2578.5
1230490 2584.4
1230500 2590.5
1230510 2590.5
1230520 2596.7
1230530 2603.0
1230540 2603.0
1230550 2609.3
1230560 2615.5
1230570 2615.5
1230580 2621.8
1230590 2628.1
1230600 2628.1
1230610 2634.7
1230620 2641.1
1230630 2641.1
1230640 2647.6
1230650 2654.3
1230660 2661.0
1230670 2661.0
1230680 2667.7
1230690 2674.4
1230700 2674.4
1230710 2681.4
1230720 2688.2
1230730 2688.2
1230740 2695.0
1230750 2702.0
1230760 2702.0
1230770 2709.1
1230780 2716.4
1230790 2716.4
1230800 2723.8
1230810 2731.2
1230820 2731.2
1230830 2738.4
1230840 2745.7
1230850 2745.7
1230860 2753.1
1230870 2760.8
1230880 2769.3
1230890 2769.3
1230900 2777.8
1230910 2786.5
1230920 2786.5
1230930 2794.9
1230940 2803.5
1230950 2803.5
1230960 2811.5
1230970 2819.6
1230980 2819.6
1230990 2827.6
1231000 2836.9
1231010 2836.9
1231020 2847.6
1231030 2856.0
1231040 2856.0
1231050 2870.8
1231060 2877.6
1231070 2877.6
1231080 2880.6
1231090 2888.0
1231100 2888.0
1231110 2904.9
1231120 2919.7
1231130 2931.2
1231140 2931.2
1231150 2946.1
1231160 2960.3
1231170 2960.3
1231180 2978.4
1231190 2992.1
1231200 2992.1
1231210 3005.8
1231220 3020.8
1231230 3020.8
1231240 3031.5
1231250 3040.1
1231260 3040.1
1231270 3044.9
1231280 3045.8
1231290 3045.8
1231300 3044.8
1231310 3039.9
1231320 3039.9
1231330 3038.2
1231340 3039.1
1231350 3039.5
1231360 3039.5
1231370 3038.9
1231380 3037.7
1231390 3037.7
1231400 3031.6
1231410 3027.5
1231420 3027.5
1231430 3025.4
1231440 3027.9
1231450 3027.9
1231460 3026.3
1231470 3032.2
1231480 3032.2
1231490 3031.4
1231500 3026.2
1231510 3026.2
1231520 3031.6
1231530 3029.7
1231540 3029.7
1231550 3028.0
1231560 3028.2
1231570 3028.2
1231580 3028.9
1231590 3036.8
1231600 3043.4
1231610 3043.4
1231620 3046.5
1231630 3048.4
1231640 3048.4
1231650 3049.2
1231660 3050.4
1231670 3050.4
1231680 3055.6
1231690 3060.0
1231700 3060.0
1231710 3064.6
1231720 3070.6
1231730 3070.6
1231740 3083.8
1231750 3086.3
1231760 3086.3
1231770 3083.4
1231780 3082.7
1231790 3082.7
1231800 3078.2
1231810 3076.5
1231820 3072.8
1231830 3072.8
1231840 3059.4
1231850 3050.2
1231860 3050.2
1231870 3043.9
1231880 3039.3
1231890 3039.3
1231900 3032.6
1231910 3024.7
1231920 3024.7
1231930 3018.3
1231940 3013.3
1231950 3013.3
1231960 3006.1
1231970 2995.4
1231980 2995.4
1231990 2969.4
1232000 2948.4
1232010 2948.4
1232020 2929.2
1232030 2922.8
1232040 2916.7
1232050 2916.7
1232060 2909.9
1232070 2902.4
1232080 2902.4
1232090 2894.6
1232100 2886.1
1232110 2886.1
1232120 2859.3
1232130 2843.5
1232140 2843.5
1232150 2825.5
1232160 2811.6
1232170 2811.6
1232180 2806.0
1232190 2801.5
1232200 2801.5
1232210 2791.6
1232220 2776.4
1232230 2776.4
1232240 2769.4
1232250 2762.0
1232260 2762.0
1232270 2751.3
1232280 2743.7
1232290 2739.6
1232300 2739.6
1232310 2733.9
1232320 2727.5
1232330 2727.5
1232340 2720.7
1232350 2713.6
1232360 2713.6
1232370 2706.8
1232380 2700.6
1232390 2700.6
1232400 2697.2
1232410 2693.6
1232420 2693.6
1232430 2690.6
1232440 2688.8
1232450 2688.8
1232460 2685.3
1232470 2683.4
1232480 2683.4
1232490 2680.9
1232500 2677.7
1232510 2675.3
1232520 2675.3
1232530 2673.7
1232540 2671.1
1232550 2671.1
1232560 2669.0
1232570 2667.5
1232580 2667.5
1232590 2665.0
1232600 2661.9
1232610 2661.9
1232620 2659.4
1232630 2657.6
1232640 2657.6
1232650 2655.9
1232660 2654.8
1232670 2654.8
1232680 2653.2
1232690 2647.6
1232700 2647.6
1232710 2641.3
1232720 2635.9
1232730 2630.7
1232740 2630.7
1232750 2625.3
1232760 2620.9
1232770 2620.9
1232780 2617.1
1232790 2613.6
1232800 2613.6
1232810 2609.8
1232820 2605.4
1232830 2605.4
1232840 2599.9
1232850 2595.3
1232860 2595.3
1232870 2592.6
1232880 2590.3
1232890 2590.3
1232900 2586.7
1232910 2584.4
1232920 2584.4
1232930 2582.9
1232940 2581.3
1232950 2581.3
1232960 2579.1
1232970 2576.3
1232980 2572.7
1232990 2572.7
1233000 2570.2
1233010 2568.1
1233020 2568.1
1233030 2565.4
1233040 2561.4
1233050 2561.4
1233060 2554.9
1233070 2547.0
1233080 2547.0
1233090 2539.0
1233100 2531.9
1233110 2531.9
1233120 2526.5
1233130 2522.3
1233140 2522.3
1233150 2517.8
1233160 2512.7
1233170 2512.7
1233180 2507.2
1233190 2503.3
1233200 2500.2
1233210 2500.2
1233220 2496.6
1233230 2493.1
1233240 2493.1
1233250 2489.5
1233260 2485.7
1233270 2485.7
1233280 2482.1
1233290 2478.9
1233300 2478.9
1233310 2475.8
1233320 2472.5
1233330 2472.5
1233340 2468.9
1233350 2464.4
1233360 2464.4
1233370 2459.8
1233380 2456.7
1233390 2456.7
1233400 2454.2
1233410 2451.9
1233420 2451.9
1233430 2448.6
1233440 2444.7
1233450 2440.7
1233460 2440.7
1233470 2436.4
1233480 2431.6
1233490 2431.6
1233500 2425.7
1233510 2422.1
1233520 2422.1
1233530 2422.4
1233540 2429.3
1233550 2429.3
1233560 2433.2
1233570 2434.4
1233580 2434.4
1233590 2434.2
1233600 2434.9
1233610 2434.9
1233620 2434.4
1233630 2433.7
1233640 2433.7
1233650 2435.5
1233660 2438.9
1233670 2442.7
1233680 2442.7
1233690 2447.0
1233700 2451.5
1233710 2451.5
1233720 2456.2
1233730 2460.8
1233740 2460.8
1233750 2465.4
1233760 2469.9
1233770 2469.9
1233780 2474.4
1233790 2478.7
1233800 2478.7
1233810 2482.9
1233820 2487.0
1233830 2487.0
1233840 2491.1
1233850 2494.9
1233860 2494.9
1233870 2498.9
1233880 2504.1
1233890 2509.5
1233900 2509.5
1233910 2514.9
1233920 2520.9
1233930 2520.9
1233940 2527.4
1233950 2535.8
1233960 2535.8
1233970 2550.3
1233980 2563.0
1233990 2563.0
1234000 2566.5
1234010 2569.6
1234020 2569.6
1234030 2574.0
1234040 2583.4
1234050 2583.4
1234060 2588.2
1234070 2594.0
1234080 2594.0
1234090 2599.8
1234100 2603.8
1234110 2603.8
1234120 2608.9
1234130 2614.7
1234140 2616.0
1234150 2616.0
1234160 2616.0
1234170 2615.4
1234180 2615.4
1234190 2614.6
1234200 2613.7
1234210 2613.7
1234220 2613.1
1234230 2612.8
1234240 2612.8
1234250 2611.9
1234260 2614.5
1234270 2614.5
1234280 2621.5
1234290 2628.0
1234300 2628.0
1234310 2633.9
1234320 2639.6
1234330 2639.6
1234340 2644.7
1234350 2649.3
1234360 2653.1
1234370 2653.1
1234380 2656.1
1234390 2658.9
1234400 2658.9
1234410 2661.6
1234420 2663.6
1234430 2663.6
1234440 2665.1
1234450 2667.0
1234460 2667.0
1234470 2670.1
1234480 2674.3
1234490 2674.3
1234500 2679.3
1234510 2684.7
1234520 2684.7
1234530 2690.6
1234540 2696.6
1234550 2695.9
1234560 2702.6
1234570 2713.5
1234580 2713.5
1234590 2726.8
1234600 2742.9
1234610 2756.9
1234620 2756.9
1234630 2770.6
1234640 2781.8
1234650 2781.8
1234660 2790.7
1234670 2799.1
1234680 2799.1
1234690 2811.5
1234700 2823.8
1234710 2823.8
1234720 2831.8
1234730 2837.5
1234740 2837.5
1234750 2842.4
1234760 2849.6
1234770 2849.6
1234780 2857.7
1234790 2865.1
1234800 2865.1
1234810 2870.2
1234820 2875.5
1234830 2881.0
1234840 2881.0
1234850 2888.2
1234860 2895.3
1234870 2895.3
1234880 2901.4
1234890 2907.3
1234900 2907.3
1234910 2912.9
1234920 2916.9
1234930 2916.9
1234940 2922.3
1234950 2923.5
1234960 2923.5
1234970 2924.9
1234980 2934.5
1234990 2934.5
1235000 2941.7
1235010 2948.2
1235020 2948.2
1235030 2955.2
1235040 2961.6
1235050 2952.7
1235060 2948.7
1235070 2932.6
1235080 2921.0
1235090 2921.0
1235100 2911.7
1235110 2902.5
1235120 2902.5
1235130 2894.5
1235140 2886.2
1235150 2886.2
1235160 2876.7
1235170 2867.9
1235180 2867.9
1235190 2860.2
1235200 2853.3
1235210 2853.3
1235220 2847.2
1235230 2841.5
1235240 2841.5
1235250 2836.1
1235260 2830.7
1235270 2830.7
1235280 2825.3
1235290 2820.0
1235300 2814.5
1235310 2814.5
1235320 2809.2
1235330 2804.1
1235340 2804.1
1235350 2799.1
1235360 2794.2
1235370 2794.2
1235380 2789.2
1235390 2784.0
1235400 2784.0
1235410 2778.8
1235420 2773.8
1235430 2773.8
1235440 2769.1
1235450 2764.7
1235460 2764.7
1235470 2760.7
1235480 2757.4
1235490 2757.4
1235500 2755.0
1235510 2753.3
1235520 2752.2
1235530 2752.2
1235540 2752.2
1235550 2753.8
1235560 2753.8
1235570 2750.9
1235580 2753.2
1235590 2753.2
1235600 2755.3
1235610 2757.3
1235620 2757.3
1235630 2759.3
1235640 2760.8
1235650 2760.8
1235660 2762.1
1235670 2763.6
1235680 2763.6
1235690 2764.8
1235700 2765.7
1235710 2765.7
1235720 2767.7
1235730 2770.1
1235740 2770.1
1235750 2771.8
1235760 2774.4
1235770 2779.7
1235780 2779.7
1235790 2783.8
1235800 2784.1
1235810 2784.1
1235820 2785.0
1235830 2785.5
1235840 2785.5
1235850 2785.5
1235860 2787.1
1235870 2787.1
1235880 2788.0
1235890 2788.0
1235900 2788.0
1235910 2786.6
1235920 2786.1
1235930 2786.1
1235940 2785.3
1235950 2784.9
1235960 2784.9
1235970 2785.4
1235980 2786.6
1235990 2787.0
1236000 2787.0
1236010 2787.0
1236020 2786.1
1236030 2786.1
1236040 2785.1
1236050 2784.0
1236060 2784.0
1236070 2782.6
1236080 2776.8
1236090 2776.8
1236100 2774.3
1236110 2770.9
1236120 2770.9
1236130 2766.1
1236140 2762.3
1236150 2762.3
1236160 2758.3
1236170 2752.8
1236180 2752.8
1236190 2747.9
1236200 2751.1
1236210 2754.3
1236220 2754.3
1236230 2754.2
1236240 2750.0
1236250 2750.0
1236260 2744.2
1236270 2734.5
1236280 2734.5
1236290 2723.9
1236300 2714.0
1236310 2714.0
1236320 2705.0
1236330 2704.7
1236340 2704.7
1236350 2708.8
1236360 2713.2
1236370 2713.2
1236380 2717.7
1236390 2721.6
1236400 2721.6
1236410 2723.6
1236420 2723.0
1236430 2723.0
1236440 2720.1
1236450 2715.7
1236460 2714.0
1236470 2714.0
1236480 2716.7
1236490 2716.0
1236500 2716.0
1236510 2716.4
1236520 2717.5
1236530 2717.5
1236540 2717.2
1236550 2715.7
1236560 2715.7
1236570 2713.1
1236580 2709.5
1236590 2705.2
1236600 2700.5
1236610 2696.7
1236620 2696.7
1236630 2694.3
1236640 2692.6
1236650 2692.6
1236660 2689.0
1236670 2684.9
1236680 2680.6
1236690 2680.6
1236700 2677.0
1236710 2674.2
1236720 2674.2
1236730 2671.6
1236740 2667.4
1236750 2667.4
1236760 2660.4
1236770 2650.4
1236780 2650.4
1236790 2642.7
1236800 2636.7
1236810 2636.7
1236820 2637.6
1236830 2637.9
1236840 2637.9
1236850 2636.6
1236860 2633.1
1236870 2633.1
1236880 2630.2
1236890 2624.2
1236900 2624.2
1236910 2617.1
1236920 2611.6
1236930 2608.1
1236940 2608.1
1236950 2607.5
1236960 2609.2
1236970 2609.2
1236980 2606.0
1236990 2602.1
1237000 2602.1
1237010 2596.1
1237020 2588.6
1237030 2588.6
1237040 2581.4
1237050 2574.0
1237060 2574.0
1237070 2567.2
1237080 2561.2
1237090 2561.2
1237100 2550.3
1237110 2547.1
1237120 2547.1
1237130 2542.4
1237140 2537.9
1237150 2536.2
1237160 2536.2
1237170 2536.0
1237180 2536.9
1237190 2536.9
1237200 2537.4
1237210 2535.6
1237220 2535.6
1237230 2535.2
1237240 2535.3
1237250 2535.3
1237260 2534.5
1237270 2532.9
1237280 2532.9
1237290 2529.8
1237300 2527.8
1237310 2527.8
1237320 2527.0
1237330 2524.6
1237340 2524.6
1237350 2522.5
1237360 2524.0
1237370 2526.1
1237380 2526.1
1237390 2526.6
1237400 2528.1
1237410 2528.1
1237420 2528.4
1237430 2524.5
1237440 2524.5
1237450 2522.1
1237460 2522.1
1237470 2522.1
1237480 2518.7
1237490 2512.1
1237500 2512.1
1237510 2506.6
1237520 2501.2
1237530 2501.2
1237540 2495.6
1237550 2490.1
1237560 2490.1
1237570 2483.7
1237580 2475.4
1237590 2475.4
1237600 2470.5
1237610 2472.6
1237620 2468.1
1237630 2468.1
1237640 2473.1
1237650 2480.8
1237660 2480.8
1237670 2484.0
1237680 2483.4
1237690 2483.4
1237700 2476.4
1237710 2468.7
1237720 2468.7
1237730 2461.8
1237740 2453.9
1237750 2453.9
1237760 2446.8
1237770 2445.1
1237780 2445.1
1237790 2442.3
1237800 2436.4
1237810 2436.4
1237820 2429.0
1237830 2421.3
1237840 2413.4
1237850 2413.4
1237860 2406.1
1237870 2399.7
1237880 2399.7
1237890 2394.9
1237900 2391.0
1237910 2391.0
1237920 2386.6
1237930 2381.1
1237940 2381.1
1237950 2374.4
1237960 2366.6
1237970 2366.6
1237980 2358.3
1237990 2350.6
1238000 2350.6
1238010 2342.9
1238020 2334.5
1238030 2334.5
1238040 2326.4
1238050 2318.7
1238060 2312.6
1238070 2312.6
1238080 2307.7
1238090 2303.1
1238100 2303.1
1238110 2298.2
1238120 2292.9
1238130 2290.0
1238140 2284.7
1238150 2279.0
1238160 2279.0
1238170 2272.9
1238180 2266.2
1238190 2266.2
1238200 2259.0
1238210 2251.4
1238220 2251.4
1238230 2243.4
1238240 2236.2
1238250 2236.2
1238260 2230.2
1238270 2224.6
1238280 2224.6
1238290 2219.7
1238300 2216.1
1238310 2207.6
1238320 2207.6
1238330 2198.0
1238340 2188.3
1238350 2188.3
1238360 2178.2
1238370 2169.7
1238380 2169.7
1238390 2164.7
1238400 2160.6
1238410 2160.6
1238420 2154.7
1238430 2148.0
1238440 2148.0
1238450 2143.9
1238460 2140.3
1238470 2140.3
1238480 2136.2
1238490 2131.6
1238500 2131.6
1238510 2126.3
1238520 2120.8
1238530 2115.3
1238540 2115.3
1238550 2110.0
1238560 2104.8
1238570 2104.8
1238580 2099.6
1238590 2094.8
1238600 2094.8
1238610 2090.3
1238620 2086.3
1238630 2086.3
1238640 2082.7
1238650 2076.0
1238660 2076.0
1238670 2072.6
1238680 2070.0
1238690 2070.0
1238700 2069.2
1238710 2069.4
1238720 2069.4
1238730 2068.9
1238740 2067.2
1238750 2067.2
1238760 2064.0
1238770 2059.7
1238780 2054.5
1238790 2054.5
1238800 2049.8
1238810 2045.1
1238820 2045.1
1238830 2041.6
1238840 2037.8
1238850 2037.8
1238860 2034.1
1238870 2030.2
1238880 2030.2
1238890 2025.7
1238900 2020.3
1238910 2020.3
1238920 2015.9
1238930 2011.5
1238940 2011.5
1238950 2005.9
1238960 1999.6
1238970 1999.6
1238980 1993.1
1238990 1986.7
1239000 1979.7
1239010 1979.7
1239020 1973.5
1239030 1967.1
1239040 1967.1
1239050 1959.1
1239060 1951.4
1239070 1951.4
1239080 1943.6
1239090 1934.2
1239100 1934.2
1239110 1925.5
1239120 1917.6
1239130 1917.6
1239140 1908.4
1239150 1898.9
1239160 1898.1
1239170 1889.8
1239180 1883.7
1239190 1883.7
1239200 1877.9
1239210 1868.2
1239220 1858.2
1239230 1858.2
1239240 1853.7
1239250 1849.6
1239260 1849.6
1239270 1843.0
1239280 1835.3
1239290 1835.3
1239300 1828.1
1239310 1821.4
1239320 1821.4
1239330 1814.2
1239340 1807.0
1239350 1807.0
1239360 1800.0
1239370 1793.0
1239380 1793.0
1239390 1786.6
1239400 1779.9
1239410 1779.9
1239420 1772.1
1239430 1763.8
1239440 1763.8
1239450 1753.8
1239460 1744.8
1239470 1736.9
1239480 1736.9
1239490 1729.5
1239500 1722.3
1239510 1722.3
1239520 1715.2
1239530 1707.6
1239540 1707.6
1239550 1700.4
1239560 1694.4
1239570 1694.4
1239580 1689.3
1239590 1685.2
1239600 1685.2
1239610 1680.7
1239620 1676.0
1239630 1676.0
1239640 1669.9
1239650 1662.9
1239660 1662.9
1239670 1656.0
1239680 1647.1
1239690 1642.3
1239700 1642.3
1239710 1639.4
1239720 1637.3
1239730 1637.3
1239740 1636.4
1239750 1636.1
1239760 1636.1
1239770 1635.9
1239780 1637.6
1239790 1637.6
1239800 1638.5
1239810 1636.3
1239820 1636.3
1239830 1632.8
1239840 1632.5
1239850 1632.5
1239860 1631.8
1239870 1631.2
1239880 1631.2
1239890 1631.1
1239900 1630.6
1239910 1630.6
1239920 1629.3
1239930 1630.0
1239940 1629.9
1239950 1629.9
1239960 1629.5
1239970 1629.1
1239980 1629.1
1239990 1628.9
