1220000 2302.8
1220010 2304.7
1220020 2306.6
1220030 2306.6
1220040 2308.7
1220050 2311.0
1220060 2311.0
1220070 2313.8
1220080 2316.3
1220090 2317.6
1220100 2317.6
1220110 2317.5
1220120 2316.3
1220130 2316.3
1220140 2314.2
1220150 2311.6
1220160 2311.6
1220170 2309.4
1220180 2306.8
1220190 2306.8
1220200 2302.8
1220210 2297.0
1220220 2297.0
1220230 2290.3
1220240 2283.3
1220250 2283.3
1220260 2276.8
1220270 2270.6
1220280 2270.6
1220290 2264.9
1220300 2259.2
1220310 2259.2
1220320 2253.0
1220330 2246.0
1220340 2240.0
1220350 2240.0
1220360 2235.5
1220370 2232.2
1220380 2232.2
1220390 2223.1
1220400 2220.5
1220410 2220.5
1220420 2218.0
1220430 2214.7
1220440 2214.7
1220450 2210.4
1220460 2205.6
1220470 2205.6
1220480 2200.6
1220490 2195.9
1220500 2195.9
1220510 2191.4
1220520 2187.6
1220530 2187.6
1220540 2184.1
1220550 2180.6
1220560 2176.8
1220570 2176.8
1220580 2173.3
1220590 2169.7
1220600 2169.7
1220610 2166.3
1220620 2162.6
1220630 2162.6
1220640 2159.1
1220650 2155.9
1220660 2155.9
1220670 2152.6
1220680 2150.2
1220690 2150.2
1220700 2147.0
1220710 2143.3
1220720 2143.3
1220730 2141.9
1220740 2142.3
1220750 2142.3
1220760 2143.1
1220770 2142.5
1220780 2142.5
1220790 2140.9
1220800 2138.7
1220810 2135.9
1220820 2135.9
1220830 2132.7
1220840 2129.1
1220850 2129.1
1220860 2125.1
1220870 2115.3
1220880 2115.3
1220890 2111.6
1220900 2107.5
1220910 2107.5
1220920 2105.6
1220930 2105.1
1220940 2105.1
1220950 2105.3
1220960 2104.7
1220970 2104.7
1220980 2103.5
1220990 2102.5
1221000 2102.5
1221010 2102.1
1221020 2101.6
1221030 2100.4
1221040 2100.4
1221050 2098.8
1221060 2097.0
1221070 2097.0
1221080 2095.3
1221090 2093.4
1221100 2093.4
1221110 2091.2
1221120 2089.0
1221130 2089.0
1221140 2086.9
1221150 2084.3
1221160 2084.3
1221170 2081.8
1221180 2080.3
1221190 2080.3
1221200 2079.3
1221210 2077.7
1221220 2077.7
1221230 2075.6
1221240 2074.4
1221250 2074.4
1221260 2073.2
1221270 2071.4
1221280 2068.2
1221290 2068.2
1221300 2063.7
1221310 2058.8
1221320 2058.8
1221330 2054.5
1221340 2050.2
1221350 2044.4
1221360 2040.2
1221370 2037.0
1221380 2037.0
1221390 2035.6
1221400 2034.1
1221410 2034.1
1221420 2029.7
1221430 2023.6
1221440 2023.6
1221450 2018.0
1221460 2013.6
1221470 2013.6
1221480 2009.9
1221490 2008.5
1221500 2004.5
1221510 2004.5
1221520 2001.5
1221530 2002.4
1221540 2002.4
1221550 2000.8
1221560 1998.1
1221570 1998.1
1221580 1994.3
1221590 1990.3
1221600 1990.3
1221610 1987.1
1221620 1984.4
1221630 1984.4
1221640 1980.8
1221650 1979.7
1221660 1979.7
1221670 1980.0
1221680 1979.2
1221690 1979.2
1221700 1979.1
1221710 1978.3
1221720 1978.3
1221730 1975.1
1221740 1972.2
1221750 1969.4
1221760 1969.4
1221770 1968.1
1221780 1966.2
1221790 1966.2
1221800 1962.9
1221810 1960.0
1221820 1960.0
1221830 1956.6
1221840 1946.8
1221850 1946.8
1221860 1943.4
1221870 1939.8
1221880 1939.8
1221890 1935.3
1221900 1929.3
1221910 1929.3
1221920 1923.7
1221930 1919.9
1221940 1919.9
1221950 1917.9
1221960 1912.8
1221970 1906.0
1221980 1906.0
1221990 1900.6
1222000 1899.7
1222010 1899.7
1222020 1898.6
1222030 1893.6
1222040 1893.6
1222050 1884.9
1222060 1876.4
1222070 1876.4
1222080 1873.4
1222090 1873.9
1222100 1873.9
1222110 1870.4
1222120 1866.4
1222130 1866.4
1222140 1861.5
1222150 1854.8
1222160 1854.8
1222170 1846.9
1222180 1843.6
1222190 1843.6
1222200 1844.4
1222210 1842.7
1222220 1839.0
1222230 1839.0
1222240 1835.9
1222250 1831.3
1222260 1831.3
1222270 1825.6
1222280 1822.0
1222290 1822.0
1222300 1819.5
1222310 1817.7
1222320 1813.0
1222330 1810.9
1222340 1807.4
1222350 1807.4
1222360 1803.6
1222370 1799.5
1222380 1799.5
1222390 1796.0
1222400 1795.6
1222410 1795.6
1222420 1797.3
1222430 1798.2
1222440 1797.0
1222450 1797.0
1222460 1794.9
1222470 1792.4
1222480 1792.4
1222490 1789.6
1222500 1787.6
1222510 1787.6
1222520 1785.7
1222530 1783.0
1222540 1783.0
1222550 1780.4
1222560 1778.4
1222570 1778.4
1222580 1777.0
1222590 1775.4
1222600 1775.4
1222610 1773.5
1222620 1772.8
1222630 1772.8
1222640 1773.1
1222650 1772.6
1222660 1772.6
1222670 1771.4
1222680 1769.2
1222690 1767.4
1222700 1767.4
1222710 1766.4
1222720 1765.7
1222730 1765.7
1222740 1764.4
1222750 1763.6
1222760 1763.6
1222770 1763.2
1222780 1763.8
1222790 1763.8
1222800 1761.2
1222810 1762.1
1222820 1762.1
1222830 1762.6
1222840 1763.3
1222850 1763.3
1222860 1763.7
1222870 1762.7
1222880 1762.7
1222890 1761.6
1222900 1761.0
1222910 1762.1
1222920 1762.1
1222930 1761.5
1222940 1760.1
1222950 1760.1
1222960 1758.5
1222970 1758.0
1222980 1758.0
1222990 1757.8
1223000 1757.2
1223010 1757.2
1223020 1756.5
1223030 1755.7
1223040 1755.7
1223050 1754.5
1223060 1752.8
1223070 1752.8
1223080 1751.4
1223090 1750.1
1223100 1750.1
1223110 1749.1
1223120 1747.8
1223130 1747.8
1223140 1743.8
1223150 1735.6
1223160 1728.7
1223170 1728.7
1223180 1725.5
1223190 1721.4
1223200 1721.4
1223210 1715.8
1223220 1708.0
1223230 1708.0
1223240 1701.3
1223250 1695.3
1223260 1695.3
1223270 1694.3
1223280 1697.6
1223290 1699.2
1223300 1705.2
1223310 1711.4
1223320 1711.4
1223330 1719.2
1223340 1728.0
1223350 1728.0
1223360 1732.3
1223370 1734.9
1223380 1739.2
1223390 1739.2
1223400 1744.2
1223410 1748.3
1223420 1748.3
1223430 1749.9
1223440 1750.0
1223450 1750.0
1223460 1751.5
1223470 1753.7
1223480 1753.7
1223490 1756.3
1223500 1758.1
1223510 1758.1
1223520 1759.7
1223530 1761.6
1223540 1761.6
1223550 1763.5
1223560 1764.8
1223570 1764.8
1223580 1766.5
1223590 1768.8
1223600 1768.8
1223610 1771.6
1223620 1774.4
1223630 1778.1
1223640 1778.1
1223650 1781.2
1223660 1784.2
1223670 1784.2
1223680 1786.8
1223690 1789.9
1223700 1789.9
1223710 1793.9
1223720 1798.4
1223730 1798.4
1223740 1802.4
1223750 1806.0
1223760 1806.0
1223770 1808.6
1223780 1816.7
1223790 1816.7
1223800 1819.2
1223810 1821.8
1223820 1821.8
1223830 1824.5
1223840 1827.5
1223850 1830.6
1223860 1830.6
1223870 1833.7
1223880 1836.9
1223890 1836.9
1223900 1839.9
1223910 1842.5
1223920 1842.5
1223930 1844.3
1223940 1845.9
1223950 1845.9
1223960 1847.9
1223970 1848.9
1223980 1848.9
1223990 1849.8
1224000 1852.7
1224010 1852.7
1224020 1856.9
1224030 1861.6
1224040 1861.6
1224050 1866.1
1224060 1870.0
1224070 1872.8
1224080 1872.8
1224090 1876.4
1224100 1880.1
1224110 1880.1
1224120 1884.0
1224130 1887.6
1224140 1887.6
1224150 1891.1
1224160 1895.0
1224170 1895.0
1224180 1898.9
1224190 1903.2
1224200 1903.2
1224210 1907.8
1224220 1912.8
1224230 1912.8
1224240 1918.3
1224250 1923.9
1224260 1927.4
1224270 1932.9
1224280 1938.4
1224290 1938.4
1224300 1943.4
1224310 1947.7
1224320 1953.5
1224330 1953.5
1224340 1960.4
1224350 1966.5
1224360 1966.5
1224370 1971.9
1224380 1977.4
1224390 1977.4
1224400 1983.0
1224410 1988.2
1224420 1988.2
1224430 1993.0
1224440 1998.2
1224450 1998.2
1224460 2003.3
1224470 2008.3
1224480 2008.3
1224490 2013.3
1224500 2017.9
1224510 2017.9
1224520 2022.1
1224530 2025.3
1224540 2027.8
1224550 2027.8
1224560 2031.0
1224570 2034.7
1224580 2034.7
1224590 2037.6
1224600 2041.1
1224610 2041.1
1224620 2045.4
1224630 2049.6
1224640 2049.6
1224650 2053.1
1224660 2056.9
1224670 2056.9
1224680 2061.2
1224690 2065.0
1224700 2065.0
1224710 2067.8
1224720 2069.6
1224730 2069.6
1224740 2070.9
1224750 2077.7
1224760 2077.7
1224770 2078.2
1224780 2077.1
1224790 2076.6
1224800 2076.6
1224810 2076.6
1224820 2076.6
1224830 2076.6
1224840 2076.5
1224850 2077.5
1224860 2077.5
1224870 2080.1
1224880 2081.6
1224890 2081.6
1224900 2081.6
1224910 2084.6
1224920 2084.6
1224930 2084.8
1224940 2085.8
1224950 2085.8
1224960 2086.5
1224970 2086.7
1224980 2086.7
1224990 2087.4
1225000 2087.9
1225010 2089.0
1225020 2089.0
1225030 2089.8
1225040 2090.4
1225050 2090.4
1225060 2094.7
1225070 2100.6
1225080 2100.6
1225090 2101.8
1225100 2099.8
1225110 2099.8
1225120 2098.1
1225130 2096.4
1225140 2096.4
1225150 2094.8
1225160 2093.2
1225170 2093.2
1225180 2092.3
1225190 2090.9
1225200 2090.9
1225210 2090.4
1225220 2089.0
1225230 2089.0
1225240 2092.2
1225250 2092.0
1225260 2092.6
1225270 2092.6
1225280 2092.2
1225290 2090.1
1225300 2090.1
1225310 2087.2
1225320 2084.2
1225330 2084.2
1225340 2080.4
1225350 2076.4
1225360 2076.4
1225370 2072.9
1225380 2069.9
1225390 2069.9
1225400 2067.7
1225410 2065.9
1225420 2065.9
1225430 2063.3
1225440 2064.3
1225450 2064.3
1225460 2063.6
1225470 2061.4
1225480 2059.8
1225490 2059.8
1225500 2057.3
1225510 2054.5
1225520 2054.5
1225530 2051.5
1225540 2049.4
1225550 2049.4
1225560 2050.8
1225570 2054.3
1225580 2054.3
1225590 2056.4
1225600 2056.2
1225610 2056.2
1225620 2055.1
1225630 2053.8
1225640 2053.8
1225650 2051.9
1225660 2051.1
1225670 2051.1
1225680 2049.5
1225690 2050.6
1225700 2050.6
1225710 2055.7
1225720 2061.1
1225730 2062.0
1225740 2062.0
1225750 2064.8
1225760 2067.3
1225770 2067.3
1225780 2070.5
1225790 2074.1
1225800 2074.1
1225810 2077.9
1225820 2081.9
1225830 2081.9
1225840 2085.9
1225850 2090.2
1225860 2090.2
1225870 2094.6
1225880 2098.9
1225890 2098.9
1225900 2103.7
1225910 2108.7
1225920 2108.7
1225930 2113.6
1225940 2118.6
1225950 2123.5
1225960 2123.5
1225970 2128.0
1225980 2132.6
1225990 2132.6
1226000 2137.4
1226010 2142.8
1226020 2142.8
1226030 2149.3
1226040 2159.9
1226050 2159.9
1226060 2175.6
1226070 2185.9
1226080 2185.9
1226090 2196.3
1226100 2207.4
1226110 2207.4
1226120 2219.0
1226130 2233.4
1226140 2233.4
1226150 2247.5
1226160 2258.5
1226170 2258.5
1226180 2271.5
1226190 2285.8
1226200 2297.5
1226210 2297.5
1226220 2295.1
1226230 2295.5
1226240 2295.5
1226250 2294.1
1226260 2300.4
1226270 2300.4
1226280 2312.2
1226290 2332.9
1226300 2332.9
1226310 2351.3
1226320 2364.2
1226330 2364.2
1226340 2372.9
1226350 2382.3
1226360 2382.3
1226370 2394.0
1226380 2407.8
1226390 2407.8
1226400 2417.8
1226410 2425.4
1226420 2433.9
1226430 2433.9
1226440 2437.2
1226450 2446.8
1226460 2446.8
1226470 2456.8
1226480 2466.1
1226490 2466.1
1226500 2476.5
1226510 2487.9
1226520 2487.9
1226530 2498.4
1226540 2506.7
1226550 2506.7
1226560 2514.5
1226570 2522.4
1226580 2522.4
1226590 2530.8
1226600 2539.5
1226610 2539.5
1226620 2547.2
1226630 2552.8
1226640 2557.2
1226650 2557.2
1226660 2559.8
1226670 2565.1
1226680 2565.1
1226690 2571.5
1226700 2577.0
1226710 2579.0
1226720 2588.4
1226730 2595.7
1226740 2595.7
1226750 2602.4
1226760 2610.4
1226770 2610.4
1226780 2619.3
1226790 2627.4
1226800 2627.4
1226810 2633.9
1226820 2640.1
1226830 2640.1
1226840 2647.9
1226850 2656.8
1226860 2656.8
1226870 2664.2
1226880 2672.3
1226890 2681.9
1226900 2681.9
1226910 2690.6
1226920 2698.0
1226930 2698.0
1226940 2706.2
1226950 2715.1
1226960 2715.1
1226970 2722.4
1226980 2728.1
1226990 2728.1
1227000 2732.8
1227010 2737.8
1227020 2737.8
1227030 2746.2
1227040 2753.2
1227050 2753.2
1227060 2760.8
1227070 2773.7
1227080 2773.7
1227090 2786.7
1227100 2796.5
1227110 2804.9
1227120 2804.9
1227130 2814.1
1227140 2823.6
1227150 2823.6
1227160 2832.4
1227170 2841.4
1227180 2841.4
1227190 2849.7
1227200 2842.5
1227210 2842.5
1227220 2848.0
1227230 2855.6
1227240 2855.6
1227250 2862.9
1227260 2866.3
1227270 2866.3
1227280 2867.8
1227290 2871.6
1227300 2871.6
1227310 2879.5
1227320 2885.3
1227330 2885.3
1227340 2877.1
1227350 2862.2
1227360 2845.7
1227370 2845.7
1227380 2828.8
1227390 2819.0
1227400 2819.0
1227410 2811.2
1227420 2802.4
1227430 2802.4
1227440 2794.9
1227450 2786.2
1227460 2786.2
1227470 2771.7
1227480 2757.3
1227490 2757.3
1227500 2746.4
1227510 2737.9
1227520 2737.9
1227530 2723.5
1227540 2709.1
1227550 2709.1
1227560 2690.2
1227570 2670.4
1227580 2658.6
1227590 2658.6
1227600 2655.9
1227610 2656.8
1227620 2656.8
1227630 2657.7
1227640 2660.4
1227650 2660.4
1227660 2660.7
1227670 2662.3
1227680 2662.3
1227690 2665.5
1227700 2677.9
1227710 2677.9
1227720 2680.0
1227730 2671.9
1227740 2671.9
1227750 2653.1
1227760 2644.8
1227770 2644.8
1227780 2633.4
1227790 2622.4
1227800 2622.4
1227810 2618.6
1227820 2602.0
1227830 2590.2
1227840 2590.2
1227850 2591.0
1227860 2595.5
1227870 2595.5
1227880 2612.0
1227890 2616.3
1227900 2616.3
1227910 2615.7
1227920 2615.8
1227930 2615.8
1227940 2614.9
1227950 2616.5
1227960 2616.5
1227970 2615.4
1227980 2614.3
1227990 2614.3
1228000 2608.8
1228010 2601.2
1228020 2601.2
1228030 2589.6
1228040 2575.9
1228050 2561.6
1228060 2561.6
1228070 2550.8
1228080 2541.1
1228090 2541.1
1228100 2530.2
1228110 2518.9
1228120 2518.9
1228130 2506.4
1228140 2492.1
1228150 2492.1
1228160 2480.2
1228170 2472.0
1228180 2472.0
1228190 2463.4
1228200 2456.8
1228210 2456.8
1228220 2450.1
1228230 2443.6
1228240 2443.6
1228250 2437.2
1228260 2431.8
1228270 2431.8
1228280 2428.2
1228290 2425.0
1228300 2422.0
1228310 2422.0
1228320 2418.5
1228330 2414.9
1228340 2414.9
1228350 2410.8
1228360 2406.0
1228370 2406.0
1228380 2401.7
1228390 2397.5
1228400 2397.5
1228410 2393.5
1228420 2389.1
1228430 2389.1
1228440 2384.6
1228450 2381.4
1228460 2381.4
1228470 2380.3
1228480 2379.1
1228490 2379.1
1228500 2377.7
1228510 2376.4
1228520 2374.7
1228530 2374.7
1228540 2372.9
1228550 2371.6
1228560 2371.6
1228570 2371.0
1228580 2369.4
1228590 2369.4
1228600 2367.5
1228610 2366.5
1228620 2366.5
1228630 2365.4
1228640 2363.9
1228650 2363.9
1228660 2362.7
1228670 2362.0
1228680 2362.0
1228690 2363.5
1228700 2361.0
1228710 2361.0
1228720 2355.3
1228730 2348.2
1228740 2348.2
1228750 2342.3
1228760 2340.0
1228770 2336.8
1228780 2336.8
1228790 2331.2
1228800 2323.8
1228810 2323.8
1228820 2315.6
1228830 2307.8
1228840 2307.8
1228850 2301.1
1228860 2294.3
1228870 2294.3
1228880 2287.3
1228890 2280.3
1228900 2280.3
1228910 2273.4
1228920 2266.0
1228930 2266.0
1228940 2257.9
1228950 2251.9
1228960 2251.9
1228970 2248.2
1228980 2243.8
1228990 2238.8
1229000 2238.8
1229010 2233.6
1229020 2228.5
1229030 2228.5
1229040 2223.3
1229050 2218.4
1229060 2218.4
1229070 2214.6
1229080 2211.6
1229090 2211.6
1229100 2208.2
1229110 2204.4
1229120 2204.4
1229130 2200.2
1229140 2196.8
1229150 2196.8
1229160 2194.3
1229170 2192.4
1229180 2192.4
1229190 2190.6
1229200 2188.8
1229210 2188.8
1229220 2188.4
1229230 2190.4
1229240 2192.2
1229250 2192.2
1229260 2188.6
1229270 2187.8
1229280 2187.8
1229290 2189.3
1229300 2189.2
1229310 2189.2
1229320 2188.7
1229330 2188.9
1229340 2188.9
1229350 2189.4
1229360 2190.2
1229370 2190.2
1229380 2191.6
1229390 2192.3
1229400 2192.3
1229410 2195.0
1229420 2198.2
1229430 2198.2
1229440 2201.8
1229450 2205.9
1229460 2210.3
1229470 2210.3
1229480 2214.8
1229490 2219.4
1229500 2219.4
1229510 2224.0
1229520 2228.6
1229530 2228.6
1229540 2233.5
1229550 2238.9
1229560 2238.9
1229570 2244.6
1229580 2250.6
1229590 2250.6
1229600 2256.2
1229610 2262.1
1229620 2262.1
1229630 2267.8
1229640 2273.5
1229650 2273.5
1229660 2279.3
1229670 2285.2
1229680 2289.2
1229690 2289.2
1229700 2295.0
1229710 2301.0
1229720 2301.0
1229730 2307.2
1229740 2313.6
1229750 2313.6
1229760 2320.1
1229770 2326.4
1229780 2326.4
1229790 2332.8
1229800 2338.8
1229810 2338.8
1229820 2344.8
1229830 2350.6
1229840 2350.6
1229850 2355.7
1229860 2361.1
1229870 2361.1
1229880 2367.4
1229890 2374.3
1229900 2374.3
1229910 2381.6
1229920 2388.8
1229930 2395.5
1229940 2395.5
1229950 2401.3
1229960 2407.2
1229970 2407.2
1229980 2416.3
1229990 2425.9
1230000 2425.9
1230010 2433.7
1230020 2441.0
1230030 2441.0
1230040 2448.2
1230050 2455.9
1230060 2455.9
1230070 2463.3
1230080 2470.8
1230090 2470.8
1230100 2481.1
1230110 2484.1
1230120 2484.1
1230130 2490.0
1230140 2504.0
1230150 2519.7
1230160 2519.7
1230170 2532.9
1230180 2539.2
1230190 2539.2
1230200 2550.7
1230210 2563.2
1230220 2563.2
1230230 2575.4
1230240 2589.8
1230250 2589.8
1230260 2607.9
1230270 2627.9
1230280 2627.9
1230290 2639.7
1230300 2651.7
1230310 2651.7
1230320 2669.1
1230330 2682.6
1230340 2682.6
1230350 2698.5
1230360 2714.3
1230370 2714.3
1230380 2732.3
1230390 2741.3
1230400 2748.8
1230410 2748.8
1230420 2759.4
1230430 2769.6
1230440 2769.6
1230450 2779.9
1230460 2786.8
1230470 2786.8
1230480 2784.2
1230490 2785.2
1230500 2785.2
1230510 2787.7
1230520 2789.3
1230530 2789.3
1230540 2789.4
1230550 2793.5
1230560 2793.5
1230570 2791.7
1230580 2792.9
1230590 2792.9
1230600 2796.3
1230610 2798.7
1230620 2800.7
1230630 2800.7
1230640 2807.4
1230650 2814.4
1230660 2814.4
1230670 2820.0
1230680 2833.6
1230690 2833.6
1230700 2847.1
1230710 2862.0
1230720 2862.0
1230730 2862.0
1230740 2860.7
1230750 2860.7
1230760 2862.7
1230770 2864.2
1230780 2864.2
1230790 2867.0
1230800 2870.0
1230810 2870.0
1230820 2872.7
1230830 2874.7
1230840 2874.7
1230850 2876.5
1230860 2879.5
1230870 2883.4
1230880 2883.4
1230890 2890.4
1230900 2899.2
1230910 2899.2
1230920 2902.8
1230930 2902.5
1230940 2902.5
1230950 2894.8
1230960 2888.5
1230970 2888.5
1230980 2884.0
1230990 2874.9
1231000 2874.9
1231010 2869.3
1231020 2866.9
1231030 2866.9
1231040 2868.0
1231050 2871.7
1231060 2871.7
1231070 2874.2
1231080 2873.4
1231090 2873.7
1231100 2873.7
1231110 2873.1
1231120 2873.0
1231130 2873.0
1231140 2875.0
1231150 2876.5
1231160 2876.5
1231170 2873.7
1231180 2879.5
1231190 2879.5
1231200 2878.7
1231210 2877.3
1231220 2877.3
1231230 2875.8
1231240 2875.5
1231250 2875.5
1231260 2875.6
1231270 2876.3
1231280 2876.3
1231290 2876.7
1231300 2878.8
1231310 2878.8
1231320 2883.8
1231330 2890.7
1231340 2899.1
1231350 2899.1
1231360 2909.9
1231370 2928.0
1231380 2928.0
1231390 2942.4
1231400 2945.2
1231410 2945.2
1231420 2941.4
1231430 2932.1
1231440 2932.1
1231450 2919.4
1231460 2910.1
1231470 2910.1
1231480 2902.6
1231490 2895.0
1231500 2895.0
1231510 2888.1
1231520 2880.7
1231530 2880.7
1231540 2872.4
1231550 2864.5
1231560 2856.4
1231570 2856.4
1231580 2848.4
1231590 2840.5
1231600 2840.5
1231610 2828.4
1231620 2813.2
1231630 2813.2
1231640 2800.3
1231650 2769.4
1231660 2769.4
1231670 2740.7
1231680 2734.4
1231690 2734.4
1231700 2717.3
1231710 2692.9
1231720 2692.9
1231730 2681.1
1231740 2674.6
1231750 2674.6
1231760 2668.1
1231770 2661.5
1231780 2661.5
1231790 2654.9
1231800 2648.6
1231810 2642.4
1231820 2642.4
1231830 2636.5
1231840 2630.5
1231850 2630.5
1231860 2624.7
1231870 2619.6
1231880 2619.6
1231890 2615.3
1231900 2610.5
1231910 2610.5
1231920 2605.5
1231930 2601.0
1231940 2601.0
1231950 2596.4
1231960 2592.6
1231970 2592.6
1231980 2590.0
1231990 2587.5
1232000 2587.5
1232010 2585.4
1232020 2583.9
1232030 2582.3
1232040 2582.3
1232050 2580.8
1232060 2581.9
1232070 2581.9
1232080 2583.8
1232090 2585.6
1232100 2585.6
1232110 2587.1
1232120 2587.7
1232130 2587.7
1232140 2588.4
1232150 2589.5
1232160 2589.5
1232170 2590.6
1232180 2591.7
1232190 2592.9
1232200 2593.5
1232210 2593.3
1232220 2593.3
1232230 2592.7
1232240 2591.6
1232250 2591.3
1232260 2591.3
1232270 2589.8
1232280 2587.5
1232290 2587.5
1232300 2586.7
1232310 2589.0
1232320 2589.0
1232330 2589.4
1232340 2586.9
1232350 2586.9
1232360 2586.1
1232370 2583.7
1232380 2583.7
1232390 2582.1
1232400 2579.0
1232410 2579.0
1232420 2578.8
1232430 2581.6
1232440 2581.6
1232450 2581.1
1232460 2579.2
1232470 2579.2
1232480 2582.3
1232490 2590.7
1232500 2597.6
1232510 2597.6
1232520 2596.8
1232530 2592.4
1232540 2592.4
1232550 2587.1
1232560 2581.8
1232570 2581.8
1232580 2576.7
1232590 2571.2
1232600 2571.2
1232610 2566.0
1232620 2561.4
1232630 2561.4
1232640 2556.5
1232650 2553.4
1232660 2553.4
1232670 2552.1
1232680 2551.5
1232690 2554.8
1232700 2555.0
1232710 2553.8
1232720 2551.8
1232730 2551.8
1232740 2550.0
1232750 2545.1
1232760 2545.1
1232770 2540.6
1232780 2536.0
1232790 2536.0
1232800 2527.1
1232810 2517.3
1232820 2517.3
1232830 2507.5
1232840 2501.3
1232850 2501.3
1232860 2496.8
1232870 2492.7
1232880 2492.7
1232890 2487.6
1232900 2482.4
1232910 2482.4
1232920 2477.3
1232930 2472.3
1232940 2472.3
1232950 2468.3
1232960 2464.8
1232970 2463.3
1232980 2463.3
1232990 2463.0
1233000 2461.9
1233010 2461.9
1233020 2461.3
1233030 2460.8
1233040 2460.8
1233050 2461.5
1233060 2463.8
1233070 2463.8
1233080 2463.7
1233090 2459.7
1233100 2459.7
1233110 2454.3
1233120 2450.4
1233130 2450.4
1233140 2449.3
1233150 2448.3
1233160 2448.3
1233170 2447.0
1233180 2446.4
1233190 2444.7
1233200 2446.8
1233210 2444.4
1233220 2444.0
1233230 2444.0
1233240 2441.9
1233250 2440.1
1233260 2440.1
1233270 2438.3
1233280 2434.8
1233290 2434.8
1233300 2429.8
1233310 2424.8
1233320 2424.8
1233330 2420.0
1233340 2414.2
1233350 2414.2
1233360 2405.6
1233370 2397.1
1233380 2397.1
1233390 2389.9
1233400 2382.7
1233410 2382.7
1233420 2375.6
1233430 2368.4
1233440 2361.6
1233450 2361.6
1233460 2355.4
1233470 2349.5
1233480 2349.5
1233490 2343.7
1233500 2338.5
1233510 2338.5
1233520 2334.3
1233530 2330.8
1233540 2330.8
1233550 2327.4
1233560 2324.0
1233570 2324.0
1233580 2321.7
1233590 2320.8
1233600 2320.8
1233610 2320.6
1233620 2320.6
1233630 2320.6
1233640 2320.4
1233650 2319.8
1233660 2319.8
1233670 2319.8
1233680 2319.9
1233690 2320.2
1233700 2320.9
1233710 2322.0
1233720 2323.4
1233730 2323.4
1233740 2325.3
1233750 2328.2
1233760 2328.2
1233770 2332.4
1233780 2335.7
1233790 2335.7
1233800 2339.3
1233810 2343.6
1233820 2343.6
1233830 2348.1
1233840 2352.9
1233850 2352.9
1233860 2358.4
1233870 2363.6
1233880 2363.6
1233890 2369.2
1233900 2374.8
1233910 2380.6
1233920 2380.6
1233930 2386.9
1233940 2393.9
1233950 2393.9
1233960 2400.1
1233970 2406.5
1233980 2406.5
1233990 2412.6
1234000 2419.1
1234010 2419.1
1234020 2426.3
1234030 2433.9
1234040 2433.9
1234050 2441.2
1234060 2448.3
1234070 2448.3
1234080 2456.7
1234090 2467.5
1234100 2467.5
1234110 2475.9
1234120 2485.7
1234130 2498.0
1234140 2498.0
1234150 2505.8
1234160 2509.1
1234170 2509.1
1234180 2512.1
1234190 2516.8
1234200 2516.8
1234210 2524.5
1234220 2529.3
1234230 2529.3
1234240 2533.6
1234250 2537.4
1234260 2537.4
1234270 2540.7
1234280 2544.5
1234290 2544.5
1234300 2549.2
1234310 2555.0
1234320 2555.0
1234330 2563.4
1234340 2574.9
1234350 2587.3
1234360 2587.3
1234370 2601.0
1234380 2604.9
1234390 2604.9
1234400 2608.6
1234410 2611.0
1234420 2611.0
1234430 2614.4
1234440 2618.7
1234450 2618.7
1234460 2625.5
1234470 2635.0
1234480 2635.0
1234490 2639.3
1234500 2644.8
1234510 2644.8
1234520 2658.7
1234530 2676.2
1234540 2676.2
1234550 2688.1
1234560 2696.1
1234570 2696.1
1234580 2702.5
1234590 2709.1
1234600 2716.0
1234610 2716.0
1234620 2722.0
1234630 2729.7
1234640 2729.7
1234650 2736.3
1234660 2741.1
1234670 2741.1
1234680 2743.4
1234690 2744.9
1234700 2744.9
1234710 2745.4
1234720 2750.1
1234730 2750.1
1234740 2749.4
1234750 2748.5
1234760 2748.5
1234770 2747.4
1234780 2746.4
1234790 2746.4
1234800 2746.0
1234810 2746.3
1234820 2746.7
1234830 2746.7
1234840 2747.1
1234850 2747.7
1234860 2747.7
1234870 2749.1
1234880 2749.6
1234890 2749.6
1234900 2746.8
1234910 2742.4
1234920 2742.4
1234930 2737.5
1234940 2733.9
1234950 2733.9
1234960 2730.7
1234970 2728.6
1234980 2728.6
1234990 2728.9
1235000 2730.5
1235010 2730.5
1235020 2734.8
1235030 2739.2
1235040 2739.2
1235050 2748.3
1235060 2752.4
1235070 2755.2
1235080 2755.2
1235090 2756.7
1235100 2751.0
1235110 2751.0
1235120 2742.9
1235130 2734.7
1235140 2734.7
1235150 2727.2
1235160 2719.5
1235170 2719.5
1235180 2711.3
1235190 2702.7
1235200 2702.7
1235210 2695.3
1235220 2690.0
1235230 2690.0
1235240 2686.9
1235250 2684.5
1235260 2684.5
1235270 2682.5
1235280 2679.0
1235290 2674.9
1235300 2674.9
1235310 2669.6
1235320 2659.4
1235330 2659.4
1235340 2649.0
1235350 2639.2
1235360 2639.2
1235370 2631.6
1235380 2624.7
1235390 2624.7
1235400 2618.4
1235410 2612.7
1235420 2612.7
1235430 2607.8
1235440 2603.4
1235450 2603.4
1235460 2599.4
1235470 2595.9
1235480 2595.9
1235490 2592.8
1235500 2589.8
1235510 2589.8
1235520 2586.9
1235530 2585.0
1235540 2583.4
1235550 2583.4
1235560 2581.7
1235570 2579.2
1235580 2579.2
1235590 2576.8
1235600 2574.8
1235610 2574.8
1235620 2573.2
1235630 2571.8
1235640 2571.8
1235650 2570.4
1235660 2569.3
1235670 2569.3
1235680 2568.2
1235690 2566.8
1235700 2566.8
1235710 2565.4
1235720 2564.0
1235730 2565.9
1235740 2565.7
1235750 2566.3
1235760 2566.9
1235770 2566.9
1235780 2568.0
1235790 2569.2
1235800 2569.2
1235810 2570.8
1235820 2573.5
1235830 2573.5
1235840 2575.5
1235850 2577.6
1235860 2577.6
1235870 2580.8
1235880 2584.6
1235890 2584.6
1235900 2590.0
1235910 2599.0
1235920 2599.0
1235930 2607.5
1235940 2607.7
1235950 2607.7
1235960 2616.1
1235970 2622.0
1235980 2622.0
1235990 2624.7
1236000 2625.8
1236010 2618.8
1236020 2618.8
1236030 2613.6
1236040 2619.5
1236050 2619.5
1236060 2620.1
1236070 2615.5
1236080 2615.5
1236090 2614.2
1236100 2610.1
1236110 2610.1
1236120 2603.0
1236130 2596.2
1236140 2596.2
1236150 2589.9
1236160 2583.6
1236170 2583.6
1236180 2576.4
1236190 2567.5
1236200 2567.5
1236210 2558.6
1236220 2548.9
1236230 2537.3
1236240 2537.3
1236250 2524.7
1236260 2513.9
1236270 2513.9
1236280 2502.9
1236290 2492.2
1236300 2492.2
1236310 2483.1
1236320 2474.7
1236330 2474.7
1236340 2466.8
1236350 2458.3
1236360 2458.3
1236370 2448.9
1236380 2438.3
1236390 2438.3
1236400 2428.1
1236410 2416.2
1236420 2416.2
1236430 2403.5
1236440 2396.8
1236450 2391.4
1236460 2391.4
1236470 2386.2
1236480 2381.4
1236490 2381.4
1236500 2377.5
1236510 2374.8
1236520 2374.8
1236530 2372.8
1236540 2370.6
1236550 2370.6
1236560 2368.8
1236570 2367.5
1236580 2367.5
1236590 2366.2
1236600 2364.8
1236610 2364.8
1236620 2363.3
1236630 2361.8
1236640 2361.8
1236650 2360.3
1236660 2358.3
1236670 2358.3
1236680 2355.5
1236690 2353.1
1236700 2350.7
1236710 2350.7
1236720 2348.4
1236730 2346.2
1236740 2346.2
1236750 2343.9
1236760 2343.3
1236770 2343.3
1236780 2340.4
1236790 2337.1
1236800 2337.1
1236810 2333.7
1236820 2331.0
1236830 2331.0
1236840 2328.3
1236850 2325.1
1236860 2325.1
1236870 2321.8
1236880 2318.3
1236890 2318.3
1236900 2314.9
1236910 2311.6
1236920 2308.2
1236930 2308.2
1236940 2304.9
1236950 2301.5
1236960 2301.5
1236970 2297.8
1236980 2294.0
1236990 2294.0
1237000 2290.1
1237010 2286.0
1237020 2286.0
1237030 2281.6
1237040 2277.2
1237050 2277.2
1237060 2272.8
1237070 2268.4
1237080 2268.4
1237090 2263.8
1237100 2258.9
1237110 2258.9
1237120 2253.7
1237130 2248.1
1237140 2248.1
1237150 2242.3
1237160 2236.3
1237170 2230.6
1237180 2230.6
1237190 2224.6
1237200 2218.6
1237210 2218.6
1237220 2212.9
1237230 2207.7
1237240 2207.7
1237250 2202.8
1237260 2197.9
1237270 2200.0
1237280 2194.7
1237290 2189.3
1237300 2189.3
1237310 2184.1
1237320 2179.5
1237330 2179.5
1237340 2175.1
1237350 2171.0
1237360 2171.0
1237370 2168.3
1237380 2167.0
1237390 2166.0
1237400 2166.0
1237410 2165.2
1237420 2164.5
1237430 2164.5
1237440 2163.7
1237450 2163.1
1237460 2163.1
1237470 2162.2
1237480 2161.1
1237490 2161.1
1237500 2161.7
1237510 2164.2
1237520 2164.2
1237530 2166.4
1237540 2168.1
1237550 2168.1
1237560 2170.2
1237570 2172.4
1237580 2172.4
1237590 2174.0
1237600 2175.7
1237610 2175.7
1237620 2177.2
1237630 2177.0
1237640 2176.5
1237650 2176.5
1237660 2176.8
1237670 2177.2
1237680 2177.2
1237690 2177.5
1237700 2178.1
1237710 2178.1
1237720 2179.1
1237730 2179.7
1237740 2179.7
1237750 2179.7
1237760 2178.9
1237770 2178.9
1237780 2184.1
1237790 2183.5
1237800 2183.5
1237810 2183.6
1237820 2183.8
1237830 2183.8
1237840 2183.1
1237850 2181.8
1237860 2179.3
1237870 2179.3
1237880 2175.5
1237890 2174.1
1237900 2174.1
1237910 2173.6
1237920 2172.3
1237930 2172.3
1237940 2170.4
1237950 2168.5
1237960 2168.5
1237970 2170.2
1237980 2175.0
1237990 2175.0
1238000 2179.3
1238010 2183.2
1238020 2183.2
1238030 2183.0
1238040 2177.8
1238050 2177.8
1238060 2176.6
1238070 2178.0
1238080 2178.0
1238090 2184.8
1238100 2194.6
1238110 2197.4
1238120 2197.4
1238130 2198.0
1238140 2198.6
1238150 2198.6
1238160 2200.1
1238170 2201.9
1238180 2201.9
1238190 2202.9
1238200 2203.0
1238210 2203.0
1238220 2202.8
1238230 2202.4
1238240 2202.4
1238250 2201.9
1238260 2202.2
1238270 2202.2
1238280 2203.4
1238290 2202.5
1238300 2204.4
1238310 2203.9
1238320 2203.4
1238330 2203.1
1238340 2203.1
1238350 2204.1
1238360 2204.8
1238370 2204.8
1238380 2205.7
1238390 2208.0
1238400 2208.0
1238410 2209.2
1238420 2209.2
1238430 2209.2
1238440 2210.7
1238450 2212.0
1238460 2212.0
1238470 2209.8
1238480 2201.3
1238490 2201.3
1238500 2190.6
1238510 2181.4
1238520 2181.4
1238530 2174.1
1238540 2168.0
1238550 2168.0
1238560 2161.6
1238570 2156.0
1238580 2151.9
1238590 2151.9
1238600 2148.6
1238610 2145.2
1238620 2145.2
1238630 2140.8
1238640 2135.1
1238650 2135.1
1238660 2129.5
1238670 2123.5
1238680 2123.5
1238690 2114.2
1238700 2102.1
1238710 2102.1
1238720 2089.2
1238730 2079.8
1238740 2079.8
1238750 2072.6
1238760 2066.4
1238770 2066.4
1238780 2061.0
1238790 2058.7
1238800 2056.3
1238810 2056.3
1238820 2055.5
1238830 2048.2
1238840 2048.2
1238850 2037.9
1238860 2025.6
1238870 2025.6
1238880 2017.7
1238890 2006.7
1238900 2006.7
1238910 1992.9
1238920 1983.6
1238930 1983.6
1238940 1977.9
1238950 1971.7
1238960 1971.7
1238970 1964.3
1238980 1956.6
1238990 1956.6
1239000 1948.5
1239010 1940.0
1239020 1933.6
1239030 1933.6
1239040 1930.4
1239050 1928.8
1239060 1928.8
1239070 1927.0
1239080 1924.9
1239090 1924.9
1239100 1923.0
1239110 1922.2
1239120 1922.2
1239130 1919.6
1239140 1914.7
1239150 1914.7
1239160 1910.0
1239170 1903.8
1239180 1903.8
1239190 1900.0
1239200 1899.0
1239210 1899.0
1239220 1897.7
1239230 1897.1
1239240 1897.1
1239250 1897.3
1239260 1895.1
1239270 1889.6
1239280 1889.6
1239290 1884.7
1239300 1880.7
1239310 1880.7
1239320 1876.7
1239330 1873.7
1239340 1873.7
1239350 1865.0
1239360 1855.3
1239370 1855.3
1239380 1845.7
1239390 1838.2
1239400 1838.2
1239410 1832.7
1239420 1828.2
1239430 1828.2
1239440 1823.8
1239450 1818.3
1239460 1818.3
1239470 1811.8
1239480 1804.7
1239490 1797.2
1239500 1797.2
1239510 1788.9
1239520 1781.3
1239530 1781.3
1239540 1773.9
1239550 1766.3
1239560 1766.3
1239570 1758.2
1239580 1750.1
1239590 1750.1
1239600 1742.5
1239610 1736.5
1239620 1736.5
1239630 1730.6
1239640 1724.2
1239650 1724.2
1239660 1716.6
1239670 1708.3
1239680 1708.3
1239690 1700.1
1239700 1691.7
1239710 1691.7
1239720 1684.1
1239730 1677.2
1239740 1670.6
1239750 1670.6
1239760 1664.6
1239770 1659.1
1239780 1659.1
1239790 1653.1
1239800 1645.7
1239810 1645.7
1239820 1638.0
1239830 1629.9
1239840 1629.9
1239850 1624.0
1239860 1619.1
1239870 1619.1
1239880 1613.2
1239890 1608.2
1239900 1608.2
1239910 1604.5
1239920 1603.9
1239930 1603.9
1239940 1606.7
1239950 1610.7
1239960 1615.9
1239970 1615.9
1239980 1619.9
1239990 1623.2
