1220000 1937.5
1220010 1937.5
1220020 1948.6
1220030 1959.4
1220040 1959.4
1220050 1966.7
1220060 1971.8
1220070 1971.8
1220080 1979.0
1220090 1987.4
1220100 1987.4
1220110 1997.9
1220120 2007.8
1220130 2019.3
1220140 2019.3
1220150 2029.0
1220160 2036.0
1220170 2036.0
1220180 2042.8
1220190 2049.7
1220200 2049.7
1220210 2056.9
1220220 2062.2
1220230 2068.8
1220240 2075.1
1220250 2081.5
1220260 2081.5
1220270 2087.3
1220280 2093.4
1220290 2093.4
1220300 2099.6
1220310 2106.0
1220320 2106.0
1220330 2115.1
1220340 2123.2
1220350 2123.2
1220360 2131.3
1220370 2140.0
1220380 2146.7
1220390 2146.7
1220400 2154.1
1220410 2157.1
1220420 2157.1
1220430 2159.8
1220440 2161.2
1220450 2161.2
1220460 2163.8
1220470 2165.7
1220480 2165.7
1220490 2165.4
1220500 2166.8
1220510 2166.8
1220520 2169.5
1220530 2169.4
1220540 2169.4
1220550 2167.6
1220560 2167.7
1220570 2167.7
1220580 2167.3
1220590 2167.9
1220600 2173.5
1220610 2173.5
1220620 2184.8
1220630 2198.8
1220640 2198.8
1220650 2209.6
1220660 2215.6
1220670 2215.6
1220680 2222.8
1220690 2230.3
1220700 2230.3
1220710 2242.1
1220720 2244.9
1220730 2244.9
1220740 2246.7
1220750 2249.1
1220760 2249.1
1220770 2254.0
1220780 2260.3
1220790 2260.3
1220800 2267.7
1220810 2273.4
1220820 2273.4
1220830 2278.3
1220840 2283.6
1220850 2284.7
1220860 2284.7
1220870 2285.2
1220880 2287.6
1220890 2287.6
1220900 2288.8
1220910 2291.3
1220920 2291.3
1220930 2296.9
1220940 2303.6
1220950 2303.6
1220960 2309.8
1220970 2315.7
1220980 2315.7
1220990 2320.9
1221000 2325.1
1221010 2325.1
1221020 2328.5
1221030 2330.9
1221040 2330.9
1221050 2332.9
1221060 2335.7
1221070 2339.6
1221080 2339.6
1221090 2343.4
1221100 2347.0
1221110 2347.0
1221120 2349.9
1221130 2352.5
1221140 2352.5
1221150 2354.8
1221160 2356.4
1221170 2356.4
1221180 2358.8
1221190 2365.9
1221200 2365.9
1221210 2367.8
1221220 2370.2
1221230 2370.2
1221240 2374.3
1221250 2378.7
1221260 2378.7
1221270 2383.0
1221280 2387.2
1221290 2387.2
1221300 2391.2
1221310 2395.6
1221320 2400.4
1221330 2400.4
1221340 2406.0
1221350 2410.7
1221360 2410.7
1221370 2414.6
1221380 2418.9
1221390 2418.9
1221400 2422.9
1221410 2425.6
1221420 2425.6
1221430 2428.1
1221440 2431.1
1221450 2431.1
1221460 2433.6
1221470 2435.6
1221480 2435.6
1221490 2437.4
1221500 2439.2
1221510 2439.2
1221520 2441.0
1221530 2442.5
1221540 2442.7
1221550 2442.7
1221560 2440.5
1221570 2437.0
1221580 2437.0
1221590 2433.7
1221600 2430.4
1221610 2430.4
1221620 2427.3
1221630 2424.5
1221640 2424.5
1221650 2421.7
1221660 2417.8
1221670 2409.1
1221680 2405.5
1221690 2401.9
1221700 2401.9
1221710 2398.8
1221720 2395.9
1221730 2395.9
1221740 2392.1
1221750 2385.9
1221760 2385.9
1221770 2377.6
1221780 2369.8
1221790 2363.8
1221800 2363.8
1221810 2361.0
1221820 2358.2
1221830 2358.2
1221840 2356.2
1221850 2354.4
1221860 2354.4
1221870 2352.8
1221880 2351.7
1221890 2351.7
1221900 2350.9
1221910 2350.7
1221920 2350.7
1221930 2351.2
1221940 2352.3
1221950 2352.3
1221960 2352.5
1221970 2351.8
1221980 2351.8
1221990 2350.3
1222000 2348.5
1222010 2345.9
1222020 2345.9
1222030 2343.3
1222040 2341.4
1222050 2341.4
1222060 2339.8
1222070 2337.5
1222080 2337.5
1222090 2334.4
1222100 2330.1
1222110 2330.1
1222120 2325.2
1222130 2321.0
1222140 2321.0
1222150 2317.7
1222160 2306.9
1222170 2306.9
1222180 2304.0
1222190 2302.1
1222200 2302.1
1222210 2299.7
1222220 2297.6
1222230 2297.6
1222240 2295.3
1222250 2292.8
1222260 2289.3
1222270 2289.3
1222280 2285.3
1222290 2280.8
1222300 2280.8
1222310 2275.8
1222320 2269.7
1222330 2269.7
1222340 2263.2
1222350 2256.7
1222360 2256.7
1222370 2249.1
1222380 2240.3
1222390 2240.3
1222400 2232.0
1222410 2227.5
1222420 2227.5
1222430 2225.4
1222440 2224.1
1222450 2224.1
1222460 2222.4
1222470 2220.5
1222480 2218.5
1222490 2218.5
1222500 2216.0
1222510 2213.5
1222520 2213.5
1222530 2210.1
1222540 2207.6
1222550 2207.6
1222560 2205.8
1222570 2199.6
1222580 2199.6
1222590 2193.4
1222600 2190.2
1222610 2190.2
1222620 2190.1
1222630 2190.4
1222640 2184.7
1222650 2184.7
1222660 2183.9
1222670 2183.9
1222680 2182.5
1222690 2179.8
1222700 2179.8
1222710 2176.0
1222720 2171.7
1222730 2170.1
1222740 2170.1
1222750 2169.1
1222760 2168.9
1222770 2168.9
1222780 2170.7
1222790 2172.2
1222800 2172.2
1222810 2173.7
1222820 2174.9
1222830 2174.9
1222840 2175.7
1222850 2175.8
1222860 2175.8
1222870 2174.9
1222880 2174.4
1222890 2174.4
1222900 2174.4
1222910 2173.9
1222920 2173.9
1222930 2172.8
1222940 2171.3
1222950 2169.9
1222960 2169.9
1222970 2168.2
1222980 2166.0
1222990 2166.0
1223000 2163.4
1223010 2160.8
1223020 2160.8
1223030 2158.0
1223040 2155.1
1223050 2155.1
1223060 2152.7
1223070 2150.8
1223080 2150.8
1223090 2148.5
1223100 2145.7
1223110 2145.7
1223120 2137.3
1223130 2135.1
1223140 2135.1
1223150 2132.6
1223160 2129.8
1223170 2129.8
1223180 2126.6
1223190 2123.2
1223200 2120.8
1223210 2120.8
1223220 2119.3
1223230 2117.5
1223240 2117.5
1223250 2115.7
1223260 2114.2
1223270 2114.2
1223280 2113.0
1223290 2110.4
1223300 2110.4
1223310 2105.3
1223320 2099.2
1223330 2099.2
1223340 2099.0
1223350 2098.3
1223360 2098.3
1223370 2096.5
1223380 2093.6
1223390 2093.6
1223400 2091.3
1223410 2088.9
1223420 2088.9
1223430 2086.4
1223440 2084.8
1223450 2083.0
1223460 2083.0
1223470 2080.6
1223480 2078.9
1223490 2078.9
1223500 2076.7
1223510 2074.9
1223520 2074.9
1223530 2073.3
1223540 2072.3
1223550 2072.3
1223560 2070.7
1223570 2068.7
1223580 2068.7
1223590 2065.9
1223600 2060.5
1223610 2052.0
1223620 2045.9
1223630 2041.4
1223640 2041.4
1223650 2037.4
1223660 2034.8
1223670 2032.3
1223680 2032.3
1223690 2029.6
1223700 2027.7
1223710 2027.7
1223720 2026.1
1223730 2024.6
1223740 2024.6
1223750 2023.0
1223760 2022.9
1223770 2022.9
1223780 2023.0
1223790 2022.0
1223800 2022.0
1223810 2020.2
1223820 2017.9
1223830 2017.9
1223840 2014.4
1223850 2009.9
1223860 2009.9
1223870 2004.3
1223880 2001.2
1223890 2001.2
1223900 1998.9
1223910 1997.4
1223920 1995.6
1223930 1995.6
1223940 1992.9
1223950 1987.5
1223960 1987.5
1223970 1987.2
1223980 1986.8
1223990 1986.8
1224000 1982.5
1224010 1978.1
1224020 1978.1
1224030 1973.6
1224040 1970.7
1224050 1970.7
1224060 1967.8
1224070 1964.4
1224080 1964.4
1224090 1962.6
1224100 1954.9
1224110 1954.9
1224120 1953.3
1224130 1949.7
1224140 1944.3
1224150 1944.3
1224160 1942.9
1224170 1942.5
1224180 1942.5
1224190 1942.6
1224200 1943.1
1224210 1943.1
1224220 1944.2
1224230 1946.0
1224240 1946.0
1224250 1946.9
1224260 1945.0
1224270 1945.0
1224280 1940.4
1224290 1933.7
1224300 1933.7
1224310 1924.8
1224320 1918.0
1224330 1918.0
1224340 1915.9
1224350 1914.0
1224360 1914.0
1224370 1911.0
1224380 1907.1
1224390 1902.7
1224400 1902.7
1224410 1898.6
1224420 1893.0
1224430 1893.0
1224440 1889.4
1224450 1888.0
1224460 1888.0
1224470 1884.6
1224480 1879.8
1224490 1879.8
1224500 1874.0
1224510 1868.1
1224520 1868.1
1224530 1864.4
1224540 1863.0
1224550 1863.0
1224560 1861.2
1224570 1858.4
1224580 1858.4
1224590 1849.1
1224600 1845.7
1224610 1842.0
1224620 1842.0
1224630 1837.4
1224640 1833.8
1224650 1833.8
1224660 1830.4
1224670 1827.5
1224680 1827.5
1224690 1824.6
1224700 1821.3
1224710 1821.3
1224720 1818.0
1224730 1815.0
1224740 1815.0
1224750 1811.8
1224760 1806.5
1224770 1806.5
1224780 1800.8
1224790 1798.2
1224800 1798.2
1224810 1798.0
1224820 1797.3
1224830 1797.3
1224840 1793.3
1224850 1790.7
1224860 1790.2
1224870 1790.2
1224880 1791.6
1224890 1796.6
1224900 1796.6
1224910 1802.3
1224920 1806.1
1224930 1806.1
1224940 1809.0
1224950 1811.5
1224960 1811.5
1224970 1814.5
1224980 1817.5
1224990 1817.5
1225000 1821.3
1225010 1824.7
1225020 1824.7
1225030 1828.4
1225040 1832.2
1225050 1832.2
1225060 1836.0
1225070 1839.3
1225080 1843.0
1225090 1843.0
1225100 1847.0
1225110 1851.4
1225120 1851.4
1225130 1855.7
1225140 1860.4
1225150 1860.4
1225160 1864.8
1225170 1869.5
1225180 1869.5
1225190 1874.3
1225200 1879.4
1225210 1879.4
1225220 1885.5
1225230 1892.0
1225240 1892.0
1225250 1898.9
1225260 1905.9
1225270 1905.9
1225280 1913.1
1225290 1920.2
1225300 1920.2
1225310 1927.3
1225320 1934.4
1225330 1941.3
1225340 1941.3
1225350 1947.7
1225360 1954.4
1225370 1954.4
1225380 1961.4
1225390 1968.6
1225400 1968.6
1225410 1975.8
1225420 1983.0
1225430 1983.0
1225440 1990.0
1225450 1997.1
1225460 1997.1
1225470 2003.0
1225480 2016.2
1225490 2016.2
1225500 2035.5
1225510 2047.7
1225520 2047.7
1225530 2058.4
1225540 2059.2
1225550 2057.4
1225560 2075.2
1225570 2072.2
1225580 2068.2
1225590 2068.2
1225600 2071.3
1225610 2072.8
1225620 2072.8
1225630 2072.9
1225640 2071.6
1225650 2071.6
1225660 2073.9
1225670 2073.4
1225680 2073.4
1225690 2066.1
1225700 2066.9
1225710 2066.9
1225720 2074.2
1225730 2085.4
1225740 2085.4
1225750 2099.2
1225760 2109.6
1225770 2109.6
1225780 2131.5
1225790 2153.7
1225800 2160.3
1225810 2160.3
1225820 2174.2
1225830 2191.6
1225840 2191.6
1225850 2193.4
1225860 2200.2
1225870 2200.2
1225880 2218.2
1225890 2235.7
1225900 2235.7
1225910 2251.2
1225920 2261.4
1225930 2261.4
1225940 2270.5
1225950 2278.3
1225960 2278.3
1225970 2286.9
1225980 2295.4
1225990 2295.4
1226000 2303.1
1226010 2311.6
1226020 2320.9
1226030 2320.9
1226040 2329.9
1226050 2338.4
1226060 2338.4
1226070 2344.1
1226080 2350.0
1226090 2350.0
1226100 2353.8
1226110 2355.7
1226120 2355.7
1226130 2356.8
1226140 2357.3
1226150 2357.3
1226160 2357.8
1226170 2360.7
1226180 2360.7
1226190 2369.6
1226200 2377.5
1226210 2377.5
1226220 2387.0
1226230 2399.6
1226240 2399.6
1226250 2412.7
1226260 2426.3
1226270 2443.0
1226280 2443.0
1226290 2459.5
1226300 2469.4
1226310 2469.4
1226320 2478.5
1226330 2484.9
1226340 2484.9
1226350 2491.2
1226360 2497.6
1226370 2497.6
1226380 2502.2
1226390 2507.7
1226400 2507.7
1226410 2513.3
1226420 2521.9
1226430 2521.9
1226440 2530.6
1226450 2536.7
1226460 2536.7
1226470 2542.8
1226480 2550.2
1226490 2558.8
1226500 2558.8
1226510 2567.1
1226520 2570.6
1226530 2570.6
1226540 2573.7
1226550 2576.7
1226560 2576.7
1226570 2584.1
1226580 2589.3
1226590 2589.3
1226600 2593.8
1226610 2600.0
1226620 2600.0
1226630 2608.0
1226640 2616.0
1226650 2616.0
1226660 2624.6
1226670 2631.6
1226680 2631.6
1226690 2636.3
1226700 2641.8
1226710 2641.8
1226720 2649.3
1226730 2657.3
1226740 2664.2
1226750 2664.2
1226760 2669.1
1226770 2668.8
1226780 2668.8
1226790 2659.5
1226800 2647.6
1226810 2647.6
1226820 2636.4
1226830 2623.4
1226840 2623.4
1226850 2608.4
1226860 2594.8
1226870 2594.8
1226880 2589.1
1226890 2583.4
1226900 2583.4
1226910 2572.4
1226920 2563.1
1226930 2563.1
1226940 2553.0
1226950 2543.0
1226960 2535.0
1226970 2535.0
1226980 2526.5
1226990 2517.6
1227000 2517.6
1227010 2507.6
1227020 2497.5
1227030 2497.5
1227040 2492.1
1227050 2486.8
1227060 2486.8
1227070 2483.3
1227080 2480.8
1227090 2480.8
1227100 2478.1
1227110 2475.6
1227120 2475.6
1227130 2473.3
1227140 2471.3
1227150 2471.3
1227160 2469.0
1227170 2466.9
1227180 2466.9
1227190 2465.3
1227200 2463.9
1227210 2462.4
1227220 2462.4
1227230 2460.9
1227240 2458.5
1227250 2458.5
1227260 2456.2
1227270 2453.8
1227280 2453.8
1227290 2451.1
1227300 2449.3
1227310 2449.3
1227320 2448.5
1227330 2447.8
1227340 2447.8
1227350 2446.3
1227360 2445.2
1227370 2445.2
1227380 2446.1
1227390 2447.0
1227400 2447.0
1227410 2447.1
1227420 2447.0
1227430 2446.2
1227440 2446.2
1227450 2445.2
1227460 2443.9
1227470 2443.9
1227480 2443.3
1227490 2442.2
1227500 2442.2
1227510 2441.7
1227520 2441.9
1227530 2448.3
1227540 2447.9
1227550 2447.3
1227560 2447.3
1227570 2446.7
1227580 2445.2
1227590 2445.2
1227600 2439.8
1227610 2433.1
1227620 2433.1
1227630 2427.0
1227640 2421.0
1227650 2421.0
1227660 2415.2
1227670 2409.2
1227680 2402.3
1227690 2402.3
1227700 2393.9
1227710 2385.7
1227720 2385.7
1227730 2378.3
1227740 2373.1
1227750 2373.1
1227760 2369.0
1227770 2361.7
1227780 2361.7
1227790 2352.1
1227800 2346.3
1227810 2346.3
1227820 2340.9
1227830 2332.8
1227840 2332.8
1227850 2325.8
1227860 2320.9
1227870 2320.9
1227880 2315.6
1227890 2310.3
1227900 2305.2
1227910 2305.2
1227920 2300.1
1227930 2293.5
1227940 2293.5
1227950 2285.2
1227960 2276.8
1227970 2276.8
1227980 2268.6
1227990 2259.0
1228000 2259.0
1228010 2249.1
1228020 2239.6
1228030 2243.6
1228040 2237.5
1228050 2233.7
1228060 2233.7
1228070 2229.8
1228080 2228.1
1228090 2228.1
1228100 2224.4
1228110 2220.3
1228120 2220.3
1228130 2216.7
1228140 2213.0
1228150 2209.0
1228160 2209.0
1228170 2205.1
1228180 2201.0
1228190 2201.0
1228200 2196.8
1228210 2192.5
1228220 2192.5
1228230 2188.2
1228240 2184.4
1228250 2184.4
1228260 2180.5
1228270 2176.4
1228280 2176.4
1228290 2172.8
1228300 2169.9
1228310 2169.9
1228320 2167.9
1228330 2166.8
1228340 2166.8
1228350 2165.0
1228360 2163.0
1228370 2160.3
1228380 2160.3
1228390 2156.2
1228400 2151.0
1228410 2151.0
1228420 2147.0
1228430 2145.6
1228440 2145.6
1228450 2144.5
1228460 2144.1
1228470 2144.1
1228480 2144.3
1228490 2144.4
1228500 2144.4
1228510 2144.5
1228520 2144.4
1228530 2144.4
1228540 2144.4
1228550 2144.4
1228560 2144.4
1228570 2144.4
1228580 2144.5
1228590 2144.5
1228600 2144.7
1228610 2144.6
1228620 2144.6
1228630 2144.6
1228640 2144.4
1228650 2144.9
1228660 2144.9
1228670 2146.9
1228680 2147.8
1228690 2147.8
1228700 2150.9
1228710 2155.6
1228720 2155.6
1228730 2160.0
1228740 2163.4
1228750 2163.4
1228760 2166.5
1228770 2170.5
1228780 2170.5
1228790 2174.9
1228800 2178.3
1228810 2178.3
1228820 2178.4
1228830 2177.4
1228840 2178.1
1228850 2178.1
1228860 2179.0
1228870 2180.2
1228880 2180.2
1228890 2181.7
1228900 2183.2
1228910 2183.2
1228920 2184.8
1228930 2186.4
1228940 2186.4
1228950 2187.4
1228960 2188.6
1228970 2188.6
1228980 2189.9
1228990 2190.9
1229000 2190.9
1229010 2195.1
1229020 2197.6
1229030 2197.6
1229040 2202.9
1229050 2208.1
1229060 2208.1
1229070 2213.1
1229080 2218.0
1229090 2223.0
1229100 2223.0
1229110 2228.2
1229120 2233.0
1229130 2233.0
1229140 2236.4
1229150 2240.4
1229160 2240.4
1229170 2245.9
1229180 2251.8
1229190 2251.8
1229200 2258.0
1229210 2264.7
1229220 2264.7
1229230 2272.1
1229240 2279.4
1229250 2279.4
1229260 2287.2
1229270 2294.7
1229280 2294.7
1229290 2301.3
1229300 2306.7
1229310 2311.2
1229320 2311.2
1229330 2314.6
1229340 2317.0
1229350 2317.0
1229360 2320.8
1229370 2324.9
1229380 2324.9
1229390 2329.1
1229400 2332.9
1229410 2332.9
1229420 2337.0
1229430 2340.7
1229440 2340.7
1229450 2344.4
1229460 2348.4
1229470 2348.4
1229480 2352.4
1229490 2356.3
1229500 2356.3
1229510 2360.0
1229520 2361.3
1229530 2361.3
1229540 2365.2
1229550 2369.6
1229560 2374.2
1229570 2374.2
1229580 2378.6
1229590 2382.6
1229600 2382.6
1229610 2386.5
1229620 2389.8
1229630 2389.8
1229640 2391.9
1229650 2394.2
1229660 2394.2
1229670 2396.3
1229680 2397.7
1229690 2397.7
1229700 2399.9
1229710 2401.5
1229720 2401.5
1229730 2402.5
1229740 2403.5
1229750 2403.5
1229760 2403.5
1229770 2405.7
1229780 2409.3
1229790 2409.3
1229800 2412.3
1229810 2414.5
1229820 2414.5
1229830 2416.6
1229840 2418.6
1229850 2418.6
1229860 2420.6
1229870 2422.8
1229880 2422.8
1229890 2424.8
1229900 2427.0
1229910 2427.0
1229920 2429.6
1229930 2432.4
1229940 2432.4
1229950 2435.2
1229960 2437.8
1229970 2437.8
1229980 2440.3
1229990 2442.1
1230000 2442.1
1230010 2439.2
1230020 2440.3
1230030 2441.3
1230040 2441.3
1230050 2442.6
1230060 2443.9
1230070 2443.9
1230080 2445.3
1230090 2446.6
1230100 2446.6
1230110 2448.0
1230120 2449.6
1230130 2449.6
1230140 2451.2
1230150 2452.9
1230160 2452.9
1230170 2454.7
1230180 2457.8
1230190 2457.8
1230200 2461.4
1230210 2464.4
1230220 2464.4
1230230 2467.1
1230240 2470.2
1230250 2473.4
1230260 2473.4
1230270 2477.2
1230280 2481.0
1230290 2481.0
1230300 2485.5
1230310 2490.5
1230320 2490.5
1230330 2496.0
1230340 2502.2
1230350 2502.2
1230360 2508.0
1230370 2512.1
1230380 2512.1
1230390 2515.5
1230400 2518.6
1230410 2518.6
1230420 2520.8
1230430 2523.0
1230440 2523.0
1230450 2525.7
1230460 2527.9
1230470 2527.9
1230480 2529.3
1230490 2529.7
1230500 2530.3
1230510 2526.4
1230520 2527.0
1230530 2528.9
1230540 2528.9
1230550 2530.6
1230560 2532.8
1230570 2532.8
1230580 2535.3
1230590 2537.6
1230600 2537.6
1230610 2540.4
1230620 2543.6
1230630 2543.6
1230640 2546.6
1230650 2549.3
1230660 2549.3
1230670 2552.7
1230680 2557.0
1230690 2557.0
1230700 2561.2
1230710 2565.2
1230720 2569.0
1230730 2569.0
1230740 2572.5
1230750 2576.2
1230760 2576.2
1230770 2580.3
1230780 2583.6
1230790 2583.6
1230800 2586.9
1230810 2589.7
1230820 2589.7
1230830 2592.3
1230840 2596.0
1230850 2596.0
1230860 2600.6
1230870 2605.2
1230880 2605.2
1230890 2609.2
1230900 2612.5
1230910 2612.5
1230920 2615.7
1230930 2620.0
1230940 2620.0
1230950 2625.5
1230960 2631.5
1230970 2637.9
1230980 2637.9
1230990 2643.7
1231000 2648.1
1231010 2641.8
1231020 2646.0
1231030 2651.9
1231040 2651.9
1231050 2657.6
1231060 2662.6
1231070 2662.6
1231080 2670.0
1231090 2676.9
1231100 2676.9
1231110 2686.1
1231120 2694.5
1231130 2694.5
1231140 2701.0
1231150 2707.4
1231160 2707.4
1231170 2713.5
1231180 2718.9
1231190 2724.7
1231200 2724.7
1231210 2730.9
1231220 2737.7
1231230 2737.7
1231240 2744.8
1231250 2748.5
1231260 2748.5
1231270 2748.0
1231280 2745.8
1231290 2745.8
1231300 2742.1
1231310 2738.1
1231320 2738.1
1231330 2734.1
1231340 2734.2
1231350 2734.2
1231360 2730.8
1231370 2730.0
1231380 2730.0
1231390 2728.5
1231400 2727.9
1231410 2727.9
1231420 2726.9
1231430 2726.4
1231440 2726.1
1231450 2726.1
1231460 2725.2
1231470 2726.8
1231480 2726.8
1231490 2729.5
1231500 2730.9
1231510 2730.9
1231520 2737.0
1231530 2736.9
1231540 2736.9
1231550 2737.5
1231560 2737.7
1231570 2737.7
1231580 2737.0
1231590 2736.0
1231600 2736.0
1231610 2733.1
1231620 2726.2
1231630 2726.2
1231640 2718.1
1231650 2712.1
1231660 2705.7
1231670 2705.7
1231680 2699.7
1231690 2694.4
1231700 2694.4
1231710 2689.5
1231720 2684.5
1231730 2684.5
1231740 2680.5
1231750 2677.6
1231760 2677.6
1231770 2673.5
1231780 2667.9
1231790 2667.9
1231800 2661.6
1231810 2656.2
1231820 2656.2
1231830 2650.8
1231840 2646.1
1231850 2646.1
1231860 2640.8
1231870 2636.6
1231880 2636.6
1231890 2634.4
1231900 2632.5
1231910 2631.0
1231920 2631.0
1231930 2628.3
1231940 2623.7
1231950 2623.7
1231960 2616.3
1231970 2608.0
1231980 2608.0
1231990 2601.2
1232000 2595.5
1232010 2595.5
1232020 2593.2
1232030 2588.6
1232040 2588.6
1232050 2585.0
1232060 2582.6
1232070 2582.6
1232080 2579.7
1232090 2574.4
1232100 2574.4
1232110 2565.5
1232120 2552.0
1232130 2543.9
1232140 2543.9
1232150 2534.3
1232160 2527.4
1232170 2527.4
1232180 2520.9
1232190 2513.9
1232200 2513.9
1232210 2507.1
1232220 2501.1
1232230 2501.1
1232240 2495.6
1232250 2489.0
1232260 2489.0
1232270 2480.8
1232280 2473.5
1232290 2473.5
1232300 2467.6
1232310 2462.8
1232320 2462.8
1232330 2458.5
1232340 2454.6
1232350 2454.6
1232360 2450.9
1232370 2449.0
1232380 2445.4
1232390 2445.4
1232400 2441.8
1232410 2439.1
1232420 2439.1
1232430 2437.0
1232440 2434.9
1232450 2434.9
1232460 2433.4
1232470 2433.0
1232480 2433.0
1232490 2432.0
1232500 2430.2
1232510 2430.2
1232520 2431.5
1232530 2431.2
1232540 2431.2
1232550 2429.5
1232560 2427.6
1232570 2427.6
1232580 2426.1
1232590 2424.6
1232600 2422.3
1232610 2422.3
1232620 2420.0
1232630 2417.3
1232640 2417.3
1232650 2414.1
1232660 2411.3
1232670 2411.3
1232680 2409.7
1232690 2408.8
1232700 2408.8
1232710 2407.6
1232720 2406.1
1232730 2406.1
1232740 2405.0
1232750 2404.1
1232760 2404.1
1232770 2403.1
1232780 2402.2
1232790 2402.2
1232800 2401.6
1232810 2400.8
1232820 2400.8
1232830 2399.9
1232840 2398.9
1232850 2398.5
1232860 2398.5
1232870 2399.7
1232880 2400.2
1232890 2400.2
1232900 2400.5
1232910 2400.7
1232920 2400.7
1232930 2401.4
1232940 2401.7
1232950 2401.7
1232960 2401.7
1232970 2401.3
1232980 2401.3
1232990 2400.4
1233000 2399.9
1233010 2399.9
1233020 2400.0
1233030 2403.7
1233040 2403.7
1233050 2407.3
1233060 2410.3
1233070 2411.3
1233080 2411.3
1233090 2410.7
1233100 2411.3
1233110 2411.3
1233120 2412.3
1233130 2412.6
1233140 2412.6
1233150 2413.2
1233160 2413.8
1233170 2413.8
1233180 2414.1
1233190 2414.7
1233200 2414.7
1233210 2415.6
1233220 2415.5
1233230 2415.5
1233240 2411.7
1233250 2408.5
1233260 2408.5
1233270 2404.3
1233280 2398.1
1233290 2398.1
1233300 2391.1
1233310 2384.8
1233320 2378.4
1233330 2378.4
1233340 2371.8
1233350 2365.8
1233360 2365.8
1233370 2360.4
1233380 2354.9
1233390 2354.9
1233400 2348.2
1233410 2342.1
1233420 2342.1
1233430 2338.2
1233440 2334.4
1233450 2334.4
1233460 2330.5
1233470 2326.6
1233480 2326.6
1233490 2321.8
1233500 2316.5
1233510 2316.5
1233520 2311.4
1233530 2302.9
1233540 2296.6
1233550 2296.6
1233560 2289.2
1233570 2281.8
1233580 2281.8
1233590 2274.6
1233600 2267.6
1233610 2267.6
1233620 2261.7
1233630 2256.9
1233640 2256.9
1233650 2252.5
1233660 2248.4
1233670 2248.4
1233680 2244.6
1233690 2241.3
1233700 2241.3
1233710 2238.1
1233720 2235.1
1233730 2235.1
1233740 2232.5
1233750 2230.6
1233760 2230.6
1233770 2229.3
1233780 2229.3
1233790 2229.3
1233800 2229.3
1233810 2229.5
1233820 2230.7
1233830 2230.7
1233840 2231.9
1233850 2233.2
1233860 2233.2
1233870 2235.1
1233880 2237.6
1233890 2237.6
1233900 2241.4
1233910 2246.0
1233920 2246.0
1233930 2251.4
1233940 2257.2
1233950 2257.2
1233960 2263.9
1233970 2270.8
1233980 2270.8
1233990 2278.2
1234000 2286.9
1234010 2294.0
1234020 2294.0
1234030 2300.8
1234040 2310.1
1234050 2310.1
1234060 2316.6
1234070 2322.5
1234080 2322.5
1234090 2329.0
1234100 2336.4
1234110 2336.4
1234120 2344.4
1234130 2352.2
1234140 2352.2
1234150 2359.5
1234160 2366.5
1234170 2366.5
1234180 2373.4
1234190 2383.2
1234200 2383.2
1234210 2390.6
1234220 2396.7
1234230 2396.7
1234240 2404.1
1234250 2411.6
1234260 2419.4
1234270 2419.4
1234280 2428.2
1234290 2440.9
1234300 2440.9
1234310 2457.4
1234320 2480.0
1234330 2480.0
1234340 2490.7
1234350 2499.6
1234360 2499.6
1234370 2507.7
1234380 2515.5
1234390 2515.5
1234400 2523.1
1234410 2532.8
1234420 2532.8
1234430 2543.9
1234440 2552.2
1234450 2552.2
1234460 2559.1
1234470 2566.1
1234480 2573.0
1234490 2573.0
1234500 2580.1
1234510 2587.9
1234520 2587.9
1234530 2599.6
1234540 2610.0
1234550 2612.7
1234560 2622.0
1234570 2630.2
1234580 2630.2
1234590 2637.3
1234600 2645.6
1234610 2645.6
1234620 2654.2
1234630 2662.6
1234640 2662.6
1234650 2670.1
1234660 2676.8
1234670 2676.8
1234680 2684.3
1234690 2691.6
1234700 2691.6
1234710 2698.9
1234720 2706.4
1234730 2714.0
1234740 2714.0
1234750 2721.7
1234760 2729.3
1234770 2729.3
1234780 2737.6
1234790 2746.4
1234800 2746.4
1234810 2755.1
1234820 2763.3
1234830 2763.3
1234840 2771.0
1234850 2771.5
1234860 2771.5
1234870 2762.0
1234880 2753.1
1234890 2753.1
1234900 2746.2
1234910 2739.6
1234920 2739.6
1234930 2733.6
1234940 2729.0
1234950 2726.3
1234960 2726.3
1234970 2724.6
1234980 2722.4
1234990 2722.4
1235000 2720.3
1235010 2718.4
1235020 2718.4
1235030 2716.6
1235040 2715.6
1235050 2715.6
1235060 2715.9
1235070 2715.8
1235080 2715.8
1235090 2717.1
1235100 2722.8
1235110 2722.8
1235120 2729.2
1235130 2732.1
1235140 2732.1
1235150 2733.3
1235160 2732.1
1235170 2732.1
1235180 2728.0
1235190 2727.4
1235200 2727.6
1235210 2727.6
1235220 2728.5
1235230 2731.3
1235240 2731.3
1235250 2734.7
1235260 2739.9
1235270 2739.9
1235280 2746.0
1235290 2753.7
1235300 2753.7
1235310 2762.7
1235320 2771.7
1235330 2771.7
1235340 2779.5
1235350 2789.8
1235360 2789.8
1235370 2795.2
1235380 2796.9
1235390 2796.9
1235400 2801.8
1235410 2809.7
1235420 2818.0
1235430 2818.0
1235440 2826.6
1235450 2825.7
1235460 2825.7
1235470 2819.8
1235480 2810.9
1235490 2810.9
1235500 2799.3
1235510 2787.6
1235520 2787.6
1235530 2775.0
1235540 2761.9
1235550 2761.9
1235560 2754.3
1235570 2747.9
1235580 2747.9
1235590 2741.9
1235600 2736.3
1235610 2736.3
1235620 2731.0
1235630 2726.6
1235640 2726.6
1235650 2722.8
1235660 2718.9
1235670 2715.1
1235680 2715.1
1235690 2712.0
1235700 2708.0
1235710 2708.0
1235720 2704.6
1235730 2702.8
1235740 2702.8
1235750 2700.4
1235760 2693.9
1235770 2693.9
1235780 2683.8
1235790 2675.7
1235800 2675.7
1235810 2669.4
1235820 2663.3
1235830 2663.3
1235840 2656.9
1235850 2649.9
1235860 2649.9
1235870 2642.7
1235880 2635.6
1235890 2628.7
1235900 2628.7
1235910 2621.4
1235920 2614.1
1235930 2614.1
1235940 2605.9
1235950 2598.8
1235960 2598.8
1235970 2593.1
1235980 2588.4
1235990 2588.4
1236000 2583.7
1236010 2579.1
1236020 2579.1
1236030 2574.9
1236040 2570.6
1236050 2570.6
1236060 2566.3
1236070 2562.1
1236080 2561.5
1236090 2558.1
1236100 2556.6
1236110 2556.6
1236120 2556.5
1236130 2554.2
1236140 2551.5
1236150 2551.5
1236160 2548.1
1236170 2544.9
1236180 2544.9
1236190 2543.8
1236200 2540.8
1236210 2540.8
1236220 2535.3
1236230 2527.6
1236240 2527.6
1236250 2516.8
1236260 2509.4
1236270 2509.4
1236280 2505.6
1236290 2502.9
1236300 2502.9
1236310 2500.4
1236320 2498.4
1236330 2498.4
1236340 2497.1
1236350 2495.3
1236360 2494.5
1236370 2494.5
1236380 2495.5
1236390 2496.7
1236400 2496.7
1236410 2494.3
1236420 2488.6
1236430 2488.6
1236440 2483.7
1236450 2480.5
1236460 2480.5
1236470 2478.1
1236480 2477.0
1236490 2477.0
1236500 2475.1
1236510 2472.5
1236520 2472.5
1236530 2469.6
1236540 2466.7
1236550 2466.7
1236560 2464.8
1236570 2463.1
1236580 2463.1
1236590 2458.9
1236600 2456.9
1236610 2453.7
1236620 2453.7
1236630 2449.3
1236640 2443.7
1236650 2443.7
1236660 2437.9
1236670 2432.6
1236680 2432.6
1236690 2428.7
1236700 2425.4
1236710 2425.4
1236720 2421.6
1236730 2417.6
1236740 2417.6
1236750 2413.5
1236760 2409.4
1236770 2409.4
1236780 2406.1
1236790 2402.7
1236800 2402.7
1236810 2399.9
1236820 2397.8
1236830 2395.5
1236840 2395.5
1236850 2392.3
1236860 2388.4
1236870 2388.4
1236880 2384.1
1236890 2379.8
1236900 2379.8
1236910 2375.3
1236920 2370.2
1236930 2370.2
1236940 2364.8
1236950 2358.7
1236960 2358.7
1236970 2351.7
1236980 2344.8
1236990 2344.8
1237000 2338.0
1237010 2331.0
1237020 2331.0
1237030 2323.8
1237040 2316.9
1237050 2316.9
1237060 2309.9
1237070 2304.2
1237080 2298.5
1237090 2298.5
1237100 2290.3
1237110 2285.2
1237120 2285.2
1237130 2280.0
1237140 2275.0
1237150 2275.0
1237160 2270.5
1237170 2266.2
1237180 2266.2
1237190 2262.9
1237200 2259.0
1237210 2259.0
1237220 2254.3
1237230 2249.8
1237240 2249.8
1237250 2246.8
1237260 2244.9
1237270 2244.9
1237280 2245.1
1237290 2248.5
1237300 2250.5
1237310 2250.5
1237320 2252.7
1237330 2252.0
1237340 2252.0
1237350 2248.7
1237360 2245.7
1237370 2245.7
1237380 2241.6
1237390 2235.5
1237400 2235.5
1237410 2230.5
1237420 2224.8
1237430 2224.8
1237440 2218.5
1237450 2212.7
1237460 2212.7
1237470 2207.2
1237480 2200.8
1237490 2200.8
1237500 2193.1
1237510 2185.0
1237520 2185.0
1237530 2176.8
1237540 2168.5
1237550 2159.9
1237560 2159.9
1237570 2151.5
1237580 2143.7
1237590 2143.7
1237600 2137.4
1237610 2131.6
1237620 2131.6
1237630 2125.2
1237640 2118.9
1237650 2118.9
1237660 2112.5
1237670 2105.7
1237680 2105.7
1237690 2097.9
1237700 2089.0
1237710 2089.0
1237720 2079.3
1237730 2071.3
1237740 2071.3
1237750 2065.8
1237760 2061.6
1237770 2056.7
1237780 2056.7
1237790 2049.1
1237800 2040.2
1237810 2040.2
1237820 2031.7
1237830 2022.8
1237840 2022.8
1237850 2015.6
1237860 2011.6
1237870 2011.6
1237880 2008.1
1237890 2004.5
1237900 2004.5
1237910 2000.6
1237920 1996.0
1237930 1996.0
1237940 1991.9
1237950 1989.2
1237960 1989.2
1237970 1987.4
1237980 1985.6
1237990 1985.6
1238000 1982.6
1238010 1978.6
1238020 1973.1
1238030 1973.1
1238040 1968.5
1238050 1965.3
1238060 1965.3
1238070 1962.7
1238080 1960.0
1238090 1960.0
1238100 1957.3
1238110 1954.9
1238120 1954.9
1238130 1950.2
1238140 1947.9
1238150 1947.9
1238160 1945.1
1238170 1942.2
1238180 1942.2
1238190 1939.1
1238200 1935.5
1238210 1935.5
1238220 1931.6
1238230 1928.1
1238240 1923.9
1238250 1923.9
1238260 1919.4
1238270 1914.9
1238280 1914.9
1238290 1912.1
1238300 1908.8
1238310 1908.8
1238320 1905.3
1238330 1902.8
1238340 1902.8
1238350 1901.8
1238360 1901.7
1238370 1901.7
1238380 1900.2
1238390 1898.5
1238400 1898.5
1238410 1897.7
1238420 1897.3
1238430 1897.3
1238440 1896.4
1238450 1895.4
1238460 1895.4
1238470 1894.5
1238480 1894.2
1238490 1893.1
1238500 1893.1
1238510 1890.7
1238520 1888.1
1238530 1888.1
1238540 1885.1
1238550 1881.3
1238560 1881.3
1238570 1877.0
1238580 1872.7
1238590 1872.7
1238600 1871.3
1238610 1871.8
1238620 1871.8
1238630 1869.2
1238640 1868.8
1238650 1868.8
1238660 1865.2
1238670 1860.7
1238680 1860.7
1238690 1855.9
1238700 1851.5
1238710 1848.1
1238720 1848.1
1238730 1844.9
1238740 1841.8
1238750 1841.8
1238760 1838.2
1238770 1835.1
1238780 1835.1
1238790 1833.0
1238800 1831.8
1238810 1831.8
1238820 1831.7
1238830 1832.3
1238840 1832.3
1238850 1832.0
1238860 1831.2
1238870 1831.2
1238880 1830.9
1238890 1830.4
1238900 1830.4
1238910 1829.6
1238920 1828.5
1238930 1828.5
1238940 1826.8
1238950 1824.3
1238960 1821.7
1238970 1821.7
1238980 1818.9
1238990 1816.1
1239000 1816.1
1239010 1813.4
1239020 1810.4
1239030 1810.4
1239040 1807.5
1239050 1803.9
1239060 1803.9
1239070 1799.9
1239080 1795.8
1239090 1795.8
1239100 1792.3
1239110 1789.1
1239120 1789.1
1239130 1785.8
1239140 1780.8
1239150 1780.8
1239160 1779.2
1239170 1773.3
1239180 1767.6
1239190 1767.6
1239200 1759.7
1239210 1752.3
1239220 1752.3
1239230 1745.6
1239240 1740.8
1239250 1740.8
1239260 1737.3
1239270 1732.4
1239280 1732.4
1239290 1726.1
1239300 1718.8
1239310 1718.8
1239320 1711.2
1239330 1704.4
1239340 1704.4
1239350 1698.5
1239360 1692.5
1239370 1692.5
1239380 1686.0
1239390 1679.7
1239400 1679.7
1239410 1673.4
1239420 1667.5
1239430 1660.6
1239440 1660.6
1239450 1653.5
1239460 1646.6
1239470 1646.6
1239480 1640.1
1239490 1635.7
1239500 1635.7
1239510 1634.1
1239520 1630.6
1239530 1630.6
1239540 1625.3
1239550 1620.1
1239560 1620.1
1239570 1615.0
1239580 1609.7
1239590 1609.7
1239600 1604.0
1239610 1598.3
1239620 1598.3
1239630 1594.8
1239640 1593.5
1239650 1593.4
1239660 1593.4
1239670 1593.5
1239680 1593.5
1239690 1593.5
1239700 1593.4
1239710 1593.4
1239720 1593.4
1239730 1593.4
1239740 1593.4
1239750 1593.4
1239760 1593.4
1239770 1593.7
1239780 1593.7
1239790 1594.2
1239800 1593.3
1239810 1593.3
1239820 1593.5
1239830 1593.6
1239840 1593.6
1239850 1593.6
1239860 1593.6
1239870 1593.6
1239880 1593.7
1239890 1593.8
1239900 1594.1
1239910 1594.1
1239920 1594.5
1239930 1595.3
1239940 1595.3
1239950 1596.1
1239960 1597.1
1239970 1597.1
1239980 1598.3
1239990 1600.0
