1220000 2217.5
1220010 2223.6
1220020 2230.6
1220030 2230.6
1220040 2238.4
1220050 2247.0
1220060 2247.0
1220070 2255.1
1220080 2262.0
1220090 2262.0
1220100 2271.3
1220110 2278.7
1220120 2278.7
1220130 2283.3
1220140 2287.3
1220150 2287.3
1220160 2292.2
1220170 2298.3
1220180 2298.3
1220190 2303.9
1220200 2309.7
1220210 2309.7
1220220 2315.7
1220230 2321.1
1220240 2321.1
1220250 2326.2
1220260 2330.0
1220270 2334.0
1220280 2334.0
1220290 2337.8
1220300 2341.0
1220310 2341.0
1220320 2343.2
1220330 2344.1
1220340 2344.1
1220350 2343.8
1220360 2343.8
1220370 2343.8
1220380 2344.9
1220390 2347.0
1220400 2347.0
1220410 2349.5
1220420 2350.7
1220430 2350.7
1220440 2351.8
1220450 2351.0
1220460 2351.0
1220470 2349.7
1220480 2348.3
1220490 2345.6
1220500 2345.6
1220510 2341.8
1220520 2337.9
1220530 2337.9
1220540 2334.1
1220550 2329.8
1220560 2329.8
1220570 2325.8
1220580 2321.8
1220590 2321.8
1220600 2318.1
1220610 2314.8
1220620 2314.8
1220630 2312.3
1220640 2310.4
1220650 2310.4
1220660 2309.2
1220670 2309.5
1220680 2309.5
1220690 2310.3
1220700 2310.2
1220710 2310.2
1220720 2309.3
1220730 2308.4
1220740 2306.7
1220750 2306.7
1220760 2304.3
1220770 2301.9
1220780 2301.9
1220790 2300.3
1220800 2298.7
1220810 2298.7
1220820 2296.8
1220830 2294.9
1220840 2294.9
1220850 2293.0
1220860 2290.9
1220870 2290.9
1220880 2288.6
1220890 2285.9
1220900 2285.9
1220910 2282.8
1220920 2279.8
1220930 2274.3
1220940 2271.1
1220950 2267.9
1220960 2264.7
1220970 2264.7
1220980 2261.3
1220990 2257.6
1221000 2257.6
1221010 2253.9
1221020 2250.9
1221030 2250.9
1221040 2247.7
1221050 2244.1
1221060 2244.1
1221070 2240.5
1221080 2237.1
1221090 2237.1
1221100 2233.5
1221110 2230.0
1221120 2230.0
1221130 2226.5
1221140 2222.5
1221150 2222.5
1221160 2218.4
1221170 2214.6
1221180 2214.6
1221190 2211.2
1221200 2207.6
1221210 2204.0
1221220 2204.0
1221230 2200.0
1221240 2195.6
1221250 2195.6
1221260 2191.4
1221270 2188.2
1221280 2188.2
1221290 2185.5
1221300 2183.5
1221310 2183.5
1221320 2181.6
1221330 2180.0
1221340 2180.0
1221350 2178.6
1221360 2177.1
1221370 2177.1
1221380 2175.3
1221390 2172.6
1221400 2172.6
1221410 2167.1
1221420 2168.9
1221430 2170.9
1221440 2170.9
1221450 2171.0
1221460 2169.5
1221470 2169.5
1221480 2167.6
1221490 2165.2
1221500 2165.2
1221510 2163.1
1221520 2160.9
1221530 2160.9
1221540 2158.6
1221550 2155.6
1221560 2155.6
1221570 2152.1
1221580 2148.7
1221590 2148.7
1221600 2145.6
1221610 2142.5
1221620 2142.5
1221630 2139.3
1221640 2136.3
1221650 2136.3
1221660 2133.1
1221670 2129.8
1221680 2126.4
1221690 2126.4
1221700 2123.3
1221710 2120.6
1221720 2120.6
1221730 2117.4
1221740 2114.2
1221750 2114.2
1221760 2111.0
1221770 2107.8
1221780 2107.8
1221790 2104.4
1221800 2101.1
1221810 2101.1
1221820 2097.7
1221830 2094.5
1221840 2094.5
1221850 2091.4
1221860 2088.0
1221870 2088.0
1221880 2084.3
1221890 2076.0
1221900 2072.4
1221910 2072.4
1221920 2068.8
1221930 2065.7
1221940 2065.7
1221950 2062.9
1221960 2060.8
1221970 2060.8
1221980 2058.4
1221990 2055.8
1222000 2055.8
1222010 2052.4
1222020 2049.5
1222030 2049.5
1222040 2046.4
1222050 2042.7
1222060 2042.7
1222070 2039.3
1222080 2036.4
1222090 2036.4
1222100 2032.0
1222110 2026.0
1222120 2026.0
1222130 2020.6
1222140 2016.2
1222150 2011.0
1222160 2011.0
1222170 2006.2
1222180 2001.6
1222190 2001.6
1222200 1997.3
1222210 1994.6
1222220 1994.6
1222230 1991.6
1222240 1987.2
1222250 1987.2
1222260 1988.3
1222270 1989.1
1222280 1989.1
1222290 1989.8
1222300 1986.9
1222310 1986.9
1222320 1982.3
1222330 1977.4
1222340 1977.4
1222350 1974.7
1222360 1973.9
1222370 1966.6
1222380 1966.6
1222390 1959.3
1222400 1946.5
1222410 1946.5
1222420 1938.8
1222430 1935.3
1222440 1935.3
1222450 1933.7
1222460 1938.3
1222470 1938.3
1222480 1944.8
1222490 1949.4
1222500 1949.4
1222510 1948.9
1222520 1946.5
1222530 1946.5
1222540 1942.5
1222550 1937.2
1222560 1937.2
1222570 1937.6
1222580 1938.1
1222590 1938.1
1222600 1936.0
1222610 1932.9
1222620 1930.7
1222630 1930.7
1222640 1929.2
1222650 1923.9
1222660 1923.9
1222670 1920.0
1222680 1917.0
1222690 1917.0
1222700 1911.4
1222710 1907.2
1222720 1907.2
1222730 1903.6
1222740 1896.8
1222750 1896.8
1222760 1889.7
1222770 1889.4
1222780 1889.4
1222790 1888.1
1222800 1885.9
1222810 1885.9
1222820 1883.7
1222830 1882.3
1222840 1881.4
1222850 1881.4
1222860 1872.0
1222870 1869.3
1222880 1869.3
1222890 1866.4
1222900 1863.8
1222910 1863.8
1222920 1861.0
1222930 1858.5
1222940 1858.5
1222950 1855.1
1222960 1851.1
1222970 1851.1
1222980 1847.0
1222990 1844.2
1223000 1844.2
1223010 1841.5
1223020 1839.2
1223030 1839.2
1223040 1838.0
1223050 1836.6
1223060 1836.6
1223070 1835.2
1223080 1833.7
1223090 1831.4
1223100 1831.4
1223110 1829.1
1223120 1827.4
1223130 1827.4
1223140 1825.8
1223150 1824.2
1223160 1824.2
1223170 1822.4
1223180 1820.9
1223190 1820.9
1223200 1817.6
1223210 1811.8
1223220 1811.8
1223230 1807.2
1223240 1805.2
1223250 1805.2
1223260 1805.2
1223270 1804.2
1223280 1804.2
1223290 1801.4
1223300 1796.8
1223310 1792.0
1223320 1792.0
1223330 1788.5
1223340 1780.5
1223350 1780.5
1223360 1778.8
1223370 1777.8
1223380 1777.8
1223390 1777.6
1223400 1780.2
1223410 1780.2
1223420 1779.3
1223430 1776.6
1223440 1776.6
1223450 1773.8
1223460 1773.4
1223470 1773.4
1223480 1771.9
1223490 1771.6
1223500 1771.6
1223510 1770.3
1223520 1768.8
1223530 1768.8
1223540 1767.0
1223550 1765.2
1223560 1763.7
1223570 1763.7
1223580 1762.8
1223590 1762.2
1223600 1762.2
1223610 1762.5
1223620 1763.5
1223630 1763.5
1223640 1763.7
1223650 1761.0
1223660 1761.0
1223670 1755.4
1223680 1750.4
1223690 1750.4
1223700 1744.6
1223710 1742.4
1223720 1742.4
1223730 1740.9
1223740 1739.0
1223750 1739.0
1223760 1738.0
1223770 1737.3
1223780 1735.5
1223790 1735.5
1223800 1734.5
1223810 1736.0
1223820 1736.0
1223830 1739.3
1223840 1742.6
1223850 1742.6
1223860 1745.2
1223870 1747.2
1223880 1747.2
1223890 1749.4
1223900 1751.2
1223910 1751.2
1223920 1752.3
1223930 1752.6
1223940 1752.6
1223950 1752.7
1223960 1752.9
1223970 1752.9
1223980 1754.0
1223990 1756.1
1224000 1756.1
1224010 1759.0
1224020 1761.2
1224030 1763.7
1224040 1763.7
1224050 1768.1
1224060 1771.8
1224070 1771.8
1224080 1773.5
1224090 1775.5
1224100 1775.5
1224110 1777.6
1224120 1779.5
1224130 1779.5
1224140 1782.0
1224150 1784.9
1224160 1784.9
1224170 1788.6
1224180 1792.3
1224190 1792.3
1224200 1796.7
1224210 1801.0
1224220 1801.0
1224230 1804.8
1224240 1808.0
1224250 1810.9
1224260 1810.9
1224270 1812.7
1224280 1815.1
1224290 1815.1
1224300 1817.0
1224310 1819.8
1224320 1825.4
1224330 1828.6
1224340 1831.6
1224350 1831.6
1224360 1834.7
1224370 1838.1
1224380 1838.1
1224390 1841.2
1224400 1843.8
1224410 1843.8
1224420 1846.1
1224430 1848.5
1224440 1848.5
1224450 1850.9
1224460 1850.6
1224470 1850.6
1224480 1852.4
1224490 1860.8
1224500 1867.8
1224510 1867.8
1224520 1873.7
1224530 1880.6
1224540 1880.6
1224550 1885.6
1224560 1891.0
1224570 1891.0
1224580 1894.4
1224590 1897.2
1224600 1897.2
1224610 1900.9
1224620 1904.3
1224630 1904.3
1224640 1906.9
1224650 1909.0
1224660 1909.0
1224670 1910.9
1224680 1912.2
1224690 1912.2
1224700 1913.4
1224710 1916.3
1224720 1919.0
1224730 1919.0
1224740 1921.0
1224750 1922.8
1224760 1922.8
1224770 1924.6
1224780 1926.8
1224790 1926.8
1224800 1929.2
1224810 1934.4
1224820 1934.4
1224830 1936.3
1224840 1939.1
1224850 1939.1
1224860 1940.2
1224870 1941.2
1224880 1941.2
1224890 1942.5
1224900 1943.4
1224910 1943.4
1224920 1944.0
1224930 1944.5
1224940 1944.5
1224950 1945.1
1224960 1946.5
1224970 1948.2
1224980 1948.2
1224990 1950.2
1225000 1952.8
1225010 1952.8
1225020 1955.5
1225030 1957.3
1225040 1957.3
1225050 1958.9
1225060 1960.0
1225070 1960.0
1225080 1961.6
1225090 1964.1
1225100 1964.1
1225110 1967.5
1225120 1970.1
1225130 1970.1
1225140 1971.5
1225150 1972.0
1225160 1972.0
1225170 1971.5
1225180 1969.2
1225190 1968.1
1225200 1968.1
1225210 1969.0
1225220 1971.1
1225230 1971.1
1225240 1973.0
1225250 1974.9
1225260 1974.9
1225270 1977.3
1225280 1979.8
1225290 1979.8
1225300 1982.3
1225310 1984.7
1225320 1984.7
1225330 1987.9
1225340 1991.0
1225350 1991.0
1225360 1993.5
1225370 1996.8
1225380 1996.8
1225390 1999.9
1225400 2003.5
1225410 2003.5
1225420 2007.1
1225430 2010.6
1225440 2014.5
1225450 2014.5
1225460 2018.2
1225470 2021.9
1225480 2021.9
1225490 2025.8
1225500 2030.2
1225510 2030.2
1225520 2034.5
1225530 2038.8
1225540 2038.8
1225550 2043.1
1225560 2047.3
1225570 2047.3
1225580 2051.7
1225590 2056.1
1225600 2056.1
1225610 2060.9
1225620 2065.6
1225630 2065.6
1225640 2070.3
1225650 2075.1
1225660 2079.8
1225670 2079.8
1225680 2084.5
1225690 2089.6
1225700 2089.6
1225710 2094.8
1225720 2100.3
1225730 2100.3
1225740 2105.9
1225750 2111.6
1225760 2111.6
1225770 2117.4
1225780 2123.2
1225790 2121.3
1225800 2125.9
1225810 2130.9
1225820 2130.9
1225830 2136.8
1225840 2142.8
1225850 2142.8
1225860 2148.4
1225870 2153.3
1225880 2158.0
1225890 2158.0
1225900 2162.2
1225910 2167.1
1225920 2167.1
1225930 2173.0
1225940 2180.0
1225950 2180.0
1225960 2189.3
1225970 2199.5
1225980 2199.5
1225990 2211.0
1226000 2224.8
1226010 2224.8
1226020 2235.6
1226030 2242.2
1226040 2242.2
1226050 2247.9
1226060 2252.7
1226070 2252.7
1226080 2256.4
1226090 2262.0
1226100 2262.0
1226110 2269.0
1226120 2277.0
1226130 2282.5
1226140 2282.5
1226150 2289.7
1226160 2299.6
1226170 2299.6
1226180 2309.9
1226190 2319.4
1226200 2319.4
1226210 2324.4
1226220 2326.7
1226230 2326.7
1226240 2333.8
1226250 2341.3
1226260 2341.3
1226270 2348.5
1226280 2362.9
1226290 2362.9
1226300 2368.3
1226310 2379.0
1226320 2379.0
1226330 2387.8
1226340 2396.8
1226350 2410.6
1226360 2410.6
1226370 2424.4
1226380 2436.6
1226390 2436.6
1226400 2450.2
1226410 2462.8
1226420 2462.8
1226430 2473.8
1226440 2481.1
1226450 2481.1
1226460 2483.4
1226470 2490.4
1226480 2490.4
1226490 2500.5
1226500 2514.1
1226510 2514.1
1226520 2526.8
1226530 2537.5
1226540 2537.5
1226550 2548.0
1226560 2560.3
1226570 2560.3
1226580 2569.1
1226590 2578.1
1226600 2587.1
1226610 2587.1
1226620 2593.9
1226630 2598.3
1226640 2598.3
1226650 2602.7
1226660 2607.1
1226670 2607.1
1226680 2607.9
1226690 2613.6
1226700 2613.6
1226710 2622.0
1226720 2631.8
1226730 2631.8
1226740 2641.1
1226750 2648.9
1226760 2648.9
1226770 2646.5
1226780 2654.8
1226790 2654.8
1226800 2663.3
1226810 2667.6
1226820 2666.5
1226830 2666.5
1226840 2665.9
1226850 2673.0
1226860 2673.0
1226870 2684.2
1226880 2697.8
1226890 2697.8
1226900 2710.2
1226910 2718.8
1226920 2718.8
1226930 2725.4
1226940 2733.2
1226950 2733.2
1226960 2743.3
1226970 2752.4
1226980 2752.4
1226990 2762.5
1227000 2771.1
1227010 2771.1
1227020 2778.6
1227030 2784.0
1227040 2784.0
1227050 2790.5
1227060 2800.2
1227070 2809.8
1227080 2809.8
1227090 2815.2
1227100 2820.2
1227110 2820.2
1227120 2828.1
1227130 2832.0
1227140 2832.0
1227150 2831.6
1227160 2834.8
1227170 2834.8
1227180 2843.3
1227190 2849.5
1227200 2849.5
1227210 2846.1
1227220 2831.7
1227230 2831.7
1227240 2814.0
1227250 2796.6
1227260 2811.4
1227270 2794.8
1227280 2777.3
1227290 2760.6
1227300 2760.6
1227310 2744.4
1227320 2726.6
1227330 2726.6
1227340 2705.6
1227350 2688.4
1227360 2688.4
1227370 2678.1
1227380 2667.5
1227390 2667.5
1227400 2657.9
1227410 2649.6
1227420 2649.6
1227430 2641.9
1227440 2635.9
1227450 2635.9
1227460 2629.5
1227470 2623.5
1227480 2623.5
1227490 2621.6
1227500 2623.9
1227510 2623.9
1227520 2608.2
1227530 2590.5
1227540 2571.1
1227550 2571.1
1227560 2561.4
1227570 2553.8
1227580 2553.8
1227590 2546.5
1227600 2539.5
1227610 2539.5
1227620 2532.6
1227630 2526.5
1227640 2526.5
1227650 2520.9
1227660 2515.0
1227670 2515.0
1227680 2509.0
1227690 2503.3
1227700 2503.3
1227710 2497.4
1227720 2491.7
1227730 2491.7
1227740 2486.7
1227750 2481.6
1227760 2478.1
1227770 2478.1
1227780 2473.1
1227790 2468.5
1227800 2468.5
1227810 2465.1
1227820 2462.2
1227830 2462.2
1227840 2459.2
1227850 2456.0
1227860 2456.0
1227870 2452.5
1227880 2449.1
1227890 2449.1
1227900 2445.3
1227910 2441.4
1227920 2441.4
1227930 2437.8
1227940 2434.8
1227950 2434.8
1227960 2432.5
1227970 2431.1
1227980 2431.1
1227990 2428.3
1228000 2424.9
1228010 2423.5
1228020 2423.5
1228030 2424.3
1228040 2423.4
1228050 2423.4
1228060 2423.6
1228070 2423.8
1228080 2423.8
1228090 2425.5
1228100 2426.0
1228110 2426.0
1228120 2423.3
1228130 2417.3
1228140 2417.3
1228150 2410.7
1228160 2405.0
1228170 2405.0
1228180 2400.9
1228190 2397.5
1228200 2397.5
1228210 2393.7
1228220 2389.6
1228230 2387.1
1228240 2387.1
1228250 2388.4
1228260 2387.7
1228270 2387.7
1228280 2385.4
1228290 2382.8
1228300 2382.8
1228310 2379.6
1228320 2374.6
1228330 2374.6
1228340 2368.6
1228350 2362.6
1228360 2362.6
1228370 2356.8
1228380 2351.2
1228390 2351.2
1228400 2346.0
1228410 2341.3
1228420 2341.3
1228430 2337.0
1228440 2333.5
1228450 2333.5
1228460 2330.8
1228470 2328.4
1228480 2324.2
1228490 2324.2
1228500 2319.9
1228510 2317.0
1228520 2317.0
1228530 2314.5
1228540 2312.4
1228550 2312.4
1228560 2310.1
1228570 2305.8
1228580 2305.8
1228590 2299.9
1228600 2293.3
1228610 2293.3
1228620 2287.2
1228630 2281.3
1228640 2281.3
1228650 2275.9
1228660 2270.6
1228670 2270.6
1228680 2265.3
1228690 2260.1
1228700 2255.2
1228710 2255.2
1228720 2250.0
1228730 2244.6
1228740 2244.6
1228750 2243.9
1228760 2238.6
1228770 2238.6
1228780 2233.2
1228790 2227.8
1228800 2227.8
1228810 2223.2
1228820 2218.4
1228830 2218.4
1228840 2212.3
1228850 2206.4
1228860 2206.4
1228870 2201.2
1228880 2196.5
1228890 2196.5
1228900 2192.2
1228910 2187.8
1228920 2187.8
1228930 2183.2
1228940 2179.4
1228950 2177.3
1228960 2177.3
1228970 2175.4
1228980 2173.8
1228990 2173.8
1229000 2172.5
1229010 2170.7
1229020 2170.7
1229030 2168.6
1229040 2167.3
1229050 2167.3
1229060 2166.9
1229070 2168.4
1229080 2168.4
1229090 2170.3
1229100 2171.2
1229110 2171.2
1229120 2172.2
1229130 2172.7
1229140 2172.7
1229150 2172.7
1229160 2172.4
1229170 2172.7
1229180 2172.7
1229190 2172.7
1229200 2173.6
1229210 2173.6
1229220 2174.2
1229230 2174.9
1229240 2175.2
1229250 2175.5
1229260 2176.6
1229270 2176.6
1229280 2177.5
1229290 2181.6
1229300 2181.6
1229310 2187.2
1229320 2193.1
1229330 2193.1
1229340 2198.3
1229350 2204.6
1229360 2204.6
1229370 2211.7
1229380 2218.5
1229390 2218.5
1229400 2224.5
1229410 2230.0
1229420 2236.6
1229430 2236.6
1229440 2243.0
1229450 2248.7
1229460 2248.7
1229470 2254.4
1229480 2259.5
1229490 2259.5
1229500 2264.3
1229510 2269.2
1229520 2269.2
1229530 2274.5
1229540 2280.5
1229550 2280.5
1229560 2286.7
1229570 2293.0
1229580 2293.0
1229590 2299.2
1229600 2304.9
1229610 2304.9
1229620 2310.4
1229630 2316.2
1229640 2322.3
1229650 2322.3
1229660 2329.0
1229670 2336.2
1229680 2336.2
1229690 2342.7
1229700 2349.1
1229710 2349.1
1229720 2355.0
1229730 2360.8
1229740 2359.0
1229750 2364.8
1229760 2370.2
1229770 2370.2
1229780 2375.7
1229790 2381.7
1229800 2381.7
1229810 2387.7
1229820 2393.6
1229830 2393.6
1229840 2399.6
1229850 2406.2
1229860 2406.2
1229870 2412.8
1229880 2419.7
1229890 2428.5
1229900 2428.5
1229910 2443.6
1229920 2455.3
1229930 2455.3
1229940 2465.0
1229950 2474.4
1229960 2474.4
1229970 2484.9
1229980 2494.4
1229990 2494.4
1230000 2508.1
1230010 2521.2
1230020 2521.2
1230030 2530.2
1230040 2541.2
1230050 2541.2
1230060 2545.3
1230070 2551.3
1230080 2551.3
1230090 2560.6
1230100 2570.5
1230110 2581.3
1230120 2581.3
1230130 2593.6
1230140 2606.6
1230150 2606.6
1230160 2618.6
1230170 2623.8
1230180 2623.8
1230190 2615.3
1230200 2607.1
1230210 2607.1
1230220 2604.5
1230230 2598.2
1230240 2604.9
1230250 2594.4
1230260 2587.9
1230270 2587.9
1230280 2582.7
1230290 2577.4
1230300 2577.4
1230310 2575.9
1230320 2575.4
1230330 2575.1
1230340 2575.1
1230350 2574.4
1230360 2573.7
1230370 2573.7
1230380 2573.8
1230390 2573.3
1230400 2573.3
1230410 2574.5
1230420 2576.3
1230430 2576.3
1230440 2578.8
1230450 2581.3
1230460 2581.3
1230470 2582.7
1230480 2584.6
1230490 2584.6
1230500 2586.8
1230510 2589.4
1230520 2589.4
1230530 2593.9
1230540 2598.8
1230550 2598.8
1230560 2603.5
1230570 2609.2
1230580 2616.1
1230590 2616.1
1230600 2623.7
1230610 2630.7
1230620 2630.7
1230630 2636.8
1230640 2641.9
1230650 2641.9
1230660 2645.6
1230670 2648.5
1230680 2648.5
1230690 2650.9
1230700 2653.2
1230710 2653.2
1230720 2654.9
1230730 2656.7
1230740 2661.3
1230750 2662.7
1230760 2663.6
1230770 2663.6
1230780 2664.1
1230790 2663.2
1230800 2662.4
1230810 2662.4
1230820 2661.9
1230830 2661.2
1230840 2661.2
1230850 2662.9
1230860 2665.9
1230870 2665.9
1230880 2668.4
1230890 2671.2
1230900 2671.2
1230910 2675.6
1230920 2679.7
1230930 2679.7
1230940 2682.9
1230950 2685.8
1230960 2685.8
1230970 2688.1
1230980 2690.3
1230990 2690.3
1231000 2692.9
1231010 2695.5
1231020 2695.5
1231030 2696.7
1231040 2696.9
1231050 2696.4
1231060 2696.4
1231070 2696.7
1231080 2696.6
1231090 2696.6
1231100 2696.8
1231110 2696.6
1231120 2696.6
1231130 2698.7
1231140 2701.3
1231150 2701.3
1231160 2702.8
1231170 2702.5
1231180 2702.5
1231190 2703.2
1231200 2706.7
1231210 2706.7
1231220 2709.2
1231230 2710.3
1231240 2714.7
1231250 2714.4
1231260 2716.7
1231270 2717.5
1231280 2717.5
1231290 2717.7
1231300 2719.1
1231310 2719.1
1231320 2719.1
1231330 2722.1
1231340 2722.1
1231350 2722.4
1231360 2722.8
1231370 2722.8
1231380 2723.2
1231390 2725.4
1231400 2725.4
1231410 2729.0
1231420 2730.1
1231430 2730.1
1231440 2731.3
1231450 2733.3
1231460 2733.3
1231470 2732.1
1231480 2732.5
1231490 2732.5
1231500 2735.8
1231510 2738.0
1231520 2738.7
1231530 2738.7
1231540 2740.2
1231550 2741.9
1231560 2741.9
1231570 2745.0
1231580 2749.4
1231590 2749.4
1231600 2753.9
1231610 2758.4
1231620 2758.4
1231630 2761.7
1231640 2762.5
1231650 2762.5
1231660 2761.2
1231670 2760.4
1231680 2760.4
1231690 2760.7
1231700 2761.4
1231710 2761.4
1231720 2762.9
1231730 2761.3
1231740 2749.4
1231750 2749.4
1231760 2742.9
1231770 2734.4
1231780 2734.4
1231790 2726.1
1231800 2724.5
1231810 2724.5
1231820 2724.1
1231830 2717.0
1231840 2717.0
1231850 2709.3
1231860 2700.9
1231870 2700.9
1231880 2690.8
1231890 2681.4
1231900 2681.4
1231910 2672.1
1231920 2659.7
1231930 2659.7
1231940 2647.3
1231950 2636.9
1231960 2636.9
1231970 2629.5
1231980 2624.1
1231990 2618.0
1232000 2618.0
1232010 2611.8
1232020 2607.7
1232030 2607.7
1232040 2602.5
1232050 2596.8
1232060 2596.8
1232070 2591.2
1232080 2585.4
1232090 2585.4
1232100 2579.8
1232110 2574.7
1232120 2574.7
1232130 2574.1
1232140 2575.4
1232150 2575.4
1232160 2574.7
1232170 2573.0
1232180 2573.0
1232190 2571.7
1232200 2571.0
1232210 2570.1
1232220 2570.1
1232230 2569.6
1232240 2572.5
1232250 2572.5
1232260 2571.2
1232270 2569.1
1232280 2569.1
1232290 2566.6
1232300 2565.1
1232310 2565.1
1232320 2565.5
1232330 2566.7
1232340 2566.7
1232350 2566.0
1232360 2564.2
1232370 2564.2
1232380 2564.5
1232390 2565.2
1232400 2565.2
1232410 2565.7
1232420 2564.1
1232430 2564.1
1232440 2561.0
1232450 2557.7
1232460 2554.2
1232470 2554.2
1232480 2549.2
1232490 2547.1
1232500 2547.1
1232510 2553.5
1232520 2555.5
1232530 2555.5
1232540 2554.2
1232550 2549.4
1232560 2549.4
1232570 2544.1
1232580 2543.1
1232590 2543.1
1232600 2541.4
1232610 2538.8
1232620 2538.8
1232630 2534.8
1232640 2533.3
1232650 2533.3
1232660 2528.6
1232670 2522.7
1232680 2521.6
1232690 2521.6
1232700 2519.5
1232710 2520.1
1232720 2520.1
1232730 2520.1
1232740 2514.0
1232750 2512.8
1232760 2504.2
1232770 2496.5
1232780 2496.5
1232790 2489.3
1232800 2482.1
1232810 2482.1
1232820 2476.0
1232830 2470.3
1232840 2470.3
1232850 2464.7
1232860 2460.0
1232870 2460.0
1232880 2456.8
1232890 2453.3
1232900 2453.3
1232910 2449.6
1232920 2446.0
1232930 2442.1
1232940 2442.1
1232950 2438.3
1232960 2435.7
1232970 2435.7
1232980 2435.4
1232990 2434.0
1233000 2434.0
1233010 2431.5
1233020 2428.5
1233030 2428.5
1233040 2426.2
1233050 2424.4
1233060 2424.4
1233070 2424.4
1233080 2425.3
1233090 2425.3
1233100 2425.4
1233110 2426.4
1233120 2426.4
1233130 2426.4
1233140 2425.9
1233150 2424.5
1233160 2424.5
1233170 2423.2
1233180 2422.1
1233190 2422.1
1233200 2421.5
1233210 2420.8
1233220 2420.8
1233230 2417.8
1233240 2414.3
1233250 2412.7
1233260 2409.6
1233270 2407.5
1233280 2407.5
1233290 2404.8
1233300 2401.3
1233310 2401.3
1233320 2397.3
1233330 2394.4
1233340 2394.4
1233350 2391.9
1233360 2388.0
1233370 2388.0
1233380 2383.1
1233390 2378.5
1233400 2373.0
1233410 2373.0
1233420 2368.2
1233430 2363.1
1233440 2363.1
1233450 2356.0
1233460 2349.0
1233470 2349.0
1233480 2342.7
1233490 2336.4
1233500 2336.4
1233510 2329.6
1233520 2323.1
1233530 2323.1
1233540 2316.8
1233550 2311.3
1233560 2311.3
1233570 2306.8
1233580 2303.7
1233590 2303.7
1233600 2302.1
1233610 2301.4
1233620 2299.5
1233630 2299.5
1233640 2296.6
1233650 2295.4
1233660 2295.4
1233670 2291.1
1233680 2293.4
1233690 2293.4
1233700 2295.3
1233710 2297.0
1233720 2297.0
1233730 2299.7
1233740 2303.2
1233750 2303.2
1233760 2309.8
1233770 2314.8
1233780 2314.8
1233790 2319.5
1233800 2323.8
1233810 2323.8
1233820 2327.4
1233830 2331.1
1233840 2336.5
1233850 2336.5
1233860 2342.5
1233870 2346.7
1233880 2346.7
1233890 2351.4
1233900 2355.6
1233910 2355.6
1233920 2361.1
1233930 2367.0
1233940 2367.0
1233950 2370.2
1233960 2371.8
1233970 2371.8
1233980 2374.8
1233990 2379.6
1234000 2379.6
1234010 2385.3
1234020 2391.4
1234030 2391.4
1234040 2396.0
1234050 2399.1
1234060 2399.1
1234070 2402.2
1234080 2406.0
1234090 2410.3
1234100 2410.3
1234110 2415.0
1234120 2420.4
1234130 2420.4
1234140 2425.8
1234150 2431.3
1234160 2431.3
1234170 2436.3
1234180 2443.0
1234190 2443.0
1234200 2449.9
1234210 2455.7
1234220 2455.7
1234230 2463.9
1234240 2470.8
1234250 2470.8
1234260 2476.1
1234270 2487.6
1234280 2487.6
1234290 2498.9
1234300 2505.7
1234310 2514.9
1234320 2514.9
1234330 2523.8
1234340 2533.4
1234350 2533.4
1234360 2542.6
1234370 2548.1
1234380 2548.1
1234390 2551.5
1234400 2555.2
1234410 2555.2
1234420 2559.8
1234430 2565.1
1234440 2565.1
1234450 2572.5
1234460 2582.9
1234470 2582.9
1234480 2589.9
1234490 2596.2
1234500 2596.2
1234510 2601.8
1234520 2607.1
1234530 2607.1
1234540 2612.2
1234550 2616.5
1234560 2621.6
1234570 2621.6
1234580 2626.1
1234590 2629.1
1234600 2629.1
1234610 2630.0
1234620 2632.0
1234630 2632.0
1234640 2633.0
1234650 2631.5
1234660 2631.5
1234670 2629.9
1234680 2632.9
1234690 2632.9
1234700 2641.4
1234710 2648.2
1234720 2648.2
1234730 2650.1
1234740 2649.2
1234750 2649.2
1234760 2648.2
1234770 2652.0
1234780 2654.5
1234790 2654.5
1234800 2656.9
1234810 2660.4
1234820 2660.4
1234830 2664.9
1234840 2669.5
1234850 2669.5
1234860 2675.5
1234870 2681.5
1234880 2681.5
1234890 2687.6
1234900 2693.8
1234910 2693.8
1234920 2700.1
1234930 2707.1
1234940 2707.1
1234950 2714.1
1234960 2720.5
1234970 2720.5
1234980 2729.1
1234990 2740.9
1235000 2740.9
1235010 2752.9
1235020 2762.6
1235030 2771.5
1235040 2771.5
1235050 2781.7
1235060 2792.1
1235070 2792.1
1235080 2810.7
1235090 2830.2
1235100 2830.2
1235110 2839.7
1235120 2854.1
1235130 2854.1
1235140 2864.3
1235150 2863.1
1235160 2863.1
1235170 2848.3
1235180 2835.6
1235190 2835.6
1235200 2817.5
1235210 2803.3
1235220 2803.3
1235230 2795.0
1235240 2786.7
1235250 2777.1
1235260 2777.1
1235270 2767.3
1235280 2758.4
1235290 2758.4
1235300 2749.9
1235310 2739.4
1235320 2739.4
1235330 2728.7
1235340 2717.9
1235350 2717.9
1235360 2707.9
1235370 2698.6
1235380 2698.6
1235390 2688.7
1235400 2678.0
1235410 2678.0
1235420 2669.0
1235430 2660.1
1235440 2660.1
1235450 2649.7
1235460 2640.7
1235470 2640.7
1235480 2632.4
1235490 2624.6
1235500 2617.1
1235510 2617.1
1235520 2609.8
1235530 2602.7
1235540 2602.7
1235550 2595.7
1235560 2588.8
1235570 2588.8
1235580 2582.1
1235590 2575.5
1235600 2575.5
1235610 2568.9
1235620 2562.5
1235630 2562.5
1235640 2556.5
1235650 2550.6
1235660 2550.6
1235670 2545.0
1235680 2539.9
1235690 2539.9
1235700 2535.3
1235710 2531.4
1235720 2527.8
1235730 2527.8
1235740 2524.2
1235750 2521.1
1235760 2521.1
1235770 2518.3
1235780 2515.7
1235790 2516.9
1235800 2515.0
1235810 2513.1
1235820 2513.1
1235830 2511.0
1235840 2508.8
1235850 2508.8
1235860 2506.5
1235870 2504.2
1235880 2504.2
1235890 2502.1
1235900 2500.1
1235910 2500.1
1235920 2498.0
1235930 2496.4
1235940 2496.4
1235950 2495.0
1235960 2493.5
1235970 2492.2
1235980 2492.2
1235990 2491.1
1236000 2489.8
1236010 2489.8
1236020 2488.6
1236030 2487.6
1236040 2487.6
1236050 2486.9
1236060 2485.8
1236070 2485.8
1236080 2484.1
1236090 2482.6
1236100 2482.6
1236110 2481.3
1236120 2480.3
1236130 2480.3
1236140 2479.6
1236150 2479.4
1236160 2479.4
1236170 2479.6
1236180 2479.8
1236190 2479.8
1236200 2479.8
1236210 2480.1
1236220 2479.3
1236230 2479.3
1236240 2478.3
1236250 2476.8
1236260 2476.8
1236270 2474.1
1236280 2470.9
1236290 2470.9
1236300 2466.4
1236310 2462.3
1236320 2462.3
1236330 2457.9
1236340 2454.8
1236350 2454.8
1236360 2453.2
1236370 2450.4
1236380 2450.4
1236390 2447.7
1236400 2444.2
1236410 2444.2
1236420 2439.6
1236430 2435.2
1236440 2432.7
1236450 2432.7
1236460 2431.0
1236470 2428.7
1236480 2428.7
1236490 2425.9
1236500 2422.6
1236510 2422.6
1236520 2418.4
1236530 2413.9
1236540 2413.9
1236550 2409.1
1236560 2403.7
1236570 2403.7
1236580 2398.2
1236590 2393.0
1236600 2393.0
1236610 2389.0
1236620 2385.5
1236630 2385.5
1236640 2383.5
1236650 2381.5
1236660 2378.7
1236670 2378.7
1236680 2374.8
1236690 2370.0
1236700 2370.0
1236710 2362.9
1236720 2354.3
1236730 2354.3
1236740 2344.5
1236750 2335.6
1236760 2335.6
1236770 2330.7
1236780 2324.4
1236790 2324.4
1236800 2310.9
1236810 2303.4
1236820 2304.6
1236830 2297.8
1236840 2291.4
1236850 2291.4
1236860 2285.1
1236870 2279.1
1236880 2273.2
1236890 2273.2
1236900 2267.5
1236910 2262.2
1236920 2262.2
1236930 2257.3
1236940 2252.3
1236950 2252.3
1236960 2247.3
1236970 2241.9
1236980 2241.9
1236990 2236.0
1237000 2230.6
1237010 2230.6
1237020 2226.4
1237030 2222.9
1237040 2222.9
1237050 2219.3
1237060 2215.9
1237070 2215.9
1237080 2213.7
1237090 2211.3
1237100 2211.3
1237110 2208.4
1237120 2206.7
1237130 2205.6
1237140 2205.6
1237150 2204.6
1237160 2202.4
1237170 2202.4
1237180 2199.7
1237190 2197.4
1237200 2197.4
1237210 2195.0
1237220 2193.0
1237230 2193.0
1237240 2192.2
1237250 2192.1
1237260 2192.1
1237270 2190.9
1237280 2186.4
1237290 2186.4
1237300 2182.4
1237310 2180.6
1237320 2180.6
1237330 2180.2
1237340 2174.9
1237350 2170.4
1237360 2170.4
1237370 2166.9
1237380 2163.5
1237390 2163.5
1237400 2158.3
1237410 2152.1
1237420 2152.1
1237430 2145.8
1237440 2140.7
1237450 2140.7
1237460 2137.1
1237470 2133.8
1237480 2133.8
1237490 2130.6
1237500 2127.9
1237510 2127.9
1237520 2124.9
1237530 2121.6
1237540 2121.6
1237550 2118.7
1237560 2116.0
1237570 2116.0
1237580 2113.4
1237590 2111.1
1237600 2108.9
1237610 2108.9
1237620 2106.6
1237630 2104.4
1237640 2104.4
1237650 2102.3
1237660 2100.2
1237670 2100.2
1237680 2098.5
1237690 2097.4
1237700 2097.4
1237710 2095.7
1237720 2094.1
1237730 2094.1
1237740 2092.4
1237750 2090.3
1237760 2090.3
1237770 2087.7
1237780 2085.8
1237790 2085.8
1237800 2084.7
1237810 2082.7
1237820 2081.1
1237830 2081.1
1237840 2082.6
1237850 2080.7
1237860 2080.7
1237870 2079.4
1237880 2079.1
1237890 2079.1
1237900 2079.1
1237910 2076.9
1237920 2076.9
1237930 2072.0
1237940 2066.5
1237950 2066.5
1237960 2063.4
1237970 2061.6
1237980 2061.6
1237990 2060.0
1238000 2061.3
1238010 2061.3
1238020 2063.6
1238030 2062.7
1238040 2062.7
1238050 2061.9
1238060 2061.9
1238070 2062.2
1238080 2062.2
1238090 2063.2
1238100 2064.5
1238110 2064.5
1238120 2066.6
1238130 2067.7
1238140 2067.7
1238150 2068.4
1238160 2068.8
1238170 2068.8
1238180 2069.1
1238190 2070.1
1238200 2070.1
1238210 2070.4
1238220 2068.6
1238230 2068.6
1238240 2065.7
1238250 2063.5
1238260 2063.5
1238270 2063.0
1238280 2063.8
1238290 2065.7
1238300 2065.7
1238310 2069.2
1238320 2073.1
1238330 2073.1
1238340 2075.8
1238350 2076.7
1238360 2081.8
1238370 2081.3
1238380 2080.6
1238390 2080.6
1238400 2080.3
1238410 2081.0
1238420 2081.0
1238430 2081.7
1238440 2081.6
1238450 2081.6
1238460 2079.8
1238470 2079.3
1238480 2079.3
1238490 2076.3
1238500 2071.5
1238510 2071.5
1238520 2066.1
1238530 2062.5
1238540 2059.8
1238550 2059.8
1238560 2057.7
1238570 2055.3
1238580 2055.3
1238590 2053.1
1238600 2051.2
1238610 2051.2
1238620 2049.0
1238630 2046.6
1238640 2046.6
1238650 2044.2
1238660 2041.4
1238670 2041.4
1238680 2038.4
1238690 2034.7
1238700 2034.7
1238710 2030.9
1238720 2026.9
1238730 2026.9
1238740 2022.7
1238750 2018.6
1238760 2014.7
1238770 2014.7
1238780 2010.7
1238790 2006.8
1238800 2006.8
1238810 2003.1
1238820 1999.4
1238830 1999.4
1238840 1996.2
1238850 1991.2
1238860 1991.2
1238870 1983.9
1238880 1980.5
1238890 1980.5
1238900 1976.3
1238910 1970.7
1238920 1970.7
1238930 1964.1
1238940 1956.8
1238950 1956.8
1238960 1950.3
1238970 1945.4
1238980 1945.4
1238990 1940.9
1239000 1936.6
1239010 1931.7
1239020 1931.7
1239030 1924.3
1239040 1916.0
1239050 1916.0
1239060 1906.7
1239070 1896.6
1239080 1896.6
1239090 1887.8
1239100 1876.8
1239110 1876.8
1239120 1865.6
1239130 1857.2
1239140 1857.2
1239150 1846.5
1239160 1836.9
1239170 1836.9
1239180 1828.7
1239190 1822.5
1239200 1822.5
1239210 1816.0
1239220 1809.6
1239230 1805.4
1239240 1805.4
1239250 1803.0
1239260 1801.6
1239270 1801.6
1239280 1800.3
1239290 1799.2
1239300 1799.2
1239310 1797.8
1239320 1795.2
1239330 1795.2
1239340 1791.7
1239350 1788.4
1239360 1788.4
1239370 1786.0
1239380 1783.8
1239390 1785.0
1239400 1783.2
1239410 1781.0
1239420 1781.0
1239430 1777.9
1239440 1775.1
1239450 1775.1
1239460 1771.9
1239470 1768.6
1239480 1764.3
1239490 1764.3
1239500 1762.4
1239510 1759.1
1239520 1759.1
1239530 1754.9
1239540 1752.9
1239550 1752.9
1239560 1747.7
1239570 1743.8
1239580 1743.8
1239590 1739.1
1239600 1734.1
1239610 1734.1
1239620 1731.8
1239630 1728.7
1239640 1728.7
1239650 1724.2
1239660 1719.3
1239670 1719.3
1239680 1714.5
1239690 1709.1
1239700 1703.1
1239710 1703.1
1239720 1697.4
1239730 1692.4
1239740 1692.4
1239750 1687.9
1239760 1682.5
1239770 1682.5
1239780 1677.0
1239790 1671.3
1239800 1671.3
1239810 1666.1
1239820 1661.5
1239830 1661.5
1239840 1656.0
1239850 1650.2
1239860 1650.2
1239870 1644.6
1239880 1639.0
1239890 1639.0
1239900 1633.9
1239910 1629.2
1239920 1623.8
1239930 1623.8
1239940 1619.1
1239950 1614.3
1239960 1614.3
1239970 1608.6
1239980 1603.4
1239990 1603.4
