1220000 2092.6
1220010 2092.6
1220020 2089.2
1220030 2090.8
1220040 2090.8
1220050 2091.3
1220060 2093.9
1220070 2093.9
1220080 2089.2
1220090 2093.4
1220100 2093.4
1220110 2103.8
1220120 2103.1
1220130 2103.1
1220140 2096.3
1220150 2096.5
1220160 2096.5
1220170 2096.6
1220180 2088.4
1220190 2088.4
1220200 2080.0
1220210 2074.8
1220220 2074.8
1220230 2075.1
1220240 2079.0
1220250 2083.9
1220260 2083.9
1220270 2087.9
1220280 2093.2
1220290 2093.2
1220300 2098.5
1220310 2104.8
1220320 2104.8
1220330 2110.8
1220340 2117.4
1220350 2117.4
1220360 2124.4
1220370 2132.3
1220380 2132.3
1220390 2140.0
1220400 2146.2
1220410 2146.2
1220420 2152.5
1220430 2158.8
1220440 2158.8
1220450 2166.9
1220460 2175.4
1220470 2181.9
1220480 2181.9
1220490 2187.6
1220500 2195.0
1220510 2195.0
1220520 2203.0
1220530 2211.4
1220540 2211.4
1220550 2221.1
1220560 2228.6
1220570 2228.6
1220580 2236.2
1220590 2244.3
1220600 2244.3
1220610 2252.7
1220620 2262.5
1220630 2262.5
1220640 2271.8
1220650 2281.0
1220660 2281.0
1220670 2290.8
1220680 2302.9
1220690 2302.9
1220700 2319.1
1220710 2329.4
1220720 2342.8
1220730 2342.8
1220740 2355.4
1220750 2365.8
1220760 2365.8
1220770 2380.3
1220780 2395.7
1220790 2395.7
1220800 2404.7
1220810 2410.7
1220820 2410.7
1220830 2413.3
1220840 2409.8
1220850 2409.8
1220860 2406.5
1220870 2410.6
1220880 2410.6
1220890 2417.4
1220900 2424.0
1220910 2424.0
1220920 2431.7
1220930 2439.6
1220940 2439.6
1220950 2447.5
1220960 2455.3
1220970 2463.4
1220980 2463.4
1220990 2471.6
1221000 2479.7
1221010 2479.7
1221020 2487.6
1221030 2494.9
1221040 2494.9
1221050 2500.8
1221060 2505.2
1221070 2505.2
1221080 2511.5
1221090 2519.0
1221100 2519.0
1221110 2526.0
1221120 2531.9
1221130 2531.9
1221140 2537.4
1221150 2542.3
1221160 2542.3
1221170 2547.2
1221180 2551.8
1221190 2556.2
1221200 2556.2
1221210 2560.9
1221220 2565.1
1221230 2565.1
1221240 2568.6
1221250 2572.7
1221260 2572.7
1221270 2577.7
1221280 2582.4
1221290 2582.4
1221300 2586.8
1221310 2591.2
1221320 2591.2
1221330 2595.4
1221340 2601.1
1221350 2601.1
1221360 2606.5
1221370 2610.2
1221380 2608.0
1221390 2611.5
1221400 2614.6
1221410 2614.6
1221420 2617.0
1221430 2620.3
1221440 2625.3
1221450 2625.3
1221460 2632.1
1221470 2640.1
1221480 2640.1
1221490 2645.8
1221500 2644.4
1221510 2644.4
1221520 2641.1
1221530 2637.2
1221540 2637.2
1221550 2630.7
1221560 2623.0
1221570 2623.0
1221580 2613.9
1221590 2605.4
1221600 2605.4
1221610 2597.2
1221620 2588.7
1221630 2588.7
1221640 2577.6
1221650 2564.3
1221660 2550.9
1221670 2550.9
1221680 2541.0
1221690 2530.2
1221700 2530.2
1221710 2520.4
1221720 2513.1
1221730 2513.1
1221740 2506.7
1221750 2500.7
1221760 2500.7
1221770 2495.9
1221780 2491.3
1221790 2491.3
1221800 2487.2
1221810 2484.9
1221820 2484.9
1221830 2482.1
1221840 2479.6
1221850 2479.6
1221860 2478.5
1221870 2473.5
1221880 2473.5
1221890 2470.9
1221900 2467.0
1221910 2464.7
1221920 2464.7
1221930 2466.1
1221940 2471.5
1221950 2471.5
1221960 2477.1
1221970 2477.1
1221980 2477.1
1221990 2472.4
1222000 2469.6
1222010 2469.6
1222020 2468.4
1222030 2469.4
1222040 2469.4
1222050 2470.3
1222060 2469.3
1222070 2469.3
1222080 2467.1
1222090 2464.3
1222100 2464.3
1222110 2460.9
1222120 2457.3
1222130 2454.3
1222140 2454.3
1222150 2452.5
1222160 2452.7
1222170 2452.7
1222180 2454.6
1222190 2458.1
1222200 2458.1
1222210 2461.1
1222220 2464.1
1222230 2464.1
1222240 2467.4
1222250 2473.0
1222260 2473.0
1222270 2481.5
1222280 2488.4
1222290 2488.4
1222300 2494.4
1222310 2498.2
1222320 2498.2
1222330 2500.8
1222340 2503.4
1222350 2496.2
1222360 2499.0
1222370 2501.8
1222380 2503.6
1222390 2503.6
1222400 2502.6
1222410 2500.3
1222420 2500.3
1222430 2498.2
1222440 2496.3
1222450 2496.3
1222460 2495.5
1222470 2496.9
1222480 2496.9
1222490 2499.4
1222500 2503.1
1222510 2503.1
1222520 2506.5
1222530 2509.1
1222540 2509.1
1222550 2511.3
1222560 2513.1
1222570 2513.1
1222580 2513.6
1222590 2512.3
1222600 2510.4
1222610 2510.4
1222620 2509.5
1222630 2510.6
1222640 2510.6
1222650 2513.1
1222660 2517.4
1222670 2517.4
1222680 2521.7
1222690 2525.6
1222700 2525.6
1222710 2527.7
1222720 2528.5
1222730 2528.5
1222740 2527.9
1222750 2527.7
1222760 2527.7
1222770 2528.6
1222780 2531.1
1222790 2531.1
1222800 2533.4
1222810 2534.3
1222820 2534.3
1222830 2525.6
1222840 2524.5
1222850 2524.3
1222860 2524.3
1222870 2525.2
1222880 2526.6
1222890 2526.6
1222900 2529.0
1222910 2532.5
1222920 2532.5
1222930 2536.3
1222940 2537.5
1222950 2537.5
1222960 2536.1
1222970 2532.4
1222980 2532.4
1222990 2527.1
1223000 2521.7
1223010 2521.7
1223020 2516.6
1223030 2511.9
1223040 2511.9
1223050 2508.6
1223060 2505.3
1223070 2505.3
1223080 2502.7
1223090 2498.0
1223100 2494.4
1223110 2494.4
1223120 2496.1
1223130 2495.5
1223140 2495.5
1223150 2496.7
1223160 2499.1
1223170 2499.1
1223180 2499.7
1223190 2502.3
1223200 2502.3
1223210 2505.0
1223220 2507.2
1223230 2507.2
1223240 2511.7
1223250 2516.1
1223260 2516.1
1223270 2519.7
1223280 2522.9
1223290 2522.9
1223300 2524.4
1223310 2523.9
1223320 2514.2
1223330 2514.2
1223340 2513.0
1223350 2510.6
1223360 2510.6
1223370 2508.6
1223380 2508.0
1223390 2508.0
1223400 2509.8
1223410 2512.5
1223420 2512.5
1223430 2513.0
1223440 2511.4
1223450 2511.4
1223460 2508.1
1223470 2505.4
1223480 2505.4
1223490 2504.2
1223500 2505.5
1223510 2505.5
1223520 2508.6
1223530 2512.6
1223540 2512.6
1223550 2516.0
1223560 2518.6
1223570 2519.9
1223580 2519.9
1223590 2520.8
1223600 2522.2
1223610 2522.2
1223620 2523.7
1223630 2524.7
1223640 2524.7
1223650 2525.5
1223660 2525.7
1223670 2525.7
1223680 2525.4
1223690 2524.6
1223700 2524.6
1223710 2523.3
1223720 2520.8
1223730 2520.8
1223740 2519.0
1223750 2518.2
1223760 2518.2
1223770 2517.4
1223780 2515.8
1223790 2513.1
1223800 2513.1
1223810 2501.1
1223820 2493.6
1223830 2493.6
1223840 2486.2
1223850 2479.6
1223860 2479.6
1223870 2474.0
1223880 2467.3
1223890 2467.3
1223900 2459.5
1223910 2449.5
1223920 2449.5
1223930 2441.8
1223940 2439.0
1223950 2439.0
1223960 2435.1
1223970 2430.9
1223980 2430.9
1223990 2426.0
1224000 2421.5
1224010 2421.5
1224020 2417.2
1224030 2412.7
1224040 2407.6
1224050 2407.6
1224060 2401.8
1224070 2393.9
1224080 2393.9
1224090 2384.6
1224100 2375.5
1224110 2375.5
1224120 2369.1
1224130 2362.8
1224140 2362.8
1224150 2353.6
1224160 2341.9
1224170 2341.9
1224180 2330.6
1224190 2322.5
1224200 2322.5
1224210 2314.9
1224220 2307.4
1224230 2307.4
1224240 2299.4
1224250 2290.5
1224260 2283.7
1224270 2283.7
1224280 2278.8
1224290 2269.9
1224300 2269.9
1224310 2264.4
1224320 2259.3
1224330 2259.3
1224340 2254.9
1224350 2249.9
1224360 2249.9
1224370 2243.7
1224380 2234.7
1224390 2234.7
1224400 2228.0
1224410 2225.9
1224420 2225.9
1224430 2224.1
1224440 2219.8
1224450 2219.8
1224460 2214.4
1224470 2210.9
1224480 2210.9
1224490 2211.1
1224500 2208.3
1224510 2198.2
1224520 2198.2
1224530 2188.1
1224540 2179.8
1224550 2179.8
1224560 2169.4
1224570 2157.1
1224580 2157.1
1224590 2144.3
1224600 2133.7
1224610 2133.7
1224620 2124.7
1224630 2116.2
1224640 2116.2
1224650 2107.8
1224660 2099.4
1224670 2099.4
1224680 2091.5
1224690 2083.9
1224700 2083.9
1224710 2075.3
1224720 2067.2
1224730 2058.5
1224740 2058.5
1224750 2050.1
1224760 2041.8
1224770 2041.8
1224780 2034.8
1224790 2027.1
1224800 2027.1
1224810 2019.7
1224820 2012.0
1224830 2012.0
1224840 2004.4
1224850 1997.0
1224860 1997.0
1224870 1989.7
1224880 1982.0
1224890 1982.0
1224900 1975.6
1224910 1969.5
1224920 1969.5
1224930 1963.5
1224940 1957.2
1224950 1957.2
1224960 1951.2
1224970 1945.1
1224980 1939.7
1224990 1939.7
1225000 1934.3
1225010 1929.4
1225020 1929.4
1225030 1925.2
1225040 1920.9
1225050 1920.9
1225060 1915.8
1225070 1910.2
1225080 1910.2
1225090 1904.9
1225100 1898.7
1225110 1898.7
1225120 1893.3
1225130 1889.2
1225140 1889.2
1225150 1884.3
1225160 1879.0
1225170 1879.0
1225180 1874.0
1225190 1869.3
1225200 1869.3
1225210 1865.1
1225220 1862.1
1225230 1861.2
1225240 1861.2
1225250 1861.0
1225260 1859.8
1225270 1857.6
1225280 1856.3
1225290 1854.6
1225300 1854.6
1225310 1854.7
1225320 1854.6
1225330 1854.6
1225340 1854.7
1225350 1858.1
1225360 1858.1
1225370 1863.1
1225380 1866.2
1225390 1866.2
1225400 1869.3
1225410 1873.1
1225420 1873.1
1225430 1876.8
1225440 1880.6
1225450 1884.3
1225460 1884.3
1225470 1887.9
1225480 1892.0
1225490 1892.0
1225500 1896.5
1225510 1900.7
1225520 1900.7
1225530 1904.9
1225540 1909.8
1225550 1909.8
1225560 1915.4
1225570 1921.0
1225580 1921.0
1225590 1926.8
1225600 1932.7
1225610 1932.7
1225620 1938.6
1225630 1944.8
1225640 1944.8
1225650 1951.5
1225660 1957.6
1225670 1957.6
1225680 1963.9
1225690 1970.3
1225700 1977.0
1225710 1977.0
1225720 1984.0
1225730 1990.5
1225740 1990.5
1225750 1997.0
1225760 2002.0
1225770 2002.0
1225780 2008.3
1225790 2014.0
1225800 2014.0
1225810 2020.4
1225820 2029.8
1225830 2029.8
1225840 2041.3
1225850 2050.7
1225860 2050.7
1225870 2062.6
1225880 2077.4
1225890 2077.4
1225900 2097.0
1225910 2104.0
1225920 2112.7
1225930 2112.7
1225940 2121.1
1225950 2130.3
1225960 2130.3
1225970 2134.0
1225980 2137.7
1225990 2137.7
1226000 2142.4
1226010 2148.0
1226020 2148.0
1226030 2156.2
1226040 2164.1
1226050 2164.1
1226060 2171.7
1226070 2179.1
1226080 2179.1
1226090 2187.2
1226100 2194.4
1226110 2194.4
1226120 2201.1
1226130 2207.7
1226140 2207.7
1226150 2214.3
1226160 2223.6
1226170 2234.4
1226180 2234.4
1226190 2249.5
1226200 2263.0
1226210 2263.0
1226220 2283.1
1226230 2297.3
1226240 2297.3
1226250 2306.0
1226260 2319.9
1226270 2319.9
1226280 2330.3
1226290 2342.0
1226300 2342.0
1226310 2357.2
1226320 2365.5
1226330 2365.5
1226340 2368.5
1226350 2370.1
1226360 2370.1
1226370 2371.4
1226380 2373.4
1226390 2375.6
1226400 2375.6
1226410 2378.0
1226420 2380.5
1226430 2380.5
1226440 2383.2
1226450 2386.3
1226460 2386.3
1226470 2389.1
1226480 2391.6
1226490 2391.6
1226500 2393.7
1226510 2395.7
1226520 2395.7
1226530 2397.6
1226540 2398.9
1226550 2398.9
1226560 2399.0
1226570 2398.7
1226580 2398.7
1226590 2398.1
1226600 2396.0
1226610 2396.0
1226620 2389.4
1226630 2383.1
1226640 2377.0
1226650 2377.0
1226660 2371.1
1226670 2365.7
1226680 2365.7
1226690 2359.5
1226700 2353.7
1226710 2353.7
1226720 2348.6
1226730 2344.1
1226740 2348.8
1226750 2345.0
1226760 2342.3
1226770 2342.3
1226780 2339.5
1226790 2336.9
1226800 2336.9
1226810 2335.3
1226820 2333.5
1226830 2333.5
1226840 2331.9
1226850 2328.8
1226860 2324.9
1226870 2324.9
1226880 2322.3
1226890 2319.6
1226900 2319.6
1226910 2316.5
1226920 2313.2
1226930 2313.2
1226940 2309.8
1226950 2306.3
1226960 2306.3
1226970 2303.7
1226980 2302.3
1226990 2302.3
1227000 2301.4
1227010 2299.9
1227020 2299.9
1227030 2297.6
1227040 2296.3
1227050 2296.3
1227060 2295.4
1227070 2293.9
1227080 2293.9
1227090 2292.6
1227100 2291.3
1227110 2290.9
1227120 2290.9
1227130 2292.3
1227140 2292.8
1227150 2292.8
1227160 2288.4
1227170 2283.3
1227180 2283.3
1227190 2278.8
1227200 2276.7
1227210 2276.7
1227220 2275.6
1227230 2274.6
1227240 2277.3
1227250 2275.5
1227260 2272.7
1227270 2272.7
1227280 2268.8
1227290 2264.8
1227300 2264.8
1227310 2260.0
1227320 2256.9
1227330 2253.8
1227340 2253.8
1227350 2247.8
1227360 2241.6
1227370 2241.6
1227380 2236.3
1227390 2230.2
1227400 2230.2
1227410 2226.4
1227420 2222.2
1227430 2222.2
1227440 2218.4
1227450 2215.0
1227460 2215.0
1227470 2211.1
1227480 2205.8
1227490 2205.8
1227500 2201.3
1227510 2196.9
1227520 2196.9
1227530 2191.2
1227540 2184.7
1227550 2184.7
1227560 2177.3
1227570 2169.9
1227580 2164.2
1227590 2164.2
1227600 2160.4
1227610 2156.6
1227620 2156.6
1227630 2152.4
1227640 2149.5
1227650 2149.5
1227660 2146.4
1227670 2142.2
1227680 2142.2
1227690 2138.5
1227700 2136.0
1227710 2136.0
1227720 2134.2
1227730 2139.1
1227740 2139.1
1227750 2136.5
1227760 2133.1
1227770 2133.1
1227780 2130.4
1227790 2128.2
1227800 2127.5
1227810 2127.5
1227820 2126.8
1227830 2124.6
1227840 2124.6
1227850 2122.4
1227860 2119.9
1227870 2119.9
1227880 2116.8
1227890 2113.9
1227900 2113.9
1227910 2111.2
1227920 2109.5
1227930 2109.5
1227940 2110.0
1227950 2113.0
1227960 2113.0
1227970 2118.7
1227980 2123.7
1227990 2123.7
1228000 2128.7
1228010 2133.5
1228020 2133.5
1228030 2138.8
1228040 2143.7
1228050 2148.1
1228060 2148.1
1228070 2151.8
1228080 2155.2
1228090 2155.2
1228100 2158.5
1228110 2161.5
1228120 2161.5
1228130 2166.0
1228140 2171.7
1228150 2171.7
1228160 2177.9
1228170 2184.1
1228180 2184.1
1228190 2190.8
1228200 2197.3
1228210 2197.3
1228220 2204.3
1228230 2207.9
1228240 2207.9
1228250 2214.9
1228260 2222.8
1228270 2222.8
1228280 2230.1
1228290 2234.9
1228300 2240.9
1228310 2240.9
1228320 2246.5
1228330 2252.0
1228340 2252.0
1228350 2258.3
1228360 2264.0
1228370 2264.0
1228380 2269.7
1228390 2275.7
1228400 2275.7
1228410 2281.1
1228420 2285.8
1228430 2285.8
1228440 2290.1
1228450 2295.2
1228460 2295.2
1228470 2300.3
1228480 2304.5
1228490 2304.5
1228500 2309.4
1228510 2313.9
1228520 2317.9
1228530 2317.9
1228540 2321.1
1228550 2324.2
1228560 2324.2
1228570 2327.2
1228580 2330.6
1228590 2330.6
1228600 2334.9
1228610 2338.9
1228620 2338.9
1228630 2343.3
1228640 2347.0
1228650 2347.0
1228660 2349.6
1228670 2352.1
1228680 2352.1
1228690 2355.5
1228700 2359.5
1228710 2359.5
1228720 2361.6
1228730 2365.7
1228740 2365.7
1228750 2370.8
1228760 2374.8
1228770 2377.9
1228780 2377.9
1228790 2381.0
1228800 2383.9
1228810 2383.9
1228820 2387.2
1228830 2392.0
1228840 2392.0
1228850 2396.2
1228860 2401.0
1228870 2401.0
1228880 2405.8
1228890 2410.8
1228900 2410.8
1228910 2415.9
1228920 2420.2
1228930 2420.2
1228940 2423.6
1228950 2426.1
1228960 2426.1
1228970 2428.8
1228980 2432.2
1228990 2435.2
1229000 2435.2
1229010 2436.7
1229020 2435.4
1229030 2435.4
1229040 2434.0
1229050 2432.3
1229060 2432.3
1229070 2431.5
1229080 2433.8
1229090 2433.8
1229100 2439.6
1229110 2447.0
1229120 2447.0
1229130 2454.4
1229140 2460.1
1229150 2460.1
1229160 2466.2
1229170 2473.1
1229180 2473.1
1229190 2480.1
1229200 2487.3
1229210 2487.3
1229220 2496.9
1229230 2504.6
1229240 2511.0
1229250 2511.0
1229260 2517.3
1229270 2524.8
1229280 2524.8
1229290 2532.6
1229300 2539.9
1229310 2539.9
1229320 2547.6
1229330 2556.0
1229340 2556.0
1229350 2564.2
1229360 2572.3
1229370 2572.3
1229380 2580.2
1229390 2588.0
1229400 2588.0
1229410 2595.5
1229420 2602.3
1229430 2602.3
1229440 2609.0
1229450 2615.2
1229460 2619.3
1229470 2619.3
1229480 2621.9
1229490 2625.2
1229500 2625.2
1229510 2628.3
1229520 2630.9
1229530 2630.9
1229540 2632.8
1229550 2634.7
1229560 2634.7
1229570 2636.3
1229580 2638.4
1229590 2638.4
1229600 2640.2
1229610 2641.9
1229620 2641.9
1229630 2643.3
1229640 2644.3
1229650 2644.3
1229660 2646.7
1229670 2649.8
1229680 2649.8
1229690 2651.9
1229700 2654.0
1229710 2656.3
1229720 2649.3
1229730 2651.1
1229740 2653.3
1229750 2653.3
1229760 2655.9
1229770 2658.5
1229780 2658.5
1229790 2660.1
1229800 2662.9
1229810 2662.9
1229820 2666.8
1229830 2670.8
1229840 2670.8
1229850 2674.9
1229860 2678.5
1229870 2678.5
1229880 2682.4
1229890 2686.1
1229900 2686.1
1229910 2689.5
1229920 2693.3
1229930 2698.4
1229940 2698.4
1229950 2703.8
1229960 2709.3
1229970 2709.3
1229980 2714.4
1229990 2719.4
1230000 2719.4
1230010 2725.4
1230020 2730.8
1230030 2730.8
1230040 2734.8
1230050 2739.6
1230060 2739.6
1230070 2743.8
1230080 2746.0
1230090 2746.0
1230100 2748.2
1230110 2752.4
1230120 2752.4
1230130 2757.8
1230140 2762.9
1230150 2762.9
1230160 2766.9
1230170 2771.4
1230180 2777.5
1230190 2777.5
1230200 2784.1
1230210 2791.5
1230220 2787.7
1230230 2794.6
1230240 2802.6
1230250 2802.6
1230260 2810.4
1230270 2817.4
1230280 2817.4
1230290 2824.2
1230300 2831.3
1230310 2831.3
1230320 2838.4
1230330 2841.7
1230340 2841.7
1230350 2840.9
1230360 2836.6
1230370 2836.6
1230380 2831.3
1230390 2826.4
1230400 2820.9
1230410 2820.9
1230420 2815.9
1230430 2812.2
1230440 2812.2
1230450 2809.5
1230460 2808.1
1230470 2808.1
1230480 2806.1
1230490 2801.4
1230500 2801.4
1230510 2794.6
1230520 2790.0
1230530 2790.0
1230540 2782.7
1230550 2773.3
1230560 2773.3
1230570 2766.1
1230580 2760.6
1230590 2760.6
1230600 2754.1
1230610 2748.9
1230620 2748.9
1230630 2744.5
1230640 2742.5
1230650 2740.2
1230660 2740.2
1230670 2737.7
1230680 2733.0
1230690 2733.0
1230700 2729.8
1230710 2726.7
1230720 2733.2
1230730 2714.2
1230740 2696.5
1230750 2696.5
1230760 2680.6
1230770 2666.2
1230780 2666.2
1230790 2652.8
1230800 2644.8
1230810 2644.8
1230820 2636.8
1230830 2630.0
1230840 2630.0
1230850 2623.3
1230860 2616.5
1230870 2616.5
1230880 2609.7
1230890 2603.2
1230900 2596.9
1230910 2596.9
1230920 2590.5
1230930 2584.4
1230940 2584.4
1230950 2578.6
1230960 2573.1
1230970 2573.1
1230980 2567.8
1230990 2563.0
1231000 2563.0
1231010 2558.5
1231020 2553.3
1231030 2553.3
1231040 2547.6
1231050 2543.3
1231060 2543.3
1231070 2539.3
1231080 2535.1
1231090 2535.1
1231100 2532.1
1231110 2530.4
1231120 2529.7
1231130 2529.7
1231140 2528.7
1231150 2527.3
1231160 2527.3
1231170 2526.2
1231180 2524.8
1231190 2524.8
1231200 2522.5
1231210 2520.2
1231220 2520.7
1231230 2518.9
1231240 2517.1
1231250 2517.1
1231260 2515.6
1231270 2514.9
1231280 2514.9
1231290 2513.4
1231300 2513.4
1231310 2513.4
1231320 2513.8
1231330 2513.4
1231340 2513.4
1231350 2513.3
1231360 2514.8
1231370 2514.0
1231380 2514.0
1231390 2514.4
1231400 2516.7
1231410 2516.7
1231420 2519.4
1231430 2521.1
1231440 2521.1
1231450 2522.8
1231460 2524.3
1231470 2524.3
1231480 2525.4
1231490 2527.0
1231500 2527.0
1231510 2528.6
1231520 2529.3
1231530 2529.3
1231540 2528.5
1231550 2526.2
1231560 2526.2
1231570 2524.7
1231580 2525.3
1231590 2525.9
1231600 2525.9
1231610 2526.4
1231620 2523.5
1231630 2523.5
1231640 2519.9
1231650 2516.3
1231660 2516.3
1231670 2513.1
1231680 2511.1
1231690 2511.1
1231700 2506.9
1231710 2497.8
1231720 2496.3
1231730 2486.6
1231740 2474.9
1231750 2474.9
1231760 2464.4
1231770 2456.9
1231780 2456.9
1231790 2450.9
1231800 2445.3
1231810 2445.3
1231820 2440.0
1231830 2435.3
1231840 2432.2
1231850 2432.2
1231860 2430.4
1231870 2428.6
1231880 2428.6
1231890 2428.2
1231900 2428.5
1231910 2428.5
1231920 2428.7
1231930 2429.3
1231940 2429.3
1231950 2430.2
1231960 2430.8
1231970 2430.8
1231980 2430.9
1231990 2430.4
1232000 2430.4
1232010 2429.8
1232020 2428.6
1232030 2428.6
1232040 2427.1
1232050 2425.9
1232060 2425.2
1232070 2425.2
1232080 2424.7
1232090 2424.1
1232100 2424.1
1232110 2422.7
1232120 2421.2
1232130 2421.2
1232140 2419.6
1232150 2418.2
1232160 2418.2
1232170 2417.0
1232180 2414.6
1232190 2414.6
1232200 2412.1
1232210 2409.2
1232220 2410.6
1232230 2407.9
1232240 2405.1
1232250 2405.1
1232260 2402.3
1232270 2399.9
1232280 2399.9
1232290 2399.1
1232300 2398.5
1232310 2398.0
1232320 2398.0
1232330 2398.2
1232340 2396.7
1232350 2396.7
1232360 2393.3
1232370 2389.5
1232380 2389.5
1232390 2386.4
1232400 2383.8
1232410 2383.8
1232420 2379.4
1232430 2374.7
1232440 2374.7
1232450 2371.4
1232460 2369.2
1232470 2369.2
1232480 2368.0
1232490 2367.3
1232500 2367.3
1232510 2366.0
1232520 2364.7
1232530 2363.9
1232540 2363.9
1232550 2363.0
1232560 2361.7
1232570 2361.7
1232580 2360.6
1232590 2359.8
1232600 2359.8
1232610 2358.2
1232620 2356.3
1232630 2356.3
1232640 2355.2
1232650 2354.5
1232660 2354.5
1232670 2352.4
1232680 2348.6
1232690 2348.6
1232700 2345.5
1232710 2342.5
1232720 2342.5
1232730 2340.4
1232740 2337.4
1232750 2337.4
1232760 2334.8
1232770 2332.6
1232780 2331.0
1232790 2331.0
1232800 2329.0
1232810 2326.6
1232820 2326.6
1232830 2324.6
1232840 2322.6
1232850 2322.6
1232860 2320.5
1232870 2318.8
1232880 2318.8
1232890 2317.0
1232900 2315.5
1232910 2315.5
1232920 2313.4
1232930 2310.9
1232940 2310.9
1232950 2307.6
1232960 2302.7
1232970 2302.7
1232980 2297.8
1232990 2294.8
1233000 2293.3
1233010 2293.3
1233020 2290.9
1233030 2287.6
1233040 2287.6
1233050 2284.3
1233060 2280.0
1233070 2280.0
1233080 2274.8
1233090 2269.1
1233100 2269.1
1233110 2264.1
1233120 2260.3
1233130 2260.3
1233140 2257.0
1233150 2254.6
1233160 2254.6
1233170 2252.2
1233180 2248.3
1233190 2248.3
1233200 2243.5
1233210 2238.9
1233220 2238.9
1233230 2237.2
1233240 2233.9
1233250 2229.9
1233260 2229.9
1233270 2225.3
1233280 2220.9
1233290 2220.9
1233300 2216.4
1233310 2211.3
1233320 2211.3
1233330 2207.1
1233340 2206.2
1233350 2206.2
1233360 2204.8
1233370 2202.8
1233380 2202.8
1233390 2204.6
1233400 2205.4
1233410 2205.4
1233420 2204.2
1233430 2198.8
1233440 2198.8
1233450 2196.4
1233460 2197.3
1233470 2198.8
1233480 2198.8
1233490 2199.2
1233500 2199.9
1233510 2199.9
1233520 2200.4
1233530 2201.0
1233540 2201.0
1233550 2201.7
1233560 2202.1
1233570 2202.1
1233580 2202.5
1233590 2202.9
1233600 2202.9
1233610 2203.6
1233620 2204.4
1233630 2204.4
1233640 2205.8
1233650 2209.2
1233660 2209.2
1233670 2212.3
1233680 2213.6
1233690 2213.6
1233700 2215.8
1233710 2219.4
1233720 2224.6
1233730 2224.6
1233740 2229.2
1233750 2235.8
1233760 2235.8
1233770 2242.5
1233780 2249.3
1233790 2249.3
1233800 2257.3
1233810 2265.6
1233820 2265.6
1233830 2274.1
1233840 2282.8
1233850 2282.8
1233860 2291.2
1233870 2303.1
1233880 2303.1
1233890 2311.5
1233900 2315.7
1233910 2315.7
1233920 2320.5
1233930 2326.1
1233940 2326.1
1233950 2331.4
1233960 2335.4
1233970 2339.5
1233980 2339.5
1233990 2344.1
1234000 2349.8
1234010 2349.8
1234020 2356.4
1234030 2366.7
1234040 2366.7
1234050 2376.3
1234060 2384.7
1234070 2384.7
1234080 2395.3
1234090 2404.6
1234100 2404.6
1234110 2412.7
1234120 2418.5
1234130 2418.5
1234140 2422.2
1234150 2425.8
1234160 2425.8
1234170 2429.6
1234180 2432.2
1234190 2433.6
1234200 2433.6
1234210 2434.0
1234220 2435.6
1234230 2435.6
1234240 2434.0
1234250 2436.8
1234260 2436.8
1234270 2438.5
1234280 2441.7
1234290 2441.7
1234300 2447.4
1234310 2453.0
1234320 2453.0
1234330 2456.4
1234340 2458.0
1234350 2458.0
1234360 2458.7
1234370 2458.9
1234380 2458.9
1234390 2459.8
1234400 2460.9
1234410 2460.9
1234420 2462.6
1234430 2463.8
1234440 2463.6
1234450 2463.6
1234460 2463.9
1234470 2465.3
1234480 2465.3
1234490 2465.6
1234500 2465.4
1234510 2465.4
1234520 2465.7
1234530 2464.9
1234540 2464.9
1234550 2463.8
1234560 2463.9
1234570 2463.9
1234580 2464.4
1234590 2465.5
1234600 2465.5
1234610 2466.8
1234620 2469.4
1234630 2469.4
1234640 2473.0
1234650 2474.9
1234660 2476.6
1234670 2476.6
1234680 2478.3
1234690 2481.1
1234700 2481.1
1234710 2486.1
1234720 2492.4
1234730 2492.4
1234740 2499.0
1234750 2506.4
1234760 2506.4
1234770 2512.8
1234780 2519.2
1234790 2519.2
1234800 2525.4
1234810 2531.6
1234820 2531.6
1234830 2537.6
1234840 2542.3
1234850 2542.3
1234860 2544.9
1234870 2546.4
1234880 2546.4
1234890 2548.2
1234900 2548.7
1234910 2547.9
1234920 2547.9
1234930 2546.9
1234940 2545.1
1234950 2545.1
1234960 2543.3
1234970 2541.8
1234980 2541.8
1234990 2541.7
1235000 2542.0
1235010 2542.0
1235020 2541.4
1235030 2541.6
1235040 2541.6
1235050 2542.1
1235060 2544.7
1235070 2544.7
1235080 2548.5
1235090 2551.4
1235100 2551.4
1235110 2555.1
1235120 2558.8
1235130 2561.8
1235140 2561.8
1235150 2565.9
1235160 2570.2
1235170 2570.2
1235180 2575.1
1235190 2580.2
1235200 2580.2
1235210 2584.6
1235220 2589.3
1235230 2589.3
1235240 2594.3
1235250 2599.6
1235260 2598.6
1235270 2604.1
1235280 2610.2
1235290 2610.2
1235300 2616.4
1235310 2623.2
1235320 2623.2
1235330 2630.2
1235340 2637.0
1235350 2637.0
1235360 2642.8
1235370 2649.2
1235380 2657.8
1235390 2657.8
1235400 2668.5
1235410 2676.2
1235420 2676.2
1235430 2684.1
1235440 2697.6
1235450 2697.6
1235460 2714.9
1235470 2727.2
1235480 2727.2
1235490 2738.8
1235500 2751.6
1235510 2751.6
1235520 2759.9
1235530 2756.6
1235540 2756.6
1235550 2748.7
1235560 2737.9
1235570 2737.9
1235580 2728.9
1235590 2720.1
1235600 2711.8
1235610 2711.8
1235620 2704.2
1235630 2697.7
1235640 2697.7
1235650 2691.7
1235660 2687.6
1235670 2687.6
1235680 2684.9
1235690 2680.1
1235700 2680.1
1235710 2673.6
1235720 2669.9
1235730 2669.9
1235740 2668.7
1235750 2668.0
1235760 2668.0
1235770 2666.1
1235780 2664.4
1235790 2664.4
1235800 2661.1
1235810 2659.7
1235820 2659.7
1235830 2656.8
1235840 2653.0
1235850 2650.2
1235860 2650.2
1235870 2646.3
1235880 2643.2
1235890 2643.2
1235900 2639.2
1235910 2634.8
1235920 2634.8
1235930 2632.2
1235940 2628.7
1235950 2628.7
1235960 2627.4
1235970 2625.9
1235980 2625.9
1235990 2620.6
1236000 2614.5
1236010 2614.5
1236020 2609.6
1236030 2606.9
1236040 2606.9
1236050 2603.8
1236060 2599.1
1236070 2593.3
1236080 2593.3
1236090 2587.3
1236100 2581.1
1236110 2581.1
1236120 2573.8
1236130 2566.1
1236140 2566.1
1236150 2557.8
1236160 2551.7
1236170 2551.7
1236180 2548.6
1236190 2546.6
1236200 2546.6
1236210 2544.9
1236220 2541.4
1236230 2541.4
1236240 2538.0
1236250 2535.6
1236260 2535.6
1236270 2536.4
1236280 2537.8
1236290 2537.8
1236300 2532.4
1236310 2526.7
1236320 2522.3
1236330 2522.3
1236340 2517.7
1236350 2513.7
1236360 2513.7
1236370 2508.7
1236380 2503.8
1236390 2503.8
1236400 2499.9
1236410 2496.8
1236420 2496.8
1236430 2492.9
1236440 2485.9
1236450 2485.9
1236460 2477.9
1236470 2470.2
1236480 2470.2
1236490 2462.6
1236500 2455.0
1236510 2455.0
1236520 2448.0
1236530 2443.5
1236540 2440.9
1236550 2440.9
1236560 2438.9
1236570 2434.8
1236580 2434.8
1236590 2429.5
1236600 2423.6
1236610 2423.6
1236620 2417.5
1236630 2411.6
1236640 2411.6
1236650 2405.4
1236660 2400.2
1236670 2400.2
1236680 2395.6
1236690 2391.0
1236700 2391.0
1236710 2386.5
1236720 2381.7
1236730 2381.7
1236740 2377.9
1236750 2373.9
1236760 2373.9
1236770 2370.4
1236780 2367.3
1236790 2365.1
1236800 2366.9
1236810 2365.5
1236820 2364.4
1236830 2364.4
1236840 2362.7
1236850 2361.2
1236860 2361.2
1236870 2359.2
1236880 2356.6
1236890 2356.6
1236900 2353.6
1236910 2350.4
1236920 2350.4
1236930 2347.4
1236940 2344.4
1236950 2344.4
1236960 2340.9
1236970 2337.4
1236980 2337.4
1236990 2335.2
1237000 2334.6
1237010 2334.6
1237020 2334.1
1237030 2333.0
1237040 2332.1
1237050 2332.1
1237060 2330.6
1237070 2328.2
1237080 2328.2
1237090 2325.4
1237100 2322.9
1237110 2322.9
1237120 2320.6
1237130 2318.2
1237140 2318.2
1237150 2316.0
1237160 2313.3
1237170 2313.3
1237180 2309.0
1237190 2304.3
1237200 2304.3
1237210 2299.9
1237220 2296.2
1237230 2296.2
1237240 2292.8
1237250 2290.5
1237260 2290.1
1237270 2290.1
1237280 2289.6
1237290 2289.3
1237300 2289.3
1237310 2290.2
1237320 2287.3
1237330 2287.3
1237340 2285.8
1237350 2283.7
1237360 2283.7
1237370 2281.0
1237380 2277.6
1237390 2277.6
1237400 2273.3
1237410 2267.7
1237420 2267.7
1237430 2260.3
1237440 2253.9
1237450 2253.9
1237460 2249.1
1237470 2244.7
1237480 2244.7
1237490 2241.9
1237500 2237.4
1237510 2232.3
1237520 2232.3
1237530 2225.2
1237540 2217.2
1237550 2217.2
1237560 2209.9
1237570 2203.1
1237580 2203.1
1237590 2196.8
1237600 2192.9
1237610 2192.9
1237620 2190.2
1237630 2186.2
1237640 2186.2
1237650 2181.9
1237660 2178.2
1237670 2178.2
1237680 2175.7
1237690 2172.1
1237700 2172.1
1237710 2167.1
1237720 2162.0
1237730 2158.7
1237740 2158.7
1237750 2155.5
1237760 2151.9
1237770 2151.9
1237780 2148.1
1237790 2142.7
1237800 2142.7
1237810 2137.6
1237820 2131.5
1237830 2131.5
1237840 2125.3
1237850 2119.6
1237860 2119.6
1237870 2114.2
1237880 2109.5
1237890 2109.5
1237900 2104.0
1237910 2098.9
1237920 2098.9
1237930 2093.5
1237940 2087.4
1237950 2087.4
1237960 2081.3
1237970 2075.6
1237980 2070.0
1237990 2070.0
1238000 2060.9
1238010 2053.8
1238020 2053.8
1238030 2049.2
1238040 2044.0
1238050 2044.0
1238060 2039.0
1238070 2034.4
1238080 2034.4
1238090 2031.4
1238100 2028.3
1238110 2028.3
1238120 2024.0
1238130 2017.9
1238140 2017.9
1238150 2012.3
1238160 2007.1
1238170 2007.1
1238180 2001.4
1238190 1995.7
1238200 1991.2
1238210 1991.2
1238220 1985.5
1238230 1981.0
1238240 1981.0
1238250 1977.9
1238260 1975.5
1238270 1975.5
1238280 1972.6
1238290 1970.4
1238300 1970.4
1238310 1968.9
1238320 1966.5
1238330 1966.5
1238340 1966.5
1238350 1963.0
1238360 1963.0
1238370 1960.0
1238380 1956.4
1238390 1956.4
1238400 1952.4
1238410 1949.0
1238420 1949.0
1238430 1945.9
1238440 1943.1
1238450 1940.5
1238460 1940.5
1238470 1937.6
1238480 1933.1
1238490 1933.1
1238500 1929.7
1238510 1926.9
1238520 1926.9
1238530 1924.0
1238540 1920.8
1238550 1920.8
1238560 1917.6
1238570 1913.8
1238580 1913.8
1238590 1910.8
1238600 1907.6
1238610 1907.6
1238620 1903.4
1238630 1899.3
1238640 1899.3
1238650 1894.4
1238660 1889.4
1238670 1885.8
1238680 1885.8
1238690 1883.3
1238700 1879.9
1238710 1879.9
1238720 1875.2
1238730 1869.5
1238740 1869.5
1238750 1863.2
1238760 1856.5
1238770 1856.5
1238780 1850.3
1238790 1842.9
1238800 1842.9
1238810 1836.6
1238820 1830.2
1238830 1830.2
1238840 1827.6
1238850 1823.0
1238860 1823.0
1238870 1819.2
1238880 1816.1
1238890 1816.1
1238900 1813.0
1238910 1809.8
1238920 1806.1
1238930 1806.1
1238940 1801.0
1238950 1794.7
1238960 1794.7
1238970 1788.3
1238980 1782.6
1238990 1782.6
1239000 1777.2
1239010 1772.1
1239020 1772.1
1239030 1769.2
1239040 1765.2
1239050 1765.2
1239060 1762.8
1239070 1760.1
1239080 1760.1
1239090 1756.9
1239100 1753.6
1239110 1753.6
1239120 1750.2
1239130 1747.4
1239140 1745.4
1239150 1745.4
1239160 1742.9
1239170 1737.2
1239180 1737.2
1239190 1732.5
1239200 1730.4
1239210 1730.4
1239220 1728.8
1239230 1726.1
1239240 1726.1
1239250 1723.4
1239260 1720.4
1239270 1720.4
1239280 1717.2
1239290 1713.4
1239300 1713.4
1239310 1709.0
1239320 1705.1
1239330 1705.1
1239340 1700.2
1239350 1692.9
1239360 1692.9
1239370 1687.9
1239380 1683.3
1239390 1678.5
1239400 1678.5
1239410 1675.4
1239420 1673.3
1239430 1673.3
1239440 1670.0
1239450 1666.5
1239460 1666.5
1239470 1662.0
1239480 1660.7
1239490 1660.7
1239500 1660.0
1239510 1655.9
1239520 1655.9
1239530 1651.0
1239540 1647.2
1239550 1647.2
1239560 1642.8
1239570 1637.9
1239580 1637.9
1239590 1632.5
1239600 1629.5
1239610 1624.5
1239620 1624.5
1239630 1618.0
1239640 1611.6
1239650 1611.6
1239660 1604.6
1239670 1598.5
1239680 1598.5
1239690 1592.2
1239700 1585.9
1239710 1585.9
1239720 1580.5
1239730 1577.8
1239740 1577.8
1239750 1571.6
1239760 1571.8
1239770 1571.8
1239780 1574.4
1239790 1579.8
1239800 1579.8
1239810 1582.5
1239820 1584.4
1239830 1584.4
1239840 1586.1
1239850 1588.2
1239860 1590.7
1239870 1590.7
1239880 1593.5
1239890 1596.9
1239900 1596.9
1239910 1601.1
1239920 1609.3
1239930 1609.3
1239940 1617.8
1239950 1626.2
1239960 1626.2
1239970 1635.4
1239980 1644.6
1239990 1644.6
