1220000 2342.3
1220010 2351.4
1220020 2351.4
1220030 2360.1
1220040 2371.1
1220050 2371.1
1220060 2380.6
1220070 2387.0
1220080 2387.0
1220090 2391.2
1220100 2394.5
1220110 2394.5
1220120 2398.3
1220130 2402.3
1220140 2402.3
1220150 2407.2
1220160 2411.7
1220170 2411.7
1220180 2416.1
1220190 2420.9
1220200 2426.4
1220210 2426.4
1220220 2431.8
1220230 2434.5
1220240 2434.5
1220250 2440.3
1220260 2450.6
1220270 2450.6
1220280 2461.2
1220290 2465.1
1220300 2465.1
1220310 2470.7
1220320 2477.9
1220330 2477.9
1220340 2482.8
1220350 2481.7
1220360 2481.7
1220370 2482.9
1220380 2483.6
1220390 2483.6
1220400 2491.2
1220410 2495.7
1220420 2495.7
1220430 2496.0
1220440 2489.6
1220450 2497.6
1220460 2497.6
1220470 2516.9
1220480 2535.8
1220490 2535.8
1220500 2549.6
1220510 2562.4
1220520 2562.4
1220530 2574.3
1220540 2588.3
1220550 2588.3
1220560 2605.4
1220570 2618.3
1220580 2618.3
1220590 2627.7
1220600 2633.0
1220610 2633.0
1220620 2637.3
1220630 2641.8
1220640 2641.8
1220650 2645.7
1220660 2648.8
1220670 2652.6
1220680 2652.6
1220690 2657.2
1220700 2662.7
1220710 2662.7
1220720 2668.3
1220730 2674.2
1220740 2674.2
1220750 2680.1
1220760 2687.1
1220770 2687.1
1220780 2691.2
1220790 2694.7
1220800 2694.7
1220810 2707.2
1220820 2716.1
1220830 2707.7
1220840 2710.5
1220850 2717.1
1220860 2717.1
1220870 2723.4
1220880 2728.0
1220890 2728.0
1220900 2731.7
1220910 2732.8
1220920 2735.4
1220930 2735.4
1220940 2740.5
1220950 2747.1
1220960 2747.1
1220970 2754.6
1220980 2760.3
1220990 2760.3
1221000 2768.9
1221010 2778.3
1221020 2778.3
1221030 2785.7
1221040 2791.5
1221050 2791.5
1221060 2799.4
1221070 2806.5
1221080 2806.5
1221090 2813.3
1221100 2822.0
1221110 2822.0
1221120 2834.5
1221130 2847.8
1221140 2853.6
1221150 2853.6
1221160 2860.7
1221170 2873.1
1221180 2873.1
1221190 2886.0
1221200 2901.8
1221210 2901.8
1221220 2919.6
1221230 2928.6
1221240 2928.6
1221250 2930.7
1221260 2934.4
1221270 2934.4
1221280 2940.4
1221290 2947.8
1221300 2947.8
1221310 2951.1
1221320 2960.4
1221330 2960.4
1221340 2971.2
1221350 2980.6
1221360 2980.6
1221370 2982.4
1221380 2967.8
1221390 2951.0
1221400 2951.0
1221410 2940.3
1221420 2930.7
1221430 2930.7
1221440 2920.2
1221450 2909.6
1221460 2909.6
1221470 2902.9
1221480 2897.0
1221490 2897.0
1221500 2891.5
1221510 2886.6
1221520 2886.6
1221530 2882.0
1221540 2876.9
1221550 2876.9
1221560 2871.0
1221570 2865.6
1221580 2865.6
1221590 2861.1
1221600 2857.1
1221610 2857.1
1221620 2855.1
1221630 2855.7
1221640 2855.9
1221650 2855.9
1221660 2855.9
1221670 2852.2
1221680 2852.2
1221690 2853.1
1221700 2854.7
1221710 2854.7
1221720 2854.7
1221730 2854.8
1221740 2854.8
1221750 2853.9
1221760 2853.8
1221770 2853.8
1221780 2854.7
1221790 2856.0
1221800 2847.5
1221810 2849.6
1221820 2850.4
1221830 2850.4
1221840 2851.0
1221850 2851.7
1221860 2852.3
1221870 2852.3
1221880 2853.0
1221890 2855.3
1221900 2855.3
1221910 2856.8
1221920 2856.7
1221930 2856.7
1221940 2856.7
1221950 2858.1
1221960 2858.1
1221970 2856.3
1221980 2851.1
1221990 2851.1
1222000 2845.1
1222010 2839.9
1222020 2839.9
1222030 2832.3
1222040 2824.2
1222050 2824.2
1222060 2818.5
1222070 2812.5
1222080 2812.5
1222090 2804.4
1222100 2795.9
1222110 2785.0
1222120 2785.0
1222130 2772.6
1222140 2757.6
1222150 2757.6
1222160 2744.8
1222170 2731.8
1222180 2731.8
1222190 2718.8
1222200 2711.2
1222210 2711.2
1222220 2701.7
1222230 2689.3
1222240 2689.3
1222250 2678.2
1222260 2671.2
1222270 2671.2
1222280 2671.6
1222290 2669.5
1222300 2669.5
1222310 2666.4
1222320 2661.9
1222330 2661.9
1222340 2656.3
1222350 2650.3
1222360 2644.3
1222370 2644.3
1222380 2638.6
1222390 2633.0
1222400 2633.0
1222410 2627.8
1222420 2622.6
1222430 2622.6
1222440 2618.6
1222450 2615.6
1222460 2615.6
1222470 2612.9
1222480 2610.2
1222490 2610.2
1222500 2608.3
1222510 2607.0
1222520 2607.0
1222530 2605.3
1222540 2602.8
1222550 2602.8
1222560 2600.9
1222570 2599.2
1222580 2599.8
1222590 2599.8
1222600 2597.7
1222610 2591.3
1222620 2591.3
1222630 2584.5
1222640 2582.6
1222650 2582.6
1222660 2582.3
1222670 2581.7
1222680 2581.7
1222690 2582.1
1222700 2581.1
1222710 2581.1
1222720 2579.6
1222730 2578.4
1222740 2578.4
1222750 2577.2
1222760 2578.3
1222770 2578.3
1222780 2575.9
1222790 2574.3
1222800 2574.3
1222810 2574.2
1222820 2574.4
1222830 2573.0
1222840 2573.0
1222850 2570.4
1222860 2566.4
1222870 2566.4
1222880 2566.3
1222890 2569.3
1222900 2569.3
1222910 2567.8
1222920 2567.3
1222930 2567.3
1222940 2569.4
1222950 2567.8
1222960 2567.8
1222970 2563.6
1222980 2560.8
1222990 2560.8
1223000 2557.1
1223010 2553.4
1223020 2553.4
1223030 2547.4
1223040 2539.9
1223050 2539.9
1223060 2533.4
1223070 2529.5
1223080 2526.8
1223090 2526.8
1223100 2522.4
1223110 2513.5
1223120 2513.5
1223130 2503.5
1223140 2499.0
1223150 2499.0
1223160 2491.9
1223170 2488.7
1223180 2488.7
1223190 2484.2
1223200 2479.6
1223210 2479.6
1223220 2475.7
1223230 2472.1
1223240 2472.1
1223250 2473.4
1223260 2471.3
1223270 2471.3
1223280 2470.8
1223290 2470.2
1223300 2467.4
1223310 2467.4
1223320 2463.5
1223330 2460.1
1223340 2460.1
1223350 2457.2
1223360 2454.2
1223370 2454.2
1223380 2450.6
1223390 2446.1
1223400 2446.1
1223410 2442.5
1223420 2440.3
1223430 2440.3
1223440 2438.8
1223450 2436.7
1223460 2436.7
1223470 2434.5
1223480 2431.9
1223490 2431.9
1223500 2428.4
1223510 2425.1
1223520 2425.1
1223530 2422.0
1223540 2419.5
1223550 2416.8
1223560 2416.8
1223570 2413.3
1223580 2409.1
1223590 2409.1
1223600 2405.8
1223610 2402.6
1223620 2402.6
1223630 2397.6
1223640 2390.7
1223650 2390.7
1223660 2383.0
1223670 2376.5
1223680 2376.5
1223690 2370.1
1223700 2363.4
1223710 2363.4
1223720 2355.8
1223730 2348.4
1223740 2351.3
1223750 2343.8
1223760 2336.5
1223770 2336.5
1223780 2329.5
1223790 2322.8
1223800 2316.1
1223810 2316.1
1223820 2309.7
1223830 2303.4
1223840 2303.4
1223850 2296.0
1223860 2288.8
1223870 2288.8
1223880 2281.2
1223890 2275.3
1223900 2275.3
1223910 2269.7
1223920 2264.2
1223930 2264.2
1223940 2259.3
1223950 2254.5
1223960 2254.5
1223970 2250.0
1223980 2245.7
1223990 2245.7
1224000 2241.6
1224010 2237.6
1224020 2233.6
1224030 2233.6
1224040 2229.6
1224050 2225.6
1224060 2225.6
1224070 2221.8
1224080 2218.5
1224090 2218.5
1224100 2216.0
1224110 2213.8
1224120 2213.8
1224130 2211.8
1224140 2210.2
1224150 2210.2
1224160 2208.8
1224170 2207.6
1224180 2207.6
1224190 2206.4
1224200 2205.1
1224210 2205.1
1224220 2203.9
1224230 2202.9
1224240 2202.9
1224250 2201.7
1224260 2200.9
1224270 2200.1
1224280 2200.1
1224290 2198.5
1224300 2197.2
1224310 2197.2
1224320 2196.4
1224330 2195.1
1224340 2195.1
1224350 2193.8
1224360 2192.7
1224370 2192.7
1224380 2191.4
1224390 2190.3
1224400 2190.3
1224410 2189.8
1224420 2189.4
1224430 2189.4
1224440 2189.1
1224450 2188.8
1224460 2188.8
1224470 2188.6
1224480 2189.2
1224490 2189.2
1224500 2187.2
1224510 2186.1
1224520 2184.7
1224530 2184.7
1224540 2182.7
1224550 2181.2
1224560 2181.2
1224570 2180.5
1224580 2180.7
1224590 2180.7
1224600 2177.8
1224610 2175.4
1224620 2175.4
1224630 2173.0
1224640 2172.1
1224650 2172.1
1224660 2171.0
1224670 2170.2
1224680 2170.2
1224690 2170.2
1224700 2169.8
1224710 2167.9
1224720 2166.5
1224730 2164.1
1224740 2162.1
1224750 2162.1
1224760 2160.0
1224770 2158.3
1224780 2158.3
1224790 2157.3
1224800 2156.5
1224810 2156.5
1224820 2155.9
1224830 2155.4
1224840 2155.4
1224850 2155.3
1224860 2154.3
1224870 2154.3
1224880 2153.3
1224890 2152.8
1224900 2152.8
1224910 2153.8
1224920 2154.2
1224930 2154.2
1224940 2154.0
1224950 2153.4
1224960 2153.4
1224970 2152.3
1224980 2151.6
1224990 2151.1
1225000 2151.1
1225010 2151.0
1225020 2151.7
1225030 2151.7
1225040 2152.8
1225050 2152.9
1225060 2152.9
1225070 2152.6
1225080 2151.8
1225090 2151.8
1225100 2151.5
1225110 2152.6
1225120 2152.6
1225130 2153.0
1225140 2152.9
1225150 2152.9
1225160 2152.8
1225170 2152.2
1225180 2152.2
1225190 2151.7
1225200 2150.3
1225210 2150.3
1225220 2149.8
1225230 2150.3
1225240 2151.8
1225250 2151.8
1225260 2152.7
1225270 2150.8
1225280 2150.8
1225290 2147.9
1225300 2146.0
1225310 2146.0
1225320 2144.9
1225330 2143.5
1225340 2143.5
1225350 2140.9
1225360 2138.8
1225370 2138.8
1225380 2138.8
1225390 2139.8
1225400 2139.8
1225410 2142.1
1225420 2145.5
1225430 2145.5
1225440 2147.8
1225450 2150.1
1225460 2152.4
1225470 2152.4
1225480 2155.1
1225490 2157.2
1225500 2157.2
1225510 2159.9
1225520 2162.1
1225530 2162.1
1225540 2163.9
1225550 2164.2
1225560 2164.2
1225570 2164.8
1225580 2162.8
1225590 2162.8
1225600 2165.0
1225610 2173.6
1225620 2173.6
1225630 2182.0
1225640 2187.8
1225650 2187.8
1225660 2192.2
1225670 2196.0
1225680 2196.0
1225690 2191.7
1225700 2194.8
1225710 2200.0
1225720 2200.0
1225730 2205.6
1225740 2209.3
1225750 2209.3
1225760 2215.2
1225770 2220.8
1225780 2220.8
1225790 2224.4
1225800 2227.4
1225810 2227.4
1225820 2230.3
1225830 2233.4
1225840 2233.4
1225850 2237.4
1225860 2241.1
1225870 2241.1
1225880 2244.7
1225890 2248.1
1225900 2248.1
1225910 2250.6
1225920 2253.0
1225930 2255.4
1225940 2255.4
1225950 2257.7
1225960 2260.7
1225970 2260.7
1225980 2264.5
1225990 2268.3
1226000 2268.3
1226010 2272.1
1226020 2275.6
1226030 2275.6
1226040 2278.1
1226050 2279.2
1226060 2279.2
1226070 2279.5
1226080 2278.9
1226090 2278.9
1226100 2277.0
1226110 2275.5
1226120 2275.5
1226130 2274.7
1226140 2274.4
1226150 2274.4
1226160 2273.9
1226170 2273.4
1226180 2267.5
1226190 2267.5
1226200 2265.4
1226210 2262.8
1226220 2262.8
1226230 2258.7
1226240 2257.3
1226250 2257.3
1226260 2256.7
1226270 2255.2
1226280 2255.2
1226290 2253.7
1226300 2255.3
1226310 2255.3
1226320 2256.1
1226330 2259.6
1226340 2259.6
1226350 2265.2
1226360 2271.0
1226370 2271.0
1226380 2275.7
1226390 2279.4
1226400 2279.4
1226410 2282.3
1226420 2286.0
1226430 2289.3
1226440 2289.3
1226450 2293.3
1226460 2297.4
1226470 2297.4
1226480 2301.0
1226490 2305.3
1226500 2305.3
1226510 2310.2
1226520 2313.9
1226530 2313.9
1226540 2316.2
1226550 2317.6
1226560 2317.6
1226570 2318.9
1226580 2319.9
1226590 2319.9
1226600 2320.5
1226610 2320.5
1226620 2320.5
1226630 2319.8
1226640 2318.5
1226650 2316.9
1226660 2316.9
1226670 2309.1
1226680 2307.9
1226690 2307.9
1226700 2306.1
1226710 2303.6
1226720 2303.6
1226730 2301.8
1226740 2300.6
1226750 2300.6
1226760 2299.4
1226770 2298.5
1226780 2298.5
1226790 2295.7
1226800 2291.8
1226810 2291.8
1226820 2287.6
1226830 2284.4
1226840 2284.4
1226850 2281.9
1226860 2279.8
1226870 2279.8
1226880 2277.6
1226890 2275.8
1226900 2274.9
1226910 2274.9
1226920 2274.5
1226930 2274.3
1226940 2274.3
1226950 2274.3
1226960 2273.8
1226970 2273.8
1226980 2275.6
1226990 2279.1
1227000 2279.1
1227010 2280.3
1227020 2279.0
1227030 2279.0
1227040 2278.4
1227050 2277.9
1227060 2277.9
1227070 2276.0
1227080 2273.9
1227090 2273.9
1227100 2273.0
1227110 2271.8
1227120 2271.8
1227130 2272.4
1227140 2271.7
1227150 2271.4
1227160 2271.4
1227170 2269.3
1227180 2270.3
1227190 2270.3
1227200 2272.6
1227210 2273.6
1227220 2273.6
1227230 2271.5
1227240 2264.9
1227250 2264.9
1227260 2261.3
1227270 2264.6
1227280 2264.6
1227290 2270.5
1227300 2276.7
1227310 2276.7
1227320 2281.7
1227330 2285.9
1227340 2285.9
1227350 2291.3
1227360 2297.3
1227370 2303.6
1227380 2303.6
1227390 2310.6
1227400 2317.5
1227410 2317.5
1227420 2324.6
1227430 2329.4
1227440 2329.4
1227450 2331.7
1227460 2332.9
1227470 2332.9
1227480 2334.1
1227490 2337.1
1227500 2337.1
1227510 2341.4
1227520 2346.7
1227530 2346.7
1227540 2352.5
1227550 2358.0
1227560 2358.0
1227570 2362.8
1227580 2366.9
1227590 2366.9
1227600 2371.1
1227610 2374.7
1227620 2378.3
1227630 2378.3
1227640 2382.4
1227650 2387.2
1227660 2388.3
1227670 2390.6
1227680 2393.3
1227690 2393.3
1227700 2398.7
1227710 2406.2
1227720 2406.2
1227730 2410.3
1227740 2411.0
1227750 2411.0
1227760 2410.5
1227770 2411.0
1227780 2411.0
1227790 2414.5
1227800 2415.7
1227810 2415.7
1227820 2416.5
1227830 2417.3
1227840 2417.3
1227850 2417.0
1227860 2417.1
1227870 2418.3
1227880 2418.3
1227890 2419.8
1227900 2420.8
1227910 2420.8
1227920 2420.5
1227930 2420.1
1227940 2420.1
1227950 2420.9
1227960 2422.5
1227970 2422.5
1227980 2424.7
1227990 2426.4
1228000 2426.4
1228010 2429.3
1228020 2433.1
1228030 2433.1
1228040 2436.5
1228050 2441.0
1228060 2441.0
1228070 2445.3
1228080 2448.2
1228090 2450.0
1228100 2450.0
1228110 2450.8
1228120 2452.4
1228130 2452.4
1228140 2454.8
1228150 2459.9
1228160 2460.6
1228170 2468.1
1228180 2475.7
1228190 2475.7
1228200 2482.3
1228210 2485.9
1228220 2485.9
1228230 2493.2
1228240 2509.6
1228250 2509.6
1228260 2520.4
1228270 2522.9
1228280 2522.9
1228290 2531.2
1228300 2548.3
1228310 2548.3
1228320 2554.3
1228330 2553.4
1228340 2551.9
1228350 2551.9
1228360 2564.3
1228370 2577.0
1228380 2577.0
1228390 2585.0
1228400 2601.6
1228410 2601.6
1228420 2626.6
1228430 2641.4
1228440 2641.4
1228450 2647.6
1228460 2650.4
1228470 2650.4
1228480 2653.0
1228490 2658.0
1228500 2658.0
1228510 2665.4
1228520 2674.4
1228530 2674.4
1228540 2682.8
1228550 2689.5
1228560 2696.5
1228570 2696.5
1228580 2702.1
1228590 2707.5
1228600 2707.5
1228610 2713.9
1228620 2721.4
1228630 2721.4
1228640 2727.3
1228650 2728.3
1228660 2728.3
1228670 2733.8
1228680 2739.5
1228690 2739.5
1228700 2744.5
1228710 2748.8
1228720 2748.8
1228730 2753.1
1228740 2756.7
1228750 2756.7
1228760 2760.8
1228770 2765.8
1228780 2765.8
1228790 2772.0
1228800 2779.1
1228810 2786.4
1228820 2786.4
1228830 2793.7
1228840 2803.9
1228850 2803.9
1228860 2822.5
1228870 2825.5
1228880 2825.5
1228890 2824.4
1228900 2823.8
1228910 2823.8
1228920 2823.2
1228930 2823.2
1228940 2823.2
1228950 2822.8
1228960 2823.1
1228970 2823.1
1228980 2823.3
1228990 2823.4
1229000 2823.4
1229010 2823.9
1229020 2825.2
1229030 2825.2
1229040 2825.5
1229050 2824.1
1229060 2818.1
1229070 2818.1
1229080 2816.0
1229090 2814.2
1229100 2814.2
1229110 2808.9
1229120 2802.9
1229130 2802.9
1229140 2798.3
1229150 2785.7
1229160 2785.7
1229170 2781.1
1229180 2778.0
1229190 2778.0
1229200 2776.8
1229210 2776.6
1229220 2776.6
1229230 2778.0
1229240 2781.0
1229250 2781.0
1229260 2783.6
1229270 2787.1
1229280 2791.6
1229290 2791.6
1229300 2798.1
1229310 2804.3
1229320 2804.3
1229330 2808.9
1229340 2812.9
1229350 2812.9
1229360 2817.7
1229370 2821.9
1229380 2821.9
1229390 2825.1
1229400 2829.0
1229410 2829.0
1229420 2834.7
1229430 2841.0
1229440 2841.0
1229450 2847.2
1229460 2853.3
1229470 2853.3
1229480 2859.8
1229490 2866.4
1229500 2866.4
1229510 2873.3
1229520 2880.5
1229530 2887.9
1229540 2887.9
1229550 2895.6
1229560 2906.1
1229570 2906.1
1229580 2919.9
1229590 2928.3
1229600 2928.3
1229610 2942.0
1229620 2957.1
1229630 2957.1
1229640 2961.9
1229650 2970.9
1229660 2970.9
1229670 2972.2
1229680 2985.3
1229690 2985.3
1229700 2997.8
1229710 3009.8
1229720 3009.8
1229730 3016.4
1229740 3027.5
1229750 3027.5
1229760 3037.2
1229770 3039.0
1229780 3035.2
1229790 3035.2
1229800 3031.9
1229810 3028.6
1229820 3028.6
1229830 3025.5
1229840 3022.8
1229850 3022.8
1229860 3020.9
1229870 3019.3
1229880 3019.3
1229890 3017.6
1229900 3016.1
1229910 3016.1
1229920 3014.6
1229930 3012.7
1229940 3012.7
1229950 3011.4
1229960 3010.7
1229970 3010.7
1229980 3010.1
1229990 3009.3
1230000 3008.5
1230010 3008.5
1230020 3007.8
1230030 3007.4
1230040 3007.4
1230050 3007.8
1230060 3008.8
1230070 3008.8
1230080 3009.1
1230090 3009.7
1230100 3009.7
1230110 3009.6
1230120 3008.3
1230130 3008.3
1230140 3008.5
1230150 3007.7
1230160 3007.7
1230170 3005.3
1230180 2998.9
1230190 2998.9
1230200 2993.1
1230210 2983.8
1230220 2983.8
1230230 2971.6
1230240 2964.6
1230250 2960.5
1230260 2960.5
1230270 2954.9
1230280 2943.9
1230290 2943.9
1230300 2934.6
1230310 2930.3
1230320 2930.3
1230330 2929.5
1230340 2928.0
1230350 2928.0
1230360 2926.0
1230370 2926.2
1230380 2926.2
1230390 2928.1
1230400 2932.1
1230410 2932.1
1230420 2935.7
1230430 2938.7
1230440 2938.7
1230450 2939.4
1230460 2937.2
1230470 2937.2
1230480 2935.2
1230490 2934.6
1230500 2935.1
1230510 2935.1
1230520 2935.4
1230530 2933.0
1230540 2933.0
1230550 2923.0
1230560 2913.4
1230570 2913.4
1230580 2906.0
1230590 2898.6
1230600 2898.6
1230610 2894.4
1230620 2895.2
1230630 2895.2
1230640 2893.2
1230650 2884.2
1230660 2884.2
1230670 2883.7
1230680 2881.8
1230690 2881.8
1230700 2878.6
1230710 2873.2
1230720 2869.2
1230730 2869.2
1230740 2866.4
1230750 2865.8
1230760 2865.8
1230770 2866.4
1230780 2865.9
1230790 2865.9
1230800 2865.8
1230810 2867.7
1230820 2867.7
1230830 2870.1
1230840 2872.6
1230850 2872.6
1230860 2876.6
1230870 2885.8
1230880 2885.8
1230890 2898.8
1230900 2896.3
1230910 2896.3
1230920 2882.5
1230930 2871.8
1230940 2871.8
1230950 2861.5
1230960 2851.4
1230970 2841.8
1230980 2841.8
1230990 2833.9
1231000 2826.7
1231010 2826.7
1231020 2819.9
1231030 2813.3
1231040 2813.3
1231050 2806.4
1231060 2799.3
1231070 2799.3
1231080 2792.6
1231090 2786.5
1231100 2786.5
1231110 2780.8
1231120 2775.1
1231130 2775.1
1231140 2769.6
1231150 2762.6
1231160 2762.6
1231170 2757.4
1231180 2752.6
1231190 2748.4
1231200 2748.4
1231210 2744.5
1231220 2740.7
1231230 2740.7
1231240 2736.7
1231250 2732.7
1231260 2732.7
1231270 2728.6
1231280 2725.3
1231290 2725.3
1231300 2721.8
1231310 2718.1
1231320 2718.1
1231330 2715.1
1231340 2712.1
1231350 2712.1
1231360 2708.7
1231370 2705.6
1231380 2705.6
1231390 2703.9
1231400 2701.0
1231410 2701.0
1231420 2699.7
1231430 2698.5
1231440 2695.9
1231450 2695.9
1231460 2695.3
1231470 2696.6
1231480 2696.6
1231490 2697.8
1231500 2698.5
1231510 2698.5
1231520 2698.5
1231530 2697.5
1231540 2697.5
1231550 2695.6
1231560 2694.2
1231570 2694.2
1231580 2695.2
1231590 2696.9
1231600 2696.9
1231610 2697.3
1231620 2695.2
1231630 2695.2
1231640 2692.2
1231650 2680.3
1231660 2680.3
1231670 2681.4
1231680 2680.9
1231690 2673.7
1231700 2673.7
1231710 2666.1
1231720 2658.5
1231730 2658.5
1231740 2652.8
1231750 2647.7
1231760 2647.7
1231770 2642.6
1231780 2639.0
1231790 2639.0
1231800 2637.0
1231810 2636.1
1231820 2636.1
1231830 2635.4
1231840 2634.6
1231850 2634.6
1231860 2634.0
1231870 2633.6
1231880 2633.6
1231890 2632.7
1231900 2630.4
1231910 2626.9
1231920 2626.9
1231930 2623.0
1231940 2617.8
1231950 2617.8
1231960 2611.9
1231970 2606.0
1231980 2606.0
1231990 2602.1
1232000 2598.9
1232010 2598.9
1232020 2596.2
1232030 2595.6
1232040 2595.6
1232050 2596.5
1232060 2596.8
1232070 2596.8
1232080 2596.1
1232090 2597.3
1232100 2597.3
1232110 2598.9
1232120 2596.2
1232130 2596.2
1232140 2591.1
1232150 2581.9
1232160 2575.3
1232170 2575.3
1232180 2569.1
1232190 2562.0
1232200 2562.0
1232210 2550.8
1232220 2542.5
1232230 2542.5
1232240 2535.7
1232250 2530.2
1232260 2530.2
1232270 2526.8
1232280 2524.8
1232290 2524.8
1232300 2521.6
1232310 2519.0
1232320 2519.0
1232330 2517.5
1232340 2516.7
1232350 2516.7
1232360 2516.7
1232370 2516.5
1232380 2516.5
1232390 2515.5
1232400 2514.7
1232410 2513.4
1232420 2513.4
1232430 2511.5
1232440 2507.1
1232450 2507.1
1232460 2503.0
1232470 2501.5
1232480 2501.5
1232490 2500.3
1232500 2500.2
1232510 2500.2
1232520 2502.0
1232530 2504.4
1232540 2504.4
1232550 2506.1
1232560 2504.7
1232570 2504.7
1232580 2502.4
1232590 2498.2
1232600 2498.2
1232610 2495.0
1232620 2492.9
1232630 2492.4
1232640 2492.4
1232650 2491.6
1232660 2485.0
1232670 2485.0
1232680 2484.1
1232690 2485.0
1232700 2485.0
1232710 2488.1
1232720 2491.7
1232730 2491.7
1232740 2494.6
1232750 2496.0
1232760 2496.0
1232770 2496.3
1232780 2497.1
1232790 2497.1
1232800 2496.9
1232810 2498.8
1232820 2498.8
1232830 2501.2
1232840 2500.3
1232850 2500.3
1232860 2500.4
1232870 2500.4
1232880 2500.3
1232890 2500.3
1232900 2501.4
1232910 2503.2
1232920 2503.2
1232930 2504.7
1232940 2505.5
1232950 2505.5
1232960 2505.3
1232970 2504.0
1232980 2504.0
1232990 2501.0
1233000 2497.9
1233010 2497.9
1233020 2494.2
1233030 2488.6
1233040 2488.6
1233050 2484.8
1233060 2484.5
1233070 2484.5
1233080 2486.0
1233090 2485.7
1233100 2485.7
1233110 2483.0
1233120 2481.7
1233130 2480.7
1233140 2480.7
1233150 2477.8
1233160 2468.0
1233170 2468.0
1233180 2468.4
1233190 2471.0
1233200 2471.0
1233210 2477.5
1233220 2479.4
1233230 2479.4
1233240 2477.7
1233250 2470.9
1233260 2470.9
1233270 2457.3
1233280 2444.5
1233290 2444.5
1233300 2429.3
1233310 2424.2
1233320 2424.2
1233330 2417.1
1233340 2403.1
1233350 2389.4
1233360 2389.4
1233370 2376.2
1233380 2364.9
1233390 2364.9
1233400 2356.7
1233410 2348.1
1233420 2348.1
1233430 2338.2
1233440 2327.7
1233450 2327.7
1233460 2318.6
1233470 2309.7
1233480 2309.7
1233490 2301.9
1233500 2294.6
1233510 2294.6
1233520 2287.3
1233530 2280.3
1233540 2280.3
1233550 2273.4
1233560 2266.3
1233570 2266.3
1233580 2258.8
1233590 2251.0
1233600 2242.4
1233610 2242.4
1233620 2234.9
1233630 2228.0
1233640 2228.0
1233650 2221.1
1233660 2215.8
1233670 2219.4
1233680 2215.0
1233690 2210.7
1233700 2210.7
1233710 2207.1
1233720 2201.1
1233730 2201.1
1233740 2194.0
1233750 2186.7
1233760 2186.7
1233770 2181.6
1233780 2176.7
1233790 2176.7
1233800 2169.8
1233810 2164.3
1233820 2158.1
1233830 2158.1
1233840 2150.4
1233850 2140.3
1233860 2140.3
1233870 2132.3
1233880 2126.3
1233890 2126.3
1233900 2119.1
1233910 2112.4
1233920 2112.4
1233930 2106.7
1233940 2100.8
1233950 2100.8
1233960 2093.9
1233970 2087.0
1233980 2087.0
1233990 2082.8
1234000 2080.8
1234010 2080.8
1234020 2078.8
1234030 2077.6
1234040 2077.6
1234050 2076.0
1234060 2074.4
1234070 2072.9
1234080 2072.9
1234090 2071.5
1234100 2070.7
1234110 2070.7
1234120 2069.6
1234130 2065.7
1234140 2065.7
1234150 2061.4
1234160 2063.1
1234170 2064.5
1234180 2068.8
1234190 2071.8
1234200 2071.8
1234210 2074.0
1234220 2076.3
1234230 2076.3
1234240 2078.6
1234250 2080.3
1234260 2080.3
1234270 2081.3
1234280 2082.3
1234290 2082.3
1234300 2083.9
1234310 2085.7
1234320 2086.6
1234330 2086.6
1234340 2088.9
1234350 2090.2
1234360 2090.2
1234370 2090.8
1234380 2091.9
1234390 2091.9
1234400 2094.8
1234410 2097.5
1234420 2097.5
1234430 2099.7
1234440 2101.9
1234450 2101.9
1234460 2103.7
1234470 2105.1
1234480 2105.1
1234490 2107.4
1234500 2109.6
1234510 2109.6
1234520 2111.6
1234530 2114.0
1234540 2116.8
1234550 2116.8
1234560 2119.3
1234570 2122.1
1234580 2122.1
1234590 2124.7
1234600 2127.1
1234610 2127.1
1234620 2129.5
1234630 2132.1
1234640 2132.1
1234650 2134.6
1234660 2136.0
1234670 2136.0
1234680 2142.0
1234690 2143.1
1234700 2143.1
1234710 2148.9
1234720 2153.6
1234730 2153.6
1234740 2158.3
1234750 2162.9
1234760 2162.9
1234770 2167.1
1234780 2170.8
1234790 2174.0
1234800 2174.0
1234810 2176.8
1234820 2179.6
1234830 2179.6
1234840 2182.1
1234850 2184.2
1234860 2184.2
1234870 2185.9
1234880 2187.6
1234890 2187.6
1234900 2189.6
1234910 2191.9
1234920 2191.9
1234930 2193.7
1234940 2195.4
1234950 2195.4
1234960 2196.7
1234970 2198.4
1234980 2198.4
1234990 2200.3
1235000 2201.8
1235010 2201.8
1235020 2203.5
1235030 2206.0
1235040 2208.9
1235050 2208.9
1235060 2212.0
1235070 2215.0
1235080 2215.0
1235090 2217.4
1235100 2218.7
1235110 2218.7
1235120 2219.1
1235130 2218.6
1235140 2218.6
1235150 2221.5
1235160 2225.9
1235170 2225.9
1235180 2226.4
1235190 2240.4
1235200 2240.4
1235210 2243.1
1235220 2248.9
1235230 2248.9
1235240 2251.9
1235250 2250.0
1235260 2246.4
1235270 2246.4
1235280 2248.1
1235290 2258.1
1235300 2258.1
1235310 2268.1
1235320 2277.4
1235330 2277.4
1235340 2286.4
1235350 2294.0
1235360 2294.0
1235370 2299.0
1235380 2308.0
1235390 2308.0
1235400 2315.7
1235410 2322.6
1235420 2322.6
1235430 2330.3
1235440 2339.3
1235450 2339.3
1235460 2348.9
1235470 2356.8
1235480 2356.8
1235490 2363.1
1235500 2370.3
1235510 2380.3
1235520 2380.3
1235530 2389.4
1235540 2393.7
1235550 2393.7
1235560 2399.9
1235570 2409.5
1235580 2409.5
1235590 2419.9
1235600 2428.7
1235610 2428.7
1235620 2437.3
1235630 2444.5
1235640 2444.5
1235650 2453.5
1235660 2462.0
1235670 2462.0
1235680 2470.1
1235690 2479.9
1235700 2467.5
1235710 2477.3
1235720 2485.2
1235730 2497.4
1235740 2497.4
1235750 2509.5
1235760 2517.7
1235770 2517.7
1235780 2525.7
1235790 2530.4
1235800 2530.4
1235810 2532.0
1235820 2538.5
1235830 2538.5
1235840 2549.1
1235850 2560.4
1235860 2560.4
1235870 2572.1
1235880 2577.5
1235890 2577.5
1235900 2585.6
1235910 2595.9
1235920 2595.9
1235930 2602.0
1235940 2611.3
1235950 2611.3
1235960 2619.4
1235970 2625.2
1235980 2634.5
1235990 2634.5
1236000 2643.4
1236010 2652.8
1236020 2652.8
1236030 2664.2
1236040 2668.0
1236050 2668.0
1236060 2675.3
1236070 2682.6
1236080 2682.6
1236090 2687.8
1236100 2693.5
1236110 2693.5
1236120 2700.8
1236130 2705.5
1236140 2705.5
1236150 2707.9
1236160 2704.9
1236170 2704.9
1236180 2698.4
1236190 2694.4
1236200 2694.4
1236210 2677.6
1236220 2670.6
1236230 2664.4
1236240 2664.4
1236250 2652.8
1236260 2647.7
1236270 2647.7
1236280 2646.7
1236290 2646.7
1236300 2646.7
1236310 2640.7
1236320 2636.1
1236330 2636.1
1236340 2637.3
1236350 2632.3
1236360 2632.3
1236370 2625.7
1236380 2621.7
1236390 2621.7
1236400 2617.6
1236410 2612.9
1236420 2612.9
1236430 2607.6
1236440 2600.9
1236450 2593.1
1236460 2593.1
1236470 2584.6
1236480 2576.1
1236490 2576.1
1236500 2567.7
1236510 2560.0
1236520 2560.0
1236530 2552.9
1236540 2547.0
1236550 2547.0
1236560 2541.7
1236570 2537.0
1236580 2537.0
1236590 2532.3
1236600 2527.4
1236610 2527.4
1236620 2522.1
1236630 2516.4
1236640 2516.4
1236650 2510.6
1236660 2505.1
1236670 2505.1
1236680 2501.0
1236690 2498.7
1236700 2497.5
1236710 2497.5
1236720 2497.7
1236730 2495.7
1236740 2495.7
1236750 2497.4
1236760 2499.5
1236770 2499.5
1236780 2501.6
1236790 2503.9
1236800 2503.9
1236810 2505.0
1236820 2505.7
1236830 2505.7
1236840 2508.7
1236850 2510.7
1236860 2510.7
1236870 2511.9
1236880 2512.2
1236890 2512.2
1236900 2512.5
1236910 2513.5
1236920 2513.5
1236930 2517.4
1236940 2517.9
1236950 2517.9
1236960 2517.9
1236970 2518.8
1236980 2519.6
1236990 2519.6
1237000 2516.3
1237010 2509.1
1237020 2509.1
1237030 2500.6
1237040 2490.3
1237050 2490.3
1237060 2482.1
1237070 2474.1
1237080 2474.1
1237090 2465.3
1237100 2456.9
1237110 2456.9
1237120 2448.2
1237130 2437.3
1237140 2437.3
1237150 2425.8
1237160 2416.0
1237170 2408.5
1237180 2408.5
1237190 2400.8
1237200 2393.5
1237210 2393.5
1237220 2385.5
1237230 2378.1
1237240 2374.0
1237250 2366.6
1237260 2358.9
1237270 2358.9
1237280 2349.7
1237290 2341.5
1237300 2341.5
1237310 2334.8
1237320 2328.2
1237330 2328.2
1237340 2322.3
1237350 2317.4
1237360 2317.4
1237370 2313.2
1237380 2308.8
1237390 2308.8
1237400 2304.4
1237410 2300.3
1237420 2296.0
1237430 2296.0
1237440 2291.3
1237450 2286.9
1237460 2286.9
1237470 2283.0
1237480 2278.8
1237490 2278.8
1237500 2275.2
1237510 2271.1
1237520 2271.1
1237530 2265.0
1237540 2258.3
1237550 2258.3
1237560 2252.6
1237570 2246.6
1237580 2246.6
1237590 2241.2
1237600 2235.7
1237610 2235.7
1237620 2229.5
1237630 2223.9
1237640 2223.9
1237650 2218.3
1237660 2211.4
1237670 2205.9
1237680 2205.9
1237690 2199.2
1237700 2193.4
1237710 2193.4
1237720 2187.7
1237730 2181.3
1237740 2181.3
1237750 2174.4
1237760 2169.0
1237770 2169.0
1237780 2164.1
1237790 2159.3
1237800 2159.3
1237810 2153.1
1237820 2147.7
1237830 2147.7
1237840 2143.5
1237850 2139.8
1237860 2139.8
1237870 2135.6
1237880 2131.9
1237890 2127.4
1237900 2127.4
1237910 2122.8
1237920 2119.0
1237930 2119.0
1237940 2116.3
1237950 2113.8
1237960 2113.8
1237970 2111.0
1237980 2109.0
1237990 2109.0
1238000 2107.3
1238010 2104.8
1238020 2104.8
1238030 2102.6
1238040 2099.5
1238050 2099.5
1238060 2095.7
1238070 2092.1
1238080 2092.1
1238090 2089.4
1238100 2084.7
1238110 2084.7
1238120 2079.2
1238130 2075.6
1238140 2073.3
1238150 2073.3
1238160 2071.7
1238170 2070.3
1238180 2070.3
1238190 2068.5
1238200 2067.1
1238210 2067.1
1238220 2065.3
1238230 2062.9
1238240 2062.9
1238250 2060.2
1238260 2056.7
1238270 2051.6
1238280 2047.8
1238290 2043.8
1238300 2043.8
1238310 2040.9
1238320 2037.9
1238330 2037.9
1238340 2035.7
1238350 2033.2
1238360 2029.5
1238370 2029.5
1238380 2025.5
1238390 2020.2
1238400 2020.2
1238410 2014.9
1238420 2009.8
1238430 2009.8
1238440 2006.3
1238450 2003.0
1238460 2003.0
1238470 2000.1
1238480 1994.4
1238490 1994.4
1238500 1990.0
1238510 1987.4
1238520 1987.4
1238530 1987.4
1238540 1986.4
1238550 1986.4
1238560 1983.2
1238570 1982.4
1238580 1982.4
1238590 1982.7
1238600 1982.0
1238610 1980.7
1238620 1980.7
1238630 1977.9
1238640 1974.1
1238650 1974.1
1238660 1969.8
1238670 1965.7
1238680 1965.7
1238690 1962.5
1238700 1959.2
1238710 1959.2
1238720 1955.5
1238730 1951.4
1238740 1951.4
1238750 1946.9
1238760 1942.0
1238770 1942.0
1238780 1932.5
1238790 1928.4
1238800 1928.4
1238810 1924.1
1238820 1919.9
1238830 1919.9
1238840 1915.5
1238850 1911.6
1238860 1906.0
1238870 1906.0
1238880 1900.1
1238890 1895.1
1238900 1895.1
1238910 1889.6
1238920 1882.7
1238930 1882.7
1238940 1876.0
1238950 1870.8
1238960 1870.8
1238970 1868.2
1238980 1866.1
1238990 1866.1
1239000 1864.1
1239010 1860.4
1239020 1860.4
1239030 1856.3
1239040 1852.1
1239050 1852.1
1239060 1848.0
1239070 1843.6
1239080 1837.8
1239090 1837.8
1239100 1832.3
1239110 1827.0
1239120 1827.0
1239130 1821.8
1239140 1816.7
1239150 1816.7
1239160 1811.5
1239170 1806.4
1239180 1806.4
1239190 1800.4
1239200 1794.7
1239210 1794.7
1239220 1788.8
1239230 1783.4
1239240 1783.4
1239250 1777.7
1239260 1771.8
1239270 1771.8
1239280 1766.0
1239290 1760.2
1239300 1760.2
1239310 1754.1
1239320 1747.7
1239330 1740.9
1239340 1740.9
1239350 1734.2
1239360 1729.3
1239370 1729.3
1239380 1719.9
1239390 1704.3
1239400 1704.3
1239410 1690.6
1239420 1681.8
1239430 1681.8
1239440 1675.2
1239450 1668.7
1239460 1668.7
1239470 1662.0
1239480 1657.0
1239490 1657.0
1239500 1651.1
1239510 1636.7
1239520 1636.7
1239530 1623.4
1239540 1611.9
1239550 1611.9
1239560 1601.9
1239570 1593.5
1239580 1586.2
1239590 1586.2
1239600 1576.4
1239610 1568.6
1239620 1568.6
1239630 1562.5
1239640 1555.7
1239650 1555.7
1239660 1549.0
1239670 1542.5
1239680 1542.5
1239690 1536.4
1239700 1530.3
1239710 1530.3
1239720 1524.2
1239730 1517.9
1239740 1517.9
1239750 1512.4
1239760 1507.8
1239770 1507.8
1239780 1503.1
1239790 1499.1
1239800 1496.2
1239810 1496.2
1239820 1489.2
1239830 1485.9
1239840 1485.9
1239850 1482.9
1239860 1479.4
1239870 1479.4
1239880 1475.4
1239890 1470.6
1239900 1470.6
1239910 1465.9
1239920 1461.9
1239930 1461.9
1239940 1460.5
1239950 1460.2
1239960 1460.2
1239970 1460.9
1239980 1464.7
1239990 1464.7
