1220000 2407.3
1220010 2413.0
1220020 2417.2
1220030 2417.2
1220040 2421.1
1220050 2425.7
1220060 2425.7
1220070 2431.5
1220080 2436.6
1220090 2441.8
1220100 2441.8
1220110 2448.8
1220120 2456.9
1220130 2456.9
1220140 2463.9
1220150 2468.3
1220160 2468.3
1220170 2475.4
1220180 2488.5
1220190 2488.5
1220200 2498.4
1220210 2503.1
1220220 2503.1
1220230 2508.9
1220240 2514.9
1220250 2514.9
1220260 2522.3
1220270 2530.0
1220280 2524.9
1220290 2530.3
1220300 2534.5
1220310 2537.7
1220320 2537.7
1220330 2542.0
1220340 2546.0
1220350 2546.0
1220360 2551.3
1220370 2559.4
1220380 2559.4
1220390 2567.8
1220400 2576.7
1220410 2576.7
1220420 2586.3
1220430 2594.5
1220440 2594.5
1220450 2602.3
1220460 2610.7
1220470 2610.7
1220480 2620.5
1220490 2628.9
1220500 2628.9
1220510 2638.3
1220520 2648.3
1220530 2648.3
1220540 2658.1
1220550 2664.4
1220560 2669.6
1220570 2669.6
1220580 2674.3
1220590 2678.9
1220600 2678.9
1220610 2683.6
1220620 2686.1
1220630 2686.1
1220640 2689.4
1220650 2692.9
1220660 2692.9
1220670 2695.1
1220680 2699.6
1220690 2699.6
1220700 2706.0
1220710 2712.8
1220720 2712.8
1220730 2719.0
1220740 2725.3
1220750 2725.3
1220760 2728.9
1220770 2735.1
1220780 2735.1
1220790 2742.2
1220800 2749.2
1220810 2755.5
1220820 2755.5
1220830 2762.9
1220840 2770.1
1220850 2770.1
1220860 2777.7
1220870 2785.7
1220880 2785.7
1220890 2793.9
1220900 2802.1
1220910 2802.1
1220920 2809.4
1220930 2816.4
1220940 2816.4
1220950 2823.1
1220960 2829.9
1220970 2829.9
1220980 2840.2
1220990 2852.8
1221000 2852.8
1221010 2867.1
1221020 2881.0
1221030 2890.7
1221040 2890.7
1221050 2897.8
1221060 2905.3
1221070 2905.3
1221080 2914.1
1221090 2923.5
1221100 2923.5
1221110 2919.9
1221120 2906.2
1221130 2906.2
1221140 2892.6
1221150 2873.8
1221160 2873.8
1221170 2858.3
1221180 2850.0
1221190 2850.0
1221200 2844.7
1221210 2839.6
1221220 2839.6
1221230 2834.5
1221240 2825.6
1221250 2825.6
1221260 2819.6
1221270 2814.1
1221280 2809.7
1221290 2809.7
1221300 2806.7
1221310 2803.8
1221320 2803.8
1221330 2800.9
1221340 2798.9
1221350 2798.9
1221360 2796.7
1221370 2793.5
1221380 2793.5
1221390 2791.3
1221400 2789.2
1221410 2789.2
1221420 2786.4
1221430 2785.0
1221440 2785.0
1221450 2784.1
1221460 2783.0
1221470 2783.0
1221480 2781.8
1221490 2780.8
1221500 2780.8
1221510 2780.7
1221520 2780.8
1221530 2780.7
1221540 2780.7
1221550 2779.9
1221560 2777.8
1221570 2777.8
1221580 2774.5
1221590 2770.7
1221600 2770.7
1221610 2766.7
1221620 2762.6
1221630 2762.6
1221640 2758.7
1221650 2754.9
1221660 2754.9
1221670 2751.3
1221680 2747.7
1221690 2747.7
1221700 2744.9
1221710 2743.0
1221720 2740.4
1221730 2738.8
1221740 2737.7
1221750 2736.9
1221760 2736.9
1221770 2736.5
1221780 2736.3
1221790 2736.3
1221800 2736.6
1221810 2737.6
1221820 2737.6
1221830 2739.1
1221840 2740.6
1221850 2740.6
1221860 2741.5
1221870 2742.1
1221880 2742.1
1221890 2742.0
1221900 2741.4
1221910 2741.4
1221920 2740.6
1221930 2739.5
1221940 2739.5
1221950 2737.9
1221960 2735.3
1221970 2735.3
1221980 2732.1
1221990 2728.8
1222000 2725.9
1222010 2725.9
1222020 2724.0
1222030 2723.0
1222040 2723.0
1222050 2722.1
1222060 2719.4
1222070 2719.4
1222080 2715.0
1222090 2709.7
1222100 2709.7
1222110 2704.5
1222120 2699.7
1222130 2699.7
1222140 2695.6
1222150 2692.0
1222160 2692.0
1222170 2689.1
1222180 2687.2
1222190 2687.2
1222200 2685.8
1222210 2683.7
1222220 2683.7
1222230 2677.4
1222240 2671.3
1222250 2666.7
1222260 2666.7
1222270 2664.7
1222280 2663.1
1222290 2663.1
1222300 2660.2
1222310 2654.3
1222320 2654.3
1222330 2652.3
1222340 2650.7
1222350 2650.7
1222360 2647.2
1222370 2645.9
1222380 2645.9
1222390 2647.5
1222400 2646.8
1222410 2646.8
1222420 2643.6
1222430 2637.9
1222440 2637.9
1222450 2632.0
1222460 2628.0
1222470 2628.0
1222480 2625.3
1222490 2623.1
1222500 2620.5
1222510 2620.5
1222520 2617.5
1222530 2615.3
1222540 2615.3
1222550 2612.9
1222560 2609.5
1222570 2609.5
1222580 2607.6
1222590 2604.8
1222600 2604.8
1222610 2601.0
1222620 2597.3
1222630 2597.3
1222640 2594.2
1222650 2591.6
1222660 2591.6
1222670 2589.5
1222680 2588.2
1222690 2592.6
1222700 2591.1
1222710 2589.5
1222720 2588.0
1222730 2588.0
1222740 2586.2
1222750 2583.7
1222760 2583.7
1222770 2581.2
1222780 2579.5
1222790 2579.5
1222800 2577.6
1222810 2575.2
1222820 2575.2
1222830 2571.6
1222840 2566.4
1222850 2566.4
1222860 2560.2
1222870 2553.8
1222880 2553.8
1222890 2547.8
1222900 2542.9
1222910 2542.9
1222920 2538.4
1222930 2533.6
1222940 2533.6
1222950 2528.9
1222960 2524.7
1222970 2520.8
1222980 2520.8
1222990 2517.1
1223000 2513.4
1223010 2513.4
1223020 2511.0
1223030 2510.4
1223040 2510.4
1223050 2510.3
1223060 2510.8
1223070 2510.8
1223080 2511.6
1223090 2512.5
1223100 2512.5
1223110 2514.0
1223120 2516.0
1223130 2516.0
1223140 2516.6
1223150 2515.7
1223160 2515.7
1223170 2514.2
1223180 2513.6
1223190 2513.6
1223200 2512.2
1223210 2511.0
1223220 2509.4
1223230 2509.4
1223240 2506.8
1223250 2501.4
1223260 2501.4
1223270 2493.8
1223280 2486.6
1223290 2486.6
1223300 2480.0
1223310 2471.4
1223320 2471.4
1223330 2462.2
1223340 2452.1
1223350 2452.1
1223360 2441.5
1223370 2435.4
1223380 2435.4
1223390 2431.3
1223400 2428.0
1223410 2428.0
1223420 2425.1
1223430 2423.1
1223440 2422.3
1223450 2422.3
1223460 2422.1
1223470 2422.4
1223480 2422.4
1223490 2422.1
1223500 2420.7
1223510 2420.7
1223520 2420.0
1223530 2419.2
1223540 2419.2
1223550 2417.8
1223560 2417.3
1223570 2417.3
1223580 2416.1
1223590 2415.8
1223600 2415.8
1223610 2415.9
1223620 2415.7
1223630 2415.7
1223640 2416.1
1223650 2416.9
1223660 2413.1
1223670 2413.6
1223680 2414.2
1223690 2413.9
1223700 2413.9
1223710 2412.8
1223720 2413.4
1223730 2413.4
1223740 2416.0
1223750 2417.7
1223760 2417.7
1223770 2417.5
1223780 2417.8
1223790 2417.8
1223800 2419.0
1223810 2419.7
1223820 2419.7
1223830 2419.3
1223840 2418.5
1223850 2418.5
1223860 2418.5
1223870 2419.7
1223880 2419.7
1223890 2420.4
1223900 2420.9
1223910 2420.9
1223920 2422.8
1223930 2424.9
1223940 2426.8
1223950 2426.8
1223960 2428.3
1223970 2429.8
1223980 2429.8
1223990 2431.6
1224000 2433.4
1224010 2433.4
1224020 2434.8
1224030 2436.1
1224040 2436.1
1224050 2438.1
1224060 2441.1
1224070 2441.1
1224080 2444.1
1224090 2445.7
1224100 2445.7
1224110 2445.7
1224120 2446.3
1224130 2446.3
1224140 2446.4
1224150 2439.3
1224160 2437.5
1224170 2437.5
1224180 2437.7
1224190 2437.4
1224200 2437.4
1224210 2437.7
1224220 2438.4
1224230 2438.4
1224240 2438.9
1224250 2438.6
1224260 2438.6
1224270 2437.8
1224280 2437.1
1224290 2437.1
1224300 2436.9
1224310 2437.3
1224320 2437.3
1224330 2439.0
1224340 2440.0
1224350 2440.0
1224360 2438.7
1224370 2436.2
1224380 2436.2
1224390 2436.3
1224400 2436.8
1224410 2436.0
1224420 2436.0
1224430 2435.0
1224440 2434.1
1224450 2434.1
1224460 2432.0
1224470 2429.3
1224480 2429.3
1224490 2426.3
1224500 2423.3
1224510 2423.3
1224520 2419.0
1224530 2414.8
1224540 2414.8
1224550 2409.7
1224560 2404.2
1224570 2404.2
1224580 2401.2
1224590 2400.9
1224600 2400.9
1224610 2400.1
1224620 2398.5
1224630 2398.5
1224640 2392.1
1224650 2391.8
1224660 2391.9
1224670 2391.9
1224680 2391.5
1224690 2388.3
1224700 2388.3
1224710 2384.3
1224720 2382.9
1224730 2382.9
1224740 2382.2
1224750 2381.1
1224760 2381.1
1224770 2379.3
1224780 2378.1
1224790 2378.1
1224800 2378.4
1224810 2379.9
1224820 2379.9
1224830 2380.3
1224840 2381.4
1224850 2381.4
1224860 2383.6
1224870 2385.8
1224880 2387.1
1224890 2387.1
1224900 2388.2
1224910 2388.9
1224920 2388.9
1224930 2388.9
1224940 2388.2
1224950 2388.2
1224960 2386.6
1224970 2385.8
1224980 2385.8
1224990 2384.7
1225000 2383.4
1225010 2383.4
1225020 2382.3
1225030 2381.7
1225040 2381.7
1225050 2380.7
1225060 2380.6
1225070 2380.6
1225080 2384.0
1225090 2385.5
1225100 2385.5
1225110 2389.5
1225120 2394.8
1225130 2393.6
1225140 2393.6
1225150 2395.0
1225160 2395.2
1225170 2395.2
1225180 2396.4
1225190 2399.8
1225200 2399.8
1225210 2406.9
1225220 2415.2
1225230 2415.2
1225240 2422.3
1225250 2428.8
1225260 2428.8
1225270 2433.9
1225280 2438.0
1225290 2438.0
1225300 2442.7
1225310 2447.1
1225320 2447.1
1225330 2450.0
1225340 2453.0
1225350 2453.0
1225360 2454.9
1225370 2456.5
1225380 2459.3
1225390 2459.3
1225400 2460.5
1225410 2459.9
1225420 2459.9
1225430 2456.2
1225440 2451.7
1225450 2451.7
1225460 2447.7
1225470 2445.8
1225480 2445.8
1225490 2444.1
1225500 2442.1
1225510 2442.1
1225520 2439.8
1225530 2436.9
1225540 2436.9
1225550 2433.6
1225560 2429.5
1225570 2429.5
1225580 2428.8
1225590 2428.9
1225600 2429.8
1225610 2429.8
1225620 2424.2
1225630 2424.3
1225640 2424.3
1225650 2424.0
1225660 2423.4
1225670 2423.4
1225680 2422.7
1225690 2422.8
1225700 2422.8
1225710 2422.8
1225720 2423.3
1225730 2423.3
1225740 2423.5
1225750 2423.6
1225760 2423.6
1225770 2422.7
1225780 2422.0
1225790 2422.0
1225800 2424.7
1225810 2426.2
1225820 2426.2
1225830 2426.3
1225840 2427.3
1225850 2429.0
1225860 2429.0
1225870 2430.4
1225880 2431.3
1225890 2431.3
1225900 2431.8
1225910 2432.5
1225920 2432.5
1225930 2432.5
1225940 2432.5
1225950 2432.5
1225960 2434.3
1225970 2436.1
1225980 2436.1
1225990 2438.6
1226000 2442.5
1226010 2442.5
1226020 2447.3
1226030 2453.5
1226040 2453.5
1226050 2460.9
1226060 2467.0
1226070 2467.0
1226080 2471.2
1226090 2474.8
1226100 2477.7
1226110 2473.0
1226120 2473.7
1226130 2469.1
1226140 2469.1
1226150 2464.1
1226160 2461.6
1226170 2461.6
1226180 2458.8
1226190 2455.8
1226200 2455.8
1226210 2452.4
1226220 2450.2
1226230 2450.2
1226240 2449.4
1226250 2450.8
1226260 2450.8
1226270 2453.4
1226280 2456.1
1226290 2456.1
1226300 2458.0
1226310 2459.1
1226320 2458.9
1226330 2458.9
1226340 2457.6
1226350 2455.9
1226360 2455.9
1226370 2453.2
1226380 2451.2
1226390 2451.2
1226400 2450.5
1226410 2449.2
1226420 2449.2
1226430 2445.6
1226440 2443.1
1226450 2443.1
1226460 2443.4
1226470 2443.0
1226480 2443.0
1226490 2442.4
1226500 2442.8
1226510 2442.8
1226520 2444.3
1226530 2446.0
1226540 2446.0
1226550 2446.9
1226560 2447.5
1226570 2449.8
1226580 2449.8
1226590 2453.4
1226600 2453.3
1226610 2453.3
1226620 2458.1
1226630 2462.8
1226640 2462.8
1226650 2466.8
1226660 2472.0
1226670 2472.0
1226680 2477.3
1226690 2483.0
1226700 2483.0
1226710 2488.5
1226720 2490.9
1226730 2490.9
1226740 2491.3
1226750 2491.6
1226760 2491.6
1226770 2492.8
1226780 2497.0
1226790 2497.0
1226800 2504.8
1226810 2517.4
1226820 2526.6
1226830 2526.6
1226840 2535.1
1226850 2539.1
1226860 2539.1
1226870 2536.7
1226880 2533.0
1226890 2533.0
1226900 2528.2
1226910 2523.1
1226920 2523.1
1226930 2516.7
1226940 2511.5
1226950 2511.5
1226960 2505.8
1226970 2501.8
1226980 2501.8
1226990 2498.2
1227000 2494.2
1227010 2494.2
1227020 2489.6
1227030 2485.4
1227040 2480.4
1227050 2480.4
1227060 2477.2
1227070 2475.6
1227080 2475.6
1227090 2467.4
1227100 2466.0
1227110 2466.0
1227120 2464.3
1227130 2463.1
1227140 2463.1
1227150 2460.5
1227160 2458.2
1227170 2458.2
1227180 2457.3
1227190 2455.4
1227200 2455.4
1227210 2451.8
1227220 2447.6
1227230 2447.6
1227240 2443.3
1227250 2441.8
1227260 2441.8
1227270 2441.9
1227280 2443.0
1227290 2445.2
1227300 2445.2
1227310 2446.3
1227320 2446.3
1227330 2446.3
1227340 2445.3
1227350 2444.1
1227360 2444.1
1227370 2441.3
1227380 2438.6
1227390 2438.6
1227400 2436.2
1227410 2434.9
1227420 2434.9
1227430 2434.9
1227440 2434.7
1227450 2434.7
1227460 2434.1
1227470 2434.0
1227480 2434.0
1227490 2433.3
1227500 2432.1
1227510 2432.1
1227520 2431.6
1227530 2431.0
1227540 2429.3
1227550 2429.3
1227560 2427.9
1227570 2427.4
1227580 2427.4
1227590 2425.2
1227600 2424.0
1227610 2424.0
1227620 2422.9
1227630 2423.9
1227640 2423.9
1227650 2424.4
1227660 2425.3
1227670 2425.3
1227680 2425.8
1227690 2426.1
1227700 2426.1
1227710 2426.1
1227720 2427.4
1227730 2427.4
1227740 2431.1
1227750 2435.7
1227760 2440.6
1227770 2440.6
1227780 2446.5
1227790 2453.3
1227800 2453.3
1227810 2460.8
1227820 2468.3
1227830 2468.3
1227840 2475.5
1227850 2481.8
1227860 2481.8
1227870 2486.6
1227880 2489.7
1227890 2489.7
1227900 2492.5
1227910 2495.4
1227920 2495.4
1227930 2497.3
1227940 2498.1
1227950 2498.1
1227960 2498.4
1227970 2499.4
1227980 2499.4
1227990 2501.4
1228000 2503.2
1228010 2503.8
1228020 2503.8
1228030 2503.6
1228040 2503.6
1228050 2503.6
1228060 2502.7
1228070 2501.3
1228080 2497.1
1228090 2496.3
1228100 2496.2
1228110 2496.2
1228120 2496.5
1228130 2497.4
1228140 2497.4
1228150 2499.6
1228160 2501.5
1228170 2501.5
1228180 2503.0
1228190 2505.8
1228200 2505.8
1228210 2509.4
1228220 2513.1
1228230 2513.1
1228240 2516.9
1228250 2521.4
1228260 2526.1
1228270 2526.1
1228280 2530.5
1228290 2534.3
1228300 2534.3
1228310 2538.0
1228320 2541.6
1228330 2541.6
1228340 2544.4
1228350 2546.9
1228360 2546.9
1228370 2550.0
1228380 2556.0
1228390 2556.0
1228400 2559.2
1228410 2557.8
1228420 2557.8
1228430 2557.0
1228440 2555.6
1228450 2555.6
1228460 2553.7
1228470 2551.3
1228480 2550.5
1228490 2550.5
1228500 2551.6
1228510 2553.6
1228520 2553.6
1228530 2555.8
1228540 2558.0
1228550 2558.0
1228560 2560.6
1228570 2563.2
1228580 2563.0
1228590 2566.0
1228600 2569.3
1228610 2569.3
1228620 2572.8
1228630 2576.6
1228640 2576.6
1228650 2580.4
1228660 2583.9
1228670 2583.9
1228680 2587.4
1228690 2591.2
1228700 2591.2
1228710 2595.2
1228720 2599.4
1228730 2603.9
1228740 2603.9
1228750 2607.9
1228760 2611.8
1228770 2611.8
1228780 2615.5
1228790 2619.2
1228800 2619.2
1228810 2623.1
1228820 2627.5
1228830 2627.5
1228840 2631.4
1228850 2635.0
1228860 2635.0
1228870 2639.0
1228880 2642.6
1228890 2642.6
1228900 2646.6
1228910 2651.6
1228920 2651.6
1228930 2657.5
1228940 2663.6
1228950 2663.6
1228960 2670.1
1228970 2676.7
1228980 2683.5
1228990 2683.5
1229000 2690.4
1229010 2697.6
1229020 2697.6
1229030 2705.1
1229040 2712.6
1229050 2712.6
1229060 2720.2
1229070 2732.0
1229080 2732.0
1229090 2740.9
1229100 2755.9
1229110 2755.9
1229120 2774.8
1229130 2785.7
1229140 2785.7
1229150 2789.9
1229160 2798.1
1229170 2798.1
1229180 2805.0
1229190 2812.8
1229200 2822.4
1229210 2822.4
1229220 2830.7
1229230 2837.5
1229240 2837.5
1229250 2845.2
1229260 2855.2
1229270 2855.2
1229280 2863.7
1229290 2869.7
1229300 2869.7
1229310 2877.2
1229320 2886.8
1229330 2886.8
1229340 2896.4
1229350 2907.8
1229360 2907.8
1229370 2919.4
1229380 2930.1
1229390 2930.1
1229400 2938.3
1229410 2941.3
1229420 2941.3
1229430 2944.0
1229440 2948.0
1229450 2943.7
1229460 2943.7
1229470 2930.7
1229480 2923.6
1229490 2923.6
1229500 2918.0
1229510 2912.1
1229520 2912.1
1229530 2906.3
1229540 2900.6
1229550 2900.6
1229560 2895.3
1229570 2891.7
1229580 2891.7
1229590 2887.1
1229600 2882.8
1229610 2882.8
1229620 2878.7
1229630 2874.8
1229640 2874.8
1229650 2871.2
1229660 2867.9
1229670 2867.9
1229680 2864.8
1229690 2862.0
1229700 2859.6
1229710 2859.6
1229720 2857.8
1229730 2856.5
1229740 2856.5
1229750 2855.1
1229760 2852.0
1229770 2852.0
1229780 2849.6
1229790 2847.8
1229800 2847.8
1229810 2846.2
1229820 2845.0
1229830 2845.0
1229840 2844.0
1229850 2843.0
1229860 2843.0
1229870 2841.9
1229880 2840.7
1229890 2840.7
1229900 2839.4
1229910 2838.3
1229920 2837.0
1229930 2837.0
1229940 2835.9
1229950 2834.7
1229960 2834.7
1229970 2833.5
1229980 2832.3
1229990 2832.3
1230000 2831.1
1230010 2830.2
1230020 2830.2
1230030 2829.4
1230040 2829.0
1230050 2829.0
1230060 2828.7
1230070 2833.1
1230080 2833.1
1230090 2832.9
1230100 2832.6
1230110 2832.6
1230120 2832.5
1230130 2832.7
1230140 2832.7
1230150 2833.5
1230160 2834.4
1230170 2834.2
1230180 2834.2
1230190 2834.3
1230200 2834.4
1230210 2834.4
1230220 2834.5
1230230 2834.8
1230240 2834.8
1230250 2835.6
1230260 2836.8
1230270 2836.8
1230280 2837.4
1230290 2838.0
1230300 2838.0
1230310 2838.5
1230320 2839.1
1230330 2839.1
1230340 2839.9
1230350 2840.7
1230360 2840.7
1230370 2841.9
1230380 2844.0
1230390 2844.0
1230400 2845.7
1230410 2849.7
1230420 2855.7
1230430 2855.7
1230440 2858.4
1230450 2860.8
1230460 2860.8
1230470 2864.5
1230480 2869.6
1230490 2869.6
1230500 2871.3
1230510 2871.3
1230520 2871.3
1230530 2871.7
1230540 2875.3
1230550 2875.3
1230560 2880.6
1230570 2881.6
1230580 2881.6
1230590 2879.3
1230600 2877.2
1230610 2877.2
1230620 2875.1
1230630 2874.0
1230640 2873.4
1230650 2873.4
1230660 2873.0
1230670 2872.9
1230680 2872.9
1230690 2873.1
1230700 2873.3
1230710 2873.3
1230720 2873.5
1230730 2873.7
1230740 2873.7
1230750 2873.9
1230760 2874.0
1230770 2874.0
1230780 2874.0
1230790 2874.0
1230800 2874.0
1230810 2874.3
1230820 2874.9
1230830 2874.9
1230840 2874.5
1230850 2873.1
1230860 2873.1
1230870 2872.8
1230880 2873.5
1230890 2874.0
1230900 2874.0
1230910 2877.6
1230920 2891.0
1230930 2891.0
1230940 2899.0
1230950 2899.9
1230960 2899.9
1230970 2893.1
1230980 2890.4
1230990 2890.4
1231000 2903.0
1231010 2909.3
1231020 2909.3
1231030 2908.2
1231040 2908.1
1231050 2908.1
1231060 2910.4
1231070 2929.9
1231080 2929.9
1231090 2934.1
1231100 2949.1
1231110 2949.1
1231120 2963.7
1231130 2974.8
1231140 2981.9
1231150 2981.9
1231160 2990.7
1231170 2999.4
1231180 2999.4
1231190 3009.5
1231200 3021.3
1231210 3021.3
1231220 3023.1
1231230 3015.3
1231240 3015.3
1231250 3005.4
1231260 2996.5
1231270 2996.5
1231280 2989.1
1231290 2983.0
1231300 2983.0
1231310 2976.0
1231320 2969.4
1231330 2969.4
1231340 2965.0
1231350 2963.1
1231360 2962.6
1231370 2962.6
1231380 2960.1
1231390 2956.8
1231400 2956.8
1231410 2951.0
1231420 2947.7
1231430 2947.7
1231440 2944.8
1231450 2943.9
1231460 2943.9
1231470 2939.3
1231480 2930.8
1231490 2930.8
1231500 2918.6
1231510 2904.8
1231520 2904.8
1231530 2888.4
1231540 2876.4
1231550 2876.4
1231560 2868.3
1231570 2860.7
1231580 2860.7
1231590 2854.6
1231600 2849.0
1231610 2842.7
1231620 2842.7
1231630 2833.0
1231640 2810.5
1231650 2810.5
1231660 2787.7
1231670 2768.6
1231680 2768.6
1231690 2747.7
1231700 2727.0
1231710 2727.0
1231720 2713.6
1231730 2706.1
1231740 2706.1
1231750 2700.6
1231760 2696.2
1231770 2696.2
1231780 2691.9
1231790 2687.6
1231800 2687.6
1231810 2683.3
1231820 2678.6
1231830 2678.6
1231840 2673.9
1231850 2668.9
1231860 2664.4
1231870 2664.4
1231880 2661.1
1231890 2657.8
1231900 2657.8
1231910 2653.8
1231920 2649.4
1231930 2649.4
1231940 2644.8
1231950 2640.3
1231960 2640.3
1231970 2636.7
1231980 2634.2
1231990 2634.2
1232000 2632.7
1232010 2631.4
1232020 2631.4
1232030 2630.3
1232040 2629.1
1232050 2629.1
1232060 2627.6
1232070 2626.3
1232080 2620.0
1232090 2620.0
1232100 2619.0
1232110 2619.0
1232120 2619.0
1232130 2618.5
1232140 2618.4
1232150 2618.4
1232160 2618.9
1232170 2618.7
1232180 2618.7
1232190 2618.4
1232200 2617.8
1232210 2617.8
1232220 2618.0
1232230 2618.4
1232240 2618.4
1232250 2619.3
1232260 2621.1
1232270 2621.1
1232280 2624.1
1232290 2627.5
1232300 2627.5
1232310 2632.8
1232320 2641.6
1232330 2647.5
1232340 2647.5
1232350 2655.8
1232360 2667.2
1232370 2667.2
1232380 2677.5
1232390 2684.3
1232400 2684.3
1232410 2686.9
1232420 2692.0
1232430 2692.0
1232440 2695.1
1232450 2693.6
1232460 2693.6
1232470 2692.0
1232480 2691.1
1232490 2691.1
1232500 2690.0
1232510 2690.0
1232520 2690.0
1232530 2691.0
1232540 2692.1
1232550 2692.1
1232560 2694.2
1232570 2696.9
1232580 2699.0
1232590 2699.0
1232600 2703.8
1232610 2708.5
1232620 2708.5
1232630 2713.0
1232640 2714.1
1232650 2714.1
1232660 2713.2
1232670 2712.4
1232680 2712.4
1232690 2713.7
1232700 2714.8
1232710 2714.8
1232720 2717.0
1232730 2718.6
1232740 2718.6
1232750 2718.3
1232760 2718.8
1232770 2718.8
1232780 2721.2
1232790 2722.1
1232800 2715.9
1232810 2715.9
1232820 2706.4
1232830 2695.9
1232840 2695.9
1232850 2684.5
1232860 2673.6
1232870 2673.6
1232880 2664.4
1232890 2653.5
1232900 2653.5
1232910 2641.0
1232920 2631.6
1232930 2631.6
1232940 2624.6
1232950 2615.4
1232960 2615.4
1232970 2606.3
1232980 2599.2
1232990 2599.2
1233000 2592.4
1233010 2586.5
1233020 2586.5
1233030 2580.7
1233040 2575.5
1233050 2572.8
1233060 2572.8
1233070 2567.8
1233080 2559.5
1233090 2568.4
1233100 2561.4
1233110 2554.3
1233120 2554.3
1233130 2549.1
1233140 2542.2
1233150 2542.2
1233160 2535.8
1233170 2529.2
1233180 2529.2
1233190 2522.0
1233200 2512.3
1233210 2512.3
1233220 2500.3
1233230 2487.6
1233240 2487.6
1233250 2475.2
1233260 2464.1
1233270 2464.1
1233280 2454.6
1233290 2443.7
1233300 2431.7
1233310 2431.7
1233320 2420.7
1233330 2410.4
1233340 2410.4
1233350 2403.0
1233360 2389.7
1233370 2389.7
1233380 2379.8
1233390 2369.1
1233400 2369.1
1233410 2360.1
1233420 2352.0
1233430 2352.0
1233440 2340.4
1233450 2332.7
1233460 2332.7
1233470 2327.2
1233480 2321.6
1233490 2321.6
1233500 2317.4
1233510 2312.9
1233520 2306.5
1233530 2306.5
1233540 2298.7
1233550 2289.7
1233560 2289.7
1233570 2279.3
1233580 2269.2
1233590 2271.7
1233600 2263.0
1233610 2253.3
1233620 2253.3
1233630 2244.9
1233640 2234.9
1233650 2234.9
1233660 2226.0
1233670 2219.4
1233680 2219.4
1233690 2213.3
1233700 2207.2
1233710 2207.2
1233720 2201.6
1233730 2196.3
1233740 2196.3
1233750 2190.9
1233760 2185.8
1233770 2181.4
1233780 2181.4
1233790 2176.9
1233800 2173.9
1233810 2173.9
1233820 2171.8
1233830 2167.5
1233840 2167.5
1233850 2161.6
1233860 2152.6
1233870 2152.6
1233880 2142.8
1233890 2133.9
1233900 2133.9
1233910 2121.3
1233920 2108.4
1233930 2108.4
1233940 2093.1
1233950 2083.3
1233960 2083.3
1233970 2078.4
1233980 2074.0
1233990 2074.0
1234000 2069.6
1234010 2065.7
1234020 2062.0
1234030 2062.0
1234040 2057.7
1234050 2051.7
1234060 2051.7
1234070 2045.9
1234080 2038.5
1234090 2038.5
1234100 2027.5
1234110 2021.9
1234120 2021.9
1234130 2017.4
1234140 2014.6
1234150 2014.6
1234160 2009.1
1234170 2002.2
1234180 2002.2
1234190 1995.0
1234200 1989.1
1234210 1989.1
1234220 1984.5
1234230 1981.8
1234240 1978.1
1234250 1978.1
1234260 1974.6
1234270 1970.1
1234280 1970.1
1234290 1965.4
1234300 1960.5
1234310 1960.5
1234320 1956.8
1234330 1954.1
1234340 1954.1
1234350 1950.7
1234360 1949.5
1234370 1949.5
1234380 1948.8
1234390 1948.9
1234400 1948.9
1234410 1948.9
1234420 1949.1
1234430 1949.1
1234440 1949.4
1234450 1949.9
1234460 1949.9
1234470 1950.7
1234480 1950.8
1234490 1950.5
1234500 1950.5
1234510 1950.6
1234520 1949.5
1234530 1949.5
1234540 1948.3
1234550 1947.7
1234560 1947.7
1234570 1947.7
1234580 1947.3
1234590 1947.3
1234600 1947.7
1234610 1950.3
1234620 1950.3
1234630 1951.2
1234640 1951.0
1234650 1951.0
1234660 1950.0
1234670 1950.0
1234680 1950.0
1234690 1950.2
1234700 1950.7
1234710 1950.7
1234720 1952.0
1234730 1952.7
1234740 1953.2
1234750 1953.2
1234760 1953.3
1234770 1954.1
1234780 1954.1
1234790 1954.8
1234800 1956.1
1234810 1956.1
1234820 1956.8
1234830 1958.5
1234840 1958.5
1234850 1959.6
1234860 1959.0
1234870 1959.0
1234880 1958.4
1234890 1958.3
1234900 1958.3
1234910 1958.5
1234920 1956.8
1234930 1956.8
1234940 1958.2
1234950 1961.4
1234960 1967.2
1234970 1967.2
1234980 1973.6
1234990 1980.2
1235000 1980.2
1235010 1984.8
1235020 1988.0
1235030 1988.0
1235040 1989.8
1235050 1990.9
1235060 1990.9
1235070 1992.8
1235080 1997.0
1235090 1997.0
1235100 2000.6
1235110 2001.6
1235120 2008.6
1235130 2011.7
1235140 2018.7
1235150 2018.7
1235160 2025.0
1235170 2030.2
1235180 2030.2
1235190 2034.8
1235200 2037.5
1235210 2037.9
1235220 2037.9
1235230 2037.7
1235240 2036.9
1235250 2036.9
1235260 2034.1
1235270 2030.6
1235280 2030.6
1235290 2027.0
1235300 2025.8
1235310 2025.8
1235320 2026.2
1235330 2027.2
1235340 2027.2
1235350 2028.8
1235360 2031.7
1235370 2031.7
1235380 2034.4
1235390 2035.8
1235400 2035.8
1235410 2038.1
1235420 2041.5
1235430 2041.5
1235440 2046.3
1235450 2051.5
1235460 2056.3
1235470 2056.3
1235480 2060.5
1235490 2064.0
1235500 2064.0
1235510 2066.8
1235520 2070.9
1235530 2070.9
1235540 2075.7
1235550 2080.8
1235560 2080.8
1235570 2086.1
1235580 2090.7
1235590 2090.7
1235600 2092.8
1235610 2091.4
1235620 2091.4
1235630 2099.0
1235640 2106.3
1235650 2106.3
1235660 2113.4
1235670 2122.8
1235680 2139.6
1235690 2139.6
1235700 2155.8
1235710 2165.5
1235720 2165.5
1235730 2179.5
1235740 2186.4
1235750 2186.4
1235760 2194.0
1235770 2187.5
1235780 2187.5
1235790 2180.3
1235800 2198.0
1235810 2198.0
1235820 2218.8
1235830 2231.6
1235840 2231.6
1235850 2240.8
1235860 2248.5
1235870 2248.5
1235880 2256.7
1235890 2259.0
1235900 2259.0
1235910 2252.9
1235920 2250.3
1235930 2254.4
1235940 2254.4
1235950 2263.5
1235960 2264.3
1235970 2264.3
1235980 2261.9
1235990 2260.3
1236000 2260.3
1236010 2260.0
1236020 2260.3
1236030 2260.3
1236040 2259.8
1236050 2262.3
1236060 2262.3
1236070 2267.1
1236080 2274.4
1236090 2274.4
1236100 2281.1
1236110 2282.9
1236120 2282.9
1236130 2284.4
1236140 2309.9
1236150 2309.9
1236160 2312.8
1236170 2316.5
1236180 2322.6
1236190 2322.6
1236200 2331.0
1236210 2346.8
1236220 2346.8
1236230 2359.9
1236240 2360.5
1236250 2360.5
1236260 2363.0
1236270 2367.0
1236280 2367.0
1236290 2371.7
1236300 2380.3
1236310 2380.3
1236320 2389.3
1236330 2393.6
1236340 2393.6
1236350 2399.9
1236360 2401.9
1236370 2401.9
1236380 2404.1
1236390 2406.5
1236400 2414.8
1236410 2414.8
1236420 2424.7
1236430 2439.6
1236440 2439.6
1236450 2453.5
1236460 2463.7
1236470 2463.7
1236480 2472.8
1236490 2482.8
1236500 2482.8
1236510 2490.4
1236520 2496.6
1236530 2496.6
1236540 2506.6
1236550 2515.7
1236560 2515.7
1236570 2523.9
1236580 2530.0
1236590 2530.0
1236600 2535.7
1236610 2544.3
1236620 2544.3
1236630 2553.6
1236640 2563.8
1236650 2587.6
1236660 2587.6
1236670 2605.6
1236680 2622.0
1236690 2622.0
1236700 2633.2
1236710 2645.3
1236720 2645.3
1236730 2658.1
1236740 2668.4
1236750 2668.4
1236760 2679.0
1236770 2692.7
1236780 2692.7
1236790 2703.1
1236800 2702.6
1236810 2702.6
1236820 2697.7
1236830 2693.4
1236840 2693.4
1236850 2688.6
1236860 2683.7
1236870 2683.7
1236880 2678.4
1236890 2672.6
1236900 2665.0
1236910 2665.0
1236920 2656.8
1236930 2649.6
1236940 2649.6
1236950 2643.3
1236960 2636.0
1236970 2636.0
1236980 2626.5
1236990 2618.8
1237000 2618.8
1237010 2612.8
1237020 2607.6
1237030 2607.6
1237040 2602.8
1237050 2597.7
1237060 2597.7
1237070 2593.3
1237080 2589.2
1237090 2589.2
1237100 2584.6
1237110 2580.9
1237120 2578.2
1237130 2578.2
1237140 2576.2
1237150 2573.8
1237160 2567.0
1237170 2564.0
1237180 2560.4
1237190 2560.4
1237200 2554.6
1237210 2549.1
1237220 2549.1
1237230 2543.8
1237240 2537.7
1237250 2537.7
1237260 2531.8
1237270 2526.5
1237280 2526.5
1237290 2520.9
1237300 2515.2
1237310 2515.2
1237320 2509.5
1237330 2503.6
1237340 2503.6
1237350 2496.9
1237360 2489.6
1237370 2482.8
1237380 2482.8
1237390 2476.4
1237400 2470.6
1237410 2470.6
1237420 2465.2
1237430 2461.4
1237440 2461.4
1237450 2456.5
1237460 2450.3
1237470 2450.3
1237480 2444.4
1237490 2439.7
1237500 2439.7
1237510 2434.8
1237520 2430.1
1237530 2430.1
1237540 2425.6
1237550 2421.1
1237560 2421.1
1237570 2418.1
1237580 2415.5
1237590 2415.5
1237600 2413.6
1237610 2411.3
1237620 2407.6
1237630 2407.6
1237640 2403.4
1237650 2399.9
1237660 2399.9
1237670 2397.6
1237680 2389.7
1237690 2389.7
1237700 2388.7
1237710 2388.3
1237720 2388.3
1237730 2387.2
1237740 2384.4
1237750 2384.4
1237760 2380.0
1237770 2378.4
1237780 2378.4
1237790 2378.5
1237800 2376.4
1237810 2376.4
1237820 2372.8
1237830 2370.0
1237840 2367.8
1237850 2367.8
1237860 2365.9
1237870 2362.8
1237880 2362.8
1237890 2356.2
1237900 2348.4
1237910 2348.4
1237920 2343.7
1237930 2341.4
1237940 2341.4
1237950 2340.3
1237960 2340.0
1237970 2340.0
1237980 2337.1
1237990 2332.7
1238000 2332.7
1238010 2331.5
1238020 2330.7
1238030 2330.7
1238040 2331.1
1238050 2333.5
1238060 2333.5
1238070 2335.9
1238080 2337.6
1238090 2338.3
1238100 2338.3
1238110 2337.2
1238120 2332.5
1238130 2332.5
1238140 2330.7
1238150 2331.0
1238160 2331.0
1238170 2328.4
1238180 2324.0
1238190 2316.9
1238200 2311.2
1238210 2306.1
1238220 2306.1
1238230 2302.2
1238240 2299.4
1238250 2299.4
1238260 2295.9
1238270 2291.8
1238280 2291.8
1238290 2288.0
1238300 2283.6
1238310 2283.6
1238320 2280.0
1238330 2276.8
1238340 2273.6
1238350 2273.6
1238360 2260.9
1238370 2243.8
1238380 2243.8
1238390 2228.4
1238400 2212.1
1238410 2212.1
1238420 2200.3
1238430 2193.9
1238440 2193.9
1238450 2191.7
1238460 2183.2
1238470 2183.2
1238480 2171.5
1238490 2159.4
1238500 2159.4
1238510 2148.9
1238520 2138.2
1238530 2138.2
1238540 2129.1
1238550 2120.5
1238560 2111.4
1238570 2111.4
1238580 2102.5
1238590 2094.1
1238600 2094.1
1238610 2086.7
1238620 2079.7
1238630 2079.7
1238640 2073.3
1238650 2067.4
1238660 2067.4
1238670 2061.8
1238680 2056.7
1238690 2056.7
1238700 2051.9
1238710 2046.8
1238720 2046.8
1238730 2042.7
1238740 2039.0
1238750 2039.0
1238760 2035.4
1238770 2031.9
1238780 2031.9
1238790 2028.7
1238800 2025.7
1238810 2022.5
1238820 2022.5
1238830 2018.9
1238840 2014.7
1238850 2014.7
1238860 2006.4
1238870 1998.3
1238880 1998.3
1238890 1993.4
1238900 1989.0
1238910 1989.0
1238920 1985.3
1238930 1981.5
1238940 1981.5
1238950 1978.1
1238960 1971.7
1238970 1971.7
1238980 1962.2
1238990 1953.8
1239000 1953.8
1239010 1947.7
1239020 1942.6
1239030 1942.6
1239040 1938.9
1239050 1934.4
1239060 1927.4
1239070 1927.4
1239080 1922.0
1239090 1916.8
1239100 1916.8
1239110 1914.1
1239120 1910.9
1239130 1910.9
1239140 1906.6
1239150 1900.5
1239160 1900.5
1239170 1891.6
1239180 1883.8
1239190 1883.8
1239200 1875.8
1239210 1866.7
1239220 1866.2
1239230 1857.3
1239240 1848.9
1239250 1848.9
1239260 1843.4
1239270 1840.4
1239280 1837.9
1239290 1837.9
1239300 1833.8
1239310 1828.0
1239320 1828.0
1239330 1821.0
1239340 1815.5
1239350 1815.5
1239360 1812.2
1239370 1809.6
1239380 1809.6
1239390 1807.8
1239400 1804.3
1239410 1804.3
1239420 1800.4
1239430 1795.9
1239440 1795.9
1239450 1791.7
1239460 1786.3
1239470 1786.3
1239480 1775.9
1239490 1764.9
1239500 1764.9
1239510 1757.6
1239520 1751.6
1239530 1745.1
1239540 1745.1
1239550 1738.5
1239560 1732.5
1239570 1732.5
1239580 1726.5
1239590 1719.0
1239600 1719.0
1239610 1710.3
1239620 1701.7
1239630 1701.7
1239640 1693.0
1239650 1683.9
1239660 1683.9
1239670 1675.5
1239680 1667.5
1239690 1667.5
1239700 1659.6
1239710 1652.5
1239720 1652.5
1239730 1645.8
1239740 1640.5
1239750 1640.5
1239760 1632.6
1239770 1626.3
1239780 1620.7
1239790 1620.7
1239800 1613.6
1239810 1606.8
1239820 1606.8
1239830 1598.7
1239840 1590.0
1239850 1590.0
1239860 1581.0
1239870 1572.7
1239880 1572.7
1239890 1566.6
1239900 1560.3
1239910 1560.3
1239920 1553.1
1239930 1544.7
1239940 1544.7
1239950 1536.1
1239960 1529.6
1239970 1529.6
1239980 1524.6
1239990 1520.1
