1220000 2422.0
1220010 2422.0
1220020 2429.7
1220030 2436.7
1220040 2436.7
1220050 2443.8
1220060 2452.8
1220070 2462.2
1220080 2462.2
1220090 2471.3
1220100 2480.9
1220110 2480.9
1220120 2492.4
1220130 2502.1
1220140 2502.1
1220150 2511.4
1220160 2521.3
1220170 2521.3
1220180 2529.6
1220190 2533.7
1220200 2533.7
1220210 2544.3
1220220 2551.3
1220230 2551.3
1220240 2560.5
1220250 2568.9
1220260 2568.9
1220270 2577.5
1220280 2585.5
1220290 2585.5
1220300 2590.0
1220310 2598.7
1220320 2609.3
1220330 2609.3
1220340 2618.9
1220350 2629.0
1220360 2629.0
1220370 2635.7
1220380 2642.3
1220390 2642.3
1220400 2647.7
1220410 2653.2
1220420 2653.2
1220430 2659.4
1220440 2663.8
1220450 2663.8
1220460 2668.7
1220470 2672.8
1220480 2672.8
1220490 2675.8
1220500 2680.4
1220510 2680.4
1220520 2685.4
1220530 2689.6
1220540 2689.6
1220550 2691.7
1220560 2694.7
1220570 2699.3
1220580 2699.3
1220590 2703.8
1220600 2711.2
1220610 2711.2
1220620 2722.1
1220630 2733.5
1220640 2733.5
1220650 2743.8
1220660 2751.8
1220670 2751.8
1220680 2757.7
1220690 2755.1
1220700 2755.1
1220710 2759.8
1220720 2763.9
1220730 2763.9
1220740 2769.9
1220750 2777.1
1220760 2777.1
1220770 2783.6
1220780 2788.3
1220790 2792.5
1220800 2792.5
1220810 2797.3
1220820 2801.5
1220830 2801.5
1220840 2807.0
1220850 2814.0
1220860 2814.0
1220870 2821.7
1220880 2827.0
1220890 2827.0
1220900 2833.0
1220910 2840.4
1220920 2840.4
1220930 2846.0
1220940 2854.3
1220950 2854.3
1220960 2862.8
1220970 2870.9
1220980 2870.9
1220990 2879.0
1221000 2889.3
1221010 2889.3
1221020 2900.8
1221030 2910.5
1221040 2918.7
1221050 2918.7
1221060 2925.7
1221070 2931.5
1221080 2931.5
1221090 2936.5
1221100 2941.5
1221110 2941.5
1221120 2942.8
1221130 2939.1
1221140 2939.1
1221150 2940.2
1221160 2944.7
1221170 2933.5
1221180 2933.8
1221190 2926.1
1221200 2926.1
1221210 2913.5
1221220 2900.6
1221230 2900.6
1221240 2891.2
1221250 2886.0
1221260 2886.0
1221270 2883.8
1221280 2880.2
1221290 2876.3
1221300 2876.3
1221310 2873.7
1221320 2872.8
1221330 2872.8
1221340 2871.8
1221350 2870.5
1221360 2870.5
1221370 2869.5
1221380 2868.7
1221390 2868.7
1221400 2868.9
1221410 2867.5
1221420 2867.5
1221430 2865.5
1221440 2865.5
1221450 2865.5
1221460 2866.4
1221470 2866.5
1221480 2866.5
1221490 2864.8
1221500 2861.0
1221510 2861.0
1221520 2855.9
1221530 2850.1
1221540 2841.6
1221550 2841.6
1221560 2833.1
1221570 2822.1
1221580 2822.1
1221590 2813.7
1221600 2809.7
1221610 2809.7
1221620 2807.7
1221630 2806.1
1221640 2806.1
1221650 2796.5
1221660 2794.7
1221670 2794.7
1221680 2791.8
1221690 2789.3
1221700 2789.3
1221710 2788.0
1221720 2787.9
1221730 2787.9
1221740 2789.3
1221750 2794.2
1221760 2796.3
1221770 2796.3
1221780 2793.7
1221790 2791.4
1221800 2791.4
1221810 2789.0
1221820 2785.4
1221830 2785.4
1221840 2783.8
1221850 2783.5
1221860 2783.5
1221870 2783.7
1221880 2781.8
1221890 2781.8
1221900 2780.0
1221910 2775.0
1221920 2775.0
1221930 2769.3
1221940 2764.4
1221950 2764.4
1221960 2760.0
1221970 2756.2
1221980 2756.2
1221990 2752.2
1222000 2749.1
1222010 2747.2
1222020 2747.2
1222030 2744.0
1222040 2739.6
1222050 2739.6
1222060 2736.7
1222070 2735.1
1222080 2735.1
1222090 2733.2
1222100 2730.9
1222110 2730.9
1222120 2729.7
1222130 2729.5
1222140 2730.2
1222150 2731.4
1222160 2730.5
1222170 2730.5
1222180 2727.2
1222190 2723.6
1222200 2723.6
1222210 2721.5
1222220 2721.7
1222230 2721.7
1222240 2719.9
1222250 2716.7
1222260 2712.6
1222270 2712.6
1222280 2704.3
1222290 2696.7
1222300 2696.7
1222310 2692.4
1222320 2688.8
1222330 2688.8
1222340 2682.2
1222350 2674.3
1222360 2674.3
1222370 2667.8
1222380 2660.8
1222390 2660.8
1222400 2655.1
1222410 2651.7
1222420 2651.7
1222430 2649.3
1222440 2646.9
1222450 2646.9
1222460 2642.4
1222470 2635.4
1222480 2627.7
1222490 2627.7
1222500 2620.3
1222510 2615.5
1222520 2615.5
1222530 2614.1
1222540 2612.2
1222550 2612.2
1222560 2611.5
1222570 2611.7
1222580 2611.7
1222590 2611.4
1222600 2611.3
1222610 2611.3
1222620 2606.5
1222630 2606.5
1222640 2606.5
1222650 2606.7
1222660 2605.4
1222670 2605.4
1222680 2602.1
1222690 2597.7
1222700 2597.7
1222710 2595.7
1222720 2594.3
1222730 2592.5
1222740 2592.5
1222750 2590.8
1222760 2588.1
1222770 2588.1
1222780 2585.0
1222790 2581.2
1222800 2581.2
1222810 2576.1
1222820 2571.4
1222830 2571.4
1222840 2568.6
1222850 2565.3
1222860 2565.3
1222870 2561.8
1222880 2560.1
1222890 2560.1
1222900 2558.0
1222910 2555.4
1222920 2555.4
1222930 2552.7
1222940 2549.7
1222950 2549.7
1222960 2546.1
1222970 2542.7
1222980 2539.9
1222990 2539.9
1223000 2538.6
1223010 2537.1
1223020 2537.1
1223030 2534.0
1223040 2531.5
1223050 2531.5
1223060 2528.6
1223070 2523.4
1223080 2523.4
1223090 2515.9
1223100 2509.3
1223110 2516.6
1223120 2511.1
1223130 2504.1
1223140 2504.1
1223150 2495.7
1223160 2489.4
1223170 2489.4
1223180 2485.2
1223190 2481.1
1223200 2476.9
1223210 2476.9
1223220 2474.4
1223230 2473.4
1223240 2473.4
1223250 2472.3
1223260 2470.0
1223270 2470.0
1223280 2468.0
1223290 2467.8
1223300 2467.8
1223310 2468.4
1223320 2466.3
1223330 2466.3
1223340 2463.3
1223350 2462.4
1223360 2462.4
1223370 2459.5
1223380 2457.4
1223390 2457.4
1223400 2455.5
1223410 2453.0
1223420 2453.0
1223430 2450.0
1223440 2446.2
1223450 2443.3
1223460 2443.3
1223470 2441.3
1223480 2439.9
1223490 2439.9
1223500 2439.1
1223510 2437.8
1223520 2437.8
1223530 2436.6
1223540 2437.1
1223550 2437.1
1223560 2439.0
1223570 2441.0
1223580 2441.0
1223590 2437.9
1223600 2441.3
1223610 2441.3
1223620 2444.7
1223630 2447.3
1223640 2447.3
1223650 2449.5
1223660 2451.8
1223670 2451.8
1223680 2454.9
1223690 2456.2
1223700 2457.2
1223710 2457.2
1223720 2458.5
1223730 2459.7
1223740 2459.7
1223750 2461.2
1223760 2463.1
1223770 2463.1
1223780 2466.9
1223790 2471.1
1223800 2471.1
1223810 2474.9
1223820 2478.2
1223830 2478.2
1223840 2481.4
1223850 2485.4
1223860 2485.4
1223870 2489.6
1223880 2493.8
1223890 2493.8
1223900 2497.5
1223910 2501.0
1223920 2503.9
1223930 2503.9
1223940 2505.9
1223950 2507.2
1223960 2507.2
1223970 2508.1
1223980 2508.9
1223990 2508.9
1224000 2509.9
1224010 2510.8
1224020 2510.8
1224030 2510.4
1224040 2510.0
1224050 2510.0
1224060 2510.1
1224070 2510.8
1224080 2504.1
1224090 2504.2
1224100 2503.1
1224110 2503.1
1224120 2502.1
1224130 2500.9
1224140 2500.9
1224150 2500.9
1224160 2501.2
1224170 2501.9
1224180 2501.9
1224190 2502.2
1224200 2502.6
1224210 2502.6
1224220 2503.0
1224230 2502.6
1224240 2502.6
1224250 2502.0
1224260 2501.3
1224270 2501.3
1224280 2500.0
1224290 2497.9
1224300 2497.9
1224310 2496.0
1224320 2494.2
1224330 2494.2
1224340 2492.0
1224350 2490.0
1224360 2490.0
1224370 2488.9
1224380 2487.8
1224390 2487.8
1224400 2487.3
1224410 2486.6
1224420 2484.8
1224430 2484.8
1224440 2482.2
1224450 2479.7
1224460 2479.7
1224470 2477.2
1224480 2473.8
1224490 2473.8
1224500 2470.7
1224510 2467.4
1224520 2467.4
1224530 2463.1
1224540 2458.8
1224550 2458.8
1224560 2454.8
1224570 2446.6
1224580 2446.6
1224590 2443.2
1224600 2439.9
1224610 2439.9
1224620 2437.2
1224630 2435.1
1224640 2433.7
1224650 2433.7
1224660 2431.7
1224670 2427.9
1224680 2427.9
1224690 2426.1
1224700 2424.1
1224710 2424.1
1224720 2422.0
1224730 2423.6
1224740 2423.6
1224750 2426.0
1224760 2427.4
1224770 2427.4
1224780 2428.0
1224790 2428.1
1224800 2428.1
1224810 2428.9
1224820 2430.2
1224830 2430.2
1224840 2431.7
1224850 2432.8
1224860 2432.8
1224870 2433.5
1224880 2434.4
1224890 2434.8
1224900 2434.8
1224910 2433.3
1224920 2431.6
1224930 2431.6
1224940 2430.3
1224950 2429.2
1224960 2429.2
1224970 2428.0
1224980 2427.1
1224990 2427.1
1225000 2426.4
1225010 2425.4
1225020 2425.4
1225030 2424.6
1225040 2423.9
1225050 2423.9
1225060 2420.1
1225070 2419.3
1225080 2419.3
1225090 2420.1
1225100 2423.6
1225110 2423.6
1225120 2427.9
1225130 2428.8
1225140 2430.6
1225150 2430.6
1225160 2432.4
1225170 2435.8
1225180 2435.8
1225190 2441.1
1225200 2447.0
1225210 2447.0
1225220 2453.5
1225230 2461.0
1225240 2461.0
1225250 2471.0
1225260 2483.5
1225270 2483.5
1225280 2493.6
1225290 2501.8
1225300 2501.8
1225310 2510.2
1225320 2518.5
1225330 2518.5
1225340 2525.6
1225350 2531.7
1225360 2531.7
1225370 2535.2
1225380 2536.7
1225390 2537.0
1225400 2537.0
1225410 2537.1
1225420 2536.6
1225430 2536.6
1225440 2536.5
1225450 2534.4
1225460 2534.4
1225470 2531.0
1225480 2527.2
1225490 2527.2
1225500 2520.5
1225510 2514.9
1225520 2514.9
1225530 2511.4
1225540 2510.3
1225550 2505.5
1225560 2502.7
1225570 2499.3
1225580 2499.3
1225590 2496.4
1225600 2493.9
1225610 2491.1
1225620 2491.1
1225630 2488.0
1225640 2485.1
1225650 2485.1
1225660 2483.0
1225670 2480.7
1225680 2480.7
1225690 2478.4
1225700 2476.2
1225710 2476.2
1225720 2473.2
1225730 2469.2
1225740 2469.2
1225750 2466.3
1225760 2465.0
1225770 2465.0
1225780 2464.3
1225790 2465.5
1225800 2465.5
1225810 2467.9
1225820 2471.4
1225830 2471.4
1225840 2475.5
1225850 2478.9
1225860 2481.2
1225870 2481.2
1225880 2481.9
1225890 2481.6
1225900 2481.6
1225910 2480.5
1225920 2479.7
1225930 2479.7
1225940 2477.8
1225950 2476.8
1225960 2476.8
1225970 2479.4
1225980 2483.2
1225990 2483.2
1226000 2488.1
1226010 2493.9
1226020 2493.9
1226030 2501.0
1226040 2504.7
1226050 2504.7
1226060 2513.5
1226070 2522.1
1226080 2522.1
1226090 2530.8
1226100 2537.8
1226110 2544.3
1226120 2544.3
1226130 2550.8
1226140 2552.9
1226150 2552.9
1226160 2551.0
1226170 2548.9
1226180 2548.9
1226190 2546.3
1226200 2542.6
1226210 2542.6
1226220 2539.0
1226230 2534.2
1226240 2534.2
1226250 2528.0
1226260 2522.2
1226270 2522.2
1226280 2517.2
1226290 2511.7
1226300 2511.7
1226310 2507.7
1226320 2505.6
1226330 2503.6
1226340 2503.6
1226350 2501.7
1226360 2502.8
1226370 2502.8
1226380 2506.2
1226390 2507.7
1226400 2507.7
1226410 2509.0
1226420 2510.8
1226430 2510.8
1226440 2511.4
1226450 2509.4
1226460 2509.4
1226470 2505.4
1226480 2502.1
1226490 2502.1
1226500 2501.9
1226510 2501.5
1226520 2501.5
1226530 2496.1
1226540 2496.4
1226550 2496.4
1226560 2497.8
1226570 2499.7
1226580 2502.8
1226590 2502.8
1226600 2504.7
1226610 2506.8
1226620 2506.8
1226630 2508.8
1226640 2510.6
1226650 2510.6
1226660 2511.5
1226670 2510.6
1226680 2510.6
1226690 2510.2
1226700 2511.0
1226710 2511.0
1226720 2512.3
1226730 2512.7
1226740 2512.7
1226750 2514.9
1226760 2519.5
1226770 2519.5
1226780 2525.8
1226790 2533.3
1226800 2533.3
1226810 2544.3
1226820 2553.8
1226830 2564.3
1226840 2564.3
1226850 2579.7
1226860 2591.0
1226870 2591.0
1226880 2591.5
1226890 2588.1
1226900 2588.1
1226910 2583.4
1226920 2579.4
1226930 2579.4
1226940 2574.3
1226950 2569.4
1226960 2569.4
1226970 2566.2
1226980 2563.5
1226990 2563.5
1227000 2560.8
1227010 2558.9
1227020 2552.4
1227030 2551.0
1227040 2548.5
1227050 2546.2
1227060 2546.2
1227070 2545.5
1227080 2544.5
1227090 2544.5
1227100 2544.2
1227110 2541.6
1227120 2541.6
1227130 2541.3
1227140 2541.6
1227150 2541.6
1227160 2538.3
1227170 2530.8
1227180 2530.8
1227190 2523.8
1227200 2520.0
1227210 2520.0
1227220 2515.4
1227230 2511.9
1227240 2511.9
1227250 2509.2
1227260 2504.2
1227270 2504.2
1227280 2498.1
1227290 2492.9
1227300 2489.5
1227310 2489.5
1227320 2485.5
1227330 2480.7
1227340 2480.7
1227350 2475.4
1227360 2470.4
1227370 2470.4
1227380 2467.8
1227390 2465.7
1227400 2465.7
1227410 2464.3
1227420 2464.2
1227430 2464.2
1227440 2462.9
1227450 2461.3
1227460 2461.3
1227470 2459.7
1227480 2456.8
1227490 2456.8
1227500 2454.8
1227510 2451.5
1227520 2451.5
1227530 2451.1
1227540 2450.1
1227550 2451.2
1227560 2451.2
1227570 2452.0
1227580 2452.0
1227590 2452.0
1227600 2450.6
1227610 2448.1
1227620 2448.1
1227630 2447.4
1227640 2447.5
1227650 2447.5
1227660 2447.8
1227670 2448.1
1227680 2448.1
1227690 2449.5
1227700 2451.1
1227710 2451.1
1227720 2452.0
1227730 2453.7
1227740 2453.7
1227750 2454.9
1227760 2456.4
1227770 2460.3
1227780 2460.3
1227790 2465.9
1227800 2471.1
1227810 2471.1
1227820 2475.7
1227830 2480.7
1227840 2480.7
1227850 2489.0
1227860 2499.4
1227870 2499.4
1227880 2506.7
1227890 2512.0
1227900 2512.0
1227910 2516.7
1227920 2522.0
1227930 2522.0
1227940 2527.5
1227950 2531.4
1227960 2531.4
1227970 2532.3
1227980 2531.2
1227990 2531.2
1228000 2530.1
1228010 2524.9
1228020 2523.1
1228030 2523.1
1228040 2521.6
1228050 2520.8
1228060 2520.8
1228070 2520.7
1228080 2520.5
1228090 2520.5
1228100 2520.0
1228110 2520.6
1228120 2520.6
1228130 2523.6
1228140 2528.5
1228150 2528.5
1228160 2533.9
1228170 2539.1
1228180 2539.1
1228190 2543.9
1228200 2549.2
1228210 2549.2
1228220 2554.4
1228230 2555.4
1228240 2555.4
1228250 2553.7
1228260 2552.1
1228270 2551.4
1228280 2551.4
1228290 2550.3
1228300 2550.9
1228310 2550.9
1228320 2553.5
1228330 2557.0
1228340 2557.0
1228350 2559.0
1228360 2559.9
1228370 2559.9
1228380 2560.8
1228390 2563.6
1228400 2563.6
1228410 2566.6
1228420 2569.7
1228430 2569.7
1228440 2575.5
1228450 2580.6
1228460 2580.6
1228470 2578.6
1228480 2576.7
1228490 2574.3
1228500 2573.6
1228510 2570.5
1228520 2570.1
1228530 2570.1
1228540 2569.2
1228550 2568.6
1228560 2568.6
1228570 2568.5
1228580 2568.4
1228590 2568.4
1228600 2568.4
1228610 2570.3
1228620 2570.3
1228630 2573.1
1228640 2576.1
1228650 2576.1
1228660 2578.3
1228670 2579.8
1228680 2579.8
1228690 2581.3
1228700 2583.0
1228710 2583.0
1228720 2584.9
1228730 2586.9
1228740 2588.9
1228750 2588.9
1228760 2591.1
1228770 2594.3
1228780 2594.3
1228790 2597.6
1228800 2601.1
1228810 2601.1
1228820 2604.8
1228830 2608.7
1228840 2608.7
1228850 2612.7
1228860 2617.0
1228870 2617.0
1228880 2621.2
1228890 2625.8
1228900 2625.8
1228910 2630.6
1228920 2635.6
1228930 2635.6
1228940 2640.9
1228950 2646.1
1228960 2646.1
1228970 2651.5
1228980 2657.1
1228990 2662.7
1229000 2664.0
1229010 2669.8
1229020 2675.9
1229030 2675.9
1229040 2682.3
1229050 2688.8
1229060 2688.8
1229070 2695.3
1229080 2702.2
1229090 2702.2
1229100 2709.6
1229110 2717.1
1229120 2717.1
1229130 2724.7
1229140 2732.6
1229150 2732.6
1229160 2740.6
1229170 2747.9
1229180 2747.9
1229190 2755.3
1229200 2762.8
1229210 2770.1
1229220 2770.1
1229230 2776.7
1229240 2783.2
1229250 2783.2
1229260 2789.4
1229270 2796.0
1229280 2796.0
1229290 2802.7
1229300 2809.1
1229310 2809.1
1229320 2816.3
1229330 2826.6
1229340 2826.6
1229350 2840.2
1229360 2850.4
1229370 2850.4
1229380 2867.5
1229390 2884.6
1229400 2884.6
1229410 2897.4
1229420 2906.0
1229430 2906.0
1229440 2914.7
1229450 2925.8
1229460 2929.8
1229470 2929.8
1229480 2921.9
1229490 2913.8
1229500 2913.3
1229510 2907.5
1229520 2899.8
1229530 2899.8
1229540 2892.0
1229550 2886.9
1229560 2886.9
1229570 2882.4
1229580 2876.9
1229590 2876.9
1229600 2870.5
1229610 2865.2
1229620 2865.2
1229630 2859.7
1229640 2855.9
1229650 2855.9
1229660 2852.6
1229670 2849.7
1229680 2849.7
1229690 2846.8
1229700 2844.9
1229710 2844.5
1229720 2844.5
1229730 2845.4
1229740 2847.0
1229750 2847.0
1229760 2847.7
1229770 2847.0
1229780 2847.0
1229790 2845.3
1229800 2843.3
1229810 2843.3
1229820 2841.5
1229830 2838.5
1229840 2838.5
1229850 2834.6
1229860 2827.7
1229870 2827.7
1229880 2822.2
1229890 2816.2
1229900 2816.2
1229910 2811.9
1229920 2809.3
1229930 2807.9
1229940 2807.9
1229950 2807.1
1229960 2805.8
1229970 2805.8
1229980 2802.6
1229990 2799.0
1230000 2800.0
1230010 2798.1
1230020 2795.2
1230030 2795.2
1230040 2792.0
1230050 2790.4
1230060 2790.4
1230070 2788.9
1230080 2787.1
1230090 2787.1
1230100 2786.3
1230110 2786.4
1230120 2786.4
1230130 2786.9
1230140 2788.2
1230150 2788.2
1230160 2788.5
1230170 2787.0
1230180 2786.2
1230190 2786.2
1230200 2785.9
1230210 2785.7
1230220 2785.7
1230230 2785.6
1230240 2785.5
1230250 2785.5
1230260 2785.4
1230270 2785.2
1230280 2785.2
1230290 2785.2
1230300 2785.3
1230310 2785.3
1230320 2785.4
1230330 2785.4
1230340 2785.4
1230350 2785.4
1230360 2785.6
1230370 2785.6
1230380 2785.8
1230390 2786.0
1230400 2786.0
1230410 2786.3
1230420 2786.7
1230430 2787.3
1230440 2787.3
1230450 2787.9
1230460 2788.6
1230470 2788.6
1230480 2789.9
1230490 2791.4
1230500 2797.9
1230510 2799.8
1230520 2804.0
1230530 2804.0
1230540 2808.0
1230550 2812.5
1230560 2812.5
1230570 2816.7
1230580 2819.3
1230590 2819.3
1230600 2820.1
1230610 2821.0
1230620 2821.0
1230630 2820.8
1230640 2819.3
1230650 2820.2
1230660 2820.2
1230670 2821.8
1230680 2820.2
1230690 2820.2
1230700 2817.0
1230710 2815.0
1230720 2815.0
1230730 2814.0
1230740 2814.0
1230750 2814.0
1230760 2812.6
1230770 2813.2
1230780 2813.2
1230790 2814.8
1230800 2816.7
1230810 2816.7
1230820 2817.4
1230830 2818.0
1230840 2818.0
1230850 2819.5
1230860 2817.5
1230870 2817.5
1230880 2809.8
1230890 2803.9
1230900 2800.2
1230910 2800.2
1230920 2798.2
1230930 2794.8
1230940 2794.8
1230950 2792.6
1230960 2791.6
1230970 2791.6
1230980 2790.7
1230990 2790.1
1231000 2797.3
1231010 2797.5
1231020 2798.5
1231030 2798.5
1231040 2799.7
1231050 2800.5
1231060 2800.5
1231070 2801.0
1231080 2801.5
1231090 2801.5
1231100 2804.8
1231110 2807.1
1231120 2807.1
1231130 2814.2
1231140 2823.9
1231150 2824.7
1231160 2824.7
1231170 2828.6
1231180 2834.3
1231190 2834.3
1231200 2839.6
1231210 2844.0
1231220 2844.0
1231230 2853.7
1231240 2867.1
1231250 2867.1
1231260 2880.4
1231270 2883.2
1231280 2883.2
1231290 2881.9
1231300 2876.5
1231310 2876.5
1231320 2874.0
1231330 2864.8
1231340 2864.8
1231350 2857.5
1231360 2863.5
1231370 2866.4
1231380 2866.4
1231390 2871.8
1231400 2875.1
1231410 2875.1
1231420 2891.5
1231430 2907.4
1231440 2907.4
1231450 2921.2
1231460 2915.1
1231470 2915.1
1231480 2904.7
1231490 2893.8
1231500 2909.3
1231510 2897.5
1231520 2877.2
1231530 2877.2
1231540 2854.5
1231550 2839.0
1231560 2839.0
1231570 2823.4
1231580 2812.7
1231590 2812.7
1231600 2804.8
1231610 2798.4
1231620 2792.1
1231630 2792.1
1231640 2785.8
1231650 2779.3
1231660 2779.3
1231670 2772.9
1231680 2766.7
1231690 2766.7
1231700 2761.1
1231710 2755.5
1231720 2755.5
1231730 2750.6
1231740 2747.1
1231750 2747.1
1231760 2745.5
1231770 2742.9
1231780 2742.9
1231790 2738.1
1231800 2733.4
1231810 2733.4
1231820 2731.9
1231830 2732.1
1231840 2732.1
1231850 2731.1
1231860 2730.1
1231870 2729.5
1231880 2729.5
1231890 2729.6
1231900 2726.4
1231910 2726.4
1231920 2724.9
1231930 2723.2
1231940 2723.2
1231950 2715.3
1231960 2705.6
1231970 2705.6
1231980 2704.3
1231990 2704.0
1232000 2696.7
1232010 2698.2
1232020 2693.4
1232030 2693.4
1232040 2691.1
1232050 2690.1
1232060 2690.1
1232070 2689.1
1232080 2687.0
1232090 2685.3
1232100 2685.3
1232110 2684.0
1232120 2683.9
1232130 2683.9
1232140 2686.4
1232150 2686.8
1232160 2686.8
1232170 2686.8
1232180 2689.5
1232190 2689.5
1232200 2692.0
1232210 2694.8
1232220 2694.8
1232230 2696.4
1232240 2699.4
1232250 2699.4
1232260 2702.9
1232270 2706.5
1232280 2706.5
1232290 2714.4
1232300 2728.9
1232310 2728.9
1232320 2738.1
1232330 2744.4
1232340 2741.2
1232350 2741.2
1232360 2732.1
1232370 2723.8
1232380 2723.8
1232390 2716.8
1232400 2710.7
1232410 2710.7
1232420 2706.0
1232430 2703.0
1232440 2703.0
1232450 2700.9
1232460 2701.0
1232470 2701.0
1232480 2701.0
1232490 2701.3
1232500 2701.3
1232510 2699.2
1232520 2701.4
1232530 2701.4
1232540 2705.4
1232550 2709.2
1232560 2709.2
1232570 2713.2
1232580 2718.3
1232590 2724.1
1232600 2724.1
1232610 2731.5
1232620 2738.9
1232630 2738.9
1232640 2746.8
1232650 2754.2
1232660 2754.2
1232670 2760.7
1232680 2765.9
1232690 2765.9
1232700 2766.8
1232710 2761.8
1232720 2761.8
1232730 2748.4
1232740 2738.1
1232750 2738.1
1232760 2727.0
1232770 2716.3
1232780 2716.3
1232790 2705.9
1232800 2699.8
1232810 2699.8
1232820 2692.2
1232830 2680.3
1232840 2665.5
1232850 2665.5
1232860 2650.2
1232870 2636.8
1232880 2636.8
1232890 2622.5
1232900 2610.8
1232910 2610.8
1232920 2601.8
1232930 2590.6
1232940 2590.6
1232950 2580.3
1232960 2569.5
1232970 2569.5
1232980 2559.5
1232990 2548.1
1233000 2548.1
1233010 2538.3
1233020 2533.1
1233030 2533.1
1233040 2527.9
1233050 2522.3
1233060 2516.2
1233070 2516.2
1233080 2509.2
1233090 2501.5
1233100 2501.5
1233110 2494.4
1233120 2488.1
1233130 2488.1
1233140 2481.6
1233150 2473.7
1233160 2473.7
1233170 2459.7
1233180 2446.8
1233190 2446.8
1233200 2438.9
1233210 2431.6
1233220 2431.6
1233230 2424.8
1233240 2418.0
1233250 2418.0
1233260 2411.1
1233270 2404.2
1233280 2404.2
1233290 2397.5
1233300 2390.9
1233310 2384.4
1233320 2384.4
1233330 2378.0
1233340 2371.7
1233350 2371.7
1233360 2365.5
1233370 2359.4
1233380 2359.4
1233390 2353.4
1233400 2347.5
1233410 2347.5
1233420 2341.7
1233430 2336.1
1233440 2336.1
1233450 2330.7
1233460 2325.4
1233470 2325.4
1233480 2320.2
1233490 2315.1
1233500 2315.1
1233510 2310.2
1233520 2303.9
1233530 2303.9
1233540 2299.1
1233550 2294.0
1233560 2288.1
1233570 2288.1
1233580 2281.5
1233590 2274.6
1233600 2274.6
1233610 2267.9
1233620 2262.9
1233630 2262.9
1233640 2258.4
1233650 2253.4
1233660 2253.4
1233670 2247.8
1233680 2241.7
1233690 2241.7
1233700 2235.3
1233710 2228.8
1233720 2228.8
1233730 2222.1
1233740 2210.3
1233750 2210.3
1233760 2196.4
1233770 2188.2
1233780 2179.9
1233790 2179.9
1233800 2173.0
1233810 2166.8
1233820 2166.8
1233830 2162.5
1233840 2160.1
1233850 2160.1
1233860 2156.6
1233870 2153.2
1233880 2153.2
1233890 2148.5
1233900 2143.2
1233910 2143.2
1233920 2139.4
1233930 2133.7
1233940 2133.7
1233950 2127.8
1233960 2120.7
1233970 2120.7
1233980 2113.7
1233990 2106.4
1234000 2106.4
1234010 2098.5
1234020 2090.4
1234030 2080.2
1234040 2080.2
1234050 2074.0
1234060 2066.7
1234070 2066.7
1234080 2059.4
1234090 2052.1
1234100 2052.1
1234110 2045.4
1234120 2040.6
1234130 2040.6
1234140 2038.2
1234150 2036.2
1234160 2036.2
1234170 2034.4
1234180 2031.8
1234190 2031.8
1234200 2028.8
1234210 2026.0
1234220 2026.0
1234230 2023.7
1234240 2021.3
1234250 2021.3
1234260 2018.7
1234270 2014.7
1234280 2010.8
1234290 2010.8
1234300 2007.4
1234310 2002.8
1234320 2002.8
1234330 1997.5
1234340 1993.0
1234350 1993.0
1234360 1987.1
1234370 1980.9
1234380 1980.9
1234390 1975.6
1234400 1969.4
1234410 1969.4
1234420 1964.1
1234430 1960.9
1234440 1960.9
1234450 1955.9
1234460 1948.5
1234470 1948.5
1234480 1939.9
1234490 1931.6
1234500 1927.4
1234510 1927.4
1234520 1927.6
1234530 1928.4
1234540 1928.4
1234550 1927.9
1234560 1927.3
1234570 1927.3
1234580 1927.1
1234590 1927.4
1234600 1927.4
1234610 1926.9
1234620 1926.1
1234630 1926.1
1234640 1926.3
1234650 1926.3
1234660 1926.3
1234670 1926.4
1234680 1926.4
1234690 1926.4
1234700 1926.1
1234710 1926.2
1234720 1926.2
1234730 1926.6
1234740 1926.7
1234750 1927.2
1234760 1927.2
1234770 1927.8
1234780 1927.4
1234790 1927.4
1234800 1927.0
1234810 1927.4
1234820 1927.4
1234830 1927.2
1234840 1927.4
1234850 1927.4
1234860 1927.4
1234870 1926.6
1234880 1926.6
1234890 1926.7
1234900 1926.2
1234910 1926.2
1234920 1926.2
1234930 1926.3
1234940 1926.3
1234950 1925.6
1234960 1924.4
1234970 1924.4
1234980 1923.7
1234990 1923.3
1235000 1923.1
1235010 1923.1
1235020 1922.1
1235030 1921.9
1235040 1923.5
1235050 1925.0
1235060 1926.3
1235070 1926.3
1235080 1927.9
1235090 1929.6
1235100 1929.6
1235110 1932.0
1235120 1934.7
1235130 1934.7
1235140 1937.2
1235150 1940.2
1235160 1940.2
1235170 1942.8
1235180 1945.4
1235190 1945.4
1235200 1948.3
1235210 1951.6
1235220 1955.1
1235230 1955.1
1235240 1958.4
1235250 1961.4
1235260 1961.4
1235270 1964.6
1235280 1967.8
1235290 1967.8
1235300 1970.7
1235310 1974.1
1235320 1974.1
1235330 1977.4
1235340 1980.2
1235350 1980.2
1235360 1983.6
1235370 1987.9
1235380 1987.9
1235390 1990.9
1235400 1993.7
1235410 1993.7
1235420 1998.3
1235430 2002.2
1235440 2002.2
1235450 2006.7
1235460 2011.4
1235470 2014.7
1235480 2014.7
1235490 2018.0
1235500 2021.1
1235510 2021.1
1235520 2023.8
1235530 2026.2
1235540 2026.2
1235550 2033.7
1235560 2035.3
1235570 2035.3
1235580 2037.2
1235590 2039.9
1235600 2039.9
1235610 2042.1
1235620 2044.1
1235630 2044.1
1235640 2047.2
1235650 2050.3
1235660 2050.3
1235670 2052.2
1235680 2053.5
1235690 2053.5
1235700 2055.7
1235710 2060.3
1235720 2065.9
1235730 2065.9
1235740 2072.2
1235750 2079.0
1235760 2079.0
1235770 2085.8
1235780 2092.7
1235790 2092.7
1235800 2099.5
1235810 2105.7
1235820 2105.7
1235830 2111.4
1235840 2112.9
1235850 2112.9
1235860 2111.4
1235870 2115.9
1235880 2115.9
1235890 2124.4
1235900 2132.6
1235910 2132.6
1235920 2141.4
1235930 2150.5
1235940 2161.1
1235950 2161.1
1235960 2173.9
1235970 2186.8
1235980 2186.8
1235990 2199.4
1236000 2208.8
1236010 2208.8
1236020 2216.5
1236030 2221.4
1236040 2221.4
1236050 2223.4
1236060 2236.4
1236070 2236.4
1236080 2246.2
1236090 2255.0
1236100 2255.0
1236110 2263.1
1236120 2269.6
1236130 2269.6
1236140 2281.4
1236150 2293.1
1236160 2293.1
1236170 2300.7
1236180 2308.9
1236190 2316.8
1236200 2316.8
1236210 2325.9
1236220 2332.7
1236230 2332.7
1236240 2339.7
1236250 2347.0
1236260 2347.0
1236270 2354.8
1236280 2363.5
1236290 2363.5
1236300 2371.5
1236310 2379.1
1236320 2379.1
1236330 2386.7
1236340 2394.3
1236350 2394.3
1236360 2401.7
1236370 2408.9
1236380 2408.9
1236390 2417.9
1236400 2428.0
1236410 2428.0
1236420 2437.7
1236430 2445.6
1236440 2454.9
1236450 2454.9
1236460 2472.0
1236470 2493.2
1236480 2493.2
1236490 2509.4
1236500 2514.6
1236510 2514.6
1236520 2519.1
1236530 2524.2
1236540 2524.2
1236550 2529.2
1236560 2535.8
1236570 2535.8
1236580 2549.9
1236590 2557.3
1236600 2557.3
1236610 2567.3
1236620 2577.2
1236630 2577.2
1236640 2587.5
1236650 2593.4
1236660 2597.6
1236670 2597.6
1236680 2606.6
1236690 2614.5
1236700 2614.5
1236710 2618.1
1236720 2621.6
1236730 2621.6
1236740 2627.3
1236750 2634.9
1236760 2634.9
1236770 2643.8
1236780 2653.2
1236790 2653.2
1236800 2662.1
1236810 2669.9
1236820 2669.9
1236830 2677.5
1236840 2684.6
1236850 2684.6
1236860 2692.1
1236870 2697.3
1236880 2697.3
1236890 2698.0
1236900 2695.4
1236910 2692.4
1236920 2692.4
1236930 2688.0
1236940 2682.1
1236950 2682.1
1236960 2678.2
1236970 2674.5
1236980 2674.5
1236990 2670.0
1237000 2665.9
1237010 2665.9
1237020 2662.9
1237030 2659.5
1237040 2659.5
1237050 2657.2
1237060 2655.4
1237070 2655.4
1237080 2652.0
1237090 2643.1
1237100 2643.1
1237110 2638.4
1237120 2633.5
1237130 2633.5
1237140 2628.2
1237150 2622.8
1237160 2616.6
1237170 2616.6
1237180 2608.4
1237190 2601.1
1237200 2601.1
1237210 2594.5
1237220 2588.5
1237230 2588.5
1237240 2582.7
1237250 2576.4
1237260 2576.4
1237270 2570.0
1237280 2565.1
1237290 2565.1
1237300 2560.4
1237310 2556.2
1237320 2556.2
1237330 2551.8
1237340 2547.6
1237350 2547.6
1237360 2542.9
1237370 2538.7
1237380 2533.6
1237390 2533.6
1237400 2523.7
1237410 2517.0
1237420 2517.0
1237430 2512.4
1237440 2507.6
1237450 2507.6
1237460 2504.5
1237470 2502.4
1237480 2502.4
1237490 2500.9
1237500 2499.2
1237510 2499.2
1237520 2496.5
1237530 2493.2
1237540 2493.2
1237550 2491.0
1237560 2489.2
1237570 2489.2
1237580 2485.8
1237590 2483.3
1237600 2476.6
1237610 2475.7
1237620 2478.2
1237630 2478.1
1237640 2478.1
1237650 2474.8
1237660 2471.1
1237670 2471.1
1237680 2467.7
1237690 2465.0
1237700 2465.0
1237710 2461.7
1237720 2457.6
1237730 2457.6
1237740 2453.4
1237750 2449.1
1237760 2449.1
1237770 2444.8
1237780 2441.2
1237790 2441.2
1237800 2437.8
1237810 2434.2
1237820 2434.2
1237830 2431.3
1237840 2430.0
1237850 2430.0
1237860 2429.2
1237870 2427.8
1237880 2426.1
1237890 2426.1
1237900 2423.8
1237910 2420.6
1237920 2420.6
1237930 2417.2
1237940 2414.6
1237950 2414.6
1237960 2412.8
1237970 2411.6
1237980 2411.6
1237990 2409.5
1238000 2407.0
1238010 2407.0
1238020 2404.7
1238030 2403.7
1238040 2403.7
1238050 2403.2
1238060 2403.5
1238070 2403.5
1238080 2403.2
1238090 2402.0
1238100 2395.3
1238110 2395.3
1238120 2385.3
1238130 2376.6
1238140 2376.6
1238150 2368.4
1238160 2360.1
1238170 2360.1
1238180 2351.7
1238190 2340.5
1238200 2340.5
1238210 2327.7
1238220 2316.8
1238230 2316.8
1238240 2307.0
1238250 2297.4
1238260 2297.4
1238270 2286.7
1238280 2273.2
1238290 2273.2
1238300 2262.1
1238310 2253.4
1238320 2253.4
1238330 2244.3
1238340 2234.1
1238350 2224.2
1238360 2224.2
1238370 2215.4
1238380 2207.3
1238390 2207.3
1238400 2199.1
1238410 2190.5
1238420 2190.5
1238430 2182.3
1238440 2174.8
1238450 2174.8
1238460 2167.2
1238470 2158.7
1238480 2158.7
1238490 2150.0
1238500 2141.4
1238510 2141.4
1238520 2134.7
1238530 2128.8
1238540 2128.8
1238550 2123.0
1238560 2116.8
1238570 2116.8
1238580 2110.2
1238590 2104.0
1238600 2098.3
1238610 2098.3
1238620 2092.5
1238630 2085.3
1238640 2085.3
1238650 2079.9
1238660 2074.5
1238670 2074.5
1238680 2068.9
1238690 2063.7
1238700 2063.7
1238710 2059.2
1238720 2055.7
1238730 2055.7
1238740 2052.7
1238750 2050.7
1238760 2050.7
1238770 2049.4
1238780 2048.0
1238790 2048.0
1238800 2043.9
1238810 2040.9
1238820 2039.0
1238830 2039.0
1238840 2036.6
1238850 2032.9
1238860 2032.9
1238870 2029.5
1238880 2023.1
1238890 2023.1
1238900 2012.9
1238910 2005.1
1238920 2005.1
1238930 1999.9
1238940 1997.0
1238950 1997.0
1238960 1994.2
1238970 1990.3
1238980 1990.3
1238990 1985.2
1239000 1981.4
1239010 1981.4
1239020 1976.9
1239030 1973.6
1239040 1973.6
1239050 1971.2
1239060 1966.8
1239070 1959.7
1239080 1959.7
1239090 1951.7
1239100 1945.1
1239110 1945.1
1239120 1938.4
1239130 1931.1
1239140 1931.1
1239150 1925.3
1239160 1918.0
1239170 1918.0
1239180 1910.5
1239190 1903.2
1239200 1903.2
1239210 1894.8
1239220 1887.6
1239230 1887.6
1239240 1880.7
1239250 1873.6
1239260 1873.6
1239270 1867.0
1239280 1860.7
1239290 1860.7
1239300 1854.5
1239310 1848.1
1239320 1841.2
1239330 1841.2
1239340 1832.7
1239350 1825.1
1239360 1825.1
1239370 1817.4
1239380 1808.3
1239390 1808.3
1239400 1800.6
1239410 1793.2
1239420 1793.2
1239430 1786.4
1239440 1780.5
1239450 1780.5
1239460 1773.4
1239470 1760.8
1239480 1760.8
1239490 1748.0
1239500 1741.8
1239510 1741.8
1239520 1734.8
1239530 1727.3
1239540 1720.0
1239550 1720.0
1239560 1713.9
1239570 1708.0
1239580 1708.0
1239590 1701.2
1239600 1693.2
1239610 1693.2
1239620 1684.9
1239630 1676.8
1239640 1676.8
1239650 1669.9
1239660 1662.6
1239670 1664.7
1239680 1656.9
1239690 1648.8
1239700 1648.8
1239710 1640.6
1239720 1632.4
1239730 1632.4
1239740 1624.6
1239750 1617.2
1239760 1617.2
1239770 1609.7
1239780 1601.8
1239790 1593.9
1239800 1593.9
1239810 1586.6
1239820 1579.9
1239830 1579.9
1239840 1573.4
1239850 1567.1
1239860 1567.1
1239870 1560.9
1239880 1554.8
1239890 1554.8
1239900 1549.2
1239910 1544.6
1239920 1544.6
1239930 1541.5
1239940 1539.3
1239950 1539.3
1239960 1536.0
1239970 1532.3
1239980 1532.3
1239990 1528.6
