1220000 2574.7
1220010 2589.0
1220020 2599.3
1220030 2599.3
1220040 2602.6
1220050 2606.5
1220060 2606.5
1220070 2610.9
1220080 2616.6
1220090 2623.0
1220100 2623.0
1220110 2630.4
1220120 2642.3
1220130 2642.3
1220140 2661.1
1220150 2692.5
1220160 2692.5
1220170 2712.1
1220180 2735.7
1220190 2735.7
1220200 2752.3
1220210 2756.4
1220220 2756.4
1220230 2764.4
1220240 2773.1
1220250 2773.1
1220260 2775.9
1220270 2779.6
1220280 2779.6
1220290 2783.8
1220300 2789.0
1220310 2789.0
1220320 2795.1
1220330 2793.2
1220340 2780.7
1220350 2780.7
1220360 2768.6
1220370 2754.1
1220380 2754.1
1220390 2741.5
1220400 2736.0
1220410 2736.0
1220420 2730.1
1220430 2724.3
1220440 2724.3
1220450 2718.9
1220460 2713.6
1220470 2713.6
1220480 2707.3
1220490 2698.5
1220500 2698.5
1220510 2686.7
1220520 2671.0
1220530 2671.0
1220540 2661.6
1220550 2655.8
1220560 2655.8
1220570 2650.4
1220580 2644.8
1220590 2639.1
1220600 2639.1
1220610 2633.8
1220620 2628.5
1220630 2628.5
1220640 2623.3
1220650 2618.1
1220660 2618.1
1220670 2613.0
1220680 2609.2
1220690 2609.2
1220700 2605.7
1220710 2602.6
1220720 2602.6
1220730 2600.2
1220740 2598.2
1220750 2598.2
1220760 2594.0
1220770 2588.1
1220780 2588.1
1220790 2585.0
1220800 2581.3
1220810 2577.0
1220820 2577.0
1220830 2573.8
1220840 2570.8
1220850 2570.8
1220860 2567.1
1220870 2562.9
1220880 2566.7
1220890 2563.1
1220900 2556.3
1220910 2556.3
1220920 2549.3
1220930 2540.0
1220940 2540.0
1220950 2530.3
1220960 2521.6
1220970 2521.6
1220980 2512.1
1220990 2503.2
1221000 2503.2
1221010 2495.9
1221020 2490.1
1221030 2490.1
1221040 2485.6
1221050 2483.2
1221060 2481.0
1221070 2481.0
1221080 2479.0
1221090 2477.5
1221100 2477.5
1221110 2476.6
1221120 2475.8
1221130 2475.8
1221140 2474.1
1221150 2472.8
1221160 2472.8
1221170 2472.1
1221180 2471.9
1221190 2471.9
1221200 2472.0
1221210 2472.5
1221220 2472.5
1221230 2473.4
1221240 2473.8
1221250 2473.8
1221260 2472.6
1221270 2471.1
1221280 2471.1
1221290 2469.7
1221300 2468.5
1221310 2467.4
1221320 2467.4
1221330 2465.9
1221340 2464.8
1221350 2464.8
1221360 2462.6
1221370 2461.4
1221380 2461.4
1221390 2460.7
1221400 2459.7
1221410 2459.7
1221420 2458.3
1221430 2457.3
1221440 2457.3
1221450 2456.3
1221460 2455.1
1221470 2455.1
1221480 2454.2
1221490 2453.8
1221500 2453.8
1221510 2453.9
1221520 2454.4
1221530 2454.4
1221540 2453.7
1221550 2452.1
1221560 2449.5
1221570 2449.5
1221580 2448.9
1221590 2449.7
1221600 2449.7
1221610 2449.1
1221620 2448.9
1221630 2448.9
1221640 2447.4
1221650 2446.9
1221660 2446.9
1221670 2448.0
1221680 2446.8
1221690 2446.8
1221700 2445.5
1221710 2445.6
1221720 2445.6
1221730 2445.9
1221740 2444.9
1221750 2444.9
1221760 2443.0
1221770 2442.7
1221780 2442.1
1221790 2442.1
1221800 2440.4
1221810 2439.2
1221820 2439.2
1221830 2437.3
1221840 2436.1
1221850 2436.1
1221860 2434.9
1221870 2433.6
1221880 2433.6
1221890 2433.9
1221900 2432.5
1221910 2432.5
1221920 2431.6
1221930 2430.4
1221940 2430.4
1221950 2428.5
1221960 2428.0
1221970 2428.0
1221980 2428.2
1221990 2428.3
1222000 2428.3
1222010 2428.0
1222020 2427.8
1222030 2427.9
1222040 2427.9
1222050 2427.6
1222060 2427.2
1222070 2427.2
1222080 2427.3
1222090 2427.4
1222100 2427.4
1222110 2427.1
1222120 2426.9
1222130 2426.9
1222140 2426.8
1222150 2427.0
1222160 2427.0
1222170 2427.4
1222180 2428.5
1222190 2428.5
1222200 2429.9
1222210 2431.5
1222220 2431.5
1222230 2434.3
1222240 2438.0
1222250 2438.0
1222260 2441.5
1222270 2445.0
1222280 2448.7
1222290 2448.7
1222300 2451.7
1222310 2453.8
1222320 2447.3
1222330 2449.9
1222340 2453.2
1222350 2453.2
1222360 2455.8
1222370 2456.4
1222380 2456.4
1222390 2454.1
1222400 2448.7
1222410 2448.7
1222420 2440.7
1222430 2433.9
1222440 2433.9
1222450 2426.9
1222460 2419.8
1222470 2419.8
1222480 2412.3
1222490 2404.1
1222500 2404.1
1222510 2396.3
1222520 2389.5
1222530 2383.4
1222540 2383.4
1222550 2377.6
1222560 2372.8
1222570 2372.8
1222580 2369.0
1222590 2365.6
1222600 2365.6
1222610 2363.9
1222620 2363.6
1222630 2363.6
1222640 2364.5
1222650 2366.9
1222660 2366.9
1222670 2369.8
1222680 2372.9
1222690 2372.9
1222700 2376.8
1222710 2379.9
1222720 2379.9
1222730 2382.2
1222740 2382.6
1222750 2381.2
1222760 2381.2
1222770 2380.9
1222780 2380.6
1222790 2380.6
1222800 2379.1
1222810 2373.0
1222820 2373.0
1222830 2371.0
1222840 2370.3
1222850 2370.3
1222860 2368.3
1222870 2365.8
1222880 2365.8
1222890 2364.6
1222900 2364.0
1222910 2364.0
1222920 2363.7
1222930 2363.2
1222940 2363.2
1222950 2362.6
1222960 2362.4
1222970 2362.4
1222980 2361.5
1222990 2357.6
1223000 2353.9
1223010 2353.9
1223020 2349.4
1223030 2345.0
1223040 2345.0
1223050 2343.3
1223060 2342.1
1223070 2342.1
1223080 2341.4
1223090 2338.8
1223100 2338.8
1223110 2332.7
1223120 2326.0
1223130 2326.0
1223140 2318.8
1223150 2314.4
1223160 2314.4
1223170 2309.4
1223180 2303.7
1223190 2303.7
1223200 2298.7
1223210 2294.5
1223220 2294.5
1223230 2291.6
1223240 2286.2
1223250 2278.6
1223260 2278.6
1223270 2272.1
1223280 2267.9
1223290 2267.9
1223300 2270.3
1223310 2273.8
1223320 2273.8
1223330 2275.3
1223340 2275.8
1223350 2275.8
1223360 2274.2
1223370 2268.2
1223380 2268.2
1223390 2261.9
1223400 2258.4
1223410 2258.4
1223420 2257.2
1223430 2255.9
1223440 2255.9
1223450 2254.9
1223460 2254.4
1223470 2254.4
1223480 2253.7
1223490 2252.6
1223500 2252.8
1223510 2252.8
1223520 2253.5
1223530 2255.1
1223540 2255.1
1223550 2257.0
1223560 2258.9
1223570 2258.9
1223580 2262.0
1223590 2266.5
1223600 2266.5
1223610 2270.5
1223620 2272.9
1223630 2272.9
1223640 2274.6
1223650 2274.6
1223660 2274.6
1223670 2276.5
1223680 2281.0
1223690 2281.0
1223700 2286.4
1223710 2291.9
1223720 2291.9
1223730 2297.4
1223740 2302.4
1223750 2308.7
1223760 2308.7
1223770 2316.0
1223780 2325.0
1223790 2325.0
1223800 2332.4
1223810 2338.5
1223820 2338.5
1223830 2341.7
1223840 2343.7
1223850 2343.7
1223860 2347.0
1223870 2354.9
1223880 2354.9
1223890 2362.8
1223900 2367.4
1223910 2367.4
1223920 2372.8
1223930 2387.3
1223940 2387.3
1223950 2397.4
1223960 2405.5
1223970 2419.5
1223980 2419.5
1223990 2437.6
1224000 2445.8
1224010 2445.8
1224020 2450.3
1224030 2455.5
1224040 2455.5
1224050 2460.4
1224060 2463.3
1224070 2463.3
1224080 2463.6
1224090 2460.0
1224100 2460.0
1224110 2458.8
1224120 2460.9
1224130 2460.9
1224140 2465.6
1224150 2472.0
1224160 2472.0
1224170 2478.1
1224180 2484.1
1224190 2484.1
1224200 2490.5
1224210 2496.8
1224220 2504.1
1224230 2504.1
1224240 2512.6
1224250 2522.5
1224260 2522.5
1224270 2527.4
1224280 2533.7
1224290 2533.7
1224300 2540.1
1224310 2546.8
1224320 2546.8
1224330 2553.7
1224340 2559.4
1224350 2559.4
1224360 2564.3
1224370 2569.0
1224380 2569.0
1224390 2575.5
1224400 2582.8
1224410 2582.8
1224420 2589.6
1224430 2596.6
1224440 2596.6
1224450 2603.2
1224460 2607.4
1224470 2611.6
1224480 2611.6
1224490 2616.8
1224500 2619.3
1224510 2619.3
1224520 2612.4
1224530 2606.2
1224540 2606.2
1224550 2603.3
1224560 2599.6
1224570 2599.6
1224580 2597.5
1224590 2594.8
1224600 2594.8
1224610 2592.3
1224620 2589.1
1224630 2589.1
1224640 2586.7
1224650 2585.5
1224660 2585.5
1224670 2586.7
1224680 2588.4
1224690 2588.4
1224700 2589.3
1224710 2588.6
1224720 2586.8
1224730 2586.8
1224740 2586.6
1224750 2585.7
1224760 2584.7
1224770 2582.9
1224780 2582.7
1224790 2582.7
1224800 2584.0
1224810 2587.3
1224820 2587.3
1224830 2591.9
1224840 2595.8
1224850 2595.8
1224860 2599.7
1224870 2603.9
1224880 2603.9
1224890 2608.6
1224900 2613.4
1224910 2613.4
1224920 2618.4
1224930 2622.4
1224940 2625.8
1224950 2625.8
1224960 2629.3
1224970 2632.6
1224980 2632.6
1224990 2635.3
1225000 2637.0
1225010 2637.0
1225020 2638.3
1225030 2639.1
1225040 2639.1
1225050 2640.1
1225060 2641.5
1225070 2641.5
1225080 2642.2
1225090 2643.2
1225100 2643.2
1225110 2645.2
1225120 2648.0
1225130 2648.0
1225140 2650.9
1225150 2654.1
1225160 2654.1
1225170 2657.3
1225180 2660.8
1225190 2665.3
1225200 2665.3
1225210 2669.2
1225220 2675.4
1225230 2675.4
1225240 2681.2
1225250 2684.5
1225260 2684.5
1225270 2691.2
1225280 2698.1
1225290 2698.1
1225300 2704.6
1225310 2710.8
1225320 2710.8
1225330 2716.4
1225340 2721.8
1225350 2721.8
1225360 2727.1
1225370 2732.3
1225380 2732.3
1225390 2738.7
1225400 2745.1
1225410 2745.1
1225420 2752.6
1225430 2760.0
1225440 2766.7
1225450 2766.7
1225460 2773.1
1225470 2779.5
1225480 2779.5
1225490 2786.2
1225500 2793.5
1225510 2793.5
1225520 2800.7
1225530 2807.4
1225540 2807.4
1225550 2815.2
1225560 2823.6
1225570 2823.6
1225580 2833.6
1225590 2846.4
1225600 2846.4
1225610 2855.6
1225620 2866.1
1225630 2866.1
1225640 2879.6
1225650 2887.4
1225660 2887.4
1225670 2891.2
1225680 2894.5
1225690 2900.0
1225700 2900.0
1225710 2908.1
1225720 2918.6
1225730 2918.6
1225740 2928.8
1225750 2933.3
1225760 2933.3
1225770 2927.1
1225780 2918.1
1225790 2918.1
1225800 2909.4
1225810 2900.1
1225820 2900.1
1225830 2893.1
1225840 2884.9
1225850 2884.9
1225860 2877.2
1225870 2867.1
1225880 2867.1
1225890 2859.4
1225900 2857.1
1225910 2856.3
1225920 2856.3
1225930 2855.6
1225940 2854.2
1225950 2854.2
1225960 2853.3
1225970 2852.9
1225980 2852.9
1225990 2849.4
1226000 2844.7
1226010 2844.7
1226020 2843.2
1226030 2842.3
1226040 2842.3
1226050 2843.0
1226060 2843.5
1226070 2843.5
1226080 2843.4
1226090 2843.1
1226100 2843.1
1226110 2843.6
1226120 2844.7
1226130 2844.7
1226140 2844.7
1226150 2840.0
1226160 2830.5
1226170 2830.5
1226180 2821.9
1226190 2814.4
1226200 2814.4
1226210 2806.2
1226220 2798.1
1226230 2806.6
1226240 2803.8
1226250 2802.1
1226260 2802.1
1226270 2799.6
1226280 2794.3
1226290 2794.3
1226300 2789.1
1226310 2782.6
1226320 2782.6
1226330 2777.5
1226340 2773.0
1226350 2773.0
1226360 2769.4
1226370 2766.7
1226380 2766.7
1226390 2763.6
1226400 2759.1
1226410 2754.7
1226420 2754.7
1226430 2750.8
1226440 2746.9
1226450 2746.9
1226460 2743.9
1226470 2740.2
1226480 2740.2
1226490 2737.1
1226500 2735.9
1226510 2735.9
1226520 2735.9
1226530 2734.5
1226540 2734.5
1226550 2731.8
1226560 2731.7
1226570 2731.7
1226580 2729.5
1226590 2728.2
1226600 2728.2
1226610 2730.5
1226620 2732.7
1226630 2732.7
1226640 2730.9
1226650 2725.0
1226660 2720.6
1226670 2720.6
1226680 2717.4
1226690 2716.1
1226700 2716.1
1226710 2714.8
1226720 2716.3
1226730 2716.3
1226740 2710.1
1226750 2701.2
1226760 2701.2
1226770 2690.3
1226780 2682.6
1226790 2682.6
1226800 2675.0
1226810 2668.2
1226820 2668.2
1226830 2661.5
1226840 2655.3
1226850 2655.3
1226860 2649.9
1226870 2639.0
1226880 2639.0
1226890 2626.4
1226900 2619.6
1226910 2615.0
1226920 2615.0
1226930 2612.6
1226940 2607.3
1226950 2607.3
1226960 2601.0
1226970 2596.7
1226980 2596.7
1226990 2593.8
1227000 2590.0
1227010 2590.0
1227020 2585.3
1227030 2580.9
1227040 2580.9
1227050 2577.1
1227060 2574.7
1227070 2574.7
1227080 2575.2
1227090 2575.2
1227100 2575.2
1227110 2573.8
1227120 2572.0
1227130 2568.9
1227140 2568.9
1227150 2566.3
1227160 2565.5
1227170 2565.5
1227180 2565.0
1227190 2562.8
1227200 2562.8
1227210 2567.0
1227220 2566.0
1227230 2566.0
1227240 2562.5
1227250 2558.7
1227260 2558.7
1227270 2557.3
1227280 2557.8
1227290 2557.8
1227300 2558.7
1227310 2558.1
1227320 2558.1
1227330 2556.1
1227340 2558.6
1227350 2558.6
1227360 2560.8
1227370 2564.4
1227380 2569.2
1227390 2569.2
1227400 2573.8
1227410 2577.9
1227420 2577.9
1227430 2582.3
1227440 2587.0
1227450 2587.0
1227460 2591.4
1227470 2595.6
1227480 2595.6
1227490 2599.9
1227500 2604.3
1227510 2604.3
1227520 2609.2
1227530 2614.6
1227540 2614.6
1227550 2620.1
1227560 2625.6
1227570 2625.6
1227580 2631.0
1227590 2636.6
1227600 2636.6
1227610 2643.4
1227620 2651.3
1227630 2660.5
1227640 2660.5
1227650 2672.9
1227660 2687.2
1227670 2687.2
1227680 2702.2
1227690 2713.4
1227700 2713.4
1227710 2722.8
1227720 2728.6
1227730 2728.6
1227740 2734.7
1227750 2743.1
1227760 2743.1
1227770 2753.5
1227780 2760.6
1227790 2760.6
1227800 2763.7
1227810 2775.5
1227820 2775.5
1227830 2781.5
1227840 2780.6
1227850 2780.6
1227860 2785.2
1227870 2788.6
1227880 2793.5
1227890 2793.5
1227900 2796.0
1227910 2798.5
1227920 2798.5
1227930 2800.3
1227940 2798.3
1227950 2798.3
1227960 2795.1
1227970 2787.3
1227980 2787.3
1227990 2778.9
1228000 2770.1
1228010 2770.1
1228020 2762.0
1228030 2754.8
1228040 2754.8
1228050 2747.0
1228060 2740.0
1228070 2740.0
1228080 2733.9
1228090 2727.7
1228100 2721.4
1228110 2721.4
1228120 2712.0
1228130 2701.9
1228140 2701.9
1228150 2695.7
1228160 2690.4
1228170 2690.4
1228180 2685.4
1228190 2681.8
1228200 2679.9
1228210 2677.0
1228220 2673.8
1228230 2673.8
1228240 2670.7
1228250 2668.0
1228260 2668.0
1228270 2665.2
1228280 2662.6
1228290 2662.6
1228300 2661.2
1228310 2661.7
1228320 2661.7
1228330 2663.3
1228340 2668.0
1228350 2673.7
1228360 2673.7
1228370 2677.7
1228380 2680.9
1228390 2680.9
1228400 2684.9
1228410 2690.4
1228420 2690.4
1228430 2693.3
1228440 2691.6
1228450 2691.6
1228460 2687.1
1228470 2682.5
1228480 2682.5
1228490 2679.8
1228500 2679.4
1228510 2679.4
1228520 2680.2
1228530 2680.0
1228540 2680.0
1228550 2678.8
1228560 2674.3
1228570 2674.3
1228580 2669.5
1228590 2663.3
1228600 2660.3
1228610 2660.3
1228620 2658.9
1228630 2658.7
1228640 2658.7
1228650 2660.2
1228660 2661.0
1228670 2661.0
1228680 2661.0
1228690 2661.5
1228700 2664.3
1228710 2665.6
1228720 2667.9
1228730 2667.9
1228740 2669.9
1228750 2671.4
1228760 2671.4
1228770 2674.2
1228780 2677.9
1228790 2677.9
1228800 2682.2
1228810 2686.7
1228820 2686.7
1228830 2693.6
1228840 2706.2
1228850 2717.4
1228860 2717.4
1228870 2719.2
1228880 2723.5
1228890 2723.5
1228900 2729.0
1228910 2731.6
1228920 2731.6
1228930 2735.6
1228940 2740.1
1228950 2740.1
1228960 2744.9
1228970 2752.6
1228980 2752.6
1228990 2766.7
1229000 2777.2
1229010 2777.2
1229020 2782.6
1229030 2791.4
1229040 2791.4
1229050 2801.0
1229060 2807.1
1229070 2815.8
1229080 2815.8
1229090 2825.4
1229100 2835.0
1229110 2835.0
1229120 2850.2
1229130 2860.5
1229140 2860.5
1229150 2869.5
1229160 2876.3
1229170 2876.3
1229180 2883.1
1229190 2889.7
1229200 2886.6
1229210 2893.1
1229220 2900.0
1229230 2900.0
1229240 2906.3
1229250 2909.9
1229260 2909.9
1229270 2912.8
1229280 2915.8
1229290 2915.8
1229300 2918.2
1229310 2921.3
1229320 2924.1
1229330 2924.1
1229340 2926.7
1229350 2929.3
1229360 2929.3
1229370 2931.9
1229380 2927.4
1229390 2927.4
1229400 2916.5
1229410 2908.5
1229420 2908.5
1229430 2898.5
1229440 2886.4
1229450 2886.4
1229460 2875.7
1229470 2862.0
1229480 2862.0
1229490 2844.2
1229500 2824.2
1229510 2824.2
1229520 2813.7
1229530 2806.8
1229540 2806.8
1229550 2801.1
1229560 2795.9
1229570 2791.2
1229580 2791.2
1229590 2785.7
1229600 2779.4
1229610 2779.4
1229620 2772.6
1229630 2769.1
1229640 2769.1
1229650 2766.9
1229660 2763.7
1229670 2763.7
1229680 2760.4
1229690 2757.0
1229700 2760.8
1229710 2756.3
1229720 2751.6
1229730 2751.6
1229740 2747.0
1229750 2742.4
1229760 2742.4
1229770 2738.0
1229780 2733.4
1229790 2733.4
1229800 2728.8
1229810 2724.1
1229820 2719.3
1229830 2719.3
1229840 2714.7
1229850 2710.1
1229860 2710.1
1229870 2705.0
1229880 2700.7
1229890 2700.7
1229900 2696.9
1229910 2693.0
1229920 2693.0
1229930 2689.0
1229940 2685.4
1229950 2685.4
1229960 2681.6
1229970 2678.2
1229980 2678.2
1229990 2674.3
1230000 2670.8
1230010 2670.8
1230020 2666.9
1230030 2664.8
1230040 2664.9
1230050 2664.9
1230060 2666.5
1230070 2667.5
1230080 2667.5
1230090 2669.2
1230100 2671.7
1230110 2671.7
1230120 2674.1
1230130 2677.2
1230140 2677.2
1230150 2680.2
1230160 2682.9
1230170 2682.9
1230180 2686.1
1230190 2682.5
1230200 2682.5
1230210 2685.3
1230220 2687.5
1230230 2687.5
1230240 2689.6
1230250 2690.7
1230260 2690.7
1230270 2691.5
1230280 2691.5
1230290 2687.1
1230300 2687.1
1230310 2681.4
1230320 2676.8
1230330 2676.8
1230340 2674.4
1230350 2673.5
1230360 2673.5
1230370 2671.9
1230380 2668.0
1230390 2668.0
1230400 2663.2
1230410 2658.2
1230420 2658.2
1230430 2653.2
1230440 2647.7
1230450 2647.7
1230460 2643.7
1230470 2640.1
1230480 2640.1
1230490 2636.7
1230500 2637.1
1230510 2637.1
1230520 2633.9
1230530 2628.1
1230540 2621.4
1230550 2621.4
1230560 2608.1
1230570 2598.0
1230580 2598.0
1230590 2591.3
1230600 2585.2
1230610 2585.2
1230620 2580.2
1230630 2575.0
1230640 2575.0
1230650 2569.5
1230660 2564.9
1230670 2564.9
1230680 2560.9
1230690 2550.3
1230700 2554.4
1230710 2542.4
1230720 2531.3
1230730 2531.3
1230740 2515.8
1230750 2501.6
1230760 2501.6
1230770 2489.8
1230780 2479.1
1230790 2468.4
1230800 2468.4
1230810 2459.6
1230820 2451.8
1230830 2451.8
1230840 2445.3
1230850 2439.1
1230860 2439.1
1230870 2432.6
1230880 2426.3
1230890 2426.3
1230900 2420.4
1230910 2414.9
1230920 2414.9
1230930 2410.0
1230940 2405.1
1230950 2405.1
1230960 2400.2
1230970 2396.7
1230980 2396.7
1230990 2394.3
1231000 2394.0
1231010 2395.5
1231020 2395.5
1231030 2396.9
1231040 2397.8
1231050 2397.8
1231060 2400.0
1231070 2401.2
1231080 2401.2
1231090 2400.1
1231100 2399.6
1231110 2399.6
1231120 2400.4
1231130 2401.6
1231140 2401.6
1231150 2400.9
1231160 2401.6
1231170 2401.6
1231180 2401.8
1231190 2403.0
1231200 2408.9
1231210 2411.0
1231220 2415.5
1231230 2415.5
1231240 2421.9
1231250 2428.5
1231260 2434.2
1231270 2434.2
1231280 2438.1
1231290 2443.3
1231300 2443.3
1231310 2446.5
1231320 2447.8
1231330 2447.8
1231340 2449.5
1231350 2451.8
1231360 2451.8
1231370 2455.9
1231380 2459.5
1231390 2459.5
1231400 2463.1
1231410 2468.2
1231420 2468.2
1231430 2473.3
1231440 2477.1
1231450 2477.1
1231460 2480.2
1231470 2483.0
1231480 2483.0
1231490 2482.5
1231500 2482.1
1231510 2480.0
1231520 2480.0
1231530 2474.6
1231540 2468.9
1231550 2468.9
1231560 2457.8
1231570 2441.3
1231580 2441.3
1231590 2427.5
1231600 2417.0
1231610 2417.0
1231620 2412.7
1231630 2414.6
1231640 2414.6
1231650 2424.3
1231660 2422.1
1231670 2422.1
1231680 2407.4
1231690 2396.2
1231700 2418.3
1231710 2408.9
1231720 2405.3
1231730 2405.3
1231740 2401.3
1231750 2394.1
1231760 2388.9
1231770 2388.9
1231780 2382.3
1231790 2375.7
1231800 2375.7
1231810 2368.6
1231820 2362.9
1231830 2362.9
1231840 2358.1
1231850 2353.0
1231860 2353.0
1231870 2352.0
1231880 2352.8
1231890 2352.8
1231900 2353.9
1231910 2355.5
1231920 2355.5
1231930 2358.0
1231940 2361.9
1231950 2361.9
1231960 2366.9
1231970 2371.6
1231980 2378.1
1231990 2378.1
1232000 2387.2
1232010 2394.1
1232020 2394.1
1232030 2401.0
1232040 2405.5
1232050 2405.5
1232060 2408.1
1232070 2410.2
1232080 2410.2
1232090 2411.4
1232100 2410.2
1232110 2410.2
1232120 2407.4
1232130 2401.9
1232140 2401.9
1232150 2396.3
1232160 2392.5
1232170 2392.5
1232180 2387.6
1232190 2380.8
1232200 2391.6
1232210 2387.4
1232220 2386.7
1232230 2387.1
1232240 2387.1
1232250 2386.4
1232260 2386.6
1232270 2386.6
1232280 2388.0
1232290 2389.2
1232300 2389.2
1232310 2384.1
1232320 2374.7
1232330 2374.7
1232340 2373.8
1232350 2379.2
1232360 2379.2
1232370 2385.3
1232380 2391.9
1232390 2391.9
1232400 2398.4
1232410 2404.5
1232420 2404.5
1232430 2409.8
1232440 2417.2
1232450 2417.2
1232460 2423.9
1232470 2433.2
1232480 2447.7
1232490 2447.7
1232500 2458.2
1232510 2463.2
1232520 2463.2
1232530 2468.0
1232540 2474.5
1232550 2474.5
1232560 2484.0
1232570 2495.0
1232580 2495.0
1232590 2506.4
1232600 2517.3
1232610 2517.3
1232620 2526.7
1232630 2537.5
1232640 2537.5
1232650 2545.0
1232660 2550.9
1232670 2550.9
1232680 2555.9
1232690 2566.2
1232700 2566.2
1232710 2591.0
1232720 2600.9
1232730 2611.7
1232740 2611.7
1232750 2621.2
1232760 2629.7
1232770 2629.7
1232780 2638.6
1232790 2646.7
1232800 2646.7
1232810 2654.2
1232820 2661.6
1232830 2661.6
1232840 2668.7
1232850 2670.2
1232860 2670.2
1232870 2666.3
1232880 2660.7
1232890 2660.7
1232900 2654.8
1232910 2645.4
1232920 2645.4
1232930 2640.7
1232940 2634.6
1232950 2629.2
1232960 2629.2
1232970 2626.5
1232980 2613.5
1232990 2613.5
1233000 2599.6
1233010 2592.3
1233020 2592.3
1233030 2588.0
1233040 2585.5
1233050 2585.5
1233060 2584.5
1233070 2576.2
1233080 2576.2
1233090 2569.1
1233100 2565.8
1233110 2565.8
1233120 2566.8
1233130 2561.3
1233140 2561.3
1233150 2557.7
1233160 2554.6
1233170 2554.6
1233180 2553.0
1233190 2553.5
1233200 2552.4
1233210 2550.1
1233220 2550.4
1233230 2549.7
1233240 2549.7
1233250 2546.4
1233260 2542.0
1233270 2542.0
1233280 2537.8
1233290 2536.1
1233300 2536.1
1233310 2536.4
1233320 2534.9
1233330 2534.9
1233340 2534.7
1233350 2535.7
1233360 2535.7
1233370 2537.1
1233380 2538.5
1233390 2538.5
1233400 2539.2
1233410 2541.6
1233420 2541.6
1233430 2547.5
1233440 2559.3
1233450 2568.8
1233460 2568.8
1233470 2574.7
1233480 2579.6
1233490 2579.6
1233500 2581.9
1233510 2584.3
1233520 2584.3
1233530 2589.6
1233540 2596.0
1233550 2596.0
1233560 2603.4
1233570 2608.9
1233580 2608.9
1233590 2610.9
1233600 2611.0
1233610 2611.0
1233620 2612.5
1233630 2617.0
1233640 2617.0
1233650 2623.4
1233660 2626.4
1233670 2626.4
1233680 2617.7
1233690 2606.0
1233700 2594.2
1233710 2594.2
1233720 2609.2
1233730 2602.8
1233740 2602.8
1233750 2594.2
1233760 2585.7
1233770 2585.7
1233780 2575.8
1233790 2566.1
1233800 2566.1
1233810 2557.0
1233820 2544.9
1233830 2544.9
1233840 2531.9
1233850 2517.7
1233860 2517.7
1233870 2507.4
1233880 2498.0
1233890 2498.0
1233900 2485.9
1233910 2476.2
1233920 2467.3
1233930 2467.3
1233940 2462.2
1233950 2455.1
1233960 2455.1
1233970 2447.5
1233980 2435.4
1233990 2435.4
1234000 2420.5
1234010 2408.0
1234020 2408.0
1234030 2397.9
1234040 2386.4
1234050 2386.4
1234060 2377.7
1234070 2378.2
1234080 2378.2
1234090 2376.2
1234100 2370.0
1234110 2370.0
1234120 2363.4
1234130 2356.3
1234140 2356.3
1234150 2349.2
1234160 2343.9
1234170 2336.7
1234180 2336.7
1234190 2329.0
1234200 2326.7
1234210 2326.7
1234220 2321.2
1234230 2319.4
1234240 2319.4
1234250 2305.8
1234260 2293.8
1234270 2293.8
1234280 2286.1
1234290 2283.2
1234300 2283.2
1234310 2276.2
1234320 2264.2
1234330 2264.2
1234340 2256.8
1234350 2249.7
1234360 2249.7
1234370 2238.6
1234380 2226.5
1234390 2226.5
1234400 2210.7
1234410 2197.6
1234420 2186.4
1234430 2186.4
1234440 2176.7
1234450 2166.4
1234460 2166.4
1234470 2157.4
1234480 2152.6
1234490 2152.6
1234500 2146.3
1234510 2135.8
1234520 2135.8
1234530 2124.7
1234540 2114.1
1234550 2114.1
1234560 2108.8
1234570 2113.0
1234580 2113.0
1234590 2107.0
1234600 2094.2
1234610 2094.2
1234620 2082.5
1234630 2071.4
1234640 2071.4
1234650 2061.2
1234660 2050.6
1234670 2039.3
1234680 2039.3
1234690 2028.1
1234700 2017.3
1234710 2017.3
1234720 2010.1
1234730 1997.3
1234740 1997.3
1234750 1989.6
1234760 1981.9
1234770 1981.9
1234780 1971.2
1234790 1960.2
1234800 1960.2
1234810 1950.8
1234820 1941.9
1234830 1941.9
1234840 1935.3
1234850 1929.2
1234860 1929.2
1234870 1919.3
1234880 1907.4
1234890 1893.6
1234900 1893.6
1234910 1875.9
1234920 1856.7
1234930 1856.7
1234940 1844.4
1234950 1837.4
1234960 1837.4
1234970 1830.4
1234980 1823.7
1234990 1823.7
1235000 1817.9
1235010 1812.7
1235020 1812.7
1235030 1807.4
1235040 1801.6
1235050 1801.6
1235060 1796.0
1235070 1791.6
1235080 1791.6
1235090 1786.6
1235100 1782.0
1235110 1782.0
1235120 1777.9
1235130 1773.3
1235140 1768.4
1235150 1768.4
1235160 1763.6
1235170 1759.1
1235180 1759.1
1235190 1754.2
1235200 1748.7
1235210 1748.7
1235220 1743.5
1235230 1738.1
1235240 1739.2
1235250 1733.8
1235260 1729.3
1235270 1729.3
1235280 1726.0
1235290 1722.4
1235300 1722.4
1235310 1719.3
1235320 1719.3
1235330 1719.3
1235340 1719.7
1235350 1719.4
1235360 1719.4
1235370 1719.2
1235380 1720.5
1235390 1721.0
1235400 1721.0
1235410 1720.7
1235420 1720.9
1235430 1720.9
1235440 1721.8
1235450 1722.9
1235460 1722.9
1235470 1724.0
1235480 1725.2
1235490 1725.2
1235500 1726.4
1235510 1727.4
1235520 1727.4
1235530 1728.5
1235540 1729.6
1235550 1729.6
1235560 1730.7
1235570 1731.8
1235580 1731.8
1235590 1733.0
1235600 1734.2
1235610 1734.2
1235620 1735.7
1235630 1737.1
1235640 1738.6
1235650 1738.6
1235660 1740.1
1235670 1741.4
1235680 1741.4
1235690 1743.0
1235700 1744.9
1235710 1744.9
1235720 1749.2
1235730 1755.4
1235740 1755.4
1235750 1764.0
1235760 1769.6
1235770 1769.6
1235780 1773.8
1235790 1778.0
1235800 1778.0
1235810 1782.6
1235820 1788.4
1235830 1788.4
1235840 1794.4
1235850 1799.4
1235860 1804.4
1235870 1804.4
1235880 1810.2
1235890 1816.2
1235900 1816.2
1235910 1822.0
1235920 1828.1
1235930 1828.1
1235940 1833.1
1235950 1838.3
1235960 1838.3
1235970 1843.2
1235980 1848.5
1235990 1848.5
1236000 1853.6
1236010 1857.9
1236020 1857.9
1236030 1862.1
1236040 1867.7
1236050 1867.7
1236060 1873.5
1236070 1878.6
1236080 1878.6
1236090 1884.2
1236100 1889.9
1236110 1895.7
1236120 1895.7
1236130 1902.0
1236140 1908.5
1236150 1908.5
1236160 1915.4
1236170 1922.5
1236180 1922.5
1236190 1929.6
1236200 1936.5
1236210 1936.5
1236220 1943.2
1236230 1949.5
1236240 1949.5
1236250 1955.5
1236260 1961.0
1236270 1966.6
1236280 1971.7
1236290 1976.1
1236300 1976.1
1236310 1983.3
1236320 1989.6
1236330 1989.6
1236340 1997.9
1236350 2005.5
1236360 2013.1
1236370 2013.1
1236380 2020.3
1236390 2028.5
1236400 2028.5
1236410 2042.8
1236420 2056.8
1236430 2056.8
1236440 2066.7
1236450 2071.6
1236460 2071.6
1236470 2074.0
1236480 2072.9
1236490 2072.9
1236500 2078.0
1236510 2082.3
1236520 2082.3
1236530 2079.8
1236540 2081.8
1236550 2081.8
1236560 2086.7
1236570 2094.2
1236580 2094.2
1236590 2103.6
1236600 2111.8
1236610 2119.7
1236620 2119.7
1236630 2130.8
1236640 2142.6
1236650 2142.6
1236660 2151.1
1236670 2158.2
1236680 2158.2
1236690 2164.9
1236700 2172.4
1236710 2172.4
1236720 2181.8
1236730 2191.9
1236740 2191.9
1236750 2202.5
1236760 2212.5
1236770 2212.5
1236780 2233.9
1236790 2244.4
1236800 2244.4
1236810 2256.1
1236820 2271.3
1236830 2289.6
1236840 2289.6
1236850 2303.8
1236860 2314.3
1236870 2314.3
1236880 2321.6
1236890 2329.2
1236900 2329.2
1236910 2337.4
1236920 2346.4
1236930 2346.4
1236940 2355.7
1236950 2363.3
1236960 2363.3
1236970 2370.5
1236980 2379.7
1236990 2379.7
1237000 2390.1
1237010 2398.6
1237020 2398.6
1237030 2402.3
1237040 2404.3
1237050 2404.3
1237060 2408.8
1237070 2414.5
1237080 2420.8
1237090 2420.8
1237100 2427.9
1237110 2435.5
1237120 2435.5
1237130 2443.4
1237140 2450.4
1237150 2450.4
1237160 2457.3
1237170 2464.6
1237180 2464.6
1237190 2470.2
1237200 2468.3
1237210 2468.3
1237220 2463.8
1237230 2458.6
1237240 2458.6
1237250 2452.8
1237260 2449.7
1237270 2449.7
1237280 2448.3
1237290 2454.8
1237300 2454.8
1237310 2452.5
1237320 2449.7
1237330 2454.0
1237340 2454.0
1237350 2462.6
1237360 2473.6
1237370 2473.6
1237380 2486.8
1237390 2497.8
1237400 2497.8
1237410 2506.0
1237420 2513.3
1237430 2513.3
1237440 2520.5
1237450 2529.6
1237460 2529.6
1237470 2539.0
1237480 2544.2
1237490 2544.2
1237500 2552.3
1237510 2560.1
1237520 2560.1
1237530 2562.2
1237540 2556.3
1237550 2556.3
1237560 2549.0
1237570 2542.1
1237580 2534.3
1237590 2534.3
1237600 2526.8
1237610 2519.7
1237620 2519.7
1237630 2514.0
1237640 2510.1
1237650 2510.1
1237660 2506.2
1237670 2501.7
1237680 2501.7
1237690 2496.9
1237700 2492.7
1237710 2492.7
1237720 2489.9
1237730 2486.6
1237740 2486.6
1237750 2480.1
1237760 2473.4
1237770 2473.4
1237780 2468.0
1237790 2464.2
1237800 2464.1
1237810 2455.8
1237820 2455.9
1237830 2455.1
1237840 2455.1
1237850 2453.5
1237860 2453.2
1237870 2453.2
1237880 2453.7
1237890 2453.7
1237900 2453.7
1237910 2451.3
1237920 2448.1
1237930 2448.1
1237940 2445.7
1237950 2443.5
1237960 2443.5
1237970 2442.7
1237980 2440.7
1237990 2440.7
1238000 2441.0
1238010 2439.1
1238020 2439.1
1238030 2431.6
1238040 2427.9
1238050 2424.2
1238060 2424.2
1238070 2421.3
1238080 2419.8
1238090 2419.8
1238100 2419.1
1238110 2419.7
1238120 2419.7
1238130 2417.5
1238140 2411.4
1238150 2411.4
1238160 2405.9
1238170 2400.3
1238180 2400.3
1238190 2395.4
1238200 2390.9
1238210 2390.9
1238220 2385.6
1238230 2374.7
1238240 2374.7
1238250 2364.7
1238260 2357.6
1238270 2357.6
1238280 2357.2
1238290 2358.6
1238300 2363.4
1238310 2363.4
1238320 2359.5
1238330 2367.9
1238340 2367.9
1238350 2372.7
1238360 2374.5
1238370 2374.5
1238380 2366.5
1238390 2353.6
1238400 2353.6
1238410 2345.3
1238420 2342.1
1238430 2342.1
1238440 2337.7
1238450 2331.5
1238460 2331.5
1238470 2318.7
1238480 2307.7
1238490 2307.7
1238500 2304.5
1238510 2307.1
1238520 2307.1
1238530 2304.8
1238540 2301.9
1238550 2300.7
1238560 2300.7
1238570 2300.3
1238580 2298.2
1238590 2298.2
1238600 2293.9
1238610 2289.9
1238620 2289.9
1238630 2285.4
1238640 2283.5
1238650 2283.5
1238660 2277.4
1238670 2267.5
1238680 2267.5
1238690 2259.9
1238700 2253.5
1238710 2253.5
1238720 2246.2
1238730 2233.3
1238740 2233.3
1238750 2222.6
1238760 2211.0
1238770 2198.9
1238780 2198.9
1238790 2187.7
1238800 2177.4
1238810 2177.4
1238820 2170.9
1238830 2168.2
1238840 2167.4
1238850 2163.2
1238860 2153.7
1238870 2153.7
1238880 2147.3
1238890 2144.0
1238900 2144.0
1238910 2144.6
1238920 2147.9
1238930 2147.9
1238940 2148.8
1238950 2142.6
1238960 2142.6
1238970 2129.2
1238980 2116.9
1238990 2116.9
1239000 2113.2
1239010 2109.3
1239020 2103.7
1239030 2103.7
1239040 2097.5
1239050 2092.2
1239060 2092.2
1239070 2086.7
1239080 2081.0
1239090 2081.0
1239100 2075.0
1239110 2068.1
1239120 2068.1
1239130 2061.8
1239140 2057.7
1239150 2057.7
1239160 2053.6
1239170 2050.0
1239180 2050.0
1239190 2046.4
1239200 2040.6
1239210 2040.6
1239220 2033.7
1239230 2029.7
1239240 2029.7
1239250 2027.4
1239260 2022.2
1239270 2015.7
1239280 2015.7
1239290 2010.0
1239300 2005.1
1239310 2005.1
1239320 2001.5
1239330 1994.9
1239340 1994.9
1239350 1987.3
1239360 1982.6
1239370 1982.6
1239380 1978.3
1239390 1973.2
1239400 1973.2
1239410 1965.0
1239420 1957.2
1239430 1957.2
1239440 1948.6
1239450 1940.9
1239460 1940.9
1239470 1933.5
1239480 1926.3
1239490 1926.3
1239500 1922.3
1239510 1919.2
1239520 1913.9
1239530 1913.9
1239540 1907.5
1239550 1900.7
1239560 1900.7
1239570 1892.9
1239580 1884.8
1239590 1884.8
1239600 1877.4
1239610 1870.9
1239620 1870.9
1239630 1864.3
1239640 1857.0
1239650 1857.0
1239660 1848.8
1239670 1840.2
1239680 1840.2
1239690 1832.4
1239700 1827.6
1239710 1827.6
1239720 1821.6
1239730 1812.9
1239740 1802.5
1239750 1802.5
1239760 1793.0
1239770 1784.4
1239780 1784.4
1239790 1775.1
1239800 1766.0
1239810 1766.0
1239820 1752.7
1239830 1739.9
1239840 1739.9
1239850 1727.1
1239860 1714.1
1239870 1721.6
1239880 1717.3
1239890 1709.2
1239900 1709.2
1239910 1701.1
1239920 1693.8
1239930 1693.8
1239940 1687.5
1239950 1680.9
1239960 1680.9
1239970 1673.2
1239980 1663.9
1239990 1655.7
