1220000 2621.9
1220010 2628.0
1220020 2634.5
1220030 2634.5
1220040 2641.2
1220050 2653.3
1220060 2668.0
1220070 2668.0
1220080 2690.1
1220090 2712.1
1220100 2712.1
1220110 2721.6
1220120 2725.9
1220130 2725.9
1220140 2733.9
1220150 2744.2
1220160 2744.2
1220170 2758.2
1220180 2763.1
1220190 2763.1
1220200 2768.2
1220210 2771.7
1220220 2771.7
1220230 2774.4
1220240 2778.8
1220250 2778.8
1220260 2784.6
1220270 2794.9
1220280 2794.9
1220290 2807.4
1220300 2822.2
1220310 2835.1
1220320 2835.1
1220330 2845.2
1220340 2853.6
1220350 2853.6
1220360 2841.4
1220370 2827.8
1220380 2827.8
1220390 2815.1
1220400 2800.3
1220410 2800.3
1220420 2787.4
1220430 2779.1
1220440 2779.1
1220450 2788.5
1220460 2770.6
1220470 2770.6
1220480 2767.4
1220490 2749.2
1220500 2749.2
1220510 2738.3
1220520 2731.8
1220530 2731.8
1220540 2725.5
1220550 2717.8
1220560 2703.4
1220570 2703.4
1220580 2684.0
1220590 2672.6
1220600 2672.6
1220610 2664.0
1220620 2657.7
1220630 2657.7
1220640 2651.8
1220650 2645.9
1220660 2645.9
1220670 2640.2
1220680 2634.8
1220690 2634.8
1220700 2629.0
1220710 2623.0
1220720 2623.0
1220730 2617.4
1220740 2611.5
1220750 2611.5
1220760 2605.5
1220770 2599.8
1220780 2599.8
1220790 2597.9
1220800 2598.4
1220810 2598.3
1220820 2598.3
1220830 2597.3
1220840 2597.4
1220850 2597.4
1220860 2597.0
1220870 2595.4
1220880 2595.4
1220890 2593.8
1220900 2591.9
1220910 2591.9
1220920 2589.6
1220930 2587.9
1220940 2587.9
1220950 2586.8
1220960 2585.2
1220970 2585.2
1220980 2583.2
1220990 2583.1
1221000 2583.1
1221010 2581.6
1221020 2583.5
1221030 2586.9
1221040 2586.9
1221050 2587.8
1221060 2587.6
1221070 2587.6
1221080 2587.9
1221090 2588.1
1221100 2588.1
1221110 2588.0
1221120 2587.4
1221130 2587.4
1221140 2586.5
1221150 2585.5
1221160 2585.5
1221170 2584.9
1221180 2583.7
1221190 2583.7
1221200 2580.7
1221210 2574.8
1221220 2574.8
1221230 2567.8
1221240 2562.1
1221250 2562.1
1221260 2556.7
1221270 2550.5
1221280 2543.9
1221290 2543.9
1221300 2537.3
1221310 2531.2
1221320 2531.2
1221330 2526.8
1221340 2522.8
1221350 2522.8
1221360 2517.7
1221370 2512.3
1221380 2512.3
1221390 2506.9
1221400 2501.7
1221410 2501.7
1221420 2498.2
1221430 2492.3
1221440 2492.3
1221450 2487.6
1221460 2484.6
1221470 2484.6
1221480 2481.7
1221490 2478.7
1221500 2478.7
1221510 2475.3
1221520 2472.3
1221530 2470.4
1221540 2470.4
1221550 2468.5
1221560 2465.9
1221570 2465.9
1221580 2463.3
1221590 2460.9
1221600 2460.9
1221610 2459.2
1221620 2457.8
1221630 2457.8
1221640 2456.1
1221650 2454.6
1221660 2454.6
1221670 2452.9
1221680 2451.0
1221690 2451.0
1221700 2448.3
1221710 2445.2
1221720 2445.2
1221730 2441.7
1221740 2438.6
1221750 2438.6
1221760 2436.6
1221770 2435.2
1221780 2433.8
1221790 2433.8
1221800 2432.1
1221810 2429.9
1221820 2429.9
1221830 2427.2
1221840 2424.0
1221850 2424.0
1221860 2420.9
1221870 2417.7
1221880 2417.7
1221890 2414.2
1221900 2414.3
1221910 2414.3
1221920 2411.4
1221930 2408.9
1221940 2408.9
1221950 2407.6
1221960 2406.1
1221970 2406.1
1221980 2403.9
1221990 2401.8
1222000 2399.5
1222010 2399.5
1222020 2397.0
1222030 2394.0
1222040 2394.0
1222050 2391.6
1222060 2388.7
1222070 2388.7
1222080 2384.9
1222090 2381.7
1222100 2381.7
1222110 2378.9
1222120 2376.1
1222130 2376.1
1222140 2373.6
1222150 2371.1
1222160 2371.1
1222170 2368.6
1222180 2366.1
1222190 2366.1
1222200 2363.6
1222210 2361.4
1222220 2361.4
1222230 2359.3
1222240 2357.1
1222250 2354.6
1222260 2354.6
1222270 2352.0
1222280 2349.6
1222290 2349.6
1222300 2347.4
1222310 2345.6
1222320 2345.6
1222330 2343.5
1222340 2341.2
1222350 2341.2
1222360 2339.1
1222370 2337.5
1222380 2338.1
1222390 2336.1
1222400 2334.0
1222410 2334.0
1222420 2332.5
1222430 2330.8
1222440 2330.8
1222450 2329.0
1222460 2327.7
1222470 2327.7
1222480 2326.5
1222490 2325.3
1222500 2324.0
1222510 2324.0
1222520 2322.7
1222530 2321.7
1222540 2321.7
1222550 2320.8
1222560 2319.7
1222570 2319.7
1222580 2318.8
1222590 2317.8
1222600 2317.8
1222610 2316.9
1222620 2316.1
1222630 2316.1
1222640 2315.4
1222650 2314.7
1222660 2314.7
1222670 2314.1
1222680 2313.4
1222690 2313.4
1222700 2312.8
1222710 2312.2
1222720 2312.2
1222730 2311.7
1222740 2311.3
1222750 2311.7
1222760 2311.7
1222770 2311.8
1222780 2311.6
1222790 2311.6
1222800 2311.2
1222810 2310.7
1222820 2310.7
1222830 2310.6
1222840 2312.1
1222850 2312.1
1222860 2313.4
1222870 2313.8
1222880 2313.8
1222890 2314.3
1222900 2314.9
1222910 2314.9
1222920 2315.7
1222930 2316.2
1222940 2316.2
1222950 2316.1
1222960 2316.7
1222970 2317.6
1222980 2317.6
1222990 2318.9
1223000 2322.9
1223010 2322.9
1223020 2326.9
1223030 2331.7
1223040 2331.7
1223050 2336.3
1223060 2340.4
1223070 2340.4
1223080 2342.6
1223090 2344.3
1223100 2344.3
1223110 2347.9
1223120 2352.3
1223130 2352.3
1223140 2356.9
1223150 2359.4
1223160 2359.4
1223170 2361.4
1223180 2362.8
1223190 2362.8
1223200 2365.5
1223210 2366.9
1223220 2368.7
1223230 2368.7
1223240 2371.6
1223250 2374.9
1223260 2374.9
1223270 2377.7
1223280 2380.3
1223290 2380.3
1223300 2386.3
1223310 2391.7
1223320 2391.7
1223330 2396.3
1223340 2400.7
1223350 2414.3
1223360 2414.6
1223370 2420.8
1223380 2420.8
1223390 2426.7
1223400 2433.2
1223410 2433.2
1223420 2441.8
1223430 2445.0
1223440 2445.0
1223450 2445.8
1223460 2445.5
1223470 2443.9
1223480 2443.9
1223490 2441.4
1223500 2438.7
1223510 2438.7
1223520 2436.1
1223530 2434.1
1223540 2434.1
1223550 2432.6
1223560 2432.5
1223570 2432.5
1223580 2433.1
1223590 2435.3
1223600 2435.3
1223610 2438.3
1223620 2441.9
1223630 2441.9
1223640 2443.6
1223650 2444.0
1223660 2444.0
1223670 2445.1
1223680 2447.2
1223690 2447.2
1223700 2450.2
1223710 2453.2
1223720 2456.9
1223730 2456.9
1223740 2461.7
1223750 2465.6
1223760 2465.6
1223770 2470.3
1223780 2475.7
1223790 2475.7
1223800 2480.5
1223810 2484.4
1223820 2484.4
1223830 2487.1
1223840 2490.4
1223850 2490.4
1223860 2492.1
1223870 2493.5
1223880 2493.5
1223890 2493.7
1223900 2493.7
1223910 2493.7
1223920 2494.9
1223930 2494.1
1223940 2493.3
1223950 2493.3
1223960 2493.6
1223970 2494.5
1223980 2494.5
1223990 2496.2
1224000 2500.8
1224010 2500.8
1224020 2505.6
1224030 2508.5
1224040 2508.5
1224050 2509.8
1224060 2510.1
1224070 2510.1
1224080 2508.7
1224090 2507.8
1224100 2507.8
1224110 2507.9
1224120 2510.5
1224130 2510.5
1224140 2514.5
1224150 2517.6
1224160 2517.6
1224170 2519.4
1224180 2520.1
1224190 2521.2
1224200 2521.2
1224210 2521.7
1224220 2522.7
1224230 2522.7
1224240 2523.6
1224250 2525.7
1224260 2525.7
1224270 2526.6
1224280 2527.1
1224290 2527.1
1224300 2527.3
1224310 2527.7
1224320 2527.7
1224330 2528.6
1224340 2529.3
1224350 2529.3
1224360 2530.3
1224370 2531.0
1224380 2531.0
1224390 2531.5
1224400 2532.2
1224410 2532.2
1224420 2533.0
1224430 2534.5
1224440 2535.4
1224450 2535.4
1224460 2535.8
1224470 2536.7
1224480 2536.7
1224490 2538.0
1224500 2539.5
1224510 2539.5
1224520 2540.6
1224530 2541.2
1224540 2541.2
1224550 2542.9
1224560 2546.0
1224570 2546.0
1224580 2548.6
1224590 2550.4
1224600 2550.4
1224610 2554.2
1224620 2558.5
1224630 2558.5
1224640 2562.5
1224650 2567.6
1224660 2567.6
1224670 2570.6
1224680 2572.7
1224690 2576.2
1224700 2576.2
1224710 2577.5
1224720 2577.2
1224730 2577.2
1224740 2578.3
1224750 2581.8
1224760 2581.8
1224770 2585.5
1224780 2589.6
1224790 2589.6
1224800 2594.3
1224810 2599.8
1224820 2597.9
1224830 2603.2
1224840 2608.2
1224850 2608.2
1224860 2613.2
1224870 2617.4
1224880 2617.4
1224890 2621.7
1224900 2625.2
1224910 2629.1
1224920 2629.1
1224930 2632.9
1224940 2636.2
1224950 2636.2
1224960 2640.2
1224970 2644.3
1224980 2644.3
1224990 2647.2
1225000 2649.5
1225010 2649.5
1225020 2651.7
1225030 2653.9
1225040 2653.9
1225050 2655.9
1225060 2657.5
1225070 2657.5
1225080 2658.5
1225090 2660.2
1225100 2660.2
1225110 2663.1
1225120 2668.7
1225130 2668.7
1225140 2675.8
1225150 2682.3
1225160 2688.4
1225170 2688.4
1225180 2693.2
1225190 2696.2
1225200 2696.2
1225210 2698.4
1225220 2703.1
1225230 2703.1
1225240 2709.0
1225250 2717.1
1225260 2717.1
1225270 2725.8
1225280 2733.5
1225290 2733.5
1225300 2741.9
1225310 2779.9
1225320 2779.9
1225330 2791.4
1225340 2805.3
1225350 2805.3
1225360 2820.5
1225370 2834.2
1225380 2834.2
1225390 2843.7
1225400 2845.7
1225410 2846.9
1225420 2846.9
1225430 2843.9
1225440 2837.8
1225450 2837.8
1225460 2835.4
1225470 2832.0
1225480 2832.0
1225490 2830.1
1225500 2829.5
1225510 2829.5
1225520 2830.1
1225530 2830.4
1225540 2830.4
1225550 2832.8
1225560 2837.2
1225570 2837.2
1225580 2843.4
1225590 2847.5
1225600 2847.5
1225610 2850.7
1225620 2857.6
1225630 2857.6
1225640 2858.1
1225650 2861.7
1225660 2869.5
1225670 2869.5
1225680 2872.6
1225690 2872.3
1225700 2872.3
1225710 2866.5
1225720 2864.7
1225730 2864.7
1225740 2877.6
1225750 2886.8
1225760 2886.8
1225770 2899.6
1225780 2918.6
1225790 2918.6
1225800 2932.9
1225810 2934.8
1225820 2934.8
1225830 2938.6
1225840 2941.5
1225850 2941.5
1225860 2943.5
1225870 2946.3
1225880 2950.0
1225890 2950.0
1225900 2954.3
1225910 2956.6
1225920 2956.6
1225930 2956.8
1225940 2958.4
1225950 2958.4
1225960 2958.0
1225970 2956.3
1225980 2956.3
1225990 2954.2
1226000 2953.6
1226010 2953.6
1226020 2951.4
1226030 2947.7
1226040 2947.7
1226050 2945.0
1226060 2942.7
1226070 2942.7
1226080 2941.0
1226090 2938.3
1226100 2938.3
1226110 2934.6
1226120 2928.7
1226130 2915.9
1226140 2915.9
1226150 2902.6
1226160 2892.0
1226170 2892.0
1226180 2881.4
1226190 2863.0
1226200 2863.0
1226210 2839.5
1226220 2826.2
1226230 2826.2
1226240 2818.6
1226250 2813.3
1226260 2813.3
1226270 2807.6
1226280 2802.1
1226290 2804.9
1226300 2799.2
1226310 2793.7
1226320 2793.7
1226330 2787.7
1226340 2781.5
1226350 2781.5
1226360 2776.1
1226370 2771.5
1226380 2766.7
1226390 2766.7
1226400 2762.0
1226410 2757.7
1226420 2757.7
1226430 2754.0
1226440 2750.7
1226450 2750.7
1226460 2747.6
1226470 2745.2
1226480 2745.2
1226490 2743.6
1226500 2741.2
1226510 2741.2
1226520 2738.4
1226530 2736.7
1226540 2736.7
1226550 2735.9
1226560 2736.1
1226570 2736.1
1226580 2736.1
1226590 2734.9
1226600 2734.9
1226610 2731.5
1226620 2728.6
1226630 2723.9
1226640 2723.9
1226650 2717.0
1226660 2710.9
1226670 2710.9
1226680 2706.0
1226690 2700.8
1226700 2700.8
1226710 2696.2
1226720 2692.9
1226730 2692.9
1226740 2691.0
1226750 2689.1
1226760 2689.1
1226770 2686.2
1226780 2689.4
1226790 2689.4
1226800 2689.7
1226810 2686.4
1226820 2686.4
1226830 2684.1
1226840 2681.6
1226850 2679.4
1226860 2679.4
1226870 2678.2
1226880 2679.1
1226890 2679.1
1226900 2679.8
1226910 2679.7
1226920 2679.7
1226930 2679.2
1226940 2678.8
1226950 2678.8
1226960 2679.6
1226970 2680.2
1226980 2680.2
1226990 2681.2
1227000 2682.7
1227010 2682.7
1227020 2684.2
1227030 2685.4
1227040 2685.4
1227050 2686.3
1227060 2686.6
1227070 2686.6
1227080 2686.2
1227090 2686.6
1227100 2688.0
1227110 2688.0
1227120 2689.3
1227130 2692.1
1227140 2692.1
1227150 2694.6
1227160 2696.4
1227170 2696.4
1227180 2699.3
1227190 2702.5
1227200 2702.5
1227210 2706.0
1227220 2709.0
1227230 2709.0
1227240 2713.0
1227250 2719.9
1227260 2719.9
1227270 2739.0
1227280 2748.8
1227290 2748.8
1227300 2757.0
1227310 2764.2
1227320 2764.2
1227330 2773.1
1227340 2785.2
1227350 2795.1
1227360 2795.1
1227370 2802.0
1227380 2808.2
1227390 2808.2
1227400 2813.9
1227410 2817.3
1227420 2817.3
1227430 2819.0
1227440 2819.4
1227450 2819.4
1227460 2819.5
1227470 2822.5
1227480 2822.5
1227490 2825.5
1227500 2820.5
1227510 2820.5
1227520 2812.4
1227530 2806.7
1227540 2806.7
1227550 2801.6
1227560 2795.6
1227570 2795.6
1227580 2788.8
1227590 2781.4
1227600 2775.6
1227610 2775.6
1227620 2770.6
1227630 2766.1
1227640 2766.1
1227650 2760.4
1227660 2757.0
1227670 2757.0
1227680 2757.8
1227690 2757.8
1227700 2757.8
1227710 2757.2
1227720 2755.7
1227730 2755.7
1227740 2750.2
1227750 2743.9
1227760 2743.9
1227770 2735.1
1227780 2734.4
1227790 2734.4
1227800 2735.6
1227810 2735.9
1227820 2733.7
1227830 2733.7
1227840 2730.9
1227850 2729.3
1227860 2729.3
1227870 2728.9
1227880 2729.7
1227890 2729.7
1227900 2730.0
1227910 2729.6
1227920 2729.6
1227930 2730.1
1227940 2731.2
1227950 2731.2
1227960 2732.6
1227970 2732.9
1227980 2732.9
1227990 2730.8
1228000 2729.0
1228010 2729.0
1228020 2728.8
1228030 2730.0
1228040 2730.0
1228050 2730.2
1228060 2729.2
1228070 2727.7
1228080 2727.7
1228090 2726.5
1228100 2727.2
1228110 2727.2
1228120 2729.9
1228130 2734.4
1228140 2734.4
1228150 2739.8
1228160 2741.3
1228170 2741.3
1228180 2739.3
1228190 2738.0
1228200 2738.0
1228210 2737.2
1228220 2736.3
1228230 2736.3
1228240 2734.5
1228250 2731.7
1228260 2727.3
1228270 2725.5
1228280 2724.3
1228290 2724.3
1228300 2722.9
1228310 2722.5
1228320 2724.3
1228330 2724.3
1228340 2728.2
1228350 2729.5
1228360 2729.5
1228370 2728.8
1228380 2728.3
1228390 2728.3
1228400 2728.3
1228410 2728.6
1228420 2728.6
1228430 2725.3
1228440 2722.0
1228450 2722.0
1228460 2721.0
1228470 2718.9
1228480 2718.9
1228490 2717.2
1228500 2716.9
1228510 2716.9
1228520 2716.6
1228530 2718.3
1228540 2721.3
1228550 2721.3
1228560 2725.2
1228570 2728.9
1228580 2728.9
1228590 2729.9
1228600 2728.7
1228610 2728.7
1228620 2729.0
1228630 2731.3
1228640 2731.3
1228650 2734.8
1228660 2738.5
1228670 2738.5
1228680 2742.1
1228690 2746.1
1228700 2746.1
1228710 2749.8
1228720 2753.8
1228730 2753.8
1228740 2758.0
1228750 2764.8
1228760 2761.1
1228770 2767.4
1228780 2773.1
1228790 2781.2
1228800 2781.2
1228810 2788.0
1228820 2793.7
1228830 2793.7
1228840 2798.9
1228850 2804.9
1228860 2804.9
1228870 2803.8
1228880 2798.9
1228890 2798.9
1228900 2792.0
1228910 2782.7
1228920 2782.7
1228930 2774.2
1228940 2767.5
1228950 2767.5
1228960 2762.2
1228970 2757.2
1228980 2757.2
1228990 2752.3
1229000 2749.2
1229010 2749.2
1229020 2749.8
1229030 2750.9
1229040 2751.3
1229050 2751.3
1229060 2751.5
1229070 2752.6
1229080 2752.6
1229090 2754.5
1229100 2756.4
1229110 2756.4
1229120 2758.0
1229130 2759.4
1229140 2759.4
1229150 2760.0
1229160 2759.5
1229170 2759.5
1229180 2758.9
1229190 2759.3
1229200 2759.3
1229210 2762.1
1229220 2765.4
1229230 2765.4
1229240 2768.2
1229250 2770.0
1229260 2765.9
1229270 2769.1
1229280 2774.4
1229290 2780.2
1229300 2780.2
1229310 2785.8
1229320 2791.2
1229330 2791.2
1229340 2796.8
1229350 2802.9
1229360 2802.9
1229370 2809.0
1229380 2815.8
1229390 2815.8
1229400 2823.1
1229410 2830.1
1229420 2830.1
1229430 2838.5
1229440 2846.9
1229450 2846.9
1229460 2853.7
1229470 2863.6
1229480 2863.6
1229490 2878.8
1229500 2897.0
1229510 2894.5
1229520 2894.5
1229530 2875.4
1229540 2861.8
1229550 2861.8
1229560 2844.1
1229570 2832.7
1229580 2832.7
1229590 2827.1
1229600 2823.1
1229610 2823.1
1229620 2819.8
1229630 2815.8
1229640 2815.8
1229650 2810.6
1229660 2806.4
1229670 2806.4
1229680 2803.8
1229690 2802.0
1229700 2802.0
1229710 2799.6
1229720 2797.3
1229730 2797.3
1229740 2795.8
1229750 2792.9
1229760 2792.2
1229770 2792.2
1229780 2791.7
1229790 2791.1
1229800 2791.1
1229810 2790.1
1229820 2788.8
1229830 2788.8
1229840 2787.6
1229850 2786.6
1229860 2786.6
1229870 2786.4
1229880 2786.9
1229890 2786.9
1229900 2788.2
1229910 2789.7
1229920 2789.7
1229930 2790.1
1229940 2788.7
1229950 2788.7
1229960 2786.7
1229970 2783.1
1229980 2783.1
1229990 2779.3
1230000 2775.2
1230010 2770.7
1230020 2770.7
1230030 2765.9
1230040 2760.7
1230050 2760.7
1230060 2755.8
1230070 2749.8
1230080 2749.8
1230090 2742.9
1230100 2736.1
1230110 2736.1
1230120 2730.2
1230130 2723.9
1230140 2723.9
1230150 2717.7
1230160 2711.9
1230170 2711.9
1230180 2706.3
1230190 2700.5
1230200 2700.5
1230210 2688.9
1230220 2677.3
1230230 2677.3
1230240 2672.6
1230250 2673.6
1230260 2665.4
1230270 2665.4
1230280 2656.3
1230290 2650.1
1230300 2650.1
1230310 2645.3
1230320 2640.4
1230330 2640.4
1230340 2635.4
1230350 2631.6
1230360 2631.6
1230370 2627.5
1230380 2622.8
1230390 2622.8
1230400 2617.8
1230410 2612.5
1230420 2612.5
1230430 2607.2
1230440 2602.2
1230450 2602.2
1230460 2598.0
1230470 2593.4
1230480 2588.8
1230490 2588.8
1230500 2582.9
1230510 2575.6
1230520 2575.6
1230530 2568.3
1230540 2562.7
1230550 2562.7
1230560 2558.6
1230570 2554.8
1230580 2554.8
1230590 2551.1
1230600 2548.0
1230610 2548.0
1230620 2544.5
1230630 2540.9
1230640 2540.9
1230650 2537.1
1230660 2535.9
1230670 2535.9
1230680 2536.7
1230690 2536.7
1230700 2536.7
1230710 2535.8
1230720 2533.9
1230730 2531.1
1230740 2531.1
1230750 2533.5
1230760 2530.9
1230770 2530.9
1230780 2529.4
1230790 2529.8
1230800 2529.8
1230810 2529.9
1230820 2528.8
1230830 2528.8
1230840 2527.3
1230850 2526.4
1230860 2526.4
1230870 2528.2
1230880 2535.7
1230890 2535.7
1230900 2540.3
1230910 2541.0
1230920 2541.0
1230930 2538.9
1230940 2536.8
1230950 2536.8
1230960 2538.8
1230970 2538.1
1230980 2537.5
1230990 2537.5
1231000 2540.4
1231010 2543.9
1231020 2543.9
1231030 2547.7
1231040 2549.5
1231050 2549.5
1231060 2549.8
1231070 2547.5
1231080 2547.5
1231090 2545.7
1231100 2544.9
1231110 2544.9
1231120 2540.5
1231130 2535.3
1231140 2535.3
1231150 2533.1
1231160 2534.8
1231170 2534.8
1231180 2538.0
1231190 2541.1
1231200 2541.1
1231210 2546.8
1231220 2550.0
1231230 2552.9
1231240 2552.9
1231250 2555.1
1231260 2559.4
1231270 2559.4
1231280 2560.2
1231290 2560.4
1231300 2560.4
1231310 2560.9
1231320 2562.0
1231330 2562.0
1231340 2564.7
1231350 2567.5
1231360 2567.5
1231370 2570.0
1231380 2573.6
1231390 2573.6
1231400 2575.1
1231410 2574.0
1231420 2574.0
1231430 2573.0
1231440 2571.3
1231450 2568.3
1231460 2568.3
1231470 2564.8
1231480 2561.6
1231490 2561.6
1231500 2560.3
1231510 2558.0
1231520 2558.0
1231530 2556.0
1231540 2554.3
1231550 2554.3
1231560 2554.2
1231570 2553.3
1231580 2553.3
1231590 2551.0
1231600 2548.2
1231610 2548.2
1231620 2544.4
1231630 2541.5
1231640 2541.5
1231650 2539.6
1231660 2537.6
1231670 2537.6
1231680 2535.5
1231690 2533.4
1231700 2531.8
1231710 2531.8
1231720 2530.1
1231730 2528.2
1231740 2528.2
1231750 2525.8
1231760 2521.7
1231770 2521.7
1231780 2521.0
1231790 2520.6
1231800 2520.6
1231810 2520.2
1231820 2518.4
1231830 2518.4
1231840 2515.9
1231850 2513.5
1231860 2513.5
1231870 2512.3
1231880 2511.5
1231890 2511.5
1231900 2512.1
1231910 2512.2
1231920 2512.2
1231930 2511.8
1231940 2511.5
1231950 2510.2
1231960 2510.2
1231970 2507.9
1231980 2506.6
1231990 2506.6
1232000 2506.1
1232010 2504.3
1232020 2504.3
1232030 2503.6
1232040 2505.1
1232050 2505.1
1232060 2506.3
1232070 2506.8
1232080 2506.8
1232090 2507.9
1232100 2509.2
1232110 2509.2
1232120 2510.1
1232130 2511.2
1232140 2511.2
1232150 2512.6
1232160 2513.7
1232170 2513.7
1232180 2513.8
1232190 2513.7
1232200 2513.7
1232210 2513.7
1232220 2514.0
1232230 2516.4
1232240 2516.4
1232250 2519.8
1232260 2529.1
1232270 2529.1
1232280 2531.7
1232290 2533.0
1232300 2533.0
1232310 2536.3
1232320 2541.0
1232330 2541.0
1232340 2544.7
1232350 2547.4
1232360 2547.4
1232370 2548.5
1232380 2549.5
1232390 2549.5
1232400 2551.3
1232410 2557.9
1232420 2566.7
1232430 2566.7
1232440 2571.3
1232450 2579.0
1232460 2579.0
1232470 2589.7
1232480 2602.7
1232490 2602.7
1232500 2616.1
1232510 2627.6
1232520 2627.6
1232530 2644.5
1232540 2655.1
1232550 2655.1
1232560 2663.6
1232570 2674.6
1232580 2674.6
1232590 2685.6
1232600 2700.4
1232610 2700.4
1232620 2709.6
1232630 2713.9
1232640 2713.9
1232650 2719.5
1232660 2726.4
1232670 2730.2
1232680 2730.2
1232690 2739.1
1232700 2748.2
1232710 2748.2
1232720 2740.1
1232730 2726.9
1232740 2726.9
1232750 2716.6
1232760 2705.5
1232770 2706.5
1232780 2692.5
1232790 2678.5
1232800 2678.5
1232810 2663.3
1232820 2644.7
1232830 2644.7
1232840 2625.6
1232850 2610.6
1232860 2610.6
1232870 2601.7
1232880 2593.7
1232890 2593.7
1232900 2582.6
1232910 2571.6
1232920 2562.0
1232930 2562.0
1232940 2552.1
1232950 2546.8
1232960 2546.8
1232970 2541.9
1232980 2536.5
1232990 2536.5
1233000 2531.1
1233010 2525.6
1233020 2525.6
1233030 2520.4
1233040 2515.6
1233050 2515.6
1233060 2510.6
1233070 2505.6
1233080 2505.6
1233090 2500.5
1233100 2495.6
1233110 2495.6
1233120 2490.6
1233130 2485.3
1233140 2480.6
1233150 2480.6
1233160 2476.2
1233170 2472.9
1233180 2472.9
1233190 2470.1
1233200 2467.6
1233210 2467.6
1233220 2465.5
1233230 2462.7
1233240 2462.7
1233250 2458.4
1233260 2453.4
1233270 2456.3
1233280 2452.6
1233290 2449.3
1233300 2449.3
1233310 2445.6
1233320 2441.1
1233330 2441.1
1233340 2436.8
1233350 2432.4
1233360 2432.4
1233370 2427.4
1233380 2423.2
1233390 2421.5
1233400 2421.5
1233410 2424.1
1233420 2426.1
1233430 2426.1
1233440 2427.3
1233450 2430.8
1233460 2430.8
1233470 2433.2
1233480 2433.9
1233490 2433.9
1233500 2435.7
1233510 2437.1
1233520 2437.1
1233530 2438.4
1233540 2438.0
1233550 2438.0
1233560 2433.5
1233570 2429.6
1233580 2429.6
1233590 2428.3
1233600 2429.2
1233610 2429.2
1233620 2428.1
1233630 2427.2
1233640 2426.2
1233650 2426.2
1233660 2424.0
1233670 2421.1
1233680 2421.1
1233690 2416.9
1233700 2412.1
1233710 2412.1
1233720 2410.4
1233730 2410.9
1233740 2410.9
1233750 2410.0
1233760 2410.8
1233770 2410.8
1233780 2406.2
1233790 2406.0
1233800 2406.0
1233810 2406.1
1233820 2405.9
1233830 2405.9
1233840 2405.0
1233850 2403.5
1233860 2403.5
1233870 2401.5
1233880 2399.8
1233890 2398.8
1233900 2398.8
1233910 2397.8
1233920 2395.6
1233930 2395.6
1233940 2392.5
1233950 2394.7
1233960 2394.7
1233970 2397.6
1233980 2402.0
1233990 2402.0
1234000 2407.7
1234010 2412.8
1234020 2412.8
1234030 2417.7
1234040 2422.2
1234050 2422.2
1234060 2426.7
1234070 2431.3
1234080 2431.3
1234090 2435.9
1234100 2441.1
1234110 2448.9
1234120 2448.9
1234130 2453.6
1234140 2455.4
1234150 2455.4
1234160 2456.1
1234170 2455.6
1234180 2455.6
1234190 2452.0
1234200 2441.7
1234210 2441.7
1234220 2432.8
1234230 2425.0
1234240 2425.0
1234250 2419.7
1234260 2413.5
1234270 2413.5
1234280 2406.9
1234290 2395.0
1234300 2395.0
1234310 2391.3
1234320 2386.3
1234330 2386.3
1234340 2378.5
1234350 2368.0
1234360 2355.8
1234370 2355.8
1234380 2345.4
1234390 2334.4
1234400 2334.4
1234410 2323.7
1234420 2314.4
1234430 2314.4
1234440 2304.9
1234450 2295.8
1234460 2295.8
1234470 2286.7
1234480 2276.0
1234490 2276.0
1234500 2265.2
1234510 2256.4
1234520 2256.4
1234530 2251.7
1234540 2246.8
1234550 2246.8
1234560 2238.2
1234570 2232.7
1234580 2232.7
1234590 2225.3
1234600 2218.1
1234610 2209.3
1234620 2209.3
1234630 2189.6
1234640 2166.2
1234650 2166.2
1234660 2151.6
1234670 2138.9
1234680 2138.9
1234690 2139.1
1234700 2148.2
1234710 2148.2
1234720 2151.2
1234730 2142.4
1234740 2142.4
1234750 2133.8
1234760 2123.7
1234770 2123.7
1234780 2111.9
1234790 2098.8
1234800 2098.8
1234810 2083.3
1234820 2070.3
1234830 2070.3
1234840 2054.7
1234850 2036.5
1234860 2024.2
1234870 2024.2
1234880 2014.1
1234890 2001.9
1234900 2001.9
1234910 1989.1
1234920 1980.9
1234930 1980.9
1234940 1972.9
1234950 1965.2
1234960 1965.2
1234970 1958.2
1234980 1951.1
1234990 1951.1
1235000 1944.6
1235010 1938.4
1235020 1938.4
1235030 1930.9
1235040 1920.4
1235050 1920.4
1235060 1906.9
1235070 1899.0
1235080 1892.0
1235090 1892.0
1235100 1884.3
1235110 1876.5
1235120 1876.5
1235130 1869.2
1235140 1860.6
1235150 1860.6
1235160 1852.3
1235170 1844.5
1235180 1844.5
1235190 1837.5
1235200 1830.3
1235210 1830.3
1235220 1824.1
1235230 1817.1
1235240 1817.1
1235250 1810.3
1235260 1805.1
1235270 1805.1
1235280 1801.1
1235290 1797.6
1235300 1799.5
1235310 1795.4
1235320 1791.1
1235330 1786.1
1235340 1786.1
1235350 1780.0
1235360 1775.6
1235370 1775.6
1235380 1772.9
1235390 1766.2
1235400 1766.2
1235410 1758.7
1235420 1758.2
1235430 1758.2
1235440 1758.8
1235450 1759.3
1235460 1759.3
1235470 1759.4
1235480 1759.8
1235490 1759.8
1235500 1763.2
1235510 1769.3
1235520 1769.3
1235530 1774.5
1235540 1780.3
1235550 1780.3
1235560 1788.0
1235570 1796.0
1235580 1803.0
1235590 1803.0
1235600 1809.7
1235610 1815.6
1235620 1815.6
1235630 1820.6
1235640 1827.9
1235650 1827.9
1235660 1849.8
1235670 1863.9
1235680 1863.9
1235690 1872.6
1235700 1881.0
1235710 1881.0
1235720 1889.8
1235730 1908.2
1235740 1908.2
1235750 1931.8
1235760 1949.8
1235770 1949.8
1235780 1961.3
1235790 1965.6
1235800 1972.2
1235810 1975.2
1235820 1984.1
1235830 1994.3
1235840 1994.3
1235850 1999.4
1235860 2000.4
1235870 2000.4
1235880 2001.6
1235890 2000.3
1235900 2000.3
1235910 1994.4
1235920 1986.9
1235930 1986.9
1235940 1982.9
1235950 1978.1
1235960 1978.1
1235970 1975.0
1235980 1970.1
1235990 1970.1
1236000 1964.1
1236010 1969.1
1236020 1969.1
1236030 1978.9
1236040 1987.4
1236050 1996.9
1236060 1996.9
1236070 2011.5
1236080 2027.0
1236090 2027.0
1236100 2041.9
1236110 2056.5
1236120 2056.5
1236130 2067.7
1236140 2079.8
1236150 2079.8
1236160 2092.5
1236170 2102.6
1236180 2102.6
1236190 2110.8
1236200 2116.6
1236210 2116.6
1236220 2121.6
1236230 2128.3
1236240 2128.3
1236250 2136.4
1236260 2145.8
1236270 2145.8
1236280 2156.5
1236290 2163.9
1236300 2166.3
1236310 2166.3
1236320 2169.3
1236330 2181.3
1236340 2181.3
1236350 2188.1
1236360 2195.5
1236370 2195.5
1236380 2201.9
1236390 2209.4
1236400 2209.4
1236410 2217.7
1236420 2226.6
1236430 2226.6
1236440 2235.1
1236450 2243.2
1236460 2243.2
1236470 2251.6
1236480 2260.5
1236490 2260.5
1236500 2269.0
1236510 2278.7
1236520 2278.7
1236530 2287.6
1236540 2296.0
1236550 2304.1
1236560 2304.1
1236570 2312.3
1236580 2320.2
1236590 2320.2
1236600 2328.4
1236610 2336.7
1236620 2336.7
1236630 2344.9
1236640 2353.0
1236650 2353.0
1236660 2361.7
1236670 2371.4
1236680 2371.4
1236690 2380.2
1236700 2388.2
1236710 2388.2
1236720 2397.6
1236730 2407.1
1236740 2407.1
1236750 2415.4
1236760 2422.9
1236770 2430.4
1236780 2430.4
1236790 2437.6
1236800 2444.3
1236810 2444.3
1236820 2450.4
1236830 2457.0
1236840 2454.0
1236850 2460.6
1236860 2466.7
1236870 2466.7
1236880 2472.3
1236890 2477.3
1236900 2477.3
1236910 2483.6
1236920 2491.1
1236930 2491.1
1236940 2498.0
1236950 2504.0
1236960 2504.0
1236970 2509.7
1236980 2515.3
1236990 2515.3
1237000 2520.2
1237010 2522.9
1237020 2523.6
1237030 2523.6
1237040 2523.7
1237050 2523.5
1237060 2523.5
1237070 2526.0
1237080 2524.5
1237090 2524.5
1237100 2521.6
1237110 2518.9
1237120 2518.9
1237130 2514.7
1237140 2510.4
1237150 2510.4
1237160 2507.0
1237170 2506.3
1237180 2506.3
1237190 2507.0
1237200 2504.6
1237210 2504.6
1237220 2499.6
1237230 2494.3
1237240 2494.3
1237250 2489.7
1237260 2484.4
1237270 2479.6
1237280 2479.6
1237290 2476.1
1237300 2472.6
1237310 2472.6
1237320 2468.4
1237330 2463.0
1237340 2463.0
1237350 2454.2
1237360 2449.5
1237370 2449.5
1237380 2446.6
1237390 2445.9
1237400 2445.9
1237410 2445.7
1237420 2445.3
1237430 2445.3
1237440 2444.1
1237450 2442.9
1237460 2442.9
1237470 2440.2
1237480 2435.6
1237490 2435.6
1237500 2431.1
1237510 2426.6
1237520 2422.0
1237530 2422.0
1237540 2416.8
1237550 2411.0
1237560 2411.0
1237570 2405.5
1237580 2400.0
1237590 2400.0
1237600 2394.0
1237610 2388.2
1237620 2388.2
1237630 2382.5
1237640 2376.5
1237650 2376.5
1237660 2370.2
1237670 2364.0
1237680 2364.0
1237690 2359.0
1237700 2352.8
1237710 2352.8
1237720 2346.6
1237730 2340.2
1237740 2334.8
1237750 2334.8
1237760 2330.6
1237770 2326.9
1237780 2326.9
1237790 2323.1
1237800 2319.4
1237810 2319.4
1237820 2316.5
1237830 2314.3
1237840 2314.3
1237850 2312.6
1237860 2310.8
1237870 2304.5
1237880 2302.7
1237890 2300.3
1237900 2300.3
1237910 2297.0
1237920 2293.2
1237930 2293.2
1237940 2288.2
1237950 2281.8
1237960 2281.8
1237970 2275.2
1237980 2268.6
1237990 2262.0
1238000 2262.0
1238010 2255.2
1238020 2247.1
1238030 2247.1
1238040 2238.0
1238050 2228.0
1238060 2228.0
1238070 2218.3
1238080 2210.4
1238090 2210.4
1238100 2203.9
1238110 2200.2
1238120 2200.2
1238130 2196.8
1238140 2193.9
1238150 2193.9
1238160 2191.8
1238170 2189.9
1238180 2189.9
1238190 2186.7
1238200 2181.8
1238210 2181.8
1238220 2176.7
1238230 2171.7
1238240 2166.5
1238250 2166.5
1238260 2161.8
1238270 2158.2
1238280 2158.2
1238290 2154.6
1238300 2150.1
1238310 2150.1
1238320 2145.0
1238330 2141.7
1238340 2141.7
1238350 2138.2
1238360 2133.2
1238370 2133.2
1238380 2121.2
1238390 2117.0
1238400 2117.0
1238410 2113.2
1238420 2110.8
1238430 2110.8
1238440 2108.3
1238450 2105.3
1238460 2101.7
1238470 2101.7
1238480 2098.3
1238490 2095.6
1238500 2095.6
1238510 2094.2
1238520 2091.8
1238530 2091.8
1238540 2090.0
1238550 2088.1
1238560 2088.1
1238570 2082.5
1238580 2074.8
1238590 2074.8
1238600 2062.3
1238610 2057.2
1238620 2057.2
1238630 2056.6
1238640 2057.0
1238650 2057.0
1238660 2056.5
1238670 2054.9
1238680 2054.9
1238690 2053.9
1238700 2053.1
1238710 2051.9
1238720 2051.9
1238730 2057.5
1238740 2055.7
1238750 2055.7
1238760 2050.6
1238770 2051.4
1238780 2051.4
1238790 2055.8
1238800 2056.8
1238810 2056.8
1238820 2055.7
1238830 2052.5
1238840 2052.5
1238850 2053.2
1238860 2057.3
1238870 2057.3
1238880 2060.4
1238890 2063.3
1238900 2056.5
1238910 2057.9
1238920 2054.8
1238930 2054.8
1238940 2047.5
1238950 2040.7
1238960 2033.4
1238970 2033.4
1238980 2026.6
1238990 2019.6
1239000 2019.6
1239010 2011.6
1239020 2001.4
1239030 2001.4
1239040 1991.3
1239050 1981.4
1239060 1981.4
1239070 1971.4
1239080 1962.2
1239090 1962.2
1239100 1953.6
1239110 1944.3
1239120 1944.3
1239130 1936.1
1239140 1927.8
1239150 1927.8
1239160 1919.0
1239170 1910.0
1239180 1910.0
1239190 1901.8
1239200 1896.8
1239210 1893.0
1239220 1893.0
1239230 1890.2
1239240 1886.6
1239250 1886.6
1239260 1882.8
1239270 1877.8
1239280 1877.8
1239290 1872.6
1239300 1869.3
1239310 1869.3
1239320 1865.8
1239330 1859.7
1239340 1859.7
1239350 1852.4
1239360 1846.3
1239370 1846.3
1239380 1841.6
1239390 1837.6
1239400 1837.6
1239410 1832.8
1239420 1824.5
1239430 1820.4
1239440 1820.4
1239450 1817.5
1239460 1814.8
1239470 1814.8
1239480 1812.6
1239490 1809.0
1239500 1809.0
1239510 1802.4
1239520 1793.2
1239530 1793.2
1239540 1789.7
1239550 1787.3
1239560 1787.3
1239570 1786.4
1239580 1787.6
1239590 1787.6
1239600 1788.8
1239610 1790.3
1239620 1790.3
1239630 1792.3
1239640 1792.8
1239650 1792.8
1239660 1790.9
1239670 1789.0
1239680 1788.9
1239690 1788.9
1239700 1785.9
1239710 1780.7
1239720 1780.7
1239730 1775.1
1239740 1768.2
1239750 1768.2
1239760 1761.4
1239770 1757.5
1239780 1757.5
1239790 1750.7
1239800 1741.1
1239810 1741.1
1239820 1730.1
1239830 1719.2
1239840 1719.2
1239850 1708.9
1239860 1699.1
1239870 1699.1
1239880 1688.5
1239890 1679.2
1239900 1679.2
1239910 1669.7
1239920 1661.6
1239930 1652.8
1239940 1656.9
1239950 1647.4
1239960 1639.1
1239970 1639.1
1239980 1626.4
1239990 1613.3
