1220000 2680.0
1220010 2674.8
1220020 2669.4
1220030 2669.4
1220040 2664.4
1220050 2659.2
1220060 2659.2
1220070 2653.9
1220080 2648.4
1220090 2648.4
1220100 2643.4
1220110 2637.6
1220120 2637.6
1220130 2631.6
1220140 2625.8
1220150 2625.8
1220160 2620.4
1220170 2614.7
1220180 2608.8
1220190 2608.8
1220200 2600.7
1220210 2595.7
1220220 2595.7
1220230 2591.6
1220240 2587.0
1220250 2587.0
1220260 2582.5
1220270 2578.1
1220280 2578.1
1220290 2573.1
1220300 2567.8
1220310 2567.8
1220320 2563.5
1220330 2560.7
1220340 2560.7
1220350 2558.3
1220360 2556.4
1220370 2556.4
1220380 2555.9
1220390 2557.0
1220400 2557.0
1220410 2558.0
1220420 2558.0
1220430 2558.8
1220440 2558.8
1220450 2561.1
1220460 2562.5
1220470 2562.5
1220480 2562.8
1220490 2563.0
1220500 2563.0
1220510 2561.4
1220520 2558.6
1220530 2558.6
1220540 2555.7
1220550 2553.1
1220560 2553.1
1220570 2550.5
1220580 2546.5
1220590 2546.5
1220600 2541.9
1220610 2538.9
1220620 2538.9
1220630 2537.3
1220640 2536.7
1220650 2536.7
1220660 2536.4
1220670 2535.3
1220680 2533.3
1220690 2533.3
1220700 2531.2
1220710 2528.9
1220720 2528.9
1220730 2526.1
1220740 2523.2
1220750 2523.2
1220760 2520.7
1220770 2520.1
1220780 2520.1
1220790 2519.9
1220800 2518.3
1220810 2518.3
1220820 2516.1
1220830 2513.9
1220840 2513.9
1220850 2512.1
1220860 2510.5
1220870 2510.5
1220880 2509.3
1220890 2508.7
1220900 2508.7
1220910 2507.8
1220920 2505.7
1220930 2502.8
1220940 2502.8
1220950 2500.2
1220960 2498.6
1220970 2498.6
1220980 2497.9
1220990 2498.0
1221000 2498.0
1221010 2497.3
1221020 2494.2
1221030 2494.2
1221040 2489.8
1221050 2488.5
1221060 2488.5
1221070 2483.1
1221080 2475.1
1221090 2475.1
1221100 2467.5
1221110 2459.9
1221120 2459.9
1221130 2454.7
1221140 2451.3
1221150 2451.3
1221160 2450.0
1221170 2442.4
1221180 2434.8
1221190 2434.8
1221200 2427.2
1221210 2419.5
1221220 2419.5
1221230 2413.2
1221240 2407.6
1221250 2407.6
1221260 2402.1
1221270 2396.7
1221280 2396.7
1221290 2390.9
1221300 2385.6
1221310 2385.6
1221320 2380.7
1221330 2377.0
1221340 2377.0
1221350 2373.8
1221360 2370.6
1221370 2370.6
1221380 2367.0
1221390 2364.5
1221400 2362.8
1221410 2362.8
1221420 2359.8
1221430 2358.1
1221440 2358.1
1221450 2359.0
1221460 2362.2
1221470 2362.2
1221480 2365.6
1221490 2370.0
1221500 2370.0
1221510 2374.4
1221520 2378.3
1221530 2378.3
1221540 2381.2
1221550 2384.5
1221560 2384.5
1221570 2386.8
1221580 2387.3
1221590 2387.3
1221600 2387.5
1221610 2387.5
1221620 2387.5
1221630 2387.1
1221640 2387.7
1221650 2393.8
1221660 2393.8
1221670 2392.8
1221680 2391.1
1221690 2391.1
1221700 2389.7
1221710 2386.8
1221720 2386.8
1221730 2386.1
1221740 2386.7
1221750 2386.7
1221760 2387.6
1221770 2389.0
1221780 2389.0
1221790 2391.2
1221800 2394.4
1221810 2394.4
1221820 2398.4
1221830 2402.6
1221840 2402.6
1221850 2406.9
1221860 2411.5
1221870 2411.5
1221880 2415.5
1221890 2418.1
1221900 2419.5
1221910 2419.5
1221920 2430.0
1221930 2452.9
1221940 2452.9
1221950 2460.5
1221960 2469.4
1221970 2469.4
1221980 2484.8
1221990 2496.2
1222000 2496.2
1222010 2505.3
1222020 2512.6
1222030 2512.6
1222040 2517.6
1222050 2518.5
1222060 2518.5
1222070 2524.9
1222080 2530.6
1222090 2530.6
1222100 2531.0
1222110 2525.6
1222120 2525.6
1222130 2532.0
1222140 2530.2
1222150 2531.8
1222160 2531.8
1222170 2536.2
1222180 2544.6
1222190 2544.6
1222200 2555.6
1222210 2567.1
1222220 2567.1
1222230 2580.8
1222240 2597.8
1222250 2597.8
1222260 2615.7
1222270 2626.6
1222280 2626.6
1222290 2630.8
1222300 2626.5
1222310 2626.5
1222320 2618.0
1222330 2605.9
1222340 2605.9
1222350 2591.4
1222360 2578.6
1222370 2578.6
1222380 2568.1
1222390 2558.8
1222400 2548.3
1222410 2548.3
1222420 2532.5
1222430 2522.5
1222440 2522.5
1222450 2512.6
1222460 2502.0
1222470 2502.0
1222480 2477.0
1222490 2459.4
1222500 2459.4
1222510 2447.9
1222520 2437.4
1222530 2437.4
1222540 2428.8
1222550 2420.8
1222560 2420.8
1222570 2414.4
1222580 2408.0
1222590 2408.0
1222600 2401.5
1222610 2396.5
1222620 2396.5
1222630 2388.8
1222640 2377.8
1222650 2365.0
1222660 2365.0
1222670 2353.5
1222680 2343.0
1222690 2343.0
1222700 2335.1
1222710 2327.0
1222720 2327.0
1222730 2318.3
1222740 2311.4
1222750 2311.4
1222760 2304.2
1222770 2296.9
1222780 2296.9
1222790 2289.8
1222800 2283.0
1222810 2283.0
1222820 2276.0
1222830 2269.2
1222840 2269.2
1222850 2263.2
1222860 2257.6
1222870 2257.6
1222880 2252.1
1222890 2247.2
1222900 2242.7
1222910 2242.7
1222920 2238.2
1222930 2233.5
1222940 2233.5
1222950 2228.2
1222960 2220.5
1222970 2220.5
1222980 2208.7
1222990 2191.8
1223000 2191.8
1223010 2176.5
1223020 2169.4
1223030 2169.4
1223040 2166.7
1223050 2161.7
1223060 2161.7
1223070 2156.0
1223080 2150.4
1223090 2150.4
1223100 2142.8
1223110 2137.6
1223120 2132.6
1223130 2132.6
1223140 2127.6
1223150 2122.8
1223160 2122.8
1223170 2118.8
1223180 2115.6
1223190 2115.6
1223200 2112.3
1223210 2109.3
1223220 2109.3
1223230 2106.2
1223240 2103.6
1223250 2103.6
1223260 2102.2
1223270 2100.9
1223280 2100.9
1223290 2102.0
1223300 2103.1
1223310 2103.1
1223320 2102.6
1223330 2101.5
1223340 2101.5
1223350 2101.4
1223360 2101.8
1223370 2101.2
1223380 2101.2
1223390 2099.7
1223400 2098.1
1223410 2098.1
1223420 2097.2
1223430 2097.4
1223440 2097.4
1223450 2097.5
1223460 2097.6
1223470 2097.6
1223480 2098.0
1223490 2098.8
1223500 2098.8
1223510 2101.3
1223520 2102.3
1223530 2102.3
1223540 2104.0
1223550 2107.9
1223560 2107.9
1223570 2113.0
1223580 2120.4
1223590 2134.7
1223600 2144.1
1223610 2150.1
1223620 2155.5
1223630 2155.5
1223640 2159.6
1223650 2162.8
1223660 2162.8
1223670 2163.3
1223680 2167.6
1223690 2167.6
1223700 2182.1
1223710 2192.4
1223720 2192.4
1223730 2197.8
1223740 2201.6
1223750 2201.6
1223760 2206.1
1223770 2212.1
1223780 2212.1
1223790 2218.1
1223800 2225.7
1223810 2225.7
1223820 2230.8
1223830 2236.2
1223840 2236.2
1223850 2241.1
1223860 2246.5
1223870 2252.2
1223880 2252.2
1223890 2254.4
1223900 2257.2
1223910 2257.2
1223920 2263.9
1223930 2277.6
1223940 2277.6
1223950 2285.6
1223960 2290.3
1223970 2290.3
1223980 2293.1
1223990 2294.8
1224000 2294.8
1224010 2295.7
1224020 2298.4
1224030 2298.4
1224040 2304.3
1224050 2311.1
1224060 2311.1
1224070 2320.7
1224080 2326.8
1224090 2326.8
1224100 2332.4
1224110 2338.6
1224120 2345.4
1224130 2345.4
1224140 2351.7
1224150 2357.6
1224160 2357.6
1224170 2361.5
1224180 2363.3
1224190 2363.3
1224200 2364.3
1224210 2365.2
1224220 2365.2
1224230 2367.8
1224240 2371.1
1224250 2371.1
1224260 2373.7
1224270 2376.2
1224280 2376.2
1224290 2378.8
1224300 2382.1
1224310 2382.1
1224320 2384.0
1224330 2385.5
1224340 2385.5
1224350 2386.5
1224360 2385.7
1224370 2386.1
1224380 2386.1
1224390 2386.4
1224400 2386.0
1224410 2386.0
1224420 2387.7
1224430 2389.7
1224440 2389.7
1224450 2391.8
1224460 2394.1
1224470 2394.1
1224480 2396.5
1224490 2398.2
1224500 2398.2
1224510 2400.0
1224520 2401.4
1224530 2401.4
1224540 2402.4
1224550 2404.7
1224560 2407.0
1224570 2409.5
1224580 2412.4
1224590 2415.2
1224600 2415.2
1224610 2419.0
1224620 2424.4
1224630 2424.4
1224640 2428.6
1224650 2433.5
1224660 2433.5
1224670 2437.3
1224680 2440.9
1224690 2440.9
1224700 2446.9
1224710 2454.4
1224720 2454.4
1224730 2462.1
1224740 2469.6
1224750 2469.6
1224760 2477.3
1224770 2487.0
1224780 2487.0
1224790 2493.2
1224800 2497.7
1224810 2497.7
1224820 2502.2
1224830 2509.9
1224840 2521.3
1224850 2521.3
1224860 2531.6
1224870 2536.8
1224880 2536.8
1224890 2533.4
1224900 2530.2
1224910 2530.2
1224920 2530.4
1224930 2533.0
1224940 2533.0
1224950 2537.1
1224960 2540.8
1224970 2540.8
1224980 2543.8
1224990 2546.0
1225000 2546.0
1225010 2548.5
1225020 2552.9
1225030 2552.9
1225040 2558.3
1225050 2562.1
1225060 2562.1
1225070 2567.7
1225080 2573.6
1225090 2579.5
1225100 2579.5
1225110 2585.0
1225120 2589.9
1225130 2589.9
1225140 2594.2
1225150 2597.6
1225160 2597.6
1225170 2602.0
1225180 2607.0
1225190 2607.0
1225200 2612.3
1225210 2618.5
1225220 2618.5
1225230 2624.2
1225240 2630.3
1225250 2630.3
1225260 2636.5
1225270 2644.2
1225280 2644.2
1225290 2654.2
1225300 2662.4
1225310 2662.4
1225320 2671.3
1225330 2676.0
1225340 2679.5
1225350 2679.5
1225360 2685.1
1225370 2693.8
1225380 2693.8
1225390 2705.2
1225400 2718.4
1225410 2718.4
1225420 2734.7
1225430 2746.8
1225440 2746.8
1225450 2755.7
1225460 2762.7
1225470 2762.7
1225480 2767.8
1225490 2773.1
1225500 2773.1
1225510 2779.3
1225520 2786.6
1225530 2786.6
1225540 2791.7
1225550 2800.3
1225560 2800.3
1225570 2805.0
1225580 2808.8
1225590 2815.5
1225600 2815.5
1225610 2827.4
1225620 2837.0
1225630 2837.0
1225640 2843.1
1225650 2848.7
1225660 2848.7
1225670 2854.2
1225680 2860.6
1225690 2860.6
1225700 2869.1
1225710 2873.8
1225720 2873.8
1225730 2877.3
1225740 2881.9
1225750 2881.9
1225760 2881.2
1225770 2875.9
1225780 2875.9
1225790 2872.8
1225800 2870.2
1225810 2868.3
1225820 2868.3
1225830 2866.3
1225840 2863.4
1225850 2863.4
1225860 2863.2
1225870 2863.1
1225880 2863.1
1225890 2864.3
1225900 2866.2
1225910 2866.2
1225920 2867.8
1225930 2868.3
1225940 2868.3
1225950 2868.6
1225960 2869.1
1225970 2869.1
1225980 2869.5
1225990 2862.0
1226000 2862.0
1226010 2849.8
1226020 2845.6
1226030 2836.0
1226040 2832.0
1226050 2824.6
1226060 2812.4
1226070 2812.4
1226080 2801.8
1226090 2796.6
1226100 2796.6
1226110 2795.2
1226120 2791.7
1226130 2791.7
1226140 2784.7
1226150 2772.8
1226160 2772.8
1226170 2759.3
1226180 2745.9
1226190 2745.9
1226200 2734.2
1226210 2723.6
1226220 2723.6
1226230 2718.2
1226240 2714.0
1226250 2714.0
1226260 2703.6
1226270 2694.5
1226280 2694.5
1226290 2683.8
1226300 2673.7
1226310 2665.2
1226320 2665.2
1226330 2659.4
1226340 2654.4
1226350 2654.4
1226360 2649.4
1226370 2644.3
1226380 2644.3
1226390 2640.1
1226400 2634.6
1226410 2634.6
1226420 2628.3
1226430 2622.6
1226440 2622.6
1226450 2617.0
1226460 2609.6
1226470 2609.6
1226480 2594.4
1226490 2567.3
1226500 2567.3
1226510 2538.9
1226520 2527.9
1226530 2527.9
1226540 2519.6
1226550 2511.9
1226560 2504.5
1226570 2504.5
1226580 2497.6
1226590 2491.3
1226600 2491.3
1226610 2486.1
1226620 2482.8
1226630 2482.8
1226640 2480.1
1226650 2476.4
1226660 2476.4
1226670 2471.6
1226680 2468.0
1226690 2468.0
1226700 2464.2
1226710 2459.7
1226720 2459.7
1226730 2456.0
1226740 2452.7
1226750 2452.7
1226760 2450.0
1226770 2447.5
1226780 2447.5
1226790 2443.2
1226800 2437.9
1226810 2432.2
1226820 2432.2
1226830 2426.0
1226840 2420.9
1226850 2420.9
1226860 2417.9
1226870 2415.4
1226880 2415.4
1226890 2412.5
1226900 2409.5
1226910 2409.5
1226920 2407.1
1226930 2404.3
1226940 2404.3
1226950 2401.0
1226960 2396.5
1226970 2396.5
1226980 2391.8
1226990 2386.9
1227000 2386.9
1227010 2381.4
1227020 2378.1
1227030 2378.1
1227040 2372.1
1227050 2365.7
1227060 2358.7
1227070 2358.7
1227080 2351.0
1227090 2342.8
1227100 2342.8
1227110 2336.3
1227120 2331.5
1227130 2331.5
1227140 2327.1
1227150 2322.1
1227160 2322.1
1227170 2317.8
1227180 2317.1
1227190 2317.1
1227200 2317.1
1227210 2317.1
1227220 2317.1
1227230 2317.1
1227240 2317.1
1227250 2317.1
1227260 2317.1
1227270 2317.1
1227280 2317.1
1227290 2317.1
1227300 2317.1
1227310 2317.1
1227320 2317.1
1227330 2317.1
1227340 2317.1
1227350 2317.1
1227360 2317.1
1227370 2317.1
1227380 2317.1
1227390 2317.1
1227400 2317.1
1227410 2317.1
1227420 2317.1
1227430 2317.1
1227440 2317.1
1227450 2317.1
1227460 2317.1
1227470 2317.1
1227480 2317.1
1227490 2317.1
1227500 2317.1
1227510 2317.1
1227520 2317.1
1227530 2317.1
1227540 2317.1
1227550 2317.1
1227560 2317.1
1227570 2317.1
1227580 2317.1
1227590 2317.1
1227600 2317.1
1227610 2317.1
1227620 2317.1
1227630 2317.1
1227640 2317.1
1227650 2317.1
1227660 2317.1
1227670 2317.1
1227680 2317.1
1227690 2317.1
1227700 2317.1
1227710 2317.1
1227720 2317.1
1227730 2317.1
1227740 2317.1
1227750 2317.1
1227760 2317.1
1227770 2317.1
1227780 2317.1
1227790 2317.1
1227800 2317.1
1227810 2317.1
1227820 2317.1
1227830 2317.1
1227840 2317.1
1227850 2317.1
1227860 2317.1
1227870 2317.1
1227880 2317.1
1227890 2317.1
1227900 2317.1
1227910 2317.1
1227920 2317.1
1227930 2317.1
1227940 2317.1
1227950 2317.1
1227960 2317.1
1227970 2317.1
1227980 2317.1
1227990 2317.1
1228000 2317.1
1228010 2317.1
1228020 2317.1
1228030 2317.1
1228040 2317.1
1228050 2317.1
1228060 2317.1
1228070 2317.1
1228080 2317.1
1228090 2317.1
1228100 2317.1
1228110 2317.1
1228120 2317.1
1228130 2317.1
1228140 2317.1
1228150 2317.1
1228160 2317.1
1228170 2317.7
1228180 2322.5
1228190 2322.5
1228200 2329.5
1228210 2336.7
1228220 2336.7
1228230 2343.9
1228240 2350.1
1228250 2350.1
1228260 2355.7
1228270 2362.1
1228280 2369.1
1228290 2369.1
1228300 2374.9
1228310 2379.5
1228320 2379.5
1228330 2384.1
1228340 2389.5
1228350 2389.5
1228360 2393.6
1228370 2397.9
1228380 2397.9
1228390 2402.3
1228400 2406.5
1228410 2406.5
1228420 2410.2
1228430 2413.8
1228440 2413.8
1228450 2418.1
1228460 2422.4
1228470 2422.4
1228480 2427.0
1228490 2432.0
1228500 2435.7
1228510 2440.5
1228520 2444.7
1228530 2448.6
1228540 2448.6
1228550 2452.8
1228560 2457.1
1228570 2457.1
1228580 2461.4
1228590 2465.4
1228600 2465.4
1228610 2469.7
1228620 2474.4
1228630 2474.4
1228640 2479.6
1228650 2490.1
1228660 2490.1
1228670 2501.5
1228680 2509.7
1228690 2509.7
1228700 2514.6
1228710 2517.9
1228720 2517.9
1228730 2519.4
1228740 2518.7
1228750 2517.6
1228760 2517.6
1228770 2519.6
1228780 2518.6
1228790 2518.6
1228800 2517.2
1228810 2519.0
1228820 2519.0
1228830 2521.5
1228840 2522.9
1228850 2522.9
1228860 2525.5
1228870 2528.9
1228880 2528.9
1228890 2532.9
1228900 2537.6
1228910 2537.6
1228920 2542.6
1228930 2547.9
1228940 2547.9
1228950 2553.8
1228960 2559.7
1228970 2559.7
1228980 2565.8
1228990 2572.3
1229000 2581.7
1229010 2581.7
1229020 2589.3
1229030 2597.2
1229040 2597.2
1229050 2605.9
1229060 2614.8
1229070 2614.8
1229080 2624.6
1229090 2636.9
1229100 2636.9
1229110 2647.6
1229120 2659.9
1229130 2659.9
1229140 2672.8
1229150 2683.9
1229160 2683.9
1229170 2693.1
1229180 2702.0
1229190 2702.0
1229200 2708.8
1229210 2704.2
1229220 2704.2
1229230 2691.2
1229240 2677.4
1229250 2665.5
1229260 2665.5
1229270 2655.0
1229280 2651.9
1229290 2651.9
1229300 2648.0
1229310 2636.4
1229320 2636.4
1229330 2622.5
1229340 2611.8
1229350 2611.8
1229360 2602.5
1229370 2591.4
1229380 2591.4
1229390 2579.8
1229400 2569.1
1229410 2569.1
1229420 2561.1
1229430 2554.4
1229440 2554.4
1229450 2548.8
1229460 2545.4
1229470 2545.4
1229480 2543.2
1229490 2534.9
1229500 2542.1
1229510 2542.1
1229520 2536.8
1229530 2527.9
1229540 2527.9
1229550 2513.4
1229560 2503.9
1229570 2503.9
1229580 2501.2
1229590 2497.5
1229600 2497.5
1229610 2490.2
1229620 2482.6
1229630 2482.6
1229640 2471.8
1229650 2460.7
1229660 2460.7
1229670 2451.4
1229680 2446.3
1229690 2446.3
1229700 2443.6
1229710 2443.2
1229720 2443.2
1229730 2444.4
1229740 2444.3
1229750 2443.8
1229760 2443.8
1229770 2443.5
1229780 2443.7
1229790 2443.7
1229800 2443.8
1229810 2443.0
1229820 2443.0
1229830 2441.7
1229840 2439.5
1229850 2439.5
1229860 2437.6
1229870 2436.0
1229880 2436.0
1229890 2433.7
1229900 2431.6
1229910 2431.6
1229920 2429.4
1229930 2426.7
1229940 2426.7
1229950 2424.1
1229960 2421.6
1229970 2421.6
1229980 2418.7
1229990 2419.8
1230000 2416.1
1230010 2416.1
1230020 2412.7
1230030 2409.3
1230040 2409.3
1230050 2405.5
1230060 2401.5
1230070 2401.5
1230080 2397.6
1230090 2393.8
1230100 2393.8
1230110 2389.8
1230120 2386.1
1230130 2386.1
1230140 2382.6
1230150 2378.8
1230160 2378.8
1230170 2375.3
1230180 2372.1
1230190 2372.1
1230200 2369.5
1230210 2367.0
1230220 2364.9
1230230 2364.9
1230240 2362.8
1230250 2360.3
1230260 2360.3
1230270 2357.3
1230280 2354.0
1230290 2354.0
1230300 2350.5
1230310 2346.9
1230320 2346.9
1230330 2343.2
1230340 2338.9
1230350 2338.9
1230360 2334.1
1230370 2329.3
1230380 2329.3
1230390 2324.7
1230400 2320.0
1230410 2320.0
1230420 2315.0
1230430 2310.2
1230440 2310.2
1230450 2305.8
1230460 2300.9
1230470 2296.0
1230480 2296.0
1230490 2293.1
1230500 2288.3
1230510 2288.3
1230520 2283.5
1230530 2278.9
1230540 2278.9
1230550 2274.3
1230560 2270.0
1230570 2270.0
1230580 2266.1
1230590 2262.4
1230600 2262.4
1230610 2258.8
1230620 2256.0
1230630 2256.0
1230640 2253.6
1230650 2251.7
1230660 2251.7
1230670 2249.6
1230680 2248.6
1230690 2248.6
1230700 2247.5
1230710 2246.9
1230720 2246.1
1230730 2246.1
1230740 2244.0
1230750 2241.3
1230760 2241.3
1230770 2239.3
1230780 2236.7
1230790 2236.7
1230800 2233.5
1230810 2231.1
1230820 2231.1
1230830 2228.7
1230840 2225.5
1230850 2225.5
1230860 2223.2
1230870 2222.1
1230880 2222.1
1230890 2220.9
1230900 2215.6
1230910 2215.6
1230920 2210.3
1230930 2208.2
1230940 2208.2
1230950 2206.4
1230960 2205.2
1230970 2201.8
1230980 2201.8
1230990 2198.4
1231000 2201.0
1231010 2201.0
1231020 2198.2
1231030 2194.9
1231040 2194.9
1231050 2190.4
1231060 2184.8
1231070 2184.8
1231080 2179.5
1231090 2176.4
1231100 2176.4
1231110 2173.1
1231120 2168.9
1231130 2168.9
1231140 2163.0
1231150 2154.5
1231160 2154.5
1231170 2146.8
1231180 2139.8
1231190 2139.8
1231200 2134.4
1231210 2129.9
1231220 2125.2
1231230 2125.2
1231240 2120.5
1231250 2113.6
1231260 2113.6
1231270 2103.2
1231280 2091.0
1231290 2091.0
1231300 2075.2
1231310 2065.2
1231320 2065.2
1231330 2058.3
1231340 2052.9
1231350 2052.9
1231360 2047.5
1231370 2042.6
1231380 2042.6
1231390 2037.8
1231400 2033.1
1231410 2033.1
1231420 2031.0
1231430 2029.5
1231440 2028.5
1231450 2028.5
1231460 2029.0
1231470 2028.7
1231480 2028.7
1231490 2029.8
1231500 2032.3
1231510 2032.3
1231520 2033.7
1231530 2035.7
1231540 2035.7
1231550 2037.5
1231560 2040.5
1231570 2040.5
1231580 2044.9
1231590 2048.8
1231600 2048.8
1231610 2052.9
1231620 2057.3
1231630 2057.3
1231640 2062.2
1231650 2067.2
1231660 2067.2
1231670 2073.2
1231680 2080.7
1231690 2089.6
1231700 2089.6
1231710 2097.4
1231720 2103.0
1231730 2103.0
1231740 2113.9
1231750 2128.2
1231760 2128.2
1231770 2134.9
1231780 2139.8
1231790 2139.8
1231800 2146.0
1231810 2152.8
1231820 2152.8
1231830 2160.0
1231840 2167.5
1231850 2167.5
1231860 2174.0
1231870 2180.0
1231880 2180.0
1231890 2186.0
1231900 2192.1
1231910 2192.1
1231920 2198.0
1231930 2203.0
1231940 2208.6
1231950 2208.6
1231960 2215.2
1231970 2222.3
1231980 2222.3
1231990 2229.2
1232000 2236.6
1232010 2236.6
1232020 2243.7
1232030 2250.8
1232040 2250.8
1232050 2257.9
1232060 2264.9
1232070 2264.9
1232080 2271.9
1232090 2279.1
1232100 2279.1
1232110 2286.4
1232120 2293.9
1232130 2293.9
1232140 2301.3
1232150 2308.8
1232160 2308.8
1232170 2316.1
1232180 2323.3
1232190 2330.6
1232200 2330.6
1232210 2338.7
1232220 2349.5
1232230 2349.5
1232240 2364.2
1232250 2379.2
1232260 2379.2
1232270 2400.3
1232280 2416.8
1232290 2416.8
1232300 2426.4
1232310 2440.1
1232320 2440.1
1232330 2456.5
1232340 2474.4
1232350 2474.4
1232360 2494.6
1232370 2505.0
1232380 2505.0
1232390 2513.8
1232400 2522.0
1232410 2522.0
1232420 2529.7
1232430 2539.1
1232440 2549.4
1232450 2549.4
1232460 2558.4
1232470 2566.2
1232480 2566.2
1232490 2574.4
1232500 2583.4
1232510 2583.4
1232520 2591.5
1232530 2602.1
1232540 2602.1
1232550 2610.3
1232560 2615.0
1232570 2615.0
1232580 2613.6
1232590 2619.0
1232600 2619.0
1232610 2623.7
1232620 2625.3
1232630 2625.3
1232640 2626.1
1232650 2632.7
1232660 2632.7
1232670 2643.7
1232680 2652.4
1232690 2662.9
1232700 2662.9
1232710 2668.9
1232720 2670.1
1232730 2670.1
1232740 2669.8
1232750 2668.5
1232760 2668.5
1232770 2672.7
1232780 2670.8
1232790 2670.8
1232800 2669.2
1232810 2665.9
1232820 2665.9
1232830 2661.2
1232840 2664.2
1232850 2664.2
1232860 2666.4
1232870 2664.1
1232880 2664.1
1232890 2664.8
1232900 2674.3
1232910 2684.7
1232920 2684.7
1232930 2690.8
1232940 2692.1
1232950 2692.1
1232960 2684.3
1232970 2667.8
1232980 2667.8
1232990 2644.3
1233000 2628.8
1233010 2626.2
1233020 2612.3
1233030 2610.7
1233040 2610.7
1233050 2604.7
1233060 2593.1
1233070 2593.1
1233080 2581.3
1233090 2570.9
1233100 2570.9
1233110 2556.0
1233120 2538.3
1233130 2538.3
1233140 2520.7
1233150 2508.6
1233160 2497.2
1233170 2497.2
1233180 2485.6
1233190 2469.9
1233200 2469.9
1233210 2456.1
1233220 2446.5
1233230 2446.5
1233240 2436.9
1233250 2430.7
1233260 2430.7
1233270 2432.1
1233280 2438.3
1233290 2438.3
1233300 2435.0
1233310 2427.4
1233320 2427.4
1233330 2419.6
1233340 2413.2
1233350 2413.2
1233360 2407.8
1233370 2399.6
1233380 2399.6
1233390 2386.9
1233400 2373.8
1233410 2362.1
1233420 2362.1
1233430 2359.8
1233440 2356.7
1233450 2356.7
1233460 2345.5
1233470 2335.8
1233480 2335.8
1233490 2328.7
1233500 2318.1
1233510 2318.1
1233520 2314.4
1233530 2302.8
1233540 2302.8
1233550 2293.3
1233560 2280.2
1233570 2280.2
1233580 2272.5
1233590 2267.3
1233600 2267.3
1233610 2261.7
1233620 2255.8
1233630 2255.8
1233640 2250.7
1233650 2244.9
1233660 2239.7
1233670 2239.7
1233680 2234.7
1233690 2229.9
1233700 2229.9
1233710 2225.3
1233720 2221.2
1233730 2221.2
1233740 2216.4
1233750 2211.2
1233760 2211.2
1233770 2205.9
1233780 2200.4
1233790 2200.4
1233800 2194.3
1233810 2187.5
1233820 2187.5
1233830 2180.3
1233840 2173.7
1233850 2173.7
1233860 2169.3
1233870 2170.5
1233880 2170.5
1233890 2174.5
1233900 2174.2
1233910 2168.6
1233920 2168.6
1233930 2158.8
1233940 2142.5
1233950 2142.5
1233960 2133.9
1233970 2140.2
1233980 2140.2
1233990 2148.3
1234000 2143.8
1234010 2143.8
1234020 2144.6
1234030 2134.7
1234040 2134.7
1234050 2125.8
1234060 2112.8
1234070 2112.8
1234080 2104.8
1234090 2094.4
1234100 2094.4
1234110 2084.5
1234120 2068.6
1234130 2064.8
1234140 2064.8
1234150 2061.2
1234160 2056.3
1234170 2056.3
1234180 2053.6
1234190 2049.1
1234200 2049.1
1234210 2042.6
1234220 2035.3
1234230 2035.3
1234240 2028.1
1234250 2022.5
1234260 2022.5
1234270 2018.2
1234280 2013.3
1234290 2013.3
1234300 2007.4
1234310 2000.8
1234320 2000.8
1234330 1993.6
1234340 1986.6
1234350 1986.6
1234360 1979.6
1234370 1972.9
1234380 1968.0
1234390 1968.0
1234400 1964.5
1234410 1960.9
1234420 1960.9
1234430 1959.7
1234440 1956.4
1234450 1956.4
1234460 1950.2
1234470 1944.8
1234480 1944.8
1234490 1940.0
1234500 1932.7
1234510 1932.7
1234520 1925.1
1234530 1924.8
1234540 1924.8
1234550 1919.9
1234560 1915.6
1234570 1915.6
1234580 1911.1
1234590 1905.6
1234600 1905.6
1234610 1899.9
1234620 1894.6
1234630 1889.0
1234640 1889.0
1234650 1881.0
1234660 1870.2
1234670 1870.2
1234680 1859.7
1234690 1848.4
1234700 1848.4
1234710 1837.1
1234720 1825.1
1234730 1825.1
1234740 1815.3
1234750 1805.5
1234760 1805.5
1234770 1796.5
1234780 1791.6
1234790 1791.6
1234800 1789.1
1234810 1785.5
1234820 1785.5
1234830 1781.6
1234840 1777.7
1234850 1777.7
1234860 1774.0
1234870 1770.1
1234880 1766.9
1234890 1766.9
1234900 1763.2
1234910 1759.3
1234920 1759.3
1234930 1755.3
1234940 1751.4
1234950 1751.4
1234960 1748.0
1234970 1744.5
1234980 1744.5
1234990 1740.6
1235000 1736.8
1235010 1736.8
1235020 1733.5
1235030 1729.8
1235040 1727.7
1235050 1723.1
1235060 1718.8
1235070 1718.8
1235080 1716.1
1235090 1714.5
1235100 1714.5
1235110 1711.5
1235120 1708.6
1235130 1706.3
1235140 1706.3
1235150 1704.2
1235160 1701.6
1235170 1701.6
1235180 1698.5
1235190 1696.1
1235200 1696.1
1235210 1693.7
1235220 1691.0
1235230 1691.0
1235240 1688.2
1235250 1684.9
1235260 1684.9
1235270 1682.6
1235280 1681.2
1235290 1681.2
1235300 1679.3
1235310 1677.2
1235320 1677.2
1235330 1675.5
1235340 1673.7
1235350 1673.7
1235360 1672.6
1235370 1671.7
1235380 1670.5
1235390 1670.5
1235400 1669.6
1235410 1668.9
1235420 1668.9
1235430 1667.7
1235440 1665.9
1235450 1665.9
1235460 1666.1
1235470 1667.9
1235480 1667.9
1235490 1668.7
1235500 1669.5
1235510 1669.5
1235520 1670.2
1235530 1670.6
1235540 1670.6
1235550 1672.0
1235560 1673.4
1235570 1673.4
1235580 1675.3
1235590 1677.2
1235600 1678.7
1235610 1678.7
1235620 1680.3
1235630 1681.8
1235640 1681.8
1235650 1683.6
1235660 1685.4
1235670 1685.4
1235680 1687.6
1235690 1689.9
1235700 1689.9
1235710 1692.4
1235720 1695.3
1235730 1695.3
1235740 1698.2
1235750 1701.2
1235760 1701.2
1235770 1704.1
1235780 1707.0
1235790 1707.0
1235800 1709.6
1235810 1713.7
1235820 1713.7
1235830 1721.2
1235840 1729.0
1235850 1736.6
1235860 1736.6
1235870 1743.9
1235880 1750.6
1235890 1750.6
1235900 1757.5
1235910 1764.0
1235920 1764.0
1235930 1770.9
1235940 1778.0
1235950 1778.0
1235960 1785.1
1235970 1791.2
1235980 1791.2
1235990 1797.0
1236000 1802.3
1236010 1802.3
1236020 1807.6
1236030 1809.7
1236040 1809.7
1236050 1807.8
1236060 1813.5
1236070 1813.5
1236080 1811.3
1236090 1810.9
1236100 1812.3
1236110 1812.3
1236120 1812.8
1236130 1814.3
1236140 1814.3
1236150 1820.9
1236160 1826.6
1236170 1826.6
1236180 1831.5
1236190 1836.1
1236200 1836.1
1236210 1839.9
1236220 1844.5
1236230 1844.5
1236240 1849.4
1236250 1854.3
1236260 1854.3
1236270 1858.7
1236280 1863.2
1236290 1863.2
1236300 1868.1
1236310 1872.2
1236320 1872.2
1236330 1876.4
1236340 1880.7
1236350 1885.0
1236360 1885.0
1236370 1889.6
1236380 1894.2
1236390 1894.2
1236400 1899.3
1236410 1903.4
1236420 1903.4
1236430 1907.8
1236440 1912.2
1236450 1912.2
1236460 1917.4
1236470 1922.3
1236480 1922.3
1236490 1926.9
1236500 1931.1
1236510 1931.1
1236520 1935.5
1236530 1940.3
1236540 1940.3
1236550 1944.9
1236560 1949.3
1236570 1949.7
1236580 1954.7
1236590 1959.9
1236600 1964.5
1236610 1964.5
1236620 1968.7
1236630 1973.4
1236640 1973.4
1236650 1978.6
1236660 1984.0
1236670 1984.0
1236680 1989.1
1236690 1994.2
1236700 1994.2
1236710 1999.6
1236720 2005.2
1236730 2005.2
1236740 2010.4
1236750 2015.3
1236760 2015.3
1236770 2020.6
1236780 2025.9
1236790 2025.9
1236800 2031.1
1236810 2036.5
1236820 2042.1
1236830 2042.1
1236840 2047.5
1236850 2052.8
1236860 2052.8
1236870 2058.1
1236880 2063.3
1236890 2063.3
1236900 2068.6
1236910 2074.1
1236920 2074.1
1236930 2079.7
1236940 2085.1
1236950 2085.1
1236960 2090.9
1236970 2097.1
1236980 2097.1
1236990 2103.3
1237000 2109.6
1237010 2109.6
1237020 2115.8
1237030 2121.5
1237040 2121.5
1237050 2126.9
1237060 2132.5
1237070 2139.6
1237080 2139.6
1237090 2145.1
1237100 2151.7
1237110 2151.7
1237120 2158.2
1237130 2164.4
1237140 2164.4
1237150 2170.9
1237160 2177.7
1237170 2177.7
1237180 2184.4
1237190 2190.6
1237200 2190.6
1237210 2199.7
1237220 2212.7
1237230 2212.7
1237240 2223.4
1237250 2234.2
1237260 2234.2
1237270 2244.4
1237280 2253.0
1237290 2253.0
1237300 2262.9
1237310 2270.9
1237320 2277.8
1237330 2277.8
1237340 2286.0
1237350 2291.8
1237360 2291.8
1237370 2297.4
1237380 2304.4
1237390 2304.4
1237400 2312.9
1237410 2320.3
1237420 2320.3
1237430 2327.2
1237440 2334.6
1237450 2334.6
1237460 2342.0
1237470 2349.0
1237480 2349.0
1237490 2356.3
1237500 2364.2
1237510 2364.2
1237520 2371.8
1237530 2379.9
1237540 2379.9
1237550 2388.9
1237560 2398.3
1237570 2408.4
1237580 2408.4
1237590 2420.3
1237600 2424.1
1237610 2424.1
1237620 2432.1
1237630 2440.2
1237640 2440.2
1237650 2448.1
1237660 2455.7
1237670 2455.7
1237680 2461.8
1237690 2464.5
1237700 2464.5
1237710 2465.2
1237720 2463.1
1237730 2463.1
1237740 2457.2
1237750 2453.9
1237760 2453.9
1237770 2450.7
1237780 2446.5
1237790 2446.5
1237800 2441.5
1237810 2437.9
1237820 2435.7
1237830 2435.7
1237840 2430.8
1237850 2424.2
1237860 2424.2
1237870 2423.0
1237880 2423.1
1237890 2423.1
1237900 2425.8
1237910 2429.4
1237920 2429.4
1237930 2433.9
1237940 2438.0
1237950 2438.0
1237960 2439.7
1237970 2442.1
1237980 2442.1
1237990 2449.3
1238000 2460.6
1238010 2460.6
1238020 2467.5
1238030 2462.1
1238040 2453.6
1238050 2453.6
1238060 2446.6
1238070 2441.9
1238080 2441.9
1238090 2437.3
1238100 2434.3
1238110 2434.3
1238120 2443.4
1238130 2443.8
1238140 2443.8
1238150 2442.8
1238160 2440.4
1238170 2440.4
1238180 2435.2
1238190 2428.8
1238200 2428.8
1238210 2422.3
1238220 2416.6
1238230 2416.6
1238240 2412.1
1238250 2413.0
1238260 2413.0
1238270 2414.2
1238280 2411.2
1238290 2408.8
1238300 2408.8
1238310 2408.2
1238320 2408.3
1238330 2408.3
1238340 2408.3
1238350 2407.8
1238360 2407.8
1238370 2405.2
1238380 2401.4
1238390 2401.4
1238400 2399.6
1238410 2398.0
1238420 2398.0
1238430 2394.1
1238440 2390.9
1238450 2390.9
1238460 2388.3
1238470 2385.6
1238480 2385.6
1238490 2382.8
1238500 2381.3
1238510 2381.3
1238520 2377.0
1238530 2370.0
1238540 2364.3
1238550 2364.3
1238560 2360.3
1238570 2357.2
1238580 2357.2
1238590 2354.1
1238600 2351.1
1238610 2351.1
1238620 2348.6
1238630 2349.7
1238640 2349.7
1238650 2343.7
1238660 2337.8
1238670 2337.8
1238680 2332.7
1238690 2326.9
1238700 2326.9
1238710 2320.3
1238720 2313.2
1238730 2313.2
1238740 2305.9
1238750 2297.5
1238760 2297.5
1238770 2289.4
1238780 2282.4
1238790 2275.4
1238800 2275.4
1238810 2267.5
1238820 2260.8
1238830 2260.8
1238840 2253.1
1238850 2247.6
1238860 2247.6
1238870 2244.5
1238880 2240.4
1238890 2240.4
1238900 2236.9
1238910 2233.1
1238920 2233.1
1238930 2225.9
1238940 2217.9
1238950 2217.9
1238960 2210.3
1238970 2203.0
1238980 2203.0
1238990 2196.5
1239000 2191.2
1239010 2191.2
1239020 2186.8
1239030 2182.4
1239040 2176.9
1239050 2176.9
1239060 2171.7
1239070 2167.7
1239080 2167.7
1239090 2163.7
1239100 2159.2
1239110 2159.2
1239120 2155.1
1239130 2150.5
1239140 2150.5
1239150 2139.6
1239160 2137.5
1239170 2137.5
1239180 2134.9
1239190 2130.8
1239200 2130.8
1239210 2124.8
1239220 2118.4
1239230 2118.4
1239240 2112.2
1239250 2105.9
1239260 2099.6
1239270 2099.6
1239280 2094.8
1239290 2090.9
1239300 2090.9
1239310 2087.5
1239320 2082.7
1239330 2082.7
1239340 2076.7
1239350 2071.5
1239360 2071.5
1239370 2068.0
1239380 2065.7
1239390 2065.7
1239400 2063.5
1239410 2060.2
1239420 2060.2
1239430 2057.6
1239440 2058.2
1239450 2058.2
1239460 2059.3
1239470 2060.6
1239480 2060.6
1239490 2062.6
1239500 2064.2
1239510 2064.7
1239520 2064.7
1239530 2065.1
1239540 2065.8
1239550 2065.8
1239560 2066.4
1239570 2066.4
1239580 2066.4
1239590 2065.7
1239600 2064.7
1239610 2064.7
1239620 2063.3
1239630 2061.9
1239640 2061.9
1239650 2056.5
1239660 2045.1
1239670 2044.0
1239680 2031.1
1239690 2017.8
1239700 2017.8
1239710 2005.8
1239720 1995.9
1239730 1995.9
1239740 1987.6
1239750 1980.3
1239760 1973.2
1239770 1973.2
1239780 1966.2
1239790 1959.5
1239800 1959.5
1239810 1953.3
1239820 1947.9
1239830 1947.9
1239840 1943.1
1239850 1937.2
1239860 1937.2
1239870 1925.1
1239880 1912.8
1239890 1912.8
1239900 1903.2
1239910 1895.3
1239920 1895.3
1239930 1888.3
1239940 1879.6
1239950 1879.6
1239960 1870.6
1239970 1862.5
1239980 1862.5
1239990 1854.7
