1220000 2764.2
1220010 2785.7
1220020 2796.7
1220030 2796.7
1220040 2803.4
1220050 2807.2
1220060 2828.0
1220070 2828.0
1220080 2862.3
1220090 2867.5
1220100 2867.5
1220110 2860.4
1220120 2875.7
1220130 2875.7
1220140 2900.8
1220150 2922.2
1220160 2922.2
1220170 2933.8
1220180 2926.7
1220190 2926.7
1220200 2913.6
1220210 2907.4
1220220 2907.4
1220230 2900.8
1220240 2892.2
1220250 2892.2
1220260 2884.1
1220270 2883.1
1220280 2882.7
1220290 2882.7
1220300 2877.1
1220310 2870.5
1220320 2870.5
1220330 2865.7
1220340 2860.0
1220350 2860.0
1220360 2853.4
1220370 2848.7
1220380 2848.7
1220390 2847.7
1220400 2843.5
1220410 2843.5
1220420 2841.1
1220430 2837.7
1220440 2837.7
1220450 2835.3
1220460 2834.0
1220470 2834.0
1220480 2832.1
1220490 2833.7
1220500 2833.7
1220510 2833.1
1220520 2830.2
1220530 2831.3
1220540 2831.3
1220550 2830.5
1220560 2828.5
1220570 2828.5
1220580 2828.5
1220590 2830.1
1220600 2830.1
1220610 2836.0
1220620 2833.0
1220630 2833.0
1220640 2835.1
1220650 2837.2
1220660 2837.2
1220670 2833.9
1220680 2817.2
1220690 2817.2
1220700 2817.3
1220710 2818.5
1220720 2818.5
1220730 2817.8
1220740 2815.2
1220750 2815.2
1220760 2815.5
1220770 2813.3
1220780 2813.6
1220790 2813.6
1220800 2812.5
1220810 2817.0
1220820 2817.0
1220830 2820.8
1220840 2815.9
1220850 2815.9
1220860 2813.3
1220870 2804.7
1220880 2804.7
1220890 2793.6
1220900 2779.3
1220910 2779.3
1220920 2765.7
1220930 2752.8
1220940 2752.8
1220950 2743.9
1220960 2733.6
1220970 2733.6
1220980 2721.3
1220990 2706.2
1221000 2706.2
1221010 2691.6
1221020 2689.9
1221030 2691.6
1221040 2691.6
1221050 2689.3
1221060 2685.2
1221070 2685.2
1221080 2681.6
1221090 2679.5
1221100 2679.5
1221110 2675.6
1221120 2668.6
1221130 2668.6
1221140 2663.0
1221150 2657.0
1221160 2651.0
1221170 2646.9
1221180 2645.5
1221190 2645.5
1221200 2647.0
1221210 2647.7
1221220 2647.7
1221230 2647.1
1221240 2646.2
1221250 2646.2
1221260 2645.4
1221270 2644.9
1221280 2643.9
1221290 2643.9
1221300 2641.9
1221310 2638.8
1221320 2638.8
1221330 2634.9
1221340 2631.1
1221350 2631.1
1221360 2627.8
1221370 2624.7
1221380 2624.7
1221390 2621.2
1221400 2617.8
1221410 2617.8
1221420 2615.7
1221430 2616.0
1221440 2616.0
1221450 2617.1
1221460 2618.0
1221470 2618.0
1221480 2617.4
1221490 2615.9
1221500 2615.2
1221510 2615.2
1221520 2614.4
1221530 2612.9
1221540 2612.9
1221550 2610.9
1221560 2607.7
1221570 2607.7
1221580 2605.5
1221590 2605.3
1221600 2605.3
1221610 2605.2
1221620 2605.7
1221630 2605.7
1221640 2599.3
1221650 2598.2
1221660 2598.2
1221670 2597.9
1221680 2597.2
1221690 2597.2
1221700 2599.4
1221710 2602.6
1221720 2602.6
1221730 2599.6
1221740 2596.3
1221750 2599.4
1221760 2599.4
1221770 2608.6
1221780 2615.5
1221790 2615.5
1221800 2627.0
1221810 2638.6
1221820 2638.6
1221830 2645.3
1221840 2649.1
1221850 2649.1
1221860 2650.4
1221870 2647.7
1221880 2647.7
1221890 2642.6
1221900 2642.3
1221910 2642.3
1221920 2648.5
1221930 2651.4
1221940 2651.4
1221950 2647.6
1221960 2642.7
1221970 2642.7
1221980 2639.3
1221990 2635.4
1222000 2632.4
1222010 2632.4
1222020 2627.6
1222030 2625.1
1222040 2625.1
1222050 2622.1
1222060 2619.2
1222070 2619.2
1222080 2616.2
1222090 2605.2
1222100 2605.2
1222110 2592.3
1222120 2580.0
1222130 2590.2
1222140 2583.2
1222150 2570.0
1222160 2570.0
1222170 2556.9
1222180 2546.5
1222190 2546.5
1222200 2537.2
1222210 2528.1
1222220 2528.1
1222230 2518.7
1222240 2510.2
1222250 2503.4
1222260 2503.4
1222270 2496.6
1222280 2489.2
1222290 2489.2
1222300 2482.0
1222310 2475.7
1222320 2475.7
1222330 2469.5
1222340 2463.3
1222350 2463.3
1222360 2457.0
1222370 2450.5
1222380 2450.5
1222390 2444.4
1222400 2439.2
1222410 2439.2
1222420 2434.6
1222430 2430.1
1222440 2430.1
1222450 2426.7
1222460 2424.6
1222470 2424.6
1222480 2419.5
1222490 2411.6
1222500 2405.1
1222510 2405.1
1222520 2401.5
1222530 2401.3
1222540 2401.3
1222550 2402.1
1222560 2401.6
1222570 2401.6
1222580 2401.3
1222590 2400.9
1222600 2400.9
1222610 2406.0
1222620 2395.4
1222630 2395.4
1222640 2379.3
1222650 2367.3
1222660 2367.3
1222670 2359.4
1222680 2353.6
1222690 2353.6
1222700 2349.0
1222710 2347.6
1222720 2346.5
1222730 2346.5
1222740 2345.3
1222750 2343.2
1222760 2343.2
1222770 2342.4
1222780 2340.4
1222790 2340.4
1222800 2335.1
1222810 2330.6
1222820 2330.6
1222830 2322.1
1222840 2309.5
1222850 2309.5
1222860 2301.2
1222870 2292.9
1222880 2292.9
1222890 2286.3
1222900 2282.1
1222910 2282.1
1222920 2280.2
1222930 2282.9
1222940 2282.9
1222950 2286.7
1222960 2283.4
1222970 2275.6
1222980 2275.6
1222990 2263.2
1223000 2251.3
1223010 2251.3
1223020 2243.2
1223030 2238.0
1223040 2238.0
1223050 2234.7
1223060 2232.4
1223070 2232.4
1223080 2229.3
1223090 2225.5
1223100 2230.1
1223110 2225.7
1223120 2220.7
1223130 2220.7
1223140 2217.9
1223150 2216.3
1223160 2216.3
1223170 2213.0
1223180 2208.7
1223190 2208.7
1223200 2205.2
1223210 2202.4
1223220 2200.8
1223230 2200.8
1223240 2200.2
1223250 2198.8
1223260 2198.8
1223270 2196.3
1223280 2193.7
1223290 2193.7
1223300 2193.7
1223310 2194.3
1223320 2194.3
1223330 2195.9
1223340 2199.2
1223350 2199.2
1223360 2202.7
1223370 2205.4
1223380 2205.4
1223390 2206.1
1223400 2206.6
1223410 2206.6
1223420 2205.4
1223430 2203.9
1223440 2203.9
1223450 2202.9
1223460 2201.2
1223470 2202.8
1223480 2202.8
1223490 2205.4
1223500 2207.8
1223510 2207.8
1223520 2210.6
1223530 2215.3
1223540 2215.3
1223550 2221.1
1223560 2225.8
1223570 2225.8
1223580 2228.1
1223590 2231.3
1223600 2231.3
1223610 2234.1
1223620 2236.2
1223630 2236.2
1223640 2239.0
1223650 2243.1
1223660 2243.1
1223670 2246.9
1223680 2252.1
1223690 2257.9
1223700 2257.9
1223710 2264.2
1223720 2270.5
1223730 2270.5
1223740 2275.5
1223750 2279.9
1223760 2279.9
1223770 2284.1
1223780 2287.0
1223790 2287.0
1223800 2291.6
1223810 2297.8
1223820 2297.8
1223830 2304.9
1223840 2310.5
1223850 2310.5
1223860 2313.4
1223870 2317.1
1223880 2317.1
1223890 2322.0
1223900 2326.7
1223910 2326.7
1223920 2330.4
1223930 2334.2
1223940 2337.8
1223950 2337.8
1223960 2341.1
1223970 2343.8
1223980 2343.8
1223990 2346.2
1224000 2348.3
1224010 2348.3
1224020 2350.0
1224030 2351.7
1224040 2351.7
1224050 2352.8
1224060 2353.0
1224070 2352.3
1224080 2352.4
1224090 2352.6
1224100 2352.6
1224110 2353.0
1224120 2353.7
1224130 2353.7
1224140 2354.7
1224150 2356.2
1224160 2356.2
1224170 2358.3
1224180 2360.5
1224190 2363.1
1224200 2363.1
1224210 2368.2
1224220 2373.3
1224230 2373.3
1224240 2378.4
1224250 2384.6
1224260 2384.6
1224270 2391.0
1224280 2397.9
1224290 2397.9
1224300 2404.4
1224310 2410.0
1224320 2410.0
1224330 2415.0
1224340 2420.4
1224350 2420.4
1224360 2425.0
1224370 2429.5
1224380 2429.5
1224390 2435.0
1224400 2441.7
1224410 2441.7
1224420 2448.4
1224430 2454.3
1224440 2460.6
1224450 2460.6
1224460 2466.5
1224470 2471.7
1224480 2471.7
1224490 2475.8
1224500 2478.4
1224510 2478.4
1224520 2480.1
1224530 2482.4
1224540 2482.4
1224550 2485.4
1224560 2484.7
1224570 2484.7
1224580 2487.0
1224590 2488.9
1224600 2488.9
1224610 2491.0
1224620 2493.5
1224630 2493.5
1224640 2496.4
1224650 2499.9
1224660 2499.9
1224670 2503.7
1224680 2507.2
1224690 2511.1
1224700 2511.1
1224710 2515.8
1224720 2520.5
1224730 2520.5
1224740 2525.2
1224750 2530.2
1224760 2530.2
1224770 2534.8
1224780 2538.9
1224790 2538.9
1224800 2544.3
1224810 2552.1
1224820 2552.1
1224830 2560.9
1224840 2569.4
1224850 2569.4
1224860 2574.9
1224870 2577.3
1224880 2577.3
1224890 2577.7
1224900 2580.1
1224910 2580.2
1224920 2580.2
1224930 2578.9
1224940 2577.3
1224950 2577.3
1224960 2576.7
1224970 2577.5
1224980 2577.5
1224990 2579.9
1225000 2584.5
1225010 2584.5
1225020 2588.1
1225030 2591.9
1225040 2591.9
1225050 2593.3
1225060 2597.5
1225070 2597.5
1225080 2602.8
1225090 2607.5
1225100 2607.5
1225110 2611.4
1225120 2616.5
1225130 2616.5
1225140 2621.9
1225150 2626.2
1225160 2630.2
1225170 2630.2
1225180 2633.0
1225190 2635.9
1225200 2635.9
1225210 2637.7
1225220 2640.4
1225230 2640.4
1225240 2645.4
1225250 2649.3
1225260 2649.3
1225270 2652.3
1225280 2654.7
1225290 2654.7
1225300 2657.6
1225310 2661.1
1225320 2661.1
1225330 2665.7
1225340 2671.2
1225350 2671.2
1225360 2677.1
1225370 2682.4
1225380 2682.4
1225390 2687.7
1225400 2693.5
1225410 2698.3
1225420 2698.3
1225430 2702.8
1225440 2708.1
1225450 2708.1
1225460 2714.2
1225470 2720.0
1225480 2720.0
1225490 2725.9
1225500 2731.5
1225510 2731.5
1225520 2737.2
1225530 2742.9
1225540 2748.0
1225550 2753.4
1225560 2758.4
1225570 2758.4
1225580 2762.6
1225590 2768.1
1225600 2768.1
1225610 2774.0
1225620 2782.8
1225630 2782.8
1225640 2794.3
1225650 2795.6
1225660 2796.9
1225670 2796.9
1225680 2802.1
1225690 2809.4
1225700 2809.4
1225710 2816.4
1225720 2824.1
1225730 2824.1
1225740 2834.8
1225750 2847.2
1225760 2847.2
1225770 2859.8
1225780 2879.2
1225790 2879.2
1225800 2891.6
1225810 2903.6
1225820 2903.6
1225830 2916.0
1225840 2908.9
1225850 2908.9
1225860 2889.0
1225870 2870.0
1225880 2870.0
1225890 2860.8
1225900 2854.3
1225910 2849.4
1225920 2849.4
1225930 2846.6
1225940 2843.6
1225950 2843.6
1225960 2840.4
1225970 2837.6
1225980 2837.6
1225990 2836.2
1226000 2835.1
1226010 2835.1
1226020 2834.7
1226030 2827.5
1226040 2827.5
1226050 2826.9
1226060 2828.8
1226070 2828.8
1226080 2827.7
1226090 2827.3
1226100 2827.3
1226110 2823.8
1226120 2818.4
1226130 2813.7
1226140 2813.7
1226150 2809.9
1226160 2804.9
1226170 2804.9
1226180 2800.3
1226190 2790.7
1226200 2790.7
1226210 2783.3
1226220 2780.0
1226230 2780.0
1226240 2777.5
1226250 2774.2
1226260 2774.2
1226270 2771.0
1226280 2768.0
1226290 2768.0
1226300 2764.6
1226310 2762.1
1226320 2762.1
1226330 2759.6
1226340 2758.6
1226350 2758.6
1226360 2756.6
1226370 2754.7
1226380 2755.1
1226390 2755.1
1226400 2753.8
1226410 2750.9
1226420 2750.9
1226430 2749.1
1226440 2746.6
1226450 2746.6
1226460 2745.1
1226470 2744.6
1226480 2744.6
1226490 2744.9
1226500 2744.4
1226510 2744.4
1226520 2741.5
1226530 2739.7
1226540 2739.7
1226550 2734.9
1226560 2730.0
1226570 2730.0
1226580 2727.9
1226590 2726.4
1226600 2726.4
1226610 2724.7
1226620 2722.3
1226630 2717.4
1226640 2717.4
1226650 2712.3
1226660 2704.9
1226670 2704.9
1226680 2696.2
1226690 2684.2
1226700 2684.2
1226710 2672.5
1226720 2662.8
1226730 2662.8
1226740 2654.5
1226750 2647.8
1226760 2647.8
1226770 2642.6
1226780 2638.5
1226790 2638.5
1226800 2635.5
1226810 2632.9
1226820 2632.9
1226830 2628.7
1226840 2623.7
1226850 2623.7
1226860 2621.0
1226870 2613.5
1226880 2604.9
1226890 2604.9
1226900 2598.5
1226910 2591.1
1226920 2591.1
1226930 2584.8
1226940 2573.7
1226950 2573.7
1226960 2563.1
1226970 2552.4
1226980 2552.4
1226990 2544.2
1227000 2537.8
1227010 2537.5
1227020 2530.8
1227030 2526.1
1227040 2526.1
1227050 2524.0
1227060 2522.3
1227070 2522.3
1227080 2516.2
1227090 2507.6
1227100 2507.6
1227110 2497.8
1227120 2489.6
1227130 2483.4
1227140 2483.4
1227150 2479.2
1227160 2475.5
1227170 2475.5
1227180 2471.9
1227190 2468.4
1227200 2468.4
1227210 2464.6
1227220 2461.2
1227230 2461.2
1227240 2458.0
1227250 2454.4
1227260 2454.4
1227270 2451.3
1227280 2449.2
1227290 2449.2
1227300 2446.9
1227310 2444.1
1227320 2444.1
1227330 2440.3
1227340 2436.1
1227350 2431.6
1227360 2431.6
1227370 2427.2
1227380 2423.7
1227390 2423.7
1227400 2420.4
1227410 2417.6
1227420 2417.6
1227430 2415.3
1227440 2413.1
1227450 2413.1
1227460 2411.5
1227470 2411.3
1227480 2411.3
1227490 2412.4
1227500 2414.0
1227510 2418.4
1227520 2420.4
1227530 2421.3
1227540 2421.3
1227550 2422.8
1227560 2424.0
1227570 2424.0
1227580 2425.2
1227590 2425.7
1227600 2426.4
1227610 2426.4
1227620 2427.5
1227630 2429.3
1227640 2429.3
1227650 2431.2
1227660 2433.9
1227670 2433.9
1227680 2435.9
1227690 2437.7
1227700 2437.7
1227710 2441.5
1227720 2444.1
1227730 2444.1
1227740 2444.9
1227750 2445.9
1227760 2445.9
1227770 2447.1
1227780 2448.3
1227790 2448.3
1227800 2449.6
1227810 2450.6
1227820 2450.6
1227830 2451.9
1227840 2453.8
1227850 2455.8
1227860 2455.8
1227870 2457.4
1227880 2458.9
1227890 2458.9
1227900 2460.2
1227910 2461.1
1227920 2461.1
1227930 2462.1
1227940 2464.0
1227950 2464.0
1227960 2467.0
1227970 2469.2
1227980 2469.2
1227990 2470.0
1228000 2475.6
1228010 2475.6
1228020 2477.5
1228030 2479.4
1228040 2479.4
1228050 2481.1
1228060 2483.1
1228070 2483.1
1228080 2484.9
1228090 2486.2
1228100 2487.2
1228110 2487.2
1228120 2487.9
1228130 2488.9
1228140 2488.9
1228150 2489.3
1228160 2487.9
1228170 2487.9
1228180 2486.4
1228190 2485.9
1228200 2485.9
1228210 2487.0
1228220 2488.3
1228230 2488.3
1228240 2490.6
1228250 2496.2
1228260 2496.2
1228270 2502.1
1228280 2504.2
1228290 2504.2
1228300 2507.9
1228310 2510.2
1228320 2511.5
1228330 2511.5
1228340 2513.4
1228350 2513.0
1228360 2513.0
1228370 2511.9
1228380 2510.4
1228390 2510.4
1228400 2508.2
1228410 2506.7
1228420 2506.7
1228430 2506.7
1228440 2508.5
1228450 2508.5
1228460 2510.3
1228470 2511.8
1228480 2511.8
1228490 2514.5
1228500 2520.8
1228510 2520.8
1228520 2525.5
1228530 2530.1
1228540 2530.1
1228550 2533.4
1228560 2535.9
1228570 2539.0
1228580 2539.0
1228590 2543.9
1228600 2547.2
1228610 2547.2
1228620 2549.3
1228630 2550.9
1228640 2550.9
1228650 2551.5
1228660 2551.9
1228670 2551.9
1228680 2552.4
1228690 2554.0
1228700 2554.0
1228710 2556.8
1228720 2559.8
1228730 2559.8
1228740 2561.7
1228750 2561.4
1228760 2561.4
1228770 2562.4
1228780 2565.1
1228790 2565.1
1228800 2568.3
1228810 2572.4
1228820 2577.0
1228830 2577.0
1228840 2581.6
1228850 2586.1
1228860 2586.1
1228870 2590.8
1228880 2595.7
1228890 2595.7
1228900 2600.2
1228910 2604.8
1228920 2604.8
1228930 2609.8
1228940 2615.1
1228950 2615.1
1228960 2621.0
1228970 2627.0
1228980 2627.0
1228990 2634.3
1229000 2640.3
1229010 2640.3
1229020 2646.9
1229030 2655.5
1229040 2655.5
1229050 2667.9
1229060 2680.5
1229070 2691.2
1229080 2691.2
1229090 2697.1
1229100 2706.5
1229110 2706.5
1229120 2718.3
1229130 2732.1
1229140 2732.1
1229150 2741.6
1229160 2750.8
1229170 2750.8
1229180 2766.5
1229190 2781.7
1229200 2781.7
1229210 2794.5
1229220 2806.2
1229230 2806.2
1229240 2815.5
1229250 2823.8
1229260 2823.8
1229270 2831.2
1229280 2838.6
1229290 2838.6
1229300 2846.2
1229310 2852.6
1229320 2858.3
1229330 2858.3
1229340 2866.9
1229350 2873.4
1229360 2873.4
1229370 2866.7
1229380 2857.1
1229390 2857.1
1229400 2848.5
1229410 2841.3
1229420 2841.3
1229430 2835.4
1229440 2829.9
1229450 2829.9
1229460 2824.8
1229470 2820.1
1229480 2820.1
1229490 2810.2
1229500 2806.8
1229510 2806.8
1229520 2803.4
1229530 2799.4
1229540 2796.0
1229550 2796.0
1229560 2795.6
1229570 2796.0
1229580 2796.0
1229590 2795.9
1229600 2795.3
1229610 2795.3
1229620 2795.0
1229630 2790.2
1229640 2790.2
1229650 2778.2
1229660 2768.3
1229670 2768.3
1229680 2757.6
1229690 2743.6
1229700 2743.6
1229710 2730.2
1229720 2721.6
1229730 2721.6
1229740 2715.2
1229750 2709.3
1229760 2709.3
1229770 2704.0
1229780 2699.0
1229790 2696.5
1229800 2696.5
1229810 2696.6
1229820 2693.2
1229830 2693.2
1229840 2686.5
1229850 2679.0
1229860 2679.0
1229870 2672.4
1229880 2665.0
1229890 2665.0
1229900 2656.8
1229910 2648.9
1229920 2648.9
1229930 2641.3
1229940 2633.6
1229950 2633.6
1229960 2614.6
1229970 2588.6
1229980 2588.6
1229990 2571.2
1230000 2562.1
1230010 2562.1
1230020 2554.8
1230030 2550.2
1230040 2546.7
1230050 2546.7
1230060 2544.1
1230070 2541.1
1230080 2541.1
1230090 2537.3
1230100 2533.6
1230110 2533.6
1230120 2528.9
1230130 2523.8
1230140 2523.8
1230150 2518.6
1230160 2513.4
1230170 2513.4
1230180 2508.1
1230190 2503.3
1230200 2503.3
1230210 2498.9
1230220 2494.8
1230230 2494.8
1230240 2491.0
1230250 2486.9
1230260 2486.9
1230270 2482.7
1230280 2478.5
1230290 2474.3
1230300 2474.3
1230310 2470.2
1230320 2465.9
1230330 2465.9
1230340 2461.6
1230350 2457.6
1230360 2457.6
1230370 2453.9
1230380 2450.8
1230390 2450.8
1230400 2447.9
1230410 2444.8
1230420 2444.8
1230430 2441.2
1230440 2437.2
1230450 2437.2
1230460 2433.0
1230470 2427.1
1230480 2427.1
1230490 2429.3
1230500 2426.1
1230510 2421.1
1230520 2421.1
1230530 2415.7
1230540 2411.0
1230550 2411.0
1230560 2406.7
1230570 2403.0
1230580 2403.0
1230590 2395.2
1230600 2382.3
1230610 2382.3
1230620 2374.3
1230630 2366.7
1230640 2366.7
1230650 2360.4
1230660 2353.7
1230670 2353.7
1230680 2346.4
1230690 2338.9
1230700 2338.9
1230710 2331.1
1230720 2323.3
1230730 2323.3
1230740 2315.7
1230750 2308.3
1230760 2301.7
1230770 2301.7
1230780 2294.6
1230790 2284.8
1230800 2284.8
1230810 2279.1
1230820 2272.9
1230830 2272.9
1230840 2267.0
1230850 2261.2
1230860 2261.2
1230870 2255.5
1230880 2249.9
1230890 2249.9
1230900 2244.3
1230910 2238.8
1230920 2238.8
1230930 2233.4
1230940 2228.3
1230950 2228.3
1230960 2223.2
1230970 2218.2
1230980 2218.2
1230990 2214.7
1231000 2209.8
1231010 2205.1
1231020 2205.1
1231030 2200.6
1231040 2196.3
1231050 2196.3
1231060 2192.1
1231070 2188.4
1231080 2188.4
1231090 2185.2
1231100 2182.2
1231110 2182.2
1231120 2179.4
1231130 2177.2
1231140 2177.2
1231150 2175.5
1231160 2172.9
1231170 2172.9
1231180 2169.7
1231190 2166.8
1231200 2166.8
1231210 2163.9
1231220 2161.4
1231230 2161.4
1231240 2159.0
1231250 2156.6
1231260 2154.1
1231270 2154.1
1231280 2152.7
1231290 2153.5
1231300 2153.5
1231310 2154.5
1231320 2155.9
1231330 2155.9
1231340 2157.5
1231350 2159.5
1231360 2159.5
1231370 2161.8
1231380 2164.5
1231390 2164.5
1231400 2166.9
1231410 2170.0
1231420 2170.0
1231430 2173.4
1231440 2177.3
1231450 2177.3
1231460 2182.4
1231470 2188.4
1231480 2188.4
1231490 2191.8
1231500 2196.1
1231510 2200.8
1231520 2200.8
1231530 2206.6
1231540 2212.7
1231550 2212.7
1231560 2221.7
1231570 2233.3
1231580 2233.3
1231590 2241.5
1231600 2246.7
1231610 2246.7
1231620 2252.3
1231630 2258.1
1231640 2258.1
1231650 2263.0
1231660 2268.8
1231670 2268.8
1231680 2275.6
1231690 2281.8
1231700 2281.8
1231710 2286.9
1231720 2291.1
1231730 2295.5
1231740 2295.5
1231750 2298.5
1231760 2299.4
1231770 2299.4
1231780 2299.4
1231790 2298.2
1231800 2298.2
1231810 2295.7
1231820 2291.2
1231830 2291.2
1231840 2287.8
1231850 2281.1
1231860 2281.1
1231870 2278.6
1231880 2279.7
1231890 2279.7
1231900 2283.1
1231910 2284.4
1231920 2284.4
1231930 2290.9
1231940 2301.1
1231950 2301.1
1231960 2307.2
1231970 2312.5
1231980 2317.9
1231990 2317.9
1232000 2328.1
1232010 2333.4
1232020 2333.4
1232030 2339.3
1232040 2346.1
1232050 2346.1
1232060 2353.4
1232070 2359.2
1232080 2359.2
1232090 2365.7
1232100 2373.6
1232110 2373.6
1232120 2383.4
1232130 2394.4
1232140 2394.4
1232150 2402.9
1232160 2411.3
1232170 2411.3
1232180 2418.7
1232190 2424.9
1232200 2424.9
1232210 2430.5
1232220 2435.5
1232230 2439.4
1232240 2439.4
1232250 2444.1
1232260 2447.9
1232270 2447.9
1232280 2452.3
1232290 2456.0
1232300 2456.0
1232310 2460.8
1232320 2462.0
1232330 2462.0
1232340 2464.6
1232350 2469.2
1232360 2469.2
1232370 2474.2
1232380 2481.2
1232390 2481.2
1232400 2483.6
1232410 2488.7
1232420 2488.7
1232430 2496.8
1232440 2506.5
1232450 2506.5
1232460 2507.6
1232470 2512.8
1232480 2523.1
1232490 2523.1
1232500 2526.4
1232510 2527.1
1232520 2527.1
1232530 2533.0
1232540 2540.6
1232550 2540.6
1232560 2548.8
1232570 2551.3
1232580 2551.3
1232590 2552.2
1232600 2556.8
1232610 2556.8
1232620 2559.5
1232630 2560.7
1232640 2560.7
1232650 2563.9
1232660 2572.1
1232670 2572.1
1232680 2578.8
1232690 2583.8
1232700 2583.8
1232710 2587.0
1232720 2592.0
1232730 2599.4
1232740 2599.4
1232750 2608.1
1232760 2617.4
1232770 2617.4
1232780 2626.1
1232790 2631.8
1232800 2631.8
1232810 2637.4
1232820 2645.9
1232830 2645.9
1232840 2656.3
1232850 2664.6
1232860 2664.6
1232870 2673.8
1232880 2684.8
1232890 2684.8
1232900 2697.9
1232910 2708.0
1232920 2708.0
1232930 2719.1
1232940 2729.3
1232950 2739.4
1232960 2739.4
1232970 2748.3
1232980 2757.3
1232990 2757.3
1233000 2761.4
1233010 2758.2
1233020 2758.2
1233030 2758.6
1233040 2757.4
1233050 2757.4
1233060 2756.9
1233070 2754.4
1233080 2754.4
1233090 2751.6
1233100 2748.1
1233110 2748.1
1233120 2747.4
1233130 2747.8
1233140 2747.8
1233150 2750.6
1233160 2752.7
1233170 2752.7
1233180 2755.0
1233190 2760.8
1233200 2763.2
1233210 2763.2
1233220 2760.6
1233230 2758.3
1233240 2758.3
1233250 2757.0
1233260 2756.2
1233270 2756.2
1233280 2754.9
1233290 2753.3
1233300 2753.3
1233310 2754.4
1233320 2755.9
1233330 2755.9
1233340 2757.7
1233350 2760.3
1233360 2760.3
1233370 2762.0
1233380 2766.7
1233390 2766.7
1233400 2769.4
1233410 2760.5
1233420 2760.5
1233430 2751.3
1233440 2743.6
1233450 2737.6
1233460 2737.6
1233470 2731.3
1233480 2724.9
1233490 2724.9
1233500 2717.9
1233510 2711.9
1233520 2711.9
1233530 2703.0
1233540 2690.7
1233550 2690.7
1233560 2673.3
1233570 2657.2
1233580 2657.2
1233590 2646.6
1233600 2637.2
1233610 2637.2
1233620 2626.6
1233630 2615.0
1233640 2615.0
1233650 2603.8
1233660 2593.5
1233670 2593.5
1233680 2583.0
1233690 2574.0
1233700 2568.1
1233710 2568.1
1233720 2562.5
1233730 2558.6
1233740 2558.6
1233750 2556.9
1233760 2551.9
1233770 2551.9
1233780 2549.7
1233790 2542.9
1233800 2542.9
1233810 2526.0
1233820 2509.1
1233830 2509.1
1233840 2492.7
1233850 2475.3
1233860 2475.3
1233870 2462.5
1233880 2453.8
1233890 2453.8
1233900 2441.4
1233910 2430.9
1233920 2419.1
1233930 2419.1
1233940 2404.6
1233950 2396.1
1233960 2396.1
1233970 2386.1
1233980 2378.2
1233990 2378.2
1234000 2369.0
1234010 2356.6
1234020 2365.4
1234030 2355.4
1234040 2344.8
1234050 2344.8
1234060 2332.1
1234070 2319.9
1234080 2319.9
1234090 2310.7
1234100 2301.3
1234110 2301.3
1234120 2293.4
1234130 2284.7
1234140 2284.7
1234150 2277.1
1234160 2269.5
1234170 2260.4
1234180 2260.4
1234190 2252.4
1234200 2244.6
1234210 2244.6
1234220 2236.6
1234230 2229.6
1234240 2229.6
1234250 2222.4
1234260 2214.0
1234270 2214.0
1234280 2206.0
1234290 2199.8
1234300 2199.8
1234310 2194.8
1234320 2190.9
1234330 2190.9
1234340 2187.7
1234350 2184.9
1234360 2184.9
1234370 2185.9
1234380 2185.9
1234390 2185.9
1234400 2175.4
1234410 2154.6
1234420 2145.0
1234430 2145.0
1234440 2138.8
1234450 2133.3
1234460 2133.3
1234470 2129.2
1234480 2123.7
1234490 2123.7
1234500 2112.7
1234510 2102.9
1234520 2102.9
1234530 2102.6
1234540 2096.4
1234550 2096.4
1234560 2085.1
1234570 2074.7
1234580 2074.7
1234590 2065.7
1234600 2057.5
1234610 2057.5
1234620 2049.0
1234630 2038.7
1234640 2038.7
1234650 2025.2
1234660 2012.3
1234670 2002.5
1234680 2002.5
1234690 1988.9
1234700 1971.2
1234710 1971.2
1234720 1957.4
1234730 1948.9
1234740 1948.9
1234750 1934.3
1234760 1916.8
1234770 1916.8
1234780 1895.9
1234790 1872.5
1234800 1872.5
1234810 1857.4
1234820 1838.0
1234830 1838.0
1234840 1816.2
1234850 1802.9
1234860 1802.9
1234870 1796.5
1234880 1789.9
1234890 1784.0
1234900 1784.0
1234910 1778.3
1234920 1771.9
1234930 1771.9
1234940 1765.6
1234950 1758.5
1234960 1758.5
1234970 1751.3
1234980 1744.5
1234990 1744.5
1235000 1737.9
1235010 1731.5
1235020 1731.5
1235030 1725.5
1235040 1721.6
1235050 1721.6
1235060 1716.5
1235070 1712.0
1235080 1712.0
1235090 1708.9
1235100 1706.4
1235110 1706.4
1235120 1703.6
1235130 1700.7
1235140 1698.0
1235150 1698.0
1235160 1695.8
1235170 1695.1
1235180 1695.1
1235190 1695.8
1235200 1696.4
1235210 1696.4
1235220 1696.7
1235230 1697.4
1235240 1697.4
1235250 1697.9
1235260 1698.6
1235270 1698.6
1235280 1699.5
1235290 1700.0
1235300 1700.0
1235310 1700.4
1235320 1701.1
1235330 1701.1
1235340 1702.1
1235350 1702.9
1235360 1702.9
1235370 1703.5
1235380 1704.3
1235390 1705.6
1235400 1705.6
1235410 1707.4
1235420 1709.1
1235430 1709.1
1235440 1711.1
1235450 1713.2
1235460 1713.2
1235470 1714.9
1235480 1717.5
1235490 1717.5
1235500 1720.0
1235510 1722.3
1235520 1722.3
1235530 1725.0
1235540 1727.0
1235550 1728.0
1235560 1730.2
1235570 1732.6
1235580 1732.6
1235590 1734.8
1235600 1737.1
1235610 1737.1
1235620 1739.1
1235630 1740.8
1235640 1743.1
1235650 1743.1
1235660 1745.8
1235670 1748.8
1235680 1748.8
1235690 1752.2
1235700 1755.6
1235710 1755.6
1235720 1758.8
1235730 1762.3
1235740 1762.3
1235750 1765.2
1235760 1767.5
1235770 1767.5
1235780 1770.4
1235790 1773.0
1235800 1773.0
1235810 1775.7
1235820 1778.2
1235830 1778.2
1235840 1780.9
1235850 1783.6
1235860 1783.6
1235870 1787.0
1235880 1790.6
1235890 1793.7
1235900 1793.7
1235910 1795.9
1235920 1797.4
1235930 1797.4
1235940 1800.2
1235950 1803.8
1235960 1803.8
1235970 1806.4
1235980 1809.6
1235990 1809.6
1236000 1812.3
1236010 1815.2
1236020 1815.2
1236030 1818.4
1236040 1822.4
1236050 1822.4
1236060 1827.8
1236070 1835.5
1236080 1835.5
1236090 1843.4
1236100 1851.1
1236110 1858.9
1236120 1858.9
1236130 1867.9
1236140 1881.0
1236150 1881.0
1236160 1889.5
1236170 1891.9
1236180 1891.9
1236190 1894.1
1236200 1899.5
1236210 1899.5
1236220 1907.6
1236230 1914.9
1236240 1914.9
1236250 1923.4
1236260 1933.7
1236270 1933.7
1236280 1945.1
1236290 1956.4
1236300 1956.4
1236310 1966.5
1236320 1975.3
1236330 1975.3
1236340 1982.3
1236350 1989.0
1236360 1995.7
1236370 1995.7
1236380 2001.2
1236390 2004.2
1236400 2004.2
1236410 2007.5
1236420 2012.9
1236430 2012.9
1236440 2021.6
1236450 2029.1
1236460 2029.1
1236470 2029.4
1236480 2031.7
1236490 2031.7
1236500 2040.2
1236510 2048.6
1236520 2048.6
1236530 2052.7
1236540 2055.7
1236550 2055.7
1236560 2058.2
1236570 2054.6
1236580 2054.6
1236590 2064.2
1236600 2076.6
1236610 2086.1
1236620 2086.1
1236630 2096.3
1236640 2106.6
1236650 2106.6
1236660 2114.6
1236670 2121.4
1236680 2121.4
1236690 2131.3
1236700 2143.0
1236710 2143.0
1236720 2150.4
1236730 2144.4
1236740 2144.4
1236750 2144.4
1236760 2146.5
1236770 2146.5
1236780 2151.7
1236790 2158.1
1236800 2158.1
1236810 2166.5
1236820 2172.3
1236830 2172.3
1236840 2175.7
1236850 2178.4
1236860 2180.2
1236870 2180.2
1236880 2184.9
1236890 2192.6
1236900 2192.6
1236910 2199.9
1236920 2207.2
1236930 2207.2
1236940 2215.5
1236950 2223.6
1236960 2223.6
1236970 2232.9
1236980 2241.9
1236990 2241.9
1237000 2250.6
1237010 2255.5
1237020 2255.5
1237030 2258.0
1237040 2261.0
1237050 2261.0
1237060 2265.1
1237070 2268.9
1237080 2266.8
1237090 2266.8
1237100 2271.6
1237110 2276.1
1237120 2276.1
1237130 2283.1
1237140 2291.3
1237150 2291.3
1237160 2299.8
1237170 2308.7
1237180 2308.7
1237190 2317.8
1237200 2326.0
1237210 2326.0
1237220 2334.4
1237230 2342.7
1237240 2342.7
1237250 2350.4
1237260 2358.0
1237270 2358.0
1237280 2365.1
1237290 2372.3
1237300 2372.3
1237310 2380.0
1237320 2391.8
1237330 2402.3
1237340 2402.3
1237350 2409.1
1237360 2413.9
1237370 2413.9
1237380 2416.2
1237390 2420.9
1237400 2420.9
1237410 2427.3
1237420 2433.6
1237430 2433.6
1237440 2437.4
1237450 2441.5
1237460 2441.5
1237470 2448.6
1237480 2458.0
1237490 2458.0
1237500 2469.9
1237510 2481.9
1237520 2481.9
1237530 2493.8
1237540 2504.3
1237550 2504.3
1237560 2513.0
1237570 2521.8
1237580 2528.1
1237590 2528.1
1237600 2527.1
1237610 2536.0
1237620 2536.0
1237630 2546.2
1237640 2554.5
1237650 2554.5
1237660 2563.1
1237670 2577.0
1237680 2577.0
1237690 2588.0
1237700 2597.7
1237710 2597.7
1237720 2607.1
1237730 2616.3
1237740 2616.3
1237750 2620.4
1237760 2616.2
1237770 2616.2
1237780 2613.0
1237790 2611.3
1237800 2611.3
1237810 2609.0
1237820 2604.8
1237830 2600.8
1237840 2600.8
1237850 2598.0
1237860 2595.8
1237870 2595.8
1237880 2594.8
1237890 2594.1
1237900 2594.1
1237910 2592.5
1237920 2589.4
1237930 2589.4
1237940 2586.5
1237950 2582.3
1237960 2582.3
1237970 2578.1
1237980 2576.7
1237990 2576.7
1238000 2577.2
1238010 2581.0
1238020 2581.0
1238030 2587.0
1238040 2591.9
1238050 2591.9
1238060 2596.6
1238070 2599.0
1238080 2600.5
1238090 2600.5
1238100 2601.5
1238110 2595.9
1238120 2595.9
1238130 2592.9
1238140 2586.3
1238150 2586.3
1238160 2579.1
1238170 2574.6
1238180 2574.6
1238190 2569.3
1238200 2562.7
1238210 2562.7
1238220 2556.8
1238230 2549.7
1238240 2549.7
1238250 2540.5
1238260 2531.9
1238270 2531.9
1238280 2524.2
1238290 2518.3
1238300 2512.1
1238310 2512.1
1238320 2502.6
1238330 2493.2
1238340 2493.2
1238350 2484.2
1238360 2474.3
1238370 2474.3
1238380 2465.3
1238390 2456.2
1238400 2456.2
1238410 2448.6
1238420 2441.2
1238430 2441.2
1238440 2431.8
1238450 2425.7
1238460 2425.7
1238470 2418.4
1238480 2409.4
1238490 2409.4
1238500 2399.9
1238510 2390.3
1238520 2390.3
1238530 2381.3
1238540 2372.4
1238550 2363.8
1238560 2363.8
1238570 2353.8
1238580 2348.0
1238590 2348.0
1238600 2342.5
1238610 2334.3
1238620 2334.3
1238630 2332.5
1238640 2325.1
1238650 2325.1
1238660 2316.2
1238670 2309.4
1238680 2309.4
1238690 2304.1
1238700 2298.6
1238710 2298.6
1238720 2292.4
1238730 2284.4
1238740 2284.4
1238750 2276.3
1238760 2269.5
1238770 2269.5
1238780 2264.6
1238790 2261.3
1238800 2258.5
1238810 2258.5
1238820 2249.9
1238830 2234.9
1238840 2234.9
1238850 2224.7
1238860 2213.6
1238870 2213.6
1238880 2203.9
1238890 2191.4
1238900 2191.4
1238910 2184.0
1238920 2176.8
1238930 2176.8
1238940 2172.8
1238950 2169.0
1238960 2169.0
1238970 2162.6
1238980 2161.5
1238990 2161.5
1239000 2159.1
1239010 2151.5
1239020 2151.5
1239030 2140.3
1239040 2128.1
1239050 2116.3
1239060 2116.3
1239070 2105.6
1239080 2094.6
1239090 2094.6
1239100 2085.7
1239110 2076.1
1239120 2076.1
1239130 2066.2
1239140 2062.2
1239150 2062.2
1239160 2054.9
1239170 2046.7
1239180 2046.7
1239190 2034.8
1239200 2025.0
1239210 2025.0
1239220 2017.6
1239230 2008.9
1239240 2008.9
1239250 2001.1
1239260 1995.5
1239270 1992.2
1239280 1992.2
1239290 1985.0
1239300 1974.5
1239310 1974.5
1239320 1964.1
1239330 1954.6
1239340 1954.6
1239350 1945.8
1239360 1936.9
1239370 1936.9
1239380 1928.0
1239390 1919.8
1239400 1919.8
1239410 1912.6
1239420 1904.8
1239430 1904.8
1239440 1900.3
1239450 1894.6
1239460 1894.6
1239470 1885.8
1239480 1876.3
1239490 1876.3
1239500 1866.3
1239510 1858.0
1239520 1850.7
1239530 1850.7
1239540 1842.1
1239550 1831.6
1239560 1831.6
1239570 1820.9
1239580 1811.0
1239590 1811.0
1239600 1798.6
1239610 1785.0
1239620 1785.0
1239630 1777.7
1239640 1771.2
1239650 1771.2
1239660 1768.2
1239670 1760.5
1239680 1760.5
1239690 1749.2
1239700 1738.0
1239710 1738.0
1239720 1728.8
1239730 1722.5
1239740 1722.5
1239750 1717.9
1239760 1712.5
1239770 1707.7
1239780 1707.7
1239790 1705.5
1239800 1704.8
1239810 1704.8
1239820 1703.8
1239830 1701.5
1239840 1701.5
1239850 1696.7
1239860 1690.5
1239870 1690.5
1239880 1684.9
1239890 1679.7
1239900 1679.7
1239910 1675.3
1239920 1669.4
1239930 1669.4
1239940 1662.5
1239950 1656.1
1239960 1656.1
1239970 1651.1
1239980 1647.4
1239990 1647.4
