1220000 2529.1
1220010 2524.8
1220020 2521.5
1220030 2521.5
1220040 2517.7
1220050 2514.6
1220060 2514.6
1220070 2511.5
1220080 2507.5
1220090 2503.3
1220100 2503.3
1220110 2499.2
1220120 2495.2
1220130 2495.3
1220140 2491.0
1220150 2489.1
1220160 2489.1
1220170 2486.5
1220180 2484.7
1220190 2484.7
1220200 2483.3
1220210 2481.3
1220220 2481.3
1220230 2478.3
1220240 2474.8
1220250 2474.8
1220260 2472.0
1220270 2469.7
1220280 2469.7
1220290 2467.3
1220300 2464.5
1220310 2464.5
1220320 2461.9
1220330 2459.3
1220340 2457.2
1220350 2457.2
1220360 2456.5
1220370 2458.2
1220380 2458.2
1220390 2458.9
1220400 2458.8
1220410 2458.8
1220420 2460.0
1220430 2460.8
1220440 2460.8
1220450 2461.0
1220460 2460.4
1220470 2460.4
1220480 2460.0
1220490 2458.4
1220500 2458.4
1220510 2455.9
1220520 2454.0
1220530 2454.0
1220540 2452.1
1220550 2450.7
1220560 2450.7
1220570 2452.1
1220580 2453.2
1220590 2451.3
1220600 2451.3
1220610 2454.6
1220620 2453.2
1220630 2453.2
1220640 2450.7
1220650 2447.2
1220660 2447.2
1220670 2444.6
1220680 2443.2
1220690 2443.2
1220700 2442.8
1220710 2443.1
1220720 2443.1
1220730 2443.6
1220740 2443.2
1220750 2443.2
1220760 2441.4
1220770 2439.1
1220780 2439.1
1220790 2438.1
1220800 2437.6
1220810 2437.6
1220820 2436.3
1220830 2435.1
1220840 2433.3
1220850 2433.3
1220860 2430.7
1220870 2427.8
1220880 2427.8
1220890 2424.9
1220900 2422.0
1220910 2422.0
1220920 2418.2
1220930 2415.4
1220940 2415.4
1220950 2416.2
1220960 2417.6
1220970 2417.6
1220980 2419.8
1220990 2421.7
1221000 2421.7
1221010 2421.9
1221020 2418.9
1221030 2418.9
1221040 2415.3
1221050 2412.1
1221060 2408.9
1221070 2408.9
1221080 2405.0
1221090 2394.7
1221100 2394.7
1221110 2388.2
1221120 2383.2
1221130 2383.2
1221140 2376.7
1221150 2367.8
1221160 2367.8
1221170 2360.6
1221180 2355.1
1221190 2355.1
1221200 2351.1
1221210 2349.1
1221220 2349.1
1221230 2348.1
1221240 2345.6
1221250 2345.6
1221260 2343.1
1221270 2340.6
1221280 2340.6
1221290 2338.4
1221300 2337.4
1221310 2336.8
1221320 2336.8
1221330 2335.5
1221340 2331.7
1221350 2331.7
1221360 2328.5
1221370 2325.5
1221380 2325.5
1221390 2323.1
1221400 2320.6
1221410 2320.6
1221420 2317.8
1221430 2315.1
1221440 2315.1
1221450 2312.7
1221460 2310.6
1221470 2310.6
1221480 2308.8
1221490 2306.9
1221500 2306.9
1221510 2305.2
1221520 2303.1
1221530 2303.1
1221540 2300.0
1221550 2296.2
1221560 2290.3
1221570 2289.7
1221580 2284.4
1221590 2280.6
1221600 2280.6
1221610 2275.0
1221620 2270.3
1221630 2270.3
1221640 2267.4
1221650 2265.4
1221660 2265.4
1221670 2261.2
1221680 2258.0
1221690 2258.0
1221700 2254.5
1221710 2248.6
1221720 2248.6
1221730 2242.2
1221740 2236.0
1221750 2236.0
1221760 2230.6
1221770 2225.8
1221780 2225.8
1221790 2221.6
1221800 2217.4
1221810 2213.8
1221820 2213.8
1221830 2210.7
1221840 2208.3
1221850 2208.3
1221860 2206.1
1221870 2205.3
1221880 2205.3
1221890 2204.7
1221900 2203.7
1221910 2203.7
1221920 2203.4
1221930 2202.9
1221940 2202.9
1221950 2202.4
1221960 2201.6
1221970 2201.6
1221980 2200.8
1221990 2200.0
1222000 2200.0
1222010 2199.2
1222020 2198.1
1222030 2198.1
1222040 2197.3
1222050 2197.8
1222060 2197.5
1222070 2197.5
1222080 2196.7
1222090 2196.5
1222100 2196.5
1222110 2195.5
1222120 2195.2
1222130 2195.2
1222140 2195.7
1222150 2197.4
1222160 2197.4
1222170 2198.3
1222180 2198.3
1222190 2198.3
1222200 2198.3
1222210 2198.0
1222220 2198.0
1222230 2197.9
1222240 2197.6
1222250 2197.6
1222260 2198.3
1222270 2200.5
1222280 2200.5
1222290 2202.6
1222300 2205.2
1222310 2207.9
1222320 2207.9
1222330 2210.9
1222340 2213.5
1222350 2213.5
1222360 2215.8
1222370 2218.4
1222380 2218.4
1222390 2220.3
1222400 2221.7
1222410 2221.7
1222420 2223.8
1222430 2226.1
1222440 2226.1
1222450 2228.3
1222460 2230.8
1222470 2230.8
1222480 2233.8
1222490 2237.3
1222500 2237.3
1222510 2240.9
1222520 2243.8
1222530 2243.8
1222540 2251.9
1222550 2256.3
1222560 2261.7
1222570 2261.7
1222580 2274.7
1222590 2285.3
1222600 2285.3
1222610 2289.0
1222620 2295.2
1222630 2295.2
1222640 2301.4
1222650 2308.0
1222660 2308.0
1222670 2313.3
1222680 2317.5
1222690 2317.5
1222700 2322.0
1222710 2327.0
1222720 2327.0
1222730 2331.8
1222740 2335.8
1222750 2335.8
1222760 2347.8
1222770 2375.2
1222780 2375.2
1222790 2387.9
1222800 2400.0
1222810 2417.1
1222820 2417.1
1222830 2431.7
1222840 2438.8
1222850 2438.8
1222860 2445.9
1222870 2450.3
1222880 2450.3
1222890 2446.7
1222900 2437.4
1222910 2437.4
1222920 2426.9
1222930 2427.1
1222940 2427.1
1222950 2431.9
1222960 2427.5
1222970 2427.5
1222980 2422.8
1222990 2418.9
1223000 2418.9
1223010 2412.5
1223020 2405.2
1223030 2396.9
1223040 2391.4
1223050 2387.2
1223060 2378.2
1223070 2378.2
1223080 2368.8
1223090 2361.1
1223100 2361.1
1223110 2354.5
1223120 2348.0
1223130 2348.0
1223140 2343.2
1223150 2337.4
1223160 2337.4
1223170 2331.8
1223180 2326.5
1223190 2326.5
1223200 2316.0
1223210 2308.5
1223220 2308.5
1223230 2306.3
1223240 2302.1
1223250 2302.1
1223260 2297.9
1223270 2294.2
1223280 2289.8
1223290 2289.8
1223300 2284.7
1223310 2279.8
1223320 2279.8
1223330 2275.1
1223340 2270.5
1223350 2270.5
1223360 2266.1
1223370 2262.0
1223380 2262.0
1223390 2258.3
1223400 2254.8
1223410 2254.8
1223420 2248.7
1223430 2240.4
1223440 2240.4
1223450 2232.0
1223460 2224.5
1223470 2224.5
1223480 2218.4
1223490 2212.4
1223500 2212.4
1223510 2203.6
1223520 2197.5
1223530 2191.2
1223540 2191.2
1223550 2184.8
1223560 2178.8
1223570 2178.8
1223580 2173.2
1223590 2167.7
1223600 2167.7
1223610 2161.8
1223620 2155.7
1223630 2155.7
1223640 2150.0
1223650 2144.0
1223660 2144.0
1223670 2138.2
1223680 2132.7
1223690 2132.7
1223700 2127.7
1223710 2122.6
1223720 2122.6
1223730 2118.3
1223740 2114.6
1223750 2114.6
1223760 2111.0
1223770 2108.5
1223780 2105.4
1223790 2105.4
1223800 2101.2
1223810 2098.2
1223820 2098.2
1223830 2094.9
1223840 2091.0
1223850 2091.0
1223860 2087.4
1223870 2084.1
1223880 2084.1
1223890 2080.7
1223900 2076.9
1223910 2076.9
1223920 2072.8
1223930 2069.4
1223940 2069.4
1223950 2066.3
1223960 2063.0
1223970 2063.0
1223980 2059.5
1223990 2056.2
1224000 2053.1
1224010 2050.9
1224020 2048.5
1224030 2046.2
1224040 2046.2
1224050 2044.0
1224060 2042.5
1224070 2042.5
1224080 2042.8
1224090 2044.2
1224100 2044.2
1224110 2045.6
1224120 2047.4
1224130 2047.4
1224140 2045.2
1224150 2043.4
1224160 2043.4
1224170 2043.2
1224180 2043.2
1224190 2043.2
1224200 2042.9
1224210 2042.2
1224220 2042.2
1224230 2041.7
1224240 2042.0
1224250 2042.0
1224260 2041.5
1224270 2042.9
1224280 2044.9
1224290 2044.9
1224300 2046.9
1224310 2048.9
1224320 2048.9
1224330 2051.3
1224340 2053.3
1224350 2053.3
1224360 2055.9
1224370 2058.8
1224380 2058.8
1224390 2062.1
1224400 2066.1
1224410 2066.1
1224420 2069.7
1224430 2073.6
1224440 2073.6
1224450 2077.4
1224460 2080.4
1224470 2080.4
1224480 2082.8
1224490 2089.8
1224500 2089.8
1224510 2092.0
1224520 2094.9
1224530 2098.4
1224540 2098.4
1224550 2100.0
1224560 2103.2
1224570 2103.2
1224580 2106.4
1224590 2108.1
1224600 2108.1
1224610 2113.9
1224620 2120.2
1224630 2120.2
1224640 2125.4
1224650 2129.5
1224660 2129.5
1224670 2132.6
1224680 2137.9
1224690 2137.9
1224700 2147.5
1224710 2157.8
1224720 2157.8
1224730 2167.1
1224740 2174.1
1224750 2174.1
1224760 2178.7
1224770 2182.2
1224780 2187.0
1224790 2187.0
1224800 2191.9
1224810 2195.9
1224820 2195.9
1224830 2203.6
1224840 2210.8
1224850 2210.8
1224860 2215.3
1224870 2221.2
1224880 2221.2
1224890 2224.6
1224900 2227.6
1224910 2227.6
1224920 2230.5
1224930 2228.3
1224940 2228.3
1224950 2220.4
1224960 2216.0
1224970 2216.0
1224980 2227.9
1224990 2228.5
1225000 2228.5
1225010 2225.9
1225020 2226.1
1225030 2230.1
1225040 2230.1
1225050 2235.0
1225060 2239.3
1225070 2239.3
1225080 2247.0
1225090 2251.2
1225100 2251.2
1225110 2248.8
1225120 2246.4
1225130 2246.4
1225140 2250.9
1225150 2253.4
1225160 2253.4
1225170 2255.2
1225180 2261.1
1225190 2261.1
1225200 2267.7
1225210 2274.2
1225220 2274.2
1225230 2281.2
1225240 2289.4
1225250 2298.5
1225260 2298.5
1225270 2308.9
1225280 2313.6
1225290 2313.6
1225300 2316.3
1225310 2321.3
1225320 2321.3
1225330 2326.4
1225340 2331.7
1225350 2331.7
1225360 2336.4
1225370 2338.6
1225380 2338.6
1225390 2340.2
1225400 2342.6
1225410 2342.6
1225420 2346.3
1225430 2353.8
1225440 2353.8
1225450 2360.9
1225460 2366.9
1225470 2366.0
1225480 2372.2
1225490 2378.7
1225500 2384.6
1225510 2384.6
1225520 2391.6
1225530 2401.9
1225540 2401.9
1225550 2410.0
1225560 2416.3
1225570 2416.3
1225580 2422.7
1225590 2429.6
1225600 2429.6
1225610 2436.8
1225620 2444.2
1225630 2444.2
1225640 2451.3
1225650 2458.5
1225660 2458.5
1225670 2466.5
1225680 2474.3
1225690 2474.3
1225700 2481.8
1225710 2489.0
1225720 2489.0
1225730 2496.7
1225740 2503.3
1225750 2509.4
1225760 2509.4
1225770 2516.0
1225780 2522.6
1225790 2522.6
1225800 2529.8
1225810 2537.2
1225820 2537.2
1225830 2545.2
1225840 2554.2
1225850 2554.2
1225860 2565.1
1225870 2573.1
1225880 2573.1
1225890 2582.7
1225900 2597.7
1225910 2597.7
1225920 2611.4
1225930 2614.1
1225940 2614.1
1225950 2603.6
1225960 2598.3
1225970 2598.3
1225980 2592.1
1225990 2585.5
1226000 2577.7
1226010 2577.7
1226020 2570.1
1226030 2563.9
1226040 2563.9
1226050 2556.8
1226060 2548.8
1226070 2548.8
1226080 2540.6
1226090 2531.4
1226100 2531.4
1226110 2522.3
1226120 2515.6
1226130 2515.6
1226140 2510.3
1226150 2504.7
1226160 2504.7
1226170 2499.1
1226180 2493.3
1226190 2493.3
1226200 2487.6
1226210 2481.7
1226220 2481.7
1226230 2475.7
1226240 2469.8
1226250 2463.9
1226260 2463.9
1226270 2457.8
1226280 2451.4
1226290 2451.4
1226300 2444.3
1226310 2437.1
1226320 2437.1
1226330 2430.2
1226340 2423.6
1226350 2423.6
1226360 2417.3
1226370 2412.5
1226380 2412.5
1226390 2407.8
1226400 2402.2
1226410 2402.2
1226420 2395.7
1226430 2387.7
1226440 2387.7
1226450 2379.7
1226460 2373.3
1226470 2373.3
1226480 2366.9
1226490 2362.9
1226500 2358.9
1226510 2358.9
1226520 2352.2
1226530 2345.3
1226540 2345.3
1226550 2339.0
1226560 2333.0
1226570 2333.0
1226580 2326.5
1226590 2319.9
1226600 2319.9
1226610 2317.2
1226620 2317.2
1226630 2317.2
1226640 2317.2
1226650 2317.2
1226660 2317.2
1226670 2317.2
1226680 2317.2
1226690 2317.2
1226700 2317.2
1226710 2317.2
1226720 2317.2
1226730 2317.2
1226740 2317.2
1226750 2317.2
1226760 2317.2
1226770 2317.2
1226780 2317.2
1226790 2317.2
1226800 2317.2
1226810 2317.2
1226820 2317.2
1226830 2317.2
1226840 2317.2
1226850 2317.2
1226860 2317.2
1226870 2317.2
1226880 2317.2
1226890 2317.2
1226900 2317.2
1226910 2317.2
1226920 2317.2
1226930 2317.2
1226940 2317.2
1226950 2317.2
1226960 2317.2
1226970 2317.2
1226980 2317.2
1226990 2317.2
1227000 2317.2
1227010 2317.2
1227020 2317.2
1227030 2317.2
1227040 2317.2
1227050 2317.2
1227060 2317.2
1227070 2317.2
1227080 2317.2
1227090 2317.2
1227100 2317.2
1227110 2317.2
1227120 2317.2
1227130 2317.2
1227140 2317.2
1227150 2317.2
1227160 2317.2
1227170 2317.2
1227180 2317.2
1227190 2317.2
1227200 2317.2
1227210 2317.2
1227220 2317.2
1227230 2317.2
1227240 2317.2
1227250 2317.2
1227260 2317.2
1227270 2317.2
1227280 2317.2
1227290 2317.2
1227300 2317.2
1227310 2317.2
1227320 2317.2
1227330 2317.2
1227340 2317.2
1227350 2317.2
1227360 2317.2
1227370 2317.2
1227380 2317.2
1227390 2317.2
1227400 2317.2
1227410 2317.2
1227420 2317.2
1227430 2317.2
1227440 2317.2
1227450 2317.2
1227460 2317.2
1227470 2317.2
1227480 2317.2
1227490 2317.2
1227500 2317.2
1227510 2317.2
1227520 2317.2
1227530 2317.2
1227540 2317.2
1227550 2317.2
1227560 2317.2
1227570 2317.2
1227580 2317.2
1227590 2317.2
1227600 2317.2
1227610 2317.2
1227620 2317.2
1227630 2317.2
1227640 2317.2
1227650 2317.2
1227660 2317.2
1227670 2317.2
1227680 2317.2
1227690 2317.2
1227700 2317.2
1227710 2317.2
1227720 2317.2
1227730 2317.2
1227740 2317.2
1227750 2317.2
1227760 2317.2
1227770 2317.2
1227780 2317.2
1227790 2317.2
1227800 2317.2
1227810 2317.2
1227820 2317.2
1227830 2317.2
1227840 2317.2
1227850 2317.2
1227860 2317.2
1227870 2317.2
1227880 2317.2
1227890 2317.2
1227900 2318.5
1227910 2318.5
1227920 2322.2
1227930 2324.1
1227940 2324.1
1227950 2327.0
1227960 2329.8
1227970 2333.6
1227980 2333.6
1227990 2338.3
1228000 2343.5
1228010 2343.5
1228020 2349.3
1228030 2355.2
1228040 2355.2
1228050 2361.4
1228060 2367.8
1228070 2367.8
1228080 2374.3
1228090 2380.7
1228100 2380.7
1228110 2387.4
1228120 2394.0
1228130 2394.0
1228140 2400.6
1228150 2407.0
1228160 2407.0
1228170 2413.6
1228180 2420.8
1228190 2420.8
1228200 2428.6
1228210 2437.4
1228220 2446.5
1228230 2446.5
1228240 2456.6
1228250 2468.2
1228260 2468.2
1228270 2481.1
1228280 2494.3
1228290 2494.3
1228300 2512.0
1228310 2528.4
1228320 2528.4
1228330 2539.0
1228340 2548.0
1228350 2548.0
1228360 2555.3
1228370 2562.1
1228380 2562.1
1228390 2569.7
1228400 2576.7
1228410 2576.7
1228420 2583.5
1228430 2597.6
1228440 2597.6
1228450 2605.4
1228460 2614.1
1228470 2622.8
1228480 2622.8
1228490 2625.8
1228500 2616.7
1228510 2616.7
1228520 2607.0
1228530 2604.7
1228540 2604.7
1228550 2606.9
1228560 2607.7
1228570 2607.7
1228580 2599.2
1228590 2595.5
1228600 2595.5
1228610 2595.6
1228620 2595.4
1228630 2595.4
1228640 2599.6
1228650 2605.5
1228660 2605.5
1228670 2607.9
1228680 2613.9
1228690 2613.9
1228700 2616.9
1228710 2612.0
1228720 2605.9
1228730 2605.9
1228740 2610.6
1228750 2629.8
1228760 2629.8
1228770 2633.7
1228780 2628.1
1228790 2628.1
1228800 2634.4
1228810 2649.5
1228820 2649.5
1228830 2662.0
1228840 2663.6
1228850 2663.6
1228860 2664.7
1228870 2670.6
1228880 2670.6
1228890 2679.2
1228900 2688.3
1228910 2688.3
1228920 2684.8
1228930 2680.3
1228940 2680.3
1228950 2675.4
1228960 2670.1
1228970 2665.0
1228980 2665.0
1228990 2658.2
1229000 2648.4
1229010 2648.4
1229020 2638.3
1229030 2625.2
1229040 2625.2
1229050 2611.7
1229060 2602.3
1229070 2602.3
1229080 2593.1
1229090 2581.9
1229100 2581.9
1229110 2573.4
1229120 2566.5
1229130 2566.5
1229140 2560.5
1229150 2555.3
1229160 2555.3
1229170 2550.7
1229180 2546.8
1229190 2543.2
1229200 2543.2
1229210 2540.1
1229220 2538.2
1229230 2538.2
1229240 2538.2
1229250 2537.0
1229260 2537.0
1229270 2534.7
1229280 2534.2
1229290 2534.2
1229300 2536.1
1229310 2537.3
1229320 2537.3
1229330 2539.4
1229340 2541.3
1229350 2541.3
1229360 2544.4
1229370 2548.6
1229380 2548.6
1229390 2551.5
1229400 2554.4
1229410 2554.4
1229420 2554.6
1229430 2558.5
1229440 2560.6
1229450 2560.6
1229460 2561.4
1229470 2564.5
1229480 2564.5
1229490 2567.9
1229500 2571.4
1229510 2571.4
1229520 2575.5
1229530 2581.8
1229540 2581.8
1229550 2588.1
1229560 2594.6
1229570 2594.6
1229580 2602.4
1229590 2609.7
1229600 2609.7
1229610 2613.6
1229620 2617.8
1229630 2617.8
1229640 2623.7
1229650 2627.8
1229660 2627.8
1229670 2631.0
1229680 2634.7
1229690 2637.1
1229700 2637.1
1229710 2639.5
1229720 2640.9
1229730 2640.9
1229740 2643.4
1229750 2646.5
1229760 2646.5
1229770 2647.4
1229780 2647.0
1229790 2647.0
1229800 2646.4
1229810 2646.2
1229820 2646.2
1229830 2649.2
1229840 2651.2
1229850 2651.2
1229860 2654.6
1229870 2657.8
1229880 2657.8
1229890 2654.2
1229900 2654.9
1229910 2654.9
1229920 2654.0
1229930 2657.5
1229940 2651.8
1229950 2651.8
1229960 2648.8
1229970 2646.6
1229980 2646.6
1229990 2647.1
1230000 2645.9
1230010 2645.9
1230020 2646.4
1230030 2644.5
1230040 2644.5
1230050 2643.9
1230060 2644.9
1230070 2644.9
1230080 2643.9
1230090 2640.9
1230100 2640.9
1230110 2640.5
1230120 2633.8
1230130 2633.8
1230140 2624.0
1230150 2611.1
1230160 2611.1
1230170 2600.5
1230180 2593.7
1230190 2588.6
1230200 2588.6
1230210 2581.8
1230220 2573.6
1230230 2573.6
1230240 2566.2
1230250 2558.3
1230260 2558.3
1230270 2550.0
1230280 2541.3
1230290 2541.3
1230300 2533.8
1230310 2526.8
1230320 2526.8
1230330 2520.3
1230340 2514.3
1230350 2514.3
1230360 2507.6
1230370 2500.7
1230380 2500.7
1230390 2493.9
1230400 2487.5
1230410 2487.5
1230420 2482.1
1230430 2474.1
1230440 2466.6
1230450 2466.6
1230460 2459.0
1230470 2451.6
1230480 2451.6
1230490 2443.8
1230500 2436.0
1230510 2436.0
1230520 2429.1
1230530 2423.1
1230540 2423.1
1230550 2417.0
1230560 2410.8
1230570 2410.8
1230580 2405.2
1230590 2400.8
1230600 2400.8
1230610 2397.1
1230620 2393.8
1230630 2393.8
1230640 2388.3
1230650 2383.4
1230660 2383.4
1230670 2378.0
1230680 2372.7
1230690 2366.7
1230700 2366.7
1230710 2360.7
1230720 2354.0
1230730 2354.0
1230740 2346.7
1230750 2340.0
1230760 2340.0
1230770 2333.0
1230780 2326.1
1230790 2326.1
1230800 2318.7
1230810 2311.4
1230820 2311.4
1230830 2304.8
1230840 2297.6
1230850 2297.6
1230860 2289.0
1230870 2281.3
1230880 2281.3
1230890 2274.6
1230900 2267.8
1230910 2267.8
1230920 2256.7
1230930 2250.2
1230940 2243.6
1230950 2243.6
1230960 2236.8
1230970 2230.6
1230980 2230.6
1230990 2222.7
1231000 2212.8
1231010 2212.8
1231020 2204.1
1231030 2196.6
1231040 2196.6
1231050 2189.2
1231060 2182.2
1231070 2182.2
1231080 2174.0
1231090 2163.5
1231100 2163.5
1231110 2154.3
1231120 2146.5
1231130 2146.5
1231140 2137.1
1231150 2127.7
1231160 2120.5
1231170 2120.5
1231180 2113.6
1231190 2105.6
1231200 2105.6
1231210 2097.3
1231220 2089.0
1231230 2089.0
1231240 2080.8
1231250 2073.1
1231260 2073.1
1231270 2066.4
1231280 2060.2
1231290 2060.2
1231300 2053.6
1231310 2047.1
1231320 2047.1
1231330 2040.5
1231340 2034.8
1231350 2034.8
1231360 2030.0
1231370 2025.0
1231380 2025.0
1231390 2019.8
1231400 2014.6
1231410 2009.2
1231420 2009.3
1231430 2004.3
1231440 1997.9
1231450 1997.9
1231460 1989.6
1231470 1981.2
1231480 1981.2
1231490 1974.0
1231500 1967.5
1231510 1967.5
1231520 1960.5
1231530 1954.1
1231540 1954.1
1231550 1949.2
1231560 1948.2
1231570 1948.2
1231580 1947.3
1231590 1944.3
1231600 1944.3
1231610 1941.3
1231620 1938.6
1231630 1938.6
1231640 1937.7
1231650 1938.1
1231660 1935.1
1231670 1935.1
1231680 1932.8
1231690 1931.4
1231700 1931.4
1231710 1929.2
1231720 1927.3
1231730 1927.3
1231740 1925.9
1231750 1923.8
1231760 1923.8
1231770 1921.2
1231780 1918.3
1231790 1918.3
1231800 1916.0
1231810 1913.7
1231820 1913.7
1231830 1911.2
1231840 1908.9
1231850 1908.9
1231860 1906.9
1231870 1904.1
1231880 1904.1
1231890 1902.3
1231900 1900.5
1231910 1898.4
1231920 1898.4
1231930 1894.8
1231940 1892.7
1231950 1892.7
1231960 1890.8
1231970 1888.4
1231980 1888.4
1231990 1885.9
1232000 1883.8
1232010 1883.8
1232020 1882.2
1232030 1880.7
1232040 1880.7
1232050 1879.2
1232060 1877.5
1232070 1877.5
1232080 1876.1
1232090 1874.7
1232100 1874.7
1232110 1873.3
1232120 1871.9
1232130 1871.9
1232140 1870.5
1232150 1868.4
1232160 1867.4
1232170 1867.4
1232180 1868.9
1232190 1869.8
1232200 1869.8
1232210 1869.5
1232220 1869.5
1232230 1869.5
1232240 1870.5
1232250 1872.6
1232260 1872.6
1232270 1874.9
1232280 1878.4
1232290 1878.4
1232300 1882.3
1232310 1885.9
1232320 1885.9
1232330 1889.7
1232340 1893.0
1232350 1893.0
1232360 1896.8
1232370 1900.5
1232380 1900.5
1232390 1903.8
1232400 1907.7
1232410 1911.7
1232420 1911.7
1232430 1919.7
1232440 1924.1
1232450 1924.1
1232460 1928.7
1232470 1933.0
1232480 1933.0
1232490 1937.5
1232500 1942.5
1232510 1942.5
1232520 1947.7
1232530 1952.7
1232540 1952.7
1232550 1956.8
1232560 1959.4
1232570 1959.4
1232580 1961.5
1232590 1967.9
1232600 1967.9
1232610 1983.8
1232620 1996.4
1232630 1996.4
1232640 2005.5
1232650 2013.5
1232660 2021.1
1232670 2021.1
1232680 2028.6
1232690 2036.1
1232700 2036.1
1232710 2047.2
1232720 2055.3
1232730 2055.3
1232740 2063.0
1232750 2069.5
1232760 2069.5
1232770 2077.7
1232780 2090.7
1232790 2090.7
1232800 2103.2
1232810 2112.8
1232820 2112.8
1232830 2121.4
1232840 2132.8
1232850 2132.8
1232860 2139.9
1232870 2148.8
1232880 2148.8
1232890 2156.5
1232900 2166.1
1232910 2175.2
1232920 2175.2
1232930 2199.6
1232940 2207.2
1232950 2207.2
1232960 2212.9
1232970 2209.0
1232980 2209.0
1232990 2201.5
1233000 2201.4
1233010 2201.4
1233020 2204.9
1233030 2206.2
1233040 2206.2
1233050 2199.9
1233060 2201.6
1233070 2201.6
1233080 2210.6
1233090 2225.4
1233100 2225.4
1233110 2238.1
1233120 2239.3
1233130 2237.7
1233140 2237.7
1233150 2246.6
1233160 2258.7
1233170 2258.7
1233180 2259.3
1233190 2262.2
1233200 2262.2
1233210 2265.8
1233220 2268.5
1233230 2268.5
1233240 2263.5
1233250 2262.8
1233260 2262.8
1233270 2264.6
1233280 2271.9
1233290 2271.9
1233300 2280.6
1233310 2282.8
1233320 2282.8
1233330 2285.5
1233340 2285.7
1233350 2285.7
1233360 2286.4
1233370 2291.1
1233380 2299.0
1233390 2299.0
1233400 2302.3
1233410 2305.0
1233420 2305.0
1233430 2311.7
1233440 2326.1
1233450 2326.1
1233460 2330.6
1233470 2337.8
1233480 2337.8
1233490 2346.3
1233500 2355.7
1233510 2355.7
1233520 2366.3
1233530 2374.0
1233540 2374.0
1233550 2380.7
1233560 2387.7
1233570 2387.7
1233580 2395.2
1233590 2403.0
1233600 2403.0
1233610 2412.3
1233620 2415.4
1233630 2413.4
1233640 2413.4
1233650 2412.4
1233660 2410.2
1233670 2410.2
1233680 2410.7
1233690 2405.8
1233700 2405.8
1233710 2398.6
1233720 2391.9
1233730 2391.9
1233740 2386.2
1233750 2380.6
1233760 2380.6
1233770 2375.1
1233780 2369.8
1233790 2369.8
1233800 2364.6
1233810 2358.8
1233820 2358.8
1233830 2353.3
1233840 2349.1
1233850 2349.1
1233860 2345.5
1233870 2343.0
1233880 2340.7
1233890 2340.7
1233900 2338.6
1233910 2333.0
1233920 2333.0
1233930 2325.9
1233940 2319.9
1233950 2314.1
1233960 2308.3
1233970 2302.7
1233980 2302.7
1233990 2298.2
1234000 2294.0
1234010 2294.0
1234020 2289.7
1234030 2285.7
1234040 2285.7
1234050 2281.9
1234060 2278.0
1234070 2278.0
1234080 2274.5
1234090 2270.4
1234100 2270.4
1234110 2265.4
1234120 2259.4
1234130 2253.7
1234140 2253.7
1234150 2248.6
1234160 2242.8
1234170 2242.8
1234180 2236.7
1234190 2230.1
1234200 2230.1
1234210 2222.9
1234220 2216.4
1234230 2216.4
1234240 2209.4
1234250 2202.3
1234260 2202.3
1234270 2194.2
1234280 2184.0
1234290 2184.0
1234300 2174.2
1234310 2164.2
1234320 2164.2
1234330 2152.3
1234340 2139.3
1234350 2139.3
1234360 2127.8
1234370 2112.2
1234380 2099.9
1234390 2099.9
1234400 2092.5
1234410 2087.2
1234420 2087.2
1234430 2083.0
1234440 2078.2
1234450 2078.2
1234460 2067.1
1234470 2064.1
1234480 2064.1
1234490 2062.3
1234500 2057.6
1234510 2057.6
1234520 2044.0
1234530 2033.1
1234540 2033.1
1234550 2025.5
1234560 2018.4
1234570 2018.4
1234580 2011.2
1234590 2004.2
1234600 2004.2
1234610 1997.7
1234620 1991.2
1234630 1984.8
1234640 1984.8
1234650 1977.6
1234660 1969.3
1234670 1969.3
1234680 1963.0
1234690 1956.9
1234700 1956.9
1234710 1951.3
1234720 1944.4
1234730 1944.4
1234740 1936.2
1234750 1926.4
1234760 1926.4
1234770 1916.4
1234780 1905.2
1234790 1905.2
1234800 1896.0
1234810 1888.6
1234820 1888.6
1234830 1877.5
1234840 1867.1
1234850 1857.5
1234860 1857.5
1234870 1838.6
1234880 1798.4
1234890 1798.4
1234900 1776.6
1234910 1768.8
1234920 1768.8
1234930 1761.8
1234940 1756.0
1234950 1756.0
1234960 1742.0
1234970 1733.0
1234980 1733.0
1234990 1718.8
1235000 1703.2
1235010 1703.2
1235020 1689.8
1235030 1682.0
1235040 1682.0
1235050 1674.7
1235060 1667.6
1235070 1667.6
1235080 1660.1
1235090 1652.8
1235100 1645.7
1235110 1645.7
1235120 1639.1
1235130 1632.4
1235140 1632.4
1235150 1625.8
1235160 1619.4
1235170 1619.4
1235180 1613.3
1235190 1607.6
1235200 1607.6
1235210 1602.2
1235220 1597.3
1235230 1597.3
1235240 1593.1
1235250 1590.3
1235260 1590.3
1235270 1589.2
1235280 1588.5
1235290 1588.5
1235300 1588.0
1235310 1587.3
1235320 1587.3
1235330 1586.3
1235340 1584.7
1235350 1583.8
1235360 1583.8
1235370 1583.7
1235380 1584.6
1235390 1584.6
1235400 1588.8
1235410 1590.3
1235420 1590.3
1235430 1591.0
1235440 1591.4
1235450 1591.4
1235460 1591.7
1235470 1593.6
1235480 1593.6
1235490 1594.5
1235500 1595.4
1235510 1595.4
1235520 1596.0
1235530 1596.0
1235540 1596.0
1235550 1596.6
1235560 1597.7
1235570 1597.7
1235580 1598.5
1235590 1598.9
1235600 1599.1
1235610 1599.1
1235620 1599.2
1235630 1599.4
1235640 1599.4
1235650 1600.9
1235660 1601.5
1235670 1601.5
1235680 1602.0
1235690 1603.1
1235700 1603.1
1235710 1603.9
1235720 1605.3
1235730 1605.3
1235740 1604.9
1235750 1604.3
1235760 1604.3
1235770 1604.7
1235780 1605.6
1235790 1605.6
1235800 1606.3
1235810 1605.9
1235820 1605.9
1235830 1606.7
1235840 1606.8
1235850 1606.7
1235860 1606.7
1235870 1606.9
1235880 1608.2
1235890 1608.2
1235900 1610.6
1235910 1612.5
1235920 1612.5
1235930 1614.1
1235940 1616.5
1235950 1616.5
1235960 1619.9
1235970 1623.3
1235980 1626.3
1235990 1630.1
1236000 1634.7
1236010 1634.7
1236020 1640.1
1236030 1645.7
1236040 1645.7
1236050 1652.3
1236060 1659.4
1236070 1659.4
1236080 1667.3
1236090 1674.2
1236100 1679.8
1236110 1679.8
1236120 1686.1
1236130 1693.3
1236140 1693.3
1236150 1700.5
1236160 1706.6
1236170 1706.6
1236180 1712.3
1236190 1718.7
1236200 1718.7
1236210 1725.2
1236220 1728.3
1236230 1728.3
1236240 1730.5
1236250 1734.4
1236260 1734.4
1236270 1739.6
1236280 1746.9
1236290 1746.9
1236300 1755.5
1236310 1764.5
1236320 1764.5
1236330 1769.3
1236340 1772.6
1236350 1777.2
1236360 1777.2
1236370 1781.0
1236380 1784.6
1236390 1784.6
1236400 1788.5
1236410 1792.8
1236420 1792.8
1236430 1797.2
1236440 1801.3
1236450 1801.3
1236460 1805.0
1236470 1807.4
1236480 1807.4
1236490 1806.8
1236500 1809.9
1236510 1809.9
1236520 1805.0
1236530 1802.6
1236540 1802.6
1236550 1806.5
1236560 1808.3
1236570 1815.6
1236580 1815.6
1236590 1825.3
1236600 1834.6
1236610 1834.6
1236620 1843.0
1236630 1851.0
1236640 1851.0
1236650 1858.6
1236660 1865.2
1236670 1865.2
1236680 1871.0
1236690 1877.4
1236700 1877.4
1236710 1882.6
1236720 1887.0
1236730 1887.0
1236740 1891.2
1236750 1897.8
1236760 1897.8
1236770 1907.2
1236780 1913.9
1236790 1913.9
1236800 1912.3
1236810 1908.4
1236820 1900.8
1236830 1900.8
1236840 1886.7
1236850 1876.0
1236860 1876.0
1236870 1871.1
1236880 1871.6
1236890 1871.6
1236900 1874.2
1236910 1879.8
1236920 1879.8
1236930 1884.9
1236940 1890.6
1236950 1890.6
1236960 1897.9
1236970 1899.2
1236980 1899.2
1236990 1898.9
1237000 1913.2
1237010 1917.7
1237020 1927.5
1237030 1931.0
1237040 1931.0
1237050 1932.0
1237060 1938.8
1237070 1946.8
1237080 1946.8
1237090 1952.4
1237100 1958.2
1237110 1958.2
1237120 1964.5
1237130 1970.4
1237140 1970.4
1237150 1979.4
1237160 1991.4
1237170 1991.4
1237180 2002.6
1237190 2002.9
1237200 2002.9
1237210 1995.4
1237220 1985.8
1237230 1985.8
1237240 1975.3
1237250 1966.7
1237260 1966.7
1237270 1960.1
1237280 1953.5
1237290 1953.5
1237300 1945.6
1237310 1938.9
1237320 1937.1
1237330 1937.1
1237340 1934.6
1237350 1930.3
1237360 1930.3
1237370 1922.4
1237380 1920.4
1237390 1920.4
1237400 1923.0
1237410 1927.0
1237420 1927.0
1237430 1932.3
1237440 1938.8
1237450 1938.8
1237460 1947.5
1237470 1955.4
1237480 1955.4
1237490 1958.2
1237500 1959.0
1237510 1959.0
1237520 1967.1
1237530 1966.2
1237540 1966.2
1237550 1964.7
1237560 1962.5
1237570 1960.8
1237580 1960.8
1237590 1959.7
1237600 1958.2
1237610 1958.2
1237620 1956.2
1237630 1953.7
1237640 1953.7
1237650 1951.2
1237660 1948.7
1237670 1948.7
1237680 1945.7
1237690 1943.2
1237700 1943.2
1237710 1945.0
1237720 1945.6
1237730 1945.6
1237740 1945.2
1237750 1944.2
1237760 1944.2
1237770 1943.4
1237780 1942.0
1237790 1942.0
1237800 1940.3
1237810 1937.4
1237820 1934.7
1237830 1934.7
1237840 1934.9
1237850 1932.6
1237860 1932.6
1237870 1931.0
1237880 1934.3
1237890 1934.3
1237900 1935.1
1237910 1936.2
1237920 1936.2
1237930 1938.0
1237940 1939.6
1237950 1939.6
1237960 1940.7
1237970 1941.2
1237980 1941.2
1237990 1940.8
1238000 1940.0
1238010 1940.0
1238020 1938.5
1238030 1936.2
1238040 1942.3
1238050 1938.7
1238060 1934.9
1238070 1933.5
1238080 1933.5
1238090 1931.6
1238100 1928.9
1238110 1928.9
1238120 1925.5
1238130 1921.5
1238140 1921.5
1238150 1918.0
1238160 1914.6
1238170 1914.6
1238180 1910.4
1238190 1904.8
1238200 1904.8
1238210 1904.9
1238220 1905.2
1238230 1905.2
1238240 1902.8
1238250 1899.7
1238260 1899.7
1238270 1896.5
1238280 1892.9
1238290 1888.8
1238300 1888.8
1238310 1884.8
1238320 1881.0
1238330 1881.0
1238340 1878.7
1238350 1876.2
1238360 1876.2
1238370 1873.6
1238380 1870.7
1238390 1870.7
1238400 1867.9
1238410 1865.9
1238420 1865.9
1238430 1863.3
1238440 1860.8
1238450 1860.8
1238460 1858.5
1238470 1853.3
1238480 1853.3
1238490 1848.3
1238500 1851.8
1238510 1851.8
1238520 1858.1
1238530 1861.5
1238540 1863.4
1238550 1868.4
1238560 1871.1
1238570 1872.9
1238580 1872.9
1238590 1874.9
1238600 1874.3
1238610 1874.3
1238620 1871.6
1238630 1869.6
1238640 1869.6
1238650 1868.8
1238660 1867.7
1238670 1867.7
1238680 1865.6
1238690 1860.9
1238700 1860.9
1238710 1851.4
1238720 1845.5
1238730 1845.5
1238740 1845.8
1238750 1839.2
1238760 1839.2
1238770 1831.1
1238780 1825.2
1238790 1823.2
1238800 1823.2
1238810 1824.1
1238820 1825.1
1238830 1825.1
1238840 1824.7
1238850 1822.5
1238860 1822.5
1238870 1821.5
1238880 1818.5
1238890 1818.5
1238900 1813.0
1238910 1807.9
1238920 1807.9
1238930 1801.8
1238940 1793.3
1238950 1793.3
1238960 1790.4
1238970 1788.9
1238980 1788.9
1238990 1782.7
1239000 1775.3
1239010 1775.3
1239020 1771.5
1239030 1768.2
1239040 1767.1
1239050 1767.1
1239060 1768.0
1239070 1766.9
1239080 1766.9
1239090 1756.5
1239100 1745.9
1239110 1745.9
1239120 1748.7
1239130 1755.6
1239140 1755.6
1239150 1760.1
1239160 1765.7
1239170 1765.7
1239180 1768.0
1239190 1768.2
1239200 1768.2
1239210 1764.3
1239220 1759.8
1239230 1759.8
1239240 1757.2
1239250 1756.8
1239260 1756.8
1239270 1754.5
1239280 1753.4
1239290 1751.9
1239300 1751.9
1239310 1750.6
1239320 1748.9
1239330 1748.9
1239340 1745.2
1239350 1742.5
1239360 1742.5
1239370 1739.3
1239380 1734.1
1239390 1734.1
1239400 1728.9
1239410 1723.1
1239420 1723.1
1239430 1717.2
1239440 1709.9
1239450 1709.9
1239460 1704.7
1239470 1702.6
1239480 1702.6
1239490 1700.9
1239500 1697.2
1239510 1697.2
1239520 1691.5
1239530 1685.8
1239540 1678.9
1239550 1678.9
1239560 1672.2
1239570 1665.8
1239580 1665.8
1239590 1664.1
1239600 1659.2
1239610 1659.2
1239620 1654.6
1239630 1649.1
1239640 1649.1
1239650 1643.7
1239660 1638.1
1239670 1638.1
1239680 1632.6
1239690 1627.0
1239700 1627.0
1239710 1620.9
1239720 1615.6
1239730 1615.6
1239740 1611.8
1239750 1608.5
1239760 1608.5
1239770 1601.6
1239780 1593.8
1239790 1591.7
1239800 1591.7
1239810 1592.8
1239820 1595.8
1239830 1595.8
1239840 1597.3
1239850 1596.2
1239860 1596.2
1239870 1593.0
1239880 1589.9
1239890 1589.9
1239900 1587.2
1239910 1584.3
1239920 1584.3
1239930 1580.6
1239940 1575.8
1239950 1575.8
1239960 1568.4
1239970 1559.0
1239980 1559.0
1239990 1555.5
