1220000 2781.8
1220010 2781.8
1220020 2771.9
1220030 2774.3
1220040 2774.3
1220050 2780.4
1220060 2774.0
1220070 2776.8
1220080 2776.8
1220090 2761.8
1220100 2746.1
1220110 2746.1
1220120 2731.7
1220130 2719.9
1220140 2719.9
1220150 2708.1
1220160 2691.4
1220170 2691.4
1220180 2678.4
1220190 2667.3
1220200 2667.3
1220210 2658.4
1220220 2649.4
1220230 2649.4
1220240 2641.4
1220250 2635.2
1220260 2635.2
1220270 2628.9
1220280 2622.5
1220290 2622.5
1220300 2616.3
1220310 2610.3
1220320 2604.2
1220330 2602.8
1220340 2596.6
1220350 2590.5
1220360 2590.5
1220370 2584.4
1220380 2577.8
1220390 2577.8
1220400 2571.3
1220410 2565.0
1220420 2565.0
1220430 2558.9
1220440 2553.0
1220450 2553.0
1220460 2547.2
1220470 2541.2
1220480 2541.2
1220490 2534.6
1220500 2528.5
1220510 2528.5
1220520 2522.9
1220530 2517.2
1220540 2517.2
1220550 2511.5
1220560 2505.2
1220570 2500.2
1220580 2500.2
1220590 2495.3
1220600 2490.4
1220610 2490.4
1220620 2485.7
1220630 2480.3
1220640 2480.3
1220650 2475.9
1220660 2471.7
1220670 2471.7
1220680 2467.4
1220690 2463.6
1220700 2463.6
1220710 2460.2
1220720 2456.1
1220730 2456.1
1220740 2451.7
1220750 2447.8
1220760 2447.8
1220770 2443.8
1220780 2440.2
1220790 2436.7
1220800 2436.7
1220810 2439.7
1220820 2436.7
1220830 2436.7
1220840 2433.2
1220850 2429.2
1220860 2429.2
1220870 2424.8
1220880 2421.3
1220890 2421.3
1220900 2420.2
1220910 2418.7
1220920 2418.7
1220930 2416.1
1220940 2412.4
1220950 2412.4
1220960 2408.6
1220970 2404.8
1220980 2404.8
1220990 2400.8
1221000 2395.9
1221010 2395.9
1221020 2390.8
1221030 2386.8
1221040 2381.4
1221050 2381.4
1221060 2376.6
1221070 2372.5
1221080 2372.5
1221090 2367.9
1221100 2363.5
1221110 2363.5
1221120 2359.2
1221130 2355.0
1221140 2355.0
1221150 2350.8
1221160 2346.2
1221170 2346.2
1221180 2342.9
1221190 2338.6
1221200 2338.6
1221210 2334.1
1221220 2330.0
1221230 2330.0
1221240 2326.3
1221250 2322.0
1221260 2322.0
1221270 2318.7
1221280 2315.5
1221290 2312.0
1221300 2314.8
1221310 2313.3
1221320 2311.9
1221330 2311.9
1221340 2310.1
1221350 2309.3
1221360 2309.3
1221370 2308.9
1221380 2308.6
1221390 2308.6
1221400 2308.4
1221410 2308.0
1221420 2308.0
1221430 2308.3
1221440 2307.2
1221450 2307.2
1221460 2304.7
1221470 2301.9
1221480 2301.9
1221490 2297.9
1221500 2293.4
1221510 2293.4
1221520 2291.1
1221530 2290.0
1221540 2291.0
1221550 2291.0
1221560 2293.6
1221570 2296.4
1221580 2296.4
1221590 2299.2
1221600 2301.1
1221610 2301.1
1221620 2301.7
1221630 2301.1
1221640 2301.1
1221650 2300.1
1221660 2299.2
1221670 2299.2
1221680 2298.5
1221690 2297.8
1221700 2297.8
1221710 2297.3
1221720 2296.8
1221730 2296.8
1221740 2295.4
1221750 2292.9
1221760 2292.9
1221770 2290.7
1221780 2293.3
1221790 2301.8
1221800 2301.8
1221810 2307.7
1221820 2308.9
1221830 2308.9
1221840 2309.3
1221850 2307.2
1221860 2307.2
1221870 2304.9
1221880 2303.8
1221890 2303.8
1221900 2303.0
1221910 2302.3
1221920 2302.3
1221930 2303.0
1221940 2301.9
1221950 2301.9
1221960 2301.8
1221970 2303.1
1221980 2303.1
1221990 2305.4
1222000 2312.7
1222010 2312.7
1222020 2323.8
1222030 2330.2
1222040 2335.1
1222050 2335.1
1222060 2341.1
1222070 2345.8
1222080 2345.8
1222090 2361.6
1222100 2372.9
1222110 2372.9
1222120 2380.5
1222130 2390.8
1222140 2390.8
1222150 2403.3
1222160 2406.0
1222170 2406.0
1222180 2411.5
1222190 2419.8
1222200 2419.8
1222210 2428.6
1222220 2431.5
1222230 2431.5
1222240 2430.8
1222250 2433.3
1222260 2447.1
1222270 2448.9
1222280 2447.6
1222290 2445.2
1222300 2445.2
1222310 2446.9
1222320 2449.8
1222330 2449.8
1222340 2454.1
1222350 2459.4
1222360 2459.4
1222370 2465.0
1222380 2470.8
1222390 2470.8
1222400 2476.4
1222410 2485.2
1222420 2485.2
1222430 2495.7
1222440 2504.2
1222450 2504.2
1222460 2511.5
1222470 2508.6
1222480 2508.6
1222490 2497.1
1222500 2485.7
1222510 2481.4
1222520 2481.4
1222530 2473.4
1222540 2464.5
1222550 2464.5
1222560 2457.8
1222570 2454.3
1222580 2454.3
1222590 2447.7
1222600 2441.8
1222610 2441.8
1222620 2435.7
1222630 2429.0
1222640 2429.0
1222650 2421.5
1222660 2411.8
1222670 2411.8
1222680 2402.6
1222690 2393.8
1222700 2393.8
1222710 2383.9
1222720 2372.3
1222730 2372.3
1222740 2362.9
1222750 2340.3
1222760 2327.2
1222770 2327.2
1222780 2318.4
1222790 2311.3
1222800 2311.3
1222810 2304.0
1222820 2295.8
1222830 2295.8
1222840 2287.0
1222850 2278.9
1222860 2278.9
1222870 2269.5
1222880 2258.3
1222890 2258.3
1222900 2249.3
1222910 2241.7
1222920 2241.7
1222930 2234.4
1222940 2227.1
1222950 2227.1
1222960 2220.1
1222970 2213.6
1222980 2213.6
1222990 2207.3
1223000 2201.3
1223010 2195.7
1223020 2195.7
1223030 2189.3
1223040 2182.9
1223050 2182.9
1223060 2176.6
1223070 2170.2
1223080 2170.2
1223090 2164.1
1223100 2159.3
1223110 2159.3
1223120 2154.4
1223130 2149.5
1223140 2149.5
1223150 2144.6
1223160 2139.5
1223170 2139.5
1223180 2134.6
1223190 2129.9
1223200 2129.9
1223210 2125.1
1223220 2120.7
1223230 2118.6
1223240 2114.6
1223250 2110.6
1223260 2106.5
1223270 2106.5
1223280 2102.8
1223290 2098.9
1223300 2098.9
1223310 2095.0
1223320 2091.7
1223330 2091.7
1223340 2089.3
1223350 2089.3
1223360 2089.3
1223370 2090.2
1223380 2090.2
1223390 2090.2
1223400 2090.1
1223410 2090.9
1223420 2090.9
1223430 2091.2
1223440 2090.1
1223450 2090.1
1223460 2088.5
1223470 2087.7
1223480 2087.7
1223490 2087.6
1223500 2087.6
1223510 2087.5
1223520 2087.5
1223530 2085.7
1223540 2083.8
1223550 2083.8
1223560 2085.0
1223570 2087.6
1223580 2087.6
1223590 2088.7
1223600 2091.0
1223610 2091.0
1223620 2094.5
1223630 2097.7
1223640 2097.7
1223650 2101.2
1223660 2104.8
1223670 2104.8
1223680 2109.0
1223690 2114.0
1223700 2114.0
1223710 2119.2
1223720 2124.8
1223730 2124.8
1223740 2129.7
1223750 2136.1
1223760 2142.0
1223770 2142.0
1223780 2148.5
1223790 2154.5
1223800 2154.5
1223810 2160.8
1223820 2166.5
1223830 2166.5
1223840 2170.7
1223850 2176.0
1223860 2176.0
1223870 2182.8
1223880 2190.6
1223890 2190.6
1223900 2197.7
1223910 2203.6
1223920 2203.6
1223930 2208.1
1223940 2213.0
1223950 2213.0
1223960 2218.5
1223970 2224.6
1223980 2224.6
1223990 2230.7
1224000 2236.9
1224010 2243.0
1224020 2243.0
1224030 2248.9
1224040 2255.5
1224050 2255.5
1224060 2262.1
1224070 2268.9
1224080 2268.9
1224090 2275.6
1224100 2281.6
1224110 2281.6
1224120 2286.4
1224130 2289.4
1224140 2289.4
1224150 2293.7
1224160 2295.9
1224170 2295.9
1224180 2297.9
1224190 2302.2
1224200 2302.2
1224210 2313.3
1224220 2317.3
1224230 2319.6
1224240 2319.6
1224250 2321.0
1224260 2322.0
1224270 2322.0
1224280 2326.5
1224290 2332.9
1224300 2332.9
1224310 2340.2
1224320 2347.2
1224330 2347.2
1224340 2350.7
1224350 2352.2
1224360 2352.2
1224370 2355.1
1224380 2359.6
1224390 2359.6
1224400 2365.7
1224410 2370.2
1224420 2370.2
1224430 2372.1
1224440 2374.9
1224450 2374.9
1224460 2378.6
1224470 2384.1
1224480 2389.2
1224490 2389.2
1224500 2395.3
1224510 2402.0
1224520 2402.0
1224530 2408.7
1224540 2415.6
1224550 2415.6
1224560 2426.2
1224570 2439.0
1224580 2439.0
1224590 2451.2
1224600 2462.6
1224610 2462.6
1224620 2475.7
1224630 2490.4
1224640 2490.4
1224650 2499.5
1224660 2507.3
1224670 2507.3
1224680 2514.8
1224690 2522.7
1224700 2519.9
1224710 2525.6
1224720 2533.1
1224730 2541.5
1224740 2541.5
1224750 2548.7
1224760 2556.4
1224770 2556.4
1224780 2567.5
1224790 2579.0
1224800 2579.0
1224810 2582.2
1224820 2589.9
1224830 2589.9
1224840 2602.1
1224850 2612.2
1224860 2612.2
1224870 2620.4
1224880 2632.3
1224890 2632.3
1224900 2638.4
1224910 2646.1
1224920 2646.1
1224930 2658.2
1224940 2669.5
1224950 2669.5
1224960 2681.2
1224970 2685.0
1224980 2684.3
1224990 2684.3
1225000 2684.4
1225010 2686.4
1225020 2686.4
1225030 2688.0
1225040 2693.2
1225050 2693.2
1225060 2700.7
1225070 2706.3
1225080 2706.3
1225090 2712.8
1225100 2721.4
1225110 2721.4
1225120 2730.3
1225130 2739.7
1225140 2739.7
1225150 2748.5
1225160 2753.1
1225170 2753.1
1225180 2748.9
1225190 2735.8
1225200 2735.8
1225210 2734.7
1225220 2742.4
1225230 2750.5
1225240 2750.5
1225250 2761.2
1225260 2770.9
1225270 2770.9
1225280 2777.6
1225290 2782.9
1225300 2782.9
1225310 2784.0
1225320 2784.9
1225330 2784.9
1225340 2784.5
1225350 2789.2
1225360 2789.2
1225370 2798.5
1225380 2807.8
1225390 2807.8
1225400 2811.9
1225410 2817.3
1225420 2817.3
1225430 2825.6
1225440 2834.9
1225450 2834.9
1225460 2847.2
1225470 2856.9
1225480 2865.6
1225490 2865.6
1225500 2874.9
1225510 2884.7
1225520 2884.7
1225530 2895.5
1225540 2907.6
1225550 2907.6
1225560 2917.6
1225570 2926.7
1225580 2926.7
1225590 2933.6
1225600 2934.5
1225610 2934.5
1225620 2935.8
1225630 2938.9
1225640 2938.9
1225650 2942.2
1225660 2950.8
1225670 2950.8
1225680 2960.5
1225690 2969.9
1225700 2978.1
1225710 2978.1
1225720 2984.6
1225730 2982.9
1225740 2982.9
1225750 2977.6
1225760 2972.0
1225770 2972.0
1225780 2963.7
1225790 2958.7
1225800 2958.7
1225810 2953.9
1225820 2944.4
1225830 2944.4
1225840 2927.0
1225850 2910.9
1225860 2910.9
1225870 2894.7
1225880 2882.3
1225890 2882.3
1225900 2868.1
1225910 2856.8
1225920 2856.8
1225930 2848.4
1225940 2840.0
1225950 2832.0
1225960 2832.0
1225970 2825.2
1225980 2817.5
1225990 2817.5
1226000 2809.9
1226010 2804.9
1226020 2804.9
1226030 2800.8
1226040 2795.7
1226050 2795.7
1226060 2789.8
1226070 2778.3
1226080 2778.3
1226090 2766.3
1226100 2754.6
1226110 2754.6
1226120 2742.2
1226130 2731.1
1226140 2731.1
1226150 2724.4
1226160 2719.3
1226170 2732.0
1226180 2720.2
1226190 2708.3
1226200 2692.8
1226210 2692.8
1226220 2678.3
1226230 2667.7
1226240 2667.7
1226250 2656.8
1226260 2646.0
1226270 2646.0
1226280 2638.1
1226290 2629.4
1226300 2629.4
1226310 2619.5
1226320 2609.4
1226330 2609.4
1226340 2599.8
1226350 2592.9
1226360 2592.9
1226370 2586.6
1226380 2580.4
1226390 2580.4
1226400 2573.9
1226410 2567.3
1226420 2567.3
1226430 2560.7
1226440 2554.0
1226450 2547.6
1226460 2547.6
1226470 2541.0
1226480 2534.3
1226490 2534.3
1226500 2527.7
1226510 2521.0
1226520 2521.0
1226530 2514.5
1226540 2508.1
1226550 2508.1
1226560 2501.6
1226570 2495.4
1226580 2495.4
1226590 2489.4
1226600 2483.7
1226610 2483.7
1226620 2478.7
1226630 2474.0
1226640 2474.0
1226650 2469.5
1226660 2463.6
1226670 2463.6
1226680 2460.4
1226690 2457.3
1226700 2453.0
1226710 2453.0
1226720 2448.6
1226730 2445.0
1226740 2445.0
1226750 2442.1
1226760 2440.3
1226770 2440.3
1226780 2439.7
1226790 2439.3
1226800 2439.3
1226810 2437.4
1226820 2432.4
1226830 2432.4
1226840 2427.3
1226850 2423.3
1226860 2423.3
1226870 2420.8
1226880 2418.2
1226890 2418.2
1226900 2414.5
1226910 2409.8
1226920 2409.8
1226930 2404.7
1226940 2399.5
1226950 2394.9
1226960 2394.9
1226970 2389.6
1226980 2384.0
1226990 2384.0
1227000 2379.1
1227010 2375.4
1227020 2375.4
1227030 2370.9
1227040 2365.4
1227050 2365.4
1227060 2360.1
1227070 2354.7
1227080 2354.7
1227090 2348.6
1227100 2343.3
1227110 2343.3
1227120 2338.5
1227130 2333.0
1227140 2333.0
1227150 2326.6
1227160 2323.0
1227170 2319.1
1227180 2319.1
1227190 2317.1
1227200 2317.1
1227210 2317.1
1227220 2317.1
1227230 2317.1
1227240 2317.1
1227250 2317.1
1227260 2317.1
1227270 2317.1
1227280 2317.1
1227290 2317.1
1227300 2317.1
1227310 2317.1
1227320 2317.1
1227330 2317.1
1227340 2317.1
1227350 2317.1
1227360 2317.1
1227370 2317.1
1227380 2317.1
1227390 2317.1
1227400 2317.1
1227410 2317.1
1227420 2317.1
1227430 2317.1
1227440 2317.1
1227450 2317.1
1227460 2317.1
1227470 2317.1
1227480 2317.1
1227490 2317.1
1227500 2317.1
1227510 2317.1
1227520 2317.1
1227530 2317.1
1227540 2317.1
1227550 2317.1
1227560 2317.1
1227570 2317.1
1227580 2317.1
1227590 2317.1
1227600 2317.1
1227610 2317.1
1227620 2317.1
1227630 2317.1
1227640 2317.1
1227650 2317.1
1227660 2317.1
1227670 2317.1
1227680 2317.1
1227690 2317.1
1227700 2317.1
1227710 2317.1
1227720 2317.1
1227730 2317.1
1227740 2317.1
1227750 2317.1
1227760 2317.1
1227770 2317.1
1227780 2317.1
1227790 2317.1
1227800 2317.1
1227810 2317.1
1227820 2317.1
1227830 2317.1
1227840 2317.1
1227850 2317.1
1227860 2317.1
1227870 2317.1
1227880 2317.1
1227890 2317.1
1227900 2317.1
1227910 2317.1
1227920 2317.1
1227930 2317.1
1227940 2317.1
1227950 2317.1
1227960 2317.1
1227970 2317.1
1227980 2317.1
1227990 2317.1
1228000 2317.1
1228010 2317.1
1228020 2317.1
1228030 2317.1
1228040 2317.1
1228050 2317.1
1228060 2317.1
1228070 2317.1
1228080 2317.1
1228090 2317.1
1228100 2317.1
1228110 2317.1
1228120 2317.1
1228130 2317.3
1228140 2317.1
1228150 2318.9
1228160 2324.4
1228170 2330.2
1228180 2330.2
1228190 2336.2
1228200 2342.1
1228210 2342.1
1228220 2348.5
1228230 2355.6
1228240 2355.6
1228250 2362.8
1228260 2369.2
1228270 2369.2
1228280 2375.5
1228290 2381.9
1228300 2381.9
1228310 2388.3
1228320 2395.3
1228330 2395.3
1228340 2402.8
1228350 2410.3
1228360 2410.3
1228370 2418.2
1228380 2425.4
1228390 2425.4
1228400 2433.0
1228410 2441.6
1228420 2449.8
1228430 2449.8
1228440 2457.1
1228450 2465.2
1228460 2465.2
1228470 2473.1
1228480 2480.6
1228490 2480.6
1228500 2488.9
1228510 2495.8
1228520 2495.8
1228530 2501.6
1228540 2504.8
1228550 2504.8
1228560 2505.9
1228570 2508.2
1228580 2508.2
1228590 2509.3
1228600 2510.5
1228610 2510.5
1228620 2512.7
1228630 2516.9
1228640 2519.3
1228650 2519.3
1228660 2523.2
1228670 2525.7
1228680 2525.7
1228690 2527.2
1228700 2528.4
1228710 2528.4
1228720 2531.5
1228730 2536.0
1228740 2536.0
1228750 2540.4
1228760 2545.1
1228770 2545.1
1228780 2550.1
1228790 2554.6
1228800 2554.6
1228810 2559.7
1228820 2565.7
1228830 2565.7
1228840 2570.7
1228850 2573.8
1228860 2573.8
1228870 2575.4
1228880 2576.6
1228890 2579.6
1228900 2579.6
1228910 2584.6
1228920 2589.4
1228930 2589.4
1228940 2594.1
1228950 2602.4
1228960 2602.4
1228970 2612.5
1228980 2619.6
1228990 2619.6
1229000 2628.8
1229010 2637.3
1229020 2637.3
1229030 2643.7
1229040 2651.7
1229050 2651.7
1229060 2659.3
1229070 2667.1
1229080 2667.1
1229090 2674.6
1229100 2679.3
1229110 2679.3
1229120 2680.5
1229130 2678.1
1229140 2686.4
1229150 2686.4
1229160 2675.1
1229170 2664.2
1229180 2664.2
1229190 2656.9
1229200 2647.4
1229210 2647.4
1229220 2634.9
1229230 2619.1
1229240 2619.1
1229250 2606.2
1229260 2596.2
1229270 2596.2
1229280 2583.2
1229290 2567.9
1229300 2567.9
1229310 2556.0
1229320 2546.7
1229330 2546.7
1229340 2537.6
1229350 2529.4
1229360 2529.4
1229370 2522.0
1229380 2514.8
1229390 2508.0
1229400 2508.0
1229410 2501.4
1229420 2494.8
1229430 2494.8
1229440 2488.6
1229450 2482.6
1229460 2482.6
1229470 2476.7
1229480 2471.0
1229490 2471.0
1229500 2465.7
1229510 2460.9
1229520 2460.9
1229530 2456.8
1229540 2454.1
1229550 2454.1
1229560 2451.8
1229570 2445.9
1229580 2445.9
1229590 2438.1
1229600 2430.9
1229610 2430.9
1229620 2424.1
1229630 2418.8
1229640 2413.3
1229650 2413.3
1229660 2408.7
1229670 2404.7
1229680 2404.7
1229690 2400.8
1229700 2397.0
1229710 2397.0
1229720 2393.2
1229730 2389.7
1229740 2389.7
1229750 2388.1
1229760 2386.8
1229770 2386.8
1229780 2385.6
1229790 2383.9
1229800 2383.9
1229810 2382.7
1229820 2381.5
1229830 2381.5
1229840 2380.2
1229850 2378.7
1229860 2378.7
1229870 2377.6
1229880 2376.2
1229890 2374.8
1229900 2374.8
1229910 2373.6
1229920 2372.3
1229930 2372.3
1229940 2370.7
1229950 2369.2
1229960 2369.2
1229970 2367.9
1229980 2366.6
1229990 2366.6
1230000 2365.2
1230010 2363.8
1230020 2363.8
1230030 2362.2
1230040 2360.9
1230050 2360.9
1230060 2359.3
1230070 2357.8
1230080 2357.8
1230090 2356.5
1230100 2355.1
1230110 2353.9
1230120 2353.9
1230130 2349.9
1230140 2346.9
1230150 2346.9
1230160 2345.0
1230170 2342.7
1230180 2342.7
1230190 2339.9
1230200 2337.5
1230210 2337.5
1230220 2335.2
1230230 2332.2
1230240 2332.2
1230250 2328.5
1230260 2322.0
1230270 2322.0
1230280 2317.0
1230290 2312.7
1230300 2312.7
1230310 2309.8
1230320 2308.0
1230330 2308.0
1230340 2305.7
1230350 2302.1
1230360 2298.4
1230370 2298.4
1230380 2296.4
1230390 2294.9
1230400 2294.9
1230410 2292.5
1230420 2289.9
1230430 2289.9
1230440 2287.6
1230450 2285.5
1230460 2285.5
1230470 2283.5
1230480 2282.3
1230490 2282.3
1230500 2280.4
1230510 2278.9
1230520 2278.9
1230530 2278.2
1230540 2278.1
1230550 2278.1
1230560 2277.4
1230570 2275.9
1230580 2275.9
1230590 2273.5
1230600 2270.8
1230610 2268.8
1230620 2268.8
1230630 2264.0
1230640 2261.7
1230650 2261.7
1230660 2259.9
1230670 2257.3
1230680 2257.3
1230690 2253.8
1230700 2250.0
1230710 2250.0
1230720 2245.9
1230730 2240.6
1230740 2240.6
1230750 2235.2
1230760 2231.1
1230770 2231.1
1230780 2226.9
1230790 2222.6
1230800 2222.6
1230810 2219.2
1230820 2214.9
1230830 2214.9
1230840 2209.6
1230850 2204.1
1230860 2198.2
1230870 2198.2
1230880 2192.0
1230890 2185.4
1230900 2185.4
1230910 2181.4
1230920 2178.3
1230930 2178.3
1230940 2174.8
1230950 2171.4
1230960 2171.4
1230970 2169.1
1230980 2165.6
1230990 2165.6
1231000 2160.8
1231010 2156.0
1231020 2156.0
1231030 2151.4
1231040 2147.0
1231050 2147.0
1231060 2141.5
1231070 2135.7
1231080 2135.7
1231090 2129.9
1231100 2124.0
1231110 2118.0
1231120 2118.0
1231130 2113.3
1231140 2108.7
1231150 2108.7
1231160 2104.6
1231170 2101.3
1231180 2101.3
1231190 2097.3
1231200 2093.1
1231210 2093.1
1231220 2087.0
1231230 2079.7
1231240 2079.7
1231250 2072.3
1231260 2065.2
1231270 2065.2
1231280 2057.8
1231290 2051.8
1231300 2051.8
1231310 2048.3
1231320 2044.1
1231330 2044.1
1231340 2039.0
1231350 2033.7
1231360 2028.9
1231370 2028.9
1231380 2024.9
1231390 2021.0
1231400 2021.0
1231410 2017.8
1231420 2014.8
1231430 2014.8
1231440 2012.0
1231450 2009.6
1231460 2009.6
1231470 2012.2
1231480 2020.2
1231490 2020.2
1231500 2028.1
1231510 2034.0
1231520 2034.0
1231530 2042.1
1231540 2051.7
1231550 2051.7
1231560 2059.8
1231570 2067.0
1231580 2074.7
1231590 2074.7
1231600 2081.3
1231610 2089.9
1231620 2089.9
1231630 2102.4
1231640 2102.1
1231650 2102.1
1231660 2118.1
1231670 2128.9
1231680 2128.9
1231690 2137.4
1231700 2143.9
1231710 2143.9
1231720 2150.1
1231730 2155.4
1231740 2155.4
1231750 2158.4
1231760 2159.5
1231770 2159.5
1231780 2159.6
1231790 2158.9
1231800 2158.9
1231810 2159.1
1231820 2160.8
1231830 2163.6
1231840 2163.6
1231850 2167.5
1231860 2171.1
1231870 2171.1
1231880 2175.1
1231890 2182.5
1231900 2182.5
1231910 2190.4
1231920 2199.1
1231930 2199.1
1231940 2207.2
1231950 2213.8
1231960 2213.8
1231970 2218.9
1231980 2223.3
1231990 2223.3
1232000 2228.1
1232010 2234.4
1232020 2234.4
1232030 2254.4
1232040 2268.8
1232050 2268.8
1232060 2261.5
1232070 2247.1
1232080 2236.2
1232090 2236.2
1232100 2224.9
1232110 2212.3
1232120 2212.3
1232130 2200.1
1232140 2200.1
1232150 2200.1
1232160 2207.0
1232170 2215.0
1232180 2215.0
1232190 2225.7
1232200 2240.1
1232210 2240.1
1232220 2253.1
1232230 2277.1
1232240 2277.1
1232250 2311.8
1232260 2335.3
1232270 2335.3
1232280 2338.7
1232290 2333.1
1232300 2333.1
1232310 2330.7
1232320 2338.6
1232330 2345.0
1232340 2345.0
1232350 2349.2
1232360 2347.2
1232370 2347.2
1232380 2348.3
1232390 2354.2
1232400 2354.2
1232410 2361.2
1232420 2369.0
1232430 2369.0
1232440 2375.4
1232450 2380.6
1232460 2380.6
1232470 2386.5
1232480 2394.0
1232490 2394.0
1232500 2402.7
1232510 2409.3
1232520 2409.3
1232530 2413.1
1232540 2416.0
1232550 2416.0
1232560 2419.6
1232570 2424.6
1232580 2431.5
1232590 2431.5
1232600 2438.2
1232610 2445.8
1232620 2445.8
1232630 2453.4
1232640 2467.2
1232650 2467.2
1232660 2475.5
1232670 2482.9
1232680 2482.9
1232690 2487.7
1232700 2483.4
1232710 2483.4
1232720 2477.6
1232730 2481.3
1232740 2481.3
1232750 2485.2
1232760 2492.8
1232770 2492.8
1232780 2497.1
1232790 2501.8
1232800 2501.8
1232810 2503.7
1232820 2502.1
1232830 2505.8
1232840 2505.8
1232850 2510.0
1232860 2512.1
1232870 2512.1
1232880 2516.4
1232890 2520.3
1232900 2520.3
1232910 2523.1
1232920 2533.7
1232930 2533.7
1232940 2542.4
1232950 2546.3
1232960 2546.3
1232970 2550.1
1232980 2556.8
1232990 2556.8
1233000 2563.1
1233010 2568.5
1233020 2568.5
1233030 2575.8
1233040 2582.7
1233050 2589.5
1233060 2589.5
1233070 2589.6
1233080 2580.5
1233090 2580.5
1233100 2566.2
1233110 2552.1
1233120 2552.1
1233130 2540.2
1233140 2530.8
1233150 2529.3
1233160 2520.8
1233170 2513.6
1233180 2513.6
1233190 2506.6
1233200 2498.1
1233210 2498.1
1233220 2489.8
1233230 2480.9
1233240 2480.9
1233250 2467.4
1233260 2450.7
1233270 2450.7
1233280 2434.4
1233290 2422.6
1233300 2413.8
1233310 2413.8
1233320 2403.2
1233330 2393.3
1233340 2393.3
1233350 2382.3
1233360 2370.7
1233370 2370.7
1233380 2363.2
1233390 2357.2
1233400 2357.2
1233410 2350.8
1233420 2344.5
1233430 2344.5
1233440 2338.1
1233450 2331.9
1233460 2331.9
1233470 2325.6
1233480 2319.4
1233490 2319.4
1233500 2313.0
1233510 2306.8
1233520 2306.8
1233530 2300.9
1233540 2294.9
1233550 2289.0
1233560 2289.0
1233570 2283.3
1233580 2277.4
1233590 2277.4
1233600 2271.3
1233610 2265.7
1233620 2265.7
1233630 2260.2
1233640 2254.6
1233650 2254.6
1233660 2248.5
1233670 2240.8
1233680 2240.8
1233690 2232.6
1233700 2224.6
1233710 2224.6
1233720 2216.5
1233730 2208.4
1233740 2208.4
1233750 2200.2
1233760 2192.6
1233770 2192.6
1233780 2184.4
1233790 2176.6
1233800 2169.9
1233810 2169.9
1233820 2163.1
1233830 2156.4
1233840 2156.4
1233850 2150.0
1233860 2144.0
1233870 2144.0
1233880 2137.8
1233890 2131.8
1233900 2131.8
1233910 2125.7
1233920 2120.1
1233930 2120.1
1233940 2114.8
1233950 2109.9
1233960 2109.9
1233970 2104.6
1233980 2099.5
1233990 2099.5
1234000 2095.8
1234010 2093.2
1234020 2093.2
1234030 2091.9
1234040 2090.8
1234050 2086.6
1234060 2086.6
1234070 2080.9
1234080 2077.7
1234090 2077.7
1234100 2075.7
1234110 2073.7
1234120 2073.7
1234130 2067.7
1234140 2059.9
1234150 2059.9
1234160 2048.3
1234170 2042.5
1234180 2042.5
1234190 2038.5
1234200 2035.1
1234210 2035.1
1234220 2030.3
1234230 2023.5
1234240 2023.5
1234250 2018.0
1234260 2015.4
1234270 2015.4
1234280 2008.6
1234290 2001.3
1234300 1995.1
1234310 1995.1
1234320 1989.5
1234330 1986.5
1234340 1986.5
1234350 1981.6
1234360 1977.6
1234370 1977.6
1234380 1974.9
1234390 1970.9
1234400 1970.9
1234410 1965.1
1234420 1957.8
1234430 1957.8
1234440 1950.2
1234450 1943.2
1234460 1943.2
1234470 1936.7
1234480 1929.9
1234490 1929.9
1234500 1923.1
1234510 1916.3
1234520 1909.4
1234530 1909.4
1234540 1903.1
1234550 1896.6
1234560 1896.6
1234570 1889.2
1234580 1881.8
1234590 1881.8
1234600 1874.2
1234610 1866.3
1234620 1866.3
1234630 1859.9
1234640 1854.7
1234650 1854.7
1234660 1849.9
1234670 1840.7
1234680 1840.7
1234690 1834.3
1234700 1829.8
1234710 1829.8
1234720 1824.2
1234730 1817.7
1234740 1817.7
1234750 1811.0
1234760 1804.3
1234770 1798.5
1234780 1798.5
1234790 1792.6
1234800 1785.1
1234810 1785.1
1234820 1777.8
1234830 1770.9
1234840 1770.9
1234850 1765.3
1234860 1761.4
1234870 1761.4
1234880 1759.2
1234890 1756.1
1234900 1756.1
1234910 1751.0
1234920 1746.0
1234930 1746.0
1234940 1741.5
1234950 1737.0
1234960 1737.0
1234970 1733.1
1234980 1729.6
1234990 1729.6
1235000 1725.3
1235010 1720.8
1235020 1715.8
1235030 1715.8
1235040 1708.9
1235050 1701.3
1235060 1701.3
1235070 1694.2
1235080 1691.6
1235090 1691.6
1235100 1688.8
1235110 1688.0
1235120 1688.0
1235130 1685.4
1235140 1681.6
1235150 1681.6
1235160 1679.7
1235170 1677.4
1235180 1679.1
1235190 1676.6
1235200 1674.9
1235210 1674.9
1235220 1672.5
1235230 1668.9
1235240 1668.9
1235250 1666.9
1235260 1665.8
1235270 1664.3
1235280 1664.3
1235290 1661.7
1235300 1659.7
1235310 1659.7
1235320 1658.0
1235330 1656.4
1235340 1656.4
1235350 1654.2
1235360 1652.6
1235370 1652.6
1235380 1651.0
1235390 1651.4
1235400 1651.4
1235410 1653.2
1235420 1654.6
1235430 1654.6
1235440 1657.3
1235450 1660.8
1235460 1660.8
1235470 1662.8
1235480 1664.6
1235490 1664.6
1235500 1666.4
1235510 1668.3
1235520 1669.7
1235530 1669.7
1235540 1671.3
1235550 1673.3
1235560 1673.3
1235570 1675.5
1235580 1678.0
1235590 1678.0
1235600 1680.4
1235610 1682.3
1235620 1682.3
1235630 1683.3
1235640 1685.9
1235650 1685.9
1235660 1688.5
1235670 1690.4
1235680 1690.4
1235690 1694.3
1235700 1696.6
1235710 1696.6
1235720 1698.6
1235730 1700.7
1235740 1700.7
1235750 1703.3
1235760 1705.2
1235770 1707.3
1235780 1707.3
1235790 1708.9
1235800 1710.8
1235810 1710.8
1235820 1713.1
1235830 1716.0
1235840 1716.0
1235850 1719.2
1235860 1721.6
1235870 1721.6
1235880 1724.0
1235890 1726.7
1235900 1726.7
1235910 1728.4
1235920 1730.6
1235930 1730.6
1235940 1734.2
1235950 1737.9
1235960 1737.9
1235970 1740.8
1235980 1744.7
1235990 1748.2
1236000 1748.2
1236010 1752.1
1236020 1759.3
1236030 1759.3
1236040 1768.2
1236050 1776.9
1236060 1776.9
1236070 1783.9
1236080 1789.4
1236090 1789.4
1236100 1795.1
1236110 1802.0
1236120 1802.0
1236130 1809.1
1236140 1816.3
1236150 1816.3
1236160 1824.1
1236170 1831.7
1236180 1831.7
1236190 1839.0
1236200 1843.7
1236210 1843.7
1236220 1850.5
1236230 1857.0
1236240 1864.4
1236250 1864.4
1236260 1872.2
1236270 1879.9
1236280 1879.9
1236290 1887.6
1236300 1895.7
1236310 1895.7
1236320 1903.9
1236330 1911.0
1236340 1911.0
1236350 1917.8
1236360 1925.7
1236370 1925.7
1236380 1933.9
1236390 1941.9
1236400 1941.9
1236410 1949.7
1236420 1956.3
1236430 1956.3
1236440 1962.1
1236450 1967.5
1236460 1967.5
1236470 1972.6
1236480 1977.3
1236490 1982.2
1236500 1982.2
1236510 1987.3
1236520 1992.2
1236530 1992.2
1236540 1996.9
1236550 2002.1
1236560 2002.1
1236570 2007.1
1236580 2011.1
1236590 2011.1
1236600 2015.5
1236610 2020.1
1236620 2020.1
1236630 2023.9
1236640 2026.6
1236650 2026.6
1236660 2029.7
1236670 2034.1
1236680 2034.1
1236690 2039.5
1236700 2044.8
1236710 2040.4
1236720 2045.2
1236730 2050.1
1236740 2055.8
1236750 2055.8
1236760 2062.1
1236770 2068.7
1236780 2068.7
1236790 2076.1
1236800 2082.6
1236810 2082.6
1236820 2088.4
1236830 2094.3
1236840 2094.3
1236850 2100.9
1236860 2107.9
1236870 2107.9
1236880 2113.9
1236890 2120.1
1236900 2120.1
1236910 2127.6
1236920 2137.3
1236930 2137.3
1236940 2147.5
1236950 2158.1
1236960 2158.1
1236970 2171.0
1236980 2180.5
1236990 2183.3
1237000 2183.3
1237010 2186.8
1237020 2194.5
1237030 2194.5
1237040 2205.4
1237050 2218.5
1237060 2218.5
1237070 2230.6
1237080 2241.1
1237090 2241.1
1237100 2249.8
1237110 2253.5
1237120 2253.5
1237130 2253.8
1237140 2257.9
1237150 2257.9
1237160 2266.9
1237170 2275.3
1237180 2275.3
1237190 2282.1
1237200 2289.6
1237210 2297.5
1237220 2297.5
1237230 2300.4
1237240 2307.0
1237250 2307.0
1237260 2312.7
1237270 2317.6
1237280 2317.6
1237290 2322.6
1237300 2327.3
1237310 2327.3
1237320 2331.7
1237330 2336.5
1237340 2336.5
1237350 2341.6
1237360 2347.3
1237370 2347.3
1237380 2352.4
1237390 2356.9
1237400 2356.9
1237410 2361.1
1237420 2363.4
1237430 2363.4
1237440 2361.3
1237450 2355.7
1237460 2352.6
1237470 2352.6
1237480 2351.0
1237490 2350.6
1237500 2350.6
1237510 2349.5
1237520 2344.7
1237530 2344.7
1237540 2341.0
1237550 2338.7
1237560 2338.7
1237570 2338.7
1237580 2337.3
1237590 2337.3
1237600 2335.9
1237610 2335.3
1237620 2335.3
1237630 2335.0
1237640 2334.7
1237650 2334.7
1237660 2332.5
1237670 2332.9
1237680 2332.9
1237690 2335.2
1237700 2336.5
1237710 2335.2
1237720 2335.2
1237730 2330.0
1237740 2333.0
1237750 2333.0
1237760 2328.3
1237770 2320.1
1237780 2320.1
1237790 2316.1
1237800 2311.8
1237810 2311.8
1237820 2309.1
1237830 2304.7
1237840 2304.7
1237850 2299.3
1237860 2293.6
1237870 2293.6
1237880 2296.8
1237890 2301.5
1237900 2301.5
1237910 2306.5
1237920 2312.0
1237930 2312.0
1237940 2317.1
1237950 2322.6
1237960 2324.8
1237970 2324.8
1237980 2323.5
1237990 2319.1
1238000 2319.1
1238010 2315.0
1238020 2310.4
1238030 2310.4
1238040 2306.3
1238050 2306.4
1238060 2306.4
1238070 2305.6
1238080 2299.3
1238090 2299.3
1238100 2292.5
1238110 2290.7
1238120 2290.7
1238130 2294.5
1238140 2296.7
1238150 2296.7
1238160 2300.3
1238170 2302.3
1238180 2302.3
1238190 2301.3
1238200 2296.5
1238210 2290.0
1238220 2290.0
1238230 2284.1
1238240 2279.7
1238250 2279.7
1238260 2285.4
1238270 2284.8
1238280 2284.8
1238290 2282.6
1238300 2280.5
1238310 2280.5
1238320 2276.7
1238330 2270.1
1238340 2270.1
1238350 2264.2
1238360 2263.3
1238370 2263.3
1238380 2264.7
1238390 2266.4
1238400 2266.4
1238410 2266.8
1238420 2266.4
1238430 2266.4
1238440 2264.7
1238450 2259.5
1238460 2254.4
1238470 2254.4
1238480 2252.6
1238490 2250.9
1238500 2250.9
1238510 2251.6
1238520 2249.1
1238530 2249.1
1238540 2243.7
1238550 2240.5
1238560 2240.5
1238570 2239.2
1238580 2235.1
1238590 2235.1
1238600 2230.6
1238610 2229.1
1238620 2229.1
1238630 2225.4
1238640 2221.9
1238650 2221.9
1238660 2219.3
1238670 2217.0
1238680 2216.5
1238690 2216.5
1238700 2215.2
1238710 2214.2
1238720 2214.2
1238730 2212.8
1238740 2212.1
1238750 2212.1
1238760 2207.6
1238770 2201.3
1238780 2201.3
1238790 2189.8
1238800 2180.6
1238810 2180.6
1238820 2179.5
1238830 2183.8
1238840 2183.8
1238850 2183.3
1238860 2176.0
1238870 2176.0
1238880 2170.1
1238890 2166.9
1238900 2166.9
1238910 2163.8
1238920 2157.3
1238930 2150.0
1238940 2150.0
1238950 2144.3
1238960 2138.0
1238970 2138.0
1238980 2131.6
1238990 2128.6
1239000 2128.6
1239010 2126.5
1239020 2122.3
1239030 2122.3
1239040 2115.5
1239050 2110.5
1239060 2110.5
1239070 2106.7
1239080 2105.3
1239090 2105.3
1239100 2101.8
1239110 2097.6
1239120 2097.6
1239130 2098.2
1239140 2098.0
1239150 2098.0
1239160 2095.7
1239170 2094.2
1239180 2090.8
1239190 2090.8
1239200 2082.1
1239210 2076.9
1239220 2076.9
1239230 2075.9
1239240 2072.5
1239250 2072.5
1239260 2067.5
1239270 2061.3
1239280 2061.3
1239290 2066.4
1239300 2066.9
1239310 2066.9
1239320 2062.7
1239330 2057.9
1239340 2057.9
1239350 2053.2
1239360 2054.8
1239370 2054.8
1239380 2061.0
1239390 2060.4
1239400 2060.4
1239410 2055.9
1239420 2048.9
1239430 2042.9
1239440 2042.9
1239450 2043.1
1239460 2047.7
1239470 2047.7
1239480 2049.7
1239490 2048.8
1239500 2048.8
1239510 2044.2
1239520 2038.5
1239530 2038.5
1239540 2031.1
1239550 2032.6
1239560 2032.6
1239570 2040.3
1239580 2049.3
1239590 2049.3
1239600 2052.5
1239610 2056.3
1239620 2056.3
1239630 2058.9
1239640 2060.4
1239650 2060.4
1239660 2059.5
1239670 2054.9
1239680 2045.9
1239690 2045.9
1239700 2037.0
1239710 2025.9
1239720 2025.9
1239730 2013.3
1239740 2002.8
1239750 2002.8
1239760 1993.6
1239770 1982.9
1239780 1982.9
1239790 1971.1
1239800 1958.9
1239810 1957.6
1239820 1947.8
1239830 1937.7
1239840 1937.7
1239850 1927.2
1239860 1920.4
1239870 1920.4
1239880 1912.2
1239890 1901.5
1239900 1893.7
1239910 1893.7
1239920 1886.3
1239930 1879.9
1239940 1879.9
1239950 1874.4
1239960 1869.3
1239970 1869.3
1239980 1863.6
1239990 1855.3
