1220000 2579.9
1220010 2579.9
1220020 2576.1
1220030 2572.8
1220040 2572.8
1220050 2568.1
1220060 2561.0
1220070 2552.6
1220080 2552.6
1220090 2548.0
1220100 2543.7
1220110 2543.7
1220120 2539.3
1220130 2535.3
1220140 2535.3
1220150 2532.2
1220160 2530.1
1220170 2530.1
1220180 2527.7
1220190 2524.8
1220200 2524.8
1220210 2520.7
1220220 2515.8
1220230 2515.8
1220240 2510.9
1220250 2506.5
1220260 2506.5
1220270 2502.6
1220280 2499.5
1220290 2499.5
1220300 2497.3
1220310 2495.2
1220320 2492.3
1220330 2492.3
1220340 2488.9
1220350 2485.9
1220360 2485.9
1220370 2483.3
1220380 2477.6
1220390 2477.6
1220400 2476.2
1220410 2474.2
1220420 2474.2
1220430 2473.0
1220440 2472.7
1220450 2472.7
1220460 2472.8
1220470 2473.6
1220480 2473.6
1220490 2473.9
1220500 2473.2
1220510 2473.2
1220520 2469.7
1220530 2464.7
1220540 2464.7
1220550 2459.8
1220560 2454.4
1220570 2449.4
1220580 2449.4
1220590 2444.1
1220600 2439.0
1220610 2439.0
1220620 2434.7
1220630 2430.1
1220640 2430.1
1220650 2425.5
1220660 2421.4
1220670 2421.4
1220680 2419.1
1220690 2417.7
1220700 2417.7
1220710 2416.9
1220720 2416.6
1220730 2416.6
1220740 2416.6
1220750 2416.5
1220760 2416.5
1220770 2416.2
1220780 2416.1
1220790 2416.1
1220800 2416.3
1220810 2415.9
1220820 2414.6
1220830 2414.6
1220840 2413.5
1220850 2412.8
1220860 2413.2
1220870 2412.4
1220880 2411.8
1220890 2411.8
1220900 2411.7
1220910 2411.8
1220920 2411.8
1220930 2412.0
1220940 2412.1
1220950 2412.1
1220960 2413.0
1220970 2413.1
1220980 2413.1
1220990 2412.2
1221000 2410.6
1221010 2410.6
1221020 2409.2
1221030 2408.2
1221040 2408.2
1221050 2407.0
1221060 2406.3
1221070 2405.4
1221080 2405.4
1221090 2402.6
1221100 2398.4
1221110 2398.4
1221120 2393.3
1221130 2387.9
1221140 2387.9
1221150 2384.2
1221160 2380.8
1221170 2380.8
1221180 2376.7
1221190 2373.5
1221200 2373.5
1221210 2370.0
1221220 2366.1
1221230 2366.1
1221240 2362.9
1221250 2360.4
1221260 2360.4
1221270 2357.8
1221280 2355.6
1221290 2355.6
1221300 2353.4
1221310 2350.9
1221320 2348.1
1221330 2348.1
1221340 2342.7
1221350 2339.6
1221360 2339.6
1221370 2336.3
1221380 2333.3
1221390 2333.3
1221400 2330.6
1221410 2328.9
1221420 2328.9
1221430 2326.8
1221440 2323.8
1221450 2323.8
1221460 2320.9
1221470 2318.2
1221480 2318.2
1221490 2315.8
1221500 2313.3
1221510 2313.3
1221520 2311.0
1221530 2309.0
1221540 2307.2
1221550 2307.2
1221560 2305.9
1221570 2304.2
1221580 2304.2
1221590 2301.6
1221600 2297.4
1221610 2297.4
1221620 2293.6
1221630 2291.0
1221640 2291.0
1221650 2288.1
1221660 2285.1
1221670 2285.1
1221680 2281.3
1221690 2277.0
1221700 2277.0
1221710 2272.6
1221720 2268.4
1221730 2268.4
1221740 2265.3
1221750 2262.4
1221760 2262.4
1221770 2260.0
1221780 2257.7
1221790 2254.7
1221800 2254.7
1221810 2250.0
1221820 2244.9
1221830 2240.0
1221840 2236.1
1221850 2232.2
1221860 2232.2
1221870 2228.0
1221880 2224.0
1221890 2224.0
1221900 2220.5
1221910 2216.5
1221920 2216.5
1221930 2211.9
1221940 2207.1
1221950 2207.1
1221960 2202.7
1221970 2198.5
1221980 2198.5
1221990 2195.5
1222000 2193.7
1222010 2193.7
1222020 2192.6
1222030 2191.7
1222040 2190.9
1222050 2190.9
1222060 2190.2
1222070 2189.6
1222080 2189.6
1222090 2189.1
1222100 2188.7
1222110 2188.7
1222120 2188.4
1222130 2188.1
1222140 2188.1
1222150 2187.8
1222160 2187.6
1222170 2187.6
1222180 2187.3
1222190 2187.5
1222200 2187.5
1222210 2187.6
1222220 2188.3
1222230 2188.3
1222240 2190.7
1222250 2194.6
1222260 2194.6
1222270 2198.5
1222280 2201.1
1222290 2201.9
1222300 2201.9
1222310 2199.3
1222320 2198.1
1222330 2198.1
1222340 2196.6
1222350 2195.5
1222360 2195.5
1222370 2195.3
1222380 2195.7
1222390 2195.7
1222400 2196.5
1222410 2197.6
1222420 2197.6
1222430 2199.0
1222440 2199.8
1222450 2199.8
1222460 2200.3
1222470 2202.1
1222480 2202.1
1222490 2205.9
1222500 2210.0
1222510 2210.0
1222520 2213.6
1222530 2217.5
1222540 2221.6
1222550 2221.6
1222560 2225.2
1222570 2228.3
1222580 2228.3
1222590 2230.8
1222600 2232.9
1222610 2232.9
1222620 2236.2
1222630 2239.9
1222640 2239.9
1222650 2243.6
1222660 2247.5
1222670 2247.5
1222680 2251.9
1222690 2256.5
1222700 2256.5
1222710 2260.7
1222720 2264.6
1222730 2264.6
1222740 2268.7
1222750 2273.4
1222760 2273.4
1222770 2279.0
1222780 2285.1
1222790 2291.5
1222800 2294.0
1222810 2300.6
1222820 2307.2
1222830 2307.2
1222840 2313.9
1222850 2320.0
1222860 2320.0
1222870 2325.5
1222880 2333.6
1222890 2333.6
1222900 2344.8
1222910 2355.9
1222920 2355.9
1222930 2371.6
1222940 2383.5
1222950 2383.5
1222960 2389.5
1222970 2396.4
1222980 2396.4
1222990 2402.8
1223000 2412.6
1223010 2412.6
1223020 2422.4
1223030 2432.1
1223040 2442.4
1223050 2442.4
1223060 2453.4
1223070 2459.4
1223080 2459.4
1223090 2460.0
1223100 2448.4
1223110 2448.4
1223120 2442.4
1223130 2441.1
1223140 2441.1
1223150 2426.2
1223160 2407.4
1223170 2407.4
1223180 2399.5
1223190 2402.7
1223200 2402.7
1223210 2395.4
1223220 2387.5
1223230 2387.5
1223240 2381.6
1223250 2373.6
1223260 2373.6
1223270 2362.1
1223280 2344.5
1223290 2336.8
1223300 2336.8
1223310 2330.0
1223320 2323.8
1223330 2323.8
1223340 2318.9
1223350 2314.8
1223360 2314.8
1223370 2309.5
1223380 2305.3
1223390 2305.3
1223400 2301.7
1223410 2301.6
1223420 2301.6
1223430 2300.9
1223440 2297.4
1223450 2297.4
1223460 2294.9
1223470 2292.0
1223480 2292.0
1223490 2287.5
1223500 2282.0
1223510 2282.0
1223520 2275.2
1223530 2266.0
1223540 2255.9
1223550 2255.9
1223560 2246.3
1223570 2240.2
1223580 2240.2
1223590 2234.0
1223600 2227.7
1223610 2227.7
1223620 2221.8
1223630 2216.5
1223640 2216.5
1223650 2211.1
1223660 2205.6
1223670 2205.6
1223680 2199.6
1223690 2193.7
1223700 2193.7
1223710 2187.7
1223720 2181.8
1223730 2181.8
1223740 2176.1
1223750 2170.6
1223760 2170.6
1223770 2163.0
1223780 2158.0
1223790 2153.7
1223800 2153.7
1223810 2149.4
1223820 2144.0
1223830 2144.0
1223840 2138.6
1223850 2135.6
1223860 2135.6
1223870 2133.0
1223880 2130.6
1223890 2130.6
1223900 2127.0
1223910 2122.2
1223920 2122.2
1223930 2117.4
1223940 2113.3
1223950 2113.3
1223960 2109.0
1223970 2103.9
1223980 2103.9
1223990 2098.9
1224000 2093.8
1224010 2088.7
1224020 2088.7
1224030 2083.9
1224040 2078.4
1224050 2078.4
1224060 2073.7
1224070 2071.0
1224080 2071.0
1224090 2067.5
1224100 2063.6
1224110 2063.6
1224120 2060.2
1224130 2058.6
1224140 2058.6
1224150 2056.3
1224160 2052.8
1224170 2052.8
1224180 2048.8
1224190 2044.4
1224200 2044.4
1224210 2040.8
1224220 2039.3
1224230 2039.3
1224240 2038.9
1224250 2037.8
1224260 2036.8
1224270 2036.8
1224280 2036.9
1224290 2036.8
1224300 2036.8
1224310 2036.4
1224320 2036.0
1224330 2036.0
1224340 2035.7
1224350 2035.5
1224360 2035.5
1224370 2035.8
1224380 2036.6
1224390 2036.6
1224400 2037.3
1224410 2038.5
1224420 2038.5
1224430 2039.9
1224440 2041.7
1224450 2041.7
1224460 2042.9
1224470 2044.0
1224480 2044.0
1224490 2044.9
1224500 2045.7
1224510 2045.8
1224520 2045.8
1224530 2046.6
1224540 2046.9
1224550 2046.9
1224560 2048.1
1224570 2049.8
1224580 2049.8
1224590 2053.1
1224600 2056.5
1224610 2056.5
1224620 2059.8
1224630 2063.6
1224640 2063.6
1224650 2068.8
1224660 2072.8
1224670 2072.8
1224680 2075.5
1224690 2079.1
1224700 2079.1
1224710 2083.3
1224720 2087.3
1224730 2087.3
1224740 2096.0
1224750 2099.7
1224760 2103.9
1224770 2103.9
1224780 2110.0
1224790 2118.0
1224800 2118.0
1224810 2126.8
1224820 2131.9
1224830 2131.9
1224840 2135.5
1224850 2141.0
1224860 2141.0
1224870 2141.1
1224880 2139.2
1224890 2139.2
1224900 2137.9
1224910 2139.3
1224920 2139.3
1224930 2141.7
1224940 2144.2
1224950 2144.2
1224960 2148.3
1224970 2152.2
1224980 2152.2
1224990 2155.9
1225000 2159.4
1225010 2162.9
1225020 2162.9
1225030 2166.2
1225040 2170.0
1225050 2170.0
1225060 2174.2
1225070 2178.7
1225080 2178.7
1225090 2183.4
1225100 2187.7
1225110 2187.7
1225120 2191.8
1225130 2195.9
1225140 2195.9
1225150 2200.3
1225160 2204.8
1225170 2204.8
1225180 2210.2
1225190 2215.8
1225200 2215.8
1225210 2220.6
1225220 2223.7
1225230 2228.2
1225240 2232.3
1225250 2235.0
1225260 2238.0
1225270 2238.0
1225280 2243.5
1225290 2247.1
1225300 2247.1
1225310 2253.0
1225320 2260.4
1225330 2260.4
1225340 2267.8
1225350 2276.9
1225360 2276.9
1225370 2288.6
1225380 2303.2
1225390 2303.2
1225400 2311.6
1225410 2318.9
1225420 2318.9
1225430 2324.7
1225440 2329.6
1225450 2329.6
1225460 2337.1
1225470 2347.3
1225480 2347.3
1225490 2362.0
1225500 2379.7
1225510 2398.2
1225520 2398.2
1225530 2410.3
1225540 2419.2
1225550 2419.2
1225560 2429.2
1225570 2437.3
1225580 2437.3
1225590 2444.0
1225600 2448.6
1225610 2448.6
1225620 2453.7
1225630 2459.5
1225640 2459.5
1225650 2466.3
1225660 2474.0
1225670 2474.0
1225680 2481.6
1225690 2489.0
1225700 2489.0
1225710 2495.8
1225720 2502.3
1225730 2507.7
1225740 2513.7
1225750 2519.2
1225760 2525.1
1225770 2525.1
1225780 2532.4
1225790 2540.0
1225800 2540.0
1225810 2547.5
1225820 2555.0
1225830 2555.0
1225840 2562.4
1225850 2570.0
1225860 2570.0
1225870 2578.0
1225880 2586.0
1225890 2586.0
1225900 2592.9
1225910 2598.2
1225920 2598.2
1225930 2602.7
1225940 2602.7
1225950 2602.7
1225960 2598.5
1225970 2593.5
1225980 2593.5
1225990 2587.8
1226000 2581.4
1226010 2575.3
1226020 2575.3
1226030 2569.2
1226040 2562.8
1226050 2562.8
1226060 2557.2
1226070 2552.2
1226080 2552.2
1226090 2546.9
1226100 2541.3
1226110 2541.3
1226120 2536.5
1226130 2532.2
1226140 2532.2
1226150 2530.6
1226160 2529.0
1226170 2529.0
1226180 2525.2
1226190 2520.5
1226200 2520.5
1226210 2515.5
1226220 2503.9
1226230 2494.6
1226240 2494.6
1226250 2486.7
1226260 2479.4
1226270 2479.4
1226280 2470.8
1226290 2461.8
1226300 2461.8
1226310 2453.3
1226320 2446.3
1226330 2446.3
1226340 2440.7
1226350 2434.6
1226360 2434.6
1226370 2430.1
1226380 2426.7
1226390 2426.7
1226400 2422.8
1226410 2415.1
1226420 2415.1
1226430 2400.9
1226440 2386.0
1226450 2386.0
1226460 2373.3
1226470 2361.9
1226480 2350.9
1226490 2350.9
1226500 2339.5
1226510 2328.9
1226520 2328.9
1226530 2318.2
1226540 2317.2
1226550 2317.2
1226560 2317.2
1226570 2317.2
1226580 2317.2
1226590 2317.2
1226600 2317.2
1226610 2317.2
1226620 2317.2
1226630 2317.2
1226640 2317.2
1226650 2317.2
1226660 2317.2
1226670 2317.2
1226680 2317.2
1226690 2317.2
1226700 2317.2
1226710 2317.2
1226720 2317.2
1226730 2317.2
1226740 2317.2
1226750 2317.2
1226760 2317.2
1226770 2317.2
1226780 2317.2
1226790 2317.2
1226800 2317.2
1226810 2317.2
1226820 2317.2
1226830 2317.2
1226840 2317.2
1226850 2317.2
1226860 2317.2
1226870 2317.2
1226880 2317.2
1226890 2317.2
1226900 2317.2
1226910 2317.2
1226920 2317.2
1226930 2317.2
1226940 2317.2
1226950 2317.2
1226960 2317.2
1226970 2317.2
1226980 2317.2
1226990 2317.2
1227000 2317.2
1227010 2317.2
1227020 2317.2
1227030 2317.2
1227040 2317.2
1227050 2317.2
1227060 2317.2
1227070 2317.2
1227080 2317.2
1227090 2317.2
1227100 2317.2
1227110 2317.2
1227120 2317.2
1227130 2317.2
1227140 2317.2
1227150 2317.2
1227160 2317.2
1227170 2317.2
1227180 2317.2
1227190 2317.2
1227200 2317.2
1227210 2317.2
1227220 2317.2
1227230 2317.2
1227240 2317.2
1227250 2317.2
1227260 2317.2
1227270 2317.2
1227280 2317.2
1227290 2317.2
1227300 2317.2
1227310 2317.2
1227320 2317.2
1227330 2317.2
1227340 2317.2
1227350 2317.2
1227360 2317.2
1227370 2317.2
1227380 2317.2
1227390 2317.2
1227400 2317.2
1227410 2317.2
1227420 2317.2
1227430 2317.2
1227440 2317.2
1227450 2317.2
1227460 2317.2
1227470 2317.2
1227480 2317.2
1227490 2317.2
1227500 2317.2
1227510 2317.2
1227520 2317.2
1227530 2317.2
1227540 2317.2
1227550 2317.2
1227560 2317.2
1227570 2317.2
1227580 2317.2
1227590 2317.2
1227600 2317.2
1227610 2317.2
1227620 2317.2
1227630 2317.2
1227640 2317.2
1227650 2317.2
1227660 2317.2
1227670 2317.2
1227680 2317.2
1227690 2317.2
1227700 2317.2
1227710 2317.2
1227720 2317.2
1227730 2317.2
1227740 2317.2
1227750 2317.2
1227760 2317.2
1227770 2317.2
1227780 2317.2
1227790 2317.2
1227800 2317.2
1227810 2317.2
1227820 2317.2
1227830 2317.2
1227840 2317.2
1227850 2317.7
1227860 2317.7
1227870 2320.5
1227880 2324.2
1227890 2324.2
1227900 2328.2
1227910 2333.7
1227920 2333.7
1227930 2338.3
1227940 2342.4
1227950 2342.4
1227960 2346.9
1227970 2351.5
1227980 2355.9
1227990 2355.9
1228000 2359.8
1228010 2365.0
1228020 2365.0
1228030 2370.8
1228040 2377.2
1228050 2377.2
1228060 2383.4
1228070 2389.9
1228080 2389.9
1228090 2397.3
1228100 2405.3
1228110 2405.3
1228120 2413.4
1228130 2422.5
1228140 2422.5
1228150 2431.9
1228160 2441.2
1228170 2441.2
1228180 2447.9
1228190 2455.4
1228200 2461.3
1228210 2461.3
1228220 2467.0
1228230 2472.9
1228240 2472.9
1228250 2478.3
1228260 2483.1
1228270 2483.1
1228280 2487.4
1228290 2492.8
1228300 2492.8
1228310 2497.7
1228320 2501.8
1228330 2501.8
1228340 2505.0
1228350 2505.7
1228360 2505.7
1228370 2506.5
1228380 2507.4
1228390 2507.4
1228400 2508.5
1228410 2509.8
1228420 2509.8
1228430 2511.0
1228440 2512.1
1228450 2513.0
1228460 2513.0
1228470 2513.8
1228480 2514.3
1228490 2514.3
1228500 2514.5
1228510 2514.4
1228520 2514.4
1228530 2514.9
1228540 2515.9
1228550 2515.9
1228560 2517.0
1228570 2518.8
1228580 2518.8
1228590 2521.9
1228600 2525.3
1228610 2525.3
1228620 2527.7
1228630 2530.3
1228640 2530.3
1228650 2533.0
1228660 2535.5
1228670 2535.5
1228680 2539.2
1228690 2543.2
1228700 2545.6
1228710 2545.6
1228720 2547.1
1228730 2548.8
1228740 2548.8
1228750 2552.8
1228760 2557.3
1228770 2557.3
1228780 2562.2
1228790 2567.7
1228800 2567.7
1228810 2572.6
1228820 2578.1
1228830 2578.1
1228840 2584.6
1228850 2591.2
1228860 2591.2
1228870 2597.9
1228880 2604.3
1228890 2604.3
1228900 2611.1
1228910 2621.7
1228920 2621.7
1228930 2634.2
1228940 2641.3
1228950 2649.3
1228960 2649.3
1228970 2659.7
1228980 2668.9
1228990 2668.9
1229000 2673.7
1229010 2675.2
1229020 2675.2
1229030 2670.9
1229040 2656.8
1229050 2656.8
1229060 2644.9
1229070 2639.7
1229080 2639.7
1229090 2638.1
1229100 2637.6
1229110 2637.6
1229120 2636.6
1229130 2634.7
1229140 2634.7
1229150 2627.1
1229160 2623.2
1229170 2623.2
1229180 2624.0
1229190 2608.9
1229200 2605.0
1229210 2605.0
1229220 2602.6
1229230 2602.9
1229240 2602.9
1229250 2605.3
1229260 2606.3
1229270 2606.3
1229280 2606.6
1229290 2606.1
1229300 2606.1
1229310 2605.9
1229320 2610.5
1229330 2610.5
1229340 2612.9
1229350 2614.3
1229360 2614.3
1229370 2614.1
1229380 2621.9
1229390 2621.9
1229400 2623.3
1229410 2625.4
1229420 2625.4
1229430 2629.1
1229440 2631.8
1229450 2630.0
1229460 2630.0
1229470 2631.2
1229480 2636.6
1229490 2636.6
1229500 2642.6
1229510 2646.6
1229520 2646.6
1229530 2650.4
1229540 2657.2
1229550 2657.2
1229560 2672.1
1229570 2680.5
1229580 2680.5
1229590 2685.3
1229600 2687.8
1229610 2687.8
1229620 2689.6
1229630 2692.9
1229640 2692.9
1229650 2698.7
1229660 2709.1
1229670 2709.1
1229680 2709.4
1229690 2709.9
1229700 2710.2
1229710 2710.2
1229720 2711.5
1229730 2714.3
1229740 2714.3
1229750 2716.8
1229760 2719.3
1229770 2719.3
1229780 2721.5
1229790 2723.0
1229800 2723.0
1229810 2724.4
1229820 2725.5
1229830 2725.5
1229840 2726.0
1229850 2727.3
1229860 2727.3
1229870 2728.6
1229880 2729.6
1229890 2729.6
1229900 2729.8
1229910 2724.6
1229920 2724.6
1229930 2721.1
1229940 2714.9
1229950 2706.1
1229960 2706.1
1229970 2700.8
1229980 2694.7
1229990 2694.7
1230000 2684.9
1230010 2675.2
1230020 2675.2
1230030 2666.9
1230040 2658.8
1230050 2658.8
1230060 2650.0
1230070 2641.2
1230080 2641.2
1230090 2632.1
1230100 2624.4
1230110 2624.4
1230120 2617.1
1230130 2609.1
1230140 2609.1
1230150 2601.9
1230160 2594.7
1230170 2587.7
1230180 2585.7
1230190 2578.5
1230200 2571.7
1230210 2571.7
1230220 2565.5
1230230 2558.2
1230240 2558.2
1230250 2549.5
1230260 2542.3
1230270 2542.3
1230280 2534.7
1230290 2527.2
1230300 2527.2
1230310 2518.5
1230320 2510.3
1230330 2510.3
1230340 2500.0
1230350 2490.1
1230360 2490.1
1230370 2482.3
1230380 2475.8
1230390 2475.8
1230400 2469.2
1230410 2460.0
1230420 2450.9
1230430 2450.9
1230440 2441.7
1230450 2434.2
1230460 2434.2
1230470 2427.9
1230480 2421.8
1230490 2421.8
1230500 2415.4
1230510 2407.5
1230520 2407.5
1230530 2396.7
1230540 2387.0
1230550 2387.0
1230560 2382.4
1230570 2377.8
1230580 2377.8
1230590 2372.6
1230600 2366.9
1230610 2366.9
1230620 2361.3
1230630 2355.9
1230640 2355.9
1230650 2351.1
1230660 2346.7
1230670 2342.5
1230680 2343.3
1230690 2338.5
1230700 2333.7
1230710 2333.7
1230720 2327.6
1230730 2321.5
1230740 2321.5
1230750 2315.3
1230760 2309.1
1230770 2309.1
1230780 2303.2
1230790 2297.4
1230800 2297.4
1230810 2291.7
1230820 2286.0
1230830 2286.0
1230840 2280.3
1230850 2275.1
1230860 2275.1
1230870 2270.7
1230880 2265.4
1230890 2265.4
1230900 2259.5
1230910 2254.1
1230920 2247.0
1230930 2247.0
1230940 2240.1
1230950 2235.6
1230960 2235.6
1230970 2229.4
1230980 2224.0
1230990 2224.0
1231000 2218.3
1231010 2211.6
1231020 2211.6
1231030 2204.6
1231040 2198.3
1231050 2198.3
1231060 2192.2
1231070 2184.5
1231080 2184.5
1231090 2177.1
1231100 2170.0
1231110 2170.0
1231120 2161.9
1231130 2154.2
1231140 2154.2
1231150 2147.7
1231160 2137.2
1231170 2126.9
1231180 2126.9
1231190 2118.0
1231200 2112.4
1231210 2112.4
1231220 2104.8
1231230 2097.1
1231240 2097.1
1231250 2091.2
1231260 2084.2
1231270 2084.2
1231280 2076.4
1231290 2069.3
1231300 2069.3
1231310 2063.7
1231320 2060.1
1231330 2060.1
1231340 2056.4
1231350 2052.0
1231360 2052.0
1231370 2047.5
1231380 2043.1
1231390 2043.1
1231400 2038.1
1231410 2031.6
1231420 2024.1
1231430 2024.1
1231440 2016.5
1231450 2009.4
1231460 2009.4
1231470 2005.5
1231480 2001.5
1231490 2001.5
1231500 1997.7
1231510 1992.6
1231520 1992.6
1231530 1987.4
1231540 1983.1
1231550 1983.1
1231560 1979.3
1231570 1975.8
1231580 1975.8
1231590 1971.9
1231600 1967.2
1231610 1967.2
1231620 1962.4
1231630 1959.1
1231640 1959.1
1231650 1957.9
1231660 1957.2
1231670 1955.1
1231680 1955.1
1231690 1947.4
1231700 1944.5
1231710 1944.5
1231720 1941.7
1231730 1938.6
1231740 1938.6
1231750 1935.5
1231760 1932.1
1231770 1932.1
1231780 1928.6
1231790 1925.5
1231800 1925.5
1231810 1923.1
1231820 1921.2
1231830 1921.2
1231840 1919.5
1231850 1917.4
1231860 1917.4
1231870 1914.7
1231880 1911.6
1231890 1911.6
1231900 1908.6
1231910 1904.8
1231920 1901.4
1231930 1901.4
1231940 1898.3
1231950 1895.3
1231960 1895.3
1231970 1893.0
1231980 1890.7
1231990 1890.7
1232000 1888.3
1232010 1885.6
1232020 1885.6
1232030 1883.3
1232040 1881.2
1232050 1881.2
1232060 1878.7
1232070 1876.2
1232080 1876.2
1232090 1874.3
1232100 1872.3
1232110 1872.3
1232120 1870.6
1232130 1868.7
1232140 1866.7
1232150 1866.7
1232160 1864.7
1232170 1862.8
1232180 1862.8
1232190 1861.1
1232200 1859.6
1232210 1859.6
1232220 1857.9
1232230 1855.7
1232240 1855.7
1232250 1854.3
1232260 1853.3
1232270 1853.3
1232280 1854.1
1232290 1854.1
1232300 1854.1
1232310 1854.0
1232320 1854.4
1232330 1854.4
1232340 1855.3
1232350 1856.1
1232360 1856.1
1232370 1857.3
1232380 1858.6
1232390 1860.4
1232400 1860.4
1232410 1862.9
1232420 1865.8
1232430 1865.8
1232440 1868.3
1232450 1871.2
1232460 1871.2
1232470 1876.0
1232480 1881.6
1232490 1881.6
1232500 1887.4
1232510 1893.0
1232520 1893.0
1232530 1898.4
1232540 1903.6
1232550 1903.6
1232560 1909.0
1232570 1914.8
1232580 1914.8
1232590 1920.9
1232600 1926.8
1232610 1926.8
1232620 1931.4
1232630 1935.4
1232640 1939.9
1232650 1939.9
1232660 1945.1
1232670 1952.0
1232680 1952.0
1232690 1958.9
1232700 1970.2
1232710 1970.2
1232720 1978.7
1232730 1987.5
1232740 1987.5
1232750 1998.0
1232760 2007.9
1232770 2007.9
1232780 2014.7
1232790 2021.7
1232800 2021.7
1232810 2028.2
1232820 2032.2
1232830 2032.2
1232840 2035.7
1232850 2041.8
1232860 2041.8
1232870 2047.9
1232880 2054.3
1232890 2060.8
1232900 2060.8
1232910 2067.1
1232920 2070.2
1232930 2070.2
1232940 2070.9
1232950 2076.6
1232960 2076.6
1232970 2085.2
1232980 2092.1
1232990 2092.1
1233000 2097.1
1233010 2103.0
1233020 2103.0
1233030 2109.7
1233040 2116.2
1233050 2116.2
1233060 2121.8
1233070 2126.4
1233080 2126.4
1233090 2130.3
1233100 2134.1
1233110 2134.1
1233120 2138.1
1233130 2141.6
1233140 2145.5
1233150 2145.5
1233160 2149.6
1233170 2151.7
1233180 2151.7
1233190 2155.5
1233200 2165.3
1233210 2165.3
1233220 2171.8
1233230 2179.7
1233240 2179.7
1233250 2188.3
1233260 2197.1
1233270 2197.1
1233280 2205.9
1233290 2214.5
1233300 2214.5
1233310 2223.3
1233320 2231.7
1233330 2231.7
1233340 2240.2
1233350 2248.8
1233360 2248.8
1233370 2257.2
1233380 2265.4
1233390 2274.0
1233400 2274.0
1233410 2281.7
1233420 2288.8
1233430 2288.8
1233440 2295.8
1233450 2302.4
1233460 2302.4
1233470 2307.2
1233480 2310.7
1233490 2310.7
1233500 2315.4
1233510 2322.9
1233520 2322.9
1233530 2330.2
1233540 2336.7
1233550 2336.7
1233560 2344.6
1233570 2350.9
1233580 2350.9
1233590 2353.7
1233600 2359.7
1233610 2359.7
1233620 2365.1
1233630 2369.2
1233640 2378.4
1233650 2378.4
1233660 2388.4
1233670 2398.3
1233680 2398.3
1233690 2403.2
1233700 2403.4
1233710 2401.6
1233720 2400.8
1233730 2401.0
1233740 2401.0
1233750 2402.4
1233760 2404.2
1233770 2404.2
1233780 2404.6
1233790 2406.6
1233800 2406.6
1233810 2410.1
1233820 2411.4
1233830 2411.4
1233840 2413.0
1233850 2412.5
1233860 2412.5
1233870 2410.1
1233880 2404.3
1233890 2398.2
1233900 2398.2
1233910 2391.8
1233920 2385.1
1233930 2385.1
1233940 2377.4
1233950 2369.3
1233960 2369.3
1233970 2361.3
1233980 2353.5
1233990 2353.5
1234000 2346.1
1234010 2339.0
1234020 2339.0
1234030 2332.3
1234040 2326.3
1234050 2326.3
1234060 2320.3
1234070 2315.2
1234080 2315.2
1234090 2310.2
1234100 2306.0
1234110 2306.0
1234120 2297.5
1234130 2286.8
1234140 2276.9
1234150 2276.9
1234160 2266.6
1234170 2257.6
1234180 2257.6
1234190 2247.6
1234200 2238.0
1234210 2238.0
1234220 2234.0
1234230 2227.8
1234240 2227.8
1234250 2222.8
1234260 2215.3
1234270 2215.3
1234280 2205.0
1234290 2194.9
1234300 2194.9
1234310 2184.3
1234320 2170.7
1234330 2170.7
1234340 2157.2
1234350 2146.1
1234360 2135.6
1234370 2135.6
1234380 2123.2
1234390 2114.3
1234400 2114.3
1234410 2105.9
1234420 2098.1
1234430 2098.1
1234440 2090.4
1234450 2082.4
1234460 2082.4
1234470 2074.2
1234480 2065.0
1234490 2065.0
1234500 2056.5
1234510 2048.9
1234520 2048.9
1234530 2041.1
1234540 2033.1
1234550 2033.1
1234560 2025.2
1234570 2017.8
1234580 2017.8
1234590 2010.1
1234600 2002.6
1234610 1993.9
1234620 1993.9
1234630 1983.8
1234640 1978.4
1234650 1978.4
1234660 1975.5
1234670 1973.8
1234680 1973.8
1234690 1962.3
1234700 1950.2
1234710 1950.2
1234720 1936.7
1234730 1937.1
1234740 1937.1
1234750 1936.3
1234760 1927.5
1234770 1927.5
1234780 1919.8
1234790 1907.6
1234800 1907.6
1234810 1892.0
1234820 1876.5
1234830 1876.5
1234840 1856.0
1234850 1842.0
1234860 1829.0
1234870 1829.0
1234880 1809.2
1234890 1796.5
1234900 1796.5
1234910 1788.2
1234920 1782.6
1234930 1782.6
1234940 1774.3
1234950 1760.4
1234960 1760.4
1234970 1745.9
1234980 1731.0
1234990 1731.0
1235000 1717.8
1235010 1717.8
1235020 1717.8
1235030 1719.3
1235040 1699.4
1235050 1699.4
1235060 1685.1
1235070 1680.9
1235080 1680.9
1235090 1672.4
1235100 1659.4
1235110 1647.0
1235120 1647.0
1235130 1633.0
1235140 1617.9
1235150 1617.9
1235160 1611.9
1235170 1606.6
1235180 1606.6
1235190 1601.4
1235200 1596.0
1235210 1596.0
1235220 1591.0
1235230 1587.7
1235240 1587.7
1235250 1584.0
1235260 1581.1
1235270 1581.1
1235280 1578.2
1235290 1576.2
1235300 1576.2
1235310 1574.5
1235320 1573.5
1235330 1573.5
1235340 1573.5
1235350 1573.3
1235360 1572.2
1235370 1572.2
1235380 1571.6
1235390 1570.8
1235400 1570.8
1235410 1573.1
1235420 1575.0
1235430 1575.0
1235440 1576.0
1235450 1577.1
1235460 1577.1
1235470 1576.8
1235480 1576.9
1235490 1576.9
1235500 1577.2
1235510 1578.0
1235520 1578.0
1235530 1578.8
1235540 1579.4
1235550 1579.4
1235560 1579.7
1235570 1580.5
1235580 1580.5
1235590 1581.2
1235600 1581.4
1235610 1580.7
1235620 1580.7
1235630 1581.7
1235640 1582.3
1235650 1582.3
1235660 1583.1
1235670 1583.0
1235680 1583.0
1235690 1583.3
1235700 1583.3
1235710 1583.3
1235720 1583.5
1235730 1584.2
1235740 1586.4
1235750 1585.1
1235760 1584.2
1235770 1584.2
1235780 1584.1
1235790 1583.7
1235800 1583.7
1235810 1584.4
1235820 1585.2
1235830 1585.2
1235840 1586.2
1235850 1587.3
1235860 1588.3
1235870 1588.3
1235880 1587.8
1235890 1587.1
1235900 1587.1
1235910 1587.2
1235920 1587.1
1235930 1587.1
1235940 1587.5
1235950 1588.4
1235960 1588.4
1235970 1588.3
1235980 1588.2
1235990 1588.2
1236000 1588.1
1236010 1590.2
1236020 1590.2
1236030 1595.9
1236040 1601.6
1236050 1601.6
1236060 1605.9
1236070 1609.9
1236080 1615.1
1236090 1615.1
1236100 1621.3
1236110 1627.7
1236120 1627.7
1236130 1633.6
1236140 1638.3
1236150 1638.3
1236160 1642.1
1236170 1645.3
1236180 1645.3
1236190 1647.4
1236200 1651.3
1236210 1651.3
1236220 1658.7
1236230 1666.9
1236240 1666.9
1236250 1676.9
1236260 1685.1
1236270 1685.1
1236280 1692.4
1236290 1695.9
1236300 1695.9
1236310 1697.3
1236320 1700.0
1236330 1705.9
1236340 1705.9
1236350 1713.9
1236360 1721.4
1236370 1721.4
1236380 1727.9
1236390 1733.1
1236400 1733.1
1236410 1736.1
1236420 1736.3
1236430 1736.3
1236440 1734.1
1236450 1732.0
1236460 1732.0
1236470 1727.1
1236480 1719.1
1236490 1719.1
1236500 1715.4
1236510 1723.0
1236520 1723.0
1236530 1732.3
1236540 1739.8
1236550 1739.8
1236560 1747.0
1236570 1754.6
1236580 1762.4
1236590 1762.4
1236600 1769.4
1236610 1773.7
1236620 1773.7
1236630 1776.1
1236640 1778.1
1236650 1778.1
1236660 1783.3
1236670 1788.0
1236680 1788.0
1236690 1790.6
1236700 1792.8
1236710 1792.8
1236720 1793.1
1236730 1793.3
1236740 1793.3
1236750 1794.4
1236760 1794.7
1236770 1803.2
1236780 1799.9
1236790 1798.1
1236800 1798.1
1236810 1798.0
1236820 1798.5
1236830 1799.5
1236840 1799.5
1236850 1800.1
1236860 1800.5
1236870 1800.5
1236880 1802.9
1236890 1805.8
1236900 1805.8
1236910 1807.1
1236920 1805.6
1236930 1805.6
1236940 1806.1
1236950 1810.3
1236960 1810.3
1236970 1814.9
1236980 1821.3
1236990 1821.3
1237000 1829.9
1237010 1836.2
1237020 1836.2
1237030 1842.2
1237040 1850.0
1237050 1850.0
1237060 1859.0
1237070 1868.7
1237080 1878.0
1237090 1878.0
1237100 1887.4
1237110 1898.2
1237120 1898.2
1237130 1907.5
1237140 1915.3
1237150 1915.3
1237160 1918.7
1237170 1918.6
1237180 1918.6
1237190 1917.1
1237200 1915.1
1237210 1915.1
1237220 1912.3
1237230 1908.9
1237240 1908.9
1237250 1906.0
1237260 1902.7
1237270 1902.7
1237280 1904.4
1237290 1896.0
1237300 1896.0
1237310 1885.4
1237320 1874.6
1237330 1864.2
1237340 1864.2
1237350 1847.9
1237360 1834.0
1237370 1834.0
1237380 1822.9
1237390 1822.2
1237400 1822.2
1237410 1833.0
1237420 1845.2
1237430 1845.2
1237440 1855.4
1237450 1862.3
1237460 1862.3
1237470 1866.8
1237480 1871.6
1237490 1871.6
1237500 1874.7
1237510 1877.8
1237520 1877.8
1237530 1883.4
1237540 1891.5
1237550 1891.5
1237560 1893.0
1237570 1889.1
1237580 1883.3
1237590 1883.3
1237600 1878.2
1237610 1874.7
1237620 1874.7
1237630 1872.2
1237640 1870.7
1237650 1870.7
1237660 1867.3
1237670 1865.7
1237680 1865.7
1237690 1871.0
1237700 1873.0
1237710 1873.0
1237720 1872.6
1237730 1872.2
1237740 1872.2
1237750 1870.6
1237760 1867.4
1237770 1867.4
1237780 1864.1
1237790 1864.6
1237800 1864.6
1237810 1852.1
1237820 1839.0
1237830 1837.3
1237840 1837.3
1237850 1853.6
1237860 1863.7
1237870 1863.7
1237880 1878.7
1237890 1886.6
1237900 1886.6
1237910 1886.2
1237920 1884.2
1237930 1884.2
1237940 1882.0
1237950 1880.5
1237960 1880.5
1237970 1878.1
1237980 1876.5
1237990 1876.5
1238000 1875.5
1238010 1875.2
1238020 1875.2
1238030 1874.9
1238040 1874.2
1238050 1872.1
1238060 1872.1
1238070 1870.0
1238080 1869.1
1238090 1869.1
1238100 1868.9
1238110 1867.7
1238120 1867.7
1238130 1865.8
1238140 1863.8
1238150 1863.8
1238160 1861.7
1238170 1860.0
1238180 1860.0
1238190 1858.7
1238200 1856.8
1238210 1856.8
1238220 1852.5
1238230 1844.2
1238240 1844.2
1238250 1836.2
1238260 1831.6
1238270 1831.6
1238280 1825.8
1238290 1819.3
1238300 1807.4
1238310 1801.9
1238320 1788.7
1238330 1773.4
1238340 1773.4
1238350 1763.4
1238360 1762.3
1238370 1762.3
1238380 1763.1
1238390 1766.5
1238400 1766.5
1238410 1769.2
1238420 1767.7
1238430 1767.7
1238440 1764.7
1238450 1757.4
1238460 1757.4
1238470 1770.2
1238480 1786.5
1238490 1786.5
1238500 1787.2
1238510 1793.7
1238520 1793.7
1238530 1799.0
1238540 1801.3
1238550 1800.9
1238560 1800.9
1238570 1798.9
1238580 1799.8
1238590 1799.8
1238600 1799.2
1238610 1798.6
1238620 1798.6
1238630 1798.0
1238640 1797.0
1238650 1797.0
1238660 1796.7
1238670 1796.3
1238680 1796.3
1238690 1795.2
1238700 1794.0
1238710 1794.0
1238720 1790.5
1238730 1783.6
1238740 1783.6
1238750 1777.5
1238760 1771.4
1238770 1771.4
1238780 1765.1
1238790 1758.4
1238800 1752.0
1238810 1752.0
1238820 1745.3
1238830 1740.6
1238840 1740.6
1238850 1738.5
1238860 1735.4
1238870 1735.4
1238880 1729.2
1238890 1721.7
1238900 1721.7
1238910 1715.4
1238920 1711.1
1238930 1711.1
1238940 1707.4
1238950 1703.4
1238960 1703.4
1238970 1700.1
1238980 1701.4
1238990 1701.4
1239000 1701.8
1239010 1699.1
1239020 1699.1
1239030 1694.1
1239040 1688.8
1239050 1685.2
1239060 1685.2
1239070 1682.5
1239080 1675.8
1239090 1675.8
1239100 1669.3
1239110 1665.6
1239120 1665.6
1239130 1661.1
1239140 1656.7
1239150 1656.7
1239160 1656.9
1239170 1657.0
1239180 1657.0
1239190 1661.6
1239200 1666.6
1239210 1666.6
1239220 1662.4
1239230 1657.7
1239240 1657.7
1239250 1656.5
1239260 1655.7
1239270 1655.7
1239280 1655.0
1239290 1653.9
1239300 1653.7
1239310 1653.7
1239320 1654.3
1239330 1653.2
1239340 1661.4
1239350 1657.5
1239360 1653.3
1239370 1653.3
1239380 1648.3
1239390 1641.5
1239400 1641.5
1239410 1637.6
1239420 1635.4
1239430 1635.4
1239440 1633.5
1239450 1629.6
1239460 1629.6
1239470 1622.8
1239480 1613.5
1239490 1613.5
1239500 1606.4
1239510 1601.4
1239520 1601.4
1239530 1598.0
1239540 1598.9
1239550 1605.4
1239560 1605.4
1239570 1612.6
1239580 1609.0
1239590 1609.0
1239600 1604.8
1239610 1599.1
1239620 1599.1
1239630 1593.6
1239640 1589.9
1239650 1589.9
1239660 1584.8
1239670 1577.5
1239680 1577.5
1239690 1569.2
1239700 1560.4
1239710 1560.4
1239720 1552.0
1239730 1545.0
1239740 1545.0
1239750 1539.0
1239760 1533.5
1239770 1530.9
1239780 1530.9
1239790 1535.0
1239800 1541.2
1239810 1541.2
1239820 1538.7
1239830 1533.4
1239840 1533.4
1239850 1527.7
1239860 1531.5
1239870 1531.5
1239880 1532.1
1239890 1530.0
1239900 1530.0
1239910 1527.3
1239920 1524.2
1239930 1524.2
1239940 1519.7
1239950 1515.4
1239960 1515.4
1239970 1512.2
1239980 1508.5
1239990 1508.5
