1220000 2363.9
1220010 2362.8
1220020 2361.8
1220030 2360.8
1220040 2359.7
1220050 2359.7
1220060 2358.3
1220070 2355.9
1220080 2355.9
1220090 2353.8
1220100 2352.4
1220110 2352.2
1220120 2352.2
1220130 2350.3
1220140 2347.2
1220150 2347.2
1220160 2343.9
1220170 2341.5
1220180 2341.5
1220190 2339.4
1220200 2337.1
1220210 2337.1
1220220 2334.4
1220230 2331.7
1220240 2331.7
1220250 2329.5
1220260 2329.1
1220270 2329.1
1220280 2328.3
1220290 2327.3
1220300 2327.3
1220310 2325.1
1220320 2324.7
1220330 2324.9
1220340 2324.9
1220350 2325.1
1220360 2325.1
1220370 2325.1
1220380 2325.5
1220390 2326.5
1220400 2326.5
1220410 2328.0
1220420 2329.3
1220430 2329.3
1220440 2331.4
1220450 2334.0
1220460 2334.0
1220470 2336.0
1220480 2337.3
1220490 2337.3
1220500 2336.8
1220510 2337.2
1220520 2337.2
1220530 2336.5
1220540 2336.3
1220550 2336.3
1220560 2337.9
1220570 2339.2
1220580 2339.6
1220590 2339.6
1220600 2337.6
1220610 2335.3
1220620 2335.3
1220630 2334.0
1220640 2336.5
1220650 2336.5
1220660 2340.9
1220670 2345.7
1220680 2345.7
1220690 2350.6
1220700 2354.3
1220710 2354.3
1220720 2358.1
1220730 2361.9
1220740 2361.9
1220750 2366.5
1220760 2367.5
1220770 2367.5
1220780 2367.0
1220790 2367.9
1220800 2367.9
1220810 2370.6
1220820 2374.0
1220830 2377.4
1220840 2377.4
1220850 2381.6
1220860 2386.3
1220870 2386.3
1220880 2391.3
1220890 2396.2
1220900 2396.2
1220910 2401.2
1220920 2405.5
1220930 2405.5
1220940 2409.5
1220950 2413.7
1220960 2413.7
1220970 2418.2
1220980 2422.5
1220990 2427.7
1221000 2433.0
1221010 2441.6
1221020 2441.6
1221030 2452.3
1221040 2461.4
1221050 2461.4
1221060 2470.9
1221070 2481.1
1221080 2492.3
1221090 2492.3
1221100 2499.6
1221110 2505.3
1221120 2505.3
1221130 2511.6
1221140 2517.8
1221150 2517.8
1221160 2523.9
1221170 2531.0
1221180 2531.0
1221190 2539.0
1221200 2547.4
1221210 2547.4
1221220 2554.6
1221230 2562.5
1221240 2562.5
1221250 2571.7
1221260 2581.0
1221270 2581.0
1221280 2587.4
1221290 2588.2
1221300 2588.2
1221310 2579.7
1221320 2565.4
1221330 2549.9
1221340 2549.9
1221350 2533.2
1221360 2509.1
1221370 2509.1
1221380 2484.5
1221390 2469.8
1221400 2469.8
1221410 2462.0
1221420 2454.7
1221430 2454.7
1221440 2447.6
1221450 2440.2
1221460 2440.2
1221470 2435.0
1221480 2428.0
1221490 2428.0
1221500 2421.5
1221510 2415.5
1221520 2415.5
1221530 2410.4
1221540 2405.4
1221550 2405.4
1221560 2400.9
1221570 2397.9
1221580 2395.9
1221590 2395.9
1221600 2392.8
1221610 2389.7
1221620 2389.7
1221630 2386.9
1221640 2384.6
1221650 2384.6
1221660 2383.2
1221670 2382.1
1221680 2382.1
1221690 2381.0
1221700 2380.9
1221710 2380.9
1221720 2382.1
1221730 2383.5
1221740 2383.5
1221750 2384.7
1221760 2386.8
1221770 2386.8
1221780 2389.0
1221790 2391.4
1221800 2391.4
1221810 2395.7
1221820 2400.8
1221830 2405.9
1221840 2405.9
1221850 2411.1
1221860 2414.4
1221870 2414.4
1221880 2416.4
1221890 2417.5
1221900 2417.5
1221910 2417.1
1221920 2415.4
1221930 2415.4
1221940 2412.2
1221950 2405.9
1221960 2405.9
1221970 2400.6
1221980 2393.3
1221990 2393.3
1222000 2386.1
1222010 2378.6
1222020 2378.6
1222030 2372.3
1222040 2367.6
1222050 2367.6
1222060 2360.8
1222070 2355.5
1222080 2351.8
1222090 2351.8
1222100 2343.5
1222110 2334.2
1222120 2334.2
1222130 2322.3
1222140 2308.6
1222150 2308.6
1222160 2299.7
1222170 2292.6
1222180 2292.6
1222190 2286.3
1222200 2279.4
1222210 2279.4
1222220 2274.1
1222230 2268.3
1222240 2268.3
1222250 2263.2
1222260 2258.2
1222270 2258.2
1222280 2254.0
1222290 2249.9
1222300 2249.9
1222310 2244.9
1222320 2238.7
1222330 2233.0
1222340 2233.0
1222350 2222.5
1222360 2214.3
1222370 2214.3
1222380 2209.0
1222390 2203.7
1222400 2203.7
1222410 2199.1
1222420 2195.7
1222430 2195.7
1222440 2197.1
1222450 2192.8
1222460 2192.8
1222470 2187.0
1222480 2179.7
1222490 2179.7
1222500 2172.1
1222510 2164.8
1222520 2164.8
1222530 2158.8
1222540 2153.8
1222550 2153.8
1222560 2149.0
1222570 2144.2
1222580 2138.9
1222590 2138.9
1222600 2134.2
1222610 2129.7
1222620 2129.7
1222630 2125.1
1222640 2119.8
1222650 2119.8
1222660 2114.5
1222670 2109.9
1222680 2109.9
1222690 2104.5
1222700 2098.7
1222710 2098.7
1222720 2094.2
1222730 2089.7
1222740 2089.7
1222750 2084.9
1222760 2080.6
1222770 2080.6
1222780 2078.4
1222790 2077.3
1222800 2077.3
1222810 2075.4
1222820 2072.4
1222830 2071.8
1222840 2071.8
1222850 2073.9
1222860 2073.7
1222870 2073.7
1222880 2073.1
1222890 2072.3
1222900 2072.3
1222910 2073.1
1222920 2075.4
1222930 2075.4
1222940 2076.8
1222950 2081.4
1222960 2081.4
1222970 2087.0
1222980 2088.1
1222990 2088.1
1223000 2086.0
1223010 2085.5
1223020 2085.5
1223030 2086.0
1223040 2087.9
1223050 2087.9
1223060 2088.6
1223070 2090.0
1223080 2093.0
1223090 2093.0
1223100 2096.3
1223110 2099.9
1223120 2099.9
1223130 2103.7
1223140 2108.3
1223150 2108.3
1223160 2113.3
1223170 2118.4
1223180 2118.4
1223190 2123.6
1223200 2128.9
1223210 2128.9
1223220 2134.3
1223230 2139.0
1223240 2139.0
1223250 2144.1
1223260 2149.2
1223270 2149.2
1223280 2155.3
1223290 2161.9
1223300 2161.9
1223310 2169.6
1223320 2177.4
1223330 2184.7
1223340 2184.7
1223350 2192.3
1223360 2201.1
1223370 2201.1
1223380 2211.5
1223390 2221.5
1223400 2221.5
1223410 2230.0
1223420 2239.3
1223430 2239.3
1223440 2248.5
1223450 2258.4
1223460 2258.4
1223470 2270.7
1223480 2284.1
1223490 2284.1
1223500 2296.8
1223510 2309.0
1223520 2309.0
1223530 2318.2
1223540 2325.4
1223550 2325.4
1223560 2330.5
1223570 2335.9
1223580 2343.2
1223590 2343.2
1223600 2350.0
1223610 2357.1
1223620 2357.1
1223630 2364.5
1223640 2372.7
1223650 2372.7
1223660 2381.0
1223670 2388.1
1223680 2388.1
1223690 2395.5
1223700 2403.3
1223710 2403.3
1223720 2411.2
1223730 2419.2
1223740 2419.2
1223750 2426.8
1223760 2433.8
1223770 2433.8
1223780 2436.5
1223790 2433.8
1223800 2433.8
1223810 2430.3
1223820 2426.9
1223830 2424.1
1223840 2424.1
1223850 2421.0
1223860 2416.8
1223870 2416.8
1223880 2412.5
1223890 2408.9
1223900 2418.5
1223910 2416.1
1223920 2411.3
1223930 2411.3
1223940 2404.6
1223950 2397.6
1223960 2397.6
1223970 2390.2
1223980 2382.8
1223990 2382.8
1224000 2375.1
1224010 2366.0
1224020 2366.0
1224030 2356.1
1224040 2345.6
1224050 2345.6
1224060 2334.8
1224070 2324.2
1224080 2312.3
1224090 2312.3
1224100 2300.7
1224110 2287.7
1224120 2287.7
1224130 2280.3
1224140 2272.3
1224150 2272.3
1224160 2264.9
1224170 2254.2
1224180 2254.2
1224190 2241.8
1224200 2230.9
1224210 2230.9
1224220 2222.9
1224230 2219.8
1224240 2219.8
1224250 2219.5
1224260 2216.0
1224270 2216.0
1224280 2208.5
1224290 2199.3
1224300 2199.3
1224310 2189.8
1224320 2180.5
1224330 2172.9
1224340 2172.9
1224350 2162.0
1224360 2151.5
1224370 2151.5
1224380 2140.7
1224390 2131.5
1224400 2131.5
1224410 2122.0
1224420 2114.0
1224430 2114.0
1224440 2106.7
1224450 2100.0
1224460 2100.0
1224470 2093.0
1224480 2086.9
1224490 2086.9
1224500 2080.9
1224510 2073.9
1224520 2073.9
1224530 2066.1
1224540 2058.4
1224550 2058.4
1224560 2046.8
1224570 2034.0
1224580 2027.7
1224590 2027.7
1224600 2021.4
1224610 2014.0
1224620 2014.0
1224630 2007.9
1224640 2002.7
1224650 2002.7
1224660 1997.9
1224670 1994.4
1224680 1994.4
1224690 1990.2
1224700 1986.2
1224710 1986.2
1224720 1982.2
1224730 1978.1
1224740 1978.1
1224750 1975.3
1224760 1972.2
1224770 1972.2
1224780 1969.2
1224790 1966.1
1224800 1966.1
1224810 1961.8
1224820 1961.7
1224830 1964.1
1224840 1964.1
1224850 1963.4
1224860 1964.0
1224870 1967.2
1224880 1968.2
1224890 1969.9
1224900 1969.9
1224910 1968.7
1224920 1965.4
1224930 1965.4
1224940 1961.2
1224950 1959.5
1224960 1959.5
1224970 1959.9
1224980 1961.0
1224990 1961.0
1225000 1962.0
1225010 1965.1
1225020 1965.1
1225030 1966.8
1225040 1967.5
1225050 1969.2
1225060 1969.2
1225070 1972.1
1225080 1975.0
1225090 1975.0
1225100 1976.7
1225110 1980.4
1225120 1980.4
1225130 1985.5
1225140 1990.2
1225150 1990.2
1225160 1993.5
1225170 1997.3
1225180 1997.3
1225190 2001.9
1225200 2007.1
1225210 2007.1
1225220 2013.2
1225230 2018.3
1225240 2018.3
1225250 2021.9
1225260 2024.4
1225270 2024.4
1225280 2028.7
1225290 2033.9
1225300 2038.7
1225310 2038.7
1225320 2043.8
1225330 2049.3
1225340 2049.3
1225350 2055.4
1225360 2064.5
1225370 2064.5
1225380 2069.6
1225390 2074.7
1225400 2074.7
1225410 2081.1
1225420 2087.2
1225430 2087.2
1225440 2093.6
1225450 2099.4
1225460 2099.4
1225470 2104.6
1225480 2109.2
1225490 2109.2
1225500 2115.2
1225510 2121.7
1225520 2121.7
1225530 2128.8
1225540 2138.7
1225550 2149.7
1225560 2149.7
1225570 2161.1
1225580 2172.1
1225590 2172.1
1225600 2188.7
1225610 2198.2
1225620 2198.2
1225630 2202.3
1225640 2203.4
1225650 2203.4
1225660 2201.5
1225670 2201.1
1225680 2201.1
1225690 2202.7
1225700 2206.0
1225710 2206.0
1225720 2207.4
1225730 2208.6
1225740 2208.6
1225750 2211.3
1225760 2213.1
1225770 2213.1
1225780 2214.1
1225790 2214.4
1225800 2213.7
1225810 2213.7
1225820 2213.9
1225830 2215.2
1225840 2215.2
1225850 2222.0
1225860 2223.4
1225870 2223.4
1225880 2224.7
1225890 2227.1
1225900 2227.1
1225910 2229.5
1225920 2231.2
1225930 2231.2
1225940 2232.6
1225950 2232.7
1225960 2232.7
1225970 2233.8
1225980 2238.6
1225990 2238.6
1226000 2241.6
1226010 2238.6
1226020 2238.6
1226030 2230.4
1226040 2228.1
1226050 2226.7
1226060 2226.7
1226070 2223.0
1226080 2222.4
1226090 2222.4
1226100 2222.2
1226110 2222.7
1226120 2222.7
1226130 2223.7
1226140 2225.0
1226150 2225.0
1226160 2227.5
1226170 2227.5
1226180 2227.5
1226190 2228.1
1226200 2228.1
1226210 2228.1
1226220 2227.7
1226230 2229.8
1226240 2229.8
1226250 2230.3
1226260 2228.1
1226270 2228.1
1226280 2222.5
1226290 2219.6
1226300 2218.0
1226310 2218.0
1226320 2214.6
1226330 2215.2
1226340 2215.2
1226350 2223.0
1226360 2222.7
1226370 2222.7
1226380 2221.6
1226390 2220.4
1226400 2220.4
1226410 2218.7
1226420 2214.0
1226430 2214.0
1226440 2206.2
1226450 2199.9
1226460 2199.9
1226470 2198.7
1226480 2197.5
1226490 2197.5
1226500 2194.0
1226510 2191.1
1226520 2191.1
1226530 2188.1
1226540 2187.0
1226550 2184.9
1226560 2184.9
1226570 2183.5
1226580 2181.0
1226590 2181.0
1226600 2178.1
1226610 2173.9
1226620 2173.9
1226630 2170.6
1226640 2166.6
1226650 2166.6
1226660 2160.8
1226670 2156.4
1226680 2156.4
1226690 2152.9
1226700 2152.0
1226710 2152.0
1226720 2149.2
1226730 2145.8
1226740 2145.8
1226750 2143.5
1226760 2139.9
1226770 2139.9
1226780 2135.3
1226790 2130.9
1226800 2126.5
1226810 2126.5
1226820 2121.5
1226830 2116.5
1226840 2121.7
1226850 2116.2
1226860 2112.8
1226870 2112.8
1226880 2108.2
1226890 2106.7
1226900 2106.7
1226910 2109.0
1226920 2109.9
1226930 2109.9
1226940 2108.8
1226950 2108.9
1226960 2108.9
1226970 2109.8
1226980 2112.2
1226990 2112.2
1227000 2114.8
1227010 2116.2
1227020 2116.2
1227030 2118.9
1227040 2120.3
1227050 2119.5
1227060 2119.5
1227070 2118.1
1227080 2115.6
1227090 2115.6
1227100 2113.8
1227110 2112.6
1227120 2112.6
1227130 2113.1
1227140 2113.9
1227150 2113.9
1227160 2115.0
1227170 2115.2
1227180 2115.2
1227190 2115.9
1227200 2120.0
1227210 2120.0
1227220 2125.2
1227230 2138.6
1227240 2138.6
1227250 2151.5
1227260 2161.3
1227270 2161.3
1227280 2170.5
1227290 2177.9
1227300 2183.9
1227310 2183.9
1227320 2189.1
1227330 2193.1
1227340 2193.1
1227350 2197.7
1227360 2201.4
1227370 2201.4
1227380 2203.8
1227390 2205.8
1227400 2205.8
1227410 2208.6
1227420 2211.4
1227430 2211.4
1227440 2213.4
1227450 2215.0
1227460 2215.0
1227470 2217.0
1227480 2220.1
1227490 2220.1
1227500 2224.4
1227510 2229.6
1227520 2229.6
1227530 2234.9
1227540 2240.4
1227550 2245.9
1227560 2245.9
1227570 2250.1
1227580 2254.9
1227590 2254.9
1227600 2261.3
1227610 2268.0
1227620 2268.0
1227630 2274.3
1227640 2280.8
1227650 2280.8
1227660 2287.1
1227670 2293.9
1227680 2293.9
1227690 2301.8
1227700 2310.8
1227710 2310.8
1227720 2319.8
1227730 2328.5
1227740 2328.5
1227750 2339.3
1227760 2348.7
1227770 2348.7
1227780 2356.2
1227790 2362.5
1227800 2369.1
1227810 2369.1
1227820 2376.5
1227830 2389.2
1227840 2389.2
1227850 2389.8
1227860 2387.5
1227870 2387.5
1227880 2391.7
1227890 2388.7
1227900 2388.7
1227910 2381.5
1227920 2377.8
1227930 2377.8
1227940 2380.5
1227950 2386.9
1227960 2386.9
1227970 2392.7
1227980 2391.3
1227990 2391.3
1228000 2382.8
1228010 2380.1
1228020 2380.1
1228030 2374.6
1228040 2362.3
1228050 2358.4
1228060 2358.4
1228070 2356.6
1228080 2354.1
1228090 2354.1
1228100 2354.3
1228110 2357.0
1228120 2357.0
1228130 2358.0
1228140 2357.5
1228150 2357.5
1228160 2355.8
1228170 2353.9
1228180 2353.9
1228190 2351.0
1228200 2347.3
1228210 2347.3
1228220 2343.4
1228230 2340.5
1228240 2340.5
1228250 2339.8
1228260 2340.7
1228270 2340.7
1228280 2342.3
1228290 2343.7
1228300 2345.1
1228310 2345.1
1228320 2352.2
1228330 2354.0
1228340 2354.0
1228350 2357.6
1228360 2361.1
1228370 2361.1
1228380 2362.1
1228390 2363.8
1228400 2363.8
1228410 2366.5
1228420 2368.8
1228430 2368.8
1228440 2370.4
1228450 2371.7
1228460 2371.7
1228470 2371.6
1228480 2370.2
1228490 2370.2
1228500 2370.4
1228510 2371.0
1228520 2371.0
1228530 2371.2
1228540 2371.5
1228550 2371.7
1228560 2371.7
1228570 2371.7
1228580 2370.9
1228590 2370.9
1228600 2367.7
1228610 2363.4
1228620 2363.4
1228630 2360.0
1228640 2358.3
1228650 2358.3
1228660 2356.6
1228670 2354.3
1228680 2354.3
1228690 2351.6
1228700 2348.7
1228710 2348.7
1228720 2346.3
1228730 2346.1
1228740 2346.1
1228750 2346.1
1228760 2346.1
1228770 2346.1
1228780 2346.1
1228790 2346.1
1228800 2346.1
1228810 2346.1
1228820 2346.1
1228830 2346.1
1228840 2346.1
1228850 2346.1
1228860 2346.1
1228870 2346.1
1228880 2346.1
1228890 2346.1
1228900 2346.1
1228910 2346.1
1228920 2346.2
1228930 2346.2
1228940 2346.5
1228950 2347.3
1228960 2347.3
1228970 2348.0
1228980 2349.4
1228990 2349.4
1229000 2350.6
1229010 2352.0
1229020 2354.4
1229030 2354.4
1229040 2357.4
1229050 2360.7
1229060 2360.7
1229070 2363.6
1229080 2365.8
1229090 2365.8
1229100 2368.1
1229110 2370.4
1229120 2370.4
1229130 2372.6
1229140 2374.6
1229150 2374.6
1229160 2377.5
1229170 2381.1
1229180 2381.1
1229190 2384.2
1229200 2386.3
1229210 2386.3
1229220 2388.1
1229230 2389.6
1229240 2389.6
1229250 2391.4
1229260 2393.5
1229270 2395.5
1229280 2395.5
1229290 2397.7
1229300 2400.1
1229310 2400.1
1229320 2400.3
1229330 2400.8
1229340 2400.8
1229350 2401.4
1229360 2402.1
1229370 2402.1
1229380 2403.0
1229390 2404.8
1229400 2404.8
1229410 2407.1
1229420 2408.5
1229430 2408.5
1229440 2409.5
1229450 2410.5
1229460 2410.5
1229470 2412.4
1229480 2414.8
1229490 2414.8
1229500 2417.6
1229510 2419.9
1229520 2422.0
1229530 2422.0
1229540 2423.9
1229550 2426.1
1229560 2426.1
1229570 2427.7
1229580 2429.2
1229590 2429.2
1229600 2430.4
1229610 2431.4
1229620 2431.4
1229630 2432.8
1229640 2434.8
1229650 2434.8
1229660 2436.8
1229670 2438.9
1229680 2438.9
1229690 2441.4
1229700 2443.9
1229710 2443.9
1229720 2446.9
1229730 2449.6
1229740 2449.6
1229750 2452.9
1229760 2456.4
1229770 2460.2
1229780 2460.2
1229790 2464.3
1229800 2468.7
1229810 2468.7
1229820 2473.6
1229830 2478.1
1229840 2478.1
1229850 2482.8
1229860 2488.0
1229870 2488.0
1229880 2493.4
1229890 2498.8
1229900 2498.8
1229910 2504.3
1229920 2510.0
1229930 2510.0
1229940 2515.7
1229950 2521.4
1229960 2521.4
1229970 2527.3
1229980 2533.2
1229990 2533.2
1230000 2539.1
1230010 2545.1
1230020 2551.2
1230030 2551.2
1230040 2557.4
1230050 2563.8
1230060 2563.8
1230070 2569.8
1230080 2575.8
1230090 2575.8
1230100 2582.0
1230110 2588.4
1230120 2588.4
1230130 2594.5
1230140 2602.3
1230150 2602.3
1230160 2612.0
1230170 2622.2
1230180 2622.2
1230190 2632.5
1230200 2641.8
1230210 2641.8
1230220 2647.7
1230230 2654.8
1230240 2654.8
1230250 2658.5
1230260 2663.0
1230270 2671.2
1230280 2671.2
1230290 2682.7
1230300 2690.2
1230310 2690.2
1230320 2692.6
1230330 2699.0
1230340 2699.0
1230350 2706.4
1230360 2714.3
1230370 2714.3
1230380 2723.0
1230390 2733.0
1230400 2733.0
1230410 2741.8
1230420 2750.5
1230430 2750.5
1230440 2756.5
1230450 2756.2
1230460 2756.2
1230470 2752.1
1230480 2746.1
1230490 2746.1
1230500 2737.8
1230510 2730.3
1230520 2724.5
1230530 2724.5
1230540 2719.0
1230550 2711.8
1230560 2711.8
1230570 2704.0
1230580 2698.3
1230590 2698.3
1230600 2692.8
1230610 2685.0
1230620 2685.0
1230630 2676.0
1230640 2671.2
1230650 2671.2
1230660 2668.4
1230670 2666.6
1230680 2666.6
1230690 2661.7
1230700 2656.9
1230710 2656.9
1230720 2649.8
1230730 2647.7
1230740 2647.7
1230750 2650.4
1230760 2648.8
1230770 2644.7
1230780 2644.7
1230790 2638.8
1230800 2633.9
1230810 2633.9
1230820 2622.2
1230830 2619.2
1230840 2619.2
1230850 2617.4
1230860 2614.6
1230870 2614.6
1230880 2610.5
1230890 2604.8
1230900 2604.8
1230910 2596.2
1230920 2585.6
1230930 2585.6
1230940 2576.5
1230950 2567.4
1230960 2567.4
1230970 2557.3
1230980 2546.5
1230990 2546.5
1231000 2537.3
1231010 2529.0
1231020 2520.4
1231030 2520.4
1231040 2512.6
1231050 2503.7
1231060 2503.7
1231070 2500.2
1231080 2495.0
1231090 2495.0
1231100 2493.3
1231110 2493.1
1231120 2493.1
1231130 2490.3
1231140 2487.0
1231150 2487.0
1231160 2489.0
1231170 2491.0
1231180 2491.0
1231190 2489.7
1231200 2491.4
1231210 2491.4
1231220 2486.1
1231230 2477.1
1231240 2477.1
1231250 2466.3
1231260 2454.8
1231270 2442.8
1231280 2442.8
1231290 2436.2
1231300 2419.0
1231310 2419.0
1231320 2404.1
1231330 2404.1
1231340 2404.1
1231350 2406.9
1231360 2400.6
1231370 2400.6
1231380 2393.0
1231390 2388.6
1231400 2388.6
1231410 2384.4
1231420 2374.5
1231430 2374.5
1231440 2365.1
1231450 2358.6
1231460 2358.6
1231470 2352.8
1231480 2347.4
1231490 2347.4
1231500 2341.3
1231510 2333.7
1231520 2325.2
1231530 2325.2
1231540 2315.9
1231550 2306.6
1231560 2306.6
1231570 2304.0
1231580 2304.6
1231590 2304.6
1231600 2305.6
1231610 2303.1
1231620 2303.1
1231630 2297.9
1231640 2291.3
1231650 2291.3
1231660 2284.1
1231670 2276.9
1231680 2276.9
1231690 2271.2
1231700 2265.7
1231710 2265.7
1231720 2256.6
1231730 2240.9
1231740 2240.9
1231750 2231.9
1231760 2231.1
1231770 2229.6
1231780 2229.6
1231790 2229.2
1231800 2221.9
1231810 2221.9
1231820 2202.9
1231830 2194.2
1231840 2194.2
1231850 2188.3
1231860 2179.5
1231870 2179.5
1231880 2176.7
1231890 2169.8
1231900 2169.8
1231910 2159.7
1231920 2145.4
1231930 2145.4
1231940 2130.6
1231950 2124.9
1231960 2124.9
1231970 2119.0
1231980 2112.9
1231990 2112.9
1232000 2106.4
1232010 2099.5
1232020 2091.9
1232030 2091.9
1232040 2084.6
1232050 2077.7
1232060 2077.7
1232070 2071.3
1232080 2065.0
1232090 2065.0
1232100 2058.6
1232110 2053.5
1232120 2053.5
1232130 2048.9
1232140 2043.4
1232150 2043.4
1232160 2037.3
1232170 2031.0
1232180 2031.0
1232190 2025.0
1232200 2019.8
1232210 2019.8
1232220 2013.8
1232230 2005.3
1232240 2005.3
1232250 1996.9
1232260 1989.2
1232270 1982.0
1232280 1982.0
1232290 1975.0
1232300 1968.8
1232310 1968.8
1232320 1962.5
1232330 1958.2
1232340 1958.2
1232350 1953.5
1232360 1947.7
1232370 1947.7
1232380 1939.4
1232390 1930.5
1232400 1930.5
1232410 1924.6
1232420 1921.9
1232430 1921.9
1232440 1913.7
1232450 1906.0
1232460 1906.0
1232470 1899.1
1232480 1889.0
1232490 1881.4
1232500 1881.4
1232510 1874.9
1232520 1868.9
1232530 1868.9
1232540 1863.0
1232550 1857.4
1232560 1857.4
1232570 1851.9
1232580 1845.0
1232590 1845.0
1232600 1837.2
1232610 1830.6
1232620 1830.6
1232630 1824.2
1232640 1817.6
1232650 1817.6
1232660 1810.2
1232670 1801.9
1232680 1801.9
1232690 1793.9
1232700 1785.5
1232710 1785.5
1232720 1777.3
1232730 1770.6
1232740 1765.6
1232750 1765.6
1232760 1761.5
1232770 1757.4
1232780 1757.4
1232790 1753.3
1232800 1747.9
1232810 1747.9
1232820 1742.3
1232830 1743.1
1232840 1743.1
1232850 1745.3
1232860 1746.1
1232870 1746.1
1232880 1746.4
1232890 1746.8
1232900 1746.8
1232910 1747.6
1232920 1747.8
1232930 1747.8
1232940 1747.7
1232950 1748.0
1232960 1748.0
1232970 1749.2
1232980 1749.3
1232990 1749.6
1233000 1749.6
1233010 1749.6
1233020 1749.8
1233030 1749.8
1233040 1751.4
1233050 1754.3
1233060 1754.3
1233070 1756.6
1233080 1759.6
1233090 1759.6
1233100 1762.8
1233110 1766.1
1233120 1766.1
1233130 1766.5
1233140 1769.2
1233150 1769.2
1233160 1771.7
1233170 1773.6
1233180 1773.6
1233190 1775.6
1233200 1777.4
1233210 1777.4
1233220 1779.7
1233230 1781.1
1233240 1782.0
1233250 1782.0
1233260 1783.3
1233270 1785.1
1233280 1785.1
1233290 1786.4
1233300 1785.2
1233310 1785.2
1233320 1783.3
1233330 1788.3
1233340 1788.3
1233350 1789.6
1233360 1790.6
1233370 1790.6
1233380 1791.8
1233390 1793.1
1233400 1793.1
1233410 1793.9
1233420 1794.6
1233430 1794.6
1233440 1795.3
1233450 1797.0
1233460 1797.0
1233470 1800.3
1233480 1804.6
1233490 1807.0
1233500 1807.0
1233510 1805.0
1233520 1806.8
1233530 1806.8
1233540 1814.5
1233550 1822.3
1233560 1822.3
1233570 1829.2
1233580 1838.3
1233590 1838.3
1233600 1850.0
1233610 1859.7
1233620 1859.7
1233630 1867.6
1233640 1878.3
1233650 1878.3
1233660 1885.7
1233670 1885.2
1233680 1885.2
1233690 1880.5
1233700 1874.8
1233710 1874.8
1233720 1874.8
1233730 1881.4
1233740 1882.4
1233750 1882.4
1233760 1881.1
1233770 1880.8
1233780 1880.8
1233790 1884.4
1233800 1891.1
1233810 1891.1
1233820 1892.5
1233830 1891.6
1233840 1901.1
1233850 1899.1
1233860 1901.1
1233870 1901.1
1233880 1906.4
1233890 1910.1
1233900 1910.1
1233910 1912.7
1233920 1911.5
1233930 1911.5
1233940 1906.7
1233950 1901.6
1233960 1901.6
1233970 1896.1
1233980 1890.4
1233990 1885.3
1234000 1885.3
1234010 1879.9
1234020 1874.8
1234030 1874.8
1234040 1871.8
1234050 1868.8
1234060 1868.8
1234070 1864.7
1234080 1859.0
1234090 1859.0
1234100 1856.1
1234110 1849.6
1234120 1849.6
1234130 1844.7
1234140 1841.9
1234150 1841.9
1234160 1844.5
1234170 1846.6
1234180 1846.6
1234190 1842.9
1234200 1838.7
1234210 1838.7
1234220 1835.2
1234230 1832.8
1234240 1830.2
1234250 1830.2
1234260 1826.0
1234270 1823.1
1234280 1823.1
1234290 1819.6
1234300 1816.1
1234310 1816.1
1234320 1810.5
1234330 1808.1
1234340 1808.1
1234350 1810.4
1234360 1807.8
1234370 1807.8
1234380 1804.6
1234390 1798.6
1234400 1798.6
1234410 1795.3
1234420 1796.3
1234430 1796.3
1234440 1796.5
1234450 1792.2
1234460 1792.2
1234470 1787.9
1234480 1782.3
1234490 1775.9
1234500 1775.9
1234510 1765.5
1234520 1755.2
1234530 1755.2
1234540 1747.3
1234550 1742.3
1234560 1742.3
1234570 1740.6
1234580 1738.2
1234590 1738.2
1234600 1735.7
1234610 1733.2
1234620 1733.2
1234630 1729.4
1234640 1724.2
1234650 1724.2
1234660 1717.8
1234670 1714.1
1234680 1714.1
1234690 1710.4
1234700 1705.4
1234710 1705.4
1234720 1700.9
1234730 1696.1
1234740 1692.0
1234750 1692.0
1234760 1687.7
1234770 1682.4
1234780 1682.4
1234790 1677.0
1234800 1671.8
1234810 1671.8
1234820 1666.5
1234830 1661.3
1234840 1661.3
1234850 1656.6
1234860 1656.0
1234870 1656.0
1234880 1650.7
1234890 1645.4
1234900 1645.4
1234910 1640.2
1234920 1635.1
1234930 1635.1
1234940 1630.9
1234950 1626.8
1234960 1626.8
1234970 1622.5
1234980 1618.2
1234990 1614.1
1235000 1614.1
1235010 1610.1
1235020 1606.6
1235030 1606.6
1235040 1603.7
1235050 1600.4
1235060 1600.4
1235070 1597.1
1235080 1593.7
1235090 1593.7
1235100 1590.5
1235110 1588.9
1235120 1588.9
1235130 1587.0
1235140 1586.0
1235150 1586.0
1235160 1584.6
1235170 1582.3
1235180 1582.3
1235190 1579.2
1235200 1575.3
1235210 1575.3
1235220 1571.0
1235230 1566.6
1235240 1563.5
1235250 1563.5
1235260 1561.4
1235270 1559.0
1235280 1559.0
1235290 1555.8
1235300 1552.7
1235310 1552.7
1235320 1550.1
1235330 1548.5
1235340 1548.5
1235350 1547.4
1235360 1546.3
1235370 1547.0
1235380 1545.8
1235390 1544.4
1235400 1544.4
1235410 1543.3
1235420 1542.0
1235430 1542.0
1235440 1540.9
1235450 1540.3
1235460 1540.3
1235470 1540.0
1235480 1539.7
1235490 1539.5
1235500 1539.5
1235510 1538.7
1235520 1538.5
1235530 1538.5
1235540 1537.8
1235550 1537.8
1235560 1537.8
1235570 1537.5
1235580 1537.4
1235590 1537.4
1235600 1536.4
1235610 1536.1
1235620 1536.1
1235630 1537.4
1235640 1538.0
1235650 1538.0
1235660 1537.1
1235670 1535.9
1235680 1535.9
1235690 1534.7
1235700 1533.2
1235710 1533.2
1235720 1531.5
1235730 1529.6
1235740 1528.2
1235750 1528.2
1235760 1527.5
1235770 1527.1
1235780 1527.1
1235790 1525.8
1235800 1522.2
1235810 1522.2
1235820 1520.8
1235830 1520.2
1235840 1520.2
1235850 1519.5
1235860 1518.9
1235870 1518.9
1235880 1519.0
1235890 1518.9
1235900 1518.9
1235910 1518.4
1235920 1516.7
1235930 1516.7
1235940 1512.6
1235950 1506.4
1235960 1501.7
1235970 1501.7
1235980 1498.6
1235990 1498.1
1236000 1498.1
1236010 1497.7
1236020 1497.3
1236030 1497.3
1236040 1496.9
1236050 1496.6
1236060 1496.6
1236070 1496.3
1236080 1496.2
1236090 1496.2
1236100 1496.3
1236110 1498.9
1236120 1498.9
1236130 1504.4
1236140 1508.6
1236150 1508.6
1236160 1509.7
1236170 1509.4
1236180 1509.4
1236190 1509.2
1236200 1509.3
1236210 1509.2
1236220 1509.2
1236230 1509.2
1236240 1509.7
1236250 1509.7
1236260 1509.9
1236270 1509.8
1236280 1509.8
1236290 1510.0
1236300 1509.5
1236310 1509.5
1236320 1508.3
1236330 1507.5
1236340 1507.5
1236350 1505.8
1236360 1506.6
1236370 1506.6
1236380 1506.0
1236390 1500.6
1236400 1500.6
1236410 1500.6
1236420 1500.6
1236430 1500.6
1236440 1500.4
1236450 1499.9
1236460 1498.7
1236470 1498.7
1236480 1497.5
1236490 1496.9
1236500 1496.9
1236510 1497.0
1236520 1497.6
1236530 1497.6
1236540 1498.3
1236550 1498.9
1236560 1498.9
1236570 1499.6
1236580 1499.8
1236590 1499.8
1236600 1499.4
1236610 1498.7
1236620 1498.7
1236630 1498.0
1236640 1497.3
1236650 1497.3
1236660 1496.2
1236670 1494.3
1236680 1494.3
1236690 1491.5
1236700 1488.9
1236710 1486.9
1236720 1486.9
1236730 1484.9
1236740 1483.0
1236750 1483.0
1236760 1481.4
1236770 1480.2
1236780 1480.2
1236790 1479.4
1236800 1478.9
1236810 1478.9
1236820 1478.9
1236830 1479.5
1236840 1479.5
1236850 1480.5
1236860 1481.4
1236870 1481.4
1236880 1482.6
1236890 1483.6
1236900 1482.3
1236910 1482.6
1236920 1483.5
1236930 1483.5
1236940 1484.4
1236950 1484.6
1236960 1484.6
1236970 1484.6
1236980 1485.2
1236990 1486.3
1237000 1486.3
1237010 1487.1
1237020 1488.2
1237030 1488.2
1237040 1488.3
1237050 1488.5
1237060 1488.5
1237070 1488.6
1237080 1488.4
1237090 1488.4
1237100 1488.6
1237110 1489.1
1237120 1489.1
1237130 1489.6
1237140 1490.2
1237150 1490.2
1237160 1490.9
1237170 1491.6
1237180 1491.6
1237190 1492.1
1237200 1492.4
1237210 1492.3
1237220 1492.3
1237230 1492.2
1237240 1492.1
1237250 1492.1
1237260 1491.8
1237270 1491.3
1237280 1491.3
1237290 1491.3
1237300 1491.6
1237310 1491.6
1237320 1491.6
1237330 1490.7
1237340 1490.7
1237350 1491.2
1237360 1491.8
1237370 1491.8
1237380 1491.2
1237390 1490.8
1237400 1490.8
1237410 1491.5
1237420 1490.0
1237430 1490.0
1237440 1488.8
1237450 1486.9
1237460 1485.5
1237470 1485.5
1237480 1484.4
1237490 1482.0
1237500 1482.0
1237510 1481.0
1237520 1479.5
1237530 1479.5
1237540 1478.8
1237550 1477.6
1237560 1477.6
1237570 1475.5
1237580 1474.5
1237590 1474.5
1237600 1473.7
1237610 1472.5
1237620 1472.5
1237630 1472.5
1237640 1472.7
1237650 1472.7
1237660 1471.6
1237670 1470.6
1237680 1470.6
1237690 1467.7
1237700 1463.1
1237710 1463.5
1237720 1463.5
1237730 1466.1
1237740 1465.2
1237750 1465.2
1237760 1463.3
1237770 1461.4
1237780 1461.4
1237790 1459.7
1237800 1458.1
1237810 1458.1
1237820 1456.4
1237830 1455.1
1237840 1455.1
1237850 1453.9
1237860 1453.1
1237870 1453.1
1237880 1453.1
1237890 1452.9
1237900 1452.9
1237910 1452.9
1237920 1454.0
1237930 1451.9
1237940 1452.3
1237950 1452.9
1237960 1454.3
1237970 1454.3
1237980 1454.1
1237990 1452.4
1238000 1452.4
1238010 1452.1
1238020 1451.4
1238030 1451.4
1238040 1449.6
1238050 1448.3
1238060 1448.3
1238070 1447.8
1238080 1448.7
1238090 1448.7
1238100 1449.7
1238110 1450.1
1238120 1450.1
1238130 1449.2
1238140 1447.9
1238150 1447.9
1238160 1446.1
1238170 1444.4
1238180 1444.4
1238190 1442.8
1238200 1442.0
1238210 1443.3
1238220 1443.3
1238230 1444.9
1238240 1444.1
1238250 1444.1
1238260 1444.1
1238270 1445.2
1238280 1445.2
1238290 1444.8
1238300 1443.3
1238310 1443.3
1238320 1441.5
1238330 1439.3
1238340 1439.3
1238350 1437.6
1238360 1435.0
1238370 1435.0
1238380 1432.3
1238390 1431.1
1238400 1431.1
1238410 1430.1
1238420 1428.6
1238430 1428.6
1238440 1427.5
1238450 1424.8
1238460 1423.9
1238470 1423.9
1238480 1422.0
1238490 1420.7
1238500 1420.7
1238510 1420.4
1238520 1420.2
1238530 1420.2
1238540 1421.0
1238550 1422.9
1238560 1422.9
1238570 1425.4
1238580 1427.3
1238590 1427.3
1238600 1428.8
1238610 1429.2
1238620 1429.2
1238630 1429.6
1238640 1430.0
1238650 1430.0
1238660 1430.8
1238670 1431.9
1238680 1431.9
1238690 1433.2
1238700 1434.3
1238710 1435.5
1238720 1435.5
1238730 1436.0
1238740 1435.4
1238750 1435.4
1238760 1435.4
1238770 1437.2
1238780 1437.2
1238790 1438.6
1238800 1440.0
1238810 1440.0
1238820 1441.4
1238830 1442.3
1238840 1442.3
1238850 1442.1
1238860 1441.9
1238870 1441.9
1238880 1441.8
1238890 1441.7
1238900 1441.7
1238910 1441.2
1238920 1439.5
1238930 1438.2
1238940 1438.2
1238950 1437.4
1238960 1432.6
1238970 1432.6
1238980 1434.1
1238990 1434.2
1239000 1434.2
1239010 1433.6
1239020 1433.1
1239030 1433.1
1239040 1432.6
1239050 1432.2
1239060 1432.2
1239070 1432.2
1239080 1433.7
1239090 1433.7
1239100 1434.8
1239110 1434.5
1239120 1434.5
1239130 1434.3
1239140 1435.0
1239150 1435.0
1239160 1437.9
1239170 1441.3
1239180 1445.3
1239190 1445.3
1239200 1449.7
1239210 1453.9
1239220 1453.9
1239230 1457.7
1239240 1460.9
1239250 1460.9
1239260 1463.4
1239270 1465.2
1239280 1465.2
1239290 1467.2
1239300 1468.8
1239310 1468.8
1239320 1470.0
1239330 1470.3
1239340 1470.3
1239350 1470.0
1239360 1469.1
1239370 1469.1
1239380 1468.7
1239390 1468.6
1239400 1468.6
1239410 1471.5
1239420 1473.7
1239430 1474.9
1239440 1474.9
1239450 1476.3
1239460 1477.6
1239470 1477.6
1239480 1473.7
1239490 1474.5
1239500 1474.5
1239510 1475.7
1239520 1477.9
1239530 1477.9
1239540 1479.8
1239550 1479.6
1239560 1479.6
1239570 1479.5
1239580 1479.3
1239590 1479.3
1239600 1479.0
1239610 1477.6
1239620 1477.6
1239630 1476.4
1239640 1476.8
1239650 1476.8
1239660 1478.6
1239670 1478.4
1239680 1478.7
1239690 1478.7
1239700 1481.0
1239710 1482.9
1239720 1482.9
1239730 1485.2
1239740 1487.4
1239750 1487.4
1239760 1489.4
1239770 1488.2
1239780 1488.2
1239790 1487.8
1239800 1489.4
1239810 1489.4
1239820 1491.0
1239830 1492.9
1239840 1492.9
1239850 1494.1
1239860 1495.2
1239870 1495.2
1239880 1496.1
1239890 1495.4
1239900 1495.4
1239910 1494.2
1239920 1493.6
1239930 1493.8
1239940 1493.8
1239950 1495.0
1239960 1497.1
1239970 1497.1
1239980 1500.5
1239990 1504.0
