1220000 2210.7
1220010 2210.7
1220020 2209.3
1220030 2207.7
1220040 2207.7
1220050 2205.5
1220060 2202.8
1220070 2202.4
1220080 2199.8
1220090 2197.3
1220100 2197.3
1220110 2194.9
1220120 2192.3
1220130 2189.4
1220140 2189.4
1220150 2186.4
1220160 2183.2
1220170 2183.2
1220180 2179.5
1220190 2177.1
1220200 2177.1
1220210 2175.9
1220220 2174.6
1220230 2174.6
1220240 2173.0
1220250 2170.9
1220260 2170.9
1220270 2168.8
1220280 2166.4
1220290 2166.4
1220300 2163.1
1220310 2159.4
1220320 2159.4
1220330 2155.6
1220340 2151.7
1220350 2151.7
1220360 2148.0
1220370 2144.1
1220380 2140.6
1220390 2140.6
1220400 2137.2
1220410 2134.0
1220420 2134.0
1220430 2132.0
1220440 2130.4
1220450 2130.4
1220460 2127.7
1220470 2125.7
1220480 2125.7
1220490 2126.8
1220500 2127.7
1220510 2127.7
1220520 2129.6
1220530 2132.2
1220540 2132.2
1220550 2135.9
1220560 2137.9
1220570 2137.9
1220580 2139.7
1220590 2141.7
1220600 2141.7
1220610 2144.6
1220620 2147.3
1220630 2148.8
1220640 2148.8
1220650 2149.8
1220660 2150.8
1220670 2150.8
1220680 2151.7
1220690 2153.0
1220700 2153.0
1220710 2155.2
1220720 2157.4
1220730 2157.4
1220740 2159.6
1220750 2161.9
1220760 2161.9
1220770 2164.1
1220780 2166.1
1220790 2166.1
1220800 2168.2
1220810 2170.2
1220820 2170.2
1220830 2172.5
1220840 2174.3
1220850 2174.3
1220860 2175.5
1220870 2176.7
1220880 2178.1
1220890 2178.1
1220900 2180.1
1220910 2185.0
1220920 2185.0
1220930 2190.8
1220940 2194.0
1220950 2194.0
1220960 2195.8
1220970 2198.1
1220980 2198.1
1220990 2199.7
1221000 2199.8
1221010 2199.8
1221020 2198.6
1221030 2199.6
1221040 2199.6
1221050 2197.3
1221060 2197.9
1221070 2197.9
1221080 2199.3
1221090 2200.0
1221100 2200.0
1221110 2199.1
1221120 2200.3
1221130 2202.2
1221140 2202.2
1221150 2204.7
1221160 2207.5
1221170 2207.5
1221180 2210.0
1221190 2213.1
1221200 2213.1
1221210 2216.4
1221220 2219.2
1221230 2219.2
1221240 2223.2
1221250 2228.9
1221260 2228.9
1221270 2236.0
1221280 2244.1
1221290 2244.1
1221300 2252.8
1221310 2262.2
1221320 2262.2
1221330 2271.4
1221340 2280.7
1221350 2280.7
1221360 2291.7
1221370 2299.6
1221380 2304.4
1221390 2304.4
1221400 2310.5
1221410 2318.4
1221420 2318.4
1221430 2327.7
1221440 2338.3
1221450 2338.3
1221460 2349.4
1221470 2362.1
1221480 2362.1
1221490 2373.4
1221500 2383.5
1221510 2383.5
1221520 2386.8
1221530 2388.0
1221540 2388.0
1221550 2377.9
1221560 2371.4
1221570 2371.4
1221580 2365.8
1221590 2356.8
1221600 2356.8
1221610 2346.6
1221620 2334.7
1221630 2327.1
1221640 2327.1
1221650 2320.4
1221660 2313.8
1221670 2313.8
1221680 2308.9
1221690 2305.5
1221700 2305.5
1221710 2302.0
1221720 2298.3
1221730 2298.3
1221740 2294.6
1221750 2290.7
1221760 2290.7
1221770 2287.2
1221780 2285.3
1221790 2285.3
1221800 2284.4
1221810 2282.9
1221820 2282.9
1221830 2280.3
1221840 2276.2
1221850 2276.2
1221860 2273.7
1221870 2271.2
1221880 2268.3
1221890 2268.3
1221900 2266.5
1221910 2265.5
1221920 2265.5
1221930 2264.0
1221940 2261.0
1221950 2261.0
1221960 2258.8
1221970 2256.2
1221980 2256.2
1221990 2252.8
1222000 2246.8
1222010 2246.8
1222020 2239.3
1222030 2232.3
1222040 2232.3
1222050 2225.4
1222060 2220.3
1222070 2220.3
1222080 2219.4
1222090 2218.6
1222100 2218.6
1222110 2217.5
1222120 2216.0
1222130 2213.2
1222140 2213.2
1222150 2208.8
1222160 2203.9
1222170 2203.9
1222180 2199.5
1222190 2195.4
1222200 2195.4
1222210 2192.5
1222220 2190.2
1222230 2190.2
1222240 2188.0
1222250 2186.2
1222260 2186.2
1222270 2184.8
1222280 2183.3
1222290 2183.3
1222300 2180.9
1222310 2176.4
1222320 2176.4
1222330 2171.2
1222340 2166.2
1222350 2166.2
1222360 2160.3
1222370 2155.0
1222380 2149.3
1222390 2149.3
1222400 2141.5
1222410 2129.7
1222420 2129.7
1222430 2119.2
1222440 2110.8
1222450 2110.8
1222460 2104.5
1222470 2099.5
1222480 2099.5
1222490 2097.5
1222500 2093.1
1222510 2093.1
1222520 2088.0
1222530 2082.9
1222540 2082.9
1222550 2078.7
1222560 2075.8
1222570 2075.8
1222580 2073.1
1222590 2070.0
1222600 2070.0
1222610 2066.7
1222620 2064.0
1222630 2061.4
1222640 2061.4
1222650 2057.3
1222660 2051.9
1222670 2051.9
1222680 2046.7
1222690 2041.6
1222700 2041.6
1222710 2036.0
1222720 2031.3
1222730 2031.3
1222740 2027.8
1222750 2025.7
1222760 2025.7
1222770 2025.3
1222780 2022.6
1222790 2022.6
1222800 2018.0
1222810 2013.2
1222820 2013.2
1222830 2008.6
1222840 2004.5
1222850 2004.5
1222860 2000.6
1222870 1997.0
1222880 1994.3
1222890 1994.3
1222900 1993.1
1222910 1991.9
1222920 1991.9
1222930 1989.7
1222940 1987.2
1222950 1987.2
1222960 1985.2
1222970 1984.6
1222980 1984.6
1222990 1982.3
1223000 1980.7
1223010 1980.7
1223020 1979.0
1223030 1977.5
1223040 1977.5
1223050 1975.8
1223060 1975.1
1223070 1975.1
1223080 1976.4
1223090 1976.5
1223100 1976.5
1223110 1977.7
1223120 1979.2
1223130 1979.8
1223140 1979.8
1223150 1978.4
1223160 1977.0
1223170 1977.0
1223180 1976.3
1223190 1975.2
1223200 1975.2
1223210 1974.4
1223220 1975.0
1223230 1975.0
1223240 1976.2
1223250 1978.6
1223260 1978.6
1223270 1982.1
1223280 1987.0
1223290 1987.0
1223300 1991.6
1223310 1994.4
1223320 1994.4
1223330 1996.2
1223340 1998.0
1223350 1998.0
1223360 2000.4
1223370 2002.7
1223380 2004.0
1223390 2004.0
1223400 2004.2
1223410 2004.7
1223420 2004.7
1223430 2005.3
1223440 2005.2
1223450 2005.2
1223460 2007.8
1223470 2007.5
1223480 2007.5
1223490 2007.3
1223500 2005.5
1223510 2005.5
1223520 2004.4
1223530 2003.4
1223540 2003.4
1223550 2003.3
1223560 2003.2
1223570 2003.2
1223580 2001.9
1223590 2000.5
1223600 2000.5
1223610 1997.9
1223620 1996.3
1223630 1994.4
1223640 1994.4
1223650 1992.5
1223660 1990.2
1223670 1990.2
1223680 1987.3
1223690 1983.1
1223700 1983.1
1223710 1979.7
1223720 1976.7
1223730 1976.7
1223740 1974.2
1223750 1970.8
1223760 1970.8
1223770 1968.2
1223780 1964.6
1223790 1964.6
1223800 1962.3
1223810 1960.2
1223820 1960.2
1223830 1957.4
1223840 1955.3
1223850 1955.3
1223860 1954.2
1223870 1952.2
1223880 1950.7
1223890 1950.7
1223900 1949.8
1223910 1947.2
1223920 1947.2
1223930 1944.7
1223940 1948.5
1223950 1948.5
1223960 1946.2
1223970 1943.9
1223980 1943.9
1223990 1942.8
1224000 1941.4
1224010 1941.4
1224020 1939.5
1224030 1937.3
1224040 1937.3
1224050 1935.8
1224060 1934.6
1224070 1934.6
1224080 1932.1
1224090 1929.5
1224100 1929.5
1224110 1927.7
1224120 1925.9
1224130 1924.1
1224140 1924.1
1224150 1922.2
1224160 1921.0
1224170 1921.0
1224180 1921.4
1224190 1922.8
1224200 1922.8
1224210 1923.9
1224220 1925.1
1224230 1925.1
1224240 1926.4
1224250 1924.9
1224260 1924.9
1224270 1922.3
1224280 1921.8
1224290 1921.8
1224300 1920.6
1224310 1917.5
1224320 1917.5
1224330 1914.7
1224340 1911.2
1224350 1911.2
1224360 1907.5
1224370 1905.3
1224380 1902.9
1224390 1902.9
1224400 1901.2
1224410 1899.6
1224420 1899.6
1224430 1902.0
1224440 1900.3
1224450 1900.3
1224460 1898.2
1224470 1896.1
1224480 1896.1
1224490 1894.5
1224500 1893.6
1224510 1893.6
1224520 1893.3
1224530 1893.3
1224540 1893.3
1224550 1893.3
1224560 1893.3
1224570 1893.3
1224580 1893.3
1224590 1893.3
1224600 1893.3
1224610 1893.3
1224620 1893.3
1224630 1893.3
1224640 1893.3
1224650 1893.3
1224660 1893.3
1224670 1893.3
1224680 1893.3
1224690 1893.3
1224700 1893.3
1224710 1893.3
1224720 1893.3
1224730 1893.3
1224740 1893.3
1224750 1893.3
1224760 1893.3
1224770 1893.3
1224780 1893.3
1224790 1893.3
1224800 1893.3
1224810 1893.3
1224820 1893.3
1224830 1893.3
1224840 1893.3
1224850 1893.3
1224860 1893.3
1224870 1893.3
1224880 1893.3
1224890 1893.3
1224900 1893.3
1224910 1893.3
1224920 1893.3
1224930 1893.3
1224940 1893.8
1224950 1893.8
1224960 1896.8
1224970 1900.4
1224980 1900.4
1224990 1902.2
1225000 1902.4
1225010 1902.4
1225020 1902.4
1225030 1902.8
1225040 1902.8
1225050 1904.8
1225060 1907.7
1225070 1907.7
1225080 1910.4
1225090 1913.1
1225100 1913.1
1225110 1915.0
1225120 1916.1
1225130 1917.2
1225140 1917.2
1225150 1918.2
1225160 1919.6
1225170 1919.6
1225180 1922.1
1225190 1923.5
1225200 1923.5
1225210 1924.4
1225220 1924.8
1225230 1924.8
1225240 1925.2
1225250 1925.5
1225260 1925.5
1225270 1925.6
1225280 1926.2
1225290 1926.2
1225300 1928.9
1225310 1931.3
1225320 1931.3
1225330 1931.7
1225340 1930.9
1225350 1930.9
1225360 1929.2
1225370 1930.9
1225380 1932.2
1225390 1932.2
1225400 1934.8
1225410 1939.3
1225420 1939.3
1225430 1942.8
1225440 1948.0
1225450 1948.0
1225460 1951.5
1225470 1953.8
1225480 1953.8
1225490 1957.1
1225500 1958.8
1225510 1958.8
1225520 1960.7
1225530 1961.5
1225540 1961.5
1225550 1963.8
1225560 1969.0
1225570 1969.0
1225580 1973.7
1225590 1975.8
1225600 1975.8
1225610 1976.2
1225620 1975.8
1225630 1975.0
1225640 1975.0
1225650 1974.9
1225660 1975.4
1225670 1975.4
1225680 1976.0
1225690 1976.2
1225700 1976.2
1225710 1975.3
1225720 1973.8
1225730 1973.8
1225740 1972.8
1225750 1971.6
1225760 1971.6
1225770 1969.8
1225780 1968.4
1225790 1968.4
1225800 1968.0
1225810 1967.3
1225820 1967.3
1225830 1966.4
1225840 1965.6
1225850 1965.6
1225860 1964.0
1225870 1962.2
1225880 1958.6
1225890 1958.6
1225900 1959.6
1225910 1958.8
1225920 1958.8
1225930 1958.6
1225940 1957.0
1225950 1957.0
1225960 1956.5
1225970 1956.4
1225980 1956.4
1225990 1955.9
1226000 1955.8
1226010 1955.8
1226020 1955.6
1226030 1957.8
1226040 1957.8
1226050 1958.6
1226060 1957.6
1226070 1957.6
1226080 1956.5
1226090 1956.1
1226100 1956.1
1226110 1956.4
1226120 1956.7
1226130 1957.0
1226140 1957.0
1226150 1957.1
1226160 1957.2
1226170 1957.2
1226180 1957.4
1226190 1957.6
1226200 1957.6
1226210 1958.0
1226220 1958.6
1226230 1958.6
1226240 1959.4
1226250 1960.0
1226260 1960.0
1226270 1960.6
1226280 1961.3
1226290 1961.3
1226300 1961.8
1226310 1962.3
1226320 1962.3
1226330 1962.9
1226340 1963.5
1226350 1963.5
1226360 1964.1
1226370 1964.5
1226380 1965.0
1226390 1965.0
1226400 1965.9
1226410 1966.5
1226420 1966.5
1226430 1967.7
1226440 1967.5
1226450 1967.5
1226460 1967.3
1226470 1968.1
1226480 1968.1
1226490 1968.9
1226500 1969.6
1226510 1969.6
1226520 1970.4
1226530 1971.1
1226540 1971.1
1226550 1972.0
1226560 1972.6
1226570 1972.6
1226580 1972.7
1226590 1972.6
1226600 1972.6
1226610 1973.2
1226620 1974.3
1226630 1975.1
1226640 1975.1
1226650 1976.6
1226660 1976.2
1226670 1976.2
1226680 1977.2
1226690 1978.9
1226700 1978.9
1226710 1979.6
1226720 1980.0
1226730 1980.0
1226740 1980.3
1226750 1981.1
1226760 1981.1
1226770 1982.2
1226780 1983.8
1226790 1983.8
1226800 1985.9
1226810 1987.8
1226820 1987.8
1226830 1989.9
1226840 1992.8
1226850 1992.8
1226860 1995.9
1226870 1998.9
1226880 2002.3
1226890 2001.5
1226900 2005.2
1226910 2009.1
1226920 2009.1
1226930 2012.7
1226940 2016.1
1226950 2016.1
1226960 2019.3
1226970 2023.1
1226980 2023.1
1226990 2027.3
1227000 2032.1
1227010 2032.1
1227020 2037.0
1227030 2041.8
1227040 2041.8
1227050 2046.0
1227060 2050.0
1227070 2050.0
1227080 2054.9
1227090 2061.1
1227100 2061.1
1227110 2067.8
1227120 2074.1
1227130 2079.3
1227140 2079.3
1227150 2084.5
1227160 2089.6
1227170 2089.6
1227180 2094.0
1227190 2097.9
1227200 2097.9
1227210 2101.4
1227220 2104.7
1227230 2104.7
1227240 2108.3
1227250 2112.1
1227260 2112.1
1227270 2116.1
1227280 2120.3
1227290 2120.3
1227300 2125.4
1227310 2129.3
1227320 2129.3
1227330 2132.7
1227340 2136.1
1227350 2136.1
1227360 2139.3
1227370 2141.9
1227380 2145.9
1227390 2145.9
1227400 2148.7
1227410 2151.5
1227420 2151.5
1227430 2154.6
1227440 2157.0
1227450 2157.0
1227460 2159.4
1227470 2162.3
1227480 2162.3
1227490 2164.7
1227500 2166.4
1227510 2166.4
1227520 2167.7
1227530 2169.0
1227540 2169.0
1227550 2169.9
1227560 2171.7
1227570 2171.7
1227580 2173.2
1227590 2174.4
1227600 2174.4
1227610 2176.1
1227620 2177.4
1227630 2178.4
1227640 2178.4
1227650 2178.9
1227660 2178.9
1227670 2178.9
1227680 2179.3
1227690 2180.0
1227700 2180.0
1227710 2180.4
1227720 2182.2
1227730 2182.2
1227740 2185.2
1227750 2187.5
1227760 2187.5
1227770 2189.0
1227780 2190.4
1227790 2190.4
1227800 2191.4
1227810 2192.2
1227820 2192.2
1227830 2193.5
1227840 2194.8
1227850 2194.8
1227860 2195.5
1227870 2195.7
1227880 2196.4
1227890 2196.4
1227900 2196.6
1227910 2197.3
1227920 2197.3
1227930 2198.0
1227940 2199.2
1227950 2199.2
1227960 2200.8
1227970 2202.2
1227980 2202.2
1227990 2203.5
1228000 2205.0
1228010 2205.0
1228020 2206.4
1228030 2207.7
1228040 2207.7
1228050 2209.0
1228060 2210.8
1228070 2210.8
1228080 2212.7
1228090 2214.1
1228100 2214.1
1228110 2216.1
1228120 2218.5
1228130 2220.2
1228140 2220.2
1228150 2222.0
1228160 2223.7
1228170 2223.7
1228180 2224.9
1228190 2226.2
1228200 2226.2
1228210 2227.6
1228220 2229.0
1228230 2229.0
1228240 2231.0
1228250 2232.9
1228260 2232.9
1228270 2234.9
1228280 2236.7
1228290 2236.7
1228300 2238.5
1228310 2240.1
1228320 2240.1
1228330 2241.8
1228340 2243.6
1228350 2243.6
1228360 2245.3
1228370 2248.0
1228380 2248.4
1228390 2248.4
1228400 2248.0
1228410 2246.9
1228420 2246.9
1228430 2245.8
1228440 2244.3
1228450 2244.3
1228460 2242.8
1228470 2241.3
1228480 2241.3
1228490 2240.4
1228500 2240.5
1228510 2240.5
1228520 2241.4
1228530 2241.7
1228540 2241.7
1228550 2241.1
1228560 2239.7
1228570 2239.7
1228580 2239.5
1228590 2240.4
1228600 2240.4
1228610 2240.6
1228620 2240.2
1228630 2240.2
1228640 2240.2
1228650 2241.1
1228660 2242.0
1228670 2242.0
1228680 2243.3
1228690 2244.5
1228700 2244.5
1228710 2245.6
1228720 2247.8
1228730 2247.8
1228740 2251.5
1228750 2255.2
1228760 2255.2
1228770 2258.4
1228780 2262.1
1228790 2262.1
1228800 2266.3
1228810 2270.0
1228820 2270.0
1228830 2273.3
1228840 2276.0
1228850 2276.0
1228860 2278.8
1228870 2288.8
1228880 2292.9
1228890 2292.9
1228900 2296.1
1228910 2297.3
1228920 2297.3
1228930 2297.1
1228940 2296.8
1228950 2296.8
1228960 2297.0
1228970 2297.5
1228980 2297.5
1228990 2298.2
1229000 2299.2
1229010 2299.2
1229020 2300.3
1229030 2302.2
1229040 2302.2
1229050 2303.4
1229060 2303.9
1229070 2303.9
1229080 2304.5
1229090 2303.6
1229100 2303.6
1229110 2302.3
1229120 2302.2
1229130 2302.3
1229140 2302.3
1229150 2301.6
1229160 2302.1
1229170 2302.1
1229180 2302.5
1229190 2302.0
1229200 2302.0
1229210 2303.1
1229220 2302.0
1229230 2302.0
1229240 2300.2
1229250 2300.1
1229260 2300.1
1229270 2298.5
1229280 2297.1
1229290 2297.1
1229300 2296.1
1229310 2290.4
1229320 2290.4
1229330 2284.5
1229340 2278.4
1229350 2278.4
1229360 2276.2
1229370 2282.0
1229380 2285.2
1229390 2285.2
1229400 2285.7
1229410 2286.3
1229420 2286.3
1229430 2289.9
1229440 2291.2
1229450 2291.2
1229460 2292.1
1229470 2293.7
1229480 2293.7
1229490 2294.9
1229500 2296.7
1229510 2296.7
1229520 2301.2
1229530 2304.4
1229540 2304.4
1229550 2308.4
1229560 2314.6
1229570 2314.6
1229580 2320.6
1229590 2327.0
1229600 2327.0
1229610 2333.9
1229620 2341.0
1229630 2350.1
1229640 2350.1
1229650 2371.5
1229660 2380.6
1229670 2380.6
1229680 2382.2
1229690 2384.0
1229700 2384.0
1229710 2386.3
1229720 2389.1
1229730 2389.1
1229740 2392.8
1229750 2396.9
1229760 2396.9
1229770 2400.3
1229780 2405.0
1229790 2405.0
1229800 2409.5
1229810 2414.1
1229820 2414.1
1229830 2419.4
1229840 2424.5
1229850 2424.5
1229860 2430.0
1229870 2431.2
1229880 2436.5
1229890 2436.5
1229900 2441.4
1229910 2446.4
1229920 2446.4
1229930 2452.0
1229940 2458.4
1229950 2458.4
1229960 2464.7
1229970 2471.8
1229980 2471.8
1229990 2477.7
1230000 2480.1
1230010 2480.1
1230020 2482.8
1230030 2486.5
1230040 2486.5
1230050 2491.6
1230060 2497.0
1230070 2497.0
1230080 2504.1
1230090 2507.5
1230100 2507.5
1230110 2508.9
1230120 2506.7
1230130 2502.5
1230140 2502.5
1230150 2496.7
1230160 2488.2
1230170 2488.2
1230180 2480.4
1230190 2472.4
1230200 2472.4
1230210 2462.1
1230220 2452.6
1230230 2452.6
1230240 2447.6
1230250 2447.1
1230260 2447.1
1230270 2442.6
1230280 2434.5
1230290 2434.5
1230300 2423.9
1230310 2417.9
1230320 2417.9
1230330 2412.3
1230340 2407.1
1230350 2407.1
1230360 2401.1
1230370 2401.3
1230380 2389.6
1230390 2389.6
1230400 2374.2
1230410 2364.2
1230420 2364.2
1230430 2359.5
1230440 2357.7
1230450 2357.7
1230460 2356.0
1230470 2354.3
1230480 2354.3
1230490 2352.5
1230500 2350.8
1230510 2350.8
1230520 2349.1
1230530 2347.5
1230540 2347.5
1230550 2346.2
1230560 2344.5
1230570 2344.5
1230580 2343.7
1230590 2343.0
1230600 2343.0
1230610 2341.5
1230620 2340.3
1230630 2340.4
1230640 2340.4
1230650 2341.5
1230660 2345.8
1230670 2345.8
1230680 2353.2
1230690 2360.2
1230700 2360.2
1230710 2365.5
1230720 2375.9
1230730 2375.9
1230740 2389.4
1230750 2388.7
1230760 2388.7
1230770 2380.2
1230780 2373.1
1230790 2373.1
1230800 2367.3
1230810 2365.1
1230820 2365.1
1230830 2362.7
1230840 2357.2
1230850 2357.2
1230860 2351.1
1230870 2339.7
1230880 2330.0
1230890 2330.0
1230900 2322.0
1230910 2317.6
1230920 2317.6
1230930 2315.3
1230940 2312.6
1230950 2312.6
1230960 2309.7
1230970 2306.3
1230980 2306.3
1230990 2302.5
1231000 2298.3
1231010 2298.3
1231020 2293.5
1231030 2287.5
1231040 2287.5
1231050 2281.1
1231060 2275.9
1231070 2275.9
1231080 2270.0
1231090 2262.8
1231100 2262.8
1231110 2255.1
1231120 2248.1
1231130 2242.5
1231140 2242.5
1231150 2239.2
1231160 2236.9
1231170 2236.9
1231180 2234.3
1231190 2231.9
1231200 2231.9
1231210 2229.8
1231220 2227.4
1231230 2227.4
1231240 2224.9
1231250 2222.6
1231260 2222.6
1231270 2220.2
1231280 2218.0
1231290 2218.0
1231300 2216.2
1231310 2214.0
1231320 2214.0
1231330 2211.6
1231340 2209.3
1231350 2209.3
1231360 2206.9
1231370 2205.3
1231380 2203.2
1231390 2203.2
1231400 2202.0
1231410 2200.7
1231420 2200.7
1231430 2199.3
1231440 2199.7
1231450 2199.7
1231460 2200.9
1231470 2201.9
1231480 2201.9
1231490 2198.5
1231500 2192.4
1231510 2192.4
1231520 2187.7
1231530 2184.5
1231540 2184.5
1231550 2182.9
1231560 2182.8
1231570 2182.8
1231580 2183.6
1231590 2184.2
1231600 2184.2
1231610 2182.8
1231620 2180.7
1231630 2180.1
1231640 2180.1
1231650 2179.8
1231660 2179.2
1231670 2179.2
1231680 2178.2
1231690 2178.2
1231700 2178.2
1231710 2178.3
1231720 2177.6
1231730 2177.6
1231740 2177.7
1231750 2177.3
1231760 2177.3
1231770 2174.9
1231780 2175.0
1231790 2175.0
1231800 2177.0
1231810 2178.2
1231820 2178.2
1231830 2178.1
1231840 2178.8
1231850 2178.8
1231860 2179.1
1231870 2180.7
1231880 2184.3
1231890 2184.3
1231900 2189.1
1231910 2195.4
1231920 2195.4
1231930 2201.5
1231940 2213.0
1231950 2213.0
1231960 2231.8
1231970 2247.9
1231980 2247.9
1231990 2257.7
1232000 2263.9
1232010 2263.9
1232020 2269.5
1232030 2274.7
1232040 2274.7
1232050 2273.1
1232060 2269.8
1232070 2269.8
1232080 2268.0
1232090 2263.5
1232100 2263.5
1232110 2260.0
1232120 2255.7
1232130 2251.3
1232140 2251.3
1232150 2247.9
1232160 2243.8
1232170 2243.8
1232180 2238.9
1232190 2234.8
1232200 2234.8
1232210 2228.0
1232220 2220.8
1232230 2220.8
1232240 2214.3
1232250 2205.8
1232260 2205.8
1232270 2195.9
1232280 2188.1
1232290 2188.1
1232300 2180.7
1232310 2172.9
1232320 2172.9
1232330 2165.5
1232340 2161.2
1232350 2161.2
1232360 2158.5
1232370 2156.3
1232380 2157.0
1232390 2157.0
1232400 2153.6
1232410 2149.1
1232420 2149.1
1232430 2144.5
1232440 2139.2
1232450 2139.2
1232460 2132.9
1232470 2126.1
1232480 2126.1
1232490 2119.2
1232500 2113.6
1232510 2113.6
1232520 2109.1
1232530 2099.7
1232540 2099.7
1232550 2088.5
1232560 2079.4
1232570 2079.4
1232580 2072.2
1232590 2064.5
1232600 2064.5
1232610 2055.7
1232620 2047.2
1232630 2038.0
1232640 2038.0
1232650 2028.8
1232660 2020.4
1232670 2020.4
1232680 2011.3
1232690 2001.9
1232700 2001.9
1232710 1994.0
1232720 1985.3
1232730 1985.3
1232740 1972.2
1232750 1962.4
1232760 1962.4
1232770 1954.2
1232780 1945.9
1232790 1945.9
1232800 1938.1
1232810 1929.4
1232820 1929.4
1232830 1921.1
1232840 1912.7
1232850 1912.7
1232860 1904.4
1232870 1896.9
1232880 1889.1
1232890 1889.1
1232900 1881.9
1232910 1873.9
1232920 1873.9
1232930 1866.7
1232940 1859.8
1232950 1859.8
1232960 1853.1
1232970 1846.4
1232980 1846.4
1232990 1840.1
1233000 1834.2
1233010 1834.2
1233020 1828.3
1233030 1822.3
1233040 1822.3
1233050 1816.2
1233060 1809.8
1233070 1809.8
1233080 1803.6
1233090 1797.9
1233100 1797.9
1233110 1792.5
1233120 1786.6
1233130 1780.7
1233140 1780.7
1233150 1774.8
1233160 1768.9
1233170 1768.9
1233180 1763.4
1233190 1757.8
1233200 1757.8
1233210 1752.4
1233220 1747.3
1233230 1747.3
1233240 1742.2
1233250 1737.4
1233260 1737.4
1233270 1732.9
1233280 1728.5
1233290 1728.5
1233300 1724.1
1233310 1720.3
1233320 1720.3
1233330 1718.1
1233340 1716.7
1233350 1716.7
1233360 1715.5
1233370 1714.8
1233380 1715.6
1233390 1716.5
1233400 1716.6
1233410 1713.7
1233420 1713.7
1233430 1709.3
1233440 1705.6
1233450 1705.6
1233460 1705.2
1233470 1703.0
1233480 1703.0
1233490 1700.4
1233500 1699.6
1233510 1699.6
1233520 1700.1
1233530 1700.2
1233540 1700.2
1233550 1699.8
1233560 1699.3
1233570 1699.3
1233580 1698.2
1233590 1697.0
1233600 1697.0
1233610 1693.5
1233620 1688.0
1233630 1683.3
1233640 1683.3
1233650 1681.3
1233660 1683.9
1233670 1683.9
1233680 1690.3
1233690 1694.8
1233700 1694.8
1233710 1694.1
1233720 1692.4
1233730 1692.4
1233740 1692.0
1233750 1691.2
1233760 1691.2
1233770 1693.3
1233780 1696.3
1233790 1696.3
1233800 1698.6
1233810 1700.7
1233820 1700.7
1233830 1702.2
1233840 1703.9
1233850 1703.9
1233860 1705.3
1233870 1706.6
1233880 1708.7
1233890 1705.3
1233900 1708.0
1233910 1710.0
1233920 1710.0
1233930 1711.7
1233940 1713.0
1233950 1713.0
1233960 1714.0
1233970 1715.4
1233980 1715.4
1233990 1717.7
1234000 1718.7
1234010 1718.7
1234020 1719.9
1234030 1722.0
1234040 1722.0
1234050 1724.0
1234060 1726.8
1234070 1726.8
1234080 1729.8
1234090 1733.2
1234100 1733.2
1234110 1736.3
1234120 1738.5
1234130 1740.5
1234140 1740.5
1234150 1741.9
1234160 1743.3
1234170 1743.3
1234180 1744.5
1234190 1746.3
1234200 1746.3
1234210 1748.3
1234220 1750.2
1234230 1750.2
1234240 1752.6
1234250 1754.3
1234260 1754.3
1234270 1755.0
1234280 1754.0
1234290 1754.0
1234300 1753.6
1234310 1753.6
1234320 1753.6
1234330 1752.3
1234340 1750.9
1234350 1750.9
1234360 1750.7
1234370 1754.0
1234380 1757.7
1234390 1757.7
1234400 1759.5
1234410 1764.5
1234420 1764.5
1234430 1769.2
1234440 1772.3
1234450 1772.3
1234460 1775.3
1234470 1778.7
1234480 1778.7
1234490 1781.8
1234500 1784.7
1234510 1784.7
1234520 1787.6
1234530 1790.9
1234540 1790.9
1234550 1793.8
1234560 1795.9
1234570 1795.9
1234580 1797.8
1234590 1800.5
1234600 1800.5
1234610 1803.2
1234620 1805.7
1234630 1809.8
1234640 1809.8
1234650 1812.5
1234660 1815.9
1234670 1815.9
1234680 1818.5
1234690 1820.0
1234700 1820.0
1234710 1821.3
1234720 1825.7
1234730 1825.7
1234740 1831.1
1234750 1836.6
1234760 1836.6
1234770 1841.2
1234780 1844.0
1234790 1844.0
1234800 1845.5
1234810 1845.4
1234820 1845.4
1234830 1843.2
1234840 1839.1
1234850 1839.1
1234860 1836.3
1234870 1834.9
1234880 1839.7
1234890 1839.7
1234900 1848.3
1234910 1852.0
1234920 1852.0
1234930 1859.6
1234940 1866.5
1234950 1866.5
1234960 1873.5
1234970 1880.4
1234980 1880.4
1234990 1886.5
1235000 1891.2
1235010 1891.2
1235020 1891.8
1235030 1892.4
1235040 1892.4
1235050 1892.9
1235060 1894.9
1235070 1894.9
1235080 1900.5
1235090 1907.6
1235100 1907.6
1235110 1914.1
1235120 1920.8
1235130 1921.7
1235140 1921.7
1235150 1919.4
1235160 1916.2
1235170 1916.2
1235180 1914.8
1235190 1919.1
1235200 1919.1
1235210 1925.0
1235220 1933.1
1235230 1933.1
1235240 1942.6
1235250 1949.3
1235260 1949.3
1235270 1950.6
1235280 1951.5
1235290 1951.5
1235300 1952.7
1235310 1954.2
1235320 1954.2
1235330 1957.4
1235340 1958.3
1235350 1958.3
1235360 1959.3
1235370 1964.3
1235380 1972.5
1235390 1972.5
1235400 1979.9
1235410 1983.7
1235420 1978.1
1235430 1982.6
1235440 1987.1
1235450 1987.1
1235460 1992.8
1235470 1999.3
1235480 1999.3
1235490 2005.5
1235500 2010.5
1235510 2010.5
1235520 2013.8
1235530 2016.1
1235540 2016.1
1235550 2018.2
1235560 2019.9
1235570 2019.9
1235580 2021.0
1235590 2021.6
1235600 2021.6
1235610 2022.1
1235620 2022.4
1235630 2022.3
1235640 2022.3
1235650 2022.4
1235660 2022.5
1235670 2022.5
1235680 2022.1
1235690 2021.5
1235700 2021.5
1235710 2021.0
1235720 2020.3
1235730 2020.3
1235740 2019.6
1235750 2018.9
1235760 2018.9
1235770 2018.4
1235780 2018.1
1235790 2018.1
1235800 2017.6
1235810 2016.1
1235820 2016.1
1235830 2014.1
1235840 2011.5
1235850 2011.5
1235860 2009.2
1235870 2007.3
1235880 2005.3
1235890 2005.3
1235900 2003.4
1235910 2001.9
1235920 2001.9
1235930 1994.7
1235940 1992.7
1235950 1992.7
1235960 1990.2
1235970 1987.9
1235980 1987.9
1235990 1985.8
1236000 1983.8
1236010 1983.8
1236020 1981.9
1236030 1979.2
1236040 1979.2
1236050 1972.6
1236060 1964.8
1236070 1964.8
1236080 1957.1
1236090 1950.7
1236100 1950.7
1236110 1945.6
1236120 1945.9
1236130 1950.4
1236140 1950.4
1236150 1956.2
1236160 1961.7
1236170 1961.7
1236180 1965.6
1236190 1966.0
1236200 1966.0
1236210 1965.1
1236220 1963.9
1236230 1963.9
1236240 1962.0
1236250 1960.2
1236260 1960.2
1236270 1959.1
1236280 1958.3
1236290 1958.3
1236300 1957.8
1236310 1957.1
1236320 1957.1
1236330 1955.7
1236340 1953.5
1236350 1953.5
1236360 1950.8
1236370 1945.9
1236380 1940.6
1236390 1940.6
1236400 1936.0
1236410 1932.7
1236420 1932.7
1236430 1933.0
1236440 1928.2
1236450 1928.2
1236460 1927.5
1236470 1926.1
1236480 1926.1
1236490 1924.9
1236500 1924.9
1236510 1924.9
1236520 1926.1
1236530 1928.4
1236540 1928.4
1236550 1932.0
1236560 1935.8
1236570 1935.8
1236580 1939.4
1236590 1943.3
1236600 1947.2
1236610 1947.2
1236620 1951.6
1236630 1956.0
1236640 1956.0
1236650 1959.0
1236660 1961.0
1236670 1961.0
1236680 1962.8
1236690 1964.4
1236700 1964.4
1236710 1965.4
1236720 1964.8
1236730 1964.8
1236740 1963.8
1236750 1964.3
1236760 1964.3
1236770 1965.7
1236780 1968.0
1236790 1968.0
1236800 1970.7
1236810 1973.1
1236820 1973.1
1236830 1974.7
1236840 1976.2
1236850 1977.3
1236860 1977.3
1236870 1976.9
1236880 1970.5
1236890 1970.5
1236900 1963.8
1236910 1959.3
1236920 1959.3
1236930 1956.4
1236940 1954.1
1236950 1948.3
1236960 1945.9
1236970 1943.1
1236980 1943.1
1236990 1940.3
1237000 1937.5
1237010 1937.5
1237020 1935.1
1237030 1931.4
1237040 1931.4
1237050 1926.4
1237060 1921.5
1237070 1921.5
1237080 1919.5
1237090 1918.9
1237100 1916.0
1237110 1916.0
1237120 1915.3
1237130 1915.1
1237140 1915.1
1237150 1914.8
1237160 1913.9
1237170 1913.9
1237180 1916.1
1237190 1917.3
1237200 1917.3
1237210 1914.0
1237220 1908.8
1237230 1908.8
1237240 1899.0
1237250 1897.1
1237260 1897.1
1237270 1909.0
1237280 1915.7
1237290 1915.7
1237300 1918.6
1237310 1917.2
1237320 1917.2
1237330 1913.6
1237340 1906.3
1237350 1902.7
1237360 1902.7
1237370 1899.9
1237380 1900.5
1237390 1900.5
1237400 1905.9
1237410 1907.7
1237420 1907.7
1237430 1912.2
1237440 1915.3
1237450 1915.3
1237460 1916.0
1237470 1926.2
1237480 1926.2
1237490 1931.8
1237500 1938.1
1237510 1938.1
1237520 1941.7
1237530 1941.6
1237540 1941.6
1237550 1941.9
1237560 1942.5
1237570 1942.5
1237580 1942.5
1237590 1940.2
1237600 1934.7
1237610 1934.7
1237620 1930.4
1237630 1930.1
1237640 1930.1
1237650 1937.5
1237660 1951.3
1237670 1951.3
1237680 1960.8
1237690 1965.6
1237700 1965.6
1237710 1968.6
1237720 1970.7
1237730 1970.7
1237740 1972.3
1237750 1974.0
1237760 1974.0
1237770 1974.0
1237780 1973.8
1237790 1973.8
1237800 1973.8
1237810 1973.6
1237820 1973.6
1237830 1975.6
1237840 1978.5
1237850 1980.3
1237860 1980.3
1237870 1982.7
1237880 1985.9
1237890 1985.9
1237900 1989.0
1237910 1991.7
1237920 1991.7
1237930 1993.5
1237940 1994.1
1237950 1994.1
1237960 1993.2
1237970 1991.6
1237980 1985.7
1237990 1984.3
1238000 1983.5
1238010 1983.5
1238020 1983.0
1238030 1982.2
1238040 1982.2
1238050 1981.8
1238060 1982.1
1238070 1982.1
1238080 1982.8
1238090 1982.4
1238100 1981.2
1238110 1981.2
1238120 1979.5
1238130 1975.7
1238140 1975.7
1238150 1971.2
1238160 1967.0
1238170 1967.0
1238180 1961.6
1238190 1954.6
1238200 1954.6
1238210 1955.1
1238220 1963.5
1238230 1963.5
1238240 1974.4
1238250 1983.9
1238260 1983.9
1238270 1992.6
1238280 2000.4
1238290 2000.4
1238300 2006.9
1238310 2013.2
1238320 2013.2
1238330 2019.4
1238340 2025.1
1238350 2030.1
1238360 2030.1
1238370 2034.2
1238380 2037.8
1238390 2037.8
1238400 2040.6
1238410 2041.9
1238420 2041.9
1238430 2043.7
1238440 2045.1
1238450 2045.1
1238460 2046.4
1238470 2047.6
1238480 2047.6
1238490 2047.9
1238500 2041.6
1238510 2041.6
1238520 2044.2
1238530 2045.0
1238540 2045.0
1238550 2045.7
1238560 2047.8
1238570 2047.8
1238580 2048.7
1238590 2049.0
1238600 2048.9
1238610 2048.9
1238620 2049.5
1238630 2051.1
1238640 2051.1
1238650 2052.0
1238660 2054.6
1238670 2054.6
1238680 2059.1
1238690 2063.8
1238700 2063.8
1238710 2067.2
1238720 2067.9
1238730 2067.9
1238740 2067.7
1238750 2067.6
1238760 2067.6
1238770 2066.9
1238780 2065.8
1238790 2065.8
1238800 2064.1
1238810 2062.3
1238820 2062.3
1238830 2059.5
1238840 2055.3
1238850 2049.6
1238860 2049.6
1238870 2047.0
1238880 2049.1
1238890 2049.1
1238900 2052.1
1238910 2056.2
1238920 2056.2
1238930 2063.2
1238940 2072.2
1238950 2072.2
1238960 2084.3
1238970 2096.2
1238980 2096.2
1238990 2103.0
1239000 2106.7
1239010 2104.9
1239020 2107.1
1239030 2109.4
1239040 2109.4
1239050 2112.4
1239060 2113.9
1239070 2113.9
1239080 2113.1
1239090 2113.1
1239100 2113.3
1239110 2113.3
1239120 2111.7
1239130 2108.0
1239140 2108.0
1239150 2103.9
1239160 2100.3
1239170 2100.3
1239180 2101.6
1239190 2104.5
1239200 2104.5
1239210 2108.7
1239220 2110.2
1239230 2110.2
1239240 2109.3
1239250 2108.4
1239260 2108.4
1239270 2107.9
1239280 2106.9
1239290 2106.9
1239300 2110.6
1239310 2117.7
1239320 2117.7
1239330 2120.3
1239340 2120.2
1239350 2118.4
1239360 2118.4
1239370 2116.3
1239380 2114.4
1239390 2114.4
1239400 2111.4
1239410 2106.8
1239420 2106.8
1239430 2099.0
1239440 2091.6
1239450 2091.6
1239460 2090.4
1239470 2096.5
1239480 2096.5
1239490 2104.0
1239500 2107.8
1239510 2107.8
1239520 2111.8
1239530 2104.0
1239540 2104.0
1239550 2101.8
1239560 2098.4
1239570 2098.4
1239580 2092.4
1239590 2085.6
1239600 2078.0
1239610 2078.0
1239620 2074.2
1239630 2077.8
1239640 2077.8
1239650 2081.2
1239660 2086.1
1239670 2086.1
1239680 2094.2
1239690 2101.0
1239700 2101.0
1239710 2105.6
1239720 2107.4
1239730 2107.4
1239740 2108.6
1239750 2108.8
1239760 2108.8
1239770 2103.4
1239780 2097.4
1239790 2097.4
1239800 2103.3
1239810 2113.2
1239820 2113.2
1239830 2117.5
1239840 2118.9
1239850 2122.9
1239860 2122.9
1239870 2126.2
1239880 2128.6
1239890 2128.6
1239900 2130.7
1239910 2129.1
1239920 2129.1
1239930 2127.0
1239940 2126.5
1239950 2126.5
1239960 2126.0
1239970 2126.3
1239980 2126.3
1239990 2128.0
