1220000 2256.6
1220010 2254.7
1220020 2254.7
1220030 2253.4
1220040 2251.5
1220050 2251.5
1220060 2247.7
1220070 2244.7
1220080 2244.7
1220090 2244.7
1220100 2246.0
1220110 2246.6
1220120 2246.6
1220130 2246.1
1220140 2244.5
1220150 2244.5
1220160 2241.5
1220170 2238.0
1220180 2238.0
1220190 2235.8
1220200 2236.4
1220210 2236.4
1220220 2240.6
1220230 2240.7
1220240 2240.7
1220250 2239.7
1220260 2237.7
1220270 2237.7
1220280 2234.4
1220290 2230.2
1220300 2230.2
1220310 2225.1
1220320 2220.4
1220330 2220.4
1220340 2215.2
1220350 2210.1
1220360 2205.3
1220370 2205.3
1220380 2202.3
1220390 2200.2
1220400 2200.2
1220410 2199.4
1220420 2198.6
1220430 2198.6
1220440 2197.2
1220450 2197.1
1220460 2197.1
1220470 2198.2
1220480 2200.0
1220490 2200.0
1220500 2204.1
1220510 2204.0
1220520 2204.0
1220530 2202.1
1220540 2201.4
1220550 2201.4
1220560 2201.8
1220570 2201.6
1220580 2201.6
1220590 2201.8
1220600 2203.8
1220610 2204.9
1220620 2204.9
1220630 2205.7
1220640 2206.9
1220650 2206.9
1220660 2208.5
1220670 2210.6
1220680 2210.6
1220690 2213.1
1220700 2222.4
1220710 2222.4
1220720 2224.6
1220730 2226.6
1220740 2226.6
1220750 2229.0
1220760 2231.7
1220770 2231.7
1220780 2232.2
1220790 2232.7
1220800 2232.7
1220810 2234.2
1220820 2237.4
1220830 2237.4
1220840 2242.2
1220850 2245.0
1220860 2245.5
1220870 2245.5
1220880 2246.7
1220890 2247.1
1220900 2247.1
1220910 2248.1
1220920 2250.2
1220930 2250.2
1220940 2251.2
1220950 2250.0
1220960 2250.0
1220970 2249.6
1220980 2250.3
1220990 2250.3
1221000 2250.7
1221010 2252.5
1221020 2252.5
1221030 2254.5
1221040 2257.7
1221050 2257.7
1221060 2262.6
1221070 2268.0
1221080 2268.0
1221090 2273.6
1221100 2279.2
1221110 2285.2
1221120 2285.2
1221130 2291.5
1221140 2297.5
1221150 2297.5
1221160 2303.3
1221170 2308.9
1221180 2313.8
1221190 2319.3
1221200 2323.9
1221210 2323.9
1221220 2326.3
1221230 2334.0
1221240 2334.0
1221250 2346.9
1221260 2359.9
1221270 2359.9
1221280 2373.7
1221290 2384.0
1221300 2384.0
1221310 2395.8
1221320 2407.8
1221330 2407.8
1221340 2415.1
1221350 2423.8
1221360 2430.1
1221370 2430.1
1221380 2435.9
1221390 2443.1
1221400 2443.1
1221410 2452.2
1221420 2457.4
1221430 2457.4
1221440 2453.3
1221450 2447.2
1221460 2447.2
1221470 2439.9
1221480 2447.1
1221490 2447.1
1221500 2457.0
1221510 2466.3
1221520 2466.3
1221530 2474.3
1221540 2469.1
1221550 2469.1
1221560 2462.4
1221570 2459.2
1221580 2459.2
1221590 2452.0
1221600 2434.4
1221610 2415.6
1221620 2415.6
1221630 2402.4
1221640 2390.0
1221650 2390.0
1221660 2381.9
1221670 2384.9
1221680 2384.9
1221690 2377.1
1221700 2373.4
1221710 2373.4
1221720 2371.4
1221730 2368.3
1221740 2368.3
1221750 2365.9
1221760 2363.8
1221770 2363.8
1221780 2361.2
1221790 2358.2
1221800 2358.2
1221810 2355.3
1221820 2352.6
1221830 2352.6
1221840 2350.9
1221850 2350.1
1221860 2348.7
1221870 2348.7
1221880 2347.1
1221890 2345.9
1221900 2345.9
1221910 2344.6
1221920 2344.2
1221930 2344.2
1221940 2344.0
1221950 2342.8
1221960 2342.8
1221970 2343.7
1221980 2344.1
1221990 2344.1
1222000 2340.9
1222010 2335.4
1222020 2335.4
1222030 2327.9
1222040 2317.8
1222050 2317.8
1222060 2308.4
1222070 2299.8
1222080 2299.8
1222090 2292.6
1222100 2285.7
1222110 2278.4
1222120 2278.4
1222130 2270.9
1222140 2262.9
1222150 2260.1
1222160 2252.5
1222170 2244.7
1222180 2244.7
1222190 2236.6
1222200 2229.9
1222210 2229.9
1222220 2223.8
1222230 2218.0
1222240 2218.0
1222250 2211.9
1222260 2204.4
1222270 2204.4
1222280 2197.5
1222290 2191.1
1222300 2191.1
1222310 2185.4
1222320 2180.5
1222330 2180.5
1222340 2175.3
1222350 2168.9
1222360 2159.9
1222370 2159.9
1222380 2151.2
1222390 2142.8
1222400 2142.8
1222410 2135.7
1222420 2129.0
1222430 2129.0
1222440 2123.6
1222450 2118.7
1222460 2118.7
1222470 2114.3
1222480 2108.7
1222490 2108.7
1222500 2102.0
1222510 2094.8
1222520 2094.8
1222530 2088.1
1222540 2081.9
1222550 2081.9
1222560 2075.8
1222570 2071.1
1222580 2071.1
1222590 2067.8
1222600 2064.6
1222610 2061.2
1222620 2061.2
1222630 2059.4
1222640 2058.0
1222650 2058.0
1222660 2056.7
1222670 2053.7
1222680 2053.7
1222690 2049.3
1222700 2045.3
1222710 2045.3
1222720 2041.9
1222730 2037.9
1222740 2037.9
1222750 2033.0
1222760 2029.1
1222770 2029.1
1222780 2024.8
1222790 2021.2
1222800 2021.2
1222810 2019.0
1222820 2015.8
1222830 2015.8
1222840 2012.5
1222850 2009.4
1222860 2004.6
1222870 2004.6
1222880 1999.6
1222890 1996.5
1222900 1996.5
1222910 1994.7
1222920 1993.2
1222930 1993.2
1222940 1992.1
1222950 1992.1
1222960 1992.1
1222970 1993.3
1222980 1993.2
1222990 1993.2
1223000 1993.0
1223010 1992.9
1223020 1992.9
1223030 1992.4
1223040 1991.9
1223050 1991.9
1223060 1991.8
1223070 1992.7
1223080 1992.7
1223090 1993.4
1223100 1994.3
1223110 1994.9
1223120 1994.5
1223130 1995.5
1223140 2000.0
1223150 2000.0
1223160 2003.3
1223170 2004.2
1223180 2004.2
1223190 2005.1
1223200 2007.6
1223210 2007.6
1223220 2008.7
1223230 2008.3
1223240 2008.3
1223250 2008.1
1223260 2007.3
1223270 2007.3
1223280 2006.4
1223290 2006.4
1223300 2006.4
1223310 2010.6
1223320 2015.5
1223330 2015.5
1223340 2020.3
1223350 2025.9
1223360 2031.8
1223370 2031.8
1223380 2037.2
1223390 2042.4
1223400 2042.4
1223410 2047.2
1223420 2050.9
1223430 2050.9
1223440 2056.1
1223450 2062.2
1223460 2062.2
1223470 2069.1
1223480 2075.7
1223490 2075.7
1223500 2080.9
1223510 2085.7
1223520 2085.7
1223530 2090.3
1223540 2094.2
1223550 2094.2
1223560 2097.7
1223570 2099.7
1223580 2099.7
1223590 2098.8
1223600 2098.2
1223610 2103.8
1223620 2103.8
1223630 2103.2
1223640 2103.1
1223650 2103.1
1223660 2103.5
1223670 2103.6
1223680 2103.6
1223690 2103.2
1223700 2102.6
1223710 2102.6
1223720 2101.5
1223730 2100.9
1223740 2100.9
1223750 2100.0
1223760 2098.5
1223770 2098.5
1223780 2096.8
1223790 2095.2
1223800 2095.2
1223810 2094.8
1223820 2092.9
1223830 2092.9
1223840 2089.4
1223850 2085.6
1223860 2082.3
1223870 2082.3
1223880 2080.0
1223890 2077.9
1223900 2077.9
1223910 2076.7
1223920 2075.9
1223930 2075.9
1223940 2074.3
1223950 2074.1
1223960 2074.1
1223970 2074.3
1223980 2074.1
1223990 2074.1
1224000 2072.7
1224010 2070.2
1224020 2070.2
1224030 2067.1
1224040 2064.0
1224050 2064.0
1224060 2061.8
1224070 2058.5
1224080 2058.5
1224090 2059.4
1224100 2054.2
1224110 2049.5
1224120 2049.5
1224130 2044.9
1224140 2040.7
1224150 2040.7
1224160 2036.6
1224170 2032.4
1224180 2032.4
1224190 2029.1
1224200 2025.9
1224210 2025.9
1224220 2023.6
1224230 2023.3
1224240 2023.3
1224250 2025.0
1224260 2026.6
1224270 2026.6
1224280 2029.5
1224290 2026.3
1224300 2026.3
1224310 2027.4
1224320 2030.9
1224330 2030.9
1224340 2032.4
1224350 2031.1
1224360 2028.0
1224370 2028.0
1224380 2025.1
1224390 2022.3
1224400 2022.3
1224410 2019.9
1224420 2017.5
1224430 2017.5
1224440 2013.6
1224450 2009.9
1224460 2009.9
1224470 2005.6
1224480 1999.0
1224490 1999.0
1224500 1994.0
1224510 1988.7
1224520 1988.7
1224530 1981.7
1224540 1975.2
1224550 1975.2
1224560 1968.1
1224570 1962.5
1224580 1966.9
1224590 1961.4
1224600 1955.9
1224610 1949.9
1224620 1949.9
1224630 1943.9
1224640 1938.0
1224650 1938.0
1224660 1932.5
1224670 1927.6
1224680 1927.6
1224690 1923.6
1224700 1918.8
1224710 1918.8
1224720 1914.6
1224730 1909.8
1224740 1909.8
1224750 1904.8
1224760 1901.7
1224770 1901.7
1224780 1898.9
1224790 1895.9
1224800 1895.9
1224810 1893.8
1224820 1893.3
1224830 1893.3
1224840 1893.3
1224850 1893.3
1224860 1893.3
1224870 1893.3
1224880 1893.3
1224890 1893.3
1224900 1893.3
1224910 1893.3
1224920 1893.3
1224930 1893.3
1224940 1893.3
1224950 1893.3
1224960 1893.3
1224970 1893.3
1224980 1893.3
1224990 1893.3
1225000 1893.3
1225010 1893.3
1225020 1893.3
1225030 1893.3
1225040 1893.3
1225050 1893.3
1225060 1893.3
1225070 1895.1
1225080 1895.1
1225090 1898.3
1225100 1901.6
1225110 1905.5
1225120 1905.5
1225130 1907.1
1225140 1908.0
1225150 1908.0
1225160 1911.5
1225170 1915.2
1225180 1915.2
1225190 1918.9
1225200 1922.5
1225210 1922.5
1225220 1926.4
1225230 1930.6
1225240 1930.6
1225250 1935.1
1225260 1939.3
1225270 1939.3
1225280 1943.6
1225290 1947.6
1225300 1947.6
1225310 1951.7
1225320 1956.3
1225330 1956.3
1225340 1960.0
1225350 1962.8
1225360 1965.4
1225370 1965.4
1225380 1969.2
1225390 1973.5
1225400 1973.5
1225410 1977.5
1225420 1981.3
1225430 1981.3
1225440 1984.1
1225450 1987.4
1225460 1987.4
1225470 1990.2
1225480 1992.7
1225490 1992.7
1225500 1995.8
1225510 1997.6
1225520 1997.6
1225530 1999.4
1225540 2001.2
1225550 2001.2
1225560 2010.9
1225570 2009.8
1225580 2009.8
1225590 2009.2
1225600 2010.1
1225610 2010.8
1225620 2010.8
1225630 2010.7
1225640 2010.3
1225650 2010.3
1225660 2010.7
1225670 2011.0
1225680 2011.0
1225690 2010.1
1225700 2010.5
1225710 2010.5
1225720 2011.3
1225730 2012.1
1225740 2012.1
1225750 2012.3
1225760 2012.2
1225770 2012.2
1225780 2012.0
1225790 2011.8
1225800 2011.8
1225810 2011.3
1225820 2010.8
1225830 2010.8
1225840 2011.0
1225850 2010.7
1225860 2010.0
1225870 2010.0
1225880 2009.5
1225890 2009.7
1225900 2009.7
1225910 2009.3
1225920 2008.8
1225930 2008.8
1225940 2009.1
1225950 2009.5
1225960 2009.5
1225970 2009.2
1225980 2009.1
1225990 2009.1
1226000 2008.8
1226010 2007.7
1226020 2007.7
1226030 2006.8
1226040 2006.4
1226050 2007.9
1226060 2007.7
1226070 2007.0
1226080 2007.0
1226090 2007.2
1226100 2007.8
1226110 2007.3
1226120 2007.3
1226130 2006.5
1226140 2004.8
1226150 2004.8
1226160 2004.8
1226170 2003.7
1226180 2003.7
1226190 2003.2
1226200 2003.6
1226210 2003.6
1226220 2004.4
1226230 2006.0
1226240 2006.0
1226250 2005.6
1226260 2004.4
1226270 2004.4
1226280 2003.5
1226290 2002.6
1226300 2002.6
1226310 2000.8
1226320 1999.7
1226330 1999.7
1226340 1998.6
1226350 1997.2
1226360 1995.6
1226370 1995.6
1226380 1995.3
1226390 1995.4
1226400 1995.4
1226410 1995.7
1226420 1995.1
1226430 1995.1
1226440 1994.6
1226450 1994.4
1226460 1994.4
1226470 1993.5
1226480 1992.9
1226490 1992.9
1226500 1992.0
1226510 1993.3
1226520 1993.3
1226530 1994.1
1226540 1993.8
1226550 1996.6
1226560 1996.2
1226570 1996.9
1226580 1996.9
1226590 1998.1
1226600 1999.5
1226610 2000.8
1226620 2000.8
1226630 2003.1
1226640 2004.5
1226650 2004.5
1226660 2003.5
1226670 2002.3
1226680 2002.3
1226690 2002.2
1226700 2002.8
1226710 2002.8
1226720 2003.2
1226730 2004.3
1226740 2004.3
1226750 2005.0
1226760 2003.8
1226770 2003.8
1226780 2003.5
1226790 2004.1
1226800 2004.1
1226810 2003.4
1226820 2003.3
1226830 2003.3
1226840 2003.9
1226850 2003.9
1226860 2003.3
1226870 2003.3
1226880 2003.2
1226890 2002.8
1226900 2002.8
1226910 2003.1
1226920 2000.3
1226930 2000.3
1226940 1999.6
1226950 2001.3
1226960 2001.3
1226970 2002.2
1226980 2001.8
1226990 2001.8
1227000 2001.2
1227010 2002.3
1227020 2002.3
1227030 2004.5
1227040 2006.0
1227050 2006.0
1227060 2009.8
1227070 2012.9
1227080 2012.9
1227090 2016.2
1227100 2019.6
1227110 2023.1
1227120 2023.1
1227130 2027.4
1227140 2031.3
1227150 2031.3
1227160 2035.2
1227170 2039.5
1227180 2039.5
1227190 2044.2
1227200 2049.1
1227210 2049.1
1227220 2054.3
1227230 2061.2
1227240 2061.2
1227250 2068.1
1227260 2074.4
1227270 2074.4
1227280 2080.0
1227290 2085.2
1227300 2085.2
1227310 2090.1
1227320 2094.7
1227330 2094.7
1227340 2099.5
1227350 2104.2
1227360 2109.0
1227370 2109.0
1227380 2114.0
1227390 2119.1
1227400 2119.1
1227410 2124.3
1227420 2128.7
1227430 2128.7
1227440 2133.9
1227450 2137.9
1227460 2137.9
1227470 2143.3
1227480 2149.2
1227490 2149.2
1227500 2154.4
1227510 2158.7
1227520 2158.7
1227530 2158.7
1227540 2162.3
1227550 2162.3
1227560 2165.2
1227570 2168.3
1227580 2168.3
1227590 2170.8
1227600 2173.4
1227610 2176.1
1227620 2176.1
1227630 2178.8
1227640 2181.3
1227650 2181.3
1227660 2183.7
1227670 2186.2
1227680 2186.2
1227690 2188.6
1227700 2191.0
1227710 2191.0
1227720 2193.3
1227730 2195.1
1227740 2195.1
1227750 2196.2
1227760 2197.3
1227770 2197.3
1227780 2198.4
1227790 2199.5
1227800 2199.5
1227810 2200.5
1227820 2201.7
1227830 2201.7
1227840 2203.2
1227850 2204.7
1227860 2206.0
1227870 2206.0
1227880 2207.4
1227890 2208.7
1227900 2208.7
1227910 2209.9
1227920 2211.1
1227930 2211.1
1227940 2212.6
1227950 2214.5
1227960 2214.5
1227970 2216.4
1227980 2217.9
1227990 2217.9
1228000 2220.1
1228010 2222.2
1228020 2222.2
1228030 2223.7
1228040 2225.6
1228050 2225.6
1228060 2227.6
1228070 2230.1
1228080 2230.1
1228090 2232.9
1228100 2235.6
1228110 2238.3
1228120 2238.3
1228130 2240.6
1228140 2242.8
1228150 2242.8
1228160 2245.4
1228170 2247.9
1228180 2247.9
1228190 2250.0
1228200 2252.2
1228210 2252.2
1228220 2254.4
1228230 2256.3
1228240 2256.3
1228250 2258.3
1228260 2260.2
1228270 2260.2
1228280 2262.9
1228290 2266.1
1228300 2266.1
1228310 2268.6
1228320 2270.8
1228330 2270.8
1228340 2273.2
1228350 2277.2
1228360 2280.2
1228370 2280.2
1228380 2282.1
1228390 2283.3
1228400 2283.3
1228410 2283.7
1228420 2284.0
1228430 2284.0
1228440 2283.6
1228450 2284.7
1228460 2284.7
1228470 2286.6
1228480 2287.5
1228490 2287.5
1228500 2290.2
1228510 2291.6
1228520 2291.6
1228530 2288.1
1228540 2288.7
1228550 2288.7
1228560 2291.1
1228570 2292.8
1228580 2292.8
1228590 2294.9
1228600 2297.2
1228610 2298.8
1228620 2298.8
1228630 2299.6
1228640 2301.2
1228650 2301.2
1228660 2301.6
1228670 2302.0
1228680 2302.0
1228690 2303.0
1228700 2304.3
1228710 2304.3
1228720 2306.5
1228730 2310.0
1228740 2310.0
1228750 2312.8
1228760 2314.9
1228770 2314.9
1228780 2316.9
1228790 2319.5
1228800 2319.5
1228810 2322.5
1228820 2325.0
1228830 2325.0
1228840 2328.5
1228850 2332.0
1228860 2334.1
1228870 2334.1
1228880 2337.6
1228890 2341.0
1228900 2341.0
1228910 2344.3
1228920 2347.6
1228930 2347.6
1228940 2346.0
1228950 2341.1
1228960 2341.1
1228970 2335.7
1228980 2330.5
1228990 2330.5
1229000 2326.7
1229010 2325.3
1229020 2329.3
1229030 2329.2
1229040 2328.8
1229050 2328.8
1229060 2327.4
1229070 2325.5
1229080 2325.5
1229090 2324.6
1229100 2323.6
1229110 2322.3
1229120 2322.3
1229130 2321.9
1229140 2320.6
1229150 2320.6
1229160 2319.0
1229170 2318.6
1229180 2318.6
1229190 2318.6
1229200 2318.6
1229210 2318.6
1229220 2318.6
1229230 2318.6
1229240 2318.6
1229250 2318.7
1229260 2320.2
1229270 2320.2
1229280 2325.6
1229290 2329.3
1229300 2329.3
1229310 2328.6
1229320 2328.4
1229330 2328.4
1229340 2328.6
1229350 2328.8
1229360 2328.5
1229370 2328.5
1229380 2327.3
1229390 2327.1
1229400 2327.1
1229410 2327.9
1229420 2329.4
1229430 2329.4
1229440 2331.9
1229450 2334.5
1229460 2334.5
1229470 2337.1
1229480 2337.8
1229490 2337.8
1229500 2336.3
1229510 2335.8
1229520 2337.6
1229530 2337.3
1229540 2336.5
1229550 2336.5
1229560 2334.9
1229570 2333.5
1229580 2333.5
1229590 2333.5
1229600 2334.0
1229610 2334.6
1229620 2334.6
1229630 2334.9
1229640 2335.4
1229650 2335.4
1229660 2336.1
1229670 2336.6
1229680 2336.6
1229690 2337.2
1229700 2338.2
1229710 2338.2
1229720 2339.2
1229730 2341.3
1229740 2341.3
1229750 2344.4
1229760 2347.6
1229770 2347.6
1229780 2350.2
1229790 2352.5
1229800 2352.5
1229810 2355.6
1229820 2358.7
1229830 2358.7
1229840 2361.5
1229850 2364.0
1229860 2366.3
1229870 2366.3
1229880 2368.7
1229890 2370.8
1229900 2370.8
1229910 2372.6
1229920 2373.5
1229930 2373.5
1229940 2374.4
1229950 2376.5
1229960 2376.5
1229970 2379.4
1229980 2383.8
1229990 2383.8
1230000 2389.5
1230010 2395.9
1230020 2398.0
1230030 2405.4
1230040 2412.7
1230050 2412.7
1230060 2421.1
1230070 2431.0
1230080 2431.0
1230090 2438.7
1230100 2448.1
1230110 2458.1
1230120 2458.1
1230130 2466.9
1230140 2479.0
1230150 2479.0
1230160 2495.4
1230170 2511.1
1230180 2511.1
1230190 2527.4
1230200 2537.7
1230210 2537.7
1230220 2543.1
1230230 2545.2
1230240 2545.2
1230250 2544.6
1230260 2543.2
1230270 2543.2
1230280 2541.6
1230290 2540.6
1230300 2540.6
1230310 2538.0
1230320 2533.4
1230330 2533.4
1230340 2526.0
1230350 2522.4
1230360 2525.7
1230370 2525.7
1230380 2528.2
1230390 2522.8
1230400 2522.8
1230410 2520.8
1230420 2523.3
1230430 2523.3
1230440 2522.0
1230450 2514.8
1230460 2514.8
1230470 2507.5
1230480 2500.5
1230490 2500.5
1230500 2488.1
1230510 2474.5
1230520 2476.2
1230530 2469.7
1230540 2464.2
1230550 2464.2
1230560 2459.9
1230570 2456.7
1230580 2456.7
1230590 2453.7
1230600 2449.9
1230610 2446.3
1230620 2446.3
1230630 2443.4
1230640 2439.6
1230650 2439.6
1230660 2436.0
1230670 2433.3
1230680 2433.3
1230690 2430.7
1230700 2427.6
1230710 2427.6
1230720 2423.4
1230730 2419.5
1230740 2419.5
1230750 2416.6
1230760 2414.5
1230770 2414.5
1230780 2410.6
1230790 2403.1
1230800 2403.1
1230810 2397.9
1230820 2395.3
1230830 2395.3
1230840 2393.4
1230850 2393.8
1230860 2393.7
1230870 2393.7
1230880 2390.8
1230890 2383.6
1230900 2383.6
1230910 2374.7
1230920 2367.3
1230930 2367.3
1230940 2360.1
1230950 2354.8
1230960 2354.8
1230970 2346.6
1230980 2337.0
1230990 2337.0
1231000 2328.7
1231010 2319.2
1231020 2322.0
1231030 2312.9
1231040 2306.8
1231050 2306.8
1231060 2304.1
1231070 2302.0
1231080 2302.0
1231090 2299.2
1231100 2297.1
1231110 2294.4
1231120 2294.4
1231130 2291.8
1231140 2289.4
1231150 2289.4
1231160 2286.8
1231170 2284.3
1231180 2284.3
1231190 2282.1
1231200 2280.1
1231210 2280.1
1231220 2278.1
1231230 2275.8
1231240 2275.8
1231250 2273.0
1231260 2270.0
1231270 2270.0
1231280 2266.8
1231290 2263.2
1231300 2263.2
1231310 2260.0
1231320 2257.3
1231330 2257.3
1231340 2255.7
1231350 2254.3
1231360 2252.8
1231370 2252.8
1231380 2251.3
1231390 2249.8
1231400 2249.8
1231410 2248.3
1231420 2246.4
1231430 2246.4
1231440 2244.2
1231450 2242.5
1231460 2242.5
1231470 2241.8
1231480 2240.3
1231490 2240.3
1231500 2237.9
1231510 2235.2
1231520 2237.0
1231530 2234.7
1231540 2234.5
1231550 2234.5
1231560 2235.3
1231570 2235.8
1231580 2235.8
1231590 2235.8
1231600 2238.3
1231610 2242.7
1231620 2242.7
1231630 2248.6
1231640 2254.1
1231650 2254.1
1231660 2259.3
1231670 2262.2
1231680 2262.2
1231690 2263.4
1231700 2264.2
1231710 2264.2
1231720 2264.6
1231730 2264.9
1231740 2264.9
1231750 2265.9
1231760 2266.2
1231770 2266.2
1231780 2269.3
1231790 2282.0
1231800 2282.0
1231810 2296.9
1231820 2303.1
1231830 2303.1
1231840 2303.4
1231850 2308.1
1231860 2318.6
1231870 2318.6
1231880 2323.2
1231890 2319.0
1231900 2319.0
1231910 2319.5
1231920 2331.9
1231930 2331.9
1231940 2346.6
1231950 2346.4
1231960 2346.4
1231970 2353.1
1231980 2355.3
1231990 2355.3
1232000 2354.1
1232010 2348.1
1232020 2348.1
1232030 2341.2
1232040 2336.1
1232050 2336.1
1232060 2331.5
1232070 2324.7
1232080 2324.7
1232090 2317.7
1232100 2312.4
1232110 2306.4
1232120 2306.4
1232130 2294.5
1232140 2282.7
1232150 2282.7
1232160 2270.5
1232170 2256.5
1232180 2256.5
1232190 2243.1
1232200 2235.0
1232210 2235.0
1232220 2229.9
1232230 2225.5
1232240 2225.5
1232250 2219.5
1232260 2214.6
1232270 2214.6
1232280 2210.4
1232290 2203.9
1232300 2203.9
1232310 2194.1
1232320 2185.1
1232330 2185.1
1232340 2175.3
1232350 2164.4
1232360 2153.2
1232370 2153.2
1232380 2142.3
1232390 2131.8
1232400 2131.8
1232410 2120.5
1232420 2110.8
1232430 2110.8
1232440 2104.2
1232450 2098.5
1232460 2098.5
1232470 2091.6
1232480 2084.8
1232490 2084.8
1232500 2079.1
1232510 2073.1
1232520 2073.1
1232530 2063.7
1232540 2057.4
1232550 2057.4
1232560 2051.2
1232570 2044.8
1232580 2039.2
1232590 2039.2
1232600 2032.9
1232610 2026.2
1232620 2026.2
1232630 2020.9
1232640 2016.1
1232650 2016.1
1232660 2011.2
1232670 2005.6
1232680 2005.6
1232690 2000.4
1232700 1994.3
1232710 1994.3
1232720 1988.0
1232730 1980.7
1232740 1980.7
1232750 1973.0
1232760 1965.3
1232770 1965.3
1232780 1957.6
1232790 1949.8
1232800 1949.8
1232810 1942.4
1232820 1935.7
1232830 1928.2
1232840 1928.2
1232850 1920.7
1232860 1913.5
1232870 1913.5
1232880 1906.1
1232890 1899.1
1232900 1899.1
1232910 1892.5
1232920 1886.3
1232930 1886.3
1232940 1880.2
1232950 1873.6
1232960 1873.6
1232970 1867.1
1232980 1860.7
1232990 1860.7
1233000 1854.3
1233010 1848.0
1233020 1848.0
1233030 1840.5
1233040 1834.5
1233050 1834.5
1233060 1828.1
1233070 1821.8
1233080 1816.1
1233090 1816.1
1233100 1810.3
1233110 1803.6
1233120 1803.6
1233130 1795.8
1233140 1787.6
1233150 1787.6
1233160 1779.1
1233170 1771.4
1233180 1771.4
1233190 1765.0
1233200 1759.8
1233210 1759.8
1233220 1756.1
1233230 1751.7
1233240 1751.7
1233250 1746.7
1233260 1742.2
1233270 1742.2
1233280 1740.5
1233290 1741.1
1233300 1741.1
1233310 1739.2
1233320 1736.7
1233330 1733.0
1233340 1733.0
1233350 1727.6
1233360 1721.4
1233370 1721.4
1233380 1714.9
1233390 1708.6
1233400 1708.6
1233410 1701.9
1233420 1695.1
1233430 1695.1
1233440 1688.9
1233450 1683.7
1233460 1683.7
1233470 1679.3
1233480 1674.3
1233490 1674.3
1233500 1668.7
1233510 1664.0
1233520 1664.0
1233530 1660.4
1233540 1656.4
1233550 1656.4
1233560 1654.2
1233570 1652.5
1233580 1651.8
1233590 1651.8
1233600 1651.6
1233610 1651.2
1233620 1651.2
1233630 1651.0
1233640 1650.8
1233650 1650.8
1233660 1650.6
1233670 1650.3
1233680 1650.3
1233690 1649.8
1233700 1649.5
1233710 1649.5
1233720 1649.1
1233730 1648.6
1233740 1648.6
1233750 1647.9
1233760 1647.7
1233770 1647.7
1233780 1647.6
1233790 1647.6
1233800 1647.6
1233810 1648.0
1233820 1648.2
1233830 1648.4
1233840 1648.4
1233850 1648.6
1233860 1648.7
1233870 1648.7
1233880 1649.0
1233890 1649.2
1233900 1649.2
1233910 1649.4
1233920 1649.7
1233930 1649.7
1233940 1649.6
1233950 1648.7
1233960 1648.7
1233970 1648.5
1233980 1648.7
1233990 1648.7
1234000 1649.0
1234010 1649.8
1234020 1649.8
1234030 1651.0
1234040 1652.1
1234050 1648.4
1234060 1649.2
1234070 1650.2
1234080 1651.2
1234090 1651.2
1234100 1653.1
1234110 1654.6
1234120 1654.6
1234130 1655.6
1234140 1656.2
1234150 1656.2
1234160 1655.7
1234170 1655.1
1234180 1655.1
1234190 1654.8
1234200 1654.6
1234210 1654.6
1234220 1654.0
1234230 1653.3
1234240 1653.3
1234250 1652.7
1234260 1652.2
1234270 1652.2
1234280 1652.1
1234290 1652.4
1234300 1652.4
1234310 1652.8
1234320 1653.2
1234330 1653.6
1234340 1653.6
1234350 1654.1
1234360 1655.5
1234370 1655.5
1234380 1656.6
1234390 1657.0
1234400 1657.0
1234410 1657.8
1234420 1659.2
1234430 1659.2
1234440 1661.2
1234450 1663.2
1234460 1663.2
1234470 1665.4
1234480 1666.9
1234490 1666.9
1234500 1667.8
1234510 1668.6
1234520 1668.6
1234530 1669.7
1234540 1671.1
1234550 1671.1
1234560 1668.1
1234570 1669.8
1234580 1672.3
1234590 1672.3
1234600 1674.2
1234610 1674.9
1234620 1674.9
1234630 1676.7
1234640 1678.2
1234650 1678.2
1234660 1680.2
1234670 1684.1
1234680 1684.1
1234690 1687.2
1234700 1688.8
1234710 1688.8
1234720 1691.5
1234730 1693.6
1234740 1693.6
1234750 1695.5
1234760 1697.4
1234770 1697.4
1234780 1700.2
1234790 1702.4
1234800 1702.4
1234810 1703.5
1234820 1704.4
1234830 1705.7
1234840 1705.7
1234850 1708.0
1234860 1710.9
1234870 1710.9
1234880 1713.6
1234890 1716.2
1234900 1716.2
1234910 1719.3
1234920 1722.0
1234930 1722.0
1234940 1724.3
1234950 1726.1
1234960 1726.1
1234970 1727.8
1234980 1729.4
1234990 1729.4
1235000 1731.6
1235010 1734.6
1235020 1734.6
1235030 1737.7
1235040 1741.2
1235050 1741.2
1235060 1736.9
1235070 1740.5
1235080 1743.0
1235090 1743.0
1235100 1745.8
1235110 1750.3
1235120 1750.3
1235130 1753.0
1235140 1755.9
1235150 1755.9
1235160 1759.6
1235170 1763.5
1235180 1763.5
1235190 1766.1
1235200 1769.0
1235210 1769.0
1235220 1776.3
1235230 1783.4
1235240 1783.4
1235250 1787.6
1235260 1791.0
1235270 1791.0
1235280 1794.2
1235290 1798.8
1235300 1798.8
1235310 1804.5
1235320 1810.1
1235330 1817.5
1235340 1817.5
1235350 1825.4
1235360 1835.3
1235370 1835.3
1235380 1843.0
1235390 1847.0
1235400 1847.0
1235410 1853.1
1235420 1859.6
1235430 1859.6
1235440 1867.4
1235450 1874.8
1235460 1874.8
1235470 1882.2
1235480 1889.9
1235490 1889.9
1235500 1897.9
1235510 1904.0
1235520 1904.0
1235530 1907.1
1235540 1908.9
1235550 1908.9
1235560 1910.3
1235570 1903.9
1235580 1904.4
1235590 1904.4
1235600 1904.9
1235610 1906.4
1235620 1906.4
1235630 1909.8
1235640 1913.2
1235650 1913.2
1235660 1916.2
1235670 1918.1
1235680 1918.1
1235690 1918.8
1235700 1918.7
1235710 1918.7
1235720 1918.7
1235730 1918.4
1235740 1918.4
1235750 1918.5
1235760 1918.2
1235770 1918.2
1235780 1916.8
1235790 1914.4
1235800 1914.4
1235810 1912.5
1235820 1912.1
1235830 1911.3
1235840 1911.3
1235850 1910.1
1235860 1908.6
1235870 1908.6
1235880 1907.1
1235890 1906.2
1235900 1906.2
1235910 1905.3
1235920 1904.1
1235930 1904.1
1235940 1902.2
1235950 1899.9
1235960 1899.9
1235970 1897.5
1235980 1895.3
1235990 1895.3
1236000 1892.8
1236010 1890.2
1236020 1890.2
1236030 1887.7
1236040 1884.1
1236050 1884.1
1236060 1878.1
1236070 1872.3
1236080 1867.5
1236090 1862.9
1236100 1858.0
1236110 1854.3
1236120 1854.3
1236130 1854.8
1236140 1860.3
1236150 1860.3
1236160 1866.7
1236170 1870.8
1236180 1870.8
1236190 1873.7
1236200 1874.4
1236210 1874.4
1236220 1873.9
1236230 1872.2
1236240 1872.2
1236250 1869.5
1236260 1865.0
1236270 1865.0
1236280 1858.9
1236290 1854.3
1236300 1854.3
1236310 1849.8
1236320 1848.6
1236330 1847.1
1236340 1847.1
1236350 1843.6
1236360 1837.4
1236370 1837.4
1236380 1831.3
1236390 1825.8
1236400 1825.8
1236410 1821.9
1236420 1823.1
1236430 1823.1
1236440 1828.7
1236450 1834.7
1236460 1834.7
1236470 1838.7
1236480 1841.1
1236490 1841.1
1236500 1843.4
1236510 1845.0
1236520 1845.0
1236530 1846.0
1236540 1847.0
1236550 1847.0
1236560 1848.4
1236570 1849.7
1236580 1849.7
1236590 1849.7
1236600 1846.2
1236610 1846.6
1236620 1846.6
1236630 1846.7
1236640 1847.1
1236650 1847.1
1236660 1847.6
1236670 1848.1
1236680 1848.1
1236690 1847.5
1236700 1846.7
1236710 1846.7
1236720 1845.5
1236730 1843.3
1236740 1843.3
1236750 1841.3
1236760 1836.4
1236770 1836.4
1236780 1832.4
1236790 1827.9
1236800 1827.9
1236810 1825.3
1236820 1821.6
1236830 1817.5
1236840 1817.5
1236850 1814.2
1236860 1811.9
1236870 1811.9
1236880 1811.1
1236890 1812.0
1236900 1812.0
1236910 1813.5
1236920 1814.4
1236930 1814.4
1236940 1815.1
1236950 1814.4
1236960 1814.4
1236970 1813.4
1236980 1812.7
1236990 1812.7
1237000 1811.4
1237010 1808.9
1237020 1808.9
1237030 1806.7
1237040 1805.5
1237050 1805.5
1237060 1803.8
1237070 1804.5
1237080 1805.0
1237090 1805.0
1237100 1804.3
1237110 1798.6
1237120 1798.6
1237130 1801.4
1237140 1804.2
1237150 1804.2
1237160 1801.9
1237170 1792.8
1237180 1792.8
1237190 1786.2
1237200 1781.6
1237210 1781.6
1237220 1777.9
1237230 1770.8
1237240 1770.8
1237250 1762.6
1237260 1755.7
1237270 1755.7
1237280 1750.3
1237290 1745.1
1237300 1745.1
1237310 1741.4
1237320 1738.1
1237330 1734.6
1237340 1734.6
1237350 1731.5
1237360 1731.0
1237370 1731.0
1237380 1739.0
1237390 1749.1
1237400 1749.1
1237410 1760.9
1237420 1772.8
1237430 1772.8
1237440 1782.5
1237450 1789.7
1237460 1789.7
1237470 1794.5
1237480 1798.2
1237490 1798.2
1237500 1802.0
1237510 1802.6
1237520 1802.6
1237530 1800.7
1237540 1793.1
1237550 1793.1
1237560 1786.6
1237570 1795.9
1237580 1807.2
1237590 1807.2
1237600 1814.9
1237610 1821.9
1237620 1821.9
1237630 1821.1
1237640 1825.4
1237650 1825.4
1237660 1830.0
1237670 1834.7
1237680 1834.7
1237690 1839.6
1237700 1844.6
1237710 1844.6
1237720 1848.9
1237730 1849.7
1237740 1849.7
1237750 1848.7
1237760 1850.1
1237770 1850.1
1237780 1851.4
1237790 1853.2
1237800 1853.2
1237810 1855.2
1237820 1857.6
1237830 1860.3
1237840 1860.3
1237850 1862.6
1237860 1864.9
1237870 1864.9
1237880 1867.4
1237890 1870.1
1237900 1870.1
1237910 1872.4
1237920 1874.2
1237930 1874.2
1237940 1875.5
1237950 1876.1
1237960 1876.1
1237970 1876.6
1237980 1877.5
1237990 1877.5
1238000 1878.0
1238010 1877.7
1238020 1877.7
1238030 1875.5
1238040 1871.1
1238050 1871.1
1238060 1865.8
1238070 1862.0
1238080 1859.9
1238090 1859.9
1238100 1857.4
1238110 1854.9
1238120 1854.9
1238130 1850.9
1238140 1834.3
1238150 1834.3
1238160 1836.1
1238170 1849.0
1238180 1849.0
1238190 1860.8
1238200 1869.2
1238210 1869.2
1238220 1873.7
1238230 1877.1
1238240 1877.1
1238250 1881.6
1238260 1885.3
1238270 1885.3
1238280 1889.6
1238290 1895.1
1238300 1895.1
1238310 1899.2
1238320 1900.9
1238330 1902.3
1238340 1902.3
1238350 1903.4
1238360 1904.4
1238370 1904.4
1238380 1905.6
1238390 1906.8
1238400 1906.8
1238410 1908.8
1238420 1910.2
1238430 1910.2
1238440 1911.1
1238450 1911.7
1238460 1911.7
1238470 1910.3
1238480 1906.1
1238490 1906.1
1238500 1903.7
1238510 1900.2
1238520 1900.2
1238530 1896.2
1238540 1892.7
1238550 1892.7
1238560 1890.6
1238570 1890.7
1238580 1891.2
1238590 1891.2
1238600 1891.9
1238610 1892.1
1238620 1892.1
1238630 1893.4
1238640 1895.0
1238650 1895.0
1238660 1890.2
1238670 1892.7
1238680 1892.7
1238690 1893.9
1238700 1895.7
1238710 1895.7
1238720 1898.8
1238730 1901.9
1238740 1901.9
1238750 1905.0
1238760 1907.6
1238770 1907.6
1238780 1907.0
1238790 1900.2
1238800 1900.2
1238810 1897.0
1238820 1900.0
1238830 1906.6
1238840 1906.6
1238850 1912.6
1238860 1916.6
1238870 1916.6
1238880 1922.1
1238890 1927.5
1238900 1927.5
1238910 1932.3
1238920 1941.5
1238930 1941.5
1238940 1947.3
1238950 1950.1
1238960 1950.1
1238970 1952.4
1238980 1954.0
1238990 1954.0
1239000 1954.7
1239010 1955.8
1239020 1955.8
1239030 1958.9
1239040 1960.0
1239050 1960.0
1239060 1962.5
1239070 1972.9
1239080 1977.0
1239090 1977.0
1239100 1978.2
1239110 1977.0
1239120 1977.0
1239130 1973.9
1239140 1969.8
1239150 1969.8
1239160 1964.6
1239170 1954.2
1239180 1954.2
1239190 1951.0
1239200 1946.5
1239210 1946.5
1239220 1942.6
1239230 1939.2
1239240 1939.2
1239250 1938.8
1239260 1938.1
1239270 1938.1
1239280 1936.9
1239290 1938.0
1239300 1938.0
1239310 1942.2
1239320 1946.3
1239330 1948.1
1239340 1948.1
1239350 1948.1
1239360 1947.4
1239370 1947.4
1239380 1946.1
1239390 1945.7
1239400 1945.7
1239410 1945.4
1239420 1944.4
1239430 1944.4
1239440 1943.0
1239450 1940.5
1239460 1940.5
1239470 1936.5
1239480 1930.7
1239490 1930.7
1239500 1925.4
1239510 1923.9
1239520 1923.9
1239530 1923.5
1239540 1924.9
1239550 1924.9
1239560 1931.0
1239570 1935.5
1239580 1937.7
1239590 1937.7
1239600 1938.3
1239610 1938.1
1239620 1938.1
1239630 1938.0
1239640 1936.4
1239650 1936.4
1239660 1934.1
1239670 1932.8
1239680 1932.8
1239690 1919.6
1239700 1925.7
1239710 1925.7
1239720 1922.3
1239730 1911.3
1239740 1911.3
1239750 1909.4
1239760 1910.5
1239770 1910.5
1239780 1913.8
1239790 1918.9
1239800 1918.9
1239810 1929.0
1239820 1937.0
1239830 1940.2
1239840 1940.2
1239850 1944.6
1239860 1948.6
1239870 1948.6
1239880 1951.6
1239890 1950.9
1239900 1950.9
1239910 1950.1
1239920 1948.6
1239930 1948.6
1239940 1947.3
1239950 1947.8
1239960 1947.8
1239970 1949.3
1239980 1951.1
1239990 1951.1
