1220000 2260.5
1220010 2251.9
1220020 2241.9
1220030 2241.9
1220040 2233.8
1220050 2224.8
1220060 2224.8
1220070 2214.7
1220080 2202.7
1220090 2202.7
1220100 2189.9
1220110 2178.8
1220120 2178.8
1220130 2169.8
1220140 2161.2
1220150 2161.2
1220160 2154.1
1220170 2147.7
1220180 2140.6
1220190 2140.6
1220200 2134.2
1220210 2128.5
1220220 2128.5
1220230 2124.2
1220240 2121.1
1220250 2121.1
1220260 2118.1
1220270 2114.9
1220280 2114.9
1220290 2110.3
1220300 2104.6
1220310 2104.6
1220320 2099.8
1220330 2095.5
1220340 2095.5
1220350 2090.9
1220360 2085.4
1220370 2085.4
1220380 2079.5
1220390 2075.5
1220400 2075.5
1220410 2071.8
1220420 2068.1
1220430 2064.2
1220440 2064.2
1220450 2060.9
1220460 2057.9
1220470 2057.9
1220480 2055.5
1220490 2053.0
1220500 2053.0
1220510 2051.5
1220520 2049.9
1220530 2049.9
1220540 2047.5
1220550 2046.0
1220560 2046.0
1220570 2048.8
1220580 2049.2
1220590 2049.2
1220600 2050.0
1220610 2051.0
1220620 2051.0
1220630 2051.7
1220640 2052.6
1220650 2056.0
1220660 2057.9
1220670 2060.7
1220680 2064.9
1220690 2064.9
1220700 2068.8
1220710 2072.7
1220720 2072.7
1220730 2076.6
1220740 2080.4
1220750 2080.4
1220760 2083.8
1220770 2087.5
1220780 2087.5
1220790 2090.8
1220800 2093.5
1220810 2093.5
1220820 2095.5
1220830 2097.3
1220840 2097.3
1220850 2099.0
1220860 2100.7
1220870 2100.7
1220880 2102.2
1220890 2103.4
1220900 2103.4
1220910 2104.6
1220920 2105.2
1220930 2105.7
1220940 2105.7
1220950 2104.9
1220960 2104.9
1220970 2104.9
1220980 2105.7
1220990 2105.1
1221000 2105.1
1221010 2101.9
1221020 2103.4
1221030 2103.4
1221040 2105.5
1221050 2107.1
1221060 2107.1
1221070 2108.5
1221080 2107.8
1221090 2107.8
1221100 2105.9
1221110 2105.8
1221120 2105.8
1221130 2109.3
1221140 2110.1
1221150 2110.1
1221160 2111.2
1221170 2113.4
1221180 2116.2
1221190 2116.2
1221200 2119.6
1221210 2119.5
1221220 2119.5
1221230 2118.4
1221240 2119.7
1221250 2119.7
1221260 2122.3
1221270 2125.7
1221280 2125.7
1221290 2130.3
1221300 2135.8
1221310 2135.8
1221320 2141.0
1221330 2146.2
1221340 2146.2
1221350 2152.5
1221360 2159.3
1221370 2159.3
1221380 2166.2
1221390 2175.2
1221400 2175.2
1221410 2185.9
1221420 2195.0
1221430 2206.1
1221440 2206.1
1221450 2215.6
1221460 2227.8
1221470 2227.8
1221480 2237.6
1221490 2244.0
1221500 2244.0
1221510 2255.0
1221520 2272.0
1221530 2272.0
1221540 2282.9
1221550 2285.3
1221560 2285.3
1221570 2287.7
1221580 2289.2
1221590 2289.2
1221600 2292.9
1221610 2306.6
1221620 2306.6
1221630 2310.3
1221640 2313.2
1221650 2313.2
1221660 2315.9
1221670 2318.5
1221680 2321.3
1221690 2321.3
1221700 2324.6
1221710 2327.6
1221720 2327.6
1221730 2332.3
1221740 2329.7
1221750 2329.7
1221760 2324.7
1221770 2319.6
1221780 2319.6
1221790 2315.7
1221800 2312.0
1221810 2312.0
1221820 2307.2
1221830 2301.3
1221840 2301.3
1221850 2295.3
1221860 2287.8
1221870 2287.8
1221880 2283.1
1221890 2277.6
1221900 2277.6
1221910 2271.9
1221920 2265.0
1221930 2252.0
1221940 2252.0
1221950 2235.5
1221960 2222.3
1221970 2222.3
1221980 2212.3
1221990 2205.2
1222000 2205.2
1222010 2198.9
1222020 2193.2
1222030 2193.2
1222040 2187.5
1222050 2181.1
1222060 2181.1
1222070 2174.3
1222080 2165.4
1222090 2168.8
1222100 2165.2
1222110 2166.7
1222120 2166.7
1222130 2164.9
1222140 2162.8
1222150 2162.8
1222160 2158.0
1222170 2153.6
1222180 2148.0
1222190 2148.0
1222200 2142.7
1222210 2137.5
1222220 2137.5
1222230 2132.0
1222240 2125.7
1222250 2125.7
1222260 2119.4
1222270 2112.7
1222280 2112.7
1222290 2107.0
1222300 2103.5
1222310 2103.5
1222320 2096.7
1222330 2090.2
1222340 2090.2
1222350 2085.3
1222360 2082.8
1222370 2082.8
1222380 2082.6
1222390 2081.4
1222400 2081.4
1222410 2077.8
1222420 2075.2
1222430 2072.1
1222440 2072.1
1222450 2069.3
1222460 2066.7
1222470 2066.7
1222480 2064.1
1222490 2056.0
1222500 2056.0
1222510 2052.3
1222520 2052.4
1222530 2052.4
1222540 2052.2
1222550 2053.2
1222560 2053.2
1222570 2055.0
1222580 2062.0
1222590 2062.0
1222600 2059.0
1222610 2052.9
1222620 2052.9
1222630 2047.8
1222640 2043.2
1222650 2043.2
1222660 2042.4
1222670 2039.6
1222680 2042.5
1222690 2042.5
1222700 2041.5
1222710 2039.0
1222720 2039.0
1222730 2040.0
1222740 2036.8
1222750 2036.8
1222760 2033.1
1222770 2027.8
1222780 2027.8
1222790 2021.6
1222800 2016.3
1222810 2016.3
1222820 2011.3
1222830 2007.0
1222840 2007.0
1222850 2001.6
1222860 1994.1
1222870 1994.1
1222880 1988.4
1222890 1984.4
1222900 1984.4
1222910 1981.3
1222920 1977.9
1222930 1973.1
1222940 1973.1
1222950 1971.3
1222960 1975.3
1222970 1975.3
1222980 1976.3
1222990 1975.7
1223000 1975.7
1223010 1974.2
1223020 1971.2
1223030 1971.2
1223040 1967.0
1223050 1961.2
1223060 1961.2
1223070 1959.0
1223080 1954.4
1223090 1954.4
1223100 1949.4
1223110 1944.0
1223120 1944.0
1223130 1938.2
1223140 1934.1
1223150 1934.1
1223160 1930.1
1223170 1923.5
1223180 1915.8
1223190 1915.8
1223200 1909.3
1223210 1903.4
1223220 1903.4
1223230 1898.3
1223240 1892.0
1223250 1892.0
1223260 1886.0
1223270 1880.3
1223280 1880.3
1223290 1874.8
1223300 1869.7
1223310 1869.7
1223320 1864.5
1223330 1859.7
1223340 1859.7
1223350 1855.8
1223360 1852.4
1223370 1852.4
1223380 1848.6
1223390 1844.9
1223400 1844.9
1223410 1842.3
1223420 1839.9
1223430 1836.9
1223440 1836.9
1223450 1834.7
1223460 1831.8
1223470 1831.8
1223480 1825.9
1223490 1820.2
1223500 1820.2
1223510 1815.8
1223520 1814.0
1223530 1814.0
1223540 1813.3
1223550 1814.6
1223560 1814.6
1223570 1816.0
1223580 1816.6
1223590 1816.6
1223600 1816.8
1223610 1816.4
1223620 1816.4
1223630 1814.6
1223640 1812.6
1223650 1812.6
1223660 1812.9
1223670 1811.9
1223680 1812.2
1223690 1812.2
1223700 1813.2
1223710 1814.8
1223720 1814.8
1223730 1819.2
1223740 1822.7
1223750 1822.7
1223760 1824.2
1223770 1825.7
1223780 1825.7
1223790 1827.0
1223800 1828.5
1223810 1828.5
1223820 1830.3
1223830 1831.6
1223840 1831.6
1223850 1833.3
1223860 1834.8
1223870 1834.8
1223880 1836.6
1223890 1838.8
1223900 1838.8
1223910 1840.7
1223920 1842.9
1223930 1844.5
1223940 1844.5
1223950 1846.1
1223960 1848.6
1223970 1848.6
1223980 1850.7
1223990 1853.3
1224000 1853.3
1224010 1855.8
1224020 1857.8
1224030 1857.8
1224040 1859.0
1224050 1861.2
1224060 1861.2
1224070 1863.4
1224080 1864.7
1224090 1864.7
1224100 1864.7
1224110 1865.8
1224120 1865.8
1224130 1867.8
1224140 1869.3
1224150 1869.3
1224160 1871.2
1224170 1874.0
1224180 1874.0
1224190 1876.3
1224200 1878.4
1224210 1881.2
1224220 1881.2
1224230 1884.4
1224240 1887.2
1224250 1887.2
1224260 1885.2
1224270 1882.1
1224280 1882.1
1224290 1881.9
1224300 1883.5
1224310 1883.5
1224320 1886.4
1224330 1890.1
1224340 1890.1
1224350 1893.1
1224360 1894.2
1224370 1894.2
1224380 1895.4
1224390 1898.5
1224400 1898.5
1224410 1900.6
1224420 1902.3
1224430 1902.3
1224440 1903.9
1224450 1906.1
1224460 1908.6
1224470 1908.6
1224480 1911.0
1224490 1913.3
1224500 1913.3
1224510 1915.0
1224520 1917.1
1224530 1918.7
1224540 1921.7
1224550 1923.6
1224560 1923.6
1224570 1925.7
1224580 1927.9
1224590 1927.9
1224600 1930.0
1224610 1932.0
1224620 1932.0
1224630 1933.6
1224640 1935.6
1224650 1935.6
1224660 1937.8
1224670 1940.3
1224680 1940.3
1224690 1943.5
1224700 1946.5
1224710 1949.4
1224720 1949.4
1224730 1952.2
1224740 1954.3
1224750 1954.3
1224760 1955.6
1224770 1957.0
1224780 1957.0
1224790 1959.0
1224800 1961.0
1224810 1961.0
1224820 1963.8
1224830 1967.7
1224840 1967.7
1224850 1971.9
1224860 1976.8
1224870 1976.8
1224880 1982.1
1224890 1985.8
1224900 1985.8
1224910 1986.8
1224920 1986.1
1224930 1986.1
1224940 1985.7
1224950 1986.0
1224960 1987.3
1224970 1987.3
1224980 1989.1
1224990 1991.3
1225000 1991.3
1225010 1994.6
1225020 1993.5
1225030 1993.5
1225040 1996.3
1225050 2000.4
1225060 2000.4
1225070 2006.2
1225080 2008.1
1225090 2008.1
1225100 2008.2
1225110 2009.0
1225120 2009.0
1225130 2012.7
1225140 2014.0
1225150 2014.0
1225160 2014.7
1225170 2013.6
1225180 2013.6
1225190 2013.3
1225200 2014.5
1225210 2015.7
1225220 2015.7
1225230 2017.2
1225240 2019.1
1225250 2019.1
1225260 2020.8
1225270 2021.6
1225280 2021.6
1225290 2022.4
1225300 2023.3
1225310 2023.3
1225320 2023.8
1225330 2024.6
1225340 2024.6
1225350 2026.2
1225360 2027.5
1225370 2027.5
1225380 2028.8
1225390 2031.3
1225400 2031.3
1225410 2033.3
1225420 2034.5
1225430 2034.5
1225440 2035.4
1225450 2036.9
1225460 2038.2
1225470 2038.2
1225480 2039.1
1225490 2040.3
1225500 2040.3
1225510 2035.8
1225520 2037.7
1225530 2037.7
1225540 2038.6
1225550 2038.9
1225560 2038.9
1225570 2039.4
1225580 2038.5
1225590 2038.5
1225600 2041.3
1225610 2043.9
1225620 2043.9
1225630 2045.4
1225640 2046.4
1225650 2046.4
1225660 2047.7
1225670 2046.5
1225680 2046.5
1225690 2044.3
1225700 2045.4
1225710 2050.3
1225720 2050.3
1225730 2054.2
1225740 2054.8
1225750 2054.8
1225760 2055.3
1225770 2057.0
1225780 2057.0
1225790 2056.7
1225800 2054.8
1225810 2054.8
1225820 2051.8
1225830 2051.6
1225840 2051.6
1225850 2052.0
1225860 2052.7
1225870 2052.7
1225880 2052.5
1225890 2053.6
1225900 2053.6
1225910 2058.7
1225920 2063.9
1225930 2063.9
1225940 2067.5
1225950 2069.0
1225960 2070.2
1225970 2070.2
1225980 2071.1
1225990 2071.7
1226000 2065.7
1226010 2065.8
1226020 2063.9
1226030 2063.9
1226040 2060.9
1226050 2058.2
1226060 2058.2
1226070 2055.1
1226080 2054.4
1226090 2054.4
1226100 2056.8
1226110 2060.4
1226120 2060.4
1226130 2066.7
1226140 2072.8
1226150 2072.8
1226160 2076.9
1226170 2079.0
1226180 2079.0
1226190 2079.8
1226200 2079.8
1226210 2079.2
1226220 2079.2
1226230 2079.1
1226240 2077.0
1226250 2077.0
1226260 2073.9
1226270 2076.3
1226280 2076.3
1226290 2076.5
1226300 2078.0
1226310 2078.0
1226320 2078.9
1226330 2079.4
1226340 2079.4
1226350 2080.4
1226360 2079.8
1226370 2079.8
1226380 2079.7
1226390 2081.2
1226400 2081.2
1226410 2085.3
1226420 2088.5
1226430 2088.5
1226440 2088.2
1226450 2083.3
1226460 2078.2
1226470 2078.2
1226480 2074.3
1226490 2067.1
1226500 2067.1
1226510 2066.9
1226520 2066.9
1226530 2066.9
1226540 2066.5
1226550 2067.8
1226560 2067.8
1226570 2071.3
1226580 2075.1
1226590 2075.1
1226600 2076.8
1226610 2077.0
1226620 2077.0
1226630 2079.5
1226640 2082.3
1226650 2082.3
1226660 2083.7
1226670 2083.9
1226680 2083.9
1226690 2082.3
1226700 2080.2
1226710 2079.6
1226720 2079.6
1226730 2079.8
1226740 2079.7
1226750 2079.7
1226760 2079.5
1226770 2076.0
1226780 2076.0
1226790 2074.0
1226800 2074.5
1226810 2074.5
1226820 2073.2
1226830 2071.1
1226840 2071.1
1226850 2069.7
1226860 2071.3
1226870 2071.3
1226880 2072.9
1226890 2073.0
1226900 2073.0
1226910 2070.9
1226920 2065.8
1226930 2065.8
1226940 2061.9
1226950 2061.9
1226960 2060.6
1226970 2060.6
1226980 2055.8
1226990 2055.0
1227000 2055.0
1227010 2053.7
1227020 2052.1
1227030 2052.1
1227040 2050.0
1227050 2048.3
1227060 2048.3
1227070 2046.8
1227080 2045.0
1227090 2045.0
1227100 2042.8
1227110 2040.5
1227120 2040.5
1227130 2037.8
1227140 2034.5
1227150 2034.5
1227160 2030.9
1227170 2028.4
1227180 2028.4
1227190 2025.7
1227200 2023.6
1227210 2021.8
1227220 2021.8
1227230 2020.8
1227240 2020.8
1227250 2020.8
1227260 2020.5
1227270 2020.1
1227280 2020.1
1227290 2019.5
1227300 2018.8
1227310 2018.8
1227320 2018.8
1227330 2018.8
1227340 2018.8
1227350 2018.0
1227360 2017.5
1227370 2017.5
1227380 2017.2
1227390 2017.0
1227400 2017.0
1227410 2016.8
1227420 2016.4
1227430 2016.4
1227440 2015.6
1227450 2014.9
1227460 2014.9
1227470 2014.9
1227480 2016.2
1227490 2016.3
1227500 2016.3
1227510 2016.4
1227520 2016.4
1227530 2016.4
1227540 2016.4
1227550 2016.5
1227560 2016.5
1227570 2016.7
1227580 2017.0
1227590 2017.0
1227600 2017.3
1227610 2017.5
1227620 2017.5
1227630 2017.6
1227640 2017.5
1227650 2017.5
1227660 2017.4
1227670 2017.4
1227680 2017.4
1227690 2017.4
1227700 2018.5
1227710 2019.3
1227720 2019.3
1227730 2019.7
1227740 2020.2
1227750 2020.2
1227760 2020.6
1227770 2021.0
1227780 2021.0
1227790 2021.3
1227800 2021.9
1227810 2021.9
1227820 2023.1
1227830 2024.5
1227840 2024.5
1227850 2025.6
1227860 2026.6
1227870 2026.6
1227880 2027.2
1227890 2027.5
1227900 2027.5
1227910 2027.8
1227920 2029.1
1227930 2029.1
1227940 2030.0
1227950 2030.3
1227960 2031.3
1227970 2037.1
1227980 2038.4
1227990 2040.4
1228000 2040.4
1228010 2042.0
1228020 2044.4
1228030 2044.4
1228040 2046.5
1228050 2047.6
1228060 2047.6
1228070 2047.8
1228080 2048.4
1228090 2048.4
1228100 2051.8
1228110 2054.5
1228120 2054.5
1228130 2056.1
1228140 2056.4
1228150 2056.4
1228160 2056.2
1228170 2058.1
1228180 2058.1
1228190 2059.5
1228200 2058.2
1228210 2056.0
1228220 2056.0
1228230 2055.9
1228240 2057.4
1228250 2057.4
1228260 2062.3
1228270 2068.1
1228280 2068.1
1228290 2072.5
1228300 2075.9
1228310 2075.9
1228320 2078.6
1228330 2080.7
1228340 2080.7
1228350 2082.2
1228360 2083.2
1228370 2083.2
1228380 2084.9
1228390 2086.7
1228400 2086.7
1228410 2087.0
1228420 2088.3
1228430 2088.3
1228440 2090.4
1228450 2092.5
1228460 2094.7
1228470 2098.7
1228480 2100.3
1228490 2101.8
1228500 2101.8
1228510 2102.6
1228520 2104.3
1228530 2104.3
1228540 2107.6
1228550 2109.0
1228560 2109.0
1228570 2110.7
1228580 2112.0
1228590 2112.0
1228600 2112.8
1228610 2113.0
1228620 2113.0
1228630 2113.2
1228640 2113.0
1228650 2113.0
1228660 2110.0
1228670 2109.4
1228680 2109.4
1228690 2107.1
1228700 2108.9
1228710 2111.7
1228720 2111.7
1228730 2113.2
1228740 2114.6
1228750 2114.6
1228760 2115.9
1228770 2116.3
1228780 2116.3
1228790 2116.6
1228800 2117.5
1228810 2117.5
1228820 2118.9
1228830 2119.8
1228840 2119.8
1228850 2120.4
1228860 2122.7
1228870 2122.7
1228880 2125.4
1228890 2126.1
1228900 2126.1
1228910 2125.9
1228920 2125.8
1228930 2125.8
1228940 2126.4
1228950 2126.7
1228960 2126.6
1228970 2128.8
1228980 2128.5
1228990 2127.8
1229000 2127.8
1229010 2128.0
1229020 2129.0
1229030 2129.0
1229040 2130.1
1229050 2131.1
1229060 2131.1
1229070 2131.7
1229080 2131.6
1229090 2131.6
1229100 2131.8
1229110 2132.9
1229120 2132.9
1229130 2135.0
1229140 2137.4
1229150 2137.4
1229160 2139.1
1229170 2139.8
1229180 2139.8
1229190 2140.6
1229200 2141.1
1229210 2142.0
1229220 2142.0
1229230 2142.9
1229240 2143.8
1229250 2143.8
1229260 2144.5
1229270 2144.7
1229280 2144.7
1229290 2145.1
1229300 2145.6
1229310 2145.6
1229320 2145.8
1229330 2145.8
1229340 2145.8
1229350 2146.0
1229360 2146.5
1229370 2146.5
1229380 2148.4
1229390 2151.0
1229400 2151.0
1229410 2153.4
1229420 2156.4
1229430 2156.4
1229440 2160.0
1229450 2164.3
1229460 2168.7
1229470 2168.0
1229480 2172.4
1229490 2175.3
1229500 2175.3
1229510 2177.7
1229520 2180.7
1229530 2180.7
1229540 2183.7
1229550 2186.9
1229560 2186.9
1229570 2190.0
1229580 2193.1
1229590 2193.1
1229600 2196.2
1229610 2199.0
1229620 2199.0
1229630 2201.1
1229640 2203.2
1229650 2203.2
1229660 2207.5
1229670 2212.7
1229680 2212.7
1229690 2220.3
1229700 2227.3
1229710 2233.0
1229720 2233.0
1229730 2238.0
1229740 2243.4
1229750 2243.4
1229760 2248.5
1229770 2253.5
1229780 2253.5
1229790 2258.2
1229800 2262.9
1229810 2262.9
1229820 2267.2
1229830 2270.2
1229840 2270.2
1229850 2274.0
1229860 2278.3
1229870 2278.3
1229880 2282.4
1229890 2286.3
1229900 2286.3
1229910 2290.0
1229920 2294.0
1229930 2294.0
1229940 2296.8
1229950 2299.0
1229960 2305.5
1229970 2305.5
1229980 2308.1
1229990 2309.5
1230000 2309.5
1230010 2310.8
1230020 2311.9
1230030 2311.9
1230040 2312.5
1230050 2312.4
1230060 2312.4
1230070 2311.3
1230080 2308.7
1230090 2308.7
1230100 2304.9
1230110 2301.1
1230120 2301.1
1230130 2296.7
1230140 2292.1
1230150 2292.1
1230160 2283.8
1230170 2272.6
1230180 2272.6
1230190 2260.5
1230200 2249.8
1230210 2240.4
1230220 2240.4
1230230 2233.0
1230240 2226.6
1230250 2226.6
1230260 2220.4
1230270 2218.6
1230280 2218.6
1230290 2223.8
1230300 2226.6
1230310 2226.6
1230320 2225.6
1230330 2223.5
1230340 2223.5
1230350 2221.8
1230360 2220.6
1230370 2220.6
1230380 2220.2
1230390 2219.8
1230400 2219.8
1230410 2218.6
1230420 2218.5
1230430 2218.5
1230440 2219.6
1230450 2222.1
1230460 2225.6
1230470 2225.6
1230480 2221.0
1230490 2215.1
1230500 2215.1
1230510 2209.1
1230520 2204.8
1230530 2204.8
1230540 2201.3
1230550 2198.0
1230560 2198.0
1230570 2195.8
1230580 2194.1
1230590 2194.1
1230600 2193.0
1230610 2191.6
1230620 2191.6
1230630 2189.6
1230640 2188.6
1230650 2188.6
1230660 2188.0
1230670 2187.1
1230680 2187.1
1230690 2186.4
1230700 2186.1
1230710 2186.8
1230720 2186.8
1230730 2187.7
1230740 2189.1
1230750 2189.1
1230760 2192.0
1230770 2196.6
1230780 2196.6
1230790 2201.0
1230800 2204.7
1230810 2204.7
1230820 2207.0
1230830 2208.4
1230840 2208.4
1230850 2209.9
1230860 2211.5
1230870 2211.5
1230880 2213.2
1230890 2213.6
1230900 2213.6
1230910 2213.1
1230920 2213.1
1230930 2213.1
1230940 2213.0
1230950 2213.4
1230960 2215.4
1230970 2220.9
1230980 2222.5
1230990 2222.2
1231000 2222.2
1231010 2220.9
1231020 2219.9
1231030 2219.9
1231040 2219.0
1231050 2216.7
1231060 2216.7
1231070 2213.9
1231080 2210.7
1231090 2210.7
1231100 2206.8
1231110 2204.1
1231120 2204.1
1231130 2201.5
1231140 2200.0
1231150 2200.0
1231160 2199.1
1231170 2197.9
1231180 2197.9
1231190 2196.6
1231200 2196.3
1231210 2196.8
1231220 2196.8
1231230 2198.0
1231240 2199.4
1231250 2199.4
1231260 2202.0
1231270 2205.7
1231280 2205.7
1231290 2211.3
1231300 2217.1
1231310 2217.1
1231320 2223.1
1231330 2228.6
1231340 2228.6
1231350 2232.9
1231360 2235.7
1231370 2235.7
1231380 2238.4
1231390 2240.9
1231400 2240.9
1231410 2241.8
1231420 2242.2
1231430 2242.2
1231440 2241.9
1231450 2240.8
1231460 2240.8
1231470 2234.5
1231480 2228.2
1231490 2219.5
1231500 2219.5
1231510 2210.9
1231520 2202.7
1231530 2202.7
1231540 2190.9
1231550 2179.4
1231560 2179.4
1231570 2171.0
1231580 2165.2
1231590 2165.2
1231600 2158.4
1231610 2151.2
1231620 2151.2
1231630 2145.1
1231640 2139.5
1231650 2139.5
1231660 2134.3
1231670 2129.2
1231680 2129.2
1231690 2123.3
1231700 2117.8
1231710 2117.8
1231720 2113.1
1231730 2108.4
1231740 2103.8
1231750 2103.8
1231760 2099.2
1231770 2095.4
1231780 2095.4
1231790 2092.3
1231800 2089.8
1231810 2089.8
1231820 2087.8
1231830 2085.7
1231840 2085.7
1231850 2085.1
1231860 2085.8
1231870 2085.8
1231880 2087.4
1231890 2088.6
1231900 2088.6
1231910 2087.4
1231920 2084.2
1231930 2084.2
1231940 2080.2
1231950 2076.1
1231960 2076.1
1231970 2072.2
1231980 2068.4
1231990 2065.6
1232000 2065.6
1232010 2063.4
1232020 2062.3
1232030 2062.3
1232040 2060.6
1232050 2058.6
1232060 2058.6
1232070 2058.4
1232080 2057.3
1232090 2057.3
1232100 2055.7
1232110 2052.9
1232120 2052.9
1232130 2049.9
1232140 2048.5
1232150 2048.5
1232160 2045.0
1232170 2039.8
1232180 2039.8
1232190 2034.5
1232200 2029.3
1232210 2029.3
1232220 2024.4
1232230 2020.2
1232240 2015.6
1232250 2015.6
1232260 2011.1
1232270 2006.5
1232280 2006.5
1232290 2002.3
1232300 1999.4
1232310 1999.4
1232320 1996.2
1232330 1992.5
1232340 1992.5
1232350 1989.6
1232360 1987.0
1232370 1987.0
1232380 1984.3
1232390 1981.8
1232400 1981.8
1232410 1979.9
1232420 1977.3
1232430 1977.3
1232440 1974.7
1232450 1972.4
1232460 1972.4
1232470 1969.4
1232480 1966.9
1232490 1965.0
1232500 1965.0
1232510 1963.7
1232520 1962.6
1232530 1962.6
1232540 1960.4
1232550 1958.1
1232560 1958.1
1232570 1957.7
1232580 1955.8
1232590 1955.8
1232600 1948.7
1232610 1941.3
1232620 1941.3
1232630 1934.1
1232640 1927.1
1232650 1927.1
1232660 1920.3
1232670 1914.1
1232680 1914.1
1232690 1908.1
1232700 1902.1
1232710 1902.1
1232720 1896.4
1232730 1890.8
1232740 1885.2
1232750 1885.2
1232760 1879.7
1232770 1873.9
1232780 1873.9
1232790 1868.4
1232800 1862.6
1232810 1862.6
1232820 1857.1
1232830 1851.8
1232840 1851.8
1232850 1846.6
1232860 1841.2
1232870 1841.2
1232880 1835.7
1232890 1830.0
1232900 1830.0
1232910 1824.3
1232920 1818.6
1232930 1818.6
1232940 1813.1
1232950 1808.1
1232960 1808.1
1232970 1803.5
1232980 1797.9
1232990 1793.6
1233000 1793.6
1233010 1789.5
1233020 1785.4
1233030 1785.4
1233040 1781.2
1233050 1777.0
1233060 1777.0
1233070 1773.7
1233080 1770.6
1233090 1770.6
1233100 1767.7
1233110 1765.1
1233120 1765.1
1233130 1761.2
1233140 1756.3
1233150 1756.3
1233160 1752.4
1233170 1754.0
1233180 1754.0
1233190 1756.3
1233200 1757.3
1233210 1757.3
1233220 1757.8
1233230 1758.4
1233240 1759.4
1233250 1759.4
1233260 1759.9
1233270 1759.6
1233280 1759.6
1233290 1759.4
1233300 1759.9
1233310 1759.9
1233320 1761.0
1233330 1761.9
1233340 1761.9
1233350 1762.5
1233360 1763.6
1233370 1763.6
1233380 1764.9
1233390 1765.6
1233400 1765.6
1233410 1768.7
1233420 1773.2
1233430 1773.2
1233440 1777.9
1233450 1783.5
1233460 1783.5
1233470 1788.1
1233480 1792.1
1233490 1793.8
1233500 1793.8
1233510 1798.5
1233520 1803.4
1233530 1803.4
1233540 1809.1
1233550 1814.7
1233560 1814.7
1233570 1820.0
1233580 1826.1
1233590 1826.1
1233600 1833.2
1233610 1840.5
1233620 1840.5
1233630 1847.9
1233640 1854.8
1233650 1854.8
1233660 1861.4
1233670 1868.2
1233680 1868.2
1233690 1875.4
1233700 1882.5
1233710 1882.5
1233720 1890.2
1233730 1898.8
1233740 1907.6
1233750 1907.6
1233760 1918.0
1233770 1928.6
1233780 1928.6
1233790 1940.0
1233800 1948.9
1233810 1948.9
1233820 1956.1
1233830 1961.0
1233840 1961.0
1233850 1965.5
1233860 1969.9
1233870 1969.9
1233880 1973.5
1233890 1977.1
1233900 1977.1
1233910 1980.9
1233920 1984.3
1233930 1984.3
1233940 1987.9
1233950 1992.5
1233960 1992.5
1233970 1997.2
1233980 2002.4
1233990 2002.0
1234000 2002.0
1234010 2005.7
1234020 2009.7
1234030 2009.7
1234040 2015.8
1234050 2022.1
1234060 2022.1
1234070 2026.1
1234080 2029.8
1234090 2029.8
1234100 2032.9
1234110 2034.6
1234120 2034.6
1234130 2036.7
1234140 2039.6
1234150 2039.6
1234160 2042.2
1234170 2044.5
1234180 2044.5
1234190 2046.7
1234200 2049.1
1234210 2049.1
1234220 2051.6
1234230 2054.1
1234240 2056.6
1234250 2056.6
1234260 2059.2
1234270 2061.4
1234280 2061.4
1234290 2063.4
1234300 2065.1
1234310 2065.1
1234320 2066.2
1234330 2067.7
1234340 2067.7
1234350 2069.0
1234360 2069.8
1234370 2069.8
1234380 2070.1
1234390 2070.1
1234400 2070.1
1234410 2069.1
1234420 2067.3
1234430 2067.3
1234440 2065.6
1234450 2066.4
1234460 2066.4
1234470 2068.2
1234480 2070.7
1234490 2073.3
1234500 2067.0
1234510 2069.0
1234520 2070.8
1234530 2070.8
1234540 2072.8
1234550 2074.7
1234560 2074.7
1234570 2075.9
1234580 2073.8
1234590 2073.8
1234600 2071.3
1234610 2071.1
1234620 2071.1
1234630 2069.1
1234640 2066.2
1234650 2066.2
1234660 2067.1
1234670 2069.9
1234680 2069.9
1234690 2075.2
1234700 2081.8
1234710 2081.8
1234720 2088.6
1234730 2094.4
1234740 2100.0
1234750 2100.0
1234760 2104.9
1234770 2109.4
1234780 2109.4
1234790 2114.2
1234800 2119.3
1234810 2119.3
1234820 2124.3
1234830 2128.6
1234840 2128.6
1234850 2132.8
1234860 2136.1
1234870 2136.1
1234880 2138.3
1234890 2140.5
1234900 2140.5
1234910 2142.9
1234920 2145.3
1234930 2145.3
1234940 2147.6
1234950 2149.4
1234960 2149.4
1234970 2151.5
1234980 2154.3
1234990 2156.8
1235000 2156.8
1235010 2156.1
1235020 2157.8
1235030 2157.8
1235040 2159.7
1235050 2161.7
1235060 2161.7
1235070 2163.8
1235080 2165.9
1235090 2165.9
1235100 2168.0
1235110 2170.0
1235120 2170.0
1235130 2172.3
1235140 2174.8
1235150 2174.8
1235160 2177.4
1235170 2180.3
1235180 2180.3
1235190 2182.9
1235200 2185.1
1235210 2185.1
1235220 2187.2
1235230 2188.9
1235240 2191.4
1235250 2191.4
1235260 2193.6
1235270 2196.1
1235280 2196.1
1235290 2198.8
1235300 2201.3
1235310 2201.3
1235320 2203.7
1235330 2206.1
1235340 2206.1
1235350 2208.3
1235360 2210.5
1235370 2210.5
1235380 2212.2
1235390 2213.6
1235400 2213.6
1235410 2214.8
1235420 2215.7
1235430 2215.7
1235440 2216.9
1235450 2218.1
1235460 2218.1
1235470 2218.8
1235480 2218.6
1235490 2218.2
1235500 2218.2
1235510 2217.7
1235520 2213.6
1235530 2213.6
1235540 2211.0
1235550 2207.6
1235560 2207.6
1235570 2202.7
1235580 2197.4
1235590 2197.4
1235600 2193.4
1235610 2191.7
1235620 2191.7
1235630 2190.7
1235640 2189.5
1235650 2189.5
1235660 2187.8
1235670 2186.6
1235680 2186.6
1235690 2186.0
1235700 2185.2
1235710 2185.2
1235720 2183.7
1235730 2181.9
1235740 2180.8
1235750 2180.8
1235760 2180.7
1235770 2181.5
1235780 2181.5
1235790 2182.7
1235800 2183.6
1235810 2183.6
1235820 2184.4
1235830 2185.4
1235840 2185.4
1235850 2186.4
1235860 2187.2
1235870 2187.2
1235880 2187.9
1235890 2188.0
1235900 2188.0
1235910 2187.3
1235920 2187.1
1235930 2187.1
1235940 2187.8
1235950 2188.6
1235960 2188.6
1235970 2189.2
1235980 2190.3
1235990 2191.4
1236000 2191.4
1236010 2192.2
1236020 2192.9
1236030 2191.3
1236040 2191.4
1236050 2191.1
1236060 2191.1
1236070 2190.6
1236080 2190.7
1236090 2190.7
1236100 2190.4
1236110 2190.0
1236120 2190.0
1236130 2189.5
1236140 2188.7
1236150 2188.7
1236160 2187.1
1236170 2183.4
1236180 2183.4
1236190 2180.3
1236200 2178.0
1236210 2178.0
1236220 2176.6
1236230 2174.7
1236240 2173.5
1236250 2173.5
1236260 2173.3
1236270 2173.4
1236280 2173.4
1236290 2172.9
1236300 2172.9
1236310 2172.9
1236320 2172.8
1236330 2172.9
1236340 2172.9
1236350 2173.5
1236360 2174.6
1236370 2174.6
1236380 2175.2
1236390 2176.7
1236400 2176.7
1236410 2179.0
1236420 2181.8
1236430 2181.8
1236440 2184.1
1236450 2186.3
1236460 2186.3
1236470 2188.2
1236480 2190.3
1236490 2192.1
1236500 2192.1
1236510 2194.5
1236520 2196.6
1236530 2196.6
1236540 2193.9
1236550 2196.2
1236560 2196.2
1236570 2198.4
1236580 2200.3
1236590 2200.3
1236600 2201.6
1236610 2203.4
1236620 2203.4
1236630 2206.8
1236640 2210.8
1236650 2210.8
1236660 2214.7
1236670 2218.1
1236680 2218.1
1236690 2221.2
1236700 2224.0
1236710 2224.0
1236720 2226.8
1236730 2231.1
1236740 2237.1
1236750 2237.1
1236760 2243.5
1236770 2249.5
1236780 2249.5
1236790 2255.4
1236800 2261.6
1236810 2261.6
1236820 2267.6
1236830 2273.7
1236840 2273.7
1236850 2280.2
1236860 2286.5
1236870 2286.5
1236880 2293.7
1236890 2301.7
1236900 2301.7
1236910 2309.0
1236920 2312.9
1236930 2312.9
1236940 2316.3
1236950 2316.6
1236960 2316.6
1236970 2314.6
1236980 2309.4
1236990 2304.2
1237000 2304.2
1237010 2299.5
1237020 2294.7
1237030 2294.7
1237040 2289.3
1237050 2276.6
1237060 2276.6
1237070 2270.6
1237080 2265.0
1237090 2265.0
1237100 2262.5
1237110 2261.6
1237120 2261.6
1237130 2259.1
1237140 2254.2
1237150 2254.2
1237160 2249.3
1237170 2246.2
1237180 2246.2
1237190 2247.5
1237200 2247.5
1237210 2247.5
1237220 2239.0
1237230 2231.6
1237240 2234.8
1237250 2234.8
1237260 2244.2
1237270 2254.7
1237280 2254.7
1237290 2263.4
1237300 2269.8
1237310 2269.8
1237320 2276.3
1237330 2283.8
1237340 2283.8
1237350 2288.3
1237360 2290.6
1237370 2290.6
1237380 2289.0
1237390 2289.1
1237400 2289.1
1237410 2294.8
1237420 2304.0
1237430 2304.0
1237440 2318.0
1237450 2322.7
1237460 2322.7
1237470 2315.5
1237480 2308.7
1237490 2305.4
1237500 2305.4
1237510 2305.5
1237520 2307.3
1237530 2307.3
1237540 2311.5
1237550 2320.6
1237560 2320.6
1237570 2312.1
1237580 2307.4
1237590 2307.4
1237600 2310.2
1237610 2323.5
1237620 2323.5
1237630 2332.8
1237640 2328.4
1237650 2328.4
1237660 2320.7
1237670 2312.7
1237680 2312.7
1237690 2309.2
1237700 2307.9
1237710 2307.9
1237720 2306.4
1237730 2313.6
1237740 2325.2
1237750 2325.2
1237760 2338.2
1237770 2343.9
1237780 2343.9
1237790 2346.2
1237800 2352.9
1237810 2352.9
1237820 2364.7
1237830 2381.7
1237840 2381.7
1237850 2390.5
1237860 2395.4
1237870 2395.4
1237880 2398.6
1237890 2390.7
1237900 2390.7
1237910 2380.4
1237920 2371.5
1237930 2371.5
1237940 2366.8
1237950 2363.9
1237960 2363.9
1237970 2360.0
1237980 2363.9
1237990 2370.4
1238000 2370.4
1238010 2368.6
1238020 2362.8
1238030 2362.8
1238040 2361.1
1238050 2367.7
1238060 2367.7
1238070 2372.9
1238080 2362.2
1238090 2362.2
1238100 2361.9
1238110 2366.7
1238120 2366.7
1238130 2376.7
1238140 2388.4
1238150 2388.4
1238160 2399.5
1238170 2410.0
1238180 2410.0
1238190 2413.9
1238200 2412.9
1238210 2412.9
1238220 2409.6
1238230 2403.8
1238240 2397.7
1238250 2397.7
1238260 2392.2
1238270 2388.3
1238280 2388.3
1238290 2387.0
1238300 2383.7
1238310 2383.7
1238320 2378.4
1238330 2375.0
1238340 2375.0
1238350 2372.2
1238360 2366.6
1238370 2366.6
1238380 2359.1
1238390 2356.1
1238400 2356.1
1238410 2357.9
1238420 2355.3
1238430 2355.3
1238440 2353.5
1238450 2363.1
1238460 2363.1
1238470 2364.4
1238480 2356.2
1238490 2348.4
1238500 2348.4
1238510 2343.7
1238520 2346.4
1238530 2346.4
1238540 2347.8
1238550 2343.7
1238560 2343.7
1238570 2341.8
1238580 2353.8
1238590 2353.8
1238600 2367.0
1238610 2377.9
1238620 2377.9
1238630 2385.2
1238640 2391.4
1238650 2391.4
1238660 2400.2
1238670 2412.7
1238680 2412.7
1238690 2426.3
1238700 2437.1
1238710 2437.1
1238720 2448.2
1238730 2460.0
1238740 2470.5
1238750 2470.5
1238760 2467.8
1238770 2456.9
1238780 2456.9
1238790 2451.9
1238800 2451.4
1238810 2451.4
1238820 2453.3
1238830 2455.5
1238840 2455.5
1238850 2446.6
1238860 2421.9
1238870 2421.9
1238880 2410.3
1238890 2411.7
1238900 2411.7
1238910 2417.5
1238920 2424.8
1238930 2424.8
1238940 2435.6
1238950 2441.8
1238960 2441.8
1238970 2448.5
1238980 2452.4
1238990 2453.1
1239000 2453.1
1239010 2455.8
1239020 2465.0
1239030 2465.0
1239040 2472.6
1239050 2463.2
1239060 2463.2
1239070 2456.4
1239080 2450.0
1239090 2450.0
1239100 2447.7
1239110 2452.2
1239120 2446.2
1239130 2451.2
1239140 2451.8
1239150 2451.8
1239160 2455.7
1239170 2464.0
1239180 2464.0
1239190 2476.2
1239200 2486.2
1239210 2486.2
1239220 2487.0
1239230 2484.1
1239240 2486.3
1239250 2486.3
1239260 2490.2
1239270 2488.0
1239280 2488.0
1239290 2483.5
1239300 2479.5
1239310 2479.5
1239320 2475.2
1239330 2474.0
1239340 2474.0
1239350 2474.6
1239360 2470.1
1239370 2470.1
1239380 2467.8
1239390 2468.5
1239400 2468.5
1239410 2470.6
1239420 2475.2
1239430 2475.2
1239440 2480.7
1239450 2486.6
1239460 2486.6
1239470 2493.7
1239480 2500.6
1239490 2508.0
1239500 2508.0
1239510 2514.3
1239520 2517.5
1239530 2517.5
1239540 2516.7
1239550 2514.8
1239560 2514.8
1239570 2513.0
1239580 2510.9
1239590 2510.9
1239600 2506.6
1239610 2504.9
1239620 2504.9
1239630 2510.4
1239640 2499.8
1239650 2499.8
1239660 2503.5
1239670 2502.5
1239680 2502.5
1239690 2499.3
1239700 2496.2
1239710 2496.2
1239720 2496.5
1239730 2502.0
1239740 2500.0
1239750 2500.0
1239760 2494.6
1239770 2486.7
1239780 2486.7
1239790 2480.8
1239800 2478.4
1239810 2478.4
1239820 2480.5
1239830 2482.1
1239840 2482.1
1239850 2485.4
1239860 2488.1
1239870 2488.1
1239880 2488.6
1239890 2489.4
1239900 2489.4
1239910 2491.3
1239920 2491.6
1239930 2491.6
1239940 2489.5
1239950 2489.3
1239960 2489.3
1239970 2492.1
1239980 2495.9
1239990 2500.4
