1220000 2208.8
1220010 2208.8
1220020 2208.2
1220030 2207.0
1220040 2207.0
1220050 2204.5
1220060 2200.8
1220070 2200.8
1220080 2196.2
1220090 2191.2
1220100 2191.2
1220110 2186.4
1220120 2182.3
1220130 2182.3
1220140 2173.8
1220150 2171.0
1220160 2171.0
1220170 2171.1
1220180 2168.0
1220190 2158.0
1220200 2158.0
1220210 2150.5
1220220 2147.0
1220230 2147.0
1220240 2144.2
1220250 2140.0
1220260 2140.0
1220270 2135.2
1220280 2131.1
1220290 2131.1
1220300 2126.8
1220310 2122.5
1220320 2122.5
1220330 2119.2
1220340 2115.4
1220350 2115.4
1220360 2111.3
1220370 2109.1
1220380 2109.1
1220390 2108.6
1220400 2108.8
1220410 2108.8
1220420 2108.1
1220430 2106.8
1220440 2105.0
1220450 2105.0
1220460 2102.3
1220470 2099.8
1220480 2099.8
1220490 2096.6
1220500 2093.8
1220510 2093.8
1220520 2090.1
1220530 2087.1
1220540 2087.1
1220550 2084.5
1220560 2079.6
1220570 2079.6
1220580 2074.5
1220590 2070.9
1220600 2070.9
1220610 2066.6
1220620 2061.4
1220630 2061.4
1220640 2057.4
1220650 2051.7
1220660 2051.7
1220670 2045.6
1220680 2039.5
1220690 2034.7
1220700 2034.7
1220710 2030.7
1220720 2027.0
1220730 2027.0
1220740 2022.6
1220750 2018.9
1220760 2018.9
1220770 2015.9
1220780 2012.8
1220790 2012.8
1220800 2010.4
1220810 2008.5
1220820 2008.5
1220830 2006.0
1220840 2003.8
1220850 2003.8
1220860 2000.9
1220870 1997.6
1220880 1997.6
1220890 1994.6
1220900 1993.3
1220910 1993.3
1220920 1991.7
1220930 1988.4
1220940 1985.1
1220950 1985.1
1220960 1985.0
1220970 1987.0
1220980 1989.3
1220990 1991.3
1221000 1992.7
1221010 1992.7
1221020 1993.9
1221030 1994.4
1221040 1994.4
1221050 1994.8
1221060 1994.9
1221070 1994.9
1221080 1992.4
1221090 1990.2
1221100 1990.2
1221110 1991.0
1221120 1991.8
1221130 1991.8
1221140 1992.6
1221150 1993.3
1221160 1993.3
1221170 1993.5
1221180 1993.9
1221190 1994.9
1221200 1994.9
1221210 1995.5
1221220 1996.7
1221230 1996.7
1221240 1998.9
1221250 2000.7
1221260 2000.7
1221270 2001.9
1221280 2002.8
1221290 2002.8
1221300 2003.4
1221310 2004.8
1221320 2004.8
1221330 2006.0
1221340 2007.0
1221350 2007.0
1221360 2008.1
1221370 2009.2
1221380 2009.2
1221390 2010.7
1221400 2012.0
1221410 2012.0
1221420 2013.1
1221430 2014.3
1221440 2014.3
1221450 2015.3
1221460 2015.7
1221470 2022.4
1221480 2022.4
1221490 2022.2
1221500 2023.2
1221510 2023.2
1221520 2023.4
1221530 2022.3
1221540 2022.3
1221550 2024.3
1221560 2026.7
1221570 2026.7
1221580 2027.9
1221590 2029.6
1221600 2029.6
1221610 2030.1
1221620 2026.8
1221630 2026.8
1221640 2025.7
1221650 2026.7
1221660 2026.7
1221670 2026.3
1221680 2023.8
1221690 2023.8
1221700 2016.9
1221710 2009.0
1221720 2003.1
1221730 2003.1
1221740 1997.8
1221750 1991.7
1221760 1991.7
1221770 1984.6
1221780 1977.0
1221790 1977.0
1221800 1971.4
1221810 1967.0
1221820 1967.0
1221830 1964.3
1221840 1961.6
1221850 1961.6
1221860 1957.2
1221870 1952.2
1221880 1952.2
1221890 1946.8
1221900 1942.1
1221910 1942.1
1221920 1938.6
1221930 1935.4
1221940 1935.4
1221950 1936.9
1221960 1934.0
1221970 1930.4
1221980 1930.4
1221990 1927.0
1222000 1924.3
1222010 1924.3
1222020 1921.3
1222030 1918.7
1222040 1918.7
1222050 1915.7
1222060 1912.3
1222070 1912.3
1222080 1908.6
1222090 1904.5
1222100 1904.5
1222110 1900.7
1222120 1895.4
1222130 1895.4
1222140 1888.7
1222150 1882.4
1222160 1882.4
1222170 1875.9
1222180 1871.0
1222190 1871.0
1222200 1867.3
1222210 1867.3
1222220 1864.4
1222230 1864.4
1222240 1860.9
1222250 1857.6
1222260 1857.6
1222270 1853.2
1222280 1849.3
1222290 1849.3
1222300 1845.1
1222310 1839.0
1222320 1839.0
1222330 1835.1
1222340 1833.6
1222350 1833.6
1222360 1830.4
1222370 1825.7
1222380 1825.7
1222390 1823.0
1222400 1820.6
1222410 1820.6
1222420 1816.7
1222430 1817.6
1222440 1817.6
1222450 1815.4
1222460 1811.7
1222470 1807.8
1222480 1807.8
1222490 1804.4
1222500 1801.3
1222510 1801.3
1222520 1799.6
1222530 1797.8
1222540 1797.8
1222550 1794.8
1222560 1792.3
1222570 1792.3
1222580 1790.3
1222590 1790.3
1222600 1790.3
1222610 1787.4
1222620 1784.2
1222630 1784.2
1222640 1781.1
1222650 1777.3
1222660 1777.3
1222670 1775.5
1222680 1775.3
1222690 1775.3
1222700 1773.7
1222710 1771.6
1222720 1770.9
1222730 1770.9
1222740 1771.3
1222750 1771.1
1222760 1771.1
1222770 1771.2
1222780 1771.7
1222790 1771.7
1222800 1772.6
1222810 1772.6
1222820 1772.6
1222830 1772.3
1222840 1775.7
1222850 1775.7
1222860 1777.7
1222870 1776.9
1222880 1776.9
1222890 1776.2
1222900 1777.5
1222910 1777.5
1222920 1781.3
1222930 1782.4
1222940 1782.4
1222950 1783.3
1222960 1783.3
1222970 1782.0
1222980 1782.0
1222990 1780.8
1223000 1780.6
1223010 1780.6
1223020 1781.0
1223030 1782.3
1223040 1782.3
1223050 1785.3
1223060 1789.1
1223070 1789.1
1223080 1792.0
1223090 1794.1
1223100 1794.1
1223110 1794.8
1223120 1795.6
1223130 1795.6
1223140 1797.3
1223150 1798.4
1223160 1798.4
1223170 1799.8
1223180 1801.3
1223190 1801.3
1223200 1802.6
1223210 1803.6
1223220 1804.2
1223230 1804.2
1223240 1805.0
1223250 1806.2
1223260 1806.2
1223270 1807.2
1223280 1807.9
1223290 1807.9
1223300 1807.7
1223310 1806.0
1223320 1806.0
1223330 1803.9
1223340 1801.6
1223350 1801.6
1223360 1796.7
1223370 1792.7
1223380 1792.7
1223390 1794.6
1223400 1798.2
1223410 1796.9
1223420 1800.5
1223430 1804.7
1223440 1804.7
1223450 1809.1
1223460 1813.4
1223470 1816.7
1223480 1816.7
1223490 1820.9
1223500 1823.6
1223510 1823.6
1223520 1824.3
1223530 1827.1
1223540 1827.1
1223550 1832.0
1223560 1837.6
1223570 1837.6
1223580 1842.3
1223590 1847.0
1223600 1847.0
1223610 1851.9
1223620 1856.1
1223630 1856.1
1223640 1861.0
1223650 1866.6
1223660 1866.6
1223670 1874.9
1223680 1892.2
1223690 1892.2
1223700 1903.7
1223710 1908.1
1223720 1910.4
1223730 1910.4
1223740 1916.4
1223750 1924.2
1223760 1924.2
1223770 1932.2
1223780 1947.2
1223790 1947.2
1223800 1957.5
1223810 1964.8
1223820 1964.8
1223830 1973.2
1223840 1976.8
1223850 1976.8
1223860 1976.9
1223870 1979.3
1223880 1979.3
1223890 1973.4
1223900 1982.5
1223910 1982.5
1223920 1992.6
1223930 1999.5
1223940 1999.5
1223950 2003.4
1223960 2008.4
1223970 2010.7
1223980 2010.7
1223990 2011.9
1224000 2012.8
1224010 2012.8
1224020 2014.7
1224030 2015.4
1224040 2015.4
1224050 2018.3
1224060 2019.0
1224070 2019.0
1224080 2026.9
1224090 2036.4
1224100 2036.4
1224110 2047.3
1224120 2056.8
1224130 2056.8
1224140 2065.8
1224150 2072.3
1224160 2072.3
1224170 2078.1
1224180 2083.3
1224190 2083.3
1224200 2088.3
1224210 2093.2
1224220 2101.4
1224230 2101.4
1224240 2106.7
1224250 2109.8
1224260 2109.8
1224270 2111.7
1224280 2110.2
1224290 2110.2
1224300 2109.3
1224310 2109.3
1224320 2109.3
1224330 2109.1
1224340 2106.6
1224350 2106.6
1224360 2097.3
1224370 2086.3
1224380 2082.6
1224390 2073.8
1224400 2070.1
1224410 2070.1
1224420 2072.0
1224430 2078.6
1224440 2078.6
1224450 2078.1
1224460 2073.1
1224470 2079.3
1224480 2079.3
1224490 2088.4
1224500 2096.2
1224510 2096.2
1224520 2107.3
1224530 2122.1
1224540 2122.1
1224550 2132.2
1224560 2139.3
1224570 2139.3
1224580 2146.8
1224590 2153.5
1224600 2153.5
1224610 2158.3
1224620 2164.5
1224630 2164.5
1224640 2172.0
1224650 2180.0
1224660 2180.0
1224670 2187.1
1224680 2195.1
1224690 2195.1
1224700 2201.3
1224710 2207.9
1224720 2207.9
1224730 2216.3
1224740 2222.8
1224750 2229.0
1224760 2229.0
1224770 2234.3
1224780 2234.5
1224790 2234.5
1224800 2232.7
1224810 2232.3
1224820 2232.3
1224830 2232.2
1224840 2231.0
1224850 2231.0
1224860 2229.5
1224870 2220.0
1224880 2220.0
1224890 2220.7
1224900 2225.9
1224910 2225.9
1224920 2233.2
1224930 2234.8
1224940 2234.8
1224950 2232.5
1224960 2234.0
1224970 2234.0
1224980 2241.1
1224990 2249.9
1225000 2255.5
1225010 2255.5
1225020 2260.4
1225030 2265.3
1225040 2265.3
1225050 2267.6
1225060 2270.4
1225070 2270.4
1225080 2273.0
1225090 2274.3
1225100 2274.3
1225110 2275.0
1225120 2276.2
1225130 2276.2
1225140 2276.7
1225150 2276.9
1225160 2276.9
1225170 2277.4
1225180 2277.6
1225190 2277.6
1225200 2278.3
1225210 2278.8
1225220 2278.8
1225230 2279.6
1225240 2280.0
1225250 2280.2
1225260 2280.2
1225270 2280.2
1225280 2279.8
1225290 2279.8
1225300 2279.2
1225310 2279.3
1225320 2279.3
1225330 2279.2
1225340 2278.8
1225350 2278.8
1225360 2273.2
1225370 2273.3
1225380 2273.3
1225390 2273.4
1225400 2273.7
1225410 2273.7
1225420 2274.3
1225430 2274.9
1225440 2274.9
1225450 2275.7
1225460 2275.9
1225470 2275.9
1225480 2275.6
1225490 2274.9
1225500 2273.8
1225510 2273.8
1225520 2271.7
1225530 2268.9
1225540 2268.9
1225550 2265.3
1225560 2260.6
1225570 2260.6
1225580 2256.1
1225590 2252.3
1225600 2252.3
1225610 2248.9
1225620 2245.4
1225630 2245.4
1225640 2242.4
1225650 2240.6
1225660 2240.6
1225670 2239.1
1225680 2238.1
1225690 2238.1
1225700 2237.1
1225710 2236.3
1225720 2236.3
1225730 2235.4
1225740 2234.7
1225750 2234.3
1225760 2234.3
1225770 2234.1
1225780 2234.1
1225790 2234.1
1225800 2233.9
1225810 2233.4
1225820 2233.4
1225830 2233.0
1225840 2232.0
1225850 2228.8
1225860 2228.2
1225870 2227.7
1225880 2227.7
1225890 2227.3
1225900 2226.4
1225910 2226.4
1225920 2225.2
1225930 2224.6
1225940 2224.6
1225950 2226.5
1225960 2230.0
1225970 2230.0
1225980 2234.2
1225990 2238.4
1226000 2242.1
1226010 2242.1
1226020 2244.8
1226030 2247.4
1226040 2247.4
1226050 2248.4
1226060 2247.3
1226070 2247.3
1226080 2247.5
1226090 2248.7
1226100 2248.7
1226110 2249.4
1226120 2249.0
1226130 2249.0
1226140 2248.3
1226150 2247.0
1226160 2247.0
1226170 2244.9
1226180 2241.4
1226190 2241.4
1226200 2236.5
1226210 2233.0
1226220 2233.0
1226230 2235.4
1226240 2240.2
1226250 2243.6
1226260 2243.6
1226270 2245.2
1226280 2246.0
1226290 2246.0
1226300 2246.6
1226310 2247.0
1226320 2247.0
1226330 2247.1
1226340 2247.3
1226350 2244.9
1226360 2246.0
1226370 2246.5
1226380 2246.5
1226390 2245.5
1226400 2244.6
1226410 2244.6
1226420 2243.0
1226430 2240.8
1226440 2240.8
1226450 2238.3
1226460 2236.6
1226470 2236.6
1226480 2236.0
1226490 2237.1
1226500 2237.4
1226510 2237.4
1226520 2236.4
1226530 2235.0
1226540 2235.0
1226550 2234.6
1226560 2235.4
1226570 2235.4
1226580 2236.4
1226590 2236.6
1226600 2236.6
1226610 2234.7
1226620 2232.9
1226630 2232.9
1226640 2231.3
1226650 2227.5
1226660 2227.5
1226670 2222.8
1226680 2218.6
1226690 2218.6
1226700 2214.5
1226710 2210.1
1226720 2210.1
1226730 2205.7
1226740 2201.6
1226750 2200.0
1226760 2200.0
1226770 2200.2
1226780 2203.4
1226790 2203.4
1226800 2207.8
1226810 2212.2
1226820 2212.2
1226830 2216.4
1226840 2217.4
1226850 2217.4
1226860 2220.9
1226870 2223.9
1226880 2223.9
1226890 2226.4
1226900 2228.4
1226910 2228.4
1226920 2230.1
1226930 2229.2
1226940 2229.2
1226950 2225.7
1226960 2220.9
1226970 2220.9
1226980 2216.2
1226990 2212.8
1227000 2210.0
1227010 2210.0
1227020 2207.3
1227030 2203.7
1227040 2203.7
1227050 2200.3
1227060 2199.3
1227070 2199.3
1227080 2199.3
1227090 2201.5
1227100 2201.5
1227110 2205.3
1227120 2209.0
1227130 2209.0
1227140 2212.5
1227150 2215.8
1227160 2215.8
1227170 2218.5
1227180 2221.1
1227190 2221.1
1227200 2222.2
1227210 2220.2
1227220 2220.2
1227230 2218.6
1227240 2219.1
1227250 2219.3
1227260 2219.3
1227270 2217.8
1227280 2215.0
1227290 2215.0
1227300 2210.5
1227310 2204.1
1227320 2204.1
1227330 2196.2
1227340 2193.4
1227350 2193.4
1227360 2191.8
1227370 2189.4
1227380 2189.4
1227390 2188.2
1227400 2186.6
1227410 2186.6
1227420 2184.3
1227430 2182.0
1227440 2182.0
1227450 2179.4
1227460 2177.5
1227470 2177.5
1227480 2176.0
1227490 2174.2
1227500 2172.1
1227510 2172.1
1227520 2169.9
1227530 2166.7
1227540 2166.7
1227550 2163.2
1227560 2161.1
1227570 2161.1
1227580 2159.5
1227590 2157.2
1227600 2157.2
1227610 2155.4
1227620 2153.6
1227630 2153.6
1227640 2152.0
1227650 2150.0
1227660 2150.0
1227670 2147.0
1227680 2143.2
1227690 2143.2
1227700 2140.8
1227710 2138.7
1227720 2138.7
1227730 2137.0
1227740 2134.7
1227750 2130.6
1227760 2130.6
1227770 2127.0
1227780 2124.8
1227790 2124.8
1227800 2121.7
1227810 2118.2
1227820 2118.2
1227830 2113.7
1227840 2113.6
1227850 2113.6
1227860 2113.3
1227870 2112.3
1227880 2112.3
1227890 2110.6
1227900 2108.6
1227910 2108.6
1227920 2106.5
1227930 2104.5
1227940 2104.5
1227950 2101.4
1227960 2098.2
1227970 2098.2
1227980 2096.0
1227990 2093.6
1228000 2091.1
1228010 2091.1
1228020 2089.6
1228030 2088.5
1228040 2088.5
1228050 2084.0
1228060 2079.5
1228070 2079.5
1228080 2075.3
1228090 2071.0
1228100 2071.0
1228110 2067.9
1228120 2065.9
1228130 2065.9
1228140 2062.5
1228150 2058.7
1228160 2058.7
1228170 2056.5
1228180 2054.1
1228190 2054.1
1228200 2050.2
1228210 2047.3
1228220 2047.3
1228230 2044.4
1228240 2040.4
1228250 2040.4
1228260 2038.3
1228270 2036.4
1228280 2035.1
1228290 2035.1
1228300 2033.5
1228310 2030.9
1228320 2026.7
1228330 2024.2
1228340 2021.0
1228350 2021.0
1228360 2018.7
1228370 2017.2
1228380 2017.2
1228390 2015.6
1228400 2013.5
1228410 2013.5
1228420 2009.8
1228430 2005.0
1228440 2005.0
1228450 2001.9
1228460 1999.5
1228470 1999.5
1228480 1997.7
1228490 1996.5
1228500 1996.5
1228510 1995.6
1228520 1994.4
1228530 1992.6
1228540 1992.6
1228550 1990.4
1228560 1987.9
1228570 1987.9
1228580 1986.4
1228590 1984.8
1228600 1984.8
1228610 1982.9
1228620 1981.3
1228630 1981.3
1228640 1980.1
1228650 1979.4
1228660 1979.4
1228670 1978.3
1228680 1976.9
1228690 1976.9
1228700 1975.7
1228710 1974.8
1228720 1974.8
1228730 1974.4
1228740 1973.7
1228750 1973.7
1228760 1973.1
1228770 1972.7
1228780 1972.7
1228790 1972.7
1228800 1973.5
1228810 1974.1
1228820 1974.8
1228830 1974.1
1228840 1973.3
1228850 1973.3
1228860 1971.9
1228870 1971.0
1228880 1971.0
1228890 1970.4
1228900 1969.9
1228910 1969.9
1228920 1969.3
1228930 1968.3
1228940 1968.3
1228950 1967.9
1228960 1967.1
1228970 1967.1
1228980 1966.7
1228990 1966.5
1229000 1966.5
1229010 1966.0
1229020 1965.6
1229030 1965.6
1229040 1965.6
1229050 1965.2
1229060 1965.0
1229070 1965.0
1229080 1964.9
1229090 1964.5
1229100 1964.5
1229110 1964.1
1229120 1963.5
1229130 1963.5
1229140 1963.2
1229150 1962.9
1229160 1962.9
1229170 1962.7
1229180 1962.6
1229190 1962.6
1229200 1963.4
1229210 1964.2
1229220 1964.2
1229230 1964.2
1229240 1964.5
1229250 1964.5
1229260 1964.8
1229270 1964.9
1229280 1965.1
1229290 1965.1
1229300 1965.1
1229310 1965.9
1229320 1970.2
1229330 1971.8
1229340 1972.5
1229350 1972.5
1229360 1973.1
1229370 1974.0
1229380 1974.0
1229390 1975.2
1229400 1975.9
1229410 1975.9
1229420 1976.6
1229430 1977.9
1229440 1977.9
1229450 1978.2
1229460 1977.8
1229470 1977.8
1229480 1977.4
1229490 1978.6
1229500 1978.6
1229510 1979.6
1229520 1979.2
1229530 1980.5
1229540 1980.5
1229550 1982.6
1229560 1984.5
1229570 1984.5
1229580 1986.3
1229590 1986.2
1229600 1986.2
1229610 1985.7
1229620 1989.1
1229630 1989.1
1229640 1990.5
1229650 1993.5
1229660 1993.5
1229670 1995.1
1229680 1997.1
1229690 1997.1
1229700 1998.9
1229710 1999.3
1229720 1999.3
1229730 1999.4
1229740 1998.9
1229750 1998.9
1229760 1999.6
1229770 2001.0
1229780 2002.2
1229790 2002.2
1229800 2004.3
1229810 2007.3
1229820 2017.3
1229830 2017.6
1229840 2018.6
1229850 2018.6
1229860 2022.5
1229870 2023.9
1229880 2023.9
1229890 2024.7
1229900 2026.3
1229910 2026.3
1229920 2029.3
1229930 2030.4
1229940 2030.4
1229950 2029.5
1229960 2030.8
1229970 2030.8
1229980 2030.0
1229990 2031.1
1230000 2031.1
1230010 2032.9
1230020 2033.9
1230030 2034.6
1230040 2034.6
1230050 2035.4
1230060 2036.1
1230070 2036.1
1230080 2037.6
1230090 2040.5
1230100 2040.5
1230110 2043.5
1230120 2047.2
1230130 2047.2
1230140 2048.5
1230150 2050.0
1230160 2050.0
1230170 2054.8
1230180 2061.9
1230190 2061.9
1230200 2063.1
1230210 2061.9
1230220 2061.9
1230230 2060.6
1230240 2059.6
1230250 2059.6
1230260 2056.1
1230270 2055.6
1230280 2056.1
1230290 2056.1
1230300 2057.2
1230310 2059.8
1230320 2069.5
1230330 2072.2
1230340 2075.1
1230350 2075.1
1230360 2072.3
1230370 2067.5
1230380 2067.5
1230390 2064.1
1230400 2060.4
1230410 2060.4
1230420 2056.7
1230430 2054.4
1230440 2054.4
1230450 2053.3
1230460 2053.2
1230470 2053.2
1230480 2051.9
1230490 2050.0
1230500 2050.0
1230510 2049.7
1230520 2048.2
1230530 2048.0
1230540 2048.0
1230550 2047.3
1230560 2044.6
1230570 2044.6
1230580 2041.1
1230590 2038.9
1230600 2038.9
1230610 2035.6
1230620 2035.0
1230630 2035.0
1230640 2037.8
1230650 2035.3
1230660 2035.3
1230670 2033.1
1230680 2033.2
1230690 2033.2
1230700 2030.1
1230710 2025.6
1230720 2025.6
1230730 2019.5
1230740 2016.8
1230750 2016.8
1230760 2016.3
1230770 2014.5
1230780 2011.8
1230790 2011.8
1230800 2007.1
1230810 2006.6
1230820 2013.9
1230830 2012.8
1230840 2010.8
1230850 2010.8
1230860 2011.5
1230870 2009.6
1230880 2009.6
1230890 2005.4
1230900 2001.5
1230910 2001.5
1230920 2000.2
1230930 2005.6
1230940 2005.6
1230950 2005.5
1230960 2000.6
1230970 2000.6
1230980 1997.7
1230990 2000.5
1231000 2000.5
1231010 2006.7
1231020 2004.8
1231030 2001.8
1231040 2001.8
1231050 1997.8
1231060 1994.1
1231070 1994.1
1231080 1989.3
1231090 1982.7
1231100 1982.7
1231110 1977.7
1231120 1974.2
1231130 1974.2
1231140 1970.8
1231150 1964.7
1231160 1964.7
1231170 1964.0
1231180 1958.1
1231190 1958.1
1231200 1951.6
1231210 1952.5
1231220 1952.5
1231230 1957.1
1231240 1957.1
1231250 1957.1
1231260 1960.0
1231270 1956.6
1231280 1957.8
1231290 1957.8
1231300 1954.3
1231310 1956.0
1231320 1962.7
1231330 1957.9
1231340 1956.1
1231350 1956.1
1231360 1955.0
1231370 1953.2
1231380 1953.2
1231390 1951.2
1231400 1946.8
1231410 1946.8
1231420 1946.7
1231430 1944.0
1231440 1944.0
1231450 1941.9
1231460 1940.8
1231470 1940.8
1231480 1935.6
1231490 1934.5
1231500 1934.5
1231510 1932.8
1231520 1927.8
1231530 1925.9
1231540 1925.9
1231550 1922.5
1231560 1918.5
1231570 1918.5
1231580 1916.6
1231590 1916.4
1231600 1916.4
1231610 1913.8
1231620 1909.1
1231630 1909.1
1231640 1903.9
1231650 1901.3
1231660 1901.3
1231670 1900.3
1231680 1898.2
1231690 1898.2
1231700 1894.8
1231710 1891.8
1231720 1891.8
1231730 1887.8
1231740 1884.6
1231750 1884.6
1231760 1882.3
1231770 1879.2
1231780 1875.1
1231790 1875.1
1231800 1873.1
1231810 1871.3
1231820 1879.1
1231830 1875.7
1231840 1872.9
1231850 1872.9
1231860 1870.7
1231870 1867.8
1231880 1867.8
1231890 1866.2
1231900 1864.2
1231910 1864.2
1231920 1862.4
1231930 1859.8
1231940 1859.8
1231950 1857.4
1231960 1855.3
1231970 1855.3
1231980 1852.4
1231990 1849.3
1232000 1849.3
1232010 1845.6
1232020 1841.4
1232030 1838.5
1232040 1838.5
1232050 1835.9
1232060 1833.2
1232070 1833.2
1232080 1831.4
1232090 1828.4
1232100 1828.4
1232110 1826.0
1232120 1824.7
1232130 1824.7
1232140 1822.2
1232150 1820.1
1232160 1820.1
1232170 1819.8
1232180 1820.4
1232190 1820.4
1232200 1820.0
1232210 1819.4
1232220 1819.4
1232230 1818.7
1232240 1818.1
1232250 1818.1
1232260 1817.2
1232270 1816.1
1232280 1814.1
1232290 1814.1
1232300 1811.7
1232310 1808.7
1232320 1813.4
1232330 1810.1
1232340 1806.2
1232350 1806.2
1232360 1803.1
1232370 1800.4
1232380 1800.4
1232390 1797.3
1232400 1793.7
1232410 1793.7
1232420 1790.0
1232430 1786.8
1232440 1786.8
1232450 1784.5
1232460 1783.6
1232470 1783.6
1232480 1783.0
1232490 1782.6
1232500 1782.6
1232510 1782.4
1232520 1782.3
1232530 1782.3
1232540 1782.3
1232550 1782.3
1232560 1782.2
1232570 1782.2
1232580 1782.1
1232590 1782.3
1232600 1782.3
1232610 1782.7
1232620 1783.0
1232630 1783.0
1232640 1782.3
1232650 1781.3
1232660 1781.3
1232670 1781.6
1232680 1781.7
1232690 1781.7
1232700 1781.8
1232710 1782.0
1232720 1782.0
1232730 1782.2
1232740 1782.5
1232750 1782.5
1232760 1782.6
1232770 1782.8
1232780 1782.8
1232790 1783.0
1232800 1783.8
1232810 1785.4
1232820 1785.4
1232830 1786.1
1232840 1787.5
1232850 1787.5
1232860 1788.2
1232870 1788.8
1232880 1788.8
1232890 1789.6
1232900 1790.9
1232910 1790.9
1232920 1792.2
1232930 1793.6
1232940 1793.6
1232950 1795.2
1232960 1797.0
1232970 1797.0
1232980 1799.0
1232990 1800.9
1233000 1800.9
1233010 1803.0
1233020 1805.6
1233030 1805.6
1233040 1808.7
1233050 1811.3
1233060 1813.2
1233070 1813.2
1233080 1815.2
1233090 1816.7
1233100 1816.7
1233110 1819.9
1233120 1823.9
1233130 1823.9
1233140 1826.9
1233150 1829.7
1233160 1829.7
1233170 1834.3
1233180 1839.2
1233190 1839.2
1233200 1843.9
1233210 1848.1
1233220 1848.1
1233230 1852.1
1233240 1856.1
1233250 1856.1
1233260 1860.2
1233270 1864.1
1233280 1864.1
1233290 1868.3
1233300 1872.6
1233310 1876.7
1233320 1876.7
1233330 1871.4
1233340 1874.2
1233350 1874.2
1233360 1879.4
1233370 1883.7
1233380 1883.7
1233390 1885.7
1233400 1887.3
1233410 1887.3
1233420 1888.7
1233430 1892.4
1233440 1892.4
1233450 1897.8
1233460 1901.6
1233470 1901.6
1233480 1903.3
1233490 1903.1
1233500 1903.1
1233510 1906.8
1233520 1913.0
1233530 1913.0
1233540 1918.3
1233550 1924.6
1233560 1932.2
1233570 1932.2
1233580 1940.3
1233590 1948.5
1233600 1948.5
1233610 1956.2
1233620 1963.7
1233630 1963.7
1233640 1972.0
1233650 1979.9
1233660 1979.9
1233670 1986.8
1233680 1994.1
1233690 1994.1
1233700 2003.2
1233710 2010.4
1233720 2010.4
1233730 2016.7
1233740 2024.6
1233750 2024.6
1233760 2035.0
1233770 2047.2
1233780 2047.2
1233790 2056.5
1233800 2063.4
1233810 2068.5
1233820 2068.5
1233830 2072.8
1233840 2074.1
1233850 2074.1
1233860 2077.7
1233870 2081.3
1233880 2081.3
1233890 2084.3
1233900 2087.1
1233910 2087.1
1233920 2090.1
1233930 2092.5
1233940 2092.5
1233950 2094.1
1233960 2096.1
1233970 2096.1
1233980 2099.0
1233990 2101.6
1234000 2101.6
1234010 2102.8
1234020 2104.6
1234030 2104.6
1234040 2107.8
1234050 2110.7
1234060 2113.7
1234070 2113.7
1234080 2116.6
1234090 2119.4
1234100 2119.4
1234110 2122.6
1234120 2125.8
1234130 2125.8
1234140 2129.1
1234150 2132.3
1234160 2132.3
1234170 2135.1
1234180 2138.8
1234190 2138.8
1234200 2143.4
1234210 2147.9
1234220 2147.9
1234230 2152.2
1234240 2156.5
1234250 2156.5
1234260 2161.1
1234270 2165.9
1234280 2165.9
1234290 2170.8
1234300 2175.6
1234310 2180.4
1234320 2180.4
1234330 2185.3
1234340 2189.7
1234350 2188.3
1234360 2192.2
1234370 2195.6
1234380 2195.6
1234390 2198.3
1234400 2200.0
1234410 2200.0
1234420 2201.6
1234430 2203.1
1234440 2203.1
1234450 2204.6
1234460 2206.4
1234470 2206.4
1234480 2208.3
1234490 2210.4
1234500 2210.4
1234510 2212.9
1234520 2215.8
1234530 2215.8
1234540 2218.5
1234550 2220.6
1234560 2223.5
1234570 2223.5
1234580 2226.6
1234590 2230.0
1234600 2230.0
1234610 2233.6
1234620 2237.0
1234630 2237.0
1234640 2240.3
1234650 2243.6
1234660 2243.6
1234670 2246.9
1234680 2249.6
1234690 2249.6
1234700 2252.8
1234710 2256.0
1234720 2256.0
1234730 2259.5
1234740 2262.8
1234750 2262.8
1234760 2266.5
1234770 2270.2
1234780 2270.2
1234790 2273.1
1234800 2276.3
1234810 2280.1
1234820 2280.1
1234830 2283.8
1234840 2286.9
1234850 2286.9
1234860 2285.4
1234870 2288.6
1234880 2288.6
1234890 2291.4
1234900 2293.4
1234910 2293.4
1234920 2295.6
1234930 2297.8
1234940 2297.8
1234950 2299.1
1234960 2300.3
1234970 2300.3
1234980 2301.3
1234990 2300.9
1235000 2300.9
1235010 2300.3
1235020 2301.2
1235030 2301.2
1235040 2302.3
1235050 2303.0
1235060 2302.7
1235070 2302.7
1235080 2299.0
1235090 2293.2
1235100 2293.2
1235110 2287.7
1235120 2282.7
1235130 2282.7
1235140 2277.0
1235150 2271.8
1235160 2271.8
1235170 2267.7
1235180 2266.6
1235190 2266.6
1235200 2268.2
1235210 2268.0
1235220 2268.0
1235230 2265.7
1235240 2263.2
1235250 2263.2
1235260 2262.9
1235270 2266.8
1235280 2266.8
1235290 2268.4
1235300 2268.2
1235310 2269.1
1235320 2269.1
1235330 2270.3
1235340 2270.7
1235350 2270.7
1235360 2271.5
1235370 2271.3
1235380 2271.3
1235390 2274.7
1235400 2278.1
1235410 2278.1
1235420 2281.4
1235430 2284.8
1235440 2284.8
1235450 2287.6
1235460 2288.8
1235470 2288.8
1235480 2288.8
1235490 2289.1
1235500 2289.1
1235510 2290.1
1235520 2291.0
1235530 2291.0
1235540 2290.2
1235550 2287.5
1235560 2283.5
1235570 2283.5
1235580 2281.9
1235590 2282.6
1235600 2282.6
1235610 2282.6
1235620 2282.8
1235630 2282.8
1235640 2283.2
1235650 2283.6
1235660 2283.6
1235670 2284.9
1235680 2286.8
1235690 2286.8
1235700 2287.8
1235710 2288.2
1235720 2288.2
1235730 2290.0
1235740 2292.3
1235750 2292.3
1235760 2294.7
1235770 2297.2
1235780 2297.2
1235790 2299.5
1235800 2301.8
1235810 2304.5
1235820 2304.5
1235830 2307.1
1235840 2309.5
1235850 2309.5
1235860 2312.9
1235870 2317.4
1235880 2314.1
1235890 2317.4
1235900 2320.4
1235910 2320.4
1235920 2323.1
1235930 2325.8
1235940 2325.8
1235950 2328.7
1235960 2331.5
1235970 2331.5
1235980 2334.5
1235990 2337.6
1236000 2337.6
1236010 2340.8
1236020 2344.2
1236030 2344.2
1236040 2347.6
1236050 2351.4
1236060 2355.4
1236070 2355.4
1236080 2359.4
1236090 2362.8
1236100 2362.8
1236110 2365.9
1236120 2368.5
1236130 2368.5
1236140 2370.3
1236150 2371.4
1236160 2371.4
1236170 2376.1
1236180 2379.9
1236190 2379.9
1236200 2384.4
1236210 2389.4
1236220 2389.4
1236230 2393.9
1236240 2398.4
1236250 2398.4
1236260 2402.4
1236270 2406.6
1236280 2406.6
1236290 2411.1
1236300 2416.8
1236310 2422.2
1236320 2422.2
1236330 2427.4
1236340 2431.9
1236350 2431.9
1236360 2435.7
1236370 2438.7
1236380 2438.7
1236390 2439.0
1236400 2442.6
1236410 2442.6
1236420 2447.1
1236430 2450.9
1236440 2450.9
1236450 2454.3
1236460 2456.8
1236470 2456.8
1236480 2457.4
1236490 2453.7
1236500 2453.7
1236510 2452.9
1236520 2454.1
1236530 2454.1
1236540 2459.1
1236550 2463.4
1236560 2459.7
1236570 2459.7
1236580 2456.9
1236590 2457.3
1236600 2457.3
1236610 2460.1
1236620 2463.6
1236630 2463.6
1236640 2467.7
1236650 2476.0
1236660 2476.0
1236670 2481.7
1236680 2487.9
1236690 2487.9
1236700 2497.4
1236710 2498.3
1236720 2498.3
1236730 2494.6
1236740 2491.2
1236750 2491.2
1236760 2492.1
1236770 2498.3
1236780 2498.3
1236790 2504.7
1236800 2507.9
1236810 2507.9
1236820 2505.1
1236830 2502.9
1236840 2502.1
1236850 2502.1
1236860 2503.1
1236870 2505.9
1236880 2505.9
1236890 2508.3
1236900 2508.3
1236910 2508.3
1236920 2517.2
1236930 2525.9
1236940 2525.9
1236950 2526.6
1236960 2528.6
1236970 2528.6
1236980 2534.3
1236990 2545.5
1237000 2545.5
1237010 2547.4
1237020 2545.6
1237030 2545.6
1237040 2551.8
1237050 2553.8
1237060 2553.8
1237070 2556.5
1237080 2561.9
1237090 2565.6
1237100 2565.6
1237110 2562.2
1237120 2559.9
1237130 2559.9
1237140 2564.1
1237150 2582.4
1237160 2582.4
1237170 2602.4
1237180 2605.8
1237190 2605.8
1237200 2600.3
1237210 2598.4
1237220 2598.4
1237230 2604.4
1237240 2611.8
1237250 2611.8
1237260 2610.1
1237270 2605.0
1237280 2605.0
1237290 2608.7
1237300 2618.8
1237310 2618.8
1237320 2630.9
1237330 2635.3
1237340 2637.1
1237350 2637.1
1237360 2629.0
1237370 2620.8
1237380 2620.8
1237390 2623.4
1237400 2625.2
1237410 2611.8
1237420 2609.0
1237430 2608.8
1237440 2608.8
1237450 2618.2
1237460 2622.3
1237470 2622.3
1237480 2619.5
1237490 2619.8
1237500 2619.8
1237510 2628.0
1237520 2639.5
1237530 2639.5
1237540 2644.1
1237550 2644.7
1237560 2644.7
1237570 2655.8
1237580 2672.3
1237590 2683.8
1237600 2683.8
1237610 2678.8
1237620 2675.6
1237630 2675.6
1237640 2679.8
1237650 2689.0
1237660 2689.0
1237670 2693.4
1237680 2691.0
1237690 2691.0
1237700 2686.9
1237710 2685.8
1237720 2685.8
1237730 2688.9
1237740 2691.7
1237750 2691.7
1237760 2698.4
1237770 2712.2
1237780 2712.2
1237790 2721.0
1237800 2724.1
1237810 2724.1
1237820 2715.4
1237830 2706.9
1237840 2701.9
1237850 2701.9
1237860 2694.9
1237870 2688.3
1237880 2688.3
1237890 2684.5
1237900 2686.3
1237910 2686.3
1237920 2685.9
1237930 2685.2
1237940 2685.2
1237950 2699.3
1237960 2697.9
1237970 2697.9
1237980 2699.9
1237990 2703.6
1238000 2703.6
1238010 2698.1
1238020 2699.0
1238030 2699.0
1238040 2704.1
1238050 2716.1
1238060 2716.1
1238070 2735.1
1238080 2752.2
1238090 2762.7
1238100 2762.7
1238110 2765.7
1238120 2771.9
1238130 2771.9
1238140 2768.6
1238150 2760.5
1238160 2760.5
1238170 2757.6
1238180 2755.8
1238190 2755.8
1238200 2756.3
1238210 2755.9
1238220 2755.9
1238230 2752.1
1238240 2752.1
1238250 2752.1
1238260 2754.5
1238270 2757.9
1238280 2757.9
1238290 2758.6
1238300 2754.7
1238310 2754.7
1238320 2746.8
1238330 2741.1
1238340 2737.1
1238350 2737.1
1238360 2729.9
1238370 2722.4
1238380 2722.4
1238390 2715.8
1238400 2709.6
1238410 2709.6
1238420 2702.9
1238430 2699.9
1238440 2699.9
1238450 2707.1
1238460 2707.1
1238470 2707.1
1238480 2708.9
1238490 2705.1
1238500 2705.1
1238510 2695.5
1238520 2687.7
1238530 2687.7
1238540 2681.7
1238550 2673.1
1238560 2673.1
1238570 2662.1
1238580 2652.4
1238590 2639.9
1238600 2639.9
1238610 2626.2
1238620 2619.7
1238630 2619.7
1238640 2613.6
1238650 2602.2
1238660 2602.2
1238670 2590.6
1238680 2576.6
1238690 2576.6
1238700 2564.9
1238710 2559.0
1238720 2559.0
1238730 2553.8
1238740 2552.9
1238750 2552.9
1238760 2552.6
1238770 2549.2
1238780 2549.2
1238790 2544.6
1238800 2542.8
1238810 2542.8
1238820 2543.7
1238830 2542.3
1238840 2541.5
1238850 2541.5
1238860 2540.5
1238870 2540.9
1238880 2540.9
1238890 2543.6
1238900 2547.6
1238910 2547.6
1238920 2556.3
1238930 2563.0
1238940 2563.0
1238950 2568.1
1238960 2578.3
1238970 2578.3
1238980 2577.0
1238990 2572.5
1239000 2572.5
1239010 2569.4
1239020 2566.5
1239030 2566.5
1239040 2563.8
1239050 2561.1
1239060 2561.1
1239070 2556.7
1239080 2551.0
1239090 2546.2
1239100 2546.2
1239110 2541.7
1239120 2534.9
1239130 2534.9
1239140 2528.7
1239150 2523.5
1239160 2523.5
1239170 2519.4
1239180 2515.4
1239190 2515.4
1239200 2511.1
1239210 2507.0
1239220 2507.0
1239230 2503.7
1239240 2502.3
1239250 2502.3
1239260 2501.5
1239270 2500.2
1239280 2500.2
1239290 2498.3
1239300 2496.2
1239310 2496.2
1239320 2495.4
1239330 2497.5
1239340 2497.4
1239350 2497.4
1239360 2491.9
1239370 2484.9
1239380 2484.9
1239390 2482.3
1239400 2482.0
1239410 2482.0
1239420 2481.1
1239430 2479.6
1239440 2479.6
1239450 2476.7
1239460 2473.7
1239470 2473.7
1239480 2481.6
1239490 2480.1
1239500 2480.1
1239510 2475.9
1239520 2472.6
1239530 2472.6
1239540 2473.4
1239550 2473.0
1239560 2473.0
1239570 2471.9
1239580 2472.6
1239590 2473.7
1239600 2473.7
1239610 2475.4
1239620 2476.7
1239630 2476.7
1239640 2477.1
1239650 2476.5
1239660 2476.5
1239670 2479.0
1239680 2486.2
1239690 2486.2
1239700 2492.1
1239710 2494.3
1239720 2494.3
1239730 2497.3
1239740 2501.2
1239750 2501.2
1239760 2503.9
1239770 2507.8
1239780 2507.8
1239790 2511.4
1239800 2516.2
1239810 2516.2
1239820 2519.0
1239830 2516.4
1239840 2513.9
1239850 2513.9
1239860 2516.4
1239870 2519.4
1239880 2519.4
1239890 2525.1
1239900 2530.0
1239910 2530.0
1239920 2529.7
1239930 2521.5
1239940 2521.5
1239950 2513.6
1239960 2505.5
1239970 2505.5
1239980 2498.5
1239990 2492.1
