1220000 2003.4
1220010 2000.1
1220020 2000.1
1220030 1997.8
1220040 1993.5
1220050 1993.5
1220060 2000.5
1220070 2000.7
1220080 2000.7
1220090 1999.7
1220100 1998.3
1220110 1998.3
1220120 1997.3
1220130 2000.4
1220140 2003.8
1220150 2003.8
1220160 2005.9
1220170 2007.5
1220180 2007.5
1220190 2009.4
1220200 2009.2
1220210 2009.2
1220220 2008.3
1220230 2011.2
1220240 2011.2
1220250 2012.6
1220260 2011.1
1220270 2011.1
1220280 2009.4
1220290 2008.3
1220300 2008.3
1220310 2007.1
1220320 2005.5
1220330 2005.5
1220340 2003.2
1220350 1999.9
1220360 1999.9
1220370 1995.7
1220380 1990.3
1220390 1986.2
1220400 1986.2
1220410 1982.8
1220420 1979.6
1220430 1979.6
1220440 1976.0
1220450 1973.4
1220460 1973.4
1220470 1970.5
1220480 1970.0
1220490 1970.0
1220500 1972.0
1220510 1973.4
1220520 1973.4
1220530 1973.8
1220540 1981.5
1220550 1981.5
1220560 1980.3
1220570 1980.8
1220580 1980.8
1220590 1981.8
1220600 1982.1
1220610 1982.1
1220620 1979.7
1220630 1978.4
1220640 1977.6
1220650 1977.6
1220660 1977.2
1220670 1975.3
1220680 1975.3
1220690 1970.7
1220700 1967.6
1220710 1967.6
1220720 1966.1
1220730 1966.4
1220740 1966.4
1220750 1965.3
1220760 1963.2
1220770 1963.2
1220780 1960.3
1220790 1959.6
1220800 1959.6
1220810 1961.1
1220820 1961.6
1220830 1961.6
1220840 1959.8
1220850 1957.6
1220860 1957.6
1220870 1955.7
1220880 1953.2
1220890 1953.3
1220900 1953.3
1220910 1954.0
1220920 1954.5
1220930 1954.5
1220940 1954.9
1220950 1955.4
1220960 1955.4
1220970 1955.2
1220980 1953.0
1220990 1953.0
1221000 1949.4
1221010 1943.9
1221020 1943.9
1221030 1938.4
1221040 1930.0
1221050 1930.0
1221060 1924.4
1221070 1920.8
1221080 1920.8
1221090 1914.3
1221100 1908.4
1221110 1908.4
1221120 1905.3
1221130 1903.0
1221140 1899.2
1221150 1899.2
1221160 1893.8
1221170 1894.5
1221180 1894.5
1221190 1894.2
1221200 1892.2
1221210 1892.2
1221220 1890.8
1221230 1888.8
1221240 1888.8
1221250 1887.5
1221260 1885.7
1221270 1885.7
1221280 1884.3
1221290 1885.3
1221300 1885.3
1221310 1886.3
1221320 1882.8
1221330 1882.8
1221340 1879.1
1221350 1878.3
1221360 1878.3
1221370 1875.9
1221380 1875.8
1221390 1875.2
1221400 1875.2
1221410 1870.8
1221420 1864.2
1221430 1864.2
1221440 1862.8
1221450 1859.8
1221460 1859.8
1221470 1854.4
1221480 1849.2
1221490 1849.2
1221500 1849.4
1221510 1861.1
1221520 1861.1
1221530 1865.6
1221540 1868.0
1221550 1868.0
1221560 1871.5
1221570 1873.0
1221580 1873.0
1221590 1872.0
1221600 1871.8
1221610 1871.8
1221620 1873.8
1221630 1876.6
1221640 1876.6
1221650 1880.6
1221660 1882.4
1221670 1879.6
1221680 1879.6
1221690 1875.6
1221700 1871.6
1221710 1871.6
1221720 1868.4
1221730 1865.6
1221740 1865.6
1221750 1863.2
1221760 1859.5
1221770 1859.5
1221780 1856.4
1221790 1853.1
1221800 1853.1
1221810 1849.0
1221820 1843.3
1221830 1843.3
1221840 1836.5
1221850 1829.8
1221860 1829.8
1221870 1825.0
1221880 1822.5
1221890 1822.5
1221900 1820.0
1221910 1817.2
1221920 1813.5
1221930 1813.5
1221940 1811.2
1221950 1810.8
1221960 1810.8
1221970 1808.4
1221980 1804.1
1221990 1803.7
1222000 1799.9
1222010 1796.2
1222020 1796.2
1222030 1794.7
1222040 1795.2
1222050 1795.2
1222060 1794.3
1222070 1792.0
1222080 1792.0
1222090 1789.1
1222100 1785.8
1222110 1785.8
1222120 1781.7
1222130 1776.6
1222140 1776.6
1222150 1771.3
1222160 1766.2
1222170 1760.8
1222180 1760.8
1222190 1755.4
1222200 1750.2
1222210 1750.2
1222220 1744.9
1222230 1741.5
1222240 1741.5
1222250 1737.4
1222260 1731.7
1222270 1731.7
1222280 1729.0
1222290 1729.4
1222300 1729.4
1222310 1730.7
1222320 1732.0
1222330 1732.0
1222340 1732.7
1222350 1733.7
1222360 1733.7
1222370 1735.3
1222380 1736.6
1222390 1736.6
1222400 1738.1
1222410 1739.5
1222420 1740.9
1222430 1740.9
1222440 1742.4
1222450 1743.6
1222460 1743.6
1222470 1744.6
1222480 1744.2
1222490 1744.2
1222500 1745.2
1222510 1747.0
1222520 1747.0
1222530 1748.3
1222540 1749.6
1222550 1749.6
1222560 1750.6
1222570 1751.7
1222580 1751.7
1222590 1753.2
1222600 1756.1
1222610 1756.1
1222620 1759.1
1222630 1763.1
1222640 1763.1
1222650 1766.1
1222660 1768.0
1222670 1770.0
1222680 1770.0
1222690 1772.8
1222700 1776.7
1222710 1776.7
1222720 1780.0
1222730 1782.5
1222740 1782.5
1222750 1785.4
1222760 1788.8
1222770 1788.8
1222780 1792.5
1222790 1795.7
1222800 1795.7
1222810 1798.9
1222820 1801.1
1222830 1801.1
1222840 1803.0
1222850 1805.4
1222860 1805.4
1222870 1808.1
1222880 1809.9
1222890 1809.9
1222900 1811.4
1222910 1814.9
1222920 1816.7
1222930 1816.7
1222940 1818.4
1222950 1819.9
1222960 1815.2
1222970 1817.2
1222980 1819.6
1222990 1819.6
1223000 1822.6
1223010 1826.6
1223020 1826.6
1223030 1830.2
1223040 1833.9
1223050 1833.9
1223060 1837.8
1223070 1841.9
1223080 1841.9
1223090 1846.0
1223100 1852.7
1223110 1852.7
1223120 1861.4
1223130 1870.0
1223140 1870.0
1223150 1879.3
1223160 1889.0
1223170 1906.3
1223180 1906.3
1223190 1916.2
1223200 1923.3
1223210 1923.3
1223220 1931.9
1223230 1940.4
1223240 1940.4
1223250 1943.6
1223260 1947.3
1223270 1947.3
1223280 1951.6
1223290 1952.0
1223300 1952.0
1223310 1959.5
1223320 1976.5
1223330 1976.5
1223340 1986.4
1223350 1991.4
1223360 1991.4
1223370 1996.8
1223380 2004.0
1223390 2004.0
1223400 2009.9
1223410 2020.3
1223420 2026.9
1223430 2026.9
1223440 2024.8
1223450 2028.9
1223460 2028.9
1223470 2032.7
1223480 2040.3
1223490 2040.3
1223500 2053.3
1223510 2056.9
1223520 2056.9
1223530 2061.9
1223540 2075.2
1223550 2075.2
1223560 2089.2
1223570 2101.1
1223580 2101.1
1223590 2107.3
1223600 2112.7
1223610 2112.7
1223620 2120.6
1223630 2119.1
1223640 2119.1
1223650 2112.7
1223660 2103.6
1223670 2098.6
1223680 2098.6
1223690 2103.9
1223700 2111.8
1223710 2111.8
1223720 2122.6
1223730 2136.3
1223740 2136.3
1223750 2142.7
1223760 2151.4
1223770 2151.4
1223780 2165.0
1223790 2176.0
1223800 2176.0
1223810 2185.2
1223820 2190.8
1223830 2190.8
1223840 2194.8
1223850 2198.3
1223860 2198.3
1223870 2200.1
1223880 2207.5
1223890 2207.5
1223900 2216.6
1223910 2225.9
1223920 2225.9
1223930 2235.3
1223940 2240.8
1223950 2249.8
1223960 2249.8
1223970 2258.9
1223980 2267.1
1223990 2267.1
1224000 2274.4
1224010 2281.8
1224020 2281.8
1224030 2289.2
1224040 2298.4
1224050 2298.4
1224060 2307.3
1224070 2315.9
1224080 2315.9
1224090 2323.2
1224100 2331.0
1224110 2331.0
1224120 2339.7
1224130 2348.9
1224140 2348.9
1224150 2358.0
1224160 2366.2
1224170 2366.2
1224180 2374.9
1224190 2382.6
1224200 2390.8
1224210 2390.8
1224220 2399.4
1224230 2406.1
1224240 2406.1
1224250 2409.4
1224260 2405.0
1224270 2405.0
1224280 2396.5
1224290 2387.7
1224300 2387.7
1224310 2379.0
1224320 2370.5
1224330 2370.5
1224340 2362.6
1224350 2356.2
1224360 2356.2
1224370 2350.2
1224380 2344.4
1224390 2344.4
1224400 2341.5
1224410 2343.3
1224420 2343.3
1224430 2341.5
1224440 2341.2
1224450 2337.9
1224460 2337.9
1224470 2334.9
1224480 2335.9
1224490 2335.9
1224500 2334.1
1224510 2334.2
1224520 2334.2
1224530 2337.6
1224540 2342.3
1224550 2342.3
1224560 2345.7
1224570 2346.0
1224580 2346.0
1224590 2345.4
1224600 2344.6
1224610 2344.6
1224620 2344.3
1224630 2346.0
1224640 2346.0
1224650 2347.7
1224660 2351.5
1224670 2351.5
1224680 2356.9
1224690 2362.2
1224700 2367.3
1224710 2367.3
1224720 2373.0
1224730 2379.7
1224740 2379.7
1224750 2383.7
1224760 2386.3
1224770 2386.3
1224780 2392.5
1224790 2403.2
1224800 2403.2
1224810 2413.6
1224820 2424.0
1224830 2424.0
1224840 2437.7
1224850 2448.6
1224860 2448.6
1224870 2455.2
1224880 2459.8
1224890 2459.8
1224900 2465.2
1224910 2472.4
1224920 2472.4
1224930 2480.6
1224940 2489.5
1224950 2498.3
1224960 2498.3
1224970 2506.8
1224980 2515.2
1224990 2515.2
1225000 2523.5
1225010 2532.2
1225020 2532.2
1225030 2537.4
1225040 2539.4
1225050 2539.4
1225060 2543.1
1225070 2543.6
1225080 2543.6
1225090 2537.6
1225100 2531.1
1225110 2531.1
1225120 2525.4
1225130 2517.2
1225140 2517.2
1225150 2506.8
1225160 2498.0
1225170 2498.0
1225180 2486.9
1225190 2478.0
1225200 2470.7
1225210 2470.7
1225220 2464.3
1225230 2458.2
1225240 2458.2
1225250 2453.0
1225260 2448.9
1225270 2448.9
1225280 2441.8
1225290 2437.2
1225300 2437.2
1225310 2434.3
1225320 2431.6
1225330 2431.6
1225340 2429.2
1225350 2427.1
1225360 2427.1
1225370 2424.5
1225380 2421.4
1225390 2421.4
1225400 2418.7
1225410 2412.1
1225420 2412.1
1225430 2410.3
1225440 2407.9
1225450 2404.6
1225460 2404.6
1225470 2402.3
1225480 2400.9
1225490 2400.9
1225500 2400.9
1225510 2403.2
1225520 2403.2
1225530 2401.4
1225540 2397.8
1225550 2397.8
1225560 2394.5
1225570 2391.9
1225580 2391.9
1225590 2389.7
1225600 2388.2
1225610 2388.2
1225620 2389.3
1225630 2390.4
1225640 2390.4
1225650 2388.0
1225660 2387.6
1225670 2387.6
1225680 2387.8
1225690 2386.8
1225700 2384.5
1225710 2384.5
1225720 2379.2
1225730 2376.7
1225740 2376.7
1225750 2376.4
1225760 2374.2
1225770 2374.2
1225780 2371.2
1225790 2367.8
1225800 2367.8
1225810 2362.2
1225820 2356.5
1225830 2356.5
1225840 2353.2
1225850 2349.4
1225860 2349.4
1225870 2346.8
1225880 2346.5
1225890 2346.5
1225900 2337.2
1225910 2336.8
1225920 2336.8
1225930 2337.6
1225940 2335.5
1225950 2332.6
1225960 2332.6
1225970 2330.1
1225980 2328.5
1225990 2328.5
1226000 2327.8
1226010 2327.8
1226020 2327.8
1226030 2328.3
1226040 2327.6
1226050 2327.6
1226060 2326.6
1226070 2324.5
1226080 2324.5
1226090 2325.0
1226100 2328.3
1226110 2328.3
1226120 2331.2
1226130 2330.1
1226140 2330.1
1226150 2325.6
1226160 2322.3
1226170 2322.3
1226180 2319.9
1226190 2317.4
1226200 2317.4
1226210 2315.0
1226220 2313.3
1226230 2312.0
1226240 2312.0
1226250 2309.8
1226260 2306.9
1226270 2306.9
1226280 2303.7
1226290 2301.4
1226300 2301.4
1226310 2298.8
1226320 2294.6
1226330 2294.6
1226340 2290.8
1226350 2289.7
1226360 2289.7
1226370 2289.3
1226380 2288.7
1226390 2286.5
1226400 2286.0
1226410 2286.5
1226420 2286.5
1226430 2288.8
1226440 2290.3
1226450 2290.3
1226460 2291.4
1226470 2292.5
1226480 2293.5
1226490 2293.5
1226500 2294.3
1226510 2294.8
1226520 2294.8
1226530 2294.9
1226540 2294.7
1226550 2294.7
1226560 2293.9
1226570 2292.6
1226580 2292.6
1226590 2291.4
1226600 2290.4
1226610 2290.4
1226620 2289.5
1226630 2288.3
1226640 2288.3
1226650 2287.2
1226660 2286.0
1226670 2286.0
1226680 2285.0
1226690 2284.2
1226700 2284.2
1226710 2283.5
1226720 2282.8
1226730 2282.0
1226740 2282.0
1226750 2281.8
1226760 2281.3
1226770 2281.3
1226780 2280.8
1226790 2280.6
1226800 2280.6
1226810 2280.2
1226820 2279.8
1226830 2279.8
1226840 2279.4
1226850 2279.4
1226860 2279.4
1226870 2280.1
1226880 2281.9
1226890 2281.9
1226900 2286.9
1226910 2290.9
1226920 2290.9
1226930 2292.0
1226940 2291.8
1226950 2291.8
1226960 2293.1
1226970 2294.3
1226980 2297.3
1226990 2297.3
1227000 2300.0
1227010 2301.6
1227020 2301.6
1227030 2302.2
1227040 2303.1
1227050 2303.1
1227060 2305.1
1227070 2306.9
1227080 2306.9
1227090 2307.9
1227100 2308.2
1227110 2308.2
1227120 2308.0
1227130 2307.6
1227140 2307.6
1227150 2307.1
1227160 2306.7
1227170 2306.7
1227180 2306.1
1227190 2305.2
1227200 2305.2
1227210 2303.4
1227220 2301.7
1227230 2300.4
1227240 2300.4
1227250 2299.3
1227260 2298.2
1227270 2298.2
1227280 2296.5
1227290 2294.4
1227300 2294.4
1227310 2292.4
1227320 2290.6
1227330 2290.6
1227340 2289.4
1227350 2288.9
1227360 2288.9
1227370 2284.6
1227380 2284.6
1227390 2284.6
1227400 2285.0
1227410 2285.2
1227420 2285.2
1227430 2284.8
1227440 2284.5
1227450 2284.5
1227460 2285.1
1227470 2286.3
1227480 2287.4
1227490 2287.4
1227500 2288.7
1227510 2290.0
1227520 2290.0
1227530 2292.2
1227540 2295.3
1227550 2295.3
1227560 2299.0
1227570 2302.1
1227580 2302.1
1227590 2303.4
1227600 2303.8
1227610 2303.8
1227620 2303.4
1227630 2302.7
1227640 2302.7
1227650 2301.6
1227660 2299.0
1227670 2299.0
1227680 2295.5
1227690 2292.7
1227700 2292.7
1227710 2289.9
1227720 2287.4
1227730 2285.0
1227740 2285.0
1227750 2283.0
1227760 2281.4
1227770 2281.4
1227780 2279.7
1227790 2278.8
1227800 2278.8
1227810 2277.8
1227820 2276.6
1227830 2276.6
1227840 2275.8
1227850 2274.6
1227860 2274.6
1227870 2271.3
1227880 2270.2
1227890 2270.2
1227900 2268.6
1227910 2266.7
1227920 2266.7
1227930 2264.9
1227940 2263.2
1227950 2263.2
1227960 2261.6
1227970 2260.2
1227980 2258.6
1227990 2258.6
1228000 2256.8
1228010 2255.3
1228020 2255.3
1228030 2253.8
1228040 2252.4
1228050 2252.4
1228060 2251.5
1228070 2250.3
1228080 2250.3
1228090 2249.3
1228100 2247.6
1228110 2247.6
1228120 2246.7
1228130 2245.9
1228140 2245.9
1228150 2244.7
1228160 2242.9
1228170 2242.9
1228180 2240.6
1228190 2238.3
1228200 2238.3
1228210 2236.0
1228220 2235.2
1228230 2234.8
1228240 2234.8
1228250 2234.0
1228260 2232.9
1228270 2232.9
1228280 2232.2
1228290 2231.7
1228300 2231.7
1228310 2231.2
1228320 2229.6
1228330 2229.6
1228340 2227.3
1228350 2225.4
1228360 2225.4
1228370 2221.3
1228380 2219.7
1228390 2219.7
1228400 2218.1
1228410 2216.2
1228420 2216.2
1228430 2214.4
1228440 2213.0
1228450 2213.0
1228460 2212.0
1228470 2210.8
1228480 2209.5
1228490 2209.5
1228500 2209.1
1228510 2208.3
1228520 2208.3
1228530 2207.0
1228540 2205.6
1228550 2205.6
1228560 2203.6
1228570 2201.8
1228580 2201.8
1228590 2200.6
1228600 2199.8
1228610 2199.8
1228620 2198.9
1228630 2198.6
1228640 2198.6
1228650 2198.2
1228660 2197.8
1228670 2197.8
1228680 2197.4
1228690 2197.0
1228700 2197.0
1228710 2196.5
1228720 2195.6
1228730 2195.6
1228740 2194.8
1228750 2193.7
1228760 2192.2
1228770 2192.2
1228780 2190.5
1228790 2188.7
1228800 2188.7
1228810 2186.9
1228820 2185.4
1228830 2185.4
1228840 2183.7
1228850 2181.9
1228860 2172.9
1228870 2171.3
1228880 2169.9
1228890 2169.9
1228900 2168.2
1228910 2166.9
1228920 2166.9
1228930 2166.3
1228940 2166.7
1228950 2166.7
1228960 2166.5
1228970 2164.9
1228980 2164.9
1228990 2164.0
1229000 2162.9
1229010 2161.7
1229020 2161.7
1229030 2160.8
1229040 2159.3
1229050 2159.3
1229060 2156.6
1229070 2154.5
1229080 2154.5
1229090 2152.4
1229100 2150.4
1229110 2150.4
1229120 2148.3
1229130 2146.9
1229140 2146.9
1229150 2145.6
1229160 2143.7
1229170 2143.7
1229180 2141.6
1229190 2139.6
1229200 2139.6
1229210 2137.3
1229220 2135.1
1229230 2135.1
1229240 2133.0
1229250 2130.6
1229260 2127.8
1229270 2127.8
1229280 2124.9
1229290 2121.5
1229300 2121.5
1229310 2118.2
1229320 2114.2
1229330 2114.2
1229340 2111.5
1229350 2108.1
1229360 2103.9
1229370 2100.1
1229380 2096.5
1229390 2096.5
1229400 2092.6
1229410 2088.7
1229420 2088.7
1229430 2085.9
1229440 2082.4
1229450 2082.4
1229460 2077.0
1229470 2072.8
1229480 2072.8
1229490 2068.2
1229500 2062.3
1229510 2056.8
1229520 2056.8
1229530 2052.4
1229540 2048.9
1229550 2048.9
1229560 2045.4
1229570 2040.0
1229580 2040.0
1229590 2033.4
1229600 2027.0
1229610 2027.0
1229620 2021.6
1229630 2019.3
1229640 2019.3
1229650 2017.1
1229660 2012.8
1229670 2012.8
1229680 2008.7
1229690 2004.3
1229700 2004.3
1229710 2000.0
1229720 1996.4
1229730 1996.4
1229740 1993.0
1229750 1989.8
1229760 1987.0
1229770 1987.0
1229780 1984.3
1229790 1981.3
1229800 1981.3
1229810 1978.4
1229820 1974.4
1229830 1974.4
1229840 1970.2
1229850 1967.0
1229860 1963.0
1229870 1959.7
1229880 1955.6
1229890 1955.6
1229900 1950.7
1229910 1947.2
1229920 1947.2
1229930 1945.4
1229940 1944.3
1229950 1944.3
1229960 1942.1
1229970 1939.9
1229980 1939.9
1229990 1937.2
1230000 1934.1
1230010 1930.5
1230020 1930.5
1230030 1927.3
1230040 1924.4
1230050 1924.4
1230060 1922.1
1230070 1920.7
1230080 1920.7
1230090 1919.4
1230100 1917.1
1230110 1917.1
1230120 1913.0
1230130 1908.4
1230140 1908.4
1230150 1904.5
1230160 1901.5
1230170 1901.5
1230180 1899.2
1230190 1896.9
1230200 1896.9
1230210 1894.9
1230220 1894.1
1230230 1894.1
1230240 1893.9
1230250 1893.2
1230260 1891.8
1230270 1891.8
1230280 1890.0
1230290 1888.1
1230300 1888.1
1230310 1885.9
1230320 1883.8
1230330 1883.8
1230340 1881.8
1230350 1879.7
1230360 1877.1
1230370 1875.5
1230380 1873.9
1230390 1873.9
1230400 1872.2
1230410 1870.5
1230420 1870.5
1230430 1868.7
1230440 1867.4
1230450 1867.4
1230460 1866.4
1230470 1864.8
1230480 1864.8
1230490 1863.0
1230500 1861.4
1230510 1860.5
1230520 1860.5
1230530 1859.5
1230540 1858.6
1230550 1858.6
1230560 1858.0
1230570 1857.1
1230580 1857.1
1230590 1856.4
1230600 1855.3
1230610 1855.3
1230620 1854.5
1230630 1854.5
1230640 1854.5
1230650 1855.0
1230660 1856.0
1230670 1856.0
1230680 1857.3
1230690 1858.8
1230700 1858.8
1230710 1859.5
1230720 1859.6
1230730 1859.6
1230740 1859.8
1230750 1859.4
1230760 1858.7
1230770 1858.7
1230780 1856.5
1230790 1854.0
1230800 1854.0
1230810 1854.1
1230820 1855.0
1230830 1855.0
1230840 1855.0
1230850 1856.0
1230860 1851.3
1230870 1852.0
1230880 1852.9
1230890 1852.9
1230900 1854.1
1230910 1855.2
1230920 1855.2
1230930 1856.2
1230940 1856.5
1230950 1856.5
1230960 1856.2
1230970 1856.7
1230980 1856.7
1230990 1858.1
1231000 1860.4
1231010 1861.6
1231020 1861.6
1231030 1862.1
1231040 1862.4
1231050 1862.4
1231060 1861.8
1231070 1861.7
1231080 1861.7
1231090 1862.4
1231100 1863.2
1231110 1863.2
1231120 1864.9
1231130 1864.7
1231140 1864.7
1231150 1865.9
1231160 1864.6
1231170 1864.6
1231180 1863.6
1231190 1864.3
1231200 1864.3
1231210 1864.0
1231220 1865.4
1231230 1865.4
1231240 1867.0
1231250 1867.9
1231260 1869.7
1231270 1869.7
1231280 1871.3
1231290 1873.0
1231300 1873.0
1231310 1872.9
1231320 1875.0
1231330 1875.0
1231340 1879.1
1231350 1881.3
1231360 1874.7
1231370 1877.0
1231380 1878.3
1231390 1878.3
1231400 1878.3
1231410 1877.3
1231420 1877.3
1231430 1877.8
1231440 1880.0
1231450 1880.0
1231460 1882.5
1231470 1885.5
1231480 1885.5
1231490 1888.6
1231500 1891.3
1231510 1891.3
1231520 1894.2
1231530 1897.7
1231540 1900.5
1231550 1900.5
1231560 1901.0
1231570 1899.9
1231580 1899.9
1231590 1898.8
1231600 1899.0
1231610 1899.0
1231620 1900.6
1231630 1902.3
1231640 1902.3
1231650 1904.8
1231660 1907.6
1231670 1907.6
1231680 1911.0
1231690 1913.7
1231700 1913.7
1231710 1916.2
1231720 1918.8
1231730 1918.8
1231740 1921.6
1231750 1923.7
1231760 1923.7
1231770 1924.4
1231780 1928.0
1231790 1930.0
1231800 1930.0
1231810 1931.5
1231820 1933.1
1231830 1933.1
1231840 1934.7
1231850 1936.1
1231860 1936.1
1231870 1929.4
1231880 1931.0
1231890 1931.0
1231900 1931.0
1231910 1926.7
1231920 1926.7
1231930 1924.7
1231940 1930.2
1231950 1930.2
1231960 1936.2
1231970 1942.0
1231980 1942.0
1231990 1945.6
1232000 1947.6
1232010 1947.6
1232020 1949.3
1232030 1950.3
1232040 1951.8
1232050 1951.8
1232060 1954.5
1232070 1957.4
1232080 1957.4
1232090 1960.1
1232100 1962.2
1232110 1962.2
1232120 1963.9
1232130 1963.8
1232140 1963.8
1232150 1962.1
1232160 1964.7
1232170 1964.7
1232180 1969.1
1232190 1972.7
1232200 1972.7
1232210 1976.6
1232220 1980.6
1232230 1980.6
1232240 1984.4
1232250 1987.1
1232260 1987.1
1232270 1988.1
1232280 1988.9
1232290 1990.6
1232300 1990.6
1232310 1992.9
1232320 1993.1
1232330 1993.1
1232340 1992.4
1232350 1991.0
1232360 1991.0
1232370 1981.8
1232380 1977.5
1232390 1977.5
1232400 1973.8
1232410 1974.4
1232420 1974.4
1232430 1975.0
1232440 1974.5
1232450 1974.5
1232460 1974.3
1232470 1976.1
1232480 1976.1
1232490 1978.0
1232500 1978.5
1232510 1978.5
1232520 1981.0
1232530 1985.4
1232540 1987.5
1232550 1987.5
1232560 1990.8
1232570 1994.3
1232580 1994.3
1232590 2000.7
1232600 2005.7
1232610 2005.7
1232620 2013.1
1232630 2016.6
1232640 2016.6
1232650 2018.7
1232660 2021.9
1232670 2021.9
1232680 2025.0
1232690 2027.3
1232700 2027.3
1232710 2030.7
1232720 2034.5
1232730 2034.5
1232740 2037.2
1232750 2038.1
1232760 2038.1
1232770 2041.2
1232780 2045.7
1232790 2048.6
1232800 2048.6
1232810 2052.2
1232820 2056.8
1232830 2056.8
1232840 2062.0
1232850 2066.9
1232860 2066.9
1232870 2063.2
1232880 2063.8
1232890 2063.8
1232900 2062.3
1232910 2060.9
1232920 2060.9
1232930 2062.8
1232940 2067.1
1232950 2067.1
1232960 2070.6
1232970 2073.5
1232980 2073.5
1232990 2075.6
1233000 2077.8
1233010 2077.8
1233020 2080.5
1233030 2083.4
1233040 2086.0
1233050 2086.0
1233060 2086.4
1233070 2083.7
1233080 2083.7
1233090 2083.0
1233100 2084.8
1233110 2084.8
1233120 2089.5
1233130 2097.8
1233140 2097.8
1233150 2103.9
1233160 2107.3
1233170 2107.3
1233180 2106.5
1233190 2105.9
1233200 2105.9
1233210 2107.1
1233220 2110.8
1233230 2110.8
1233240 2118.2
1233250 2127.5
1233260 2127.5
1233270 2135.7
1233280 2142.7
1233290 2150.4
1233300 2150.4
1233310 2157.9
1233320 2164.8
1233330 2164.8
1233340 2172.8
1233350 2179.8
1233360 2179.8
1233370 2183.7
1233380 2182.3
1233390 2182.3
1233400 2190.0
1233410 2197.8
1233420 2197.8
1233430 2205.0
1233440 2211.0
1233450 2211.0
1233460 2217.8
1233470 2223.9
1233480 2223.9
1233490 2226.2
1233500 2229.7
1233510 2229.7
1233520 2233.0
1233530 2233.5
1233540 2234.3
1233550 2234.3
1233560 2235.6
1233570 2241.2
1233580 2241.2
1233590 2246.0
1233600 2252.2
1233610 2252.2
1233620 2258.6
1233630 2261.4
1233640 2261.4
1233650 2265.3
1233660 2265.1
1233670 2265.1
1233680 2262.7
1233690 2260.5
1233700 2260.5
1233710 2259.9
1233720 2260.9
1233730 2260.9
1233740 2266.9
1233750 2271.1
1233760 2271.1
1233770 2274.5
1233780 2281.1
1233790 2282.8
1233800 2282.8
1233810 2278.3
1233820 2271.6
1233830 2271.6
1233840 2269.2
1233850 2277.3
1233860 2277.3
1233870 2292.2
1233880 2300.1
1233890 2289.9
1233900 2295.0
1233910 2295.0
1233920 2295.0
1233930 2298.9
1233940 2303.4
1233950 2303.4
1233960 2303.7
1233970 2300.1
1233980 2300.1
1233990 2296.9
1234000 2291.7
1234010 2291.7
1234020 2286.6
1234030 2286.6
1234040 2287.6
1234050 2287.6
1234060 2288.6
1234070 2291.1
1234080 2291.1
1234090 2290.7
1234100 2291.1
1234110 2291.1
1234120 2289.3
1234130 2287.4
1234140 2287.4
1234150 2288.4
1234160 2290.8
1234170 2290.8
1234180 2296.6
1234190 2303.6
1234200 2303.6
1234210 2311.9
1234220 2320.5
1234230 2320.5
1234240 2329.6
1234250 2341.0
1234260 2341.0
1234270 2345.9
1234280 2349.8
1234290 2349.8
1234300 2355.8
1234310 2363.3
1234320 2370.9
1234330 2370.9
1234340 2377.5
1234350 2384.0
1234360 2384.0
1234370 2390.5
1234380 2396.6
1234390 2393.2
1234400 2398.2
1234410 2401.1
1234420 2401.1
1234430 2403.2
1234440 2404.9
1234450 2404.9
1234460 2407.2
1234470 2407.8
1234480 2407.8
1234490 2409.2
1234500 2410.3
1234510 2410.3
1234520 2410.3
1234530 2410.9
1234540 2410.9
1234550 2412.4
1234560 2414.2
1234570 2416.9
1234580 2416.9
1234590 2420.3
1234600 2424.1
1234610 2424.1
1234620 2428.1
1234630 2431.6
1234640 2431.6
1234650 2434.9
1234660 2438.8
1234670 2438.8
1234680 2442.6
1234690 2446.9
1234700 2446.9
1234710 2450.4
1234720 2453.5
1234730 2453.5
1234740 2457.0
1234750 2461.0
1234760 2461.0
1234770 2465.7
1234780 2470.1
1234790 2470.1
1234800 2474.0
1234810 2477.4
1234820 2480.9
1234830 2480.9
1234840 2484.2
1234850 2486.9
1234860 2486.9
1234870 2490.2
1234880 2493.6
1234890 2493.6
1234900 2489.7
1234910 2490.4
1234920 2490.4
1234930 2493.0
1234940 2496.9
1234950 2496.9
1234960 2501.0
1234970 2503.9
1234980 2503.9
1234990 2508.5
1235000 2520.1
1235010 2520.1
1235020 2526.0
1235030 2525.4
1235040 2525.4
1235050 2525.8
1235060 2531.3
1235070 2542.2
1235080 2542.2
1235090 2550.9
1235100 2560.4
1235110 2560.4
1235120 2563.7
1235130 2555.3
1235140 2555.3
1235150 2543.0
1235160 2546.5
1235170 2546.5
1235180 2549.6
1235190 2540.4
1235200 2540.4
1235210 2532.2
1235220 2534.5
1235230 2534.5
1235240 2537.4
1235250 2544.4
1235260 2544.4
1235270 2547.5
1235280 2539.2
1235290 2539.2
1235300 2549.1
1235310 2569.0
1235320 2585.0
1235330 2585.0
1235340 2595.0
1235350 2598.9
1235360 2598.9
1235370 2597.2
1235380 2601.1
1235390 2601.1
1235400 2596.5
1235410 2580.7
1235420 2580.7
1235430 2566.2
1235440 2566.9
1235450 2566.9
1235460 2574.8
1235470 2583.8
1235480 2583.8
1235490 2582.7
1235500 2573.9
1235510 2573.9
1235520 2573.0
1235530 2583.7
1235540 2583.7
1235550 2597.2
1235560 2599.7
1235570 2592.6
1235580 2592.6
1235590 2581.1
1235600 2577.7
1235610 2577.7
1235620 2584.5
1235630 2598.9
1235640 2598.9
1235650 2608.9
1235660 2607.4
1235670 2607.4
1235680 2609.5
1235690 2617.0
1235700 2617.0
1235710 2629.4
1235720 2641.0
1235730 2641.0
1235740 2649.0
1235750 2650.2
1235760 2650.2
1235770 2646.1
1235780 2647.6
1235790 2647.6
1235800 2658.2
1235810 2663.8
1235820 2657.5
1235830 2657.5
1235840 2661.2
1235850 2678.4
1235860 2678.4
1235870 2674.6
1235880 2667.4
1235890 2667.4
1235900 2666.1
1235910 2668.4
1235920 2662.3
1235930 2671.9
1235940 2681.1
1235950 2681.1
1235960 2680.9
1235970 2676.6
1235980 2676.6
1235990 2673.5
1236000 2667.3
1236010 2667.3
1236020 2663.7
1236030 2664.1
1236040 2664.1
1236050 2664.4
1236060 2661.0
1236070 2660.1
1236080 2660.1
1236090 2662.7
1236100 2667.9
1236110 2667.9
1236120 2664.8
1236130 2664.7
1236140 2664.7
1236150 2669.9
1236160 2678.2
1236170 2678.2
1236180 2682.7
1236190 2684.6
1236200 2684.6
1236210 2682.8
1236220 2678.5
1236230 2678.5
1236240 2673.1
1236250 2668.0
1236260 2668.0
1236270 2664.2
1236280 2659.9
1236290 2659.9
1236300 2654.3
1236310 2648.4
1236320 2642.0
1236330 2642.0
1236340 2634.5
1236350 2627.2
1236360 2627.2
1236370 2619.8
1236380 2612.2
1236390 2612.2
1236400 2605.1
1236410 2597.2
1236420 2597.2
1236430 2588.0
1236440 2582.2
1236450 2582.2
1236460 2577.5
1236470 2573.0
1236480 2573.0
1236490 2569.6
1236500 2568.7
1236510 2568.7
1236520 2567.2
1236530 2565.9
1236540 2565.9
1236550 2565.4
1236560 2565.4
1236570 2564.7
1236580 2564.7
1236590 2563.7
1236600 2562.6
1236610 2562.6
1236620 2560.9
1236630 2558.4
1236640 2558.4
1236650 2555.9
1236660 2553.0
1236670 2553.0
1236680 2550.5
1236690 2548.6
1236700 2548.6
1236710 2547.1
1236720 2545.3
1236730 2545.3
1236740 2543.7
1236750 2542.5
1236760 2542.5
1236770 2541.3
1236780 2540.0
1236790 2540.0
1236800 2538.9
1236810 2537.5
1236820 2537.5
1236830 2535.9
1236840 2534.3
1236850 2532.6
1236860 2532.6
1236870 2531.3
1236880 2529.9
1236890 2529.9
1236900 2528.4
1236910 2526.8
1236920 2526.8
1236930 2525.2
1236940 2524.0
1236950 2517.4
1236960 2516.4
1236970 2515.6
1236980 2515.6
1236990 2514.8
1237000 2514.2
1237010 2514.2
1237020 2514.6
1237030 2513.9
1237040 2513.9
1237050 2511.9
1237060 2510.0
1237070 2510.0
1237080 2507.8
1237090 2505.5
1237100 2503.5
1237110 2503.5
1237120 2499.8
1237130 2494.9
1237140 2494.9
1237150 2489.0
1237160 2482.0
1237170 2482.0
1237180 2475.2
1237190 2469.2
1237200 2469.2
1237210 2463.6
1237220 2459.2
1237230 2459.2
1237240 2455.8
1237250 2452.9
1237260 2452.9
1237270 2445.0
1237280 2441.5
1237290 2441.5
1237300 2439.5
1237310 2434.8
1237320 2434.8
1237330 2432.2
1237340 2431.3
1237350 2429.9
1237360 2429.9
1237370 2426.0
1237380 2423.3
1237390 2423.3
1237400 2421.7
1237410 2424.4
1237420 2424.4
1237430 2428.0
1237440 2431.0
1237450 2431.0
1237460 2432.8
1237470 2431.7
1237480 2431.7
1237490 2431.5
1237500 2432.6
1237510 2432.6
1237520 2434.1
1237530 2433.7
1237540 2433.7
1237550 2429.6
1237560 2426.2
1237570 2426.2
1237580 2427.0
1237590 2430.0
1237600 2432.2
1237610 2432.2
1237620 2434.7
1237630 2439.7
1237640 2439.7
1237650 2445.8
1237660 2452.4
1237670 2452.4
1237680 2463.4
1237690 2474.3
1237700 2474.3
1237710 2483.7
1237720 2492.4
1237730 2492.4
1237740 2500.9
1237750 2507.6
1237760 2507.6
1237770 2513.0
1237780 2518.8
1237790 2518.8
1237800 2525.0
1237810 2530.9
1237820 2530.9
1237830 2537.2
1237840 2543.3
1237850 2549.7
1237860 2549.7
1237870 2556.0
1237880 2563.2
1237890 2563.2
1237900 2570.7
1237910 2577.0
1237920 2577.0
1237930 2582.2
1237940 2587.4
1237950 2587.4
1237960 2592.4
1237970 2598.4
1237980 2596.0
1237990 2602.2
1238000 2608.8
1238010 2608.8
1238020 2615.2
1238030 2623.1
1238040 2623.1
1238050 2631.7
1238060 2639.7
1238070 2639.7
1238080 2647.4
1238090 2654.8
1238100 2661.9
1238110 2661.9
1238120 2667.7
1238130 2667.4
1238140 2667.4
1238150 2662.0
1238160 2657.8
1238170 2657.8
1238180 2657.9
1238190 2658.5
1238200 2658.5
1238210 2653.9
1238220 2648.4
1238230 2648.4
1238240 2643.0
1238250 2636.3
1238260 2636.3
1238270 2628.9
1238280 2617.7
1238290 2617.7
1238300 2611.3
1238310 2603.3
1238320 2603.3
1238330 2592.4
1238340 2582.6
1238350 2573.8
1238360 2573.8
1238370 2565.9
1238380 2553.7
1238390 2553.7
1238400 2541.5
1238410 2532.8
1238420 2532.8
1238430 2523.9
1238440 2517.1
1238450 2517.1
1238460 2511.1
1238470 2505.5
1238480 2505.5
1238490 2496.4
1238500 2491.8
1238510 2491.8
1238520 2487.6
1238530 2483.8
1238540 2483.8
1238550 2479.4
1238560 2475.5
1238570 2475.5
1238580 2472.4
1238590 2470.4
1238600 2469.3
1238610 2469.3
1238620 2467.9
1238630 2466.7
1238640 2466.7
1238650 2466.5
1238660 2465.3
1238670 2465.3
1238680 2463.7
1238690 2464.0
1238700 2464.0
1238710 2465.4
1238720 2467.1
1238730 2467.1
1238740 2467.8
1238750 2467.1
1238760 2467.1
1238770 2466.4
1238780 2466.4
1238790 2466.4
1238800 2467.1
1238810 2469.6
1238820 2469.6
1238830 2473.7
1238840 2471.7
1238850 2468.2
1238860 2468.2
1238870 2465.6
1238880 2462.7
1238890 2462.7
1238900 2462.3
1238910 2463.2
1238920 2463.2
1238930 2463.0
1238940 2460.3
1238950 2460.3
1238960 2455.5
1238970 2450.7
1238980 2450.7
1238990 2446.9
1239000 2444.8
1239010 2438.5
1239020 2436.7
1239030 2435.9
1239040 2435.9
1239050 2435.5
1239060 2434.5
1239070 2434.5
1239080 2432.1
1239090 2430.0
1239100 2430.2
1239110 2430.2
1239120 2432.5
1239130 2434.4
1239140 2434.4
1239150 2435.2
1239160 2436.1
1239170 2436.1
1239180 2437.0
1239190 2437.4
1239200 2437.4
1239210 2436.7
1239220 2435.2
1239230 2435.2
1239240 2433.1
1239250 2430.6
1239260 2430.6
1239270 2427.2
1239280 2422.6
1239290 2422.6
1239300 2418.6
1239310 2416.0
1239320 2416.0
1239330 2413.8
1239340 2411.2
1239350 2407.5
1239360 2407.5
1239370 2402.8
1239380 2398.8
1239390 2398.8
1239400 2396.4
1239410 2393.4
1239420 2393.4
1239430 2389.3
1239440 2384.7
1239450 2384.7
1239460 2380.0
1239470 2374.2
1239480 2374.2
1239490 2366.3
1239500 2355.0
1239510 2355.0
1239520 2337.2
1239530 2318.2
1239540 2318.2
1239550 2309.8
1239560 2303.8
1239570 2303.8
1239580 2297.9
1239590 2292.6
1239600 2292.6
1239610 2289.4
1239620 2288.6
1239630 2288.5
1239640 2288.5
1239650 2288.3
1239660 2288.3
1239670 2288.3
1239680 2288.3
1239690 2288.3
1239700 2288.3
1239710 2288.3
1239720 2288.3
1239730 2288.3
1239740 2288.3
1239750 2288.5
1239760 2288.5
1239770 2289.8
1239780 2293.1
1239790 2293.1
1239800 2298.2
1239810 2304.3
1239820 2304.3
1239830 2311.0
1239840 2317.9
1239850 2317.9
1239860 2324.7
1239870 2331.2
1239880 2337.5
1239890 2337.5
1239900 2343.9
1239910 2350.4
1239920 2350.4
1239930 2356.8
1239940 2366.5
1239950 2366.5
1239960 2379.8
1239970 2390.6
1239980 2390.6
1239990 2401.9
