1220000 1605.0
1220010 1605.5
1220020 1606.8
1220030 1606.8
1220040 1608.0
1220050 1608.8
1220060 1608.8
1220070 1608.8
1220080 1609.0
1220090 1609.0
1220100 1609.2
1220110 1609.0
1220120 1609.0
1220130 1608.8
1220140 1609.8
1220150 1609.8
1220160 1610.8
1220170 1611.8
1220180 1611.8
1220190 1612.2
1220200 1612.2
1220210 1612.2
1220220 1611.6
1220230 1611.1
1220240 1611.1
1220250 1612.2
1220260 1615.0
1220270 1617.8
1220280 1617.8
1220290 1613.3
1220300 1614.9
1220310 1614.9
1220320 1617.2
1220330 1618.5
1220340 1618.5
1220350 1617.6
1220360 1617.9
1220370 1617.9
1220380 1616.9
1220390 1615.5
1220400 1615.5
1220410 1614.7
1220420 1617.2
1220430 1617.2
1220440 1622.0
1220450 1625.9
1220460 1625.9
1220470 1629.8
1220480 1634.9
1220490 1634.9
1220500 1640.8
1220510 1646.6
1220520 1651.6
1220530 1651.6
1220540 1656.1
1220550 1660.1
1220560 1660.1
1220570 1663.7
1220580 1666.7
1220590 1666.7
1220600 1668.2
1220610 1668.5
1220620 1668.5
1220630 1668.8
1220640 1669.7
1220650 1669.7
1220660 1669.5
1220670 1670.4
1220680 1670.4
1220690 1680.6
1220700 1693.0
1220710 1693.0
1220720 1706.9
1220730 1710.6
1220740 1710.6
1220750 1713.5
1220760 1715.0
1220770 1708.7
1220780 1708.7
1220790 1715.4
1220800 1717.0
1220810 1717.0
1220820 1718.6
1220830 1718.8
1220840 1718.8
1220850 1717.7
1220860 1719.8
1220870 1719.8
1220880 1724.8
1220890 1729.2
1220900 1729.2
1220910 1732.6
1220920 1734.5
1220930 1734.5
1220940 1736.2
1220950 1738.1
1220960 1738.1
1220970 1740.9
1220980 1741.3
1220990 1741.3
1221000 1740.7
1221010 1741.1
1221020 1741.1
1221030 1744.1
1221040 1744.5
1221050 1742.0
1221060 1742.0
1221070 1739.4
1221080 1736.9
1221090 1736.9
1221100 1735.7
1221110 1735.0
1221120 1735.0
1221130 1735.0
1221140 1736.6
1221150 1736.6
1221160 1739.4
1221170 1741.8
1221180 1741.8
1221190 1743.2
1221200 1746.0
1221210 1746.0
1221220 1749.3
1221230 1752.1
1221240 1752.1
1221250 1754.1
1221260 1748.8
1221270 1748.8
1221280 1754.0
1221290 1760.1
1221300 1766.7
1221310 1766.7
1221320 1773.3
1221330 1778.9
1221340 1778.9
1221350 1783.7
1221360 1788.9
1221370 1788.9
1221380 1794.6
1221390 1803.3
1221400 1803.3
1221410 1808.3
1221420 1811.8
1221430 1811.8
1221440 1814.6
1221450 1819.9
1221460 1819.9
1221470 1820.8
1221480 1816.6
1221490 1816.6
1221500 1814.5
1221510 1817.9
1221520 1817.9
1221530 1819.0
1221540 1820.2
1221550 1823.9
1221560 1823.9
1221570 1827.7
1221580 1831.1
1221590 1831.1
1221600 1835.3
1221610 1840.7
1221620 1840.7
1221630 1845.0
1221640 1845.6
1221650 1845.6
1221660 1845.3
1221670 1849.1
1221680 1849.1
1221690 1851.9
1221700 1853.1
1221710 1853.1
1221720 1854.7
1221730 1855.9
1221740 1850.0
1221750 1853.1
1221760 1858.4
1221770 1858.4
1221780 1865.0
1221790 1870.7
1221800 1873.5
1221810 1873.5
1221820 1875.6
1221830 1876.9
1221840 1876.9
1221850 1875.9
1221860 1875.5
1221870 1875.5
1221880 1877.4
1221890 1881.5
1221900 1881.5
1221910 1886.6
1221920 1891.3
1221930 1891.3
1221940 1896.0
1221950 1901.0
1221960 1901.0
1221970 1905.1
1221980 1907.0
1221990 1907.0
1222000 1908.3
1222010 1909.8
1222020 1909.8
1222030 1912.6
1222040 1916.1
1222050 1919.9
1222060 1919.9
1222070 1923.6
1222080 1925.5
1222090 1925.5
1222100 1926.4
1222110 1928.4
1222120 1928.4
1222130 1931.0
1222140 1933.7
1222150 1933.7
1222160 1936.2
1222170 1938.3
1222180 1938.3
1222190 1943.4
1222200 1948.8
1222210 1948.8
1222220 1945.5
1222230 1949.8
1222240 1949.8
1222250 1955.4
1222260 1961.6
1222270 1961.6
1222280 1966.2
1222290 1969.6
1222300 1971.3
1222310 1971.3
1222320 1965.5
1222330 1960.1
1222340 1960.1
1222350 1966.3
1222360 1978.4
1222370 1978.4
1222380 1991.0
1222390 2004.1
1222400 2004.1
1222410 2013.5
1222420 2021.5
1222430 2021.5
1222440 2029.7
1222450 2036.4
1222460 2036.4
1222470 2040.2
1222480 2044.4
1222490 2044.4
1222500 2049.0
1222510 2052.5
1222520 2052.5
1222530 2057.9
1222540 2064.2
1222550 2064.2
1222560 2069.9
1222570 2077.3
1222580 2083.6
1222590 2083.6
1222600 2088.0
1222610 2091.3
1222620 2091.3
1222630 2094.6
1222640 2097.7
1222650 2097.7
1222660 2102.5
1222670 2108.6
1222680 2108.6
1222690 2115.3
1222700 2120.5
1222710 2110.8
1222720 2115.2
1222730 2115.8
1222740 2115.8
1222750 2118.4
1222760 2121.8
1222770 2121.8
1222780 2125.0
1222790 2130.1
1222800 2130.1
1222810 2136.3
1222820 2140.5
1222830 2145.0
1222840 2145.0
1222850 2152.3
1222860 2159.1
1222870 2159.1
1222880 2165.7
1222890 2171.1
1222900 2171.1
1222910 2174.6
1222920 2178.4
1222930 2178.4
1222940 2183.6
1222950 2194.2
1222960 2194.2
1222970 2202.7
1222980 2207.8
1222990 2207.8
1223000 2211.7
1223010 2215.8
1223020 2215.8
1223030 2220.8
1223040 2226.3
1223050 2226.3
1223060 2232.0
1223070 2237.2
1223080 2242.2
1223090 2242.2
1223100 2247.5
1223110 2252.9
1223120 2252.9
1223130 2258.4
1223140 2263.5
1223150 2263.5
1223160 2268.9
1223170 2274.4
1223180 2274.4
1223190 2278.9
1223200 2285.3
1223210 2285.3
1223220 2292.4
1223230 2298.9
1223240 2298.9
1223250 2304.1
1223260 2308.7
1223270 2308.7
1223280 2312.1
1223290 2315.4
1223300 2315.4
1223310 2320.3
1223320 2323.8
1223330 2326.2
1223340 2326.2
1223350 2329.0
1223360 2331.9
1223370 2331.9
1223380 2335.0
1223390 2338.8
1223400 2338.8
1223410 2343.4
1223420 2348.4
1223430 2348.4
1223440 2353.9
1223450 2359.9
1223460 2359.9
1223470 2366.0
1223480 2372.2
1223490 2372.2
1223500 2382.2
1223510 2394.0
1223520 2394.0
1223530 2407.3
1223540 2419.2
1223550 2419.2
1223560 2428.0
1223570 2436.6
1223580 2441.3
1223590 2441.3
1223600 2445.6
1223610 2450.9
1223620 2450.9
1223630 2455.9
1223640 2461.0
1223650 2461.0
1223660 2467.3
1223670 2473.7
1223680 2477.1
1223690 2483.0
1223700 2489.7
1223710 2489.7
1223720 2496.3
1223730 2504.0
1223740 2504.0
1223750 2513.7
1223760 2521.8
1223770 2521.8
1223780 2526.9
1223790 2532.3
1223800 2532.3
1223810 2538.1
1223820 2545.1
1223830 2551.6
1223840 2551.6
1223850 2559.2
1223860 2564.7
1223870 2564.7
1223880 2570.9
1223890 2576.1
1223900 2576.1
1223910 2581.5
1223920 2587.4
1223930 2587.4
1223940 2593.3
1223950 2599.5
1223960 2599.5
1223970 2606.0
1223980 2612.6
1223990 2612.6
1224000 2619.0
1224010 2626.1
1224020 2626.1
1224030 2632.8
1224040 2639.6
1224050 2639.6
1224060 2646.2
1224070 2653.3
1224080 2653.3
1224090 2660.4
1224100 2667.3
1224110 2674.3
1224120 2674.3
1224130 2681.5
1224140 2688.3
1224150 2688.3
1224160 2694.7
1224170 2702.2
1224180 2702.2
1224190 2708.1
1224200 2714.2
1224210 2714.2
1224220 2720.5
1224230 2726.7
1224240 2726.7
1224250 2732.8
1224260 2738.4
1224270 2738.4
1224280 2743.5
1224290 2748.2
1224300 2748.2
1224310 2750.6
1224320 2750.0
1224330 2750.0
1224340 2742.3
1224350 2735.3
1224360 2734.0
1224370 2734.0
1224380 2725.2
1224390 2718.1
1224400 2718.1
1224410 2714.4
1224420 2708.3
1224430 2708.3
1224440 2699.5
1224450 2689.5
1224460 2689.5
1224470 2680.2
1224480 2675.7
1224490 2675.7
1224500 2674.4
1224510 2670.4
1224520 2670.4
1224530 2670.4
1224540 2666.8
1224550 2666.8
1224560 2659.2
1224570 2649.5
1224580 2649.5
1224590 2640.5
1224600 2641.9
1224610 2637.2
1224620 2637.2
1224630 2630.5
1224640 2626.2
1224650 2626.2
1224660 2615.8
1224670 2612.0
1224680 2612.0
1224690 2610.3
1224700 2606.7
1224710 2606.7
1224720 2603.9
1224730 2603.5
1224740 2603.5
1224750 2602.7
1224760 2600.1
1224770 2600.1
1224780 2598.3
1224790 2597.3
1224800 2597.3
1224810 2598.7
1224820 2601.5
1224830 2601.5
1224840 2606.4
1224850 2613.9
1224860 2630.9
1224870 2630.9
1224880 2643.5
1224890 2654.0
1224900 2654.0
1224910 2665.4
1224920 2664.5
1224930 2664.5
1224940 2658.2
1224950 2648.5
1224960 2648.5
1224970 2641.7
1224980 2636.4
1224990 2636.4
1225000 2632.1
1225010 2627.9
1225020 2627.9
1225030 2623.7
1225040 2619.3
1225050 2619.3
1225060 2615.0
1225070 2610.5
1225080 2610.5
1225090 2605.9
1225100 2602.0
1225110 2597.4
1225120 2597.4
1225130 2592.2
1225140 2586.6
1225150 2593.3
1225160 2587.9
1225170 2581.8
1225180 2581.8
1225190 2575.6
1225200 2568.5
1225210 2568.5
1225220 2560.2
1225230 2552.4
1225240 2552.4
1225250 2545.6
1225260 2540.2
1225270 2540.2
1225280 2536.5
1225290 2533.1
1225300 2533.1
1225310 2529.4
1225320 2526.0
1225330 2526.0
1225340 2523.3
1225350 2521.6
1225360 2520.4
1225370 2520.4
1225380 2518.1
1225390 2515.1
1225400 2515.1
1225410 2511.5
1225420 2509.6
1225430 2509.6
1225440 2508.1
1225450 2506.0
1225460 2506.0
1225470 2503.2
1225480 2499.8
1225490 2499.8
1225500 2496.4
1225510 2494.1
1225520 2494.1
1225530 2493.1
1225540 2490.6
1225550 2490.6
1225560 2487.0
1225570 2484.0
1225580 2484.0
1225590 2481.7
1225600 2479.0
1225610 2479.0
1225620 2475.3
1225630 2470.7
1225640 2463.2
1225650 2463.2
1225660 2460.1
1225670 2459.0
1225680 2459.0
1225690 2457.4
1225700 2455.3
1225710 2455.3
1225720 2453.8
1225730 2451.7
1225740 2451.7
1225750 2449.5
1225760 2447.6
1225770 2447.6
1225780 2444.6
1225790 2441.1
1225800 2441.1
1225810 2439.2
1225820 2437.0
1225830 2437.0
1225840 2434.4
1225850 2431.9
1225860 2431.9
1225870 2428.6
1225880 2425.1
1225890 2421.4
1225900 2421.4
1225910 2418.8
1225920 2416.9
1225930 2416.9
1225940 2416.7
1225950 2416.7
1225960 2416.7
1225970 2416.7
1225980 2416.7
1225990 2416.7
1226000 2416.7
1226010 2416.7
1226020 2416.7
1226030 2416.7
1226040 2416.7
1226050 2416.7
1226060 2416.7
1226070 2416.7
1226080 2416.7
1226090 2416.7
1226100 2416.7
1226110 2416.7
1226120 2416.7
1226130 2416.7
1226140 2416.7
1226150 2416.7
1226160 2416.7
1226170 2416.7
1226180 2416.7
1226190 2417.6
1226200 2419.8
1226210 2419.8
1226220 2422.4
1226230 2424.6
1226240 2424.6
1226250 2425.9
1226260 2426.8
1226270 2426.8
1226280 2428.5
1226290 2429.5
1226300 2429.5
1226310 2429.5
1226320 2430.4
1226330 2430.4
1226340 2431.8
1226350 2433.3
1226360 2433.3
1226370 2434.9
1226380 2437.3
1226390 2439.2
1226400 2439.2
1226410 2441.0
1226420 2442.4
1226430 2442.4
1226440 2442.7
1226450 2443.1
1226460 2443.1
1226470 2445.1
1226480 2448.6
1226490 2448.6
1226500 2451.6
1226510 2453.3
1226520 2453.3
1226530 2456.7
1226540 2458.8
1226550 2458.8
1226560 2461.8
1226570 2467.1
1226580 2467.1
1226590 2472.2
1226600 2476.1
1226610 2476.1
1226620 2469.9
1226630 2469.9
1226640 2471.2
1226650 2471.2
1226660 2477.3
1226670 2480.3
1226680 2480.3
1226690 2483.2
1226700 2485.7
1226710 2485.7
1226720 2487.1
1226730 2491.3
1226740 2491.3
1226750 2492.8
1226760 2486.6
1226770 2486.6
1226780 2476.9
1226790 2467.4
1226800 2467.4
1226810 2461.6
1226820 2456.8
1226830 2456.8
1226840 2452.4
1226850 2448.6
1226860 2448.6
1226870 2446.2
1226880 2446.2
1226890 2446.6
1226900 2446.6
1226910 2446.6
1226920 2445.5
1226930 2445.5
1226940 2444.7
1226950 2444.3
1226960 2444.3
1226970 2443.9
1226980 2443.2
1226990 2443.2
1227000 2442.3
1227010 2441.5
1227020 2441.5
1227030 2440.2
1227040 2438.3
1227050 2438.3
1227060 2438.2
1227070 2439.3
1227080 2439.3
1227090 2439.8
1227100 2440.9
1227110 2440.9
1227120 2440.0
1227130 2440.6
1227140 2441.5
1227150 2441.5
1227160 2441.9
1227170 2442.0
1227180 2442.0
1227190 2442.9
1227200 2445.0
1227210 2445.0
1227220 2446.7
1227230 2448.6
1227240 2448.6
1227250 2449.4
1227260 2449.3
1227270 2449.3
1227280 2449.3
1227290 2449.3
1227300 2449.3
1227310 2450.0
1227320 2451.9
1227330 2451.9
1227340 2453.1
1227350 2454.1
1227360 2454.1
1227370 2455.5
1227380 2456.2
1227390 2456.2
1227400 2456.4
1227410 2458.0
1227420 2460.6
1227430 2460.6
1227440 2462.4
1227450 2464.5
1227460 2464.5
1227470 2467.5
1227480 2470.7
1227490 2470.7
1227500 2474.1
1227510 2477.5
1227520 2477.5
1227530 2480.5
1227540 2482.7
1227550 2482.7
1227560 2484.6
1227570 2487.9
1227580 2487.9
1227590 2492.0
1227600 2495.5
1227610 2490.4
1227620 2492.5
1227630 2492.8
1227640 2492.8
1227650 2491.4
1227660 2491.0
1227670 2492.4
1227680 2492.4
1227690 2493.9
1227700 2495.9
1227710 2495.9
1227720 2498.3
1227730 2500.6
1227740 2500.6
1227750 2502.7
1227760 2504.2
1227770 2504.2
1227780 2504.9
1227790 2505.1
1227800 2505.1
1227810 2506.5
1227820 2508.4
1227830 2508.4
1227840 2512.6
1227850 2513.2
1227860 2513.2
1227870 2516.3
1227880 2519.4
1227890 2519.4
1227900 2521.9
1227910 2522.7
1227920 2522.7
1227930 2522.7
1227940 2523.3
1227950 2524.1
1227960 2524.1
1227970 2524.0
1227980 2520.9
1227990 2520.9
1228000 2518.6
1228010 2513.7
1228020 2513.7
1228030 2508.3
1228040 2505.9
1228050 2505.9
1228060 2505.3
1228070 2505.2
1228080 2505.2
1228090 2506.2
1228100 2506.4
1228110 2500.7
1228120 2501.8
1228130 2503.1
1228140 2503.1
1228150 2503.9
1228160 2505.2
1228170 2507.5
1228180 2507.5
1228190 2509.8
1228200 2513.4
1228210 2513.4
1228220 2517.7
1228230 2522.9
1228240 2522.9
1228250 2527.6
1228260 2533.9
1228270 2533.9
1228280 2540.2
1228290 2545.7
1228300 2545.7
1228310 2554.7
1228320 2564.2
1228330 2564.2
1228340 2573.2
1228350 2585.7
1228360 2585.7
1228370 2595.1
1228380 2602.5
1228390 2602.5
1228400 2605.8
1228410 2610.6
1228420 2614.9
1228430 2614.9
1228440 2622.2
1228450 2627.8
1228460 2627.8
1228470 2632.4
1228480 2636.2
1228490 2636.2
1228500 2639.5
1228510 2642.3
1228520 2642.3
1228530 2645.0
1228540 2647.6
1228550 2647.6
1228560 2649.4
1228570 2650.2
1228580 2650.2
1228590 2650.1
1228600 2642.8
1228610 2642.8
1228620 2641.5
1228630 2640.1
1228640 2640.1
1228650 2639.6
1228660 2640.7
1228670 2643.0
1228680 2643.0
1228690 2645.4
1228700 2648.6
1228710 2648.6
1228720 2651.5
1228730 2654.4
1228740 2654.4
1228750 2657.4
1228760 2658.3
1228770 2658.3
1228780 2651.0
1228790 2641.7
1228800 2641.7
1228810 2634.5
1228820 2630.9
1228830 2630.9
1228840 2630.7
1228850 2620.1
1228860 2620.1
1228870 2608.3
1228880 2598.7
1228890 2598.7
1228900 2597.3
1228910 2594.8
1228920 2594.8
1228930 2585.0
1228940 2581.1
1228950 2580.6
1228960 2580.6
1228970 2581.3
1228980 2571.3
1228990 2571.3
1229000 2561.4
1229010 2557.8
1229020 2557.8
1229030 2557.4
1229040 2555.0
1229050 2555.0
1229060 2559.1
1229070 2566.2
1229080 2566.2
1229090 2552.5
1229100 2538.0
1229110 2538.0
1229120 2522.3
1229130 2518.5
1229140 2518.5
1229150 2512.7
1229160 2483.2
1229170 2483.2
1229180 2481.3
1229190 2487.0
1229200 2484.9
1229210 2484.9
1229220 2469.2
1229230 2446.0
1229240 2446.0
1229250 2429.5
1229260 2416.8
1229270 2416.8
1229280 2400.7
1229290 2380.5
1229300 2380.5
1229310 2363.6
1229320 2353.8
1229330 2353.8
1229340 2338.4
1229350 2323.3
1229360 2323.3
1229370 2317.5
1229380 2314.0
1229390 2314.0
1229400 2309.3
1229410 2303.7
1229420 2303.7
1229430 2299.1
1229440 2296.3
1229450 2292.8
1229460 2292.8
1229470 2289.1
1229480 2284.8
1229490 2284.8
1229500 2280.6
1229510 2278.1
1229520 2278.1
1229530 2276.2
1229540 2273.6
1229550 2273.6
1229560 2270.1
1229570 2265.7
1229580 2265.7
1229590 2260.7
1229600 2261.1
1229610 2261.1
1229620 2255.4
1229630 2251.0
1229640 2251.0
1229650 2249.8
1229660 2251.2
1229670 2251.2
1229680 2253.4
1229690 2257.7
1229700 2254.0
1229710 2254.0
1229720 2247.2
1229730 2242.1
1229740 2242.1
1229750 2238.7
1229760 2234.2
1229770 2234.2
1229780 2226.5
1229790 2219.8
1229800 2219.8
1229810 2216.5
1229820 2213.9
1229830 2213.9
1229840 2210.9
1229850 2207.9
1229860 2207.9
1229870 2204.0
1229880 2200.3
1229890 2200.3
1229900 2197.2
1229910 2195.1
1229920 2195.1
1229930 2193.2
1229940 2191.7
1229950 2189.3
1229960 2189.3
1229970 2186.3
1229980 2182.4
1229990 2182.4
1230000 2176.5
1230010 2170.1
1230020 2170.1
1230030 2163.2
1230040 2151.3
1230050 2151.3
1230060 2137.1
1230070 2127.8
1230080 2127.8
1230090 2120.3
1230100 2115.4
1230110 2115.4
1230120 2108.4
1230130 2101.9
1230140 2101.9
1230150 2095.8
1230160 2089.4
1230170 2089.4
1230180 2083.2
1230190 2077.2
1230200 2071.3
1230210 2071.3
1230220 2065.3
1230230 2059.8
1230240 2059.8
1230250 2056.5
1230260 2054.8
1230270 2054.8
1230280 2049.5
1230290 2043.0
1230300 2043.0
1230310 2038.1
1230320 2035.2
1230330 2035.2
1230340 2031.6
1230350 2023.5
1230360 2023.5
1230370 2017.1
1230380 2016.9
1230390 2016.9
1230400 2019.4
1230410 2022.1
1230420 2022.1
1230430 2024.0
1230440 2026.5
1230450 2028.5
1230460 2028.5
1230470 2030.6
1230480 2032.9
1230490 2032.9
1230500 2034.7
1230510 2037.0
1230520 2037.0
1230530 2039.1
1230540 2041.1
1230550 2041.1
1230560 2042.7
1230570 2044.5
1230580 2044.5
1230590 2046.4
1230600 2048.2
1230610 2048.2
1230620 2051.2
1230630 2054.3
1230640 2054.3
1230650 2057.3
1230660 2060.6
1230670 2060.6
1230680 2063.8
1230690 2067.1
1230700 2067.1
1230710 2069.8
1230720 2072.4
1230730 2076.1
1230740 2076.1
1230750 2080.9
1230760 2084.3
1230770 2084.3
1230780 2087.2
1230790 2090.4
1230800 2090.4
1230810 2094.4
1230820 2099.0
1230830 2099.0
1230840 2103.9
1230850 2109.7
1230860 2109.7
1230870 2115.7
1230880 2121.4
1230890 2121.4
1230900 2126.7
1230910 2131.9
1230920 2131.9
1230930 2137.3
1230940 2142.7
1230950 2142.7
1230960 2148.4
1230970 2154.5
1230980 2160.6
1230990 2160.6
1231000 2166.8
1231010 2173.0
1231020 2173.0
1231030 2179.2
1231040 2185.9
1231050 2185.9
1231060 2192.7
1231070 2199.4
1231080 2199.4
1231090 2205.6
1231100 2208.4
1231110 2208.4
1231120 2215.4
1231130 2221.8
1231140 2221.8
1231150 2227.4
1231160 2232.7
1231170 2232.7
1231180 2238.0
1231190 2243.1
1231200 2243.1
1231210 2248.0
1231220 2253.0
1231230 2257.6
1231240 2257.6
1231250 2262.3
1231260 2266.9
1231270 2266.9
1231280 2271.4
1231290 2275.6
1231300 2275.6
1231310 2279.2
1231320 2281.9
1231330 2281.9
1231340 2284.1
1231350 2285.5
1231360 2285.5
1231370 2285.0
1231380 2282.2
1231390 2282.2
1231400 2279.7
1231410 2277.2
1231420 2277.2
1231430 2274.8
1231440 2273.1
1231450 2273.1
1231460 2272.4
1231470 2271.7
1231480 2271.3
1231490 2271.3
1231500 2271.4
1231510 2271.3
1231520 2271.3
1231530 2269.8
1231540 2266.2
1231550 2266.2
1231560 2262.7
1231570 2260.1
1231580 2260.1
1231590 2264.8
1231600 2267.5
1231610 2267.5
1231620 2273.2
1231630 2277.8
1231640 2277.8
1231650 2282.6
1231660 2287.4
1231670 2287.4
1231680 2292.2
1231690 2296.6
1231700 2296.6
1231710 2299.0
1231720 2299.4
1231730 2301.1
1231740 2301.1
1231750 2303.3
1231760 2306.7
1231770 2306.7
1231780 2310.4
1231790 2315.2
1231800 2315.2
1231810 2319.8
1231820 2323.0
1231830 2323.0
1231840 2323.9
1231850 2322.7
1231860 2322.7
1231870 2321.3
1231880 2319.7
1231890 2319.7
1231900 2319.2
1231910 2319.5
1231920 2319.5
1231930 2319.6
1231940 2321.3
1231950 2321.3
1231960 2325.6
1231970 2329.7
1231980 2333.7
1231990 2333.7
1232000 2337.9
1232010 2342.0
1232020 2342.0
1232030 2346.4
1232040 2350.5
1232050 2350.5
1232060 2354.0
1232070 2356.6
1232080 2356.6
1232090 2358.5
1232100 2359.2
1232110 2352.1
1232120 2351.9
1232130 2348.8
1232140 2348.8
1232150 2343.1
1232160 2338.2
1232170 2338.2
1232180 2336.7
1232190 2337.0
1232200 2337.0
1232210 2340.5
1232220 2344.2
1232230 2348.3
1232240 2348.3
1232250 2352.1
1232260 2355.7
1232270 2355.7
1232280 2359.3
1232290 2363.2
1232300 2363.2
1232310 2366.5
1232320 2369.1
1232330 2369.1
1232340 2371.2
1232350 2373.6
1232360 2373.6
1232370 2376.3
1232380 2379.8
1232390 2379.8
1232400 2383.6
1232410 2385.5
1232420 2385.5
1232430 2386.5
1232440 2387.9
1232450 2387.9
1232460 2390.1
1232470 2391.7
1232480 2391.7
1232490 2393.1
1232500 2394.5
1232510 2396.2
1232520 2396.2
1232530 2399.7
1232540 2403.0
1232550 2403.0
1232560 2405.3
1232570 2406.5
1232580 2406.5
1232590 2405.6
1232600 2404.8
1232610 2409.6
1232620 2409.7
1232630 2409.2
1232640 2409.2
1232650 2408.9
1232660 2409.0
1232670 2409.0
1232680 2410.3
1232690 2412.4
1232700 2412.4
1232710 2415.0
1232720 2417.0
1232730 2417.0
1232740 2417.5
1232750 2418.3
1232760 2419.6
1232770 2419.6
1232780 2421.8
1232790 2424.9
1232800 2424.9
1232810 2429.2
1232820 2433.4
1232830 2433.4
1232840 2437.0
1232850 2440.0
1232860 2440.0
1232870 2441.8
1232880 2445.2
1232890 2445.2
1232900 2448.5
1232910 2450.9
1232920 2450.9
1232930 2452.4
1232940 2453.4
1232950 2453.4
1232960 2454.1
1232970 2456.5
1232980 2456.5
1232990 2460.8
1233000 2462.9
1233010 2462.3
1233020 2462.3
1233030 2459.3
1233040 2456.3
1233050 2456.3
1233060 2452.5
1233070 2448.5
1233080 2448.5
1233090 2445.9
1233100 2446.5
1233110 2446.5
1233120 2455.0
1233130 2458.4
1233140 2458.4
1233150 2460.2
1233160 2461.0
1233170 2461.0
1233180 2461.4
1233190 2461.3
1233200 2461.3
1233210 2462.0
1233220 2464.0
1233230 2464.0
1233240 2466.5
1233250 2469.2
1233260 2470.7
1233270 2470.7
1233280 2472.0
1233290 2473.9
1233300 2473.9
1233310 2475.3
1233320 2473.1
1233330 2473.1
1233340 2469.6
1233350 2469.0
1233360 2469.0
1233370 2473.2
1233380 2477.5
1233390 2477.5
1233400 2481.9
1233410 2485.2
1233420 2485.2
1233430 2487.8
1233440 2489.5
1233450 2489.5
1233460 2490.9
1233470 2489.4
1233480 2489.4
1233490 2484.5
1233500 2478.0
1233510 2471.1
1233520 2471.1
1233530 2464.3
1233540 2457.6
1233550 2457.6
1233560 2449.3
1233570 2439.9
1233580 2439.9
1233590 2430.8
1233600 2425.0
1233610 2425.0
1233620 2427.6
1233630 2424.4
1233640 2424.4
1233650 2421.9
1233660 2417.1
1233670 2417.1
1233680 2414.8
1233690 2413.8
1233700 2413.8
1233710 2411.5
1233720 2410.7
1233730 2410.7
1233740 2412.8
1233750 2416.1
1233760 2419.3
1233770 2419.3
1233780 2419.0
1233790 2416.2
1233800 2416.2
1233810 2413.8
1233820 2410.7
1233830 2410.7
1233840 2410.4
1233850 2409.3
1233860 2409.3
1233870 2406.6
1233880 2405.4
1233890 2405.4
1233900 2403.5
1233910 2399.6
1233920 2399.6
1233930 2390.6
1233940 2382.6
1233950 2382.6
1233960 2377.6
1233970 2373.4
1233980 2373.4
1233990 2370.0
1234000 2367.4
1234010 2363.4
1234020 2363.4
1234030 2359.2
1234040 2355.4
1234050 2355.4
1234060 2351.2
1234070 2347.5
1234080 2347.5
1234090 2344.4
1234100 2342.3
1234110 2342.3
1234120 2341.4
1234130 2338.1
1234140 2338.1
1234150 2333.7
1234160 2326.9
1234170 2326.9
1234180 2318.8
1234190 2312.4
1234200 2312.4
1234210 2307.8
1234220 2305.3
1234230 2305.3
1234240 2303.6
1234250 2302.4
1234260 2302.4
1234270 2301.2
1234280 2298.6
1234290 2294.8
1234300 2294.8
1234310 2292.5
1234320 2289.9
1234330 2289.9
1234340 2285.9
1234350 2283.4
1234360 2283.4
1234370 2281.3
1234380 2279.9
1234390 2279.9
1234400 2279.7
1234410 2279.6
1234420 2279.6
1234430 2279.1
1234440 2279.1
1234450 2279.1
1234460 2280.3
1234470 2282.0
1234480 2282.0
1234490 2283.6
1234500 2286.2
1234510 2286.2
1234520 2288.3
1234530 2290.3
1234540 2294.9
1234550 2294.9
1234560 2300.8
1234570 2307.2
1234580 2307.2
1234590 2313.9
1234600 2320.7
1234610 2320.7
1234620 2328.1
1234630 2341.9
1234640 2342.2
1234650 2357.8
1234660 2368.2
1234670 2368.2
1234680 2374.9
1234690 2381.4
1234700 2381.4
1234710 2387.3
1234720 2391.1
1234730 2391.1
1234740 2391.9
1234750 2391.1
1234760 2391.1
1234770 2386.9
1234780 2383.4
1234790 2383.3
1234800 2383.3
1234810 2385.1
1234820 2388.1
1234830 2388.1
1234840 2386.8
1234850 2392.1
1234860 2392.1
1234870 2396.7
1234880 2395.9
1234890 2395.9
1234900 2397.1
1234910 2394.5
1234920 2394.5
1234930 2391.6
1234940 2386.9
1234950 2386.9
1234960 2380.7
1234970 2376.0
1234980 2376.0
1234990 2375.9
1235000 2374.7
1235010 2374.7
1235020 2373.2
1235030 2374.5
1235040 2377.0
1235050 2377.0
1235060 2381.1
1235070 2385.6
1235080 2385.6
1235090 2387.4
1235100 2388.1
1235110 2388.1
1235120 2391.1
1235130 2391.2
1235140 2391.2
1235150 2392.5
1235160 2386.8
1235170 2386.8
1235180 2381.8
1235190 2379.3
1235200 2379.3
1235210 2378.5
1235220 2375.4
1235230 2375.4
1235240 2370.6
1235250 2365.7
1235260 2365.7
1235270 2360.3
1235280 2354.6
1235290 2349.6
1235300 2349.6
1235310 2344.8
1235320 2338.5
1235330 2338.5
1235340 2331.9
1235350 2326.1
1235360 2326.1
1235370 2320.9
1235380 2316.4
1235390 2316.4
1235400 2312.8
1235410 2309.3
1235420 2309.3
1235430 2305.6
1235440 2301.7
1235450 2301.7
1235460 2298.9
1235470 2297.5
1235480 2297.5
1235490 2295.7
1235500 2292.5
1235510 2292.5
1235520 2289.2
1235530 2288.6
1235540 2288.9
1235550 2288.9
1235560 2289.9
1235570 2291.8
1235580 2291.8
1235590 2294.1
1235600 2296.9
1235610 2296.9
1235620 2299.6
1235630 2303.2
1235640 2303.2
1235650 2306.9
1235660 2317.4
1235670 2317.4
1235680 2321.2
1235690 2325.7
1235700 2325.7
1235710 2330.3
1235720 2334.7
1235730 2334.7
1235740 2338.9
1235750 2342.0
1235760 2342.0
1235770 2345.2
1235780 2349.1
1235790 2352.0
1235800 2352.0
1235810 2355.4
1235820 2359.8
1235830 2359.8
1235840 2364.6
1235850 2366.8
1235860 2366.8
1235870 2366.8
1235880 2367.5
1235890 2367.5
1235900 2369.0
1235910 2375.5
1235920 2375.5
1235930 2384.4
1235940 2394.3
1235950 2394.3
1235960 2404.2
1235970 2413.3
1235980 2413.3
1235990 2419.2
1236000 2421.8
1236010 2421.8
1236020 2423.2
1236030 2425.3
1236040 2425.3
1236050 2426.8
1236060 2426.4
1236070 2424.0
1236080 2424.0
1236090 2422.6
1236100 2425.7
1236110 2425.7
1236120 2429.5
1236130 2432.2
1236140 2432.2
1236150 2435.3
1236160 2440.3
1236170 2445.8
1236180 2451.1
1236190 2456.0
1236200 2456.0
1236210 2461.6
1236220 2469.7
1236230 2469.7
1236240 2478.7
1236250 2483.4
1236260 2483.4
1236270 2485.9
1236280 2489.9
1236290 2489.9
1236300 2497.1
1236310 2507.1
1236320 2515.7
1236330 2515.7
1236340 2521.8
1236350 2520.8
1236360 2520.8
1236370 2513.9
1236380 2508.3
1236390 2508.3
1236400 2510.7
1236410 2520.2
1236420 2520.2
1236430 2524.6
1236440 2522.0
1236450 2522.0
1236460 2528.3
1236470 2535.8
1236480 2535.8
1236490 2539.6
1236500 2542.6
1236510 2542.6
1236520 2544.0
1236530 2545.6
1236540 2545.6
1236550 2546.3
1236560 2548.4
1236570 2555.4
1236580 2555.4
1236590 2561.9
1236600 2567.6
1236610 2567.6
1236620 2575.4
1236630 2582.2
1236640 2582.2
1236650 2581.3
1236660 2574.9
1236670 2574.9
1236680 2564.9
1236690 2557.2
1236700 2557.2
1236710 2551.2
1236720 2546.9
1236730 2546.9
1236740 2543.0
1236750 2538.9
1236760 2538.9
1236770 2533.1
1236780 2526.2
1236790 2526.2
1236800 2518.1
1236810 2509.9
1236820 2504.1
1236830 2504.1
1236840 2499.3
1236850 2494.2
1236860 2494.2
1236870 2484.6
1236880 2473.7
1236890 2473.7
1236900 2465.6
1236910 2457.3
1236920 2457.3
1236930 2445.6
1236940 2433.5
1236950 2433.5
1236960 2422.9
1236970 2412.9
1236980 2412.9
1236990 2399.2
1237000 2388.6
1237010 2388.6
1237020 2377.5
1237030 2367.4
1237040 2367.4
1237050 2358.8
1237060 2351.5
1237070 2344.8
1237080 2344.8
1237090 2338.1
1237100 2332.5
1237110 2332.5
1237120 2327.8
1237130 2323.2
1237140 2323.2
1237150 2319.2
1237160 2316.9
1237170 2316.9
1237180 2315.7
1237190 2316.0
1237200 2316.0
1237210 2314.9
1237220 2312.5
1237230 2312.5
1237240 2310.3
1237250 2307.5
1237260 2307.5
1237270 2303.8
1237280 2301.4
1237290 2301.4
1237300 2298.3
1237310 2295.3
1237320 2291.9
1237330 2291.9
1237340 2287.6
1237350 2283.2
1237360 2283.2
1237370 2278.6
1237380 2275.4
1237390 2275.4
1237400 2275.1
1237410 2272.9
1237420 2272.9
1237430 2268.1
1237440 2262.3
1237450 2262.3
1237460 2256.6
1237470 2253.6
1237480 2253.6
1237490 2252.3
1237500 2250.3
1237510 2250.3
1237520 2249.0
1237530 2248.2
1237540 2248.2
1237550 2249.1
1237560 2250.2
1237570 2252.6
1237580 2252.6
1237590 2254.8
1237600 2255.8
1237610 2255.8
1237620 2257.3
1237630 2259.0
1237640 2259.0
1237650 2259.4
1237660 2255.3
1237670 2255.3
1237680 2250.5
1237690 2249.2
1237700 2249.2
1237710 2258.2
1237720 2261.3
1237730 2261.3
1237740 2263.4
1237750 2264.3
1237760 2264.3
1237770 2265.2
1237780 2266.2
1237790 2266.2
1237800 2266.7
1237810 2265.5
1237820 2265.5
1237830 2263.7
1237840 2264.6
1237850 2266.3
1237860 2266.3
1237870 2267.9
1237880 2271.3
1237890 2271.3
1237900 2275.8
1237910 2280.2
1237920 2280.2
1237930 2283.2
1237940 2285.0
1237950 2285.0
1237960 2286.4
1237970 2283.7
1237980 2283.7
1237990 2282.5
1238000 2283.9
1238010 2283.9
1238020 2285.5
1238030 2286.6
1238040 2286.6
1238050 2286.7
1238060 2285.9
1238070 2285.9
1238080 2287.5
1238090 2289.2
1238100 2289.4
1238110 2289.4
1238120 2289.4
1238130 2289.5
1238140 2289.5
1238150 2293.4
1238160 2297.9
1238170 2297.9
1238180 2302.1
1238190 2305.7
1238200 2305.7
1238210 2309.2
1238220 2320.1
1238230 2320.1
1238240 2329.3
1238250 2338.3
1238260 2338.3
1238270 2340.7
1238280 2345.0
1238290 2345.0
1238300 2352.2
1238310 2358.2
1238320 2358.2
1238330 2362.3
1238340 2363.5
1238350 2367.7
1238360 2367.7
1238370 2375.0
1238380 2379.8
1238390 2379.8
1238400 2385.7
1238410 2391.8
1238420 2391.8
1238430 2402.0
1238440 2414.4
1238450 2414.4
1238460 2424.1
1238470 2431.2
1238480 2431.2
1238490 2439.2
1238500 2448.1
1238510 2448.1
1238520 2460.8
1238530 2471.4
1238540 2471.4
1238550 2486.0
1238560 2495.4
1238570 2495.4
1238580 2500.9
1238590 2506.7
1238600 2513.8
1238610 2513.8
1238620 2523.4
1238630 2533.0
1238640 2533.0
1238650 2537.0
1238660 2542.9
1238670 2542.9
1238680 2552.3
1238690 2560.1
1238700 2560.1
1238710 2566.4
1238720 2573.3
1238730 2573.3
1238740 2585.0
1238750 2591.5
1238760 2591.5
1238770 2601.0
1238780 2609.4
1238790 2609.4
1238800 2602.9
1238810 2588.8
1238820 2588.8
1238830 2577.4
1238840 2567.3
1238850 2555.9
1238860 2555.9
1238870 2540.1
1238880 2522.3
1238890 2522.3
1238900 2502.9
1238910 2490.8
1238920 2490.8
1238930 2479.7
1238940 2473.6
1238950 2473.6
1238960 2471.7
1238970 2461.4
1238980 2461.4
1238990 2447.0
1239000 2433.1
1239010 2433.1
1239020 2418.0
1239030 2398.3
1239040 2398.3
1239050 2385.5
1239060 2379.7
1239070 2379.7
1239080 2377.4
1239090 2376.9
1239100 2366.4
1239110 2366.4
1239120 2353.2
1239130 2340.9
1239140 2340.9
1239150 2331.0
1239160 2324.8
1239170 2324.8
1239180 2316.4
1239190 2299.9
1239200 2299.9
1239210 2282.5
1239220 2275.2
1239230 2275.2
1239240 2267.2
1239250 2259.6
1239260 2258.2
1239270 2252.1
1239280 2246.9
1239290 2246.9
1239300 2242.4
1239310 2237.7
1239320 2237.7
1239330 2232.6
1239340 2227.4
1239350 2222.2
1239360 2222.2
1239370 2217.2
1239380 2212.1
1239390 2212.1
1239400 2206.7
1239410 2201.2
1239420 2201.2
1239430 2195.8
1239440 2190.6
1239450 2190.6
1239460 2185.5
1239470 2180.6
1239480 2180.6
1239490 2175.7
1239500 2171.6
1239510 2171.6
1239520 2168.5
1239530 2165.5
1239540 2165.5
1239550 2162.9
1239560 2161.3
1239570 2161.3
1239580 2160.0
1239590 2160.2
1239600 2160.2
1239610 2161.4
1239620 2160.8
1239630 2158.5
1239640 2158.5
1239650 2157.1
1239660 2157.5
1239670 2157.5
1239680 2158.0
1239690 2157.6
1239700 2157.6
1239710 2155.7
1239720 2151.7
1239730 2151.7
1239740 2146.1
1239750 2140.3
1239760 2140.3
1239770 2133.9
1239780 2129.4
1239790 2129.4
1239800 2126.8
1239810 2128.1
1239820 2128.1
1239830 2132.5
1239840 2134.9
1239850 2134.9
1239860 2135.5
1239870 2135.3
1239880 2133.5
1239890 2133.5
1239900 2131.3
1239910 2129.5
1239920 2129.5
1239930 2127.7
1239940 2127.2
1239950 2127.2
1239960 2127.8
1239970 2126.7
1239980 2126.7
1239990 2125.8
