1220000 1613.2
1220010 1613.4
1220020 1614.4
1220030 1614.4
1220040 1615.5
1220050 1616.5
1220060 1616.5
1220070 1616.7
1220080 1616.9
1220090 1616.9
1220100 1616.9
1220110 1616.6
1220120 1616.6
1220130 1616.6
1220140 1609.8
1220150 1609.8
1220160 1610.8
1220170 1611.8
1220180 1611.8
1220190 1612.2
1220200 1612.2
1220210 1612.2
1220220 1611.6
1220230 1611.1
1220240 1611.1
1220250 1612.2
1220260 1615.0
1220270 1617.8
1220280 1617.8
1220290 1619.5
1220300 1622.1
1220310 1622.1
1220320 1625.5
1220330 1626.3
1220340 1626.3
1220350 1625.0
1220360 1624.5
1220370 1624.5
1220380 1623.3
1220390 1621.4
1220400 1621.4
1220410 1620.1
1220420 1621.6
1220430 1621.6
1220440 1626.9
1220450 1631.7
1220460 1631.7
1220470 1635.7
1220480 1640.8
1220490 1640.8
1220500 1646.1
1220510 1651.8
1220520 1657.3
1220530 1657.3
1220540 1662.4
1220550 1666.6
1220560 1666.6
1220570 1670.7
1220580 1673.7
1220590 1673.7
1220600 1675.4
1220610 1676.2
1220620 1668.5
1220630 1668.8
1220640 1669.7
1220650 1669.7
1220660 1669.5
1220670 1670.4
1220680 1670.4
1220690 1680.6
1220700 1693.0
1220710 1693.0
1220720 1706.9
1220730 1710.6
1220740 1710.6
1220750 1713.5
1220760 1715.0
1220770 1718.9
1220780 1718.9
1220790 1727.8
1220800 1730.6
1220810 1730.6
1220820 1730.1
1220830 1728.8
1220840 1728.8
1220850 1729.4
1220860 1732.3
1220870 1732.3
1220880 1734.0
1220890 1735.7
1220900 1735.7
1220910 1738.9
1220920 1740.5
1220930 1740.5
1220940 1742.7
1220950 1743.9
1220960 1743.9
1220970 1747.1
1220980 1748.1
1220990 1748.1
1221000 1747.7
1221010 1747.3
1221020 1750.2
1221030 1750.2
1221040 1751.4
1221050 1749.2
1221060 1749.2
1221070 1746.4
1221080 1744.4
1221090 1744.4
1221100 1735.7
1221110 1735.0
1221120 1735.0
1221130 1735.0
1221140 1736.6
1221150 1736.6
1221160 1739.4
1221170 1741.8
1221180 1741.8
1221190 1743.2
1221200 1746.0
1221210 1746.0
1221220 1749.3
1221230 1752.1
1221240 1752.1
1221250 1754.1
1221260 1754.8
1221270 1757.0
1221280 1757.0
1221290 1763.9
1221300 1769.8
1221310 1769.8
1221320 1777.1
1221330 1784.0
1221340 1784.0
1221350 1790.7
1221360 1797.5
1221370 1797.5
1221380 1804.2
1221390 1812.3
1221400 1812.3
1221410 1819.3
1221420 1826.1
1221430 1826.1
1221440 1831.9
1221450 1834.1
1221460 1834.1
1221470 1832.3
1221480 1826.4
1221490 1826.4
1221500 1824.5
1221510 1827.5
1221520 1828.6
1221530 1828.6
1221540 1829.4
1221550 1831.6
1221560 1831.6
1221570 1835.8
1221580 1831.1
1221590 1831.1
1221600 1835.3
1221610 1840.7
1221620 1840.7
1221630 1845.0
1221640 1845.6
1221650 1845.6
1221660 1845.3
1221670 1849.1
1221680 1849.1
1221690 1851.9
1221700 1853.1
1221710 1853.1
1221720 1854.7
1221730 1855.9
1221740 1855.9
1221750 1858.0
1221760 1861.7
1221770 1861.7
1221780 1866.8
1221790 1872.9
1221800 1877.9
1221810 1877.9
1221820 1880.5
1221830 1882.4
1221840 1882.4
1221850 1882.4
1221860 1881.6
1221870 1881.6
1221880 1882.3
1221890 1885.1
1221900 1885.1
1221910 1889.7
1221920 1894.9
1221930 1894.9
1221940 1899.8
1221950 1904.5
1221960 1904.5
1221970 1909.0
1221980 1911.5
1221990 1911.5
1222000 1912.3
1222010 1913.7
1222020 1913.7
1222030 1916.8
1222040 1920.9
1222050 1925.2
1222060 1925.2
1222070 1923.6
1222080 1925.5
1222090 1925.5
1222100 1926.4
1222110 1928.4
1222120 1928.4
1222130 1931.0
1222140 1933.7
1222150 1933.7
1222160 1936.2
1222170 1938.3
1222180 1938.3
1222190 1943.4
1222200 1948.8
1222210 1948.8
1222220 1952.6
1222230 1957.4
1222240 1957.4
1222250 1962.5
1222260 1967.4
1222270 1967.4
1222280 1972.2
1222290 1976.3
1222300 1979.0
1222310 1979.0
1222320 1974.1
1222330 1967.9
1222340 1967.9
1222350 1970.6
1222360 1985.2
1222370 1985.2
1222380 1999.3
1222390 2009.5
1222400 2009.5
1222410 2018.2
1222420 2026.6
1222430 2026.6
1222440 2033.9
1222450 2038.9
1222460 2038.9
1222470 2043.2
1222480 2048.1
1222490 2048.1
1222500 2053.6
1222510 2060.1
1222520 2060.1
1222530 2065.6
1222540 2071.0
1222550 2069.9
1222560 2069.9
1222570 2077.3
1222580 2083.6
1222590 2083.6
1222600 2088.0
1222610 2091.3
1222620 2091.3
1222630 2094.6
1222640 2097.7
1222650 2097.7
1222660 2102.5
1222670 2108.6
1222680 2108.6
1222690 2115.3
1222700 2120.5
1222710 2120.5
1222720 2122.4
1222730 2123.4
1222740 2123.4
1222750 2127.3
1222760 2132.9
1222770 2132.9
1222780 2136.6
1222790 2139.9
1222800 2143.1
1222810 2143.1
1222820 2146.6
1222830 2149.6
1222840 2149.6
1222850 2152.8
1222860 2156.2
1222870 2156.2
1222880 2160.7
1222890 2166.0
1222900 2166.0
1222910 2168.9
1222920 2172.4
1222930 2172.4
1222940 2181.1
1222950 2192.5
1222960 2192.5
1222970 2198.9
1222980 2204.7
1222990 2204.7
1223000 2208.5
1223010 2213.3
1223020 2213.3
1223030 2217.5
1223040 2226.3
1223050 2232.0
1223060 2232.0
1223070 2237.2
1223080 2242.2
1223090 2242.2
1223100 2247.5
1223110 2252.9
1223120 2252.9
1223130 2258.4
1223140 2263.5
1223150 2263.5
1223160 2268.9
1223170 2274.4
1223180 2274.4
1223190 2279.6
1223200 2285.1
1223210 2285.1
1223220 2290.9
1223230 2296.8
1223240 2296.8
1223250 2302.2
1223260 2306.9
1223270 2306.9
1223280 2310.9
1223290 2314.2
1223300 2314.2
1223310 2317.0
1223320 2321.6
1223330 2326.4
1223340 2326.4
1223350 2328.8
1223360 2330.9
1223370 2330.9
1223380 2333.7
1223390 2337.2
1223400 2337.2
1223410 2341.1
1223420 2345.7
1223430 2345.7
1223440 2351.0
1223450 2356.4
1223460 2356.4
1223470 2361.7
1223480 2367.1
1223490 2367.1
1223500 2374.6
1223510 2384.7
1223520 2384.7
1223530 2407.3
1223540 2419.2
1223550 2419.2
1223560 2428.0
1223570 2436.6
1223580 2441.3
1223590 2441.3
1223600 2445.6
1223610 2450.9
1223620 2450.9
1223630 2455.9
1223640 2461.0
1223650 2461.0
1223660 2467.3
1223670 2473.7
1223680 2473.7
1223690 2480.0
1223700 2486.2
1223710 2486.2
1223720 2493.0
1223730 2501.0
1223740 2501.0
1223750 2508.9
1223760 2515.5
1223770 2515.5
1223780 2521.4
1223790 2527.0
1223800 2527.0
1223810 2532.3
1223820 2538.3
1223830 2545.5
1223840 2545.5
1223850 2552.2
1223860 2558.4
1223870 2558.4
1223880 2564.5
1223890 2570.0
1223900 2570.0
1223910 2576.0
1223920 2582.2
1223930 2582.2
1223940 2588.2
1223950 2594.8
1223960 2594.8
1223970 2601.6
1223980 2608.4
1223990 2608.4
1224000 2615.2
1224010 2626.1
1224020 2626.1
1224030 2632.8
1224040 2639.6
1224050 2639.6
1224060 2646.2
1224070 2653.3
1224080 2660.4
1224090 2660.4
1224100 2667.3
1224110 2674.3
1224120 2674.3
1224130 2681.5
1224140 2688.3
1224150 2688.3
1224160 2694.7
1224170 2701.1
1224180 2701.1
1224190 2707.3
1224200 2713.4
1224210 2713.4
1224220 2719.7
1224230 2725.8
1224240 2725.8
1224250 2731.7
1224260 2737.5
1224270 2737.5
1224280 2743.0
1224290 2748.4
1224300 2748.4
1224310 2753.0
1224320 2753.9
1224330 2748.5
1224340 2748.5
1224350 2743.9
1224360 2741.6
1224370 2741.6
1224380 2733.4
1224390 2725.6
1224400 2725.6
1224410 2717.5
1224420 2709.1
1224430 2709.1
1224440 2700.1
1224450 2690.5
1224460 2690.5
1224470 2685.7
1224480 2685.4
1224490 2685.4
1224500 2674.4
1224510 2670.4
1224520 2670.4
1224530 2670.4
1224540 2666.8
1224550 2666.8
1224560 2659.2
1224570 2649.5
1224580 2640.5
1224590 2640.5
1224600 2641.9
1224610 2637.2
1224620 2637.2
1224630 2630.5
1224640 2626.2
1224650 2626.2
1224660 2622.0
1224670 2618.9
1224680 2618.9
1224690 2615.8
1224700 2612.3
1224710 2612.3
1224720 2610.1
1224730 2610.0
1224740 2610.0
1224750 2609.2
1224760 2607.1
1224770 2607.1
1224780 2606.6
1224790 2607.4
1224800 2607.4
1224810 2607.1
1224820 2610.6
1224830 2610.6
1224840 2621.2
1224850 2628.7
1224860 2637.8
1224870 2637.8
1224880 2650.7
1224890 2662.7
1224900 2662.7
1224910 2663.4
1224920 2656.0
1224930 2656.0
1224940 2648.9
1224950 2641.8
1224960 2641.8
1224970 2636.4
1224980 2631.5
1224990 2636.4
1225000 2632.1
1225010 2627.9
1225020 2627.9
1225030 2623.7
1225040 2619.3
1225050 2619.3
1225060 2615.0
1225070 2610.5
1225080 2610.5
1225090 2605.9
1225100 2602.0
1225110 2597.4
1225120 2597.4
1225130 2592.2
1225140 2586.6
1225150 2586.6
1225160 2581.3
1225170 2575.7
1225180 2575.7
1225190 2570.6
1225200 2564.9
1225210 2564.9
1225220 2558.1
1225230 2551.1
1225240 2551.1
1225250 2544.7
1225260 2539.6
1225270 2539.6
1225280 2535.1
1225290 2532.5
1225300 2532.5
1225310 2531.9
1225320 2529.0
1225330 2529.0
1225340 2526.4
1225350 2523.7
1225360 2520.5
1225370 2520.5
1225380 2517.4
1225390 2514.8
1225400 2514.8
1225410 2513.1
1225420 2511.6
1225430 2511.6
1225440 2509.5
1225450 2507.4
1225460 2507.4
1225470 2504.6
1225480 2499.8
1225490 2499.8
1225500 2496.4
1225510 2494.1
1225520 2494.1
1225530 2493.1
1225540 2490.6
1225550 2490.6
1225560 2487.0
1225570 2484.0
1225580 2484.0
1225590 2481.7
1225600 2479.0
1225610 2475.3
1225620 2475.3
1225630 2470.7
1225640 2466.7
1225650 2466.7
1225660 2463.5
1225670 2461.8
1225680 2461.8
1225690 2459.5
1225700 2457.1
1225710 2457.1
1225720 2455.5
1225730 2454.4
1225740 2454.4
1225750 2452.5
1225760 2450.2
1225770 2450.2
1225780 2447.7
1225790 2445.4
1225800 2445.4
1225810 2444.0
1225820 2441.9
1225830 2441.9
1225840 2438.9
1225850 2434.9
1225860 2429.9
1225870 2429.9
1225880 2425.0
1225890 2420.6
1225900 2420.6
1225910 2417.9
1225920 2416.7
1225930 2416.7
1225940 2416.7
1225950 2416.7
1225960 2416.7
1225970 2416.7
1225980 2416.7
1225990 2416.7
1226000 2416.7
1226010 2416.7
1226020 2416.7
1226030 2416.7
1226040 2416.7
1226050 2416.7
1226060 2416.7
1226070 2416.7
1226080 2416.7
1226090 2416.7
1226100 2416.7
1226110 2416.7
1226120 2416.7
1226130 2416.7
1226140 2416.7
1226150 2416.7
1226160 2416.7
1226170 2416.7
1226180 2416.7
1226190 2417.5
1226200 2419.8
1226210 2419.8
1226220 2422.7
1226230 2425.2
1226240 2425.2
1226250 2426.4
1226260 2428.3
1226270 2428.3
1226280 2430.3
1226290 2432.0
1226300 2432.0
1226310 2433.4
1226320 2435.1
1226330 2435.1
1226340 2436.8
1226350 2438.5
1226360 2440.0
1226370 2440.0
1226380 2442.0
1226390 2444.4
1226400 2444.4
1226410 2446.2
1226420 2447.9
1226430 2447.9
1226440 2448.1
1226450 2448.4
1226460 2448.4
1226470 2445.1
1226480 2448.6
1226490 2448.6
1226500 2451.6
1226510 2453.3
1226520 2453.3
1226530 2456.7
1226540 2458.8
1226550 2458.8
1226560 2461.8
1226570 2467.1
1226580 2467.1
1226590 2472.2
1226600 2476.1
1226610 2476.1
1226620 2478.6
1226630 2483.9
1226640 2486.7
1226650 2486.7
1226660 2491.9
1226670 2490.3
1226680 2490.3
1226690 2490.1
1226700 2493.9
1226710 2493.9
1226720 2497.1
1226730 2502.2
1226740 2502.2
1226750 2505.9
1226760 2494.2
1226770 2494.2
1226780 2480.4
1226790 2471.6
1226800 2471.6
1226810 2465.9
1226820 2461.2
1226830 2461.2
1226840 2457.0
1226850 2453.4
1226860 2453.4
1226870 2451.7
1226880 2451.1
1226890 2451.3
1226900 2451.3
1226910 2451.2
1226920 2450.5
1226930 2450.5
1226940 2449.5
1226950 2449.0
1226960 2444.3
1226970 2443.9
1226980 2443.2
1226990 2443.2
1227000 2442.3
1227010 2441.5
1227020 2441.5
1227030 2440.2
1227040 2438.3
1227050 2438.3
1227060 2438.2
1227070 2439.3
1227080 2439.3
1227090 2439.8
1227100 2440.9
1227110 2440.9
1227120 2441.4
1227130 2441.9
1227140 2442.6
1227150 2442.6
1227160 2442.5
1227170 2442.1
1227180 2442.1
1227190 2442.6
1227200 2444.9
1227210 2444.9
1227220 2447.1
1227230 2449.1
1227240 2449.1
1227250 2449.9
1227260 2449.4
1227270 2449.4
1227280 2449.5
1227290 2450.6
1227300 2450.6
1227310 2451.5
1227320 2452.5
1227330 2452.5
1227340 2453.7
1227350 2454.5
1227360 2454.5
1227370 2455.5
1227380 2456.3
1227390 2457.1
1227400 2457.1
1227410 2459.4
1227420 2462.4
1227430 2462.4
1227440 2464.5
1227450 2464.5
1227460 2464.5
1227470 2467.5
1227480 2470.7
1227490 2470.7
1227500 2474.1
1227510 2477.5
1227520 2477.5
1227530 2480.5
1227540 2482.7
1227550 2482.7
1227560 2484.6
1227570 2487.9
1227580 2487.9
1227590 2492.0
1227600 2495.5
1227610 2495.5
1227620 2496.4
1227630 2495.0
1227640 2494.2
1227650 2494.2
1227660 2495.9
1227670 2497.9
1227680 2497.9
1227690 2499.6
1227700 2502.1
1227710 2502.1
1227720 2504.8
1227730 2507.3
1227740 2507.3
1227750 2509.5
1227760 2511.6
1227770 2511.6
1227780 2513.6
1227790 2514.2
1227800 2514.2
1227810 2516.2
1227820 2517.4
1227830 2517.4
1227840 2520.9
1227850 2521.4
1227860 2521.4
1227870 2522.8
1227880 2527.1
1227890 2529.6
1227900 2529.6
1227910 2530.1
1227920 2529.4
1227930 2529.4
1227940 2529.0
1227950 2524.1
1227960 2524.1
1227970 2524.0
1227980 2520.9
1227990 2520.9
1228000 2518.6
1228010 2513.7
1228020 2513.7
1228030 2508.3
1228040 2505.9
1228050 2505.9
1228060 2505.3
1228070 2505.2
1228080 2505.2
1228090 2506.2
1228100 2506.4
1228110 2506.4
1228120 2507.7
1228130 2509.1
1228140 2509.1
1228150 2510.3
1228160 2511.9
1228170 2514.1
1228180 2514.1
1228190 2515.9
1228200 2519.7
1228210 2519.7
1228220 2523.3
1228230 2528.4
1228240 2528.4
1228250 2534.5
1228260 2542.6
1228270 2542.6
1228280 2550.2
1228290 2556.9
1228300 2556.9
1228310 2565.7
1228320 2573.1
1228330 2573.1
1228340 2581.7
1228350 2594.4
1228360 2594.4
1228370 2605.9
1228380 2614.7
1228390 2614.7
1228400 2614.1
1228410 2618.1
1228420 2621.2
1228430 2621.2
1228440 2622.2
1228450 2627.8
1228460 2627.8
1228470 2632.4
1228480 2636.2
1228490 2636.2
1228500 2639.5
1228510 2642.3
1228520 2642.3
1228530 2645.0
1228540 2647.6
1228550 2647.6
1228560 2649.4
1228570 2650.2
1228580 2650.2
1228590 2650.1
1228600 2649.9
1228610 2649.9
1228620 2649.1
1228630 2648.3
1228640 2648.3
1228650 2648.1
1228660 2649.3
1228670 2650.6
1228680 2650.6
1228690 2652.6
1228700 2655.2
1228710 2655.2
1228720 2658.0
1228730 2660.6
1228740 2660.6
1228750 2663.4
1228760 2664.5
1228770 2664.5
1228780 2659.2
1228790 2650.5
1228800 2650.5
1228810 2642.9
1228820 2638.6
1228830 2638.6
1228840 2630.3
1228850 2619.4
1228860 2619.4
1228870 2611.2
1228880 2607.8
1228890 2607.8
1228900 2607.3
1228910 2601.9
1228920 2596.4
1228930 2596.4
1228940 2581.1
1228950 2580.6
1228960 2580.6
1228970 2581.3
1228980 2571.3
1228990 2571.3
1229000 2561.4
1229010 2557.8
1229020 2557.8
1229030 2557.4
1229040 2555.0
1229050 2555.0
1229060 2559.1
1229070 2566.2
1229080 2566.2
1229090 2552.5
1229100 2535.1
1229110 2535.1
1229120 2527.3
1229130 2520.0
1229140 2520.0
1229150 2507.1
1229160 2478.5
1229170 2460.3
1229180 2460.3
1229190 2460.4
1229200 2460.1
1229210 2460.1
1229220 2454.5
1229230 2441.1
1229240 2441.1
1229250 2420.2
1229260 2401.5
1229270 2401.5
1229280 2388.1
1229290 2369.9
1229300 2369.9
1229310 2346.0
1229320 2338.7
1229330 2338.7
1229340 2326.2
1229350 2314.0
1229360 2314.0
1229370 2310.2
1229380 2306.9
1229390 2306.9
1229400 2302.6
1229410 2298.0
1229420 2293.1
1229430 2293.1
1229440 2296.3
1229450 2292.8
1229460 2292.8
1229470 2289.1
1229480 2284.8
1229490 2284.8
1229500 2280.6
1229510 2278.1
1229520 2278.1
1229530 2276.2
1229540 2273.6
1229550 2273.6
1229560 2270.1
1229570 2265.7
1229580 2265.7
1229590 2260.7
1229600 2255.0
1229610 2255.0
1229620 2249.1
1229630 2243.2
1229640 2243.2
1229650 2237.8
1229660 2234.7
1229670 2235.4
1229680 2235.4
1229690 2238.1
1229700 2238.0
1229710 2238.0
1229720 2233.4
1229730 2230.1
1229740 2230.1
1229750 2228.1
1229760 2223.5
1229770 2223.5
1229780 2217.1
1229790 2212.3
1229800 2212.3
1229810 2209.4
1229820 2207.4
1229830 2207.4
1229840 2204.6
1229850 2201.4
1229860 2201.4
1229870 2197.6
1229880 2193.5
1229890 2193.5
1229900 2191.2
1229910 2190.0
1229920 2190.0
1229930 2188.1
1229940 2191.7
1229950 2189.3
1229960 2189.3
1229970 2186.3
1229980 2182.4
1229990 2182.4
1230000 2176.5
1230010 2170.1
1230020 2170.1
1230030 2163.2
1230040 2151.3
1230050 2151.3
1230060 2137.1
1230070 2127.8
1230080 2127.8
1230090 2120.3
1230100 2113.0
1230110 2113.0
1230120 2106.1
1230130 2099.7
1230140 2099.7
1230150 2093.2
1230160 2086.9
1230170 2086.9
1230180 2080.8
1230190 2074.6
1230200 2068.7
1230210 2068.7
1230220 2063.4
1230230 2058.7
1230240 2058.7
1230250 2056.1
1230260 2053.2
1230270 2053.2
1230280 2047.5
1230290 2041.7
1230300 2041.7
1230310 2038.3
1230320 2036.2
1230330 2036.2
1230340 2033.1
1230350 2025.6
1230360 2025.6
1230370 2018.9
1230380 2018.9
1230390 2018.9
1230400 2021.7
1230410 2024.4
1230420 2024.4
1230430 2026.8
1230440 2026.5
1230450 2028.5
1230460 2028.5
1230470 2030.6
1230480 2032.9
1230490 2032.9
1230500 2034.7
1230510 2037.0
1230520 2037.0
1230530 2039.1
1230540 2041.1
1230550 2041.1
1230560 2042.7
1230570 2044.5
1230580 2044.5
1230590 2046.4
1230600 2049.0
1230610 2049.0
1230620 2052.2
1230630 2055.9
1230640 2055.9
1230650 2059.2
1230660 2062.5
1230670 2062.5
1230680 2066.2
1230690 2069.6
1230700 2073.0
1230710 2073.0
1230720 2076.2
1230730 2078.8
1230740 2078.8
1230750 2081.8
1230760 2086.3
1230770 2086.3
1230780 2090.0
1230790 2093.0
1230800 2093.0
1230810 2095.9
1230820 2099.4
1230830 2099.4
1230840 2103.8
1230850 2110.1
1230860 2110.1
1230870 2116.9
1230880 2123.1
1230890 2123.1
1230900 2128.5
1230910 2133.8
1230920 2133.8
1230930 2139.7
1230940 2142.7
1230950 2148.4
1230960 2148.4
1230970 2154.5
1230980 2160.6
1230990 2160.6
1231000 2166.8
1231010 2173.0
1231020 2173.0
1231030 2179.2
1231040 2185.9
1231050 2185.9
1231060 2192.7
1231070 2199.4
1231080 2199.4
1231090 2205.6
1231100 2211.9
1231110 2211.9
1231120 2219.1
1231130 2225.6
1231140 2225.6
1231150 2231.1
1231160 2236.6
1231170 2236.6
1231180 2242.2
1231190 2247.7
1231200 2252.9
1231210 2252.9
1231220 2258.1
1231230 2263.0
1231240 2263.0
1231250 2267.8
1231260 2272.4
1231270 2272.4
1231280 2276.7
1231290 2280.7
1231300 2280.7
1231310 2284.3
1231320 2287.3
1231330 2287.3
1231340 2290.1
1231350 2292.1
1231360 2292.1
1231370 2292.2
1231380 2289.2
1231390 2289.2
1231400 2286.2
1231410 2283.5
1231420 2283.5
1231430 2281.0
1231440 2273.1
1231450 2272.4
1231460 2272.4
1231470 2271.7
1231480 2271.3
1231490 2271.3
1231500 2271.4
1231510 2271.3
1231520 2271.3
1231530 2269.8
1231540 2266.2
1231550 2266.2
1231560 2262.7
1231570 2260.1
1231580 2260.1
1231590 2264.8
1231600 2271.2
1231610 2271.2
1231620 2277.2
1231630 2282.4
1231640 2282.4
1231650 2287.0
1231660 2291.4
1231670 2291.4
1231680 2295.9
1231690 2299.9
1231700 2299.9
1231710 2302.8
1231720 2304.6
1231730 2306.6
1231740 2306.6
1231750 2308.8
1231760 2312.0
1231770 2312.0
1231780 2316.0
1231790 2319.9
1231800 2319.9
1231810 2322.6
1231820 2324.0
1231830 2324.0
1231840 2325.1
1231850 2325.2
1231860 2325.2
1231870 2324.3
1231880 2324.2
1231890 2324.2
1231900 2324.1
1231910 2324.5
1231920 2324.5
1231930 2324.5
1231940 2325.0
1231950 2321.3
1231960 2325.6
1231970 2329.7
1231980 2333.7
1231990 2333.7
1232000 2337.9
1232010 2342.0
1232020 2342.0
1232030 2346.4
1232040 2350.5
1232050 2350.5
1232060 2354.0
1232070 2356.6
1232080 2356.6
1232090 2358.5
1232100 2359.2
1232110 2359.2
1232120 2358.7
1232130 2354.6
1232140 2354.6
1232150 2348.2
1232160 2344.5
1232170 2344.5
1232180 2343.6
1232190 2344.2
1232200 2344.2
1232210 2347.0
1232220 2351.0
1232230 2354.6
1232240 2354.6
1232250 2358.8
1232260 2362.7
1232270 2362.7
1232280 2366.1
1232290 2369.5
1232300 2369.5
1232310 2373.7
1232320 2377.4
1232330 2377.4
1232340 2379.6
1232350 2380.7
1232360 2380.7
1232370 2381.9
1232380 2384.3
1232390 2384.3
1232400 2387.7
1232410 2390.6
1232420 2390.6
1232430 2392.1
1232440 2392.6
1232450 2387.9
1232460 2390.1
1232470 2391.7
1232480 2393.1
1232490 2393.1
1232500 2394.5
1232510 2396.2
1232520 2396.2
1232530 2399.7
1232540 2403.0
1232550 2403.0
1232560 2405.3
1232570 2406.5
1232580 2406.5
1232590 2405.6
1232600 2404.8
1232610 2404.8
1232620 2403.7
1232630 2402.9
1232640 2402.9
1232650 2402.4
1232660 2402.4
1232670 2402.4
1232680 2404.2
1232690 2406.2
1232700 2406.2
1232710 2409.1
1232720 2411.6
1232730 2412.9
1232740 2412.9
1232750 2413.8
1232760 2416.2
1232770 2416.2
1232780 2419.5
1232790 2423.0
1232800 2423.0
1232810 2427.0
1232820 2430.4
1232830 2430.4
1232840 2433.8
1232850 2437.1
1232860 2437.1
1232870 2440.2
1232880 2443.3
1232890 2443.3
1232900 2446.3
1232910 2448.9
1232920 2448.9
1232930 2450.4
1232940 2451.0
1232950 2453.4
1232960 2454.1
1232970 2456.5
1232980 2460.8
1232990 2460.8
1233000 2462.9
1233010 2462.3
1233020 2462.3
1233030 2459.3
1233040 2456.3
1233050 2456.3
1233060 2452.5
1233070 2448.5
1233080 2448.5
1233090 2445.9
1233100 2446.5
1233110 2446.5
1233120 2449.6
1233130 2452.8
1233140 2452.8
1233150 2454.5
1233160 2454.6
1233170 2454.6
1233180 2453.7
1233190 2454.5
1233200 2454.5
1233210 2456.2
1233220 2458.8
1233230 2462.2
1233240 2462.2
1233250 2465.1
1233260 2465.9
1233270 2465.9
1233280 2465.8
1233290 2467.4
1233300 2467.4
1233310 2468.3
1233320 2464.8
1233330 2464.8
1233340 2460.9
1233350 2462.9
1233360 2462.9
1233370 2469.2
1233380 2473.3
1233390 2473.3
1233400 2477.0
1233410 2480.6
1233420 2480.6
1233430 2483.0
1233440 2485.0
1233450 2485.0
1233460 2490.9
1233470 2489.4
1233480 2489.4
1233490 2484.5
1233500 2478.0
1233510 2471.1
1233520 2471.1
1233530 2464.3
1233540 2457.6
1233550 2457.6
1233560 2449.3
1233570 2439.9
1233580 2439.9
1233590 2430.8
1233600 2425.0
1233610 2425.0
1233620 2420.7
1233630 2416.8
1233640 2416.8
1233650 2412.5
1233660 2408.0
1233670 2408.0
1233680 2406.9
1233690 2405.7
1233700 2405.7
1233710 2403.4
1233720 2403.0
1233730 2403.0
1233740 2404.5
1233750 2406.0
1233760 2409.2
1233770 2409.2
1233780 2408.5
1233790 2404.6
1233800 2404.6
1233810 2402.4
1233820 2401.0
1233830 2401.0
1233840 2398.6
1233850 2396.0
1233860 2396.0
1233870 2394.6
1233880 2394.7
1233890 2394.7
1233900 2394.9
1233910 2395.0
1233920 2395.0
1233930 2388.1
1233940 2380.5
1233950 2380.5
1233960 2376.4
1233970 2373.4
1233980 2373.4
1233990 2370.0
1234000 2367.4
1234010 2363.4
1234020 2363.4
1234030 2359.2
1234040 2355.4
1234050 2355.4
1234060 2351.2
1234070 2347.5
1234080 2347.5
1234090 2344.4
1234100 2342.3
1234110 2342.3
1234120 2341.4
1234130 2338.9
1234140 2338.9
1234150 2333.8
1234160 2326.4
1234170 2326.4
1234180 2318.8
1234190 2311.2
1234200 2311.2
1234210 2305.6
1234220 2302.9
1234230 2302.9
1234240 2301.1
1234250 2299.6
1234260 2298.3
1234270 2298.3
1234280 2295.4
1234290 2290.6
1234300 2290.6
1234310 2286.9
1234320 2284.6
1234330 2284.6
1234340 2281.6
1234350 2279.2
1234360 2279.2
1234370 2278.1
1234380 2277.0
1234390 2277.0
1234400 2276.7
1234410 2276.3
1234420 2276.3
1234430 2275.2
1234440 2275.1
1234450 2275.1
1234460 2276.6
1234470 2282.0
1234480 2282.0
1234490 2283.6
1234500 2286.2
1234510 2288.3
1234520 2288.3
1234530 2290.3
1234540 2294.9
1234550 2294.9
1234560 2300.8
1234570 2307.2
1234580 2307.2
1234590 2313.9
1234600 2320.7
1234610 2320.7
1234620 2328.1
1234630 2341.9
1234640 2341.9
1234650 2352.1
1234660 2360.3
1234670 2360.3
1234680 2367.2
1234690 2375.7
1234700 2375.7
1234710 2381.1
1234720 2380.7
1234730 2380.7
1234740 2378.6
1234750 2377.5
1234760 2374.8
1234770 2374.8
1234780 2372.4
1234790 2370.3
1234800 2370.3
1234810 2371.2
1234820 2372.4
1234830 2372.4
1234840 2372.2
1234850 2380.2
1234860 2380.2
1234870 2387.8
1234880 2387.3
1234890 2387.3
1234900 2389.2
1234910 2386.4
1234920 2386.4
1234930 2383.9
1234940 2381.1
1234950 2381.1
1234960 2375.5
1234970 2368.5
1234980 2376.0
1234990 2375.9
1235000 2374.7
1235010 2374.7
1235020 2373.2
1235030 2374.5
1235040 2377.0
1235050 2377.0
1235060 2381.1
1235070 2385.6
1235080 2385.6
1235090 2387.4
1235100 2388.1
1235110 2388.1
1235120 2391.1
1235130 2391.2
1235140 2391.2
1235150 2389.6
1235160 2386.2
1235170 2386.2
1235180 2382.4
1235190 2379.4
1235200 2379.4
1235210 2376.6
1235220 2372.8
1235230 2372.8
1235240 2368.6
1235250 2364.6
1235260 2364.6
1235270 2359.7
1235280 2354.5
1235290 2349.5
1235300 2349.5
1235310 2344.3
1235320 2339.2
1235330 2339.2
1235340 2333.0
1235350 2326.0
1235360 2326.0
1235370 2319.2
1235380 2313.6
1235390 2313.6
1235400 2308.9
1235410 2304.8
1235420 2304.8
1235430 2301.3
1235440 2297.4
1235450 2297.4
1235460 2294.0
1235470 2292.1
1235480 2292.1
1235490 2295.7
1235500 2292.5
1235510 2292.5
1235520 2289.2
1235530 2288.6
1235540 2288.9
1235550 2288.9
1235560 2289.9
1235570 2291.8
1235580 2291.8
1235590 2294.1
1235600 2296.9
1235610 2296.9
1235620 2299.6
1235630 2303.2
1235640 2303.2
1235650 2306.9
1235660 2310.2
1235670 2310.2
1235680 2314.2
1235690 2318.7
1235700 2318.7
1235710 2322.9
1235720 2327.0
1235730 2327.0
1235740 2331.7
1235750 2335.2
1235760 2335.2
1235770 2338.3
1235780 2341.8
1235790 2344.6
1235800 2344.6
1235810 2348.1
1235820 2354.0
1235830 2354.0
1235840 2357.2
1235850 2357.0
1235860 2357.0
1235870 2356.6
1235880 2359.0
1235890 2359.0
1235900 2363.9
1235910 2374.6
1235920 2374.6
1235930 2385.0
1235940 2394.5
1235950 2394.5
1235960 2404.3
1235970 2409.9
1235980 2409.9
1235990 2413.1
1236000 2421.8
1236010 2421.8
1236020 2423.2
1236030 2425.3
1236040 2426.8
1236050 2426.8
1236060 2426.4
1236070 2424.0
1236080 2424.0
1236090 2422.6
1236100 2425.7
1236110 2425.7
1236120 2429.5
1236130 2432.2
1236140 2432.2
1236150 2435.3
1236160 2440.3
1236170 2440.3
1236180 2445.2
1236190 2450.0
1236200 2450.0
1236210 2455.7
1236220 2464.1
1236230 2464.1
1236240 2471.7
1236250 2473.2
1236260 2473.2
1236270 2475.4
1236280 2482.2
1236290 2491.4
1236300 2491.4
1236310 2500.9
1236320 2508.4
1236330 2508.4
1236340 2515.0
1236350 2514.6
1236360 2514.6
1236370 2507.2
1236380 2500.3
1236390 2500.3
1236400 2501.1
1236410 2511.2
1236420 2511.2
1236430 2515.3
1236440 2514.2
1236450 2514.2
1236460 2521.1
1236470 2526.8
1236480 2526.8
1236490 2530.2
1236500 2532.9
1236510 2532.9
1236520 2544.0
1236530 2545.6
1236540 2546.3
1236550 2546.3
1236560 2548.4
1236570 2555.4
1236580 2555.4
1236590 2561.9
1236600 2567.6
1236610 2567.6
1236620 2575.4
1236630 2582.2
1236640 2582.2
1236650 2581.3
1236660 2574.9
1236670 2574.9
1236680 2567.6
1236690 2560.6
1236700 2560.6
1236710 2555.0
1236720 2551.1
1236730 2551.1
1236740 2547.5
1236750 2543.2
1236760 2543.2
1236770 2535.8
1236780 2527.2
1236790 2527.2
1236800 2519.8
1236810 2513.7
1236820 2507.4
1236830 2507.4
1236840 2502.0
1236850 2496.3
1236860 2496.3
1236870 2486.0
1236880 2477.6
1236890 2477.6
1236900 2471.2
1236910 2461.2
1236920 2461.2
1236930 2448.7
1236940 2437.4
1236950 2437.4
1236960 2428.1
1236970 2416.7
1236980 2416.7
1236990 2404.1
1237000 2392.4
1237010 2392.4
1237020 2379.0
1237030 2367.4
1237040 2367.4
1237050 2358.8
1237060 2351.5
1237070 2344.8
1237080 2344.8
1237090 2338.1
1237100 2332.5
1237110 2332.5
1237120 2327.8
1237130 2323.2
1237140 2323.2
1237150 2319.2
1237160 2316.9
1237170 2316.9
1237180 2315.7
1237190 2313.6
1237200 2313.6
1237210 2311.9
1237220 2310.6
1237230 2310.6
1237240 2308.3
1237250 2305.5
1237260 2305.5
1237270 2301.5
1237280 2298.1
1237290 2298.1
1237300 2295.0
1237310 2292.0
1237320 2288.4
1237330 2288.4
1237340 2283.8
1237350 2279.1
1237360 2279.1
1237370 2274.6
1237380 2271.4
1237390 2271.4
1237400 2270.3
1237410 2268.5
1237420 2268.5
1237430 2264.3
1237440 2258.5
1237450 2258.5
1237460 2252.5
1237470 2249.7
1237480 2249.7
1237490 2249.3
1237500 2247.7
1237510 2247.7
1237520 2246.3
1237530 2245.7
1237540 2248.2
1237550 2249.1
1237560 2250.2
1237570 2252.6
1237580 2252.6
1237590 2254.8
1237600 2255.8
1237610 2255.8
1237620 2257.3
1237630 2259.0
1237640 2259.0
1237650 2259.4
1237660 2255.3
1237670 2255.3
1237680 2250.5
1237690 2249.2
1237700 2249.2
1237710 2251.4
1237720 2254.7
1237730 2254.7
1237740 2257.5
1237750 2259.1
1237760 2259.1
1237770 2259.8
1237780 2261.0
1237790 2261.0
1237800 2261.8
1237810 2261.6
1237820 2260.9
1237830 2260.9
1237840 2260.4
1237850 2260.5
1237860 2260.5
1237870 2261.9
1237880 2265.8
1237890 2265.8
1237900 2269.0
1237910 2270.6
1237920 2270.6
1237930 2273.2
1237940 2274.8
1237950 2274.8
1237960 2276.6
1237970 2275.6
1237980 2275.6
1237990 2274.9
1238000 2276.4
1238010 2276.4
1238020 2278.4
1238030 2279.2
1238040 2279.2
1238050 2279.9
1238060 2285.9
1238070 2287.5
1238080 2287.5
1238090 2289.2
1238100 2289.4
1238110 2289.4
1238120 2289.4
1238130 2289.5
1238140 2289.5
1238150 2293.4
1238160 2297.9
1238170 2297.9
1238180 2302.1
1238190 2305.7
1238200 2305.7
1238210 2309.2
1238220 2312.7
1238230 2312.7
1238240 2319.6
1238250 2327.7
1238260 2327.7
1238270 2331.8
1238280 2338.3
1238290 2338.3
1238300 2344.6
1238310 2350.2
1238320 2353.0
1238330 2353.0
1238340 2355.1
1238350 2360.0
1238360 2360.0
1238370 2365.4
1238380 2371.4
1238390 2371.4
1238400 2378.9
1238410 2388.1
1238420 2388.1
1238430 2398.1
1238440 2406.5
1238450 2406.5
1238460 2415.0
1238470 2423.3
1238480 2423.3
1238490 2431.1
1238500 2439.3
1238510 2439.3
1238520 2449.2
1238530 2459.5
1238540 2459.5
1238550 2468.8
1238560 2479.2
1238570 2495.4
1238580 2500.9
1238590 2506.7
1238600 2513.8
1238610 2513.8
1238620 2523.4
1238630 2533.0
1238640 2533.0
1238650 2537.0
1238660 2542.9
1238670 2542.9
1238680 2552.3
1238690 2560.1
1238700 2560.1
1238710 2566.4
1238720 2573.3
1238730 2573.3
1238740 2580.4
1238750 2588.0
1238760 2588.0
1238770 2596.6
1238780 2603.0
1238790 2603.0
1238800 2601.1
1238810 2585.6
1238820 2585.6
1238830 2569.5
1238840 2557.3
1238850 2545.0
1238860 2545.0
1238870 2531.8
1238880 2523.7
1238890 2523.7
1238900 2509.1
1238910 2488.9
1238920 2488.9
1238930 2473.7
1238940 2464.2
1238950 2464.2
1238960 2457.2
1238970 2441.6
1238980 2441.6
1238990 2429.0
1239000 2418.7
1239010 2418.7
1239020 2408.6
1239030 2400.2
1239040 2400.2
1239050 2394.3
1239060 2393.9
1239070 2393.9
1239080 2387.2
1239090 2376.9
1239100 2366.4
1239110 2366.4
1239120 2353.2
1239130 2340.9
1239140 2340.9
1239150 2331.0
1239160 2324.8
1239170 2324.8
1239180 2316.4
1239190 2299.9
1239200 2299.9
1239210 2282.5
1239220 2275.2
1239230 2275.2
1239240 2267.2
1239250 2259.6
1239260 2259.6
1239270 2254.9
1239280 2250.9
1239290 2250.9
1239300 2246.5
1239310 2241.5
1239320 2241.5
1239330 2236.2
1239340 2231.1
1239350 2225.6
1239360 2225.6
1239370 2220.4
1239380 2214.7
1239390 2214.7
1239400 2209.1
1239410 2203.6
1239420 2203.6
1239430 2198.1
1239440 2192.7
1239450 2192.7
1239460 2187.2
1239470 2181.8
1239480 2181.8
1239490 2176.3
1239500 2171.6
1239510 2171.6
1239520 2168.4
1239530 2166.2
1239540 2166.2
1239550 2162.7
1239560 2160.0
1239570 2160.0
1239580 2158.0
1239590 2157.0
1239600 2158.0
1239610 2161.4
1239620 2160.8
1239630 2158.5
1239640 2158.5
1239650 2157.1
1239660 2157.5
1239670 2157.5
1239680 2158.0
1239690 2157.6
1239700 2157.6
1239710 2155.7
1239720 2151.7
1239730 2151.7
1239740 2146.1
1239750 2140.3
1239760 2140.3
1239770 2133.9
1239780 2126.8
1239790 2126.8
1239800 2123.1
1239810 2123.4
1239820 2123.4
1239830 2127.6
1239840 2130.7
1239850 2130.4
1239860 2130.4
1239870 2130.6
1239880 2129.9
1239890 2129.9
1239900 2128.4
1239910 2126.5
1239920 2126.5
1239930 2124.8
1239940 2123.3
1239950 2123.3
1239960 2123.5
1239970 2123.8
1239980 2123.8
1239990 2122.2
