1220000 1966.4
1220010 1967.4
1220020 1967.4
1220030 1968.2
1220040 1968.8
1220050 1968.8
1220060 1969.3
1220070 1970.0
1220080 1970.0
1220090 1971.0
1220100 1973.0
1220110 1974.8
1220120 1974.8
1220130 1975.2
1220140 1975.1
1220150 1975.1
1220160 1975.1
1220170 1975.3
1220180 1975.3
1220190 1975.9
1220200 1976.4
1220210 1976.4
1220220 1976.9
1220230 1977.2
1220240 1977.2
1220250 1978.1
1220260 1978.7
1220270 1978.7
1220280 1974.9
1220290 1976.2
1220300 1976.2
1220310 1977.0
1220320 1977.1
1220330 1977.1
1220340 1977.9
1220350 1979.8
1220360 1979.8
1220370 1982.4
1220380 1984.9
1220390 1987.4
1220400 1987.4
1220410 1990.3
1220420 1992.9
1220430 1992.9
1220440 1995.4
1220450 1998.1
1220460 1998.1
1220470 2001.3
1220480 2003.9
1220490 2003.9
1220500 2006.1
1220510 2009.1
1220520 2009.1
1220530 2012.9
1220540 2015.9
1220550 2015.9
1220560 2018.4
1220570 2021.3
1220580 2021.3
1220590 2024.3
1220600 2027.2
1220610 2027.2
1220620 2030.4
1220630 2033.3
1220640 2035.8
1220650 2035.8
1220660 2038.0
1220670 2040.6
1220680 2040.6
1220690 2043.9
1220700 2046.9
1220710 2046.9
1220720 2049.8
1220730 2053.0
1220740 2053.0
1220750 2056.5
1220760 2060.3
1220770 2054.2
1220780 2058.7
1220790 2062.9
1220800 2062.9
1220810 2066.3
1220820 2069.3
1220830 2069.3
1220840 2072.2
1220850 2075.6
1220860 2075.6
1220870 2079.1
1220880 2082.4
1220890 2085.4
1220900 2085.4
1220910 2088.3
1220920 2091.4
1220930 2091.4
1220940 2093.9
1220950 2095.7
1220960 2095.7
1220970 2097.3
1220980 2098.7
1220990 2098.7
1221000 2099.8
1221010 2100.7
1221020 2100.7
1221030 2101.3
1221040 2101.5
1221050 2101.5
1221060 2101.4
1221070 2101.1
1221080 2101.1
1221090 2100.6
1221100 2100.5
1221110 2100.5
1221120 2101.7
1221130 2103.6
1221140 2106.7
1221150 2106.7
1221160 2109.9
1221170 2113.1
1221180 2113.1
1221190 2116.1
1221200 2118.9
1221210 2118.9
1221220 2122.0
1221230 2125.7
1221240 2125.7
1221250 2128.3
1221260 2131.8
1221270 2131.8
1221280 2135.5
1221290 2139.2
1221300 2139.2
1221310 2143.3
1221320 2147.7
1221330 2147.7
1221340 2151.5
1221350 2154.2
1221360 2154.2
1221370 2156.6
1221380 2159.3
1221390 2162.0
1221400 2162.0
1221410 2164.9
1221420 2167.6
1221430 2167.6
1221440 2170.5
1221450 2173.7
1221460 2173.7
1221470 2176.6
1221480 2178.9
1221490 2178.9
1221500 2181.1
1221510 2183.0
1221520 2183.0
1221530 2185.0
1221540 2186.5
1221550 2186.5
1221560 2187.4
1221570 2188.1
1221580 2188.1
1221590 2189.0
1221600 2190.1
1221610 2190.1
1221620 2191.8
1221630 2193.8
1221640 2193.8
1221650 2195.5
1221660 2196.7
1221670 2197.7
1221680 2197.7
1221690 2198.8
1221700 2199.6
1221710 2199.6
1221720 2200.8
1221730 2195.1
1221740 2195.1
1221750 2195.9
1221760 2197.6
1221770 2197.6
1221780 2200.1
1221790 2202.1
1221800 2202.1
1221810 2206.1
1221820 2210.6
1221830 2210.6
1221840 2214.9
1221850 2219.1
1221860 2219.1
1221870 2222.9
1221880 2226.6
1221890 2226.6
1221900 2230.4
1221910 2233.8
1221920 2236.8
1221930 2236.8
1221940 2239.2
1221950 2241.7
1221960 2241.7
1221970 2244.7
1221980 2247.3
1221990 2247.3
1222000 2249.5
1222010 2251.6
1222020 2251.6
1222030 2254.1
1222040 2256.6
1222050 2256.6
1222060 2258.7
1222070 2260.4
1222080 2260.4
1222090 2262.3
1222100 2264.9
1222110 2264.9
1222120 2268.1
1222130 2271.6
1222140 2271.6
1222150 2276.0
1222160 2280.8
1222170 2285.9
1222180 2285.9
1222190 2291.2
1222200 2296.3
1222210 2296.3
1222220 2298.0
1222230 2302.3
1222240 2302.3
1222250 2306.0
1222260 2310.5
1222270 2310.5
1222280 2315.5
1222290 2320.4
1222300 2320.4
1222310 2325.2
1222320 2329.8
1222330 2329.8
1222340 2334.1
1222350 2338.4
1222360 2338.4
1222370 2341.7
1222380 2342.3
1222390 2342.3
1222400 2340.0
1222410 2338.0
1222420 2337.4
1222430 2337.4
1222440 2338.6
1222450 2339.4
1222460 2339.4
1222470 2337.4
1222480 2334.9
1222490 2334.9
1222500 2331.6
1222510 2330.0
1222520 2330.0
1222530 2331.7
1222540 2333.8
1222550 2333.8
1222560 2338.3
1222570 2345.1
1222580 2345.1
1222590 2352.4
1222600 2359.2
1222610 2359.2
1222620 2364.7
1222630 2370.2
1222640 2370.2
1222650 2376.1
1222660 2381.8
1222670 2387.2
1222680 2387.2
1222690 2392.7
1222700 2393.3
1222710 2393.3
1222720 2398.2
1222730 2402.1
1222740 2402.1
1222750 2404.8
1222760 2406.6
1222770 2406.6
1222780 2408.2
1222790 2409.9
1222800 2409.9
1222810 2410.5
1222820 2410.0
1222830 2410.0
1222840 2409.3
1222850 2408.5
1222860 2408.5
1222870 2409.1
1222880 2410.3
1222890 2410.3
1222900 2410.6
1222910 2410.8
1222920 2410.8
1222930 2411.6
1222940 2412.9
1222950 2414.1
1222960 2414.1
1222970 2415.6
1222980 2417.9
1222990 2417.9
1223000 2421.1
1223010 2425.4
1223020 2425.4
1223030 2430.0
1223040 2434.5
1223050 2434.5
1223060 2438.8
1223070 2443.1
1223080 2443.1
1223090 2446.5
1223100 2452.0
1223110 2452.0
1223120 2458.7
1223130 2465.2
1223140 2465.2
1223150 2471.2
1223160 2477.8
1223170 2477.8
1223180 2484.5
1223190 2491.6
1223200 2498.8
1223210 2498.8
1223220 2505.6
1223230 2511.7
1223240 2511.7
1223250 2515.3
1223260 2519.1
1223270 2519.1
1223280 2524.2
1223290 2531.6
1223300 2531.6
1223310 2538.2
1223320 2544.2
1223330 2544.2
1223340 2549.4
1223350 2553.8
1223360 2553.8
1223370 2559.3
1223380 2566.8
1223390 2566.8
1223400 2574.3
1223410 2581.2
1223420 2581.2
1223430 2587.9
1223440 2596.9
1223450 2601.7
1223460 2601.7
1223470 2606.0
1223480 2610.4
1223490 2610.4
1223500 2615.0
1223510 2617.5
1223520 2617.5
1223530 2618.9
1223540 2621.1
1223550 2621.1
1223560 2624.2
1223570 2627.8
1223580 2627.8
1223590 2632.7
1223600 2637.1
1223610 2637.1
1223620 2641.2
1223630 2645.0
1223640 2645.0
1223650 2648.0
1223660 2651.2
1223670 2646.2
1223680 2649.7
1223690 2652.5
1223700 2655.6
1223710 2655.6
1223720 2658.7
1223730 2661.2
1223740 2661.2
1223750 2663.4
1223760 2663.0
1223770 2663.0
1223780 2662.8
1223790 2663.4
1223800 2663.4
1223810 2663.7
1223820 2664.3
1223830 2664.3
1223840 2664.1
1223850 2662.6
1223860 2662.6
1223870 2660.5
1223880 2658.1
1223890 2658.1
1223900 2655.3
1223910 2652.8
1223920 2652.8
1223930 2652.3
1223940 2650.9
1223950 2647.2
1223960 2647.2
1223970 2641.0
1223980 2634.6
1223990 2634.6
1224000 2632.5
1224010 2633.1
1224020 2633.1
1224030 2635.6
1224040 2638.6
1224050 2638.6
1224060 2642.0
1224070 2645.7
1224080 2645.7
1224090 2648.6
1224100 2647.8
1224110 2647.8
1224120 2645.9
1224130 2647.1
1224140 2647.1
1224150 2648.7
1224160 2653.0
1224170 2653.0
1224180 2653.8
1224190 2655.4
1224200 2655.4
1224210 2658.7
1224220 2662.8
1224230 2665.5
1224240 2665.5
1224250 2665.3
1224260 2665.5
1224270 2665.5
1224280 2665.9
1224290 2666.8
1224300 2666.8
1224310 2668.7
1224320 2671.9
1224330 2671.9
1224340 2676.2
1224350 2681.8
1224360 2681.8
1224370 2687.4
1224380 2690.6
1224390 2690.6
1224400 2693.4
1224410 2696.1
1224420 2696.1
1224430 2697.7
1224440 2697.9
1224450 2697.9
1224460 2697.3
1224470 2695.2
1224480 2690.7
1224490 2690.7
1224500 2687.7
1224510 2686.4
1224520 2686.4
1224530 2685.4
1224540 2685.6
1224550 2685.6
1224560 2680.8
1224570 2677.2
1224580 2677.2
1224590 2672.4
1224600 2666.6
1224610 2666.6
1224620 2664.7
1224630 2663.2
1224640 2663.2
1224650 2672.4
1224660 2675.2
1224670 2675.2
1224680 2677.0
1224690 2674.3
1224700 2674.3
1224710 2670.8
1224720 2668.2
1224730 2667.8
1224740 2667.8
1224750 2668.6
1224760 2670.2
1224770 2670.2
1224780 2670.5
1224790 2667.3
1224800 2667.3
1224810 2662.5
1224820 2658.8
1224830 2658.8
1224840 2656.5
1224850 2653.8
1224860 2653.8
1224870 2648.6
1224880 2642.6
1224890 2642.6
1224900 2636.1
1224910 2628.6
1224920 2628.6
1224930 2619.9
1224940 2612.8
1224950 2612.8
1224960 2605.1
1224970 2598.8
1224980 2595.2
1224990 2595.2
1225000 2593.1
1225010 2591.5
1225020 2591.5
1225030 2589.0
1225040 2584.8
1225050 2584.8
1225060 2582.0
1225070 2584.2
1225080 2584.2
1225090 2586.2
1225100 2586.2
1225110 2586.2
1225120 2585.9
1225130 2586.1
1225140 2593.6
1225150 2594.0
1225160 2592.5
1225170 2592.5
1225180 2592.4
1225190 2593.9
1225200 2593.9
1225210 2596.2
1225220 2597.4
1225230 2597.4
1225240 2598.0
1225250 2599.7
1225260 2602.6
1225270 2602.6
1225280 2615.8
1225290 2625.6
1225300 2625.6
1225310 2633.9
1225320 2636.3
1225330 2636.3
1225340 2634.9
1225350 2636.4
1225360 2636.4
1225370 2644.0
1225380 2645.8
1225390 2645.8
1225400 2647.8
1225410 2651.9
1225420 2651.9
1225430 2656.5
1225440 2661.7
1225450 2661.7
1225460 2667.9
1225470 2671.4
1225480 2671.4
1225490 2677.1
1225500 2680.9
1225510 2684.8
1225520 2684.8
1225530 2687.5
1225540 2683.5
1225550 2683.5
1225560 2675.3
1225570 2666.8
1225580 2666.8
1225590 2658.0
1225600 2649.7
1225610 2649.7
1225620 2641.9
1225630 2645.8
1225640 2645.8
1225650 2645.1
1225660 2646.1
1225670 2646.1
1225680 2644.6
1225690 2648.7
1225700 2648.7
1225710 2650.8
1225720 2655.4
1225730 2655.4
1225740 2656.4
1225750 2654.9
1225760 2657.5
1225770 2657.5
1225780 2654.8
1225790 2648.1
1225800 2648.1
1225810 2639.9
1225820 2631.4
1225830 2631.4
1225840 2622.4
1225850 2614.3
1225860 2614.3
1225870 2606.8
1225880 2600.0
1225890 2600.0
1225900 2593.5
1225910 2587.1
1225920 2587.1
1225930 2581.0
1225940 2575.3
1225950 2575.3
1225960 2570.0
1225970 2564.8
1225980 2564.8
1225990 2559.9
1226000 2556.2
1226010 2552.5
1226020 2552.5
1226030 2548.5
1226040 2543.1
1226050 2543.1
1226060 2536.7
1226070 2530.8
1226080 2530.8
1226090 2525.8
1226100 2523.4
1226110 2523.4
1226120 2529.2
1226130 2527.5
1226140 2527.5
1226150 2524.0
1226160 2521.0
1226170 2521.0
1226180 2519.9
1226190 2522.4
1226200 2522.4
1226210 2526.0
1226220 2527.7
1226230 2527.7
1226240 2528.4
1226250 2526.3
1226260 2527.5
1226270 2527.5
1226280 2527.3
1226290 2525.3
1226300 2525.3
1226310 2534.6
1226320 2543.2
1226330 2543.2
1226340 2545.9
1226350 2542.4
1226360 2542.4
1226370 2537.7
1226380 2532.3
1226390 2532.3
1226400 2523.5
1226410 2514.6
1226420 2514.6
1226430 2505.0
1226440 2497.1
1226450 2497.1
1226460 2493.9
1226470 2494.4
1226480 2494.4
1226490 2482.8
1226500 2471.3
1226510 2471.3
1226520 2469.4
1226530 2471.1
1226540 2461.4
1226550 2461.4
1226560 2462.7
1226570 2475.8
1226580 2475.8
1226590 2487.2
1226600 2492.2
1226610 2492.2
1226620 2510.1
1226630 2509.2
1226640 2509.2
1226650 2507.2
1226660 2500.6
1226670 2500.6
1226680 2490.1
1226690 2484.8
1226700 2484.8
1226710 2487.2
1226720 2490.0
1226730 2490.0
1226740 2494.4
1226750 2495.9
1226760 2495.9
1226770 2497.9
1226780 2497.4
1226790 2496.8
1226800 2496.8
1226810 2506.7
1226820 2515.5
1226830 2515.5
1226840 2522.8
1226850 2530.9
1226860 2530.9
1226870 2539.3
1226880 2546.5
1226890 2546.5
1226900 2548.3
1226910 2544.8
1226920 2544.8
1226930 2537.0
1226940 2532.4
1226950 2532.4
1226960 2534.3
1226970 2535.9
1226980 2535.9
1226990 2529.0
1227000 2522.5
1227010 2522.5
1227020 2529.3
1227030 2542.2
1227040 2540.1
1227050 2540.1
1227060 2532.6
1227070 2525.1
1227080 2525.1
1227090 2514.2
1227100 2504.3
1227110 2509.8
1227120 2500.7
1227130 2493.1
1227140 2493.1
1227150 2486.2
1227160 2482.1
1227170 2482.1
1227180 2481.1
1227190 2483.6
1227200 2483.6
1227210 2484.6
1227220 2482.0
1227230 2482.0
1227240 2476.1
1227250 2470.0
1227260 2470.0
1227270 2464.2
1227280 2460.1
1227290 2455.5
1227300 2455.5
1227310 2451.3
1227320 2447.9
1227330 2447.9
1227340 2443.8
1227350 2439.4
1227360 2439.4
1227370 2435.1
1227380 2430.8
1227390 2430.8
1227400 2426.3
1227410 2421.1
1227420 2421.1
1227430 2415.4
1227440 2410.1
1227450 2410.1
1227460 2404.6
1227470 2399.7
1227480 2399.7
1227490 2396.0
1227500 2393.1
1227510 2393.1
1227520 2391.5
1227530 2391.5
1227540 2392.9
1227550 2392.9
1227560 2396.0
1227570 2399.5
1227580 2399.5
1227590 2403.0
1227600 2412.1
1227610 2412.1
1227620 2411.6
1227630 2410.0
1227640 2410.0
1227650 2410.5
1227660 2410.8
1227670 2410.8
1227680 2409.2
1227690 2404.9
1227700 2404.9
1227710 2400.9
1227720 2398.1
1227730 2398.1
1227740 2395.7
1227750 2393.9
1227760 2393.9
1227770 2393.6
1227780 2393.6
1227790 2393.6
1227800 2392.7
1227810 2391.5
1227820 2393.2
1227830 2393.2
1227840 2396.6
1227850 2398.2
1227860 2398.2
1227870 2399.4
1227880 2400.4
1227890 2400.4
1227900 2401.8
1227910 2404.2
1227920 2404.2
1227930 2406.9
1227940 2412.0
1227950 2412.0
1227960 2416.6
1227970 2421.2
1227980 2421.2
1227990 2425.6
1228000 2430.7
1228010 2430.7
1228020 2437.2
1228030 2444.3
1228040 2444.3
1228050 2451.5
1228060 2459.2
1228070 2472.6
1228080 2472.6
1228090 2487.3
1228100 2500.0
1228110 2500.0
1228120 2513.7
1228130 2523.7
1228140 2523.7
1228150 2532.8
1228160 2542.0
1228170 2542.0
1228180 2552.6
1228190 2562.6
1228200 2562.6
1228210 2570.3
1228220 2577.0
1228230 2577.0
1228240 2572.5
1228250 2563.1
1228260 2563.1
1228270 2553.3
1228280 2543.5
1228290 2543.5
1228300 2533.2
1228310 2516.9
1228320 2503.3
1228330 2503.3
1228340 2489.0
1228350 2476.4
1228360 2476.4
1228370 2469.9
1228380 2458.5
1228390 2458.5
1228400 2446.1
1228410 2437.0
1228420 2437.0
1228430 2430.4
1228440 2423.6
1228450 2423.6
1228460 2416.6
1228470 2409.9
1228480 2409.9
1228490 2403.7
1228500 2397.5
1228510 2397.5
1228520 2391.7
1228530 2386.4
1228540 2386.4
1228550 2381.2
1228560 2375.5
1228570 2370.1
1228580 2370.1
1228590 2364.7
1228600 2358.1
1228610 2358.1
1228620 2353.4
1228630 2349.3
1228640 2349.3
1228650 2346.0
1228660 2344.0
1228670 2344.0
1228680 2343.3
1228690 2342.8
1228700 2342.8
1228710 2342.3
1228720 2341.7
1228730 2341.7
1228740 2340.7
1228750 2339.6
1228760 2339.6
1228770 2336.6
1228780 2332.5
1228790 2332.5
1228800 2328.8
1228810 2324.8
1228820 2320.7
1228830 2320.7
1228840 2317.1
1228850 2314.1
1228860 2314.1
1228870 2311.5
1228880 2309.4
1228890 2309.4
1228900 2307.5
1228910 2305.4
1228920 2305.4
1228930 2302.2
1228940 2297.1
1228950 2297.1
1228960 2290.9
1228970 2283.9
1228980 2283.9
1228990 2276.7
1229000 2269.4
1229010 2269.4
1229020 2262.8
1229030 2256.4
1229040 2256.4
1229050 2249.8
1229060 2244.2
1229070 2244.2
1229080 2239.3
1229090 2234.2
1229100 2230.3
1229110 2230.3
1229120 2225.3
1229130 2220.4
1229140 2220.4
1229150 2215.7
1229160 2210.8
1229170 2210.8
1229180 2206.4
1229190 2202.2
1229200 2202.2
1229210 2198.2
1229220 2194.2
1229230 2194.2
1229240 2190.2
1229250 2186.2
1229260 2186.2
1229270 2182.6
1229280 2179.4
1229290 2179.4
1229300 2176.2
1229310 2173.2
1229320 2173.2
1229330 2169.1
1229340 2166.0
1229350 2166.2
1229360 2166.2
1229370 2166.6
1229380 2166.5
1229390 2166.5
1229400 2166.1
1229410 2165.7
1229420 2165.7
1229430 2165.9
1229440 2166.9
1229450 2166.9
1229460 2168.0
1229470 2168.8
1229480 2168.8
1229490 2169.5
1229500 2169.3
1229510 2169.3
1229520 2169.9
1229530 2169.6
1229540 2169.6
1229550 2170.7
1229560 2171.7
1229570 2171.7
1229580 2173.9
1229590 2171.3
1229600 2173.5
1229610 2173.5
1229620 2176.3
1229630 2179.6
1229640 2179.6
1229650 2183.7
1229660 2188.0
1229670 2188.0
1229680 2191.9
1229690 2195.5
1229700 2195.5
1229710 2198.2
1229720 2200.6
1229730 2200.6
1229740 2203.2
1229750 2204.8
1229760 2204.8
1229770 2205.5
1229780 2204.7
1229790 2204.7
1229800 2202.1
1229810 2199.0
1229820 2199.0
1229830 2200.8
1229840 2206.4
1229850 2211.5
1229860 2211.5
1229870 2217.3
1229880 2221.9
1229890 2221.9
1229900 2224.2
1229910 2225.3
1229920 2225.3
1229930 2225.1
1229940 2225.7
1229950 2225.7
1229960 2229.8
1229970 2234.2
1229980 2234.2
1229990 2236.2
1230000 2239.5
1230010 2239.5
1230020 2241.6
1230030 2242.9
1230040 2242.9
1230050 2245.6
1230060 2248.1
1230070 2248.1
1230080 2248.9
1230090 2243.8
1230100 2243.2
1230110 2243.2
1230120 2242.3
1230130 2240.9
1230140 2240.9
1230150 2243.6
1230160 2249.2
1230170 2249.2
1230180 2253.9
1230190 2256.7
1230200 2256.7
1230210 2259.7
1230220 2265.0
1230230 2265.0
1230240 2273.8
1230250 2282.6
1230260 2282.6
1230270 2289.7
1230280 2294.1
1230290 2294.1
1230300 2296.7
1230310 2298.1
1230320 2298.1
1230330 2298.8
1230340 2299.3
1230350 2299.3
1230360 2300.6
1230370 2302.1
1230380 2303.6
1230390 2303.6
1230400 2305.3
1230410 2305.2
1230420 2305.2
1230430 2304.1
1230440 2303.6
1230450 2303.6
1230460 2303.3
1230470 2307.3
1230480 2307.3
1230490 2313.1
1230500 2317.7
1230510 2317.7
1230520 2322.1
1230530 2328.1
1230540 2328.1
1230550 2334.6
1230560 2340.3
1230570 2340.3
1230580 2345.4
1230590 2348.1
1230600 2348.1
1230610 2356.0
1230620 2363.5
1230630 2370.0
1230640 2370.0
1230650 2376.7
1230660 2383.5
1230670 2383.5
1230680 2390.3
1230690 2397.1
1230700 2397.1
1230710 2401.1
1230720 2401.9
1230730 2401.9
1230740 2402.4
1230750 2404.7
1230760 2404.7
1230770 2406.4
1230780 2403.3
1230790 2403.3
1230800 2400.7
1230810 2405.3
1230820 2405.3
1230830 2410.6
1230840 2411.5
1230850 2411.5
1230860 2407.9
1230870 2403.7
1230880 2404.1
1230890 2404.1
1230900 2408.8
1230910 2416.3
1230920 2416.3
1230930 2423.5
1230940 2430.5
1230950 2430.5
1230960 2436.9
1230970 2442.1
1230980 2442.1
1230990 2449.5
1231000 2458.5
1231010 2458.5
1231020 2465.3
1231030 2473.4
1231040 2473.4
1231050 2481.3
1231060 2489.7
1231070 2489.7
1231080 2497.4
1231090 2500.7
1231100 2493.3
1231110 2493.4
1231120 2490.6
1231130 2487.8
1231140 2487.8
1231150 2489.9
1231160 2496.7
1231170 2496.7
1231180 2502.0
1231190 2507.2
1231200 2507.2
1231210 2513.3
1231220 2519.7
1231230 2519.7
1231240 2526.0
1231250 2531.9
1231260 2531.9
1231270 2537.1
1231280 2540.5
1231290 2540.5
1231300 2541.5
1231310 2540.5
1231320 2540.5
1231330 2538.9
1231340 2536.9
1231350 2536.9
1231360 2535.5
1231370 2534.5
1231380 2533.5
1231390 2533.5
1231400 2532.2
1231410 2531.3
1231420 2531.3
1231430 2529.9
1231440 2533.1
1231450 2533.1
1231460 2538.5
1231470 2544.1
1231480 2544.1
1231490 2550.0
1231500 2555.5
1231510 2555.5
1231520 2560.6
1231530 2565.9
1231540 2565.9
1231550 2571.0
1231560 2575.6
1231570 2575.6
1231580 2580.0
1231590 2584.5
1231600 2577.9
1231610 2582.5
1231620 2587.1
1231630 2591.6
1231640 2591.6
1231650 2596.5
1231660 2601.9
1231670 2601.9
1231680 2607.5
1231690 2612.9
1231700 2612.9
1231710 2614.4
1231720 2609.0
1231730 2609.0
1231740 2600.3
1231750 2592.9
1231760 2592.9
1231770 2587.8
1231780 2581.6
1231790 2581.6
1231800 2573.6
1231810 2564.0
1231820 2564.0
1231830 2555.9
1231840 2548.7
1231850 2548.7
1231860 2542.0
1231870 2534.9
1231880 2534.9
1231890 2527.1
1231900 2519.3
1231910 2511.9
1231920 2511.9
1231930 2505.3
1231940 2499.1
1231950 2499.1
1231960 2493.2
1231970 2487.5
1231980 2487.5
1231990 2481.8
1232000 2476.4
1232010 2476.4
1232020 2471.3
1232030 2467.1
1232040 2467.1
1232050 2463.7
1232060 2460.8
1232070 2460.8
1232080 2458.0
1232090 2454.6
1232100 2456.3
1232110 2454.1
1232120 2452.6
1232130 2452.6
1232140 2449.3
1232150 2447.6
1232160 2446.4
1232170 2446.4
1232180 2446.5
1232190 2446.9
1232200 2446.9
1232210 2447.0
1232220 2447.0
1232230 2447.0
1232240 2447.0
1232250 2447.5
1232260 2447.5
1232270 2447.2
1232280 2446.5
1232290 2446.5
1232300 2444.9
1232310 2442.0
1232320 2442.0
1232330 2438.4
1232340 2434.5
1232350 2434.5
1232360 2430.6
1232370 2427.1
1232380 2427.1
1232390 2426.1
1232400 2425.2
1232410 2423.4
1232420 2423.4
1232430 2421.6
1232440 2418.8
1232450 2418.8
1232460 2415.4
1232470 2411.7
1232480 2411.7
1232490 2408.4
1232500 2405.6
1232510 2405.6
1232520 2402.2
1232530 2397.6
1232540 2397.6
1232550 2393.5
1232560 2389.9
1232570 2389.9
1232580 2386.4
1232590 2383.6
1232600 2388.7
1232610 2384.9
1232620 2379.6
1232630 2379.6
1232640 2374.4
1232650 2369.2
1232660 2365.7
1232670 2365.7
1232680 2363.2
1232690 2359.9
1232700 2359.9
1232710 2356.6
1232720 2353.7
1232730 2353.7
1232740 2350.5
1232750 2347.2
1232760 2347.2
1232770 2343.3
1232780 2338.6
1232790 2338.6
1232800 2333.6
1232810 2329.2
1232820 2329.2
1232830 2324.9
1232840 2320.2
1232850 2320.2
1232860 2315.8
1232870 2311.3
1232880 2311.3
1232890 2307.5
1232900 2304.7
1232910 2301.1
1232920 2301.1
1232930 2296.4
1232940 2291.4
1232950 2291.4
1232960 2285.9
1232970 2279.3
1232980 2279.3
1232990 2273.0
1233000 2267.3
1233010 2267.3
1233020 2262.5
1233030 2258.8
1233040 2258.8
1233050 2255.5
1233060 2252.6
1233070 2252.6
1233080 2250.8
1233090 2248.3
1233100 2248.3
1233110 2249.1
1233120 2244.9
1233130 2244.9
1233140 2238.6
1233150 2232.5
1233160 2232.5
1233170 2226.9
1233180 2220.9
1233190 2214.6
1233200 2214.6
1233210 2208.3
1233220 2202.2
1233230 2202.2
1233240 2196.4
1233250 2190.6
1233260 2190.6
1233270 2185.2
1233280 2179.6
1233290 2179.6
1233300 2173.0
1233310 2166.3
1233320 2166.3
1233330 2160.4
1233340 2154.5
1233350 2154.5
1233360 2149.2
1233370 2145.0
1233380 2145.0
1233390 2141.5
1233400 2138.1
1233410 2138.1
1233420 2134.2
1233430 2128.8
1233440 2122.3
1233450 2122.3
1233460 2115.8
1233470 2109.3
1233480 2109.3
1233490 2102.5
1233500 2096.5
1233510 2096.5
1233520 2090.9
1233530 2083.9
1233540 2083.9
1233550 2079.1
1233560 2075.3
1233570 2075.3
1233580 2071.4
1233590 2067.3
1233600 2067.3
1233610 2061.9
1233620 2060.4
1233630 2060.4
1233640 2056.1
1233650 2052.1
1233660 2052.1
1233670 2047.5
1233680 2042.6
1233690 2038.0
1233700 2038.0
1233710 2033.3
1233720 2028.2
1233730 2028.2
1233740 2023.3
1233750 2018.3
1233760 2018.3
1233770 2013.8
1233780 2009.3
1233790 2009.3
1233800 2005.2
1233810 2001.7
1233820 2001.7
1233830 1998.8
1233840 1996.5
1233850 1996.5
1233860 1994.3
1233870 1992.5
1233880 1992.5
1233890 1990.1
1233900 1987.5
1233910 1987.5
1233920 1985.2
1233930 1983.1
1233940 1981.3
1233950 1981.3
1233960 1979.0
1233970 1976.5
1233980 1976.5
1233990 1974.6
1234000 1973.9
1234010 1973.9
1234020 1973.9
1234030 1974.4
1234040 1974.4
1234050 1974.8
1234060 1973.8
1234070 1973.8
1234080 1972.3
1234090 1969.5
1234100 1969.5
1234110 1966.7
1234120 1969.9
1234130 1969.9
1234140 1968.7
1234150 1966.7
1234160 1966.7
1234170 1963.9
1234180 1962.4
1234190 1961.5
1234200 1961.5
1234210 1961.0
1234220 1960.6
1234230 1960.6
1234240 1959.8
1234250 1959.2
1234260 1959.2
1234270 1958.4
1234280 1957.1
1234290 1957.1
1234300 1955.5
1234310 1953.4
1234320 1953.4
1234330 1951.3
1234340 1949.7
1234350 1949.7
1234360 1948.0
1234370 1945.7
1234380 1945.7
1234390 1943.3
1234400 1941.2
1234410 1941.2
1234420 1939.5
1234430 1937.7
1234440 1937.7
1234450 1935.7
1234460 1934.1
1234470 1931.8
1234480 1931.8
1234490 1930.1
1234500 1928.4
1234510 1928.4
1234520 1928.0
1234530 1927.6
1234540 1927.6
1234550 1926.2
1234560 1924.3
1234570 1924.3
1234580 1923.0
1234590 1920.2
1234600 1920.2
1234610 1917.2
1234620 1915.3
1234630 1917.9
1234640 1916.0
1234650 1914.8
1234660 1914.8
1234670 1914.2
1234680 1914.2
1234690 1914.2
1234700 1914.4
1234710 1915.0
1234720 1915.8
1234730 1915.8
1234740 1916.9
1234750 1916.1
1234760 1916.1
1234770 1916.0
1234780 1916.5
1234790 1916.5
1234800 1916.5
1234810 1916.4
1234820 1916.4
1234830 1915.9
1234840 1914.9
1234850 1914.9
1234860 1914.5
1234870 1915.2
1234880 1915.2
1234890 1915.1
1234900 1915.5
1234910 1915.5
1234920 1915.8
1234930 1915.1
1234940 1915.1
1234950 1913.8
1234960 1912.0
1234970 1909.7
1234980 1909.7
1234990 1908.0
1235000 1906.1
1235010 1906.1
1235020 1903.8
1235030 1902.2
1235040 1902.2
1235050 1900.9
1235060 1899.4
1235070 1899.4
1235080 1897.4
1235090 1895.2
1235100 1895.2
1235110 1892.7
1235120 1890.5
1235130 1890.5
1235140 1891.7
1235150 1890.4
1235160 1890.4
1235170 1890.0
1235180 1889.5
1235190 1889.5
1235200 1888.9
1235210 1889.1
1235220 1888.8
1235230 1888.8
1235240 1887.6
1235250 1887.1
1235260 1887.1
1235270 1887.0
1235280 1886.2
1235290 1886.2
1235300 1885.1
1235310 1883.9
1235320 1883.9
1235330 1883.4
1235340 1884.5
1235350 1884.5
1235360 1886.9
1235370 1889.7
1235380 1889.7
1235390 1891.8
1235400 1893.4
1235410 1893.4
1235420 1894.2
1235430 1895.6
1235440 1895.6
1235450 1898.0
1235460 1900.0
1235470 1901.3
1235480 1901.3
1235490 1903.5
1235500 1905.6
1235510 1905.6
1235520 1907.2
1235530 1908.5
1235540 1908.5
1235550 1909.6
1235560 1910.5
1235570 1910.5
1235580 1911.4
1235590 1912.5
1235600 1912.5
1235610 1913.7
1235620 1914.6
1235630 1914.6
1235640 1915.2
1235650 1920.5
1235660 1920.5
1235670 1922.6
1235680 1924.9
1235690 1924.9
1235700 1927.3
1235710 1929.7
1235720 1929.7
1235730 1931.9
1235740 1934.1
1235750 1936.4
1235760 1936.4
1235770 1938.9
1235780 1939.9
1235790 1939.9
1235800 1942.0
1235810 1945.0
1235820 1945.0
1235830 1947.7
1235840 1949.7
1235850 1949.7
1235860 1952.3
1235870 1956.1
1235880 1956.1
1235890 1960.6
1235900 1965.3
1235910 1965.3
1235920 1970.2
1235930 1975.4
1235940 1975.4
1235950 1980.3
1235960 1985.5
1235970 1985.5
1235980 1990.5
1235990 1994.8
1236000 1998.6
1236010 1998.6
1236020 2000.5
1236030 2004.9
1236040 2004.9
1236050 2010.2
1236060 2014.0
1236070 2014.0
1236080 2017.9
1236090 2021.7
1236100 2021.7
1236110 2025.3
1236120 2026.1
1236130 2026.1
1236140 2028.7
1236150 2035.8
1236160 2037.3
1236170 2044.9
1236180 2052.1
1236190 2052.1
1236200 2059.7
1236210 2067.7
1236220 2067.7
1236230 2074.2
1236240 2079.7
1236250 2085.1
1236260 2085.1
1236270 2091.6
1236280 2098.7
1236290 2098.7
1236300 2106.6
1236310 2114.8
1236320 2114.8
1236330 2122.8
1236340 2130.4
1236350 2130.4
1236360 2136.8
1236370 2143.1
1236380 2143.1
1236390 2148.9
1236400 2155.0
1236410 2155.0
1236420 2161.6
1236430 2167.7
1236440 2167.7
1236450 2174.0
1236460 2180.9
1236470 2180.9
1236480 2187.5
1236490 2194.3
1236500 2201.2
1236510 2201.2
1236520 2208.1
1236530 2214.8
1236540 2214.8
1236550 2219.9
1236560 2222.6
1236570 2222.6
1236580 2227.0
1236590 2232.4
1236600 2232.4
1236610 2238.5
1236620 2245.9
1236630 2245.9
1236640 2253.7
1236650 2262.0
1236660 2262.0
1236670 2269.3
1236680 2274.2
1236690 2274.2
1236700 2268.6
1236710 2266.6
1236720 2266.6
1236730 2269.4
1236740 2272.1
1236750 2267.1
1236760 2267.1
1236770 2258.2
1236780 2249.5
1236790 2249.5
1236800 2241.2
1236810 2232.8
1236820 2232.8
1236830 2224.1
1236840 2216.3
1236850 2216.3
1236860 2210.8
1236870 2208.3
1236880 2208.3
1236890 2206.0
1236900 2204.3
1236910 2204.3
1236920 2200.9
1236930 2192.2
1236940 2192.2
1236950 2182.6
1236960 2174.0
1236970 2174.0
1236980 2164.8
1236990 2157.6
1237000 2154.0
1237010 2154.0
1237020 2151.4
1237030 2150.2
1237040 2150.2
1237050 2150.1
1237060 2152.3
1237070 2152.3
1237080 2151.5
1237090 2143.0
1237100 2143.0
1237110 2132.9
1237120 2124.7
1237130 2124.7
1237140 2117.3
1237150 2111.0
1237160 2111.0
1237170 2107.1
1237180 2104.2
1237190 2111.9
1237200 2107.1
1237210 2103.9
1237220 2103.9
1237230 2099.7
1237240 2097.4
1237250 2097.4
1237260 2098.0
1237270 2095.2
1237280 2088.8
1237290 2088.8
1237300 2081.6
1237310 2074.9
1237320 2074.9
1237330 2070.6
1237340 2067.1
1237350 2067.1
1237360 2065.5
1237370 2063.4
1237380 2063.4
1237390 2061.9
1237400 2061.8
1237410 2061.8
1237420 2061.3
1237430 2059.7
1237440 2059.7
1237450 2057.1
1237460 2054.3
1237470 2054.3
1237480 2053.6
1237490 2051.8
1237500 2051.8
1237510 2048.7
1237520 2045.4
1237530 2042.4
1237540 2042.4
1237550 2039.5
1237560 2037.2
1237570 2037.2
1237580 2035.1
1237590 2032.4
1237600 2032.4
1237610 2029.8
1237620 2026.3
1237630 2026.3
1237640 2022.4
1237650 2019.2
1237660 2019.2
1237670 2017.7
1237680 2016.0
1237690 2016.0
1237700 2014.0
1237710 2010.9
1237720 2010.9
1237730 2010.9
1237740 2011.5
1237750 2011.5
1237760 2012.8
1237770 2013.5
1237780 2015.0
1237790 2015.0
1237800 2016.9
1237810 2019.3
1237820 2019.3
1237830 2021.9
1237840 2024.9
1237850 2024.9
1237860 2028.3
1237870 2032.4
1237880 2032.4
1237890 2036.4
1237900 2040.9
1237910 2040.9
1237920 2045.8
1237930 2050.6
1237940 2050.6
1237950 2055.3
1237960 2060.6
1237970 2060.6
1237980 2066.1
1237990 2071.8
1238000 2071.8
1238010 2078.2
1238020 2084.9
1238030 2090.4
1238040 2090.4
1238050 2096.2
1238060 2102.3
1238070 2102.3
1238080 2108.8
1238090 2115.7
1238100 2115.7
1238110 2125.9
1238120 2139.0
1238130 2139.0
1238140 2151.0
1238150 2163.0
1238160 2163.0
1238170 2173.7
1238180 2183.0
1238190 2183.0
1238200 2193.6
1238210 2204.6
1238220 2205.1
1238230 2211.8
1238240 2216.1
1238250 2216.1
1238260 2221.1
1238270 2227.1
1238280 2232.8
1238290 2232.8
1238300 2237.2
1238310 2244.6
1238320 2244.6
1238330 2253.5
1238340 2261.7
1238350 2261.7
1238360 2271.5
1238370 2281.4
1238380 2281.4
1238390 2290.0
1238400 2299.2
1238410 2299.2
1238420 2308.4
1238430 2317.1
1238440 2317.1
1238450 2325.3
1238460 2333.0
1238470 2333.0
1238480 2340.5
1238490 2347.6
1238500 2347.6
1238510 2354.8
1238520 2361.9
1238530 2361.9
1238540 2369.0
1238550 2375.6
1238560 2382.8
1238570 2382.8
1238580 2389.5
1238590 2395.9
1238600 2395.9
1238610 2402.2
1238620 2408.3
1238630 2408.3
1238640 2414.5
1238650 2420.9
1238660 2420.9
1238670 2427.5
1238680 2432.8
1238690 2432.8
1238700 2436.5
1238710 2439.9
1238720 2439.9
1238730 2443.1
1238740 2450.1
1238750 2450.1
1238760 2453.9
1238770 2457.3
1238780 2457.3
1238790 2460.9
1238800 2463.9
1238810 2466.0
1238820 2466.0
1238830 2467.5
1238840 2469.0
1238850 2469.0
1238860 2470.5
1238870 2471.1
1238880 2471.1
1238890 2471.3
1238900 2471.3
1238910 2471.3
1238920 2471.1
1238930 2470.5
1238940 2470.5
1238950 2469.3
1238960 2468.3
1238970 2468.3
1238980 2467.5
1238990 2466.6
1239000 2466.6
1239010 2465.2
1239020 2462.8
1239030 2462.8
1239040 2457.4
1239050 2450.5
1239060 2444.3
1239070 2444.3
1239080 2438.3
1239090 2432.0
1239100 2432.0
1239110 2426.0
1239120 2420.0
1239130 2420.0
1239140 2414.5
1239150 2407.6
1239160 2407.6
1239170 2400.5
1239180 2394.9
1239190 2394.9
1239200 2389.7
1239210 2383.9
1239220 2383.9
1239230 2380.6
1239240 2378.1
1239250 2370.5
1239260 2367.6
1239270 2364.5
1239280 2364.5
1239290 2360.7
1239300 2356.2
1239310 2348.7
1239320 2348.7
1239330 2343.4
1239340 2337.7
1239350 2337.7
1239360 2330.2
1239370 2323.5
1239380 2323.5
1239390 2313.7
1239400 2299.8
1239410 2299.8
1239420 2287.1
1239430 2275.7
1239440 2275.7
1239450 2266.3
1239460 2256.0
1239470 2256.0
1239480 2241.9
1239490 2230.1
1239500 2230.1
1239510 2220.7
1239520 2211.5
1239530 2211.5
1239540 2202.0
1239550 2191.1
1239560 2179.1
1239570 2179.1
1239580 2167.5
1239590 2155.0
1239600 2155.0
1239610 2143.7
1239620 2130.5
1239630 2130.5
1239640 2114.7
1239650 2102.6
1239660 2102.6
1239670 2095.6
1239680 2087.1
1239690 2087.1
1239700 2076.8
1239710 2067.3
1239720 2067.3
1239730 2060.1
1239740 2052.0
1239750 2052.0
1239760 2044.3
1239770 2036.2
1239780 2036.2
1239790 2026.7
1239800 2018.0
1239810 2018.0
1239820 2008.5
1239830 1999.5
1239840 1991.2
1239850 1991.2
1239860 1982.4
1239870 1973.8
1239880 1973.8
1239890 1966.6
1239900 1959.8
1239910 1959.8
1239920 1953.5
1239930 1947.4
1239940 1947.4
1239950 1941.3
1239960 1935.1
1239970 1935.1
1239980 1929.1
1239990 1923.4
