1220000 2172.7
1220010 2174.5
1220020 2174.5
1220030 2175.1
1220040 2168.6
1220050 2168.6
1220060 2167.6
1220070 2166.0
1220080 2166.0
1220090 2163.6
1220100 2160.0
1220110 2160.0
1220120 2155.4
1220130 2151.4
1220140 2151.4
1220150 2149.9
1220160 2149.4
1220170 2149.4
1220180 2147.7
1220190 2144.7
1220200 2144.7
1220210 2141.7
1220220 2139.0
1220230 2135.7
1220240 2135.7
1220250 2132.3
1220260 2128.4
1220270 2128.4
1220280 2124.9
1220290 2120.5
1220300 2120.5
1220310 2114.8
1220320 2110.0
1220330 2110.0
1220340 2105.6
1220350 2099.6
1220360 2099.6
1220370 2092.9
1220380 2086.6
1220390 2086.6
1220400 2080.7
1220410 2074.7
1220420 2074.7
1220430 2070.1
1220440 2067.5
1220450 2067.5
1220460 2065.8
1220470 2064.7
1220480 2064.2
1220490 2064.2
1220500 2063.9
1220510 2063.1
1220520 2065.2
1220530 2064.5
1220540 2064.3
1220550 2064.3
1220560 2064.0
1220570 2063.3
1220580 2063.3
1220590 2061.5
1220600 2061.1
1220610 2061.1
1220620 2062.3
1220630 2062.2
1220640 2062.2
1220650 2061.7
1220660 2060.7
1220670 2060.7
1220680 2059.6
1220690 2058.7
1220700 2058.7
1220710 2057.3
1220720 2055.8
1220730 2055.8
1220740 2055.2
1220750 2054.3
1220760 2052.4
1220770 2052.4
1220780 2049.0
1220790 2046.8
1220800 2046.8
1220810 2045.8
1220820 2044.3
1220830 2044.3
1220840 2041.1
1220850 2037.3
1220860 2037.3
1220870 2034.0
1220880 2030.0
1220890 2030.0
1220900 2026.3
1220910 2023.1
1220920 2023.1
1220930 2020.8
1220940 2019.6
1220950 2019.6
1220960 2017.8
1220970 2016.5
1220980 2016.5
1220990 2014.1
1221000 2018.9
1221010 2020.3
1221020 2020.3
1221030 2019.7
1221040 2018.6
1221050 2018.6
1221060 2022.3
1221070 2023.7
1221080 2023.7
1221090 2023.2
1221100 2023.2
1221110 2023.2
1221120 2025.0
1221130 2026.4
1221140 2026.4
1221150 2027.1
1221160 2027.8
1221170 2027.8
1221180 2027.8
1221190 2025.8
1221200 2025.8
1221210 2023.3
1221220 2021.7
1221230 2021.7
1221240 2023.4
1221250 2024.0
1221260 2024.7
1221270 2024.7
1221280 2026.0
1221290 2026.8
1221300 2026.8
1221310 2028.2
1221320 2029.4
1221330 2029.4
1221340 2030.2
1221350 2029.8
1221360 2029.8
1221370 2030.4
1221380 2031.7
1221390 2031.7
1221400 2033.9
1221410 2036.2
1221420 2036.2
1221430 2040.5
1221440 2045.2
1221450 2045.2
1221460 2049.5
1221470 2053.7
1221480 2053.7
1221490 2059.4
1221500 2063.3
1221510 2066.8
1221520 2066.8
1221530 2069.8
1221540 2072.9
1221550 2072.9
1221560 2075.5
1221570 2077.8
1221580 2077.8
1221590 2080.3
1221600 2082.8
1221610 2082.8
1221620 2083.4
1221630 2083.7
1221640 2083.7
1221650 2084.7
1221660 2086.7
1221670 2086.7
1221680 2089.7
1221690 2092.8
1221700 2092.8
1221710 2095.3
1221720 2097.8
1221730 2097.8
1221740 2100.4
1221750 2102.8
1221760 2102.8
1221770 2104.3
1221780 2105.8
1221790 2107.7
1221800 2107.7
1221810 2109.0
1221820 2110.0
1221830 2110.0
1221840 2110.5
1221850 2110.6
1221860 2110.6
1221870 2110.7
1221880 2112.2
1221890 2112.2
1221900 2114.5
1221910 2116.0
1221920 2116.0
1221930 2117.0
1221940 2119.4
1221950 2119.4
1221960 2122.1
1221970 2125.3
1221980 2125.3
1221990 2128.8
1222000 2132.9
1222010 2132.9
1222020 2136.9
1222030 2140.8
1222040 2144.6
1222050 2144.6
1222060 2148.1
1222070 2151.3
1222080 2151.3
1222090 2153.3
1222100 2153.9
1222110 2153.9
1222120 2155.7
1222130 2159.0
1222140 2159.0
1222150 2162.3
1222160 2165.4
1222170 2165.4
1222180 2168.7
1222190 2171.6
1222200 2171.6
1222210 2174.6
1222220 2177.6
1222230 2177.6
1222240 2180.8
1222250 2185.0
1222260 2185.0
1222270 2189.2
1222280 2194.3
1222290 2200.3
1222300 2200.3
1222310 2206.7
1222320 2213.3
1222330 2213.3
1222340 2219.1
1222350 2223.1
1222360 2223.1
1222370 2228.8
1222380 2235.7
1222390 2235.7
1222400 2243.8
1222410 2252.3
1222420 2252.3
1222430 2262.0
1222440 2271.2
1222450 2271.2
1222460 2293.0
1222470 2305.0
1222480 2305.0
1222490 2313.8
1222500 2320.2
1222510 2320.2
1222520 2327.3
1222530 2333.5
1222540 2333.5
1222550 2339.4
1222560 2348.3
1222570 2359.0
1222580 2359.0
1222590 2364.3
1222600 2364.4
1222610 2364.4
1222620 2363.0
1222630 2359.3
1222640 2359.3
1222650 2354.2
1222660 2348.6
1222670 2348.6
1222680 2344.7
1222690 2340.3
1222700 2340.3
1222710 2332.7
1222720 2326.4
1222730 2326.4
1222740 2322.3
1222750 2318.6
1222760 2318.6
1222770 2315.6
1222780 2313.8
1222790 2313.8
1222800 2313.8
1222810 2312.6
1222820 2311.9
1222830 2311.9
1222840 2311.4
1222850 2310.9
1222860 2310.9
1222870 2310.4
1222880 2309.5
1222890 2309.5
1222900 2309.9
1222910 2310.1
1222920 2310.1
1222930 2309.8
1222940 2317.1
1222950 2317.1
1222960 2321.1
1222970 2322.7
1222980 2322.7
1222990 2323.8
1223000 2325.0
1223010 2325.0
1223020 2324.6
1223030 2322.8
1223040 2322.8
1223050 2319.1
1223060 2313.2
1223070 2307.7
1223080 2307.7
1223090 2302.9
1223100 2299.4
1223110 2299.4
1223120 2298.2
1223130 2298.4
1223140 2298.4
1223150 2296.2
1223160 2289.6
1223170 2289.6
1223180 2281.0
1223190 2273.4
1223200 2273.4
1223210 2265.4
1223220 2256.0
1223230 2256.0
1223240 2249.7
1223250 2240.0
1223260 2240.0
1223270 2227.3
1223280 2219.6
1223290 2219.6
1223300 2212.8
1223310 2206.6
1223320 2200.2
1223330 2200.2
1223340 2194.2
1223350 2189.2
1223360 2189.2
1223370 2184.6
1223380 2181.4
1223390 2181.4
1223400 2179.8
1223410 2178.4
1223420 2178.4
1223430 2181.5
1223440 2178.8
1223450 2178.8
1223460 2176.2
1223470 2175.0
1223480 2175.0
1223490 2175.0
1223500 2173.6
1223510 2173.6
1223520 2173.4
1223530 2173.4
1223540 2173.4
1223550 2173.4
1223560 2173.5
1223570 2173.5
1223580 2174.3
1223590 2174.9
1223600 2176.0
1223610 2176.0
1223620 2177.7
1223630 2178.8
1223640 2178.8
1223650 2179.6
1223660 2179.8
1223670 2179.8
1223680 2179.5
1223690 2179.4
1223700 2179.4
1223710 2180.1
1223720 2180.1
1223730 2180.1
1223740 2178.7
1223750 2178.5
1223760 2178.5
1223770 2180.1
1223780 2183.6
1223790 2183.6
1223800 2186.5
1223810 2189.2
1223820 2189.2
1223830 2192.0
1223840 2193.5
1223850 2191.5
1223860 2191.5
1223870 2187.4
1223880 2184.1
1223890 2184.1
1223900 2182.1
1223910 2180.2
1223920 2181.7
1223930 2179.0
1223940 2176.2
1223950 2176.2
1223960 2175.3
1223970 2176.0
1223980 2176.0
1223990 2177.1
1224000 2177.4
1224010 2177.4
1224020 2176.8
1224030 2177.1
1224040 2177.1
1224050 2177.5
1224060 2177.7
1224070 2177.7
1224080 2178.3
1224090 2178.3
1224100 2180.5
1224110 2180.5
1224120 2182.6
1224130 2184.0
1224140 2184.0
1224150 2185.1
1224160 2185.6
1224170 2185.6
1224180 2185.1
1224190 2185.3
1224200 2185.3
1224210 2184.9
1224220 2184.8
1224230 2184.8
1224240 2185.2
1224250 2185.1
1224260 2185.1
1224270 2183.5
1224280 2180.7
1224290 2180.7
1224300 2177.4
1224310 2174.2
1224320 2174.2
1224330 2171.2
1224340 2168.1
1224350 2166.0
1224360 2166.0
1224370 2165.2
1224380 2166.2
1224390 2166.2
1224400 2173.3
1224410 2175.9
1224420 2175.9
1224430 2178.7
1224440 2182.3
1224450 2182.3
1224460 2186.1
1224470 2189.6
1224480 2189.6
1224490 2193.2
1224500 2196.6
1224510 2196.6
1224520 2199.6
1224530 2202.8
1224540 2202.8
1224550 2206.5
1224560 2211.0
1224570 2211.0
1224580 2216.6
1224590 2219.9
1224600 2219.9
1224610 2221.6
1224620 2224.0
1224630 2228.3
1224640 2228.3
1224650 2233.0
1224660 2238.7
1224670 2238.7
1224680 2247.5
1224690 2258.9
1224700 2258.9
1224710 2269.6
1224720 2274.2
1224730 2274.2
1224740 2279.0
1224750 2287.5
1224760 2287.5
1224770 2298.6
1224780 2304.4
1224790 2304.4
1224800 2306.7
1224810 2300.5
1224820 2300.5
1224830 2292.4
1224840 2287.3
1224850 2287.3
1224860 2282.6
1224870 2279.3
1224880 2274.2
1224890 2276.7
1224900 2270.5
1224910 2264.7
1224920 2264.7
1224930 2259.8
1224940 2255.9
1224950 2255.9
1224960 2253.0
1224970 2250.1
1224980 2250.1
1224990 2247.4
1225000 2245.9
1225010 2245.9
1225020 2244.4
1225030 2238.5
1225040 2238.5
1225050 2224.5
1225060 2216.6
1225070 2216.6
1225080 2208.5
1225090 2194.7
1225100 2194.7
1225110 2183.8
1225120 2172.7
1225130 2156.0
1225140 2156.0
1225150 2140.1
1225160 2128.7
1225170 2128.7
1225180 2122.8
1225190 2117.9
1225200 2117.9
1225210 2115.0
1225220 2112.2
1225230 2112.2
1225240 2110.5
1225250 2110.3
1225260 2110.3
1225270 2110.0
1225280 2111.2
1225290 2111.2
1225300 2113.5
1225310 2115.6
1225320 2115.6
1225330 2117.1
1225340 2116.8
1225350 2116.8
1225360 2117.2
1225370 2115.3
1225380 2115.3
1225390 2121.9
1225400 2118.7
1225410 2113.7
1225420 2113.7
1225430 2103.9
1225440 2094.4
1225450 2094.4
1225460 2087.2
1225470 2082.8
1225480 2082.8
1225490 2076.4
1225500 2072.0
1225510 2072.0
1225520 2070.1
1225530 2065.5
1225540 2065.5
1225550 2064.4
1225560 2067.1
1225570 2067.1
1225580 2066.6
1225590 2067.2
1225600 2067.2
1225610 2070.1
1225620 2065.9
1225630 2065.9
1225640 2061.8
1225650 2060.0
1225660 2063.1
1225670 2063.1
1225680 2066.3
1225690 2068.2
1225700 2068.2
1225710 2069.7
1225720 2070.8
1225730 2070.8
1225740 2072.5
1225750 2079.4
1225760 2079.4
1225770 2087.3
1225780 2094.8
1225790 2094.8
1225800 2100.8
1225810 2103.1
1225820 2103.1
1225830 2104.7
1225840 2106.5
1225850 2106.5
1225860 2107.0
1225870 2106.2
1225880 2111.2
1225890 2114.0
1225900 2118.7
1225910 2123.7
1225920 2123.7
1225930 2130.6
1225940 2140.4
1225950 2140.4
1225960 2148.5
1225970 2155.5
1225980 2155.5
1225990 2162.1
1226000 2167.2
1226010 2167.2
1226020 2166.1
1226030 2165.8
1226040 2165.8
1226050 2165.2
1226060 2164.7
1226070 2164.7
1226080 2165.9
1226090 2167.6
1226100 2167.6
1226110 2167.8
1226120 2168.3
1226130 2168.3
1226140 2166.7
1226150 2162.1
1226160 2154.1
1226170 2154.1
1226180 2145.4
1226190 2134.7
1226200 2134.7
1226210 2124.0
1226220 2119.5
1226230 2119.5
1226240 2113.2
1226250 2108.3
1226260 2108.3
1226270 2103.8
1226280 2095.9
1226290 2095.9
1226300 2086.3
1226310 2079.4
1226320 2079.4
1226330 2072.6
1226340 2064.6
1226350 2064.6
1226360 2058.2
1226370 2064.3
1226380 2064.3
1226390 2061.5
1226400 2058.1
1226410 2058.1
1226420 2056.4
1226430 2054.0
1226440 2050.8
1226450 2050.8
1226460 2048.1
1226470 2045.5
1226480 2045.5
1226490 2044.9
1226500 2045.5
1226510 2045.5
1226520 2044.0
1226530 2042.9
1226540 2042.9
1226550 2041.6
1226560 2040.8
1226570 2040.8
1226580 2041.6
1226590 2043.0
1226600 2043.0
1226610 2045.4
1226620 2046.8
1226630 2046.8
1226640 2048.4
1226650 2051.5
1226660 2051.5
1226670 2054.4
1226680 2056.3
1226690 2055.0
1226700 2055.0
1226710 2053.3
1226720 2054.5
1226730 2054.5
1226740 2057.0
1226750 2059.7
1226760 2059.7
1226770 2061.7
1226780 2062.6
1226790 2062.6
1226800 2063.4
1226810 2064.7
1226820 2064.7
1226830 2065.9
1226840 2066.7
1226850 2066.7
1226860 2068.6
1226870 2069.3
1226880 2069.3
1226890 2070.6
1226900 2071.7
1226910 2071.7
1226920 2074.1
1226930 2076.2
1226940 2077.4
1226950 2077.4
1226960 2078.6
1226970 2080.2
1226980 2080.2
1226990 2082.1
1227000 2083.8
1227010 2083.8
1227020 2086.5
1227030 2090.7
1227040 2090.7
1227050 2095.4
1227060 2100.5
1227070 2100.5
1227080 2105.0
1227090 2108.8
1227100 2108.8
1227110 2113.9
1227120 2120.2
1227130 2120.2
1227140 2126.2
1227150 2130.9
1227160 2130.9
1227170 2135.5
1227180 2140.1
1227190 2145.1
1227200 2145.1
1227210 2150.2
1227220 2155.1
1227230 2155.1
1227240 2159.5
1227250 2163.6
1227260 2163.6
1227270 2168.8
1227280 2174.5
1227290 2174.5
1227300 2180.0
1227310 2185.1
1227320 2185.1
1227330 2190.1
1227340 2195.2
1227350 2195.2
1227360 2200.0
1227370 2205.9
1227380 2205.9
1227390 2212.1
1227400 2219.1
1227410 2219.1
1227420 2227.7
1227430 2236.6
1227440 2236.6
1227450 2245.7
1227460 2256.5
1227470 2266.1
1227480 2266.1
1227490 2274.9
1227500 2283.3
1227510 2283.3
1227520 2289.6
1227530 2296.0
1227540 2296.0
1227550 2303.3
1227560 2312.2
1227570 2312.2
1227580 2321.9
1227590 2331.0
1227600 2331.0
1227610 2339.8
1227620 2346.2
1227630 2346.2
1227640 2350.8
1227650 2355.0
1227660 2355.0
1227670 2359.3
1227680 2366.0
1227690 2366.0
1227700 2368.3
1227710 2367.0
1227720 2370.8
1227730 2370.8
1227740 2371.0
1227750 2367.8
1227760 2367.8
1227770 2363.2
1227780 2356.7
1227790 2356.7
1227800 2349.6
1227810 2343.0
1227820 2343.0
1227830 2338.8
1227840 2335.4
1227850 2331.7
1227860 2329.2
1227870 2328.0
1227880 2328.0
1227890 2326.6
1227900 2325.6
1227910 2325.6
1227920 2326.2
1227930 2328.5
1227940 2328.5
1227950 2332.7
1227960 2337.0
1227970 2341.1
1227980 2341.1
1227990 2345.0
1228000 2348.6
1228010 2348.6
1228020 2352.3
1228030 2356.6
1228040 2356.6
1228050 2361.2
1228060 2366.2
1228070 2366.2
1228080 2371.9
1228090 2377.9
1228100 2377.9
1228110 2384.5
1228120 2391.3
1228130 2391.3
1228140 2397.6
1228150 2404.1
1228160 2404.1
1228170 2410.6
1228180 2416.0
1228190 2416.0
1228200 2421.5
1228210 2426.0
1228220 2426.0
1228230 2431.3
1228240 2437.2
1228250 2442.7
1228260 2442.7
1228270 2447.5
1228280 2450.8
1228290 2450.8
1228300 2452.9
1228310 2454.7
1228320 2454.7
1228330 2456.7
1228340 2458.7
1228350 2462.2
1228360 2465.4
1228370 2468.5
1228380 2468.5
1228390 2471.1
1228400 2473.7
1228410 2473.7
1228420 2477.5
1228430 2481.9
1228440 2481.9
1228450 2486.0
1228460 2489.8
1228470 2489.8
1228480 2493.9
1228490 2498.6
1228500 2503.0
1228510 2503.0
1228520 2506.7
1228530 2510.6
1228540 2510.6
1228550 2514.9
1228560 2521.8
1228570 2521.8
1228580 2529.6
1228590 2536.6
1228600 2536.6
1228610 2542.8
1228620 2548.1
1228630 2548.1
1228640 2553.2
1228650 2557.1
1228660 2557.1
1228670 2558.1
1228680 2562.0
1228690 2562.0
1228700 2566.2
1228710 2568.2
1228720 2568.2
1228730 2565.9
1228740 2560.4
1228750 2555.1
1228760 2555.1
1228770 2550.6
1228780 2546.8
1228790 2546.8
1228800 2543.8
1228810 2541.5
1228820 2541.5
1228830 2539.7
1228840 2538.7
1228850 2532.0
1228860 2531.5
1228870 2530.4
1228880 2530.4
1228890 2529.1
1228900 2527.8
1228910 2527.8
1228920 2527.3
1228930 2527.3
1228940 2527.3
1228950 2528.0
1228960 2528.5
1228970 2528.5
1228980 2528.5
1228990 2529.2
1229000 2529.8
1229010 2529.8
1229020 2530.6
1229030 2531.7
1229040 2531.7
1229050 2533.1
1229060 2534.1
1229070 2534.1
1229080 2534.9
1229090 2535.1
1229100 2535.1
1229110 2536.4
1229120 2538.0
1229130 2538.0
1229140 2541.2
1229150 2544.5
1229160 2544.5
1229170 2547.7
1229180 2550.4
1229190 2550.4
1229200 2552.9
1229210 2555.4
1229220 2555.4
1229230 2557.6
1229240 2559.1
1229250 2559.1
1229260 2560.9
1229270 2563.6
1229280 2567.4
1229290 2567.4
1229300 2570.1
1229310 2571.2
1229320 2571.2
1229330 2569.7
1229340 2565.5
1229350 2565.5
1229360 2568.4
1229370 2574.3
1229380 2574.3
1229390 2581.4
1229400 2589.4
1229410 2589.4
1229420 2600.6
1229430 2610.3
1229440 2610.3
1229450 2615.7
1229460 2619.0
1229470 2619.0
1229480 2624.0
1229490 2627.4
1229500 2627.4
1229510 2631.9
1229520 2635.4
1229530 2636.9
1229540 2636.9
1229550 2633.8
1229560 2629.4
1229570 2629.4
1229580 2623.5
1229590 2612.9
1229600 2612.9
1229610 2605.4
1229620 2599.0
1229630 2599.0
1229640 2592.3
1229650 2583.8
1229660 2583.8
1229670 2572.2
1229680 2560.6
1229690 2560.6
1229700 2548.6
1229710 2541.1
1229720 2541.1
1229730 2536.1
1229740 2531.5
1229750 2531.5
1229760 2526.8
1229770 2521.8
1229780 2517.8
1229790 2517.8
1229800 2514.3
1229810 2511.7
1229820 2511.7
1229830 2510.7
1229840 2513.1
1229850 2513.1
1229860 2512.3
1229870 2511.2
1229880 2511.2
1229890 2509.6
1229900 2509.2
1229910 2509.2
1229920 2511.2
1229930 2514.5
1229940 2514.5
1229950 2517.4
1229960 2519.4
1229970 2519.4
1229980 2519.8
1229990 2519.2
1230000 2519.2
1230010 2518.2
1230020 2517.1
1230030 2516.2
1230040 2516.2
1230050 2516.5
1230060 2516.1
1230070 2516.1
1230080 2515.3
1230090 2514.0
1230100 2514.0
1230110 2513.1
1230120 2511.3
1230130 2511.3
1230140 2508.9
1230150 2507.0
1230160 2507.0
1230170 2505.7
1230180 2504.8
1230190 2504.8
1230200 2504.6
1230210 2504.6
1230220 2504.6
1230230 2504.3
1230240 2503.1
1230250 2503.1
1230260 2501.6
1230270 2500.7
1230280 2500.7
1230290 2500.5
1230300 2500.8
1230310 2502.1
1230320 2502.1
1230330 2504.8
1230340 2505.1
1230350 2505.1
1230360 2509.4
1230370 2514.2
1230380 2514.2
1230390 2518.8
1230400 2523.2
1230410 2523.2
1230420 2527.8
1230430 2532.1
1230440 2532.1
1230450 2536.7
1230460 2544.6
1230470 2544.6
1230480 2553.3
1230490 2562.1
1230500 2562.1
1230510 2571.1
1230520 2576.8
1230530 2576.8
1230540 2582.4
1230550 2586.9
1230560 2588.7
1230570 2588.7
1230580 2599.2
1230590 2605.1
1230600 2605.1
1230610 2607.3
1230620 2604.3
1230630 2604.3
1230640 2601.9
1230650 2604.1
1230660 2604.1
1230670 2605.0
1230680 2608.4
1230690 2608.4
1230700 2611.2
1230710 2611.4
1230720 2611.4
1230730 2610.6
1230740 2610.0
1230750 2610.0
1230760 2610.6
1230770 2611.7
1230780 2611.7
1230790 2614.5
1230800 2618.0
1230810 2621.7
1230820 2621.7
1230830 2630.4
1230840 2625.7
1230850 2625.7
1230860 2629.8
1230870 2640.4
1230880 2640.4
1230890 2642.8
1230900 2646.0
1230910 2646.0
1230920 2655.9
1230930 2665.1
1230940 2665.1
1230950 2671.4
1230960 2670.2
1230970 2670.2
1230980 2669.4
1230990 2678.6
1231000 2678.6
1231010 2691.5
1231020 2705.0
1231030 2705.0
1231040 2716.3
1231050 2722.9
1231060 2726.1
1231070 2726.1
1231080 2728.4
1231090 2730.7
1231100 2730.7
1231110 2732.9
1231120 2734.6
1231130 2734.6
1231140 2735.1
1231150 2734.2
1231160 2734.2
1231170 2731.9
1231180 2730.1
1231190 2730.1
1231200 2730.1
1231210 2730.9
1231220 2730.9
1231230 2732.9
1231240 2732.9
1231250 2732.9
1231260 2722.8
1231270 2714.2
1231280 2714.2
1231290 2712.6
1231300 2706.4
1231310 2706.4
1231320 2698.1
1231330 2694.2
1231340 2694.1
1231350 2682.4
1231360 2689.2
1231370 2692.8
1231380 2692.8
1231390 2689.4
1231400 2685.5
1231410 2685.5
1231420 2678.8
1231430 2671.9
1231440 2671.9
1231450 2665.2
1231460 2658.7
1231470 2658.7
1231480 2654.8
1231490 2658.1
1231500 2658.1
1231510 2658.2
1231520 2651.0
1231530 2651.0
1231540 2642.3
1231550 2648.5
1231560 2648.5
1231570 2647.6
1231580 2642.3
1231590 2639.6
1231600 2639.6
1231610 2638.8
1231620 2631.7
1231630 2631.7
1231640 2625.2
1231650 2617.0
1231660 2617.0
1231670 2606.8
1231680 2597.4
1231690 2597.4
1231700 2591.0
1231710 2581.1
1231720 2581.1
1231730 2569.0
1231740 2558.2
1231750 2558.2
1231760 2551.7
1231770 2550.1
1231780 2550.1
1231790 2543.2
1231800 2529.8
1231810 2529.8
1231820 2515.5
1231830 2500.4
1231840 2490.5
1231850 2485.3
1231860 2478.2
1231870 2471.8
1231880 2471.8
1231890 2464.4
1231900 2456.8
1231910 2456.8
1231920 2451.0
1231930 2445.0
1231940 2445.0
1231950 2438.2
1231960 2431.9
1231970 2431.9
1231980 2423.9
1231990 2416.0
1232000 2416.0
1232010 2409.2
1232020 2403.3
1232030 2403.3
1232040 2397.7
1232050 2393.8
1232060 2393.8
1232070 2390.5
1232080 2389.7
1232090 2389.7
1232100 2390.5
1232110 2391.0
1232120 2390.7
1232130 2390.7
1232140 2387.8
1232150 2381.0
1232160 2381.0
1232170 2373.9
1232180 2366.0
1232190 2366.0
1232200 2358.2
1232210 2350.9
1232220 2350.9
1232230 2344.0
1232240 2337.0
1232250 2337.0
1232260 2326.1
1232270 2315.7
1232280 2315.7
1232290 2307.5
1232300 2302.6
1232310 2302.6
1232320 2299.9
1232330 2295.8
1232340 2295.8
1232350 2286.3
1232360 2283.8
1232370 2280.4
1232380 2280.4
1232390 2276.1
1232400 2274.8
1232410 2274.8
1232420 2274.5
1232430 2273.3
1232440 2273.3
1232450 2273.1
1232460 2271.9
1232470 2271.9
1232480 2270.9
1232490 2271.2
1232500 2271.2
1232510 2272.0
1232520 2271.1
1232530 2271.1
1232540 2269.5
1232550 2270.7
1232560 2270.7
1232570 2272.4
1232580 2273.8
1232590 2273.8
1232600 2274.8
1232610 2275.8
1232620 2277.8
1232630 2277.8
1232640 2280.1
1232650 2281.5
1232660 2281.5
1232670 2281.0
1232680 2278.4
1232690 2278.4
1232700 2275.3
1232710 2271.5
1232720 2271.5
1232730 2267.8
1232740 2266.2
1232750 2266.2
1232760 2264.6
1232770 2263.0
1232780 2263.0
1232790 2262.7
1232800 2262.7
1232810 2262.7
1232820 2262.4
1232830 2263.1
1232840 2263.1
1232850 2264.5
1232860 2259.7
1232870 2260.3
1232880 2260.3
1232890 2259.2
1232900 2258.2
1232910 2258.2
1232920 2257.6
1232930 2257.0
1232940 2257.0
1232950 2256.9
1232960 2256.4
1232970 2256.4
1232980 2255.8
1232990 2254.7
1233000 2254.7
1233010 2252.9
1233020 2250.7
1233030 2250.7
1233040 2249.5
1233050 2248.7
1233060 2248.7
1233070 2247.6
1233080 2247.3
1233090 2247.3
1233100 2246.6
1233110 2244.5
1233120 2244.5
1233130 2243.6
1233140 2243.8
1233150 2243.5
1233160 2243.5
1233170 2243.0
1233180 2242.7
1233190 2242.7
1233200 2243.4
1233210 2244.3
1233220 2244.3
1233230 2245.1
1233240 2246.0
1233250 2246.0
1233260 2247.0
1233270 2247.8
1233280 2247.8
1233290 2248.1
1233300 2248.5
1233310 2248.5
1233320 2247.8
1233330 2247.7
1233340 2247.7
1233350 2249.7
1233360 2246.8
1233370 2246.8
1233380 2248.1
1233390 2249.0
1233400 2250.0
1233410 2250.0
1233420 2250.4
1233430 2250.9
1233440 2250.9
1233450 2249.8
1233460 2248.0
1233470 2248.0
1233480 2249.3
1233490 2251.8
1233500 2251.8
1233510 2253.7
1233520 2255.7
1233530 2255.7
1233540 2258.4
1233550 2260.8
1233560 2260.8
1233570 2262.4
1233580 2264.6
1233590 2264.6
1233600 2267.1
1233610 2269.2
1233620 2269.2
1233630 2271.5
1233640 2274.7
1233650 2277.9
1233660 2277.9
1233670 2280.6
1233680 2282.3
1233690 2282.3
1233700 2284.1
1233710 2286.2
1233720 2286.2
1233730 2288.9
1233740 2292.3
1233750 2292.3
1233760 2295.5
1233770 2297.8
1233780 2297.8
1233790 2300.0
1233800 2302.6
1233810 2302.6
1233820 2304.9
1233830 2307.3
1233840 2307.3
1233850 2310.2
1233860 2312.8
1233870 2307.6
1233880 2309.5
1233890 2310.5
1233900 2310.4
1233910 2310.4
1233920 2309.5
1233930 2308.4
1233940 2308.4
1233950 2306.6
1233960 2304.2
1233970 2304.2
1233980 2301.6
1233990 2297.7
1234000 2297.7
1234010 2291.9
1234020 2286.8
1234030 2286.8
1234040 2281.9
1234050 2277.9
1234060 2277.9
1234070 2275.0
1234080 2272.4
1234090 2272.4
1234100 2269.3
1234110 2266.5
1234120 2266.5
1234130 2263.5
1234140 2260.2
1234150 2260.2
1234160 2258.1
1234170 2256.2
1234180 2254.1
1234190 2254.1
1234200 2252.0
1234210 2249.7
1234220 2249.7
1234230 2247.3
1234240 2244.3
1234250 2244.3
1234260 2240.8
1234270 2237.3
1234280 2237.3
1234290 2233.7
1234300 2231.0
1234310 2231.0
1234320 2228.2
1234330 2224.0
1234340 2224.0
1234350 2219.0
1234360 2215.0
1234370 2215.0
1234380 2210.2
1234390 2207.9
1234400 2207.9
1234410 2205.7
1234420 2203.2
1234430 2200.3
1234440 2200.3
1234450 2197.5
1234460 2193.0
1234470 2193.0
1234480 2188.5
1234490 2184.8
1234500 2184.8
1234510 2180.9
1234520 2177.0
1234530 2177.0
1234540 2174.0
1234550 2172.2
1234560 2172.2
1234570 2168.2
1234580 2163.3
1234590 2163.3
1234600 2157.9
1234610 2153.5
1234620 2153.5
1234630 2149.9
1234640 2146.0
1234650 2146.0
1234660 2141.9
1234670 2137.1
1234680 2132.3
1234690 2132.3
1234700 2127.7
1234710 2124.0
1234720 2124.0
1234730 2120.3
1234740 2116.7
1234750 2116.7
1234760 2112.7
1234770 2108.1
1234780 2108.1
1234790 2102.8
1234800 2097.2
1234810 2097.2
1234820 2091.7
1234830 2086.2
1234840 2086.2
1234850 2080.6
1234860 2075.3
1234870 2075.3
1234880 2070.5
1234890 2061.1
1234900 2061.1
1234910 2055.6
1234920 2050.4
1234930 2044.6
1234940 2044.6
1234950 2038.2
1234960 2032.2
1234970 2032.2
1234980 2026.4
1234990 2020.1
1235000 2020.1
1235010 2013.2
1235020 2005.2
1235030 2005.2
1235040 1996.0
1235050 1988.2
1235060 1988.2
1235070 1981.1
1235080 1974.2
1235090 1974.2
1235100 1966.0
1235110 1957.9
1235120 1957.9
1235130 1950.0
1235140 1942.6
1235150 1942.6
1235160 1935.5
1235170 1929.0
1235180 1929.0
1235190 1922.6
1235200 1916.0
1235210 1908.6
1235220 1908.6
1235230 1901.6
1235240 1894.4
1235250 1894.4
1235260 1887.8
1235270 1881.5
1235280 1881.5
1235290 1875.1
1235300 1868.4
1235310 1868.4
1235320 1861.5
1235330 1855.3
1235340 1855.3
1235350 1849.4
1235360 1844.0
1235370 1844.0
1235380 1839.1
1235390 1833.9
1235400 1832.1
1235410 1826.5
1235420 1821.1
1235430 1821.1
1235440 1816.9
1235450 1812.3
1235460 1808.0
1235470 1808.0
1235480 1804.2
1235490 1800.1
1235500 1800.1
1235510 1796.2
1235520 1792.5
1235530 1792.5
1235540 1788.6
1235550 1784.0
1235560 1784.0
1235570 1778.7
1235580 1772.8
1235590 1772.8
1235600 1767.8
1235610 1763.5
1235620 1763.5
1235630 1759.8
1235640 1755.9
1235650 1755.9
1235660 1752.7
1235670 1749.6
1235680 1749.6
1235690 1745.5
1235700 1739.4
1235710 1732.2
1235720 1732.2
1235730 1726.2
1235740 1721.1
1235750 1721.1
1235760 1715.7
1235770 1709.4
1235780 1709.4
1235790 1703.1
1235800 1696.6
1235810 1696.6
1235820 1690.4
1235830 1685.0
1235840 1685.0
1235850 1681.5
1235860 1680.7
1235870 1680.7
1235880 1681.2
1235890 1682.1
1235900 1682.1
1235910 1692.3
1235920 1691.2
1235930 1691.2
1235940 1688.9
1235950 1686.4
1235960 1683.6
1235970 1683.6
1235980 1681.6
1235990 1681.7
1236000 1681.7
1236010 1682.3
1236020 1680.5
1236030 1680.5
1236040 1678.4
1236050 1678.3
1236060 1678.3
1236070 1679.4
1236080 1680.6
1236090 1680.6
1236100 1681.5
1236110 1681.6
1236120 1681.6
1236130 1681.0
1236140 1678.5
1236150 1678.5
1236160 1675.2
1236170 1673.5
1236180 1673.5
1236190 1672.4
1236200 1671.2
1236210 1671.2
1236220 1670.1
1236230 1669.5
1236240 1669.4
1236250 1669.4
1236260 1670.4
1236270 1672.4
1236280 1672.4
1236290 1674.8
1236300 1677.9
1236310 1677.9
1236320 1681.8
1236330 1685.5
1236340 1685.5
1236350 1688.6
1236360 1691.7
1236370 1691.7
1236380 1695.6
1236390 1700.3
1236400 1700.3
1236410 1704.0
1236420 1708.7
1236430 1708.7
1236440 1708.3
1236450 1706.2
1236460 1706.2
1236470 1703.6
1236480 1701.7
1236490 1700.0
1236500 1700.0
1236510 1697.9
1236520 1695.7
1236530 1695.7
1236540 1693.1
1236550 1690.7
1236560 1690.7
1236570 1688.3
1236580 1686.0
1236590 1686.0
1236600 1682.0
1236610 1677.0
1236620 1677.0
1236630 1674.2
1236640 1675.4
1236650 1675.4
1236660 1679.3
1236670 1684.0
1236680 1684.0
1236690 1685.9
1236700 1689.1
1236710 1689.1
1236720 1693.0
1236730 1695.8
1236740 1697.5
1236750 1697.5
1236760 1698.9
1236770 1701.4
1236780 1701.4
1236790 1704.1
1236800 1706.7
1236810 1706.7
1236820 1709.4
1236830 1712.5
1236840 1712.5
1236850 1716.3
1236860 1720.0
1236870 1720.0
1236880 1723.8
1236890 1728.3
1236900 1728.3
1236910 1733.4
1236920 1739.6
1236930 1738.5
1236940 1745.2
1236950 1751.9
1236960 1751.9
1236970 1759.2
1236980 1766.1
1236990 1766.1
1237000 1772.6
1237010 1776.8
1237020 1777.6
1237030 1777.6
1237040 1777.6
1237050 1779.9
1237060 1779.9
1237070 1784.6
1237080 1789.2
1237090 1789.2
1237100 1793.4
1237110 1798.1
1237120 1798.1
1237130 1802.7
1237140 1807.0
1237150 1807.0
1237160 1811.9
1237170 1816.8
1237180 1816.8
1237190 1820.8
1237200 1824.0
1237210 1824.0
1237220 1827.2
1237230 1830.1
1237240 1830.1
1237250 1833.2
1237260 1834.8
1237270 1833.9
1237280 1833.9
1237290 1836.6
1237300 1842.8
1237310 1842.8
1237320 1847.6
1237330 1851.2
1237340 1851.2
1237350 1855.3
1237360 1859.3
1237370 1859.3
1237380 1863.8
1237390 1870.0
1237400 1870.0
1237410 1874.8
1237420 1878.8
1237430 1878.8
1237440 1882.9
1237450 1886.2
1237460 1886.2
1237470 1890.5
1237480 1894.8
1237490 1894.8
1237500 1899.8
1237510 1904.9
1237520 1910.0
1237530 1910.0
1237540 1916.2
1237550 1923.1
1237560 1923.1
1237570 1929.2
1237580 1934.8
1237590 1934.8
1237600 1940.8
1237610 1947.4
1237620 1947.4
1237630 1954.2
1237640 1961.8
1237650 1961.8
1237660 1970.1
1237670 1978.7
1237680 1978.7
1237690 1987.5
1237700 1997.4
1237710 1997.4
1237720 2008.8
1237730 2018.9
1237740 2018.9
1237750 2026.3
1237760 2033.2
1237770 2042.3
1237780 2042.3
1237790 2052.2
1237800 2060.9
1237810 2060.9
1237820 2069.5
1237830 2077.8
1237840 2077.8
1237850 2084.5
1237860 2092.2
1237870 2092.2
1237880 2100.8
1237890 2109.3
1237900 2109.3
1237910 2116.8
1237920 2124.1
1237930 2124.1
1237940 2131.1
1237950 2138.7
1237960 2138.0
1237970 2147.5
1237980 2156.5
1237990 2156.5
1238000 2163.4
1238010 2171.3
1238020 2171.3
1238030 2178.4
1238040 2182.7
1238050 2186.1
1238060 2186.1
1238070 2189.3
1238080 2194.7
1238090 2194.7
1238100 2204.6
1238110 2214.4
1238120 2214.4
1238130 2221.9
1238140 2226.4
1238150 2226.4
1238160 2230.2
1238170 2233.2
1238180 2233.2
1238190 2236.7
1238200 2241.1
1238210 2241.1
1238220 2245.4
1238230 2249.9
1238240 2249.9
1238250 2254.2
1238260 2258.0
1238270 2258.0
1238280 2260.8
1238290 2265.0
1238300 2268.8
1238310 2268.8
1238320 2271.2
1238330 2274.7
1238340 2274.7
1238350 2278.6
1238360 2282.3
1238370 2282.3
1238380 2285.8
1238390 2289.9
1238400 2289.9
1238410 2294.3
1238420 2298.6
1238430 2298.6
1238440 2303.1
1238450 2307.4
1238460 2307.4
1238470 2311.7
1238480 2314.9
1238490 2314.9
1238500 2319.5
1238510 2324.3
1238520 2324.3
1238530 2328.4
1238540 2331.9
1238550 2335.0
1238560 2335.0
1238570 2338.4
1238580 2341.4
1238590 2341.4
1238600 2343.7
1238610 2346.6
1238620 2346.6
1238630 2349.8
1238640 2352.3
1238650 2352.3
1238660 2354.8
1238670 2358.1
1238680 2358.1
1238690 2361.3
1238700 2364.6
1238710 2364.6
1238720 2367.9
1238730 2370.8
1238740 2370.8
1238750 2373.6
1238760 2376.2
1238770 2376.2
1238780 2378.9
1238790 2381.7
1238800 2384.0
1238810 2384.0
1238820 2387.0
1238830 2390.3
1238840 2390.3
1238850 2393.1
1238860 2395.6
1238870 2395.6
1238880 2398.6
1238890 2401.6
1238900 2401.6
1238910 2404.4
1238920 2406.2
1238930 2406.2
1238940 2407.8
1238950 2409.1
1238960 2409.1
1238970 2410.6
1238980 2412.5
1238990 2412.5
1239000 2413.9
1239010 2414.3
1239020 2414.3
1239030 2414.5
1239040 2415.0
1239050 2415.0
1239060 2415.6
1239070 2416.2
1239080 2416.2
1239090 2416.2
1239100 2416.2
1239110 2416.6
1239120 2416.6
1239130 2417.4
1239140 2417.3
1239150 2417.3
1239160 2417.6
1239170 2417.9
1239180 2417.9
1239190 2417.8
1239200 2416.5
1239210 2416.5
1239220 2411.3
1239230 2403.7
1239240 2403.7
1239250 2397.2
1239260 2392.3
1239270 2392.3
1239280 2387.2
1239290 2381.3
1239300 2381.3
1239310 2375.3
1239320 2369.7
1239330 2364.5
1239340 2364.5
1239350 2359.0
1239360 2353.2
1239370 2353.2
1239380 2348.1
1239390 2342.8
1239400 2342.8
1239410 2337.0
1239420 2331.4
1239430 2331.4
1239440 2325.8
1239450 2320.2
1239460 2320.2
1239470 2314.5
1239480 2309.4
1239490 2309.4
1239500 2304.2
1239510 2298.7
1239520 2301.2
1239530 2295.6
1239540 2289.6
1239550 2289.6
1239560 2283.0
1239570 2276.6
1239580 2271.5
1239590 2271.5
1239600 2266.8
1239610 2262.2
1239620 2262.2
1239630 2256.5
1239640 2251.2
1239650 2251.2
1239660 2245.8
1239670 2240.4
1239680 2240.4
1239690 2235.6
1239700 2231.7
1239710 2231.7
1239720 2227.4
1239730 2221.3
1239740 2221.3
1239750 2215.9
1239760 2210.7
1239770 2210.7
1239780 2205.7
1239790 2201.0
1239800 2201.0
1239810 2196.1
1239820 2190.9
1239830 2185.2
1239840 2185.2
1239850 2179.3
1239860 2172.6
1239870 2172.6
1239880 2165.6
1239890 2158.8
1239900 2158.8
1239910 2152.6
1239920 2147.5
1239930 2147.5
1239940 2141.3
1239950 2134.1
1239960 2134.1
1239970 2127.0
1239980 2120.2
1239990 2120.2
