1220000 2133.8
1220010 2133.8
1220020 2135.5
1220030 2138.0
1220040 2138.0
1220050 2140.3
1220060 2142.5
1220070 2142.5
1220080 2144.5
1220090 2146.2
1220100 2147.7
1220110 2147.7
1220120 2149.2
1220130 2150.3
1220140 2150.3
1220150 2151.0
1220160 2151.5
1220170 2151.5
1220180 2151.7
1220190 2151.7
1220200 2151.7
1220210 2152.0
1220220 2152.8
1220230 2152.4
1220240 2153.3
1220250 2153.9
1220260 2153.9
1220270 2154.2
1220280 2154.6
1220290 2154.6
1220300 2155.7
1220310 2157.3
1220320 2157.3
1220330 2158.1
1220340 2158.5
1220350 2158.5
1220360 2159.2
1220370 2159.8
1220380 2161.1
1220390 2161.1
1220400 2162.0
1220410 2161.7
1220420 2161.7
1220430 2161.0
1220440 2159.5
1220450 2159.5
1220460 2158.3
1220470 2157.0
1220480 2157.0
1220490 2155.3
1220500 2153.2
1220510 2153.2
1220520 2151.5
1220530 2151.9
1220540 2151.9
1220550 2151.1
1220560 2150.5
1220570 2150.5
1220580 2150.3
1220590 2148.6
1220600 2148.6
1220610 2144.8
1220620 2145.2
1220630 2148.9
1220640 2148.9
1220650 2150.2
1220660 2150.5
1220670 2150.5
1220680 2152.0
1220690 2154.7
1220700 2154.7
1220710 2157.6
1220720 2159.9
1220730 2159.9
1220740 2161.8
1220750 2163.5
1220760 2163.5
1220770 2164.8
1220780 2166.6
1220790 2166.6
1220800 2168.0
1220810 2168.1
1220820 2168.1
1220830 2168.1
1220840 2169.4
1220850 2169.4
1220860 2171.6
1220870 2170.8
1220880 2169.6
1220890 2169.6
1220900 2169.1
1220910 2167.9
1220920 2167.9
1220930 2165.2
1220940 2162.5
1220950 2162.5
1220960 2161.1
1220970 2158.6
1220980 2158.6
1220990 2158.1
1221000 2161.8
1221010 2161.8
1221020 2163.6
1221030 2162.4
1221040 2162.4
1221050 2160.1
1221060 2158.0
1221070 2158.0
1221080 2155.9
1221090 2154.2
1221100 2154.2
1221110 2152.1
1221120 2149.2
1221130 2147.3
1221140 2147.3
1221150 2145.5
1221160 2143.9
1221170 2143.9
1221180 2143.0
1221190 2144.2
1221200 2144.2
1221210 2142.2
1221220 2141.4
1221230 2141.4
1221240 2141.8
1221250 2141.9
1221260 2141.9
1221270 2142.1
1221280 2143.0
1221290 2143.0
1221300 2145.7
1221310 2149.2
1221320 2149.2
1221330 2151.9
1221340 2153.9
1221350 2153.9
1221360 2155.2
1221370 2156.3
1221380 2156.3
1221390 2158.3
1221400 2160.9
1221410 2163.8
1221420 2163.8
1221430 2166.5
1221440 2168.7
1221450 2168.7
1221460 2171.2
1221470 2173.7
1221480 2173.7
1221490 2175.5
1221500 2177.2
1221510 2177.2
1221520 2178.7
1221530 2180.2
1221540 2180.2
1221550 2181.4
1221560 2181.5
1221570 2181.5
1221580 2181.8
1221590 2183.4
1221600 2183.4
1221610 2186.4
1221620 2191.0
1221630 2191.0
1221640 2195.3
1221650 2200.7
1221660 2206.7
1221670 2209.5
1221680 2215.8
1221690 2222.9
1221700 2222.9
1221710 2228.4
1221720 2231.0
1221730 2231.0
1221740 2232.2
1221750 2232.7
1221760 2232.7
1221770 2232.7
1221780 2233.1
1221790 2233.1
1221800 2234.0
1221810 2235.4
1221820 2235.4
1221830 2237.0
1221840 2238.4
1221850 2238.4
1221860 2239.8
1221870 2242.6
1221880 2242.6
1221890 2245.9
1221900 2248.2
1221910 2249.5
1221920 2249.5
1221930 2249.6
1221940 2249.6
1221950 2249.6
1221960 2250.6
1221970 2252.5
1221980 2252.5
1221990 2253.2
1222000 2254.0
1222010 2254.0
1222020 2256.2
1222030 2259.0
1222040 2259.0
1222050 2264.5
1222060 2270.8
1222070 2270.8
1222080 2277.5
1222090 2285.1
1222100 2285.1
1222110 2294.2
1222120 2304.2
1222130 2304.2
1222140 2311.5
1222150 2316.8
1222160 2325.4
1222170 2325.4
1222180 2333.7
1222190 2340.7
1222200 2340.7
1222210 2347.3
1222220 2354.1
1222230 2354.1
1222240 2360.6
1222250 2366.0
1222260 2366.0
1222270 2370.4
1222280 2374.6
1222290 2374.6
1222300 2378.1
1222310 2380.5
1222320 2380.5
1222330 2382.7
1222340 2385.8
1222350 2385.8
1222360 2389.1
1222370 2392.8
1222380 2392.8
1222390 2396.3
1222400 2399.1
1222410 2399.1
1222420 2401.6
1222430 2403.9
1222440 2405.4
1222450 2405.4
1222460 2406.0
1222470 2407.9
1222480 2407.9
1222490 2410.7
1222500 2414.1
1222510 2414.1
1222520 2417.7
1222530 2421.1
1222540 2421.1
1222550 2424.2
1222560 2427.0
1222570 2427.0
1222580 2429.5
1222590 2431.6
1222600 2431.6
1222610 2433.4
1222620 2435.1
1222630 2435.1
1222640 2437.6
1222650 2439.3
1222660 2439.3
1222670 2441.4
1222680 2442.8
1222690 2444.1
1222700 2444.1
1222710 2445.2
1222720 2445.8
1222730 2445.8
1222740 2446.2
1222750 2444.3
1222760 2444.3
1222770 2440.3
1222780 2437.4
1222790 2437.4
1222800 2434.4
1222810 2431.3
1222820 2431.3
1222830 2428.4
1222840 2426.1
1222850 2426.1
1222860 2424.5
1222870 2423.9
1222880 2423.9
1222890 2423.4
1222900 2423.0
1222910 2423.0
1222920 2423.9
1222930 2426.3
1222940 2429.2
1222950 2429.2
1222960 2432.1
1222970 2437.1
1222980 2437.1
1222990 2442.7
1223000 2447.4
1223010 2447.4
1223020 2450.8
1223030 2454.7
1223040 2454.7
1223050 2459.0
1223060 2463.5
1223070 2463.5
1223080 2468.0
1223090 2472.2
1223100 2472.2
1223110 2475.5
1223120 2478.3
1223130 2482.5
1223140 2484.6
1223150 2486.2
1223160 2486.2
1223170 2487.3
1223180 2488.2
1223190 2488.3
1223200 2488.3
1223210 2487.0
1223220 2483.2
1223230 2483.2
1223240 2478.3
1223250 2471.3
1223260 2471.3
1223270 2463.4
1223280 2457.4
1223290 2457.4
1223300 2455.5
1223310 2454.7
1223320 2454.7
1223330 2448.7
1223340 2441.0
1223350 2441.0
1223360 2434.6
1223370 2429.6
1223380 2429.6
1223390 2423.4
1223400 2415.0
1223410 2415.0
1223420 2406.3
1223430 2396.9
1223440 2396.9
1223450 2389.9
1223460 2382.7
1223470 2374.8
1223480 2374.8
1223490 2368.9
1223500 2363.0
1223510 2363.0
1223520 2358.1
1223530 2354.6
1223540 2354.6
1223550 2350.5
1223560 2347.1
1223570 2347.1
1223580 2344.2
1223590 2339.8
1223600 2339.8
1223610 2332.2
1223620 2334.9
1223630 2334.9
1223640 2334.9
1223650 2338.3
1223660 2338.3
1223670 2339.0
1223680 2338.1
1223690 2338.1
1223700 2340.9
1223710 2340.3
1223720 2342.2
1223730 2342.2
1223740 2343.4
1223750 2342.5
1223760 2342.5
1223770 2342.0
1223780 2339.4
1223790 2339.4
1223800 2339.1
1223810 2336.5
1223820 2336.5
1223830 2335.6
1223840 2337.8
1223850 2337.8
1223860 2336.0
1223870 2336.1
1223880 2336.1
1223890 2335.9
1223900 2334.6
1223910 2334.6
1223920 2331.5
1223930 2328.1
1223940 2328.1
1223950 2324.8
1223960 2322.9
1223970 2319.3
1223980 2319.3
1223990 2315.0
1224000 2312.1
1224010 2312.1
1224020 2310.6
1224030 2308.8
1224040 2308.8
1224050 2307.3
1224060 2306.7
1224070 2306.7
1224080 2306.6
1224090 2306.9
1224100 2312.3
1224110 2311.8
1224120 2310.6
1224130 2310.6
1224140 2309.6
1224150 2308.6
1224160 2308.6
1224170 2307.8
1224180 2307.1
1224190 2307.1
1224200 2307.3
1224210 2308.6
1224220 2310.0
1224230 2310.0
1224240 2312.6
1224250 2315.5
1224260 2315.5
1224270 2318.2
1224280 2322.7
1224290 2322.7
1224300 2327.0
1224310 2327.6
1224320 2327.6
1224330 2327.4
1224340 2327.7
1224350 2327.7
1224360 2328.6
1224370 2330.2
1224380 2330.2
1224390 2330.9
1224400 2335.7
1224410 2335.7
1224420 2337.6
1224430 2337.1
1224440 2337.1
1224450 2336.3
1224460 2334.6
1224470 2334.6
1224480 2332.5
1224490 2331.0
1224500 2330.4
1224510 2330.4
1224520 2330.8
1224530 2331.9
1224540 2331.9
1224550 2334.7
1224560 2337.8
1224570 2337.8
1224580 2340.4
1224590 2346.7
1224600 2346.7
1224610 2349.1
1224620 2353.4
1224630 2353.4
1224640 2357.6
1224650 2363.6
1224660 2363.6
1224670 2370.2
1224680 2376.7
1224690 2376.7
1224700 2382.9
1224710 2388.4
1224720 2388.4
1224730 2394.8
1224740 2399.9
1224750 2406.3
1224760 2406.3
1224770 2418.1
1224780 2428.5
1224790 2428.5
1224800 2439.4
1224810 2450.2
1224820 2450.2
1224830 2457.7
1224840 2458.9
1224850 2458.9
1224860 2450.9
1224870 2437.8
1224880 2437.8
1224890 2419.6
1224900 2405.0
1224910 2405.0
1224920 2392.7
1224930 2385.2
1224940 2385.2
1224950 2387.4
1224960 2392.1
1224970 2392.1
1224980 2389.9
1224990 2389.1
1225000 2388.1
1225010 2388.1
1225020 2382.2
1225030 2373.7
1225040 2373.7
1225050 2365.6
1225060 2360.5
1225070 2360.5
1225080 2363.0
1225090 2345.8
1225100 2345.8
1225110 2330.5
1225120 2324.6
1225130 2324.6
1225140 2317.8
1225150 2312.7
1225160 2312.7
1225170 2309.5
1225180 2307.1
1225190 2307.1
1225200 2305.3
1225210 2304.6
1225220 2304.6
1225230 2302.7
1225240 2305.0
1225250 2308.2
1225260 2308.2
1225270 2310.7
1225280 2314.9
1225290 2314.9
1225300 2316.0
1225310 2316.1
1225320 2316.1
1225330 2312.9
1225340 2308.4
1225350 2308.4
1225360 2303.1
1225370 2296.9
1225380 2296.9
1225390 2293.6
1225400 2292.6
1225410 2292.6
1225420 2291.1
1225430 2290.5
1225440 2290.5
1225450 2289.2
1225460 2287.3
1225470 2287.3
1225480 2284.9
1225490 2284.9
1225500 2284.9
1225510 2285.2
1225520 2286.8
1225530 2287.8
1225540 2287.8
1225550 2286.7
1225560 2289.1
1225570 2294.9
1225580 2296.5
1225590 2296.7
1225600 2296.7
1225610 2292.8
1225620 2287.4
1225630 2287.4
1225640 2284.6
1225650 2282.2
1225660 2282.2
1225670 2279.4
1225680 2275.7
1225690 2275.7
1225700 2274.0
1225710 2273.9
1225720 2273.9
1225730 2273.8
1225740 2273.1
1225750 2273.1
1225760 2271.6
1225770 2270.0
1225780 2269.8
1225790 2269.8
1225800 2263.1
1225810 2260.1
1225820 2260.1
1225830 2258.9
1225840 2258.6
1225850 2258.6
1225860 2262.4
1225870 2265.0
1225880 2265.0
1225890 2267.9
1225900 2270.5
1225910 2270.5
1225920 2272.7
1225930 2275.8
1225940 2275.8
1225950 2279.2
1225960 2282.7
1225970 2282.7
1225980 2289.0
1225990 2300.9
1226000 2300.9
1226010 2315.0
1226020 2328.4
1226030 2340.1
1226040 2340.1
1226050 2351.3
1226060 2361.6
1226070 2367.5
1226080 2371.9
1226090 2369.0
1226100 2369.0
1226110 2365.8
1226120 2362.2
1226130 2362.2
1226140 2358.6
1226150 2358.1
1226160 2358.1
1226170 2359.1
1226180 2359.5
1226190 2359.5
1226200 2359.4
1226210 2358.9
1226220 2358.9
1226230 2357.9
1226240 2358.1
1226250 2358.1
1226260 2360.6
1226270 2364.4
1226280 2369.0
1226290 2369.0
1226300 2374.2
1226310 2380.1
1226320 2380.1
1226330 2385.3
1226340 2383.2
1226350 2383.2
1226360 2376.3
1226370 2371.4
1226380 2371.4
1226390 2366.1
1226400 2356.3
1226410 2356.3
1226420 2344.5
1226430 2329.5
1226440 2329.5
1226450 2314.5
1226460 2301.8
1226470 2301.8
1226480 2287.1
1226490 2272.2
1226500 2272.2
1226510 2259.0
1226520 2253.5
1226530 2253.5
1226540 2250.3
1226550 2248.0
1226560 2251.0
1226570 2251.0
1226580 2244.6
1226590 2233.3
1226600 2233.3
1226610 2222.8
1226620 2213.3
1226630 2213.3
1226640 2204.3
1226650 2199.0
1226660 2199.0
1226670 2195.6
1226680 2191.8
1226690 2191.8
1226700 2189.6
1226710 2186.6
1226720 2186.6
1226730 2185.0
1226740 2183.0
1226750 2183.0
1226760 2179.5
1226770 2176.6
1226780 2176.6
1226790 2174.3
1226800 2172.3
1226810 2171.8
1226820 2171.8
1226830 2171.7
1226840 2171.5
1226850 2171.5
1226860 2171.5
1226870 2171.2
1226880 2171.2
1226890 2170.1
1226900 2169.4
1226910 2169.4
1226920 2168.6
1226930 2167.9
1226940 2167.9
1226950 2167.7
1226960 2168.0
1226970 2168.0
1226980 2167.7
1226990 2167.8
1227000 2167.8
1227010 2168.2
1227020 2168.5
1227030 2168.5
1227040 2169.0
1227050 2173.8
1227060 2174.3
1227070 2174.3
1227080 2175.0
1227090 2175.4
1227100 2175.4
1227110 2176.1
1227120 2175.5
1227130 2175.5
1227140 2174.1
1227150 2175.1
1227160 2175.1
1227170 2177.0
1227180 2178.2
1227190 2178.2
1227200 2179.7
1227210 2179.9
1227220 2179.9
1227230 2177.5
1227240 2175.5
1227250 2175.5
1227260 2174.2
1227270 2172.9
1227280 2172.9
1227290 2172.0
1227300 2171.3
1227310 2171.6
1227320 2171.6
1227330 2171.2
1227340 2170.7
1227350 2170.7
1227360 2170.0
1227370 2169.7
1227380 2169.7
1227390 2171.6
1227400 2172.5
1227410 2172.5
1227420 2172.5
1227430 2171.9
1227440 2171.9
1227450 2170.4
1227460 2169.7
1227470 2169.7
1227480 2169.9
1227490 2170.3
1227500 2170.3
1227510 2171.4
1227520 2171.9
1227530 2171.9
1227540 2171.1
1227550 2169.1
1227560 2169.1
1227570 2169.3
1227580 2170.6
1227590 2173.1
1227600 2173.1
1227610 2175.9
1227620 2178.5
1227630 2178.5
1227640 2182.0
1227650 2186.6
1227660 2186.6
1227670 2192.0
1227680 2198.3
1227690 2198.3
1227700 2204.4
1227710 2210.4
1227720 2210.4
1227730 2216.4
1227740 2222.4
1227750 2222.4
1227760 2228.6
1227770 2234.8
1227780 2234.8
1227790 2241.0
1227800 2247.2
1227810 2247.2
1227820 2253.4
1227830 2260.0
1227840 2266.7
1227850 2266.7
1227860 2273.3
1227870 2280.2
1227880 2280.2
1227890 2287.1
1227900 2293.6
1227910 2293.6
1227920 2300.1
1227930 2306.5
1227940 2306.5
1227950 2312.9
1227960 2319.7
1227970 2319.7
1227980 2330.1
1227990 2339.8
1228000 2339.8
1228010 2347.6
1228020 2356.5
1228030 2356.5
1228040 2367.0
1228050 2379.9
1228060 2379.9
1228070 2391.2
1228080 2399.3
1228090 2407.2
1228100 2407.2
1228110 2414.9
1228120 2419.5
1228130 2419.5
1228140 2425.2
1228150 2433.4
1228160 2433.4
1228170 2441.6
1228180 2449.7
1228190 2449.7
1228200 2458.3
1228210 2465.1
1228220 2465.1
1228230 2471.5
1228240 2477.8
1228250 2477.8
1228260 2483.8
1228270 2489.8
1228280 2489.8
1228290 2495.7
1228300 2501.8
1228310 2501.8
1228320 2507.6
1228330 2513.4
1228340 2518.9
1228350 2518.9
1228360 2524.5
1228370 2530.2
1228380 2530.2
1228390 2536.1
1228400 2542.2
1228410 2542.2
1228420 2547.9
1228430 2553.1
1228440 2553.1
1228450 2558.8
1228460 2565.5
1228470 2565.5
1228480 2572.1
1228490 2578.1
1228500 2578.1
1228510 2582.3
1228520 2575.5
1228530 2575.5
1228540 2554.4
1228550 2547.6
1228560 2547.6
1228570 2542.7
1228580 2531.4
1228590 2531.4
1228600 2524.6
1228610 2519.6
1228620 2513.8
1228630 2513.8
1228640 2507.5
1228650 2501.4
1228660 2501.4
1228670 2497.1
1228680 2494.7
1228690 2494.7
1228700 2493.7
1228710 2490.6
1228720 2490.6
1228730 2483.5
1228740 2475.5
1228750 2475.5
1228760 2469.0
1228770 2464.9
1228780 2464.9
1228790 2463.6
1228800 2463.8
1228810 2463.8
1228820 2462.8
1228830 2462.2
1228840 2462.2
1228850 2460.1
1228860 2457.2
1228870 2456.3
1228880 2456.3
1228890 2457.0
1228900 2454.4
1228910 2454.4
1228920 2449.9
1228930 2445.1
1228940 2445.1
1228950 2441.6
1228960 2441.9
1228970 2441.9
1228980 2444.4
1228990 2444.0
1229000 2444.0
1229010 2435.9
1229020 2427.1
1229030 2427.1
1229040 2422.6
1229050 2410.5
1229060 2410.5
1229070 2401.0
1229080 2391.6
1229090 2391.6
1229100 2382.9
1229110 2376.2
1229120 2370.2
1229130 2370.2
1229140 2365.5
1229150 2363.5
1229160 2363.5
1229170 2362.5
1229180 2362.8
1229190 2362.8
1229200 2364.6
1229210 2366.1
1229220 2366.1
1229230 2365.9
1229240 2363.7
1229250 2363.7
1229260 2361.1
1229270 2358.7
1229280 2358.7
1229290 2357.9
1229300 2357.4
1229310 2357.4
1229320 2357.2
1229330 2359.1
1229340 2359.1
1229350 2361.8
1229360 2364.4
1229370 2367.0
1229380 2367.0
1229390 2370.2
1229400 2374.0
1229410 2374.0
1229420 2377.5
1229430 2379.9
1229440 2379.9
1229450 2382.7
1229460 2386.6
1229470 2386.6
1229480 2390.3
1229490 2393.5
1229500 2393.5
1229510 2396.5
1229520 2399.0
1229530 2391.2
1229540 2394.9
1229550 2398.6
1229560 2398.6
1229570 2400.9
1229580 2401.5
1229590 2401.5
1229600 2403.0
1229610 2404.7
1229620 2404.7
1229630 2406.1
1229640 2407.4
1229650 2408.6
1229660 2408.6
1229670 2410.0
1229680 2410.9
1229690 2410.9
1229700 2411.8
1229710 2412.2
1229720 2412.2
1229730 2411.5
1229740 2410.7
1229750 2410.7
1229760 2409.9
1229770 2407.4
1229780 2407.4
1229790 2406.9
1229800 2406.7
1229810 2406.7
1229820 2403.7
1229830 2400.7
1229840 2400.7
1229850 2396.9
1229860 2392.6
1229870 2392.6
1229880 2388.1
1229890 2384.0
1229900 2381.4
1229910 2381.4
1229920 2379.6
1229930 2379.2
1229940 2379.2
1229950 2379.8
1229960 2380.3
1229970 2380.3
1229980 2380.9
1229990 2381.6
1230000 2381.6
1230010 2382.6
1230020 2383.3
1230030 2381.3
1230040 2382.2
1230050 2384.0
1230060 2384.0
1230070 2386.2
1230080 2388.3
1230090 2388.3
1230100 2390.6
1230110 2392.9
1230120 2392.9
1230130 2395.5
1230140 2398.3
1230150 2401.1
1230160 2401.1
1230170 2404.2
1230180 2407.7
1230190 2407.7
1230200 2411.6
1230210 2413.9
1230220 2413.9
1230230 2415.3
1230240 2415.6
1230250 2415.6
1230260 2415.6
1230270 2416.0
1230280 2416.0
1230290 2416.6
1230300 2417.5
1230310 2417.5
1230320 2418.6
1230330 2418.9
1230340 2418.9
1230350 2418.8
1230360 2418.7
1230370 2418.7
1230380 2419.1
1230390 2419.9
1230400 2421.0
1230410 2421.0
1230420 2421.9
1230430 2422.3
1230440 2422.3
1230450 2421.8
1230460 2421.3
1230470 2421.3
1230480 2421.7
1230490 2422.8
1230500 2422.8
1230510 2424.0
1230520 2425.7
1230530 2424.1
1230540 2426.5
1230550 2429.7
1230560 2429.7
1230570 2432.6
1230580 2436.0
1230590 2436.0
1230600 2440.6
1230610 2445.6
1230620 2445.6
1230630 2451.1
1230640 2457.3
1230650 2463.9
1230660 2463.9
1230670 2470.7
1230680 2477.6
1230690 2477.6
1230700 2485.0
1230710 2492.7
1230720 2492.7
1230730 2501.3
1230740 2509.9
1230750 2509.9
1230760 2518.2
1230770 2527.4
1230780 2527.4
1230790 2535.8
1230800 2541.6
1230810 2541.6
1230820 2543.5
1230830 2544.2
1230840 2544.2
1230850 2545.1
1230860 2547.2
1230870 2547.2
1230880 2552.3
1230890 2558.7
1230900 2558.7
1230910 2565.6
1230920 2574.0
1230930 2583.6
1230940 2583.6
1230950 2593.1
1230960 2601.0
1230970 2601.0
1230980 2608.4
1230990 2615.6
1231000 2615.6
1231010 2623.6
1231020 2629.8
1231030 2629.8
1231040 2631.4
1231050 2633.4
1231060 2633.4
1231070 2635.4
1231080 2637.5
1231090 2637.5
1231100 2640.6
1231110 2643.9
1231120 2643.9
1231130 2647.5
1231140 2651.2
1231150 2651.2
1231160 2655.1
1231170 2658.9
1231180 2662.4
1231190 2662.4
1231200 2665.4
1231210 2666.2
1231220 2666.2
1231230 2663.7
1231240 2660.5
1231250 2660.5
1231260 2653.6
1231270 2644.5
1231280 2644.5
1231290 2632.2
1231300 2622.5
1231310 2622.5
1231320 2616.8
1231330 2612.4
1231340 2612.4
1231350 2610.8
1231360 2611.3
1231370 2611.3
1231380 2610.1
1231390 2603.6
1231400 2603.6
1231410 2597.1
1231420 2592.8
1231430 2591.3
1231440 2591.3
1231450 2589.2
1231460 2587.0
1231470 2587.0
1231480 2584.4
1231490 2581.4
1231500 2581.4
1231510 2578.2
1231520 2575.6
1231530 2575.6
1231540 2580.6
1231550 2577.0
1231560 2577.0
1231570 2569.1
1231580 2560.0
1231590 2560.0
1231600 2551.8
1231610 2544.1
1231620 2544.1
1231630 2536.1
1231640 2528.1
1231650 2528.1
1231660 2517.0
1231670 2503.3
1231680 2492.5
1231690 2492.5
1231700 2486.9
1231710 2482.7
1231720 2482.7
1231730 2479.0
1231740 2474.5
1231750 2474.5
1231760 2468.9
1231770 2463.1
1231780 2463.1
1231790 2457.8
1231800 2452.7
1231810 2452.7
1231820 2448.3
1231830 2445.2
1231840 2445.2
1231850 2443.7
1231860 2442.1
1231870 2442.1
1231880 2439.9
1231890 2438.2
1231900 2438.2
1231910 2436.4
1231920 2434.7
1231930 2434.7
1231940 2432.6
1231950 2430.3
1231960 2427.3
1231970 2427.3
1231980 2424.1
1231990 2421.1
1232000 2421.1
1232010 2416.9
1232020 2412.0
1232030 2412.0
1232040 2406.2
1232050 2402.4
1232060 2402.4
1232070 2400.2
1232080 2395.9
1232090 2395.9
1232100 2392.1
1232110 2388.8
1232120 2388.8
1232130 2384.8
1232140 2380.3
1232150 2380.3
1232160 2375.9
1232170 2371.5
1232180 2371.5
1232190 2367.2
1232200 2362.7
1232210 2358.2
1232220 2358.2
1232230 2353.5
1232240 2348.8
1232250 2348.8
1232260 2343.7
1232270 2338.7
1232280 2338.7
1232290 2333.6
1232300 2328.3
1232310 2328.3
1232320 2323.7
1232330 2320.3
1232340 2320.3
1232350 2316.9
1232360 2314.1
1232370 2314.1
1232380 2311.6
1232390 2309.8
1232400 2309.8
1232410 2306.9
1232420 2302.7
1232430 2302.7
1232440 2299.4
1232450 2297.6
1232460 2296.5
1232470 2296.5
1232480 2295.3
1232490 2294.4
1232500 2294.4
1232510 2294.0
1232520 2293.2
1232530 2293.2
1232540 2292.2
1232550 2295.6
1232560 2295.6
1232570 2292.8
1232580 2291.3
1232590 2291.3
1232600 2288.7
1232610 2285.4
1232620 2285.4
1232630 2282.5
1232640 2280.9
1232650 2280.9
1232660 2277.9
1232670 2276.4
1232680 2276.4
1232690 2277.0
1232700 2276.6
1232710 2277.3
1232720 2277.3
1232730 2278.1
1232740 2278.9
1232750 2278.9
1232760 2279.1
1232770 2279.1
1232780 2279.1
1232790 2279.6
1232800 2277.7
1232810 2277.7
1232820 2277.5
1232830 2280.6
1232840 2280.6
1232850 2281.2
1232860 2277.6
1232870 2277.6
1232880 2272.4
1232890 2267.5
1232900 2267.5
1232910 2262.4
1232920 2256.8
1232930 2256.8
1232940 2249.8
1232950 2241.8
1232960 2241.8
1232970 2233.3
1232980 2224.9
1232990 2211.7
1233000 2211.7
1233010 2202.2
1233020 2197.0
1233030 2197.0
1233040 2191.3
1233050 2189.2
1233060 2189.2
1233070 2183.1
1233080 2177.1
1233090 2177.1
1233100 2171.6
1233110 2166.9
1233120 2166.9
1233130 2161.2
1233140 2155.0
1233150 2155.0
1233160 2149.1
1233170 2143.1
1233180 2143.1
1233190 2137.3
1233200 2132.6
1233210 2132.6
1233220 2128.9
1233230 2125.1
1233240 2122.1
1233250 2122.1
1233260 2117.9
1233270 2114.7
1233280 2114.7
1233290 2115.0
1233300 2117.4
1233310 2117.4
1233320 2116.9
1233330 2111.8
1233340 2111.8
1233350 2104.6
1233360 2098.6
1233370 2098.6
1233380 2098.8
1233390 2103.1
1233400 2103.1
1233410 2105.9
1233420 2104.2
1233430 2104.2
1233440 2104.6
1233450 2104.6
1233460 2104.6
1233470 2104.8
1233480 2105.5
1233490 2106.9
1233500 2106.9
1233510 2109.1
1233520 2109.4
1233530 2109.4
1233540 2109.5
1233550 2109.5
1233560 2105.8
1233570 2106.3
1233580 2107.3
1233590 2107.3
1233600 2107.7
1233610 2105.1
1233620 2105.1
1233630 2100.2
1233640 2096.7
1233650 2096.7
1233660 2096.7
1233670 2097.8
1233680 2097.8
1233690 2098.5
1233700 2098.8
1233710 2098.8
1233720 2098.0
1233730 2095.7
1233740 2092.9
1233750 2092.9
1233760 2087.9
1233770 2082.5
1233780 2082.5
1233790 2078.4
1233800 2075.8
1233810 2075.8
1233820 2074.3
1233830 2073.6
1233840 2073.6
1233850 2072.8
1233860 2073.7
1233870 2073.7
1233880 2073.8
1233890 2074.4
1233900 2074.4
1233910 2074.1
1233920 2074.8
1233930 2074.8
1233940 2075.5
1233950 2074.2
1233960 2074.2
1233970 2074.9
1233980 2076.5
1233990 2078.2
1234000 2078.2
1234010 2080.7
1234020 2083.2
1234030 2083.2
1234040 2085.6
1234050 2089.6
1234060 2084.5
1234070 2089.2
1234080 2093.4
1234090 2093.4
1234100 2097.1
1234110 2100.4
1234120 2100.4
1234130 2102.7
1234140 2105.4
1234150 2105.4
1234160 2108.5
1234170 2110.9
1234180 2110.9
1234190 2114.1
1234200 2117.3
1234210 2117.3
1234220 2120.2
1234230 2122.8
1234240 2122.8
1234250 2125.9
1234260 2129.1
1234270 2131.7
1234280 2131.7
1234290 2133.6
1234300 2136.1
1234310 2136.1
1234320 2138.2
1234330 2140.6
1234340 2140.6
1234350 2143.4
1234360 2144.5
1234370 2144.5
1234380 2144.1
1234390 2143.1
1234400 2143.1
1234410 2141.0
1234420 2137.6
1234430 2137.6
1234440 2134.2
1234450 2130.5
1234460 2130.5
1234470 2126.5
1234480 2122.8
1234490 2122.8
1234500 2118.6
1234510 2113.8
1234520 2109.1
1234530 2109.1
1234540 2104.4
1234550 2099.0
1234560 2099.0
1234570 2090.9
1234580 2085.4
1234590 2085.4
1234600 2080.2
1234610 2075.2
1234620 2075.2
1234630 2069.9
1234640 2064.6
1234650 2064.6
1234660 2059.4
1234670 2053.9
1234680 2053.9
1234690 2048.7
1234700 2043.6
1234710 2043.6
1234720 2038.3
1234730 2033.4
1234740 2033.4
1234750 2028.7
1234760 2023.7
1234770 2019.2
1234780 2019.2
1234790 2015.0
1234800 2011.0
1234810 2011.0
1234820 2006.4
1234830 2002.1
1234840 2002.1
1234850 1997.4
1234860 1992.6
1234870 1992.6
1234880 1988.6
1234890 1983.9
1234900 1983.9
1234910 1978.5
1234920 1972.9
1234930 1972.9
1234940 1968.4
1234950 1963.9
1234960 1963.9
1234970 1959.9
1234980 1955.3
1234990 1955.3
1235000 1949.9
1235010 1944.0
1235020 1937.7
1235030 1937.7
1235040 1931.0
1235050 1924.4
1235060 1924.4
1235070 1918.2
1235080 1911.4
1235090 1911.4
1235100 1905.8
1235110 1899.8
1235120 1899.8
1235130 1893.8
1235140 1887.5
1235150 1887.5
1235160 1880.6
1235170 1873.4
1235180 1873.4
1235190 1866.8
1235200 1860.7
1235210 1860.7
1235220 1855.1
1235230 1849.8
1235240 1849.8
1235250 1844.9
1235260 1841.1
1235270 1841.1
1235280 1838.2
1235290 1833.0
1235300 1826.7
1235310 1826.7
1235320 1819.8
1235330 1813.2
1235340 1813.2
1235350 1807.3
1235360 1803.1
1235370 1803.1
1235380 1798.6
1235390 1793.3
1235400 1793.3
1235410 1786.7
1235420 1779.8
1235430 1779.8
1235440 1773.8
1235450 1769.0
1235460 1769.0
1235470 1764.4
1235480 1761.0
1235490 1761.0
1235500 1759.8
1235510 1760.2
1235520 1760.2
1235530 1761.0
1235540 1761.2
1235550 1760.2
1235560 1760.2
1235570 1759.2
1235580 1758.9
1235590 1761.7
1235600 1761.2
1235610 1760.9
1235620 1760.9
1235630 1760.4
1235640 1761.1
1235650 1761.1
1235660 1761.2
1235670 1761.3
1235680 1761.3
1235690 1762.3
1235700 1762.5
1235710 1762.5
1235720 1763.1
1235730 1763.7
1235740 1763.7
1235750 1763.9
1235760 1764.2
1235770 1764.2
1235780 1764.4
1235790 1764.3
1235800 1764.9
1235810 1764.9
1235820 1765.0
1235830 1766.1
1235840 1766.1
1235850 1769.6
1235860 1772.9
1235870 1772.9
1235880 1776.3
1235890 1779.6
1235900 1779.6
1235910 1782.0
1235920 1783.4
1235930 1783.4
1235940 1785.2
1235950 1786.5
1235960 1786.5
1235970 1787.4
1235980 1788.7
1235990 1788.7
1236000 1791.3
1236010 1794.1
1236020 1794.1
1236030 1796.5
1236040 1798.4
1236050 1801.6
1236060 1801.6
1236070 1806.3
1236080 1810.8
1236090 1810.8
1236100 1819.4
1236110 1820.5
1236120 1820.5
1236130 1824.7
1236140 1831.4
1236150 1831.4
1236160 1837.0
1236170 1842.3
1236180 1842.3
1236190 1847.3
1236200 1851.4
1236210 1851.4
1236220 1853.5
1236230 1856.4
1236240 1856.4
1236250 1860.7
1236260 1864.9
1236270 1864.9
1236280 1869.5
1236290 1873.7
1236300 1873.7
1236310 1877.2
1236320 1879.7
1236330 1881.6
1236340 1881.6
1236350 1885.2
1236360 1888.6
1236370 1888.6
1236380 1891.4
1236390 1894.2
1236400 1894.2
1236410 1897.0
1236420 1899.7
1236430 1899.7
1236440 1902.2
1236450 1904.5
1236460 1904.5
1236470 1906.9
1236480 1908.5
1236490 1908.5
1236500 1909.7
1236510 1910.8
1236520 1910.8
1236530 1911.9
1236540 1912.4
1236550 1912.4
1236560 1913.2
1236570 1913.0
1236580 1911.0
1236590 1911.0
1236600 1906.5
1236610 1900.3
1236620 1907.3
1236630 1904.2
1236640 1901.0
1236650 1901.0
1236660 1899.6
1236670 1894.0
1236680 1894.0
1236690 1887.4
1236700 1879.7
1236710 1879.7
1236720 1875.3
1236730 1875.4
1236740 1875.4
1236750 1871.3
1236760 1865.2
1236770 1865.2
1236780 1860.9
1236790 1861.8
1236800 1861.8
1236810 1861.1
1236820 1859.2
1236830 1853.8
1236840 1853.8
1236850 1848.7
1236860 1845.7
1236870 1845.7
1236880 1845.9
1236890 1847.5
1236900 1847.5
1236910 1846.3
1236920 1845.4
1236930 1845.4
1236940 1845.4
1236950 1845.4
1236960 1845.4
1236970 1843.3
1236980 1840.6
1236990 1840.6
1237000 1837.8
1237010 1831.9
1237020 1831.9
1237030 1822.1
1237040 1814.2
1237050 1814.2
1237060 1815.2
1237070 1809.3
1237080 1813.9
1237090 1813.9
1237100 1817.1
1237110 1821.0
1237120 1821.0
1237130 1822.5
1237140 1825.6
1237150 1825.6
1237160 1830.1
1237170 1837.4
1237180 1837.4
1237190 1844.6
1237200 1850.4
1237210 1850.4
1237220 1855.0
1237230 1860.3
1237240 1860.3
1237250 1865.4
1237260 1870.2
1237270 1870.2
1237280 1876.1
1237290 1882.1
1237300 1882.1
1237310 1887.6
1237320 1893.0
1237330 1898.7
1237340 1898.7
1237350 1904.4
1237360 1909.7
1237370 1909.7
1237380 1914.1
1237390 1918.6
1237400 1918.6
1237410 1924.0
1237420 1929.4
1237430 1929.4
1237440 1934.9
1237450 1940.0
1237460 1940.0
1237470 1943.7
1237480 1946.4
1237490 1946.4
1237500 1948.2
1237510 1949.3
1237520 1949.3
1237530 1950.3
1237540 1952.4
1237550 1952.4
1237560 1954.5
1237570 1955.9
1237580 1955.9
1237590 1957.7
1237600 1959.9
1237610 1961.5
1237620 1961.5
1237630 1964.0
1237640 1965.4
1237650 1965.4
1237660 1968.5
1237670 1972.6
1237680 1972.6
1237690 1975.9
1237700 1979.2
1237710 1979.2
1237720 1982.8
1237730 1986.3
1237740 1986.3
1237750 1989.5
1237760 1992.7
1237770 1992.7
1237780 1995.9
1237790 2000.0
1237800 2000.0
1237810 2004.9
1237820 2009.7
1237830 2009.7
1237840 2015.8
1237850 2022.5
1237860 2029.5
1237870 2029.5
1237880 2037.3
1237890 2044.6
1237900 2044.6
1237910 2050.5
1237920 2053.2
1237930 2053.2
1237940 2054.9
1237950 2055.4
1237960 2055.4
1237970 2061.9
1237980 2070.1
1237990 2070.1
1238000 2075.0
1238010 2078.6
1238020 2078.6
1238030 2084.8
1238040 2093.2
1238050 2093.2
1238060 2101.5
1238070 2109.3
1238080 2109.3
1238090 2114.0
1238100 2118.7
1238110 2121.9
1238120 2121.9
1238130 2125.1
1238140 2128.8
1238150 2128.8
1238160 2121.4
1238170 2126.9
1238180 2126.9
1238190 2132.1
1238200 2137.5
1238210 2137.5
1238220 2143.1
1238230 2148.5
1238240 2148.5
1238250 2155.2
1238260 2161.9
1238270 2161.9
1238280 2169.6
1238290 2178.1
1238300 2178.1
1238310 2185.5
1238320 2192.5
1238330 2192.5
1238340 2201.4
1238350 2207.8
1238360 2212.3
1238370 2212.3
1238380 2218.5
1238390 2223.4
1238400 2223.4
1238410 2228.3
1238420 2232.2
1238430 2232.2
1238440 2236.1
1238450 2240.3
1238460 2240.3
1238470 2245.0
1238480 2248.8
1238490 2248.8
1238500 2249.7
1238510 2251.8
1238520 2251.8
1238530 2256.2
1238540 2260.7
1238550 2260.7
1238560 2266.2
1238570 2271.5
1238580 2271.5
1238590 2277.4
1238600 2283.5
1238610 2283.5
1238620 2290.2
1238630 2297.3
1238640 2303.7
1238650 2303.7
1238660 2309.6
1238670 2314.4
1238680 2317.1
1238690 2322.0
1238700 2326.3
1238710 2326.3
1238720 2330.4
1238730 2334.5
1238740 2334.5
1238750 2338.6
1238760 2342.4
1238770 2342.4
1238780 2346.1
1238790 2349.8
1238800 2349.8
1238810 2353.5
1238820 2357.8
1238830 2357.8
1238840 2362.1
1238850 2366.4
1238860 2366.4
1238870 2370.3
1238880 2373.7
1238890 2377.3
1238900 2377.3
1238910 2380.8
1238920 2383.8
1238930 2383.8
1238940 2386.6
1238950 2389.8
1238960 2389.8
1238970 2392.8
1238980 2395.8
1238990 2395.8
1239000 2398.8
1239010 2402.1
1239020 2402.1
1239030 2404.9
1239040 2407.4
1239050 2407.4
1239060 2409.8
1239070 2411.7
1239080 2411.7
1239090 2413.2
1239100 2414.8
1239110 2414.8
1239120 2416.3
1239130 2416.3
1239140 2412.3
1239150 2412.3
1239160 2408.3
1239170 2406.4
1239180 2406.4
1239190 2404.8
1239200 2396.4
1239210 2396.4
1239220 2385.5
1239230 2373.7
1239240 2373.7
1239250 2362.3
1239260 2353.1
1239270 2353.1
1239280 2344.1
1239290 2332.8
1239300 2332.8
1239310 2322.5
1239320 2313.7
1239330 2313.7
1239340 2304.8
1239350 2294.7
1239360 2294.7
1239370 2285.6
1239380 2274.6
1239390 2263.2
1239400 2263.2
1239410 2253.4
1239420 2245.7
1239430 2245.7
1239440 2241.8
1239450 2228.2
1239460 2228.2
1239470 2215.7
1239480 2205.6
1239490 2205.6
1239500 2196.6
1239510 2188.6
1239520 2188.6
1239530 2181.0
1239540 2173.6
1239550 2173.6
1239560 2167.0
1239570 2161.7
1239580 2161.7
1239590 2159.0
1239600 2155.3
1239610 2155.3
1239620 2150.4
1239630 2144.7
1239640 2144.7
1239650 2137.0
1239660 2129.4
1239670 2125.1
1239680 2125.1
1239690 2118.0
1239700 2109.7
1239710 2105.8
1239720 2098.1
1239730 2091.3
1239740 2091.3
1239750 2086.8
1239760 2082.7
1239770 2082.7
1239780 2073.2
1239790 2064.4
1239800 2064.4
1239810 2056.0
1239820 2046.9
1239830 2046.9
1239840 2037.7
1239850 2028.9
1239860 2028.9
1239870 2020.9
1239880 2013.6
1239890 2013.6
1239900 2005.6
1239910 1998.0
1239920 1991.7
1239930 1991.7
1239940 1986.0
1239950 1980.5
1239960 1980.5
1239970 1974.8
1239980 1969.2
1239990 1969.2
