1220000 2117.7
1220010 2117.0
1220020 2117.0
1220030 2116.2
1220040 2115.7
1220050 2115.7
1220060 2116.0
1220070 2117.6
1220080 2118.5
1220090 2118.5
1220100 2118.7
1220110 2119.2
1220120 2119.2
1220130 2120.6
1220140 2122.3
1220150 2122.3
1220160 2124.1
1220170 2125.3
1220180 2125.3
1220190 2126.8
1220200 2128.8
1220210 2128.8
1220220 2130.2
1220230 2129.6
1220240 2129.6
1220250 2129.6
1220260 2130.5
1220270 2130.5
1220280 2131.8
1220290 2132.5
1220300 2132.5
1220310 2132.6
1220320 2132.7
1220330 2132.7
1220340 2132.6
1220350 2131.7
1220360 2130.7
1220370 2130.7
1220380 2130.7
1220390 2131.5
1220400 2131.5
1220410 2132.5
1220420 2133.3
1220430 2133.3
1220440 2133.8
1220450 2134.1
1220460 2134.1
1220470 2134.0
1220480 2134.3
1220490 2134.3
1220500 2135.7
1220510 2137.4
1220520 2137.4
1220530 2138.7
1220540 2140.6
1220550 2140.6
1220560 2142.1
1220570 2143.6
1220580 2143.6
1220590 2144.4
1220600 2144.2
1220610 2143.7
1220620 2143.7
1220630 2142.7
1220640 2142.6
1220650 2142.6
1220660 2143.2
1220670 2144.5
1220680 2144.5
1220690 2146.7
1220700 2149.7
1220710 2147.4
1220720 2150.8
1220730 2153.2
1220740 2153.2
1220750 2156.0
1220760 2159.3
1220770 2159.3
1220780 2161.9
1220790 2162.8
1220800 2162.8
1220810 2163.0
1220820 2164.1
1220830 2164.1
1220840 2165.3
1220850 2166.3
1220860 2167.8
1220870 2167.8
1220880 2170.2
1220890 2172.2
1220900 2172.2
1220910 2172.8
1220920 2174.3
1220930 2174.3
1220940 2176.4
1220950 2178.0
1220960 2178.0
1220970 2179.5
1220980 2181.3
1220990 2181.3
1221000 2183.9
1221010 2187.3
1221020 2187.3
1221030 2190.1
1221040 2191.5
1221050 2191.5
1221060 2192.6
1221070 2194.8
1221080 2194.8
1221090 2197.4
1221100 2199.6
1221110 2202.2
1221120 2202.2
1221130 2204.4
1221140 2204.8
1221150 2204.8
1221160 2204.9
1221170 2204.6
1221180 2204.6
1221190 2204.9
1221200 2203.9
1221210 2203.9
1221220 2202.9
1221230 2201.7
1221240 2201.7
1221250 2200.0
1221260 2198.4
1221270 2198.4
1221280 2196.8
1221290 2195.0
1221300 2195.0
1221310 2193.6
1221320 2192.5
1221330 2192.5
1221340 2191.7
1221350 2190.9
1221360 2190.9
1221370 2190.3
1221380 2189.7
1221390 2188.9
1221400 2188.9
1221410 2188.8
1221420 2189.5
1221430 2189.5
1221440 2190.5
1221450 2191.3
1221460 2191.3
1221470 2192.4
1221480 2193.2
1221490 2193.2
1221500 2193.9
1221510 2194.6
1221520 2194.6
1221530 2196.6
1221540 2199.1
1221550 2199.1
1221560 2202.0
1221570 2205.4
1221580 2205.4
1221590 2208.3
1221600 2210.8
1221610 2210.8
1221620 2213.3
1221630 2215.6
1221640 2218.5
1221650 2218.5
1221660 2221.4
1221670 2226.8
1221680 2226.8
1221690 2229.9
1221700 2234.4
1221710 2234.4
1221720 2239.5
1221730 2245.8
1221740 2245.8
1221750 2252.4
1221760 2257.8
1221770 2257.8
1221780 2261.1
1221790 2262.4
1221800 2262.4
1221810 2263.0
1221820 2263.8
1221830 2263.8
1221840 2264.8
1221850 2266.4
1221860 2266.4
1221870 2268.5
1221880 2271.6
1221890 2275.6
1221900 2275.6
1221910 2279.6
1221920 2283.0
1221930 2283.0
1221940 2285.5
1221950 2286.2
1221960 2286.2
1221970 2287.6
1221980 2290.2
1221990 2290.2
1222000 2292.5
1222010 2291.9
1222020 2291.9
1222030 2292.6
1222040 2294.0
1222050 2294.0
1222060 2295.4
1222070 2299.4
1222080 2299.4
1222090 2304.9
1222100 2310.3
1222110 2310.3
1222120 2315.7
1222130 2322.9
1222140 2330.3
1222150 2330.3
1222160 2337.1
1222170 2343.3
1222180 2343.3
1222190 2348.8
1222200 2354.3
1222210 2354.3
1222220 2359.5
1222230 2364.4
1222240 2364.4
1222250 2368.4
1222260 2372.1
1222270 2372.1
1222280 2375.9
1222290 2379.8
1222300 2379.8
1222310 2383.4
1222320 2386.6
1222330 2386.6
1222340 2389.9
1222350 2393.4
1222360 2393.4
1222370 2396.7
1222380 2400.0
1222390 2400.0
1222400 2403.7
1222410 2407.2
1222420 2410.7
1222430 2410.7
1222440 2414.4
1222450 2417.9
1222460 2417.9
1222470 2421.1
1222480 2424.1
1222490 2424.1
1222500 2426.3
1222510 2427.4
1222520 2427.4
1222530 2430.1
1222540 2432.9
1222550 2432.9
1222560 2435.3
1222570 2437.1
1222580 2437.1
1222590 2438.7
1222600 2440.4
1222610 2440.4
1222620 2442.2
1222630 2443.9
1222640 2443.4
1222650 2445.3
1222660 2447.3
1222670 2449.0
1222680 2449.0
1222690 2450.3
1222700 2451.9
1222710 2451.9
1222720 2453.5
1222730 2455.1
1222740 2455.1
1222750 2457.0
1222760 2459.3
1222770 2459.3
1222780 2461.4
1222790 2463.9
1222800 2463.9
1222810 2466.3
1222820 2468.7
1222830 2468.7
1222840 2471.2
1222850 2473.9
1222860 2473.9
1222870 2476.2
1222880 2477.0
1222890 2477.0
1222900 2477.5
1222910 2479.8
1222920 2482.0
1222930 2482.0
1222940 2484.1
1222950 2485.8
1222960 2485.8
1222970 2488.0
1222980 2490.5
1222990 2490.5
1223000 2493.1
1223010 2495.9
1223020 2495.9
1223030 2498.6
1223040 2500.9
1223050 2500.9
1223060 2503.5
1223070 2506.1
1223080 2506.1
1223090 2508.7
1223100 2512.4
1223110 2512.4
1223120 2516.1
1223130 2520.1
1223140 2520.1
1223150 2521.8
1223160 2524.8
1223170 2528.1
1223180 2528.1
1223190 2531.3
1223200 2534.3
1223210 2534.3
1223220 2536.9
1223230 2539.1
1223240 2539.1
1223250 2541.4
1223260 2543.2
1223270 2543.2
1223280 2545.0
1223290 2546.6
1223300 2546.6
1223310 2548.1
1223320 2549.6
1223330 2549.6
1223340 2551.2
1223350 2550.8
1223360 2550.8
1223370 2546.4
1223380 2542.7
1223390 2542.7
1223400 2538.6
1223410 2533.5
1223420 2528.9
1223430 2528.9
1223440 2525.7
1223450 2520.4
1223460 2520.4
1223470 2513.3
1223480 2511.1
1223490 2511.1
1223500 2506.2
1223510 2499.6
1223520 2499.6
1223530 2491.9
1223540 2484.2
1223550 2484.2
1223560 2478.1
1223570 2470.9
1223580 2470.9
1223590 2459.6
1223600 2447.2
1223610 2455.9
1223620 2447.1
1223630 2444.3
1223640 2444.3
1223650 2441.2
1223660 2439.8
1223670 2439.8
1223680 2440.3
1223690 2442.8
1223700 2445.1
1223710 2445.1
1223720 2445.9
1223730 2445.4
1223740 2445.4
1223750 2445.6
1223760 2446.1
1223770 2446.1
1223780 2446.4
1223790 2446.3
1223800 2446.3
1223810 2446.5
1223820 2446.6
1223830 2446.6
1223840 2445.8
1223850 2445.0
1223860 2445.0
1223870 2446.4
1223880 2449.0
1223890 2449.0
1223900 2451.9
1223910 2456.0
1223920 2456.0
1223930 2460.6
1223940 2463.8
1223950 2466.1
1223960 2466.1
1223970 2467.3
1223980 2468.2
1223990 2468.2
1224000 2468.4
1224010 2464.5
1224020 2464.5
1224030 2458.9
1224040 2454.3
1224050 2454.3
1224060 2450.1
1224070 2445.8
1224080 2445.8
1224090 2443.2
1224100 2451.3
1224110 2451.3
1224120 2448.1
1224130 2445.5
1224140 2445.5
1224150 2446.4
1224160 2451.0
1224170 2451.0
1224180 2459.0
1224190 2460.3
1224200 2460.8
1224210 2460.8
1224220 2460.9
1224230 2457.1
1224240 2457.1
1224250 2455.4
1224260 2453.4
1224270 2453.4
1224280 2452.1
1224290 2449.8
1224300 2449.8
1224310 2447.6
1224320 2447.1
1224330 2447.1
1224340 2447.7
1224350 2448.5
1224360 2448.5
1224370 2448.3
1224380 2447.2
1224390 2447.2
1224400 2445.3
1224410 2443.1
1224420 2443.1
1224430 2441.0
1224440 2439.7
1224450 2439.6
1224460 2439.6
1224470 2439.2
1224480 2439.2
1224490 2439.2
1224500 2439.7
1224510 2439.7
1224520 2439.7
1224530 2438.6
1224540 2437.2
1224550 2437.2
1224560 2436.2
1224570 2435.4
1224580 2435.4
1224590 2440.0
1224600 2439.8
1224610 2439.8
1224620 2440.5
1224630 2439.7
1224640 2439.7
1224650 2437.8
1224660 2435.5
1224670 2435.5
1224680 2434.1
1224690 2437.2
1224700 2437.2
1224710 2439.2
1224720 2440.1
1224730 2440.9
1224740 2440.9
1224750 2442.0
1224760 2443.3
1224770 2443.3
1224780 2445.2
1224790 2448.9
1224800 2448.9
1224810 2454.1
1224820 2459.8
1224830 2459.8
1224840 2466.1
1224850 2472.8
1224860 2472.8
1224870 2480.3
1224880 2490.8
1224890 2490.8
1224900 2504.1
1224910 2516.4
1224920 2516.4
1224930 2526.8
1224940 2537.0
1224950 2537.0
1224960 2547.5
1224970 2555.2
1224980 2548.2
1224990 2548.2
1225000 2536.3
1225010 2520.6
1225020 2520.6
1225030 2502.2
1225040 2492.1
1225050 2492.1
1225060 2486.9
1225070 2483.1
1225080 2487.9
1225090 2484.7
1225100 2480.8
1225110 2480.8
1225120 2477.1
1225130 2474.9
1225140 2474.9
1225150 2473.1
1225160 2467.7
1225170 2467.7
1225180 2456.8
1225190 2445.7
1225200 2445.7
1225210 2439.1
1225220 2433.3
1225230 2428.0
1225240 2428.0
1225250 2422.2
1225260 2416.4
1225270 2416.4
1225280 2412.7
1225290 2415.6
1225300 2415.6
1225310 2421.0
1225320 2426.4
1225330 2426.4
1225340 2429.0
1225350 2430.4
1225360 2430.4
1225370 2431.8
1225380 2434.3
1225390 2434.3
1225400 2443.8
1225410 2449.3
1225420 2449.3
1225430 2448.7
1225440 2443.7
1225450 2443.7
1225460 2434.9
1225470 2426.7
1225480 2414.1
1225490 2414.1
1225500 2405.5
1225510 2401.2
1225520 2401.2
1225530 2398.6
1225540 2395.9
1225550 2395.9
1225560 2395.8
1225570 2401.0
1225580 2401.0
1225590 2399.8
1225600 2398.6
1225610 2398.6
1225620 2397.1
1225630 2395.7
1225640 2395.7
1225650 2395.1
1225660 2394.8
1225670 2394.8
1225680 2394.4
1225690 2393.7
1225700 2393.7
1225710 2392.2
1225720 2390.2
1225730 2390.2
1225740 2387.8
1225750 2385.8
1225760 2385.7
1225770 2385.7
1225780 2389.4
1225790 2392.8
1225800 2392.8
1225810 2393.9
1225820 2393.0
1225830 2393.0
1225840 2390.8
1225850 2386.8
1225860 2386.8
1225870 2387.8
1225880 2390.4
1225890 2390.4
1225900 2394.6
1225910 2399.7
1225920 2399.7
1225930 2404.9
1225940 2411.3
1225950 2411.3
1225960 2416.7
1225970 2421.2
1225980 2421.2
1225990 2425.0
1226000 2429.9
1226010 2438.1
1226020 2438.1
1226030 2444.6
1226040 2447.8
1226050 2447.8
1226060 2458.8
1226070 2463.7
1226080 2463.7
1226090 2468.9
1226100 2473.7
1226110 2473.7
1226120 2476.8
1226130 2476.3
1226140 2476.3
1226150 2474.7
1226160 2473.6
1226170 2473.6
1226180 2472.3
1226190 2469.6
1226200 2469.6
1226210 2454.4
1226220 2441.5
1226230 2441.5
1226240 2435.4
1226250 2424.5
1226260 2411.7
1226270 2411.7
1226280 2403.0
1226290 2398.9
1226300 2398.9
1226310 2392.7
1226320 2389.8
1226330 2389.8
1226340 2385.0
1226350 2378.8
1226360 2378.8
1226370 2375.8
1226380 2371.7
1226390 2371.7
1226400 2368.5
1226410 2362.5
1226420 2362.5
1226430 2353.1
1226440 2347.1
1226450 2347.1
1226460 2342.9
1226470 2337.7
1226480 2337.7
1226490 2332.3
1226500 2327.7
1226510 2323.7
1226520 2323.7
1226530 2320.5
1226540 2317.2
1226550 2317.2
1226560 2309.1
1226570 2307.4
1226580 2307.4
1226590 2305.7
1226600 2303.4
1226610 2303.4
1226620 2301.1
1226630 2299.4
1226640 2299.4
1226650 2299.0
1226660 2298.5
1226670 2298.5
1226680 2297.6
1226690 2296.1
1226700 2296.1
1226710 2294.1
1226720 2291.6
1226730 2291.6
1226740 2289.0
1226750 2286.7
1226760 2284.9
1226770 2284.9
1226780 2283.3
1226790 2281.5
1226800 2281.5
1226810 2279.0
1226820 2276.7
1226830 2276.7
1226840 2274.4
1226850 2271.8
1226860 2271.8
1226870 2269.8
1226880 2268.9
1226890 2268.9
1226900 2269.0
1226910 2269.7
1226920 2269.7
1226930 2270.9
1226940 2271.6
1226950 2271.6
1226960 2272.2
1226970 2272.4
1226980 2272.4
1226990 2271.9
1227000 2271.6
1227010 2271.6
1227020 2270.8
1227030 2269.9
1227040 2270.7
1227050 2276.5
1227060 2277.4
1227070 2277.7
1227080 2277.7
1227090 2277.4
1227100 2276.3
1227110 2276.3
1227120 2275.1
1227130 2273.3
1227140 2273.3
1227150 2270.9
1227160 2268.7
1227170 2268.7
1227180 2266.3
1227190 2263.3
1227200 2263.3
1227210 2261.2
1227220 2260.6
1227230 2260.6
1227240 2260.2
1227250 2259.3
1227260 2259.3
1227270 2258.4
1227280 2255.5
1227290 2251.8
1227300 2251.8
1227310 2248.7
1227320 2245.9
1227330 2245.9
1227340 2244.7
1227350 2245.6
1227360 2245.6
1227370 2247.4
1227380 2250.3
1227390 2250.3
1227400 2251.8
1227410 2251.9
1227420 2251.9
1227430 2253.1
1227440 2254.2
1227450 2254.2
1227460 2254.1
1227470 2252.8
1227480 2252.8
1227490 2251.8
1227500 2248.6
1227510 2248.6
1227520 2244.1
1227530 2240.5
1227540 2244.2
1227550 2244.2
1227560 2244.5
1227570 2244.7
1227580 2244.7
1227590 2245.6
1227600 2246.9
1227610 2246.9
1227620 2248.8
1227630 2251.6
1227640 2251.6
1227650 2255.6
1227660 2259.0
1227670 2259.0
1227680 2262.5
1227690 2267.1
1227700 2267.1
1227710 2272.5
1227720 2279.4
1227730 2279.4
1227740 2289.5
1227750 2295.7
1227760 2295.7
1227770 2298.8
1227780 2300.2
1227790 2300.5
1227800 2300.5
1227810 2303.3
1227820 2309.9
1227830 2309.9
1227840 2316.4
1227850 2321.3
1227860 2321.3
1227870 2325.3
1227880 2328.5
1227890 2328.5
1227900 2331.6
1227910 2334.9
1227920 2334.9
1227930 2338.2
1227940 2343.6
1227950 2343.6
1227960 2353.0
1227970 2357.0
1227980 2357.0
1227990 2361.8
1228000 2364.9
1228010 2364.9
1228020 2367.3
1228030 2370.5
1228040 2374.3
1228050 2379.0
1228060 2384.7
1228070 2390.4
1228080 2390.4
1228090 2397.6
1228100 2407.0
1228110 2407.0
1228120 2415.8
1228130 2425.0
1228140 2425.0
1228150 2434.4
1228160 2445.9
1228170 2445.9
1228180 2455.9
1228190 2464.6
1228200 2464.6
1228210 2472.6
1228220 2480.3
1228230 2480.3
1228240 2490.6
1228250 2499.8
1228260 2499.8
1228270 2507.1
1228280 2515.2
1228290 2515.2
1228300 2524.9
1228310 2533.2
1228320 2540.9
1228330 2540.9
1228340 2545.0
1228350 2540.0
1228360 2540.0
1228370 2528.5
1228380 2512.3
1228390 2512.3
1228400 2506.0
1228410 2490.8
1228420 2490.8
1228430 2476.4
1228440 2464.8
1228450 2464.8
1228460 2457.5
1228470 2450.8
1228480 2450.8
1228490 2444.1
1228500 2437.8
1228510 2437.8
1228520 2431.6
1228530 2425.9
1228540 2424.8
1228550 2419.3
1228560 2413.9
1228570 2409.4
1228580 2409.4
1228590 2405.0
1228600 2400.6
1228610 2400.6
1228620 2397.4
1228630 2394.7
1228640 2394.7
1228650 2392.1
1228660 2389.9
1228670 2389.9
1228680 2386.8
1228690 2382.8
1228700 2382.8
1228710 2378.0
1228720 2375.2
1228730 2375.2
1228740 2373.3
1228750 2371.2
1228760 2371.2
1228770 2370.4
1228780 2370.8
1228790 2370.8
1228800 2371.5
1228810 2372.2
1228820 2372.0
1228830 2372.0
1228840 2372.5
1228850 2373.3
1228860 2373.3
1228870 2372.9
1228880 2370.5
1228890 2370.5
1228900 2366.9
1228910 2365.0
1228920 2365.0
1228930 2364.5
1228940 2361.6
1228950 2361.6
1228960 2357.4
1228970 2353.3
1228980 2353.3
1228990 2349.4
1229000 2344.5
1229010 2344.5
1229020 2338.7
1229030 2326.8
1229040 2326.8
1229050 2319.1
1229060 2311.7
1229070 2311.7
1229080 2305.3
1229090 2300.4
1229100 2295.4
1229110 2295.4
1229120 2290.5
1229130 2285.6
1229140 2285.6
1229150 2280.5
1229160 2276.4
1229170 2276.4
1229180 2273.0
1229190 2269.4
1229200 2269.4
1229210 2266.7
1229220 2264.4
1229230 2264.4
1229240 2262.5
1229250 2261.1
1229260 2261.1
1229270 2260.2
1229280 2259.6
1229290 2259.6
1229300 2261.1
1229310 2263.2
1229320 2263.2
1229330 2265.6
1229340 2268.6
1229350 2273.4
1229360 2273.4
1229370 2276.4
1229380 2278.6
1229390 2278.6
1229400 2280.9
1229410 2283.1
1229420 2283.1
1229430 2285.1
1229440 2287.0
1229450 2287.0
1229460 2289.7
1229470 2292.6
1229480 2292.6
1229490 2295.4
1229500 2298.2
1229510 2298.2
1229520 2300.9
1229530 2301.9
1229540 2301.9
1229550 2303.7
1229560 2305.9
1229570 2305.9
1229580 2308.6
1229590 2311.4
1229600 2314.5
1229610 2314.5
1229620 2317.1
1229630 2318.0
1229640 2318.0
1229650 2317.7
1229660 2318.0
1229670 2318.0
1229680 2319.6
1229690 2322.0
1229700 2322.0
1229710 2324.7
1229720 2327.0
1229730 2327.0
1229740 2328.4
1229750 2329.4
1229760 2329.4
1229770 2330.6
1229780 2332.5
1229790 2332.5
1229800 2334.1
1229810 2336.2
1229820 2336.2
1229830 2338.8
1229840 2341.4
1229850 2344.0
1229860 2344.0
1229870 2346.2
1229880 2347.4
1229890 2347.4
1229900 2347.5
1229910 2346.0
1229920 2346.0
1229930 2343.7
1229940 2343.7
1229950 2343.7
1229960 2344.5
1229970 2347.1
1229980 2347.1
1229990 2348.7
1230000 2348.6
1230010 2348.6
1230020 2350.1
1230030 2347.7
1230040 2347.7
1230050 2349.0
1230060 2351.3
1230070 2351.3
1230080 2354.5
1230090 2357.9
1230100 2361.1
1230110 2361.1
1230120 2363.9
1230130 2367.8
1230140 2367.8
1230150 2372.0
1230160 2375.5
1230170 2375.5
1230180 2377.5
1230190 2376.7
1230200 2376.7
1230210 2374.7
1230220 2373.3
1230230 2373.3
1230240 2372.9
1230250 2373.1
1230260 2373.1
1230270 2373.2
1230280 2373.2
1230290 2373.2
1230300 2372.8
1230310 2373.4
1230320 2373.4
1230330 2375.3
1230340 2378.4
1230350 2378.4
1230360 2381.4
1230370 2383.9
1230380 2387.8
1230390 2387.8
1230400 2393.5
1230410 2400.1
1230420 2400.1
1230430 2406.7
1230440 2413.9
1230450 2413.9
1230460 2421.1
1230470 2427.2
1230480 2427.2
1230490 2434.8
1230500 2443.9
1230510 2443.9
1230520 2451.5
1230530 2460.7
1230540 2460.7
1230550 2465.4
1230560 2469.8
1230570 2469.8
1230580 2473.7
1230590 2477.3
1230600 2477.3
1230610 2480.1
1230620 2482.0
1230630 2483.1
1230640 2483.1
1230650 2486.6
1230660 2491.0
1230670 2491.0
1230680 2495.6
1230690 2500.0
1230700 2500.0
1230710 2504.2
1230720 2508.0
1230730 2508.0
1230740 2511.7
1230750 2514.8
1230760 2514.8
1230770 2517.2
1230780 2519.1
1230790 2519.1
1230800 2520.6
1230810 2522.1
1230820 2522.1
1230830 2523.5
1230840 2525.2
1230850 2525.2
1230860 2527.6
1230870 2530.1
1230880 2532.7
1230890 2532.7
1230900 2535.7
1230910 2538.1
1230920 2538.1
1230930 2540.4
1230940 2543.3
1230950 2543.3
1230960 2546.8
1230970 2550.4
1230980 2550.4
1230990 2554.5
1231000 2560.4
1231010 2560.4
1231020 2567.6
1231030 2571.6
1231040 2571.6
1231050 2576.2
1231060 2579.7
1231070 2579.7
1231080 2584.3
1231090 2589.6
1231100 2589.6
1231110 2594.8
1231120 2600.2
1231130 2605.7
1231140 2605.7
1231150 2610.6
1231160 2614.7
1231170 2614.7
1231180 2619.5
1231190 2624.6
1231200 2624.6
1231210 2629.5
1231220 2633.9
1231230 2633.9
1231240 2638.3
1231250 2642.8
1231260 2642.8
1231270 2646.0
1231280 2648.4
1231290 2648.4
1231300 2650.7
1231310 2652.4
1231320 2652.4
1231330 2653.4
1231340 2655.2
1231350 2655.2
1231360 2657.0
1231370 2659.8
1231380 2662.3
1231390 2662.3
1231400 2664.2
1231410 2666.1
1231420 2666.1
1231430 2667.2
1231440 2666.9
1231450 2666.9
1231460 2666.4
1231470 2665.4
1231480 2665.4
1231490 2664.8
1231500 2664.6
1231510 2664.6
1231520 2664.0
1231530 2662.5
1231540 2663.1
1231550 2662.0
1231560 2659.9
1231570 2659.9
1231580 2657.3
1231590 2654.5
1231600 2654.5
1231610 2651.6
1231620 2648.7
1231630 2648.7
1231640 2646.0
1231650 2642.8
1231660 2639.2
1231670 2639.2
1231680 2635.3
1231690 2631.5
1231700 2631.5
1231710 2627.4
1231720 2622.8
1231730 2622.8
1231740 2617.8
1231750 2612.4
1231760 2612.4
1231770 2607.1
1231780 2601.3
1231790 2601.3
1231800 2596.2
1231810 2592.3
1231820 2592.3
1231830 2589.2
1231840 2586.9
1231850 2586.9
1231860 2582.7
1231870 2578.1
1231880 2578.1
1231890 2571.6
1231900 2565.4
1231910 2560.5
1231920 2560.5
1231930 2556.4
1231940 2552.2
1231950 2552.2
1231960 2548.2
1231970 2545.3
1231980 2545.3
1231990 2542.2
1232000 2537.1
1232010 2537.1
1232020 2533.9
1232030 2531.3
1232040 2539.2
1232050 2535.3
1232060 2532.7
1232070 2532.7
1232080 2530.1
1232090 2527.0
1232100 2527.0
1232110 2521.7
1232120 2511.4
1232130 2511.4
1232140 2503.1
1232150 2495.0
1232160 2487.4
1232170 2487.4
1232180 2480.8
1232190 2476.3
1232200 2476.3
1232210 2472.1
1232220 2468.2
1232230 2468.2
1232240 2464.9
1232250 2461.0
1232260 2461.0
1232270 2456.3
1232280 2451.4
1232290 2451.4
1232300 2447.4
1232310 2444.0
1232320 2444.0
1232330 2441.9
1232340 2441.5
1232350 2441.5
1232360 2441.2
1232370 2439.3
1232380 2439.3
1232390 2436.6
1232400 2435.0
1232410 2431.9
1232420 2431.9
1232430 2427.3
1232440 2422.8
1232450 2422.8
1232460 2420.2
1232470 2419.9
1232480 2419.9
1232490 2420.0
1232500 2420.9
1232510 2420.9
1232520 2420.8
1232530 2419.7
1232540 2422.4
1232550 2420.4
1232560 2419.6
1232570 2419.6
1232580 2418.4
1232590 2416.5
1232600 2416.5
1232610 2413.0
1232620 2410.1
1232630 2410.1
1232640 2407.7
1232650 2403.5
1232660 2403.5
1232670 2396.6
1232680 2385.1
1232690 2371.9
1232700 2371.9
1232710 2358.5
1232720 2350.1
1232730 2350.1
1232740 2342.9
1232750 2334.2
1232760 2334.2
1232770 2325.7
1232780 2319.7
1232790 2319.7
1232800 2310.8
1232810 2302.0
1232820 2302.0
1232830 2291.2
1232840 2283.3
1232850 2283.3
1232860 2279.2
1232870 2275.8
1232880 2275.8
1232890 2272.2
1232900 2268.9
1232910 2268.9
1232920 2265.8
1232930 2262.0
1232940 2259.0
1232950 2259.0
1232960 2256.3
1232970 2253.5
1232980 2253.5
1232990 2249.7
1233000 2242.2
1233010 2242.2
1233020 2234.3
1233030 2225.3
1233040 2225.3
1233050 2214.9
1233060 2207.3
1233070 2207.3
1233080 2199.1
1233090 2192.8
1233100 2192.8
1233110 2186.7
1233120 2179.9
1233130 2179.9
1233140 2172.5
1233150 2165.6
1233160 2165.6
1233170 2158.3
1233180 2150.2
1233190 2143.1
1233200 2143.1
1233210 2137.4
1233220 2132.2
1233230 2132.2
1233240 2127.1
1233250 2123.1
1233260 2123.1
1233270 2120.0
1233280 2116.6
1233290 2116.6
1233300 2111.7
1233310 2106.7
1233320 2106.7
1233330 2102.0
1233340 2098.4
1233350 2098.4
1233360 2095.4
1233370 2092.5
1233380 2092.5
1233390 2089.1
1233400 2086.0
1233410 2086.0
1233420 2084.7
1233430 2082.7
1233440 2079.5
1233450 2079.5
1233460 2076.1
1233470 2071.8
1233480 2071.8
1233490 2067.5
1233500 2062.8
1233510 2062.8
1233520 2058.1
1233530 2054.0
1233540 2054.0
1233550 2048.5
1233560 2045.3
1233570 2045.3
1233580 2040.7
1233590 2035.1
1233600 2035.1
1233610 2030.1
1233620 2027.7
1233630 2027.7
1233640 2026.7
1233650 2026.0
1233660 2026.0
1233670 2024.5
1233680 2023.8
1233690 2022.7
1233700 2022.7
1233710 2021.2
1233720 2021.0
1233730 2021.0
1233740 2021.4
1233750 2021.5
1233760 2021.5
1233770 2021.1
1233780 2019.1
1233790 2019.1
1233800 2014.6
1233810 2011.0
1233820 2011.0
1233830 2011.1
1233840 2011.6
1233850 2011.6
1233860 2010.0
1233870 2007.2
1233880 2007.2
1233890 2003.3
1233900 1999.1
1233910 1999.1
1233920 1997.1
1233930 1997.6
1233940 1997.6
1233950 1999.8
1233960 2001.9
1233970 2003.6
1233980 2003.6
1233990 2005.8
1234000 2007.8
1234010 2007.8
1234020 2008.6
1234030 2009.3
1234040 2009.3
1234050 2009.7
1234060 2007.6
1234070 2007.6
1234080 2009.2
1234090 2010.5
1234100 2010.5
1234110 2011.2
1234120 2010.1
1234130 2010.1
1234140 2008.1
1234150 2006.3
1234160 2006.3
1234170 2004.4
1234180 2002.2
1234190 2002.2
1234200 1999.6
1234210 1997.6
1234220 1997.4
1234230 1997.4
1234240 1997.3
1234250 1997.3
1234260 1997.3
1234270 1996.9
1234280 1997.2
1234290 1997.2
1234300 1999.0
1234310 2000.8
1234320 2000.8
1234330 2001.7
1234340 2000.7
1234350 2000.7
1234360 2000.3
1234370 2001.0
1234380 2001.0
1234390 2000.8
1234400 1999.1
1234410 1999.1
1234420 1996.1
1234430 1993.9
1234440 1993.9
1234450 1993.7
1234460 1993.4
1234470 1992.9
1234480 1992.9
1234490 1992.1
1234500 1991.5
1234510 1991.5
1234520 1990.7
1234530 1989.8
1234540 1989.8
1234550 1989.0
1234560 1988.6
1234570 1983.1
1234580 1982.3
1234590 1980.9
1234600 1980.9
1234610 1979.8
1234620 1978.3
1234630 1978.3
1234640 1977.1
1234650 1975.1
1234660 1975.1
1234670 1973.4
1234680 1971.5
1234690 1971.5
1234700 1969.2
1234710 1967.2
1234720 1965.1
1234730 1965.1
1234740 1963.2
1234750 1960.5
1234760 1960.5
1234770 1957.9
1234780 1955.9
1234790 1955.9
1234800 1954.0
1234810 1952.0
1234820 1952.0
1234830 1949.4
1234840 1947.6
1234850 1947.6
1234860 1946.4
1234870 1944.6
1234880 1944.6
1234890 1942.7
1234900 1941.0
1234910 1941.0
1234920 1939.0
1234930 1937.5
1234940 1937.5
1234950 1936.2
1234960 1934.1
1234970 1934.1
1234980 1930.8
1234990 1926.5
1235000 1921.2
1235010 1921.2
1235020 1915.2
1235030 1908.6
1235040 1908.6
1235050 1901.7
1235060 1894.9
1235070 1894.9
1235080 1886.9
1235090 1881.4
1235100 1881.4
1235110 1876.8
1235120 1871.8
1235130 1871.8
1235140 1865.2
1235150 1858.3
1235160 1858.3
1235170 1851.9
1235180 1845.4
1235190 1845.4
1235200 1839.4
1235210 1834.4
1235220 1834.4
1235230 1829.0
1235240 1824.3
1235250 1818.9
1235260 1818.9
1235270 1811.9
1235280 1806.6
1235290 1806.6
1235300 1804.8
1235310 1803.5
1235320 1803.5
1235330 1803.3
1235340 1803.5
1235350 1803.5
1235360 1804.4
1235370 1804.0
1235380 1804.0
1235390 1803.6
1235400 1803.4
1235410 1803.4
1235420 1803.3
1235430 1803.7
1235440 1803.7
1235450 1804.3
1235460 1805.2
1235470 1805.2
1235480 1805.4
1235490 1805.6
1235500 1806.6
1235510 1806.6
1235520 1807.5
1235530 1808.1
1235540 1808.1
1235550 1808.5
1235560 1808.2
1235570 1808.2
1235580 1808.6
1235590 1812.8
1235600 1812.8
1235610 1813.8
1235620 1815.0
1235630 1815.0
1235640 1816.6
1235650 1818.5
1235660 1818.5
1235670 1821.1
1235680 1823.5
1235690 1823.5
1235700 1823.5
1235710 1824.0
1235720 1824.0
1235730 1825.1
1235740 1826.5
1235750 1827.6
1235760 1827.6
1235770 1827.5
1235780 1828.4
1235790 1828.4
1235800 1829.8
1235810 1830.3
1235820 1830.3
1235830 1831.7
1235840 1834.3
1235850 1834.3
1235860 1836.3
1235870 1836.2
1235880 1836.2
1235890 1838.9
1235900 1841.4
1235910 1841.4
1235920 1843.2
1235930 1845.5
1235940 1845.5
1235950 1848.2
1235960 1852.0
1235970 1852.0
1235980 1856.5
1235990 1861.3
1236000 1865.7
1236010 1865.7
1236020 1869.0
1236030 1872.2
1236040 1872.2
1236050 1876.8
1236060 1882.7
1236070 1882.7
1236080 1888.7
1236090 1894.5
1236100 1899.1
1236110 1903.8
1236120 1908.0
1236130 1908.0
1236140 1912.6
1236150 1917.8
1236160 1917.8
1236170 1923.7
1236180 1930.0
1236190 1930.0
1236200 1936.3
1236210 1942.4
1236220 1942.4
1236230 1948.3
1236240 1954.4
1236250 1954.4
1236260 1960.2
1236270 1965.7
1236280 1971.0
1236290 1971.0
1236300 1976.7
1236310 1982.5
1236320 1982.5
1236330 1988.9
1236340 1995.4
1236350 1995.4
1236360 2001.7
1236370 2007.9
1236380 2007.9
1236390 2014.1
1236400 2021.2
1236410 2021.2
1236420 2029.1
1236430 2036.4
1236440 2036.4
1236450 2043.3
1236460 2048.5
1236470 2048.5
1236480 2051.0
1236490 2054.0
1236500 2054.0
1236510 2057.2
1236520 2059.5
1236530 2060.4
1236540 2060.4
1236550 2057.8
1236560 2055.3
1236570 2055.3
1236580 2052.3
1236590 2048.8
1236600 2048.8
1236610 2051.7
1236620 2045.6
1236630 2045.6
1236640 2043.4
1236650 2046.5
1236660 2046.5
1236670 2045.8
1236680 2043.1
1236690 2043.1
1236700 2037.5
1236710 2030.7
1236720 2030.7
1236730 2027.9
1236740 2026.8
1236750 2026.8
1236760 2024.9
1236770 2024.5
1236780 2022.3
1236790 2022.3
1236800 2019.0
1236810 2013.8
1236820 2013.8
1236830 2004.6
1236840 1994.4
1236850 1994.4
1236860 1987.7
1236870 1988.4
1236880 1988.4
1236890 1988.5
1236900 1985.3
1236910 1985.3
1236920 1986.6
1236930 1988.1
1236940 1988.1
1236950 1985.1
1236960 1978.6
1236970 1978.6
1236980 1973.3
1236990 1968.2
1237000 1968.2
1237010 1962.3
1237020 1959.7
1237030 1957.5
1237040 1957.5
1237050 1954.5
1237060 1950.0
1237070 1950.0
1237080 1945.1
1237090 1943.4
1237100 1943.4
1237110 1939.8
1237120 1935.8
1237130 1941.1
1237140 1938.1
1237150 1935.9
1237160 1935.9
1237170 1933.3
1237180 1930.2
1237190 1930.2
1237200 1926.8
1237210 1923.5
1237220 1923.5
1237230 1920.6
1237240 1918.7
1237250 1918.7
1237260 1917.5
1237270 1915.5
1237280 1914.1
1237290 1914.1
1237300 1912.8
1237310 1911.4
1237320 1911.4
1237330 1909.0
1237340 1908.4
1237350 1908.4
1237360 1906.5
1237370 1904.1
1237380 1904.1
1237390 1899.5
1237400 1896.0
1237410 1896.0
1237420 1894.5
1237430 1894.5
1237440 1894.5
1237450 1895.4
1237460 1898.1
1237470 1898.1
1237480 1901.5
1237490 1905.2
1237500 1905.2
1237510 1907.3
1237520 1908.8
1237530 1908.8
1237540 1910.8
1237550 1914.8
1237560 1919.9
1237570 1919.9
1237580 1924.5
1237590 1930.9
1237600 1930.9
1237610 1935.0
1237620 1937.8
1237630 1937.8
1237640 1941.5
1237650 1945.5
1237660 1945.5
1237670 1948.4
1237680 1950.9
1237690 1950.9
1237700 1953.4
1237710 1955.8
1237720 1955.8
1237730 1958.1
1237740 1960.9
1237750 1960.9
1237760 1964.2
1237770 1968.0
1237780 1968.0
1237790 1971.9
1237800 1975.8
1237810 1980.0
1237820 1980.0
1237830 1984.6
1237840 1989.7
1237850 1989.7
1237860 1995.7
1237870 2002.3
1237880 2002.3
1237890 2008.9
1237900 2015.4
1237910 2015.4
1237920 2022.0
1237930 2029.0
1237940 2029.0
1237950 2036.0
1237960 2042.8
1237970 2042.8
1237980 2049.7
1237990 2058.5
1238000 2058.5
1238010 2072.3
1238020 2081.1
1238030 2081.1
1238040 2088.3
1238050 2097.4
1238060 2103.8
1238070 2103.8
1238080 2110.4
1238090 2118.2
1238100 2118.2
1238110 2127.3
1238120 2138.1
1238130 2138.1
1238140 2148.7
1238150 2158.7
1238160 2155.3
1238170 2163.9
1238180 2173.1
1238190 2173.1
1238200 2180.9
1238210 2187.8
1238220 2187.8
1238230 2195.2
1238240 2202.6
1238250 2202.6
1238260 2209.8
1238270 2216.5
1238280 2216.5
1238290 2222.6
1238300 2228.5
1238310 2234.3
1238320 2234.3
1238330 2239.1
1238340 2243.6
1238350 2243.6
1238360 2248.4
1238370 2252.7
1238380 2252.7
1238390 2256.7
1238400 2261.0
1238410 2261.0
1238420 2265.0
1238430 2268.9
1238440 2268.9
1238450 2273.3
1238460 2277.7
1238470 2277.7
1238480 2282.2
1238490 2286.7
1238500 2286.7
1238510 2291.4
1238520 2296.3
1238530 2296.3
1238540 2301.0
1238550 2305.5
1238560 2305.5
1238570 2310.0
1238580 2314.6
1238590 2319.2
1238600 2319.2
1238610 2324.0
1238620 2328.8
1238630 2328.8
1238640 2333.2
1238650 2337.7
1238660 2337.7
1238670 2344.1
1238680 2349.0
1238690 2349.0
1238700 2354.2
1238710 2358.9
1238720 2358.9
1238730 2363.6
1238740 2367.2
1238750 2367.2
1238760 2371.6
1238770 2376.4
1238780 2376.4
1238790 2379.9
1238800 2384.4
1238810 2384.4
1238820 2388.8
1238830 2392.2
1238840 2395.6
1238850 2395.6
1238860 2399.5
1238870 2403.6
1238880 2403.6
1238890 2406.6
1238900 2409.6
1238910 2409.6
1238920 2413.3
1238930 2417.2
1238940 2417.2
1238950 2420.6
1238960 2424.1
1238970 2424.1
1238980 2427.7
1238990 2430.3
1239000 2430.3
1239010 2432.5
1239020 2434.6
1239030 2434.6
1239040 2436.2
1239050 2437.4
1239060 2437.4
1239070 2439.0
1239080 2440.6
1239090 2441.7
1239100 2441.7
1239110 2443.2
1239120 2444.4
1239130 2444.4
1239140 2444.9
1239150 2442.5
1239160 2442.5
1239170 2437.4
1239180 2433.9
1239190 2434.3
1239200 2429.0
1239210 2420.6
1239220 2420.6
1239230 2411.7
1239240 2403.2
1239250 2403.2
1239260 2393.7
1239270 2383.5
1239280 2383.5
1239290 2374.0
1239300 2365.0
1239310 2365.0
1239320 2357.1
1239330 2349.1
1239340 2341.0
1239350 2341.0
1239360 2333.5
1239370 2325.9
1239380 2325.9
1239390 2318.1
1239400 2310.3
1239410 2310.3
1239420 2301.5
1239430 2295.0
1239440 2295.0
1239450 2289.6
1239460 2287.0
1239470 2287.0
1239480 2284.6
1239490 2282.1
1239500 2282.1
1239510 2275.6
1239520 2261.3
1239530 2261.3
1239540 2244.0
1239550 2230.4
1239560 2230.4
1239570 2218.7
1239580 2209.9
1239590 2196.6
1239600 2196.6
1239610 2183.5
1239620 2171.7
1239630 2171.7
1239640 2155.0
1239650 2138.7
1239660 2138.7
1239670 2123.7
1239680 2108.3
1239690 2108.3
1239700 2097.2
1239710 2090.5
1239720 2090.5
1239730 2081.4
1239740 2072.6
1239750 2072.6
1239760 2064.0
1239770 2058.2
1239780 2058.2
1239790 2050.1
1239800 2034.5
1239810 2034.5
1239820 2020.5
1239830 2009.4
1239840 2009.4
1239850 1998.6
1239860 1989.8
1239870 1982.7
1239880 1982.7
1239890 1978.2
1239900 1973.3
1239910 1973.3
1239920 1966.7
1239930 1960.0
1239940 1960.0
1239950 1953.6
1239960 1946.8
1239970 1946.8
1239980 1939.8
1239990 1932.9
