1220000 2144.0
1220010 2144.1
1220020 2144.1
1220030 2146.3
1220040 2148.2
1220050 2151.4
1220060 2151.4
1220070 2155.2
1220080 2157.1
1220090 2157.1
1220100 2156.5
1220110 2154.7
1220120 2154.7
1220130 2148.3
1220140 2137.1
1220150 2137.1
1220160 2126.4
1220170 2115.8
1220180 2115.8
1220190 2107.4
1220200 2100.0
1220210 2100.0
1220220 2093.6
1220230 2088.3
1220240 2088.3
1220250 2083.4
1220260 2085.9
1220270 2085.9
1220280 2081.1
1220290 2074.9
1220300 2068.6
1220310 2068.6
1220320 2064.6
1220330 2062.7
1220340 2062.7
1220350 2060.6
1220360 2058.6
1220370 2058.6
1220380 2056.3
1220390 2054.1
1220400 2054.1
1220410 2052.4
1220420 2050.8
1220430 2050.8
1220440 2048.6
1220450 2046.1
1220460 2046.1
1220470 2043.9
1220480 2041.7
1220490 2041.7
1220500 2039.5
1220510 2037.1
1220520 2037.1
1220530 2034.5
1220540 2031.6
1220550 2031.6
1220560 2028.4
1220570 2024.6
1220580 2019.8
1220590 2019.8
1220600 2014.8
1220610 2010.6
1220620 2010.6
1220630 2007.3
1220640 2004.1
1220650 2004.1
1220660 2001.9
1220670 2000.5
1220680 2000.5
1220690 1999.6
1220700 1999.1
1220710 1999.1
1220720 1998.3
1220730 1997.6
1220740 2006.9
1220750 2007.9
1220760 2009.6
1220770 2009.6
1220780 2008.7
1220790 2006.5
1220800 2006.5
1220810 2003.6
1220820 2001.7
1220830 2000.2
1220840 2000.2
1220850 1998.3
1220860 1994.7
1220870 1994.7
1220880 1989.9
1220890 1986.2
1220900 1986.2
1220910 1982.9
1220920 1980.3
1220930 1980.3
1220940 1977.7
1220950 1975.3
1220960 1975.3
1220970 1972.9
1220980 1970.9
1220990 1970.9
1221000 1969.4
1221010 1968.7
1221020 1968.7
1221030 1969.0
1221040 1970.0
1221050 1970.0
1221060 1971.5
1221070 1973.5
1221080 1975.0
1221090 1975.0
1221100 1976.4
1221110 1978.4
1221120 1978.4
1221130 1980.8
1221140 1982.4
1221150 1982.4
1221160 1984.1
1221170 1986.0
1221180 1986.0
1221190 1990.2
1221200 1993.9
1221210 1993.9
1221220 1998.7
1221230 2001.9
1221240 2001.9
1221250 2004.6
1221260 2007.0
1221270 2007.0
1221280 2009.0
1221290 2009.8
1221300 2009.8
1221310 2009.2
1221320 2008.9
1221330 2008.9
1221340 2009.5
1221350 2008.6
1221360 2008.5
1221370 2008.5
1221380 2010.6
1221390 2013.6
1221400 2013.6
1221410 2016.4
1221420 2019.5
1221430 2019.5
1221440 2024.3
1221450 2029.8
1221460 2029.8
1221470 2035.1
1221480 2039.2
1221490 2039.2
1221500 2042.5
1221510 2045.1
1221520 2045.1
1221530 2047.5
1221540 2049.5
1221550 2049.5
1221560 2051.7
1221570 2054.0
1221580 2054.0
1221590 2054.3
1221600 2055.2
1221610 2059.4
1221620 2059.4
1221630 2062.1
1221640 2064.0
1221650 2064.0
1221660 2065.2
1221670 2066.9
1221680 2066.9
1221690 2068.5
1221700 2071.1
1221710 2075.0
1221720 2077.9
1221730 2080.5
1221740 2080.5
1221750 2082.6
1221760 2084.7
1221770 2084.7
1221780 2087.2
1221790 2089.6
1221800 2089.6
1221810 2091.6
1221820 2092.5
1221830 2092.5
1221840 2090.8
1221850 2089.7
1221860 2090.9
1221870 2090.9
1221880 2092.7
1221890 2096.6
1221900 2096.6
1221910 2101.3
1221920 2104.9
1221930 2104.9
1221940 2108.5
1221950 2112.0
1221960 2112.0
1221970 2115.1
1221980 2118.3
1221990 2118.3
1222000 2120.9
1222010 2123.5
1222020 2123.5
1222030 2126.0
1222040 2128.7
1222050 2128.7
1222060 2130.3
1222070 2131.4
1222080 2131.4
1222090 2132.7
1222100 2133.7
1222110 2133.5
1222120 2133.5
1222130 2134.4
1222140 2137.4
1222150 2137.4
1222160 2141.3
1222170 2146.6
1222180 2146.6
1222190 2152.5
1222200 2158.1
1222210 2158.1
1222220 2163.6
1222230 2168.4
1222240 2168.4
1222250 2173.4
1222260 2178.9
1222270 2178.9
1222280 2184.2
1222290 2189.3
1222300 2189.3
1222310 2194.0
1222320 2199.2
1222330 2199.2
1222340 2205.2
1222350 2212.3
1222360 2212.3
1222370 2219.2
1222380 2225.5
1222390 2231.4
1222400 2231.4
1222410 2235.5
1222420 2239.9
1222430 2239.9
1222440 2246.9
1222450 2254.4
1222460 2254.4
1222470 2260.7
1222480 2267.9
1222490 2267.9
1222500 2275.8
1222510 2283.1
1222520 2283.1
1222530 2290.4
1222540 2298.3
1222550 2298.3
1222560 2306.9
1222570 2317.1
1222580 2317.1
1222590 2325.9
1222600 2333.3
1222610 2333.3
1222620 2340.4
1222630 2336.6
1222640 2330.8
1222650 2330.8
1222660 2325.4
1222670 2320.1
1222680 2323.4
1222690 2316.9
1222700 2311.1
1222710 2311.1
1222720 2305.4
1222730 2300.5
1222740 2300.5
1222750 2296.9
1222760 2295.0
1222770 2295.0
1222780 2294.0
1222790 2293.2
1222800 2293.2
1222810 2293.4
1222820 2292.3
1222830 2292.3
1222840 2292.1
1222850 2291.8
1222860 2291.8
1222870 2291.4
1222880 2291.3
1222890 2290.5
1222900 2290.5
1222910 2290.9
1222920 2292.0
1222930 2292.0
1222940 2293.1
1222950 2293.9
1222960 2293.9
1222970 2293.5
1222980 2292.8
1222990 2292.8
1223000 2292.1
1223010 2291.2
1223020 2291.2
1223030 2290.6
1223040 2289.7
1223050 2289.7
1223060 2287.9
1223070 2285.6
1223080 2285.6
1223090 2282.3
1223100 2276.4
1223110 2276.4
1223120 2269.0
1223130 2259.8
1223140 2259.8
1223150 2251.4
1223160 2247.2
1223170 2237.8
1223180 2237.8
1223190 2230.7
1223200 2224.8
1223210 2224.8
1223220 2219.7
1223230 2214.2
1223240 2214.2
1223250 2207.7
1223260 2200.0
1223270 2200.0
1223280 2193.4
1223290 2188.7
1223300 2188.7
1223310 2184.3
1223320 2179.7
1223330 2179.7
1223340 2174.4
1223350 2171.3
1223360 2171.3
1223370 2169.5
1223380 2167.1
1223390 2167.1
1223400 2164.5
1223410 2162.6
1223420 2161.5
1223430 2161.5
1223440 2160.6
1223450 2159.5
1223460 2159.5
1223470 2162.6
1223480 2162.3
1223490 2162.3
1223500 2161.5
1223510 2160.9
1223520 2160.9
1223530 2160.5
1223540 2160.4
1223550 2160.4
1223560 2160.7
1223570 2162.0
1223580 2162.0
1223590 2161.2
1223600 2160.3
1223610 2160.3
1223620 2162.2
1223630 2164.0
1223640 2164.0
1223650 2166.8
1223660 2167.7
1223670 2168.7
1223680 2168.7
1223690 2169.7
1223700 2169.4
1223710 2169.4
1223720 2168.4
1223730 2167.5
1223740 2167.5
1223750 2165.9
1223760 2164.4
1223770 2164.4
1223780 2165.5
1223790 2169.4
1223800 2169.4
1223810 2171.0
1223820 2168.6
1223830 2168.6
1223840 2164.2
1223850 2160.0
1223860 2160.0
1223870 2156.7
1223880 2153.7
1223890 2153.7
1223900 2151.3
1223910 2149.2
1223920 2146.3
1223930 2146.3
1223940 2142.7
1223950 2141.1
1223960 2141.1
1223970 2140.4
1223980 2140.0
1223990 2140.0
1224000 2141.0
1224010 2142.0
1224020 2142.0
1224030 2142.8
1224040 2144.0
1224050 2144.0
1224060 2144.6
1224070 2146.9
1224080 2146.9
1224090 2149.3
1224100 2151.6
1224110 2151.6
1224120 2154.3
1224130 2156.4
1224140 2159.4
1224150 2160.9
1224160 2162.6
1224170 2162.6
1224180 2163.0
1224190 2163.2
1224200 2163.9
1224210 2163.9
1224220 2165.8
1224230 2167.2
1224240 2167.2
1224250 2168.0
1224260 2167.7
1224270 2167.7
1224280 2166.1
1224290 2161.3
1224300 2161.3
1224310 2153.0
1224320 2147.4
1224330 2147.4
1224340 2145.2
1224350 2145.5
1224360 2145.5
1224370 2146.5
1224380 2147.0
1224390 2147.0
1224400 2147.8
1224410 2149.3
1224420 2149.3
1224430 2151.0
1224440 2152.8
1224450 2154.3
1224460 2154.3
1224470 2155.3
1224480 2156.4
1224490 2156.4
1224500 2158.2
1224510 2161.5
1224520 2161.5
1224530 2165.2
1224540 2168.5
1224550 2168.5
1224560 2171.7
1224570 2176.4
1224580 2176.4
1224590 2182.2
1224600 2188.4
1224610 2188.4
1224620 2195.0
1224630 2204.7
1224640 2204.7
1224650 2212.9
1224660 2220.9
1224670 2220.9
1224680 2230.3
1224690 2240.4
1224700 2251.1
1224710 2251.1
1224720 2257.9
1224730 2265.2
1224740 2265.2
1224750 2268.7
1224760 2260.6
1224770 2260.6
1224780 2251.0
1224790 2240.0
1224800 2240.0
1224810 2229.6
1224820 2219.6
1224830 2219.6
1224840 2211.9
1224850 2207.5
1224860 2207.5
1224870 2205.5
1224880 2206.6
1224890 2206.6
1224900 2206.8
1224910 2202.9
1224920 2202.9
1224930 2197.5
1224940 2193.4
1224950 2193.4
1224960 2192.6
1224970 2195.2
1224980 2193.5
1224990 2193.5
1225000 2186.8
1225010 2178.3
1225020 2178.3
1225030 2169.2
1225040 2161.0
1225050 2161.0
1225060 2153.1
1225070 2142.7
1225080 2142.7
1225090 2128.2
1225100 2108.7
1225110 2108.7
1225120 2103.0
1225130 2098.6
1225140 2098.6
1225150 2095.2
1225160 2090.7
1225170 2090.7
1225180 2086.1
1225190 2082.1
1225200 2082.1
1225210 2078.2
1225220 2074.2
1225230 2069.3
1225240 2069.3
1225250 2065.3
1225260 2062.3
1225270 2062.3
1225280 2063.5
1225290 2062.7
1225300 2062.7
1225310 2060.1
1225320 2057.3
1225330 2057.3
1225340 2053.0
1225350 2046.1
1225360 2046.1
1225370 2043.2
1225380 2041.4
1225390 2041.4
1225400 2037.4
1225410 2033.1
1225420 2033.1
1225430 2029.6
1225440 2027.1
1225450 2027.1
1225460 2024.7
1225470 2023.0
1225480 2022.3
1225490 2022.3
1225500 2022.3
1225510 2023.2
1225520 2023.2
1225530 2024.0
1225540 2025.1
1225550 2025.1
1225560 2025.9
1225570 2026.3
1225580 2026.3
1225590 2026.2
1225600 2027.4
1225610 2030.5
1225620 2032.9
1225630 2034.9
1225640 2034.9
1225650 2036.3
1225660 2037.4
1225670 2037.4
1225680 2040.8
1225690 2044.8
1225700 2044.8
1225710 2047.3
1225720 2049.2
1225730 2051.1
1225740 2051.1
1225750 2052.2
1225760 2054.3
1225770 2054.3
1225780 2056.6
1225790 2058.9
1225800 2058.9
1225810 2061.3
1225820 2062.9
1225830 2062.9
1225840 2063.4
1225850 2065.2
1225860 2065.2
1225870 2067.1
1225880 2068.3
1225890 2068.3
1225900 2070.2
1225910 2073.5
1225920 2073.5
1225930 2077.5
1225940 2081.8
1225950 2081.8
1225960 2084.7
1225970 2086.0
1225980 2086.0
1225990 2086.6
1226000 2087.1
1226010 2089.1
1226020 2089.1
1226030 2089.3
1226040 2084.0
1226050 2084.0
1226060 2078.4
1226070 2075.1
1226080 2075.1
1226090 2068.7
1226100 2069.1
1226110 2069.1
1226120 2065.3
1226130 2061.4
1226140 2061.4
1226150 2056.2
1226160 2049.6
1226170 2049.6
1226180 2045.2
1226190 2041.3
1226200 2041.3
1226210 2034.9
1226220 2029.5
1226230 2029.5
1226240 2024.7
1226250 2020.4
1226260 2016.3
1226270 2016.3
1226280 2012.7
1226290 2010.4
1226300 2010.4
1226310 2008.9
1226320 2007.8
1226330 2007.8
1226340 2007.1
1226350 2006.5
1226360 2006.5
1226370 2006.6
1226380 2006.5
1226390 2006.5
1226400 2005.7
1226410 2004.8
1226420 2004.8
1226430 2004.5
1226440 2003.3
1226450 2003.3
1226460 2000.8
1226470 1999.3
1226480 1999.3
1226490 1997.1
1226500 1996.3
1226510 1997.5
1226520 1997.5
1226530 1997.3
1226540 1998.0
1226550 1998.0
1226560 1997.7
1226570 1997.5
1226580 1997.5
1226590 2002.4
1226600 2005.2
1226610 2005.2
1226620 2008.3
1226630 2010.3
1226640 2010.3
1226650 2013.1
1226660 2016.0
1226670 2016.0
1226680 2019.5
1226690 2023.3
1226700 2023.3
1226710 2026.9
1226720 2029.6
1226730 2029.6
1226740 2031.5
1226750 2032.7
1226760 2032.1
1226770 2032.1
1226780 2034.4
1226790 2039.7
1226800 2039.7
1226810 2042.5
1226820 2045.5
1226830 2045.5
1226840 2049.3
1226850 2052.9
1226860 2052.9
1226870 2056.4
1226880 2059.6
1226890 2059.6
1226900 2062.4
1226910 2066.4
1226920 2066.4
1226930 2069.7
1226940 2071.6
1226950 2071.6
1226960 2074.0
1226970 2076.1
1226980 2076.1
1226990 2079.5
1227000 2085.3
1227010 2085.3
1227020 2091.4
1227030 2097.9
1227040 2104.2
1227050 2104.2
1227060 2109.4
1227070 2114.7
1227080 2114.7
1227090 2119.7
1227100 2124.4
1227110 2124.4
1227120 2127.5
1227130 2131.0
1227140 2131.0
1227150 2134.5
1227160 2137.7
1227170 2137.7
1227180 2140.7
1227190 2143.4
1227200 2143.4
1227210 2146.7
1227220 2151.7
1227230 2151.7
1227240 2156.5
1227250 2161.4
1227260 2161.4
1227270 2167.4
1227280 2174.4
1227290 2181.7
1227300 2181.7
1227310 2189.0
1227320 2197.1
1227330 2197.1
1227340 2206.4
1227350 2214.9
1227360 2214.9
1227370 2222.3
1227380 2230.8
1227390 2230.8
1227400 2239.3
1227410 2247.6
1227420 2247.6
1227430 2255.8
1227440 2263.3
1227450 2263.3
1227460 2270.3
1227470 2277.8
1227480 2277.8
1227490 2285.8
1227500 2293.4
1227510 2293.4
1227520 2299.7
1227530 2306.0
1227540 2312.8
1227550 2312.8
1227560 2320.2
1227570 2328.2
1227580 2330.6
1227590 2339.5
1227600 2348.1
1227610 2348.1
1227620 2357.0
1227630 2364.6
1227640 2364.6
1227650 2371.5
1227660 2378.5
1227670 2378.5
1227680 2384.0
1227690 2390.1
1227700 2390.1
1227710 2396.2
1227720 2402.3
1227730 2402.3
1227740 2407.0
1227750 2405.3
1227760 2405.3
1227770 2399.2
1227780 2393.8
1227790 2393.8
1227800 2383.1
1227810 2372.4
1227820 2366.5
1227830 2366.5
1227840 2361.9
1227850 2357.7
1227860 2357.7
1227870 2355.0
1227880 2352.8
1227890 2352.8
1227900 2350.8
1227910 2349.7
1227920 2349.7
1227930 2348.3
1227940 2347.7
1227950 2347.7
1227960 2347.5
1227970 2347.3
1227980 2347.3
1227990 2347.7
1228000 2348.5
1228010 2348.5
1228020 2349.8
1228030 2352.0
1228040 2352.0
1228050 2354.8
1228060 2358.0
1228070 2361.9
1228080 2362.0
1228090 2366.8
1228100 2372.4
1228110 2372.4
1228120 2378.1
1228130 2384.1
1228140 2384.1
1228150 2390.0
1228160 2396.3
1228170 2396.3
1228180 2402.7
1228190 2409.2
1228200 2409.2
1228210 2416.2
1228220 2423.1
1228230 2423.1
1228240 2429.7
1228250 2435.9
1228260 2435.9
1228270 2440.5
1228280 2444.8
1228290 2444.8
1228300 2450.3
1228310 2453.3
1228320 2456.1
1228330 2456.1
1228340 2459.0
1228350 2459.8
1228360 2459.8
1228370 2460.7
1228380 2461.5
1228390 2461.5
1228400 2460.6
1228410 2461.2
1228420 2461.2
1228430 2462.9
1228440 2464.5
1228450 2464.5
1228460 2465.9
1228470 2466.1
1228480 2466.1
1228490 2465.0
1228500 2463.7
1228510 2463.7
1228520 2463.5
1228530 2464.3
1228540 2464.3
1228550 2466.8
1228560 2470.9
1228570 2479.0
1228580 2479.0
1228590 2484.3
1228600 2489.2
1228610 2489.2
1228620 2493.8
1228630 2498.8
1228640 2498.8
1228650 2503.8
1228660 2509.1
1228670 2509.1
1228680 2514.7
1228690 2520.7
1228700 2520.7
1228710 2527.7
1228720 2534.5
1228730 2534.5
1228740 2542.7
1228750 2552.2
1228760 2552.2
1228770 2560.8
1228780 2568.0
1228790 2568.0
1228800 2574.5
1228810 2580.5
1228820 2580.5
1228830 2584.9
1228840 2587.3
1228850 2587.7
1228860 2587.7
1228870 2585.8
1228880 2583.5
1228890 2583.5
1228900 2580.6
1228910 2578.1
1228920 2578.1
1228930 2576.7
1228940 2575.4
1228950 2575.4
1228960 2574.3
1228970 2573.4
1228980 2573.4
1228990 2573.8
1229000 2574.3
1229010 2574.3
1229020 2575.0
1229030 2576.7
1229040 2576.7
1229050 2579.1
1229060 2581.3
1229070 2573.8
1229080 2576.3
1229090 2578.1
1229100 2578.9
1229110 2578.9
1229120 2579.5
1229130 2581.0
1229140 2581.0
1229150 2583.1
1229160 2585.4
1229170 2585.4
1229180 2588.1
1229190 2591.5
1229200 2591.5
1229210 2595.2
1229220 2597.4
1229230 2597.4
1229240 2598.9
1229250 2599.9
1229260 2599.9
1229270 2598.5
1229280 2597.6
1229290 2597.6
1229300 2597.3
1229310 2596.9
1229320 2596.9
1229330 2597.6
1229340 2599.4
1229350 2601.9
1229360 2601.9
1229370 2605.2
1229380 2609.8
1229390 2609.8
1229400 2614.0
1229410 2617.2
1229420 2617.2
1229430 2620.5
1229440 2624.7
1229450 2624.7
1229460 2629.5
1229470 2635.2
1229480 2635.2
1229490 2641.3
1229500 2648.6
1229510 2648.6
1229520 2659.1
1229530 2668.5
1229540 2668.5
1229550 2670.9
1229560 2660.3
1229570 2660.8
1229580 2648.3
1229590 2637.9
1229600 2637.9
1229610 2629.6
1229620 2623.6
1229630 2617.7
1229640 2617.7
1229650 2609.9
1229660 2599.0
1229670 2599.0
1229680 2586.4
1229690 2574.4
1229700 2574.4
1229710 2563.3
1229720 2552.5
1229730 2552.5
1229740 2544.1
1229750 2537.9
1229760 2537.9
1229770 2532.6
1229780 2528.1
1229790 2528.1
1229800 2525.3
1229810 2524.8
1229820 2524.8
1229830 2524.2
1229840 2525.3
1229850 2525.3
1229860 2524.0
1229870 2520.2
1229880 2520.2
1229890 2520.2
1229900 2521.1
1229910 2522.0
1229920 2522.0
1229930 2522.1
1229940 2521.6
1229950 2521.6
1229960 2522.2
1229970 2522.4
1229980 2522.4
1229990 2522.0
1230000 2522.1
1230010 2522.1
1230020 2521.5
1230030 2519.8
1230040 2519.8
1230050 2518.4
1230060 2516.6
1230070 2516.2
1230080 2514.3
1230090 2512.3
1230100 2512.3
1230110 2511.1
1230120 2510.3
1230130 2509.6
1230140 2509.6
1230150 2509.0
1230160 2508.5
1230170 2508.5
1230180 2508.4
1230190 2508.0
1230200 2508.0
1230210 2508.2
1230220 2509.9
1230230 2509.9
1230240 2513.0
1230250 2517.4
1230260 2517.4
1230270 2521.3
1230280 2526.0
1230290 2526.0
1230300 2530.7
1230310 2534.6
1230320 2534.6
1230330 2538.0
1230340 2541.6
1230350 2541.6
1230360 2545.9
1230370 2554.8
1230380 2560.8
1230390 2560.8
1230400 2564.5
1230410 2570.4
1230420 2570.4
1230430 2577.2
1230440 2584.4
1230450 2584.4
1230460 2590.6
1230470 2597.8
1230480 2597.8
1230490 2604.7
1230500 2607.8
1230510 2607.8
1230520 2613.5
1230530 2621.6
1230540 2621.6
1230550 2629.4
1230560 2636.6
1230570 2628.2
1230580 2634.8
1230590 2640.6
1230600 2640.6
1230610 2638.8
1230620 2634.3
1230630 2634.3
1230640 2629.7
1230650 2625.6
1230660 2623.8
1230670 2623.8
1230680 2624.6
1230690 2625.7
1230700 2625.7
1230710 2627.3
1230720 2629.5
1230730 2629.5
1230740 2632.1
1230750 2635.1
1230760 2635.1
1230770 2637.9
1230780 2641.4
1230790 2641.4
1230800 2644.5
1230810 2650.3
1230820 2650.3
1230830 2660.3
1230840 2667.9
1230850 2667.9
1230860 2677.0
1230870 2688.7
1230880 2688.7
1230890 2698.0
1230900 2706.4
1230910 2717.6
1230920 2717.6
1230930 2732.3
1230940 2746.0
1230950 2746.0
1230960 2749.1
1230970 2749.7
1230980 2749.7
1230990 2744.7
1231000 2739.4
1231010 2739.4
1231020 2744.6
1231030 2745.5
1231040 2745.5
1231050 2752.2
1231060 2760.0
1231070 2755.4
1231080 2760.7
1231090 2765.3
1231100 2765.3
1231110 2768.3
1231120 2771.0
1231130 2771.0
1231140 2773.5
1231150 2775.3
1231160 2777.5
1231170 2777.5
1231180 2779.3
1231190 2780.9
1231200 2780.9
1231210 2783.4
1231220 2787.4
1231230 2787.4
1231240 2789.0
1231250 2784.3
1231260 2784.3
1231270 2777.9
1231280 2769.0
1231290 2769.0
1231300 2762.2
1231310 2762.6
1231320 2762.6
1231330 2770.6
1231340 2777.8
1231350 2777.8
1231360 2771.3
1231370 2760.2
1231380 2760.2
1231390 2752.4
1231400 2744.9
1231410 2746.2
1231420 2746.2
1231430 2739.2
1231440 2729.7
1231450 2729.7
1231460 2723.4
1231470 2719.6
1231480 2719.6
1231490 2718.5
1231500 2724.3
1231510 2724.3
1231520 2733.2
1231530 2733.5
1231540 2733.5
1231550 2724.4
1231560 2718.7
1231570 2709.5
1231580 2701.4
1231590 2686.5
1231600 2686.5
1231610 2681.6
1231620 2680.9
1231630 2680.9
1231640 2681.8
1231650 2679.3
1231660 2679.3
1231670 2672.3
1231680 2658.6
1231690 2646.9
1231700 2646.9
1231710 2635.1
1231720 2623.5
1231730 2623.5
1231740 2616.5
1231750 2607.6
1231760 2607.6
1231770 2590.2
1231780 2573.6
1231790 2573.6
1231800 2563.9
1231810 2562.3
1231820 2562.3
1231830 2556.0
1231840 2541.6
1231850 2541.6
1231860 2529.9
1231870 2514.2
1231880 2514.2
1231890 2505.0
1231900 2498.8
1231910 2498.8
1231920 2493.3
1231930 2489.6
1231940 2486.1
1231950 2486.1
1231960 2485.5
1231970 2483.8
1231980 2483.8
1231990 2472.4
1232000 2463.5
1232010 2463.5
1232020 2457.7
1232030 2452.2
1232040 2452.2
1232050 2444.5
1232060 2440.3
1232070 2440.3
1232080 2430.4
1232090 2427.8
1232100 2427.8
1232110 2424.9
1232120 2421.6
1232130 2421.6
1232140 2416.2
1232150 2408.1
1232160 2408.1
1232170 2394.9
1232180 2379.8
1232190 2371.3
1232200 2371.3
1232210 2366.9
1232220 2363.5
1232230 2363.5
1232240 2359.3
1232250 2354.0
1232260 2354.0
1232270 2348.2
1232280 2342.1
1232290 2342.1
1232300 2336.0
1232310 2329.9
1232320 2329.9
1232330 2325.1
1232340 2321.8
1232350 2321.8
1232360 2319.4
1232370 2318.8
1232380 2318.8
1232390 2317.2
1232400 2314.2
1232410 2314.2
1232420 2311.9
1232430 2310.3
1232440 2308.9
1232450 2308.9
1232460 2306.3
1232470 2304.8
1232480 2304.8
1232490 2305.0
1232500 2306.0
1232510 2306.0
1232520 2306.4
1232530 2305.2
1232540 2305.2
1232550 2304.2
1232560 2303.6
1232570 2303.6
1232580 2300.1
1232590 2302.0
1232600 2302.0
1232610 2304.7
1232620 2308.5
1232630 2308.5
1232640 2313.1
1232650 2318.2
1232660 2318.2
1232670 2321.2
1232680 2322.8
1232690 2322.8
1232700 2322.6
1232710 2320.6
1232720 2318.8
1232730 2318.8
1232740 2318.6
1232750 2317.5
1232760 2317.5
1232770 2317.3
1232780 2317.1
1232790 2317.1
1232800 2316.3
1232810 2314.7
1232820 2314.7
1232830 2312.7
1232840 2310.9
1232850 2310.9
1232860 2309.3
1232870 2308.1
1232880 2308.1
1232890 2307.4
1232900 2306.1
1232910 2306.1
1232920 2304.7
1232930 2304.0
1232940 2304.0
1232950 2303.3
1232960 2302.5
1232970 2302.1
1232980 2302.1
1232990 2301.1
1233000 2299.4
1233010 2299.4
1233020 2297.4
1233030 2295.0
1233040 2295.0
1233050 2292.6
1233060 2290.0
1233070 2290.0
1233080 2289.3
1233090 2285.3
1233100 2285.3
1233110 2287.6
1233120 2289.9
1233130 2289.9
1233140 2290.8
1233150 2291.3
1233160 2291.3
1233170 2292.4
1233180 2292.8
1233190 2292.8
1233200 2292.2
1233210 2290.8
1233220 2289.6
1233230 2289.6
1233240 2288.3
1233250 2287.7
1233260 2287.7
1233270 2287.1
1233280 2287.5
1233290 2287.5
1233300 2287.5
1233310 2286.4
1233320 2286.4
1233330 2285.5
1233340 2285.5
1233350 2285.5
1233360 2286.0
1233370 2286.5
1233380 2286.5
1233390 2287.8
1233400 2288.9
1233410 2288.9
1233420 2290.1
1233430 2291.3
1233440 2291.3
1233450 2292.6
1233460 2294.1
1233470 2294.1
1233480 2295.4
1233490 2297.6
1233500 2299.9
1233510 2299.9
1233520 2301.9
1233530 2301.7
1233540 2301.7
1233550 2304.0
1233560 2307.7
1233570 2307.7
1233580 2311.0
1233590 2308.0
1233600 2308.0
1233610 2310.2
1233620 2311.3
1233630 2311.3
1233640 2310.5
1233650 2310.6
1233660 2310.6
1233670 2313.0
1233680 2316.5
1233690 2316.5
1233700 2318.5
1233710 2320.3
1233720 2320.3
1233730 2323.2
1233740 2325.8
1233750 2328.2
1233760 2328.2
1233770 2329.9
1233780 2332.2
1233790 2332.2
1233800 2335.8
1233810 2339.6
1233820 2339.6
1233830 2343.1
1233840 2346.3
1233850 2346.3
1233860 2349.7
1233870 2352.7
1233880 2352.7
1233890 2355.0
1233900 2355.6
1233910 2355.6
1233920 2354.5
1233930 2351.3
1233940 2351.3
1233950 2346.0
1233960 2339.6
1233970 2339.6
1233980 2333.0
1233990 2326.5
1234000 2320.9
1234010 2320.9
1234020 2316.2
1234030 2311.7
1234040 2311.7
1234050 2306.7
1234060 2301.7
1234070 2301.7
1234080 2296.0
1234090 2291.7
1234100 2289.6
1234110 2285.8
1234120 2283.8
1234130 2283.8
1234140 2282.0
1234150 2279.3
1234160 2279.3
1234170 2275.1
1234180 2272.4
1234190 2272.4
1234200 2270.6
1234210 2268.5
1234220 2268.5
1234230 2264.9
1234240 2261.2
1234250 2258.8
1234260 2258.8
1234270 2255.7
1234280 2251.7
1234290 2251.7
1234300 2246.9
1234310 2243.7
1234320 2243.7
1234330 2241.5
1234340 2238.4
1234350 2238.4
1234360 2234.9
1234370 2231.3
1234380 2231.3
1234390 2227.9
1234400 2224.3
1234410 2224.3
1234420 2220.7
1234430 2216.6
1234440 2216.6
1234450 2213.1
1234460 2210.8
1234470 2210.8
1234480 2207.5
1234490 2203.2
1234500 2203.2
1234510 2199.3
1234520 2195.8
1234530 2192.9
1234540 2192.9
1234550 2189.5
1234560 2185.8
1234570 2185.8
1234580 2181.9
1234590 2177.2
1234600 2177.2
1234610 2171.9
1234620 2167.7
1234630 2167.7
1234640 2163.6
1234650 2159.7
1234660 2159.7
1234670 2156.5
1234680 2153.8
1234690 2153.8
1234700 2149.3
1234710 2143.6
1234720 2143.6
1234730 2137.5
1234740 2132.3
1234750 2132.3
1234760 2127.5
1234770 2121.6
1234780 2116.4
1234790 2116.4
1234800 2111.7
1234810 2107.1
1234820 2107.1
1234830 2102.7
1234840 2098.8
1234850 2098.8
1234860 2094.0
1234870 2089.6
1234880 2089.6
1234890 2085.4
1234900 2080.8
1234910 2080.8
1234920 2075.6
1234930 2069.6
1234940 2069.6
1234950 2062.9
1234960 2056.0
1234970 2056.0
1234980 2049.7
1234990 2044.0
1235000 2044.0
1235010 2037.4
1235020 2030.9
1235030 2023.4
1235040 2023.4
1235050 2015.1
1235060 2007.6
1235070 2007.6
1235080 1999.4
1235090 1990.3
1235100 1990.3
1235110 1981.0
1235120 1971.4
1235130 1971.4
1235140 1962.8
1235150 1954.0
1235160 1954.0
1235170 1945.8
1235180 1937.5
1235190 1937.5
1235200 1929.8
1235210 1924.2
1235220 1924.2
1235230 1917.7
1235240 1910.7
1235250 1910.7
1235260 1903.8
1235270 1896.7
1235280 1888.9
1235290 1888.9
1235300 1881.9
1235310 1876.0
1235320 1876.0
1235330 1870.6
1235340 1865.3
1235350 1865.3
1235360 1860.7
1235370 1856.2
1235380 1856.2
1235390 1850.8
1235400 1845.6
1235410 1845.6
1235420 1840.2
1235430 1834.6
1235440 1834.6
1235450 1828.6
1235460 1822.5
1235470 1822.5
1235480 1817.5
1235490 1813.6
1235500 1813.6
1235510 1809.3
1235520 1805.1
1235530 1805.1
1235540 1801.1
1235550 1796.9
1235560 1792.9
1235570 1792.9
1235580 1787.5
1235590 1781.7
1235600 1781.7
1235610 1776.6
1235620 1772.0
1235630 1772.1
1235640 1767.8
1235650 1763.7
1235660 1763.7
1235670 1759.9
1235680 1755.9
1235690 1755.9
1235700 1751.6
1235710 1746.5
1235720 1746.5
1235730 1740.8
1235740 1736.3
1235750 1736.3
1235760 1733.2
1235770 1728.4
1235780 1728.4
1235790 1722.8
1235800 1716.3
1235810 1709.7
1235820 1709.7
1235830 1705.1
1235840 1701.1
1235850 1701.1
1235860 1696.8
1235870 1692.2
1235880 1692.2
1235890 1687.2
1235900 1680.3
1235910 1680.3
1235920 1674.4
1235930 1669.3
1235940 1669.3
1235950 1665.9
1235960 1665.4
1235970 1665.4
1235980 1663.4
1235990 1660.4
1236000 1660.4
1236010 1658.3
1236020 1658.0
1236030 1658.0
1236040 1656.9
1236050 1656.4
1236060 1657.9
1236070 1657.9
1236080 1661.7
1236090 1666.0
1236100 1666.0
1236110 1667.6
1236120 1665.1
1236130 1665.1
1236140 1662.1
1236150 1663.3
1236160 1663.3
1236170 1664.9
1236180 1665.8
1236190 1665.8
1236200 1666.0
1236210 1665.3
1236220 1665.3
1236230 1663.9
1236240 1661.8
1236250 1661.8
1236260 1658.6
1236270 1656.0
1236280 1656.0
1236290 1654.5
1236300 1653.7
1236310 1654.1
1236320 1654.1
1236330 1656.1
1236340 1660.1
1236350 1660.1
1236360 1663.7
1236370 1666.5
1236380 1666.5
1236390 1669.4
1236400 1672.6
1236410 1672.6
1236420 1675.6
1236430 1677.4
1236440 1677.4
1236450 1678.5
1236460 1678.7
1236470 1678.7
1236480 1677.4
1236490 1674.7
1236500 1674.7
1236510 1671.1
1236520 1667.8
1236530 1667.8
1236540 1667.1
1236550 1667.7
1236560 1667.7
1236570 1668.4
1236580 1667.5
1236590 1662.3
1236600 1662.3
1236610 1657.5
1236620 1657.2
1236630 1657.2
1236640 1660.5
1236650 1667.1
1236660 1667.1
1236670 1672.7
1236680 1677.1
1236690 1677.1
1236700 1678.6
1236710 1680.0
1236720 1680.0
1236730 1681.2
1236740 1683.0
1236750 1683.0
1236760 1686.1
1236770 1689.9
1236780 1689.9
1236790 1693.3
1236800 1697.0
1236810 1697.0
1236820 1701.3
1236830 1706.5
1236840 1712.5
1236850 1712.5
1236860 1719.0
1236870 1725.5
1236880 1725.5
1236890 1732.4
1236900 1739.3
1236910 1739.3
1236920 1745.8
1236930 1749.9
1236940 1749.9
1236950 1749.4
1236960 1749.0
1236970 1749.0
1236980 1749.5
1236990 1750.3
1237000 1750.3
1237010 1753.1
1237020 1757.5
1237030 1757.5
1237040 1762.6
1237050 1766.9
1237060 1766.9
1237070 1771.7
1237080 1776.3
1237090 1780.5
1237100 1780.5
1237110 1784.1
1237120 1787.0
1237130 1787.0
1237140 1789.0
1237150 1791.2
1237160 1791.2
1237170 1798.2
1237180 1799.3
1237190 1799.3
1237200 1804.4
1237210 1811.3
1237220 1811.3
1237230 1818.3
1237240 1823.1
1237250 1823.1
1237260 1827.3
1237270 1831.2
1237280 1831.2
1237290 1835.4
1237300 1839.9
1237310 1839.9
1237320 1844.5
1237330 1849.3
1237340 1849.3
1237350 1853.7
1237360 1858.6
1237370 1864.1
1237380 1864.1
1237390 1870.0
1237400 1875.7
1237410 1875.7
1237420 1881.2
1237430 1885.5
1237440 1885.5
1237450 1888.3
1237460 1890.7
1237470 1890.7
1237480 1895.4
1237490 1903.1
1237500 1903.1
1237510 1910.6
1237520 1916.3
1237530 1916.3
1237540 1922.7
1237550 1930.1
1237560 1930.1
1237570 1937.1
1237580 1944.8
1237590 1944.8
1237600 1952.0
1237610 1959.4
1237620 1967.0
1237630 1967.0
1237640 1974.8
1237650 1982.8
1237660 1982.8
1237670 1991.4
1237680 1999.6
1237690 1999.6
1237700 2008.4
1237710 2013.9
1237720 2013.9
1237730 2019.4
1237740 2025.8
1237750 2025.8
1237760 2032.8
1237770 2040.6
1237780 2040.6
1237790 2048.6
1237800 2056.0
1237810 2056.0
1237820 2064.6
1237830 2074.5
1237840 2074.5
1237850 2084.4
1237860 2093.1
1237870 2102.0
1237880 2102.0
1237890 2110.3
1237900 2118.2
1237910 2118.2
1237920 2125.9
1237930 2134.2
1237940 2134.2
1237950 2142.4
1237960 2150.7
1237970 2150.7
1237980 2159.5
1237990 2168.2
1238000 2168.2
1238010 2176.5
1238020 2185.1
1238030 2185.1
1238040 2194.0
1238050 2201.0
1238060 2201.0
1238070 2205.7
1238080 2211.7
1238090 2211.7
1238100 2218.4
1238110 2225.3
1238120 2233.1
1238130 2233.1
1238140 2240.4
1238150 2247.0
1238160 2247.0
1238170 2253.4
1238180 2256.1
1238190 2256.1
1238200 2252.2
1238210 2253.1
1238220 2253.1
1238230 2257.2
1238240 2262.9
1238250 2262.9
1238260 2268.7
1238270 2274.1
1238280 2274.1
1238290 2277.0
1238300 2279.9
1238310 2279.9
1238320 2283.1
1238330 2284.2
1238340 2284.2
1238350 2287.0
1238360 2290.4
1238370 2290.4
1238380 2294.1
1238390 2298.5
1238400 2302.2
1238410 2302.2
1238420 2305.7
1238430 2310.1
1238440 2310.1
1238450 2314.3
1238460 2318.4
1238470 2318.4
1238480 2321.8
1238490 2322.7
1238500 2322.7
1238510 2325.2
1238520 2328.8
1238530 2328.8
1238540 2332.5
1238550 2336.6
1238560 2336.6
1238570 2339.8
1238580 2342.6
1238590 2342.6
1238600 2345.9
1238610 2348.7
1238620 2348.7
1238630 2351.8
1238640 2355.6
1238650 2359.4
1238660 2359.4
1238670 2364.0
1238680 2368.6
1238690 2368.6
1238700 2373.0
1238710 2378.2
1238720 2378.2
1238730 2382.7
1238740 2386.8
1238750 2386.8
1238760 2390.4
1238770 2393.5
1238780 2393.5
1238790 2396.0
1238800 2397.2
1238810 2397.2
1238820 2397.4
1238830 2397.5
1238840 2397.5
1238850 2398.4
1238860 2399.3
1238870 2399.3
1238880 2400.3
1238890 2401.5
1238900 2403.0
1238910 2403.0
1238920 2404.2
1238930 2405.1
1238940 2405.1
1238950 2406.0
1238960 2406.6
1238970 2406.6
1238980 2407.4
1238990 2408.1
1239000 2408.1
1239010 2408.4
1239020 2408.8
1239030 2408.8
1239040 2409.4
1239050 2410.0
1239060 2410.0
1239070 2410.6
1239080 2411.6
1239090 2411.6
1239100 2412.6
1239110 2413.2
1239120 2413.2
1239130 2413.3
1239140 2412.9
1239150 2411.5
1239160 2411.5
1239170 2407.5
1239180 2401.4
1239190 2401.4
1239200 2396.1
1239210 2391.9
1239220 2391.9
1239230 2388.7
1239240 2384.6
1239250 2384.6
1239260 2380.9
1239270 2376.2
1239280 2376.2
1239290 2370.5
1239300 2364.7
1239310 2364.7
1239320 2359.7
1239330 2355.2
1239340 2355.2
1239350 2350.5
1239360 2345.1
1239370 2345.1
1239380 2339.7
1239390 2333.7
1239400 2333.7
1239410 2327.9
1239420 2321.8
1239430 2315.7
1239440 2315.7
1239450 2309.4
1239460 2302.9
1239470 2302.9
1239480 2296.5
1239490 2290.1
1239500 2290.1
1239510 2283.8
1239520 2277.3
1239530 2277.3
1239540 2270.8
1239550 2263.9
1239560 2263.9
1239570 2257.3
1239580 2250.8
1239590 2250.8
1239600 2244.2
1239610 2238.0
1239620 2238.0
1239630 2231.5
1239640 2225.2
1239650 2225.2
1239660 2220.1
1239670 2214.8
1239680 2208.9
1239690 2208.9
1239700 2202.9
1239710 2196.9
1239720 2196.9
1239730 2190.8
1239740 2185.5
1239750 2189.7
1239760 2184.0
1239770 2178.8
1239780 2178.8
1239790 2173.1
1239800 2167.4
1239810 2167.4
1239820 2161.4
1239830 2155.5
1239840 2155.5
1239850 2150.0
1239860 2144.9
1239870 2144.9
1239880 2140.1
1239890 2135.3
1239900 2135.3
1239910 2130.6
1239920 2126.1
1239930 2122.4
1239940 2122.4
1239950 2117.7
1239960 2112.6
1239970 2112.6
1239980 2107.5
1239990 2103.0
