1220000 1646.5
1220010 1649.1
1220020 1653.5
1220030 1656.4
1220040 1659.4
1220050 1659.4
1220060 1662.0
1220070 1664.0
1220080 1664.0
1220090 1665.3
1220100 1666.1
1220110 1666.8
1220120 1666.8
1220130 1666.8
1220140 1666.7
1220150 1666.7
1220160 1665.7
1220170 1665.1
1220180 1665.1
1220190 1663.7
1220200 1662.2
1220210 1662.2
1220220 1660.7
1220230 1659.1
1220240 1659.1
1220250 1656.3
1220260 1653.6
1220270 1653.6
1220280 1650.4
1220290 1648.1
1220300 1648.1
1220310 1645.8
1220320 1642.6
1220330 1642.6
1220340 1639.6
1220350 1635.3
1220360 1635.3
1220370 1631.1
1220380 1627.3
1220390 1623.7
1220400 1623.7
1220410 1619.7
1220420 1615.9
1220430 1615.9
1220440 1612.6
1220450 1612.4
1220460 1612.4
1220470 1614.7
1220480 1614.8
1220490 1614.8
1220500 1619.2
1220510 1616.2
1220520 1616.2
1220530 1610.4
1220540 1603.5
1220550 1603.5
1220560 1596.7
1220570 1590.9
1220580 1590.9
1220590 1585.4
1220600 1579.4
1220610 1579.4
1220620 1573.7
1220630 1568.0
1220640 1562.3
1220650 1562.3
1220660 1554.6
1220670 1548.7
1220680 1548.7
1220690 1543.9
1220700 1538.5
1220710 1538.5
1220720 1532.2
1220730 1525.1
1220740 1525.1
1220750 1516.5
1220760 1509.9
1220770 1509.9
1220780 1504.8
1220790 1500.7
1220800 1500.7
1220810 1497.1
1220820 1492.9
1220830 1492.9
1220840 1489.1
1220850 1485.0
1220860 1485.0
1220870 1483.4
1220880 1493.8
1220890 1505.0
1220900 1505.0
1220910 1512.3
1220920 1519.3
1220930 1519.3
1220940 1526.1
1220950 1532.2
1220960 1532.2
1220970 1538.9
1220980 1546.3
1220990 1543.8
1221000 1550.7
1221010 1557.6
1221020 1557.6
1221030 1564.5
1221040 1569.8
1221050 1569.8
1221060 1575.2
1221070 1579.9
1221080 1579.9
1221090 1582.7
1221100 1586.0
1221110 1586.0
1221120 1591.0
1221130 1597.2
1221140 1597.2
1221150 1601.2
1221160 1603.7
1221170 1608.3
1221180 1608.3
1221190 1613.4
1221200 1619.3
1221210 1619.3
1221220 1625.6
1221230 1631.1
1221240 1631.1
1221250 1633.7
1221260 1635.0
1221270 1635.0
1221280 1637.0
1221290 1639.0
1221300 1639.0
1221310 1641.7
1221320 1643.1
1221330 1643.1
1221340 1644.6
1221350 1646.4
1221360 1646.4
1221370 1645.8
1221380 1644.0
1221390 1644.0
1221400 1641.6
1221410 1639.3
1221420 1636.5
1221430 1636.5
1221440 1633.5
1221450 1633.3
1221460 1633.3
1221470 1641.6
1221480 1649.5
1221490 1649.5
1221500 1656.9
1221510 1663.5
1221520 1663.5
1221530 1667.8
1221540 1670.4
1221550 1670.4
1221560 1674.6
1221570 1678.5
1221580 1678.5
1221590 1681.7
1221600 1684.8
1221610 1684.8
1221620 1687.7
1221630 1690.9
1221640 1690.9
1221650 1696.0
1221660 1702.4
1221670 1708.3
1221680 1708.3
1221690 1714.5
1221700 1720.8
1221710 1720.8
1221720 1726.5
1221730 1732.0
1221740 1732.0
1221750 1737.8
1221760 1744.4
1221770 1744.4
1221780 1750.8
1221790 1757.8
1221800 1757.8
1221810 1765.0
1221820 1771.9
1221830 1771.9
1221840 1778.0
1221850 1784.1
1221860 1784.1
1221870 1790.5
1221880 1796.7
1221890 1796.7
1221900 1802.4
1221910 1808.9
1221920 1808.9
1221930 1815.5
1221940 1822.2
1221950 1830.0
1221960 1830.0
1221970 1835.6
1221980 1838.6
1221990 1838.6
1222000 1843.3
1222010 1849.0
1222020 1849.0
1222030 1854.5
1222040 1860.0
1222050 1860.0
1222060 1865.2
1222070 1870.2
1222080 1870.2
1222090 1875.4
1222100 1880.1
1222110 1880.1
1222120 1885.5
1222130 1891.6
1222140 1891.6
1222150 1898.5
1222160 1903.9
1222170 1903.9
1222180 1910.2
1222190 1916.2
1222200 1921.4
1222210 1921.4
1222220 1926.2
1222230 1930.3
1222240 1930.3
1222250 1933.6
1222260 1936.7
1222270 1936.7
1222280 1939.6
1222290 1941.8
1222300 1941.8
1222310 1943.5
1222320 1945.6
1222330 1945.6
1222340 1947.9
1222350 1950.7
1222360 1950.7
1222370 1954.2
1222380 1958.3
1222390 1958.3
1222400 1963.1
1222410 1966.5
1222420 1966.5
1222430 1968.5
1222440 1976.0
1222450 1978.5
1222460 1978.5
1222470 1980.4
1222480 1979.8
1222490 1979.8
1222500 1971.5
1222510 1964.2
1222520 1964.2
1222530 1961.6
1222540 1955.6
1222550 1955.6
1222560 1945.9
1222570 1936.4
1222580 1936.4
1222590 1930.5
1222600 1926.6
1222610 1926.6
1222620 1923.2
1222630 1918.8
1222640 1918.8
1222650 1914.8
1222660 1912.1
1222670 1912.1
1222680 1912.1
1222690 1907.0
1222700 1907.0
1222710 1901.5
1222720 1895.7
1222730 1888.9
1222740 1888.9
1222750 1880.9
1222760 1879.7
1222770 1879.7
1222780 1878.1
1222790 1875.7
1222800 1875.7
1222810 1876.8
1222820 1878.8
1222830 1878.8
1222840 1877.0
1222850 1873.4
1222860 1873.4
1222870 1868.3
1222880 1864.0
1222890 1864.0
1222900 1862.3
1222910 1862.2
1222920 1868.4
1222930 1862.5
1222940 1857.2
1222950 1857.2
1222960 1854.6
1222970 1853.2
1222980 1852.7
1222990 1852.7
1223000 1853.1
1223010 1854.0
1223020 1854.0
1223030 1855.1
1223040 1856.3
1223050 1856.3
1223060 1854.9
1223070 1853.3
1223080 1853.3
1223090 1852.1
1223100 1850.3
1223110 1850.3
1223120 1847.0
1223130 1842.1
1223140 1842.1
1223150 1836.8
1223160 1831.4
1223170 1831.4
1223180 1826.0
1223190 1820.8
1223200 1820.8
1223210 1816.4
1223220 1810.1
1223230 1803.3
1223240 1803.3
1223250 1798.9
1223260 1796.8
1223270 1796.8
1223280 1794.4
1223290 1790.4
1223300 1790.4
1223310 1785.6
1223320 1780.2
1223330 1780.2
1223340 1778.1
1223350 1777.2
1223360 1777.2
1223370 1774.3
1223380 1773.6
1223390 1773.6
1223400 1777.0
1223410 1787.7
1223420 1787.7
1223430 1785.1
1223440 1782.4
1223450 1782.4
1223460 1778.0
1223470 1777.3
1223480 1777.3
1223490 1781.1
1223500 1788.9
1223510 1792.5
1223520 1792.5
1223530 1791.5
1223540 1787.2
1223550 1787.2
1223560 1784.6
1223570 1787.3
1223580 1787.3
1223590 1789.5
1223600 1787.0
1223610 1787.0
1223620 1783.8
1223630 1785.3
1223640 1785.3
1223650 1785.4
1223660 1784.9
1223670 1784.9
1223680 1784.1
1223690 1782.2
1223700 1782.2
1223710 1779.5
1223720 1776.0
1223730 1776.0
1223740 1771.3
1223750 1766.8
1223760 1762.8
1223770 1762.8
1223780 1759.9
1223790 1758.2
1223800 1758.2
1223810 1755.6
1223820 1751.4
1223830 1751.4
1223840 1745.5
1223850 1739.0
1223860 1739.0
1223870 1731.3
1223880 1723.2
1223890 1723.2
1223900 1720.1
1223910 1713.3
1223920 1713.3
1223930 1708.2
1223940 1704.4
1223950 1704.4
1223960 1700.8
1223970 1696.9
1223980 1696.9
1223990 1694.5
1224000 1691.2
1224010 1691.2
1224020 1688.7
1224030 1690.7
1224040 1692.6
1224050 1692.6
1224060 1692.7
1224070 1692.4
1224080 1692.4
1224090 1690.3
1224100 1686.3
1224110 1686.3
1224120 1679.9
1224130 1675.5
1224140 1675.5
1224150 1670.7
1224160 1666.6
1224170 1666.6
1224180 1663.5
1224190 1661.0
1224200 1661.0
1224210 1657.7
1224220 1654.0
1224230 1654.0
1224240 1650.6
1224250 1648.1
1224260 1648.1
1224270 1644.6
1224280 1639.5
1224290 1634.9
1224300 1634.9
1224310 1631.6
1224320 1630.1
1224330 1630.1
1224340 1629.3
1224350 1626.9
1224360 1626.9
1224370 1624.3
1224380 1620.7
1224390 1624.2
1224400 1620.0
1224410 1619.3
1224420 1619.3
1224430 1622.5
1224440 1624.6
1224450 1624.6
1224460 1621.0
1224470 1613.9
1224480 1613.9
1224490 1615.1
1224500 1620.1
1224510 1620.1
1224520 1622.2
1224530 1620.1
1224540 1618.1
1224550 1618.1
1224560 1615.7
1224570 1617.3
1224580 1617.3
1224590 1618.1
1224600 1619.0
1224610 1619.0
1224620 1619.1
1224630 1619.0
1224640 1619.0
1224650 1619.9
1224660 1621.5
1224670 1621.5
1224680 1623.8
1224690 1626.4
1224700 1626.4
1224710 1628.8
1224720 1632.6
1224730 1632.6
1224740 1635.7
1224750 1638.4
1224760 1638.4
1224770 1640.8
1224780 1642.7
1224790 1642.7
1224800 1644.9
1224810 1646.7
1224820 1648.4
1224830 1648.4
1224840 1649.7
1224850 1653.0
1224860 1653.0
1224870 1655.4
1224880 1664.9
1224890 1664.9
1224900 1667.1
1224910 1669.5
1224920 1669.5
1224930 1672.3
1224940 1675.0
1224950 1675.0
1224960 1676.7
1224970 1677.3
1224980 1677.3
1224990 1679.3
1225000 1678.5
1225010 1678.5
1225020 1679.4
1225030 1682.1
1225040 1682.1
1225050 1685.3
1225060 1687.2
1225070 1688.1
1225080 1688.1
1225090 1689.7
1225100 1691.7
1225110 1691.7
1225120 1692.7
1225130 1693.8
1225140 1693.8
1225150 1694.9
1225160 1694.0
1225170 1694.0
1225180 1693.8
1225190 1693.5
1225200 1693.5
1225210 1692.4
1225220 1691.8
1225230 1691.8
1225240 1688.5
1225250 1692.6
1225260 1692.6
1225270 1696.1
1225280 1696.8
1225290 1696.8
1225300 1694.6
1225310 1692.9
1225320 1687.8
1225330 1687.8
1225340 1686.0
1225350 1690.0
1225360 1690.0
1225370 1691.6
1225380 1696.8
1225390 1696.8
1225400 1702.6
1225410 1707.9
1225420 1707.9
1225430 1712.1
1225440 1715.5
1225450 1715.5
1225460 1719.9
1225470 1725.6
1225480 1725.6
1225490 1732.7
1225500 1739.1
1225510 1739.1
1225520 1744.3
1225530 1749.1
1225540 1749.1
1225550 1753.7
1225560 1759.1
1225570 1759.1
1225580 1764.4
1225590 1768.4
1225600 1771.2
1225610 1771.2
1225620 1774.5
1225630 1779.8
1225640 1779.8
1225650 1784.9
1225660 1788.8
1225670 1788.8
1225680 1792.8
1225690 1797.2
1225700 1797.2
1225710 1802.0
1225720 1808.7
1225730 1808.7
1225740 1815.1
1225750 1819.4
1225760 1819.4
1225770 1823.1
1225780 1826.8
1225790 1826.8
1225800 1832.3
1225810 1838.1
1225820 1838.1
1225830 1842.4
1225840 1847.2
1225850 1853.3
1225860 1846.0
1225870 1852.6
1225880 1858.7
1225890 1858.7
1225900 1863.8
1225910 1870.9
1225920 1870.9
1225930 1879.9
1225940 1886.7
1225950 1886.7
1225960 1893.9
1225970 1904.5
1225980 1904.5
1225990 1917.5
1226000 1924.5
1226010 1924.5
1226020 1921.8
1226030 1917.4
1226040 1917.4
1226050 1917.9
1226060 1921.0
1226070 1921.0
1226080 1924.6
1226090 1933.5
1226100 1938.5
1226110 1938.5
1226120 1936.7
1226130 1935.3
1226140 1935.3
1226150 1935.8
1226160 1938.0
1226170 1938.0
1226180 1939.9
1226190 1940.6
1226200 1940.6
1226210 1945.4
1226220 1949.4
1226230 1949.4
1226240 1952.7
1226250 1956.4
1226260 1956.4
1226270 1960.2
1226280 1963.5
1226290 1963.5
1226300 1967.8
1226310 1973.4
1226320 1973.4
1226330 1978.8
1226340 1983.3
1226350 1978.5
1226360 1982.8
1226370 1987.0
1226380 1991.5
1226390 1991.5
1226400 1996.9
1226410 2002.4
1226420 2002.4
1226430 2007.1
1226440 2012.3
1226450 2012.3
1226460 2017.6
1226470 2023.0
1226480 2023.0
1226490 2028.5
1226500 2034.5
1226510 2034.5
1226520 2041.1
1226530 2048.5
1226540 2048.5
1226550 2056.2
1226560 2064.2
1226570 2064.2
1226580 2072.4
1226590 2080.5
1226600 2080.5
1226610 2088.3
1226620 2094.8
1226630 2100.4
1226640 2100.4
1226650 2105.4
1226660 2110.0
1226670 2110.0
1226680 2114.4
1226690 2118.6
1226700 2118.6
1226710 2122.8
1226720 2127.1
1226730 2127.1
1226740 2131.7
1226750 2136.4
1226760 2136.4
1226770 2140.9
1226780 2145.7
1226790 2145.7
1226800 2150.8
1226810 2155.2
1226820 2155.2
1226830 2159.5
1226840 2164.6
1226850 2161.7
1226860 2167.3
1226870 2172.5
1226880 2177.7
1226890 2177.7
1226900 2182.8
1226910 2188.1
1226920 2188.1
1226930 2193.9
1226940 2199.5
1226950 2199.5
1226960 2205.2
1226970 2211.0
1226980 2211.0
1226990 2217.1
1227000 2223.7
1227010 2223.7
1227020 2230.7
1227030 2236.5
1227040 2236.5
1227050 2242.8
1227060 2249.3
1227070 2249.3
1227080 2255.0
1227090 2260.8
1227100 2260.8
1227110 2266.9
1227120 2273.1
1227130 2273.1
1227140 2279.2
1227150 2285.2
1227160 2291.1
1227170 2291.1
1227180 2296.5
1227190 2301.7
1227200 2301.7
1227210 2307.1
1227220 2312.6
1227230 2312.6
1227240 2318.1
1227250 2323.5
1227260 2323.5
1227270 2328.9
1227280 2334.1
1227290 2334.1
1227300 2339.1
1227310 2344.1
1227320 2344.1
1227330 2348.7
1227340 2353.6
1227350 2353.6
1227360 2358.4
1227370 2363.2
1227380 2363.2
1227390 2368.0
1227400 2372.7
1227410 2377.4
1227420 2377.4
1227430 2382.5
1227440 2387.7
1227450 2387.7
1227460 2392.8
1227470 2397.9
1227480 2397.9
1227490 2403.1
1227500 2408.2
1227510 2408.2
1227520 2413.2
1227530 2417.6
1227540 2417.6
1227550 2421.8
1227560 2426.3
1227570 2426.3
1227580 2431.3
1227590 2436.2
1227600 2436.2
1227610 2441.2
1227620 2446.1
1227630 2446.1
1227640 2450.8
1227650 2455.2
1227660 2459.1
1227670 2459.1
1227680 2462.5
1227690 2463.4
1227700 2463.4
1227710 2456.9
1227720 2450.6
1227730 2450.6
1227740 2446.4
1227750 2440.4
1227760 2440.4
1227770 2433.8
1227780 2426.2
1227790 2426.2
1227800 2418.7
1227810 2412.2
1227820 2412.2
1227830 2408.5
1227840 2415.3
1227850 2415.3
1227860 2410.0
1227870 2404.2
1227880 2404.2
1227890 2399.9
1227900 2397.0
1227910 2397.0
1227920 2393.6
1227930 2387.4
1227940 2379.8
1227950 2379.8
1227960 2371.4
1227970 2362.1
1227980 2362.1
1227990 2349.8
1228000 2333.0
1228010 2333.0
1228020 2319.8
1228030 2312.7
1228040 2312.7
1228050 2307.3
1228060 2302.6
1228070 2302.6
1228080 2297.6
1228090 2291.7
1228100 2291.7
1228110 2286.1
1228120 2280.1
1228130 2280.1
1228140 2274.7
1228150 2269.6
1228160 2269.6
1228170 2266.4
1228180 2265.1
1228190 2263.2
1228200 2263.2
1228210 2263.6
1228220 2265.4
1228230 2265.4
1228240 2266.4
1228250 2268.6
1228260 2268.6
1228270 2271.1
1228280 2273.6
1228290 2273.6
1228300 2273.2
1228310 2269.0
1228320 2269.0
1228330 2269.3
1228340 2262.1
1228350 2262.1
1228360 2256.0
1228370 2250.8
1228380 2250.8
1228390 2246.6
1228400 2243.5
1228410 2243.5
1228420 2240.9
1228430 2240.9
1228440 2240.9
1228450 2239.8
1228460 2239.2
1228470 2237.2
1228480 2237.2
1228490 2235.6
1228500 2240.6
1228510 2240.6
1228520 2245.3
1228530 2240.5
1228540 2240.5
1228550 2233.9
1228560 2229.9
1228570 2229.9
1228580 2228.0
1228590 2229.3
1228600 2229.3
1228610 2231.0
1228620 2235.2
1228630 2235.2
1228640 2237.6
1228650 2234.8
1228660 2234.8
1228670 2233.4
1228680 2234.6
1228690 2234.6
1228700 2239.1
1228710 2241.3
1228720 2242.4
1228730 2242.4
1228740 2242.1
1228750 2242.9
1228760 2242.9
1228770 2245.4
1228780 2247.8
1228790 2247.8
1228800 2250.1
1228810 2251.6
1228820 2251.6
1228830 2261.9
1228840 2263.8
1228850 2263.8
1228860 2266.3
1228870 2270.5
1228880 2270.5
1228890 2265.2
1228900 2255.9
1228910 2255.9
1228920 2247.5
1228930 2242.4
1228940 2242.4
1228950 2239.0
1228960 2236.1
1228970 2233.8
1228980 2233.8
1228990 2232.2
1229000 2234.3
1229010 2234.3
1229020 2235.5
1229030 2232.0
1229040 2232.0
1229050 2227.3
1229060 2220.7
1229070 2220.7
1229080 2211.6
1229090 2201.3
1229100 2201.3
1229110 2191.3
1229120 2181.9
1229130 2181.9
1229140 2171.9
1229150 2163.7
1229160 2163.7
1229170 2155.5
1229180 2156.8
1229190 2156.8
1229200 2157.0
1229210 2154.1
1229220 2154.1
1229230 2150.0
1229240 2142.7
1229250 2135.0
1229260 2135.0
1229270 2129.6
1229280 2127.1
1229290 2127.1
1229300 2123.1
1229310 2119.1
1229320 2119.1
1229330 2126.6
1229340 2122.6
1229350 2122.6
1229360 2126.1
1229370 2130.0
1229380 2130.0
1229390 2134.9
1229400 2141.0
1229410 2141.0
1229420 2145.7
1229430 2151.2
1229440 2151.2
1229450 2155.4
1229460 2157.5
1229470 2157.5
1229480 2159.7
1229490 2157.6
1229500 2154.6
1229510 2154.6
1229520 2154.1
1229530 2152.2
1229540 2152.2
1229550 2155.9
1229560 2161.3
1229570 2161.3
1229580 2166.8
1229590 2172.6
1229600 2172.6
1229610 2179.1
1229620 2186.1
1229630 2186.1
1229640 2193.3
1229650 2201.5
1229660 2201.5
1229670 2208.5
1229680 2214.6
1229690 2214.6
1229700 2221.2
1229710 2228.0
1229720 2228.0
1229730 2235.6
1229740 2244.3
1229750 2254.4
1229760 2254.4
1229770 2262.1
1229780 2269.7
1229790 2269.7
1229800 2280.3
1229810 2293.0
1229820 2293.0
1229830 2296.2
1229840 2302.6
1229850 2302.6
1229860 2312.8
1229870 2326.4
1229880 2326.4
1229890 2337.0
1229900 2346.3
1229910 2346.3
1229920 2355.4
1229930 2365.3
1229940 2365.3
1229950 2374.8
1229960 2383.4
1229970 2383.4
1229980 2390.9
1229990 2398.0
1230000 2398.0
1230010 2403.5
1230020 2408.9
1230030 2415.4
1230040 2415.4
1230050 2422.4
1230060 2430.9
1230070 2430.9
1230080 2442.1
1230090 2452.2
1230100 2452.2
1230110 2462.7
1230120 2469.4
1230130 2469.4
1230140 2475.9
1230150 2482.4
1230160 2482.4
1230170 2489.0
1230180 2495.2
1230190 2495.2
1230200 2500.7
1230210 2506.7
1230220 2506.7
1230230 2513.2
1230240 2520.5
1230250 2520.5
1230260 2527.3
1230270 2534.1
1230280 2541.6
1230290 2541.6
1230300 2546.5
1230310 2544.2
1230320 2544.2
1230330 2547.2
1230340 2542.7
1230350 2542.7
1230360 2538.3
1230370 2532.1
1230380 2532.1
1230390 2523.0
1230400 2517.7
1230410 2517.7
1230420 2511.4
1230430 2505.0
1230440 2505.0
1230450 2501.9
1230460 2496.9
1230470 2496.9
1230480 2492.8
1230490 2489.4
1230500 2489.4
1230510 2484.4
1230520 2475.5
1230530 2470.6
1230540 2470.6
1230550 2467.0
1230560 2468.1
1230570 2468.1
1230580 2469.5
1230590 2466.7
1230600 2466.7
1230610 2464.8
1230620 2462.2
1230630 2462.2
1230640 2460.3
1230650 2458.0
1230660 2458.0
1230670 2456.4
1230680 2455.4
1230690 2455.4
1230700 2452.5
1230710 2448.3
1230720 2448.3
1230730 2445.4
1230740 2442.7
1230750 2442.7
1230760 2441.0
1230770 2440.9
1230780 2440.9
1230790 2440.5
1230800 2438.8
1230810 2436.7
1230820 2436.7
1230830 2445.2
1230840 2442.0
1230850 2442.0
1230860 2437.6
1230870 2434.7
1230880 2434.7
1230890 2432.7
1230900 2433.0
1230910 2433.0
1230920 2431.2
1230930 2430.3
1230940 2430.3
1230950 2430.1
1230960 2430.5
1230970 2430.5
1230980 2429.7
1230990 2428.5
1231000 2428.5
1231010 2426.8
1231020 2422.2
1231030 2422.2
1231040 2415.4
1231050 2408.8
1231060 2402.4
1231070 2402.4
1231080 2394.7
1231090 2387.5
1231100 2387.5
1231110 2380.9
1231120 2373.4
1231130 2373.4
1231140 2368.1
1231150 2366.0
1231160 2366.0
1231170 2365.6
1231180 2365.4
1231190 2365.4
1231200 2365.5
1231210 2365.8
1231220 2365.8
1231230 2365.6
1231240 2364.9
1231250 2364.9
1231260 2364.6
1231270 2364.2
1231280 2364.2
1231290 2363.6
1231300 2362.7
1231310 2361.4
1231320 2361.4
1231330 2361.4
1231340 2360.5
1231350 2360.5
1231360 2360.3
1231370 2360.2
1231380 2360.2
1231390 2360.2
1231400 2361.1
1231410 2361.1
1231420 2362.2
1231430 2362.6
1231440 2362.6
1231450 2363.6
1231460 2365.6
1231470 2365.6
1231480 2369.7
1231490 2374.1
1231500 2374.1
1231510 2380.0
1231520 2388.1
1231530 2388.1
1231540 2402.9
1231550 2413.9
1231560 2413.9
1231570 2423.4
1231580 2430.7
1231590 2439.2
1231600 2439.2
1231610 2448.0
1231620 2458.2
1231630 2458.2
1231640 2469.0
1231650 2478.9
1231660 2478.9
1231670 2487.5
1231680 2497.9
1231690 2497.9
1231700 2510.5
1231710 2518.9
1231720 2518.9
1231730 2526.5
1231740 2535.8
1231750 2535.8
1231760 2547.0
1231770 2556.0
1231780 2556.0
1231790 2563.2
1231800 2570.7
1231810 2570.7
1231820 2574.3
1231830 2587.8
1231840 2590.6
1231850 2590.6
1231860 2593.5
1231870 2593.5
1231880 2593.5
1231890 2595.3
1231900 2596.8
1231910 2596.8
1231920 2598.2
1231930 2604.8
1231940 2604.8
1231950 2605.8
1231960 2610.7
1231970 2610.7
1231980 2621.2
1231990 2636.7
1232000 2636.7
1232010 2647.8
1232020 2655.8
1232030 2655.8
1232040 2670.4
1232050 2685.1
1232060 2685.1
1232070 2698.2
1232080 2708.0
1232090 2711.0
1232100 2711.0
1232110 2713.5
1232120 2714.5
1232130 2714.5
1232140 2719.9
1232150 2731.3
1232160 2731.3
1232170 2742.1
1232180 2750.3
1232190 2750.3
1232200 2758.7
1232210 2768.0
1232220 2768.0
1232230 2775.9
1232240 2781.4
1232250 2781.4
1232260 2783.5
1232270 2782.3
1232280 2782.3
1232290 2777.2
1232300 2769.2
1232310 2769.2
1232320 2760.2
1232330 2757.6
1232340 2769.8
1232350 2771.7
1232360 2770.5
1232370 2764.4
1232380 2764.4
1232390 2757.1
1232400 2749.1
1232410 2749.1
1232420 2740.6
1232430 2735.0
1232440 2735.0
1232450 2730.9
1232460 2725.7
1232470 2725.7
1232480 2721.3
1232490 2717.5
1232500 2717.5
1232510 2716.3
1232520 2715.0
1232530 2715.0
1232540 2709.6
1232550 2705.2
1232560 2705.2
1232570 2702.3
1232580 2701.0
1232590 2701.0
1232600 2693.0
1232610 2681.2
1232620 2667.8
1232630 2667.8
1232640 2657.3
1232650 2648.5
1232660 2648.5
1232670 2631.9
1232680 2612.9
1232690 2612.9
1232700 2597.5
1232710 2586.9
1232720 2586.9
1232730 2576.8
1232740 2566.7
1232750 2566.7
1232760 2558.6
1232770 2551.5
1232780 2551.5
1232790 2544.0
1232800 2537.3
1232810 2537.3
1232820 2528.6
1232830 2519.7
1232840 2519.8
1232850 2512.4
1232860 2505.3
1232870 2498.3
1232880 2498.3
1232890 2491.3
1232900 2484.4
1232910 2484.4
1232920 2477.2
1232930 2470.6
1232940 2470.6
1232950 2464.1
1232960 2457.7
1232970 2457.7
1232980 2451.6
1232990 2445.4
1233000 2445.4
1233010 2439.6
1233020 2434.1
1233030 2434.1
1233040 2428.9
1233050 2424.1
1233060 2424.1
1233070 2419.6
1233080 2415.3
1233090 2415.3
1233100 2411.2
1233110 2407.9
1233120 2407.9
1233130 2405.2
1233140 2403.6
1233150 2403.6
1233160 2403.6
1233170 2404.5
1233180 2404.7
1233190 2404.7
1233200 2403.9
1233210 2403.4
1233220 2403.4
1233230 2403.6
1233240 2404.2
1233250 2404.2
1233260 2404.1
1233270 2403.3
1233280 2403.3
1233290 2401.9
1233300 2400.9
1233310 2400.9
1233320 2400.6
1233330 2401.7
1233340 2401.7
1233350 2396.5
1233360 2396.9
1233370 2396.9
1233380 2397.2
1233390 2397.7
1233400 2396.7
1233410 2396.7
1233420 2394.4
1233430 2390.8
1233440 2390.8
1233450 2386.4
1233460 2382.1
1233470 2382.1
1233480 2378.3
1233490 2375.3
1233500 2375.3
1233510 2371.5
1233520 2366.9
1233530 2366.9
1233540 2363.2
1233550 2360.4
1233560 2360.4
1233570 2357.9
1233580 2355.3
1233590 2355.3
1233600 2352.2
1233610 2349.1
1233620 2349.1
1233630 2346.0
1233640 2342.9
1233650 2339.2
1233660 2339.2
1233670 2336.1
1233680 2334.4
1233690 2334.4
1233700 2332.5
1233710 2329.1
1233720 2329.1
1233730 2326.7
1233740 2323.8
1233750 2323.8
1233760 2320.9
1233770 2318.7
1233780 2318.7
1233790 2316.2
1233800 2315.4
1233810 2315.4
1233820 2315.4
1233830 2314.6
1233840 2314.6
1233850 2315.8
1233860 2312.0
1233870 2312.0
1233880 2314.6
1233890 2314.8
1233900 2314.8
1233910 2316.3
1233920 2317.6
1233930 2318.3
1233940 2318.3
1233950 2319.8
1233960 2321.4
1233970 2321.4
1233980 2320.3
1233990 2317.9
1234000 2317.9
1234010 2314.2
1234020 2308.8
1234030 2308.8
1234040 2301.1
1234050 2294.0
1234060 2294.0
1234070 2289.2
1234080 2284.2
1234090 2284.2
1234100 2278.2
1234110 2271.6
1234120 2271.6
1234130 2265.5
1234140 2260.3
1234150 2260.3
1234160 2256.5
1234170 2254.3
1234180 2250.3
1234190 2250.3
1234200 2247.7
1234210 2245.4
1234220 2245.4
1234230 2244.5
1234240 2244.3
1234250 2244.3
1234260 2241.4
1234270 2237.1
1234280 2237.1
1234290 2231.4
1234300 2225.6
1234310 2225.6
1234320 2220.2
1234330 2213.9
1234340 2213.9
1234350 2209.5
1234360 2198.7
1234370 2198.7
1234380 2193.4
1234390 2189.0
1234400 2189.0
1234410 2184.3
1234420 2178.8
1234430 2174.3
1234440 2174.3
1234450 2170.3
1234460 2166.5
1234470 2166.5
1234480 2162.7
1234490 2158.2
1234500 2158.2
1234510 2153.2
1234520 2146.8
1234530 2146.8
1234540 2140.2
1234550 2133.6
1234560 2133.6
1234570 2127.2
1234580 2119.1
1234590 2119.1
1234600 2110.4
1234610 2105.1
1234620 2105.1
1234630 2102.5
1234640 2098.0
1234650 2098.0
1234660 2094.2
1234670 2086.4
1234680 2086.4
1234690 2075.4
1234700 2064.8
1234710 2056.0
1234720 2056.0
1234730 2047.8
1234740 2040.9
1234750 2040.9
1234760 2034.5
1234770 2027.6
1234780 2027.6
1234790 2019.4
1234800 2011.5
1234810 2011.5
1234820 2004.3
1234830 1996.6
1234840 1996.6
1234850 1989.2
1234860 1981.9
1234870 1975.4
1234880 1966.7
1234890 1956.1
1234900 1956.1
1234910 1946.2
1234920 1936.5
1234930 1936.5
1234940 1927.8
1234950 1920.0
1234960 1912.9
1234970 1912.9
1234980 1906.7
1234990 1900.7
1235000 1900.7
1235010 1895.5
1235020 1889.9
1235030 1889.9
1235040 1883.4
1235050 1877.0
1235060 1877.0
1235070 1872.1
1235080 1868.9
1235090 1868.9
1235100 1865.8
1235110 1862.0
1235120 1862.0
1235130 1856.8
1235140 1851.1
1235150 1851.1
1235160 1846.1
1235170 1841.7
1235180 1841.7
1235190 1837.9
1235200 1834.1
1235210 1830.2
1235220 1830.2
1235230 1825.2
1235240 1819.1
1235250 1819.1
1235260 1811.5
1235270 1803.1
1235280 1803.1
1235290 1791.1
1235300 1776.6
1235310 1776.6
1235320 1771.0
1235330 1775.2
1235340 1775.2
1235350 1772.1
1235360 1768.5
1235370 1768.5
1235380 1778.3
1235390 1774.5
1235400 1774.5
1235410 1772.4
1235420 1770.4
1235430 1770.4
1235440 1767.1
1235450 1764.3
1235460 1764.3
1235470 1760.8
1235480 1757.3
1235490 1756.7
1235500 1756.7
1235510 1755.9
1235520 1755.5
1235530 1755.5
1235540 1755.0
1235550 1752.7
1235560 1752.7
1235570 1749.3
1235580 1744.3
1235590 1744.3
1235600 1738.0
1235610 1730.4
1235620 1730.4
1235630 1722.6
1235640 1715.0
1235650 1715.0
1235660 1707.5
1235670 1700.7
1235680 1700.7
1235690 1693.8
1235700 1686.8
1235710 1686.8
1235720 1679.5
1235730 1672.9
1235740 1666.8
1235750 1666.8
1235760 1660.5
1235770 1654.1
1235780 1654.1
1235790 1647.2
1235800 1640.5
1235810 1640.5
1235820 1633.9
1235830 1627.7
1235840 1627.7
1235850 1621.5
1235860 1615.3
1235870 1615.3
1235880 1609.3
1235890 1605.0
1235900 1605.0
1235910 1599.3
1235920 1594.1
1235930 1594.1
1235940 1588.9
1235950 1583.9
1235960 1583.9
1235970 1579.4
1235980 1575.5
1235990 1572.2
1236000 1572.2
1236010 1569.3
1236020 1566.7
1236030 1566.7
1236040 1563.9
1236050 1561.4
1236060 1561.4
1236070 1558.9
1236080 1556.7
1236090 1556.7
1236100 1554.4
1236110 1552.3
1236120 1552.3
1236130 1549.2
1236140 1546.8
1236150 1546.8
1236160 1545.6
1236170 1545.3
1236180 1545.3
1236190 1544.7
1236200 1542.7
1236210 1542.7
1236220 1538.6
1236230 1534.5
1236240 1534.5
1236250 1530.1
1236260 1526.1
1236270 1524.0
1236280 1524.0
1236290 1520.8
1236300 1515.3
1236310 1515.3
1236320 1509.1
1236330 1505.9
1236340 1505.9
1236350 1504.4
1236360 1500.9
1236370 1500.9
1236380 1495.2
1236390 1487.7
1236400 1487.7
1236410 1481.1
1236420 1473.4
1236430 1473.4
1236440 1467.6
1236450 1466.4
1236460 1466.4
1236470 1469.2
1236480 1473.4
1236490 1473.4
1236500 1478.7
1236510 1485.4
1236520 1492.7
1236530 1492.7
1236540 1500.4
1236550 1504.9
1236560 1504.9
1236570 1505.5
1236580 1505.5
1236590 1505.5
1236600 1509.3
1236610 1512.9
1236620 1512.9
1236630 1514.9
1236640 1517.1
1236650 1517.1
1236660 1519.1
1236670 1520.2
1236680 1520.2
1236690 1522.9
1236700 1526.9
1236710 1526.9
1236720 1530.0
1236730 1530.7
1236740 1530.7
1236750 1528.4
1236760 1526.6
1236770 1527.4
1236780 1527.4
1236790 1528.8
1236800 1530.7
1236810 1530.7
1236820 1532.5
1236830 1533.8
1236840 1533.8
1236850 1536.9
1236860 1539.7
1236870 1539.7
1236880 1542.3
1236890 1545.7
1236900 1545.7
1236910 1549.0
1236920 1553.5
1236930 1553.5
1236940 1556.8
1236950 1560.3
1236960 1560.3
1236970 1564.4
1236980 1569.0
1236990 1569.0
1237000 1573.8
1237010 1579.2
1237020 1579.2
1237030 1584.2
1237040 1589.4
1237050 1594.4
1237060 1594.4
1237070 1600.1
1237080 1606.8
1237090 1606.8
1237100 1613.9
1237110 1621.6
1237120 1621.6
1237130 1628.3
1237140 1634.6
1237150 1634.6
1237160 1640.8
1237170 1647.3
1237180 1647.3
1237190 1653.2
1237200 1659.0
1237210 1659.0
1237220 1664.7
1237230 1670.3
1237240 1670.3
1237250 1675.9
1237260 1681.4
1237270 1681.4
1237280 1688.0
1237290 1695.0
1237300 1703.3
1237310 1703.3
1237320 1710.8
1237330 1717.7
1237340 1717.7
1237350 1724.7
1237360 1731.6
1237370 1731.6
1237380 1737.7
1237390 1742.5
1237400 1742.5
1237410 1746.7
1237420 1751.1
1237430 1753.0
1237440 1758.0
1237450 1762.8
1237460 1762.8
1237470 1766.8
1237480 1770.0
1237490 1770.0
1237500 1771.9
1237510 1772.4
1237520 1772.4
1237530 1772.9
1237540 1773.4
1237550 1773.4
1237560 1774.0
1237570 1775.1
1237580 1775.4
1237590 1775.4
1237600 1775.6
1237610 1775.7
1237620 1775.7
1237630 1775.4
1237640 1775.6
1237650 1775.6
1237660 1775.4
1237670 1773.6
1237680 1773.6
1237690 1772.1
1237700 1772.1
1237710 1772.1
1237720 1772.0
1237730 1766.6
1237740 1766.6
1237750 1762.0
1237760 1766.7
1237770 1766.7
1237780 1773.0
1237790 1777.0
1237800 1777.0
1237810 1780.2
1237820 1780.7
1237830 1779.9
1237840 1779.9
1237850 1779.4
1237860 1777.7
1237870 1777.7
1237880 1780.8
1237890 1781.2
1237900 1781.2
1237910 1783.3
1237920 1787.1
1237930 1787.1
1237940 1787.3
1237950 1791.0
1237960 1791.0
1237970 1783.1
1237980 1772.8
1237990 1772.8
1238000 1766.3
1238010 1764.9
1238020 1764.9
1238030 1765.5
1238040 1765.3
1238050 1765.3
1238060 1771.9
1238070 1780.3
1238080 1783.8
1238090 1783.8
1238100 1784.6
1238110 1788.1
1238120 1788.1
1238130 1793.9
1238140 1800.7
1238150 1800.7
1238160 1805.2
1238170 1809.3
1238180 1809.3
1238190 1813.7
1238200 1816.4
1238210 1816.4
1238220 1817.9
1238230 1818.7
1238240 1818.7
1238250 1815.6
1238260 1815.3
1238270 1815.3
1238280 1814.5
1238290 1814.6
1238300 1814.6
1238310 1815.5
1238320 1816.5
1238330 1816.5
1238340 1818.2
1238350 1815.4
1238360 1807.8
1238370 1807.8
1238380 1798.8
1238390 1793.0
1238400 1793.0
1238410 1796.9
1238420 1802.3
1238430 1802.3
1238440 1809.3
1238450 1816.9
1238460 1816.9
1238470 1818.8
1238480 1827.2
1238490 1827.2
1238500 1837.0
1238510 1845.6
1238520 1845.6
1238530 1853.4
1238540 1861.4
1238550 1861.4
1238560 1870.1
1238570 1878.9
1238580 1878.9
1238590 1887.8
1238600 1900.3
1238610 1911.4
1238620 1911.4
1238630 1922.7
1238640 1932.8
1238650 1932.8
1238660 1941.6
1238670 1950.0
1238680 1950.0
1238690 1958.5
1238700 1967.6
1238710 1967.6
1238720 1976.4
1238730 1985.4
1238740 1985.4
1238750 1994.4
1238760 2003.3
1238770 2003.3
1238780 2012.2
1238790 2021.6
1238800 2021.6
1238810 2030.8
1238820 2039.4
1238830 2039.4
1238840 2045.9
1238850 2050.5
1238860 2054.1
1238870 2054.1
1238880 2060.6
1238890 2068.0
1238900 2068.0
1238910 2075.6
1238920 2085.5
1238930 2085.5
1238940 2095.9
1238950 2107.5
1238960 2107.5
1238970 2119.9
1238980 2127.4
1238990 2127.4
1239000 2137.2
1239010 2147.3
1239020 2147.3
1239030 2151.6
1239040 2152.3
1239050 2152.3
1239060 2153.7
1239070 2155.7
1239080 2155.7
1239090 2161.2
1239100 2168.8
1239110 2168.8
1239120 2179.6
1239130 2189.8
1239140 2202.8
1239150 2202.8
1239160 2214.6
1239170 2221.8
1239180 2221.8
1239190 2229.0
1239200 2237.9
1239210 2237.9
1239220 2246.7
1239230 2249.0
1239240 2249.0
1239250 2240.9
1239260 2231.8
1239270 2231.8
1239280 2221.8
1239290 2213.0
1239300 2213.0
1239310 2210.7
1239320 2208.5
1239330 2208.5
1239340 2202.3
1239350 2193.7
1239360 2193.7
1239370 2184.0
1239380 2175.2
1239390 2166.8
1239400 2166.8
1239410 2158.2
1239420 2148.9
1239430 2148.9
1239440 2142.6
1239450 2137.0
1239460 2137.0
1239470 2132.6
1239480 2126.3
1239490 2126.3
1239500 2124.3
1239510 2117.1
1239520 2117.1
1239530 2109.8
1239540 2103.1
1239550 2103.1
1239560 2101.5
1239570 2100.8
1239580 2100.8
1239590 2097.1
1239600 2091.8
1239610 2091.8
1239620 2084.1
1239630 2077.5
1239640 2074.5
1239650 2074.5
1239660 2071.3
1239670 2066.2
1239680 2066.2
1239690 2060.4
1239700 2054.2
1239710 2054.2
1239720 2046.0
1239730 2037.4
1239740 2037.4
1239750 2030.4
1239760 2025.4
1239770 2025.4
1239780 2021.0
1239790 2016.9
1239800 2016.9
1239810 2012.9
1239820 2008.8
1239830 2008.8
1239840 2005.4
1239850 2003.1
1239860 2003.1
1239870 2000.1
1239880 1996.2
1239890 1996.2
1239900 1990.2
1239910 1982.6
1239920 1975.0
1239930 1975.0
1239940 1967.4
1239950 1959.3
1239960 1959.3
1239970 1950.8
1239980 1942.2
1239990 1942.2
