1220000 1292.3
1220010 1292.3
1220020 1292.5
1220030 1292.5
1220040 1292.5
1220050 1291.9
1220060 1291.6
1220070 1291.6
1220080 1291.8
1220090 1291.1
1220100 1291.3
1220110 1291.3
1220120 1291.7
1220130 1291.1
1220140 1291.1
1220150 1290.6
1220160 1290.0
1220170 1290.0
1220180 1289.5
1220190 1288.5
1220200 1288.5
1220210 1284.2
1220220 1277.7
1220230 1277.7
1220240 1270.9
1220250 1265.1
1220260 1265.1
1220270 1262.6
1220280 1263.1
1220290 1263.1
1220300 1269.4
1220310 1276.4
1220320 1276.4
1220330 1283.9
1220340 1292.1
1220350 1292.1
1220360 1300.1
1220370 1308.7
1220380 1314.7
1220390 1314.7
1220400 1320.6
1220410 1326.6
1220420 1326.6
1220430 1334.5
1220440 1340.1
1220450 1340.1
1220460 1346.5
1220470 1351.4
1220480 1351.4
1220490 1356.3
1220500 1361.4
1220510 1361.4
1220520 1366.0
1220530 1371.7
1220540 1371.7
1220550 1377.2
1220560 1381.6
1220570 1381.6
1220580 1384.4
1220590 1386.4
1220600 1386.4
1220610 1388.7
1220620 1390.3
1220630 1391.7
1220640 1391.7
1220650 1392.6
1220660 1393.2
1220670 1393.2
1220680 1394.8
1220690 1398.5
1220700 1398.5
1220710 1402.8
1220720 1407.9
1220730 1407.9
1220740 1411.8
1220750 1414.2
1220760 1414.2
1220770 1415.7
1220780 1415.7
1220790 1415.7
1220800 1415.1
1220810 1414.0
1220820 1414.0
1220830 1414.1
1220840 1415.0
1220850 1415.0
1220860 1416.3
1220870 1417.8
1220880 1419.6
1220890 1419.6
1220900 1421.1
1220910 1423.2
1220920 1435.0
1220930 1437.5
1220940 1440.0
1220950 1440.0
1220960 1441.6
1220970 1443.9
1220980 1443.9
1220990 1447.0
1221000 1451.2
1221010 1451.2
1221020 1455.0
1221030 1457.4
1221040 1457.4
1221050 1459.3
1221060 1461.2
1221070 1461.2
1221080 1464.0
1221090 1466.9
1221100 1466.9
1221110 1469.8
1221120 1472.7
1221130 1472.7
1221140 1476.4
1221150 1480.0
1221160 1482.9
1221170 1482.9
1221180 1485.1
1221190 1487.3
1221200 1487.3
1221210 1489.1
1221220 1490.9
1221230 1490.9
1221240 1492.9
1221250 1494.3
1221260 1494.3
1221270 1495.5
1221280 1497.2
1221290 1497.2
1221300 1500.1
1221310 1503.4
1221320 1503.4
1221330 1505.9
1221340 1509.0
1221350 1509.0
1221360 1512.7
1221370 1516.6
1221380 1516.6
1221390 1518.3
1221400 1530.1
1221410 1533.0
1221420 1533.0
1221430 1536.0
1221440 1540.1
1221450 1540.1
1221460 1544.8
1221470 1548.7
1221480 1548.7
1221490 1552.5
1221500 1555.9
1221510 1555.9
1221520 1558.6
1221530 1560.7
1221540 1560.7
1221550 1561.6
1221560 1563.4
1221570 1563.4
1221580 1568.4
1221590 1572.7
1221600 1572.7
1221610 1577.2
1221620 1581.6
1221630 1581.6
1221640 1586.3
1221650 1591.0
1221660 1591.0
1221670 1595.1
1221680 1599.7
1221690 1603.9
1221700 1603.9
1221710 1607.4
1221720 1612.7
1221730 1612.7
1221740 1622.3
1221750 1630.6
1221760 1630.6
1221770 1636.7
1221780 1641.9
1221790 1641.9
1221800 1649.3
1221810 1657.0
1221820 1657.0
1221830 1663.6
1221840 1669.3
1221850 1669.3
1221860 1672.5
1221870 1675.9
1221880 1675.9
1221890 1693.6
1221900 1697.9
1221910 1697.9
1221920 1701.4
1221930 1704.6
1221940 1708.2
1221950 1708.2
1221960 1711.8
1221970 1714.2
1221980 1714.2
1221990 1716.3
1222000 1718.3
1222010 1718.3
1222020 1720.1
1222030 1721.7
1222040 1721.7
1222050 1723.4
1222060 1724.8
1222070 1724.8
1222080 1725.7
1222090 1726.8
1222100 1726.8
1222110 1728.9
1222120 1730.6
1222130 1730.6
1222140 1732.4
1222150 1733.3
1222160 1733.3
1222170 1732.8
1222180 1731.8
1222190 1731.1
1222200 1731.1
1222210 1730.8
1222220 1731.3
1222230 1731.3
1222240 1731.6
1222250 1731.5
1222260 1731.5
1222270 1731.1
1222280 1730.4
1222290 1730.4
1222300 1729.5
1222310 1728.7
1222320 1728.7
1222330 1727.7
1222340 1725.7
1222350 1725.7
1222360 1724.0
1222370 1726.2
1222380 1726.2
1222390 1725.6
1222400 1724.1
1222410 1724.1
1222420 1719.8
1222430 1712.6
1222440 1712.6
1222450 1704.8
1222460 1697.5
1222470 1692.1
1222480 1692.1
1222490 1690.4
1222500 1687.3
1222510 1687.3
1222520 1682.7
1222530 1678.2
1222540 1678.2
1222550 1672.9
1222560 1666.9
1222570 1666.9
1222580 1660.0
1222590 1652.4
1222600 1652.4
1222610 1646.0
1222620 1640.2
1222630 1640.2
1222640 1634.0
1222650 1627.5
1222660 1627.5
1222670 1620.9
1222680 1614.5
1222690 1614.5
1222700 1608.7
1222710 1603.0
1222720 1597.4
1222730 1597.4
1222740 1590.5
1222750 1583.4
1222760 1583.4
1222770 1576.1
1222780 1568.3
1222790 1568.3
1222800 1560.6
1222810 1553.7
1222820 1553.7
1222830 1546.5
1222840 1539.7
1222850 1539.7
1222860 1536.5
1222870 1529.2
1222880 1529.2
1222890 1520.7
1222900 1513.2
1222910 1513.2
1222920 1505.7
1222930 1497.7
1222940 1497.7
1222950 1488.3
1222960 1479.3
1222970 1479.3
1222980 1471.1
1222990 1463.7
1223000 1459.3
1223010 1459.3
1223020 1457.6
1223030 1451.7
1223040 1451.7
1223050 1441.6
1223060 1430.2
1223070 1430.2
1223080 1421.7
1223090 1414.0
1223100 1414.0
1223110 1404.3
1223120 1399.0
1223130 1399.0
1223140 1399.5
1223150 1406.1
1223160 1406.1
1223170 1415.0
1223180 1418.1
1223190 1418.1
1223200 1421.2
1223210 1426.3
1223220 1426.3
1223230 1431.2
1223240 1432.5
1223250 1432.3
1223260 1432.3
1223270 1434.0
1223280 1433.0
1223290 1433.0
1223300 1431.0
1223310 1429.6
1223320 1429.6
1223330 1426.1
1223340 1428.5
1223350 1428.5
1223360 1423.6
1223370 1418.5
1223380 1418.5
1223390 1414.3
1223400 1409.7
1223410 1409.7
1223420 1403.8
1223430 1398.2
1223440 1398.2
1223450 1391.8
1223460 1386.5
1223470 1386.5
1223480 1383.8
1223490 1384.2
1223500 1385.3
1223510 1385.3
1223520 1385.5
1223530 1386.1
1223540 1386.1
1223550 1384.6
1223560 1384.2
1223570 1384.2
1223580 1388.4
1223590 1394.1
1223600 1394.1
1223610 1401.3
1223620 1409.4
1223630 1409.4
1223640 1418.6
1223650 1424.1
1223660 1424.1
1223670 1425.7
1223680 1424.6
1223690 1424.6
1223700 1423.6
1223710 1422.9
1223720 1422.9
1223730 1418.5
1223740 1414.4
1223750 1414.4
1223760 1414.1
1223770 1414.8
1223780 1415.0
1223790 1415.0
1223800 1414.3
1223810 1412.9
1223820 1412.9
1223830 1416.6
1223840 1412.8
1223850 1412.8
1223860 1407.4
1223870 1402.8
1223880 1402.8
1223890 1401.3
1223900 1399.6
1223910 1399.6
1223920 1397.0
1223930 1394.2
1223940 1394.2
1223950 1390.5
1223960 1388.6
1223970 1388.6
1223980 1389.8
1223990 1395.8
1224000 1395.8
1224010 1405.3
1224020 1415.9
1224030 1425.1
1224040 1425.1
1224050 1432.5
1224060 1439.2
1224070 1439.2
1224080 1446.4
1224090 1453.1
1224100 1453.1
1224110 1458.8
1224120 1464.0
1224130 1464.0
1224140 1469.5
1224150 1475.2
1224160 1475.2
1224170 1480.6
1224180 1486.9
1224190 1486.9
1224200 1492.9
1224210 1499.8
1224220 1499.8
1224230 1506.2
1224240 1511.8
1224250 1511.8
1224260 1519.7
1224270 1527.1
1224280 1527.1
1224290 1534.4
1224300 1541.6
1224310 1548.6
1224320 1542.8
1224330 1548.0
1224340 1552.9
1224350 1552.9
1224360 1558.7
1224370 1565.5
1224380 1565.5
1224390 1574.1
1224400 1585.0
1224410 1585.0
1224420 1597.7
1224430 1609.7
1224440 1609.7
1224450 1619.5
1224460 1625.6
1224470 1625.6
1224480 1631.2
1224490 1641.4
1224500 1641.4
1224510 1651.0
1224520 1659.6
1224530 1659.6
1224540 1668.5
1224550 1675.9
1224560 1683.7
1224570 1683.7
1224580 1692.4
1224590 1704.2
1224600 1704.2
1224610 1714.0
1224620 1722.8
1224630 1722.8
1224640 1731.0
1224650 1737.5
1224660 1737.5
1224670 1745.2
1224680 1752.9
1224690 1752.9
1224700 1760.8
1224710 1770.6
1224720 1770.6
1224730 1779.7
1224740 1786.1
1224750 1786.1
1224760 1793.4
1224770 1798.8
1224780 1798.8
1224790 1805.1
1224800 1818.9
1224810 1821.9
1224820 1821.9
1224830 1828.6
1224840 1835.2
1224850 1835.2
1224860 1841.7
1224870 1847.9
1224880 1847.9
1224890 1854.3
1224900 1860.1
1224910 1860.1
1224920 1865.1
1224930 1870.0
1224940 1870.0
1224950 1874.5
1224960 1878.8
1224970 1878.8
1224980 1883.3
1224990 1887.5
1225000 1887.5
1225010 1891.1
1225020 1894.6
1225030 1894.6
1225040 1898.3
1225050 1902.6
1225060 1902.6
1225070 1906.6
1225080 1910.7
1225090 1915.9
1225100 1915.9
1225110 1922.0
1225120 1930.6
1225130 1930.6
1225140 1938.4
1225150 1945.7
1225160 1945.7
1225170 1950.9
1225180 1956.4
1225190 1956.4
1225200 1961.9
1225210 1967.6
1225220 1967.6
1225230 1972.7
1225240 1978.0
1225250 1978.0
1225260 1982.9
1225270 1986.8
1225280 1986.8
1225290 1990.3
1225300 1994.5
1225310 1994.5
1225320 1998.1
1225330 2001.6
1225340 2004.9
1225350 2004.9
1225360 2007.9
1225370 2010.9
1225380 2010.9
1225390 2014.8
1225400 2019.2
1225410 2019.2
1225420 2024.4
1225430 2029.2
1225440 2029.2
1225450 2033.4
1225460 2035.9
1225470 2035.9
1225480 2037.3
1225490 2038.6
1225500 2038.6
1225510 2039.9
1225520 2040.8
1225530 2040.8
1225540 2041.4
1225550 2041.8
1225560 2041.8
1225570 2042.2
1225580 2042.8
1225590 2042.8
1225600 2043.7
1225610 2044.9
1225620 2046.4
1225630 2046.4
1225640 2047.3
1225650 2048.4
1225660 2048.4
1225670 2049.9
1225680 2051.7
1225690 2051.7
1225700 2053.6
1225710 2055.7
1225720 2055.7
1225730 2058.2
1225740 2061.8
1225750 2061.8
1225760 2065.5
1225770 2069.6
1225780 2069.6
1225790 2074.7
1225800 2076.9
1225810 2076.9
1225820 2078.7
1225830 2080.6
1225840 2080.6
1225850 2082.6
1225860 2084.8
1225870 2086.8
1225880 2086.8
1225890 2088.8
1225900 2090.4
1225910 2090.4
1225920 2091.0
1225930 2092.8
1225940 2092.8
1225950 2095.4
1225960 2097.4
1225970 2097.4
1225980 2097.3
1225990 2096.9
1226000 2096.9
1226010 2098.3
1226020 2099.8
1226030 2099.8
1226040 2101.1
1226050 2102.4
1226060 2102.4
1226070 2104.6
1226080 2107.5
1226090 2107.5
1226100 2110.0
1226110 2111.5
1226120 2112.7
1226130 2112.7
1226140 2113.4
1226150 2113.3
1226160 2113.3
1226170 2113.4
1226180 2115.2
1226190 2115.2
1226200 2118.0
1226210 2120.8
1226220 2120.8
1226230 2123.1
1226240 2124.8
1226250 2124.8
1226260 2126.2
1226270 2128.2
1226280 2130.0
1226290 2133.0
1226300 2136.5
1226310 2136.5
1226320 2139.9
1226330 2142.3
1226340 2142.3
1226350 2144.0
1226360 2145.6
1226370 2145.6
1226380 2147.1
1226390 2148.6
1226400 2150.1
1226410 2150.1
1226420 2151.3
1226430 2152.2
1226440 2152.2
1226450 2153.6
1226460 2155.6
1226470 2155.6
1226480 2158.0
1226490 2160.5
1226500 2160.5
1226510 2158.2
1226520 2151.0
1226530 2151.0
1226540 2142.4
1226550 2133.6
1226560 2133.6
1226570 2124.9
1226580 2114.5
1226590 2114.5
1226600 2105.8
1226610 2099.6
1226620 2099.6
1226630 2094.0
1226640 2090.1
1226650 2089.3
1226660 2089.3
1226670 2091.5
1226680 2089.4
1226690 2089.4
1226700 2082.6
1226710 2078.5
1226720 2078.5
1226730 2075.7
1226740 2068.3
1226750 2068.3
1226760 2060.8
1226770 2056.9
1226780 2066.8
1226790 2066.1
1226800 2073.1
1226810 2073.1
1226820 2081.6
1226830 2090.5
1226840 2090.5
1226850 2098.7
1226860 2102.2
1226870 2102.2
1226880 2101.9
1226890 2100.7
1226900 2100.7
1226910 2100.7
1226920 2102.3
1226930 2107.6
1226940 2107.6
1226950 2115.3
1226960 2124.0
1226970 2124.0
1226980 2131.6
1226990 2138.0
1227000 2138.0
1227010 2141.4
1227020 2146.6
1227030 2146.6
1227040 2150.4
1227050 2146.4
1227060 2146.4
1227070 2140.5
1227080 2134.3
1227090 2134.3
1227100 2127.5
1227110 2120.2
1227120 2120.2
1227130 2112.2
1227140 2104.2
1227150 2104.2
1227160 2096.4
1227170 2088.5
1227180 2081.0
1227190 2081.0
1227200 2075.0
1227210 2070.4
1227220 2070.4
1227230 2065.5
1227240 2060.1
1227250 2060.1
1227260 2054.6
1227270 2058.6
1227280 2058.6
1227290 2054.4
1227300 2051.3
1227310 2051.3
1227320 2047.9
1227330 2045.4
1227340 2045.4
1227350 2043.8
1227360 2040.2
1227370 2040.2
1227380 2034.6
1227390 2030.8
1227400 2030.8
1227410 2027.7
1227420 2025.0
1227430 2022.5
1227440 2022.5
1227450 2019.6
1227460 2017.1
1227470 2017.1
1227480 2016.4
1227490 2016.1
1227500 2016.1
1227510 2015.2
1227520 2015.9
1227530 2015.9
1227540 2013.2
1227550 2012.3
1227560 2012.3
1227570 2013.2
1227580 2013.2
1227590 2013.2
1227600 2011.5
1227610 2011.5
1227620 2011.5
1227630 2011.0
1227640 2010.5
1227650 2010.5
1227660 2009.1
1227670 2006.4
1227680 2006.4
1227690 2003.1
1227700 1997.6
1227710 1991.8
1227720 1991.8
1227730 1985.8
1227740 1981.1
1227750 1981.1
1227760 1976.0
1227770 1976.2
1227780 1976.2
1227790 1969.8
1227800 1965.6
1227810 1965.6
1227820 1961.8
1227830 1956.4
1227840 1956.4
1227850 1950.0
1227860 1944.8
1227870 1944.8
1227880 1943.7
1227890 1942.2
1227900 1942.2
1227910 1937.7
1227920 1931.4
1227930 1931.4
1227940 1923.3
1227950 1916.0
1227960 1909.1
1227970 1909.1
1227980 1900.8
1227990 1892.2
1228000 1892.2
1228010 1886.5
1228020 1880.2
1228030 1880.2
1228040 1875.8
1228050 1872.8
1228060 1872.8
1228070 1873.1
1228080 1873.2
1228090 1873.2
1228100 1870.8
1228110 1868.2
1228120 1868.2
1228130 1864.6
1228140 1860.2
1228150 1860.2
1228160 1856.6
1228170 1853.4
1228180 1853.4
1228190 1848.6
1228200 1847.4
1228210 1847.4
1228220 1848.5
1228230 1850.4
1228240 1851.4
1228250 1851.4
1228260 1858.6
1228270 1864.4
1228280 1864.4
1228290 1871.9
1228300 1880.1
1228310 1880.1
1228320 1889.9
1228330 1895.8
1228340 1895.8
1228350 1896.3
1228360 1891.1
1228370 1891.1
1228380 1882.2
1228390 1873.8
1228400 1873.8
1228410 1864.7
1228420 1854.8
1228430 1854.8
1228440 1846.6
1228450 1840.7
1228460 1840.7
1228470 1837.7
1228480 1836.5
1228490 1832.9
1228500 1832.9
1228510 1828.0
1228520 1822.5
1228530 1822.5
1228540 1814.1
1228550 1799.9
1228560 1799.9
1228570 1788.6
1228580 1790.7
1228590 1790.7
1228600 1790.7
1228610 1793.2
1228620 1793.2
1228630 1800.7
1228640 1801.0
1228650 1801.0
1228660 1800.7
1228670 1799.6
1228680 1799.6
1228690 1798.7
1228700 1796.6
1228710 1796.6
1228720 1790.7
1228730 1784.7
1228740 1782.7
1228750 1782.7
1228760 1790.8
1228770 1786.2
1228780 1786.2
1228790 1780.3
1228800 1773.4
1228810 1773.4
1228820 1768.4
1228830 1762.8
1228840 1762.8
1228850 1760.1
1228860 1755.8
1228870 1755.8
1228880 1749.0
1228890 1741.7
1228900 1741.7
1228910 1736.9
1228920 1736.3
1228930 1736.3
1228940 1739.2
1228950 1740.8
1228960 1740.8
1228970 1743.1
1228980 1749.5
1228990 1749.5
1229000 1754.2
1229010 1759.4
1229020 1763.6
1229030 1763.6
1229040 1766.3
1229050 1770.7
1229060 1770.7
1229070 1775.5
1229080 1778.9
1229090 1778.9
1229100 1781.6
1229110 1785.2
1229120 1785.2
1229130 1788.4
1229140 1790.5
1229150 1790.5
1229160 1791.3
1229170 1791.4
1229180 1791.4
1229190 1792.8
1229200 1792.4
1229210 1792.4
1229220 1792.0
1229230 1798.6
1229240 1798.6
1229250 1810.7
1229260 1825.7
1229270 1836.7
1229280 1836.7
1229290 1850.6
1229300 1857.3
1229310 1857.3
1229320 1862.2
1229330 1870.8
1229340 1870.8
1229350 1877.8
1229360 1887.4
1229370 1887.4
1229380 1898.0
1229390 1907.6
1229400 1907.6
1229410 1912.5
1229420 1919.3
1229430 1919.3
1229440 1928.5
1229450 1938.5
1229460 1938.5
1229470 1942.9
1229480 1943.4
1229490 1943.4
1229500 1945.4
1229510 1948.0
1229520 1948.0
1229530 1951.6
1229540 1958.6
1229550 1966.8
1229560 1966.8
1229570 1974.8
1229580 1982.1
1229590 1982.1
1229600 1989.6
1229610 1996.9
1229620 1996.9
1229630 2001.8
1229640 2002.4
1229650 2002.4
1229660 2001.8
1229670 2001.7
1229680 2001.7
1229690 2003.6
1229700 2005.1
1229710 2005.1
1229720 2006.9
1229730 2012.9
1229740 2012.9
1229750 2021.1
1229760 2030.9
1229770 2030.9
1229780 2039.9
1229790 2048.4
1229800 2055.7
1229810 2055.7
1229820 2061.7
1229830 2065.7
1229840 2065.7
1229850 2070.5
1229860 2076.2
1229870 2076.2
1229880 2081.5
1229890 2084.3
1229900 2084.3
1229910 2091.1
1229920 2100.7
1229930 2100.7
1229940 2108.6
1229950 2112.5
1229960 2112.5
1229970 2115.9
1229980 2120.3
1229990 2120.3
1230000 2128.5
1230010 2138.8
1230020 2138.8
1230030 2148.1
1230040 2154.1
1230050 2157.6
1230060 2157.6
1230070 2161.7
1230080 2164.6
1230090 2164.6
1230100 2166.2
1230110 2171.0
1230120 2171.0
1230130 2181.4
1230140 2190.7
1230150 2190.7
1230160 2199.3
1230170 2207.2
1230180 2207.2
1230190 2216.4
1230200 2227.5
1230210 2227.5
1230220 2238.8
1230230 2247.1
1230240 2247.1
1230250 2253.7
1230260 2260.5
1230270 2260.5
1230280 2271.1
1230290 2288.1
1230300 2288.1
1230310 2301.3
1230320 2313.4
1230330 2319.6
1230340 2319.6
1230350 2320.7
1230360 2321.8
1230370 2321.8
1230380 2322.9
1230390 2323.7
1230400 2323.7
1230410 2323.9
1230420 2323.5
1230430 2323.5
1230440 2322.2
1230450 2319.9
1230460 2319.9
1230470 2316.3
1230480 2312.5
1230490 2312.5
1230500 2308.5
1230510 2304.3
1230520 2304.3
1230530 2300.2
1230540 2296.0
1230550 2296.0
1230560 2292.6
1230570 2290.8
1230580 2289.8
1230590 2289.8
1230600 2289.6
1230610 2290.3
1230620 2290.3
1230630 2291.5
1230640 2292.5
1230650 2292.5
1230660 2290.3
1230670 2284.8
1230680 2284.8
1230690 2278.9
1230700 2273.3
1230710 2273.3
1230720 2268.3
1230730 2261.3
1230740 2261.3
1230750 2254.4
1230760 2246.2
1230770 2246.2
1230780 2243.4
1230790 2239.9
1230800 2239.9
1230810 2236.1
1230820 2232.5
1230830 2228.2
1230840 2228.2
1230850 2222.3
1230860 2216.8
1230870 2216.8
1230880 2210.4
1230890 2201.9
1230900 2201.9
1230910 2194.1
1230920 2187.9
1230930 2187.9
1230940 2183.0
1230950 2179.3
1230960 2179.3
1230970 2177.6
1230980 2176.0
1230990 2176.0
1231000 2173.0
1231010 2172.5
1231020 2172.5
1231030 2173.0
1231040 2172.0
1231050 2172.0
1231060 2170.4
1231070 2170.8
1231080 2170.8
1231090 2174.6
1231100 2179.0
1231110 2181.4
1231120 2181.4
1231130 2182.7
1231140 2182.4
1231150 2182.4
1231160 2180.0
1231170 2177.6
1231180 2177.6
1231190 2175.5
1231200 2177.4
1231210 2177.4
1231220 2180.8
1231230 2181.1
1231240 2181.1
1231250 2181.7
1231260 2190.9
1231270 2190.9
1231280 2192.7
1231290 2193.9
1231300 2193.9
1231310 2194.4
1231320 2191.7
1231330 2191.7
1231340 2188.1
1231350 2186.1
1231360 2185.6
1231370 2185.6
1231380 2185.7
1231390 2185.0
1231400 2185.0
1231410 2187.8
1231420 2196.0
1231430 2196.0
1231440 2206.7
1231450 2218.4
1231460 2218.4
1231470 2229.8
1231480 2239.8
1231490 2239.8
1231500 2246.3
1231510 2251.1
1231520 2251.1
1231530 2259.2
1231540 2268.9
1231550 2268.9
1231560 2278.8
1231570 2287.6
1231580 2287.6
1231590 2299.0
1231600 2312.8
1231610 2312.8
1231620 2322.6
1231630 2331.6
1231640 2339.9
1231650 2339.9
1231660 2347.3
1231670 2355.0
1231680 2355.0
1231690 2362.6
1231700 2369.3
1231710 2369.3
1231720 2375.4
1231730 2381.2
1231740 2381.2
1231750 2386.9
1231760 2392.5
1231770 2397.3
1231780 2403.1
1231790 2409.3
1231800 2409.3
1231810 2415.8
1231820 2422.1
1231830 2422.1
1231840 2427.7
1231850 2433.3
1231860 2433.3
1231870 2439.7
1231880 2447.4
1231890 2453.7
1231900 2453.7
1231910 2460.6
1231920 2467.6
1231930 2467.6
1231940 2475.3
1231950 2483.0
1231960 2483.0
1231970 2489.8
1231980 2495.1
1231990 2495.1
1232000 2497.3
1232010 2490.9
1232020 2490.9
1232030 2481.8
1232040 2473.6
1232050 2473.6
1232060 2467.3
1232070 2460.6
1232080 2460.6
1232090 2451.3
1232100 2442.4
1232110 2442.4
1232120 2430.9
1232130 2420.0
1232140 2407.0
1232150 2407.0
1232160 2396.8
1232170 2388.8
1232180 2388.8
1232190 2381.6
1232200 2375.1
1232210 2375.1
1232220 2368.7
1232230 2362.6
1232240 2362.6
1232250 2357.0
1232260 2352.3
1232270 2350.4
1232280 2346.0
1232290 2342.3
1232300 2342.3
1232310 2339.0
1232320 2336.3
1232330 2336.3
1232340 2333.9
1232350 2331.1
1232360 2331.1
1232370 2328.4
1232380 2325.7
1232390 2325.7
1232400 2322.8
1232410 2320.5
1232420 2318.5
1232430 2318.5
1232440 2316.8
1232450 2314.8
1232460 2314.8
1232470 2312.6
1232480 2310.6
1232490 2310.6
1232500 2309.0
1232510 2307.8
1232520 2307.8
1232530 2306.4
1232540 2304.6
1232550 2304.6
1232560 2302.9
1232570 2301.3
1232580 2301.3
1232590 2299.5
1232600 2296.9
1232610 2296.9
1232620 2294.4
1232630 2292.5
1232640 2292.5
1232650 2290.4
1232660 2288.0
1232670 2285.7
1232680 2285.7
1232690 2283.3
1232700 2281.0
1232710 2281.0
1232720 2278.5
1232730 2276.0
1232740 2276.0
1232750 2273.5
1232760 2270.6
1232770 2273.6
1232780 2272.5
1232790 2272.5
1232800 2272.5
1232810 2273.4
1232820 2274.4
1232830 2274.4
1232840 2277.1
1232850 2281.1
1232860 2281.1
1232870 2286.2
1232880 2294.4
1232890 2294.4
1232900 2306.4
1232910 2317.9
1232920 2317.9
1232930 2325.1
1232940 2330.1
1232950 2337.7
1232960 2337.7
1232970 2345.3
1232980 2352.4
1232990 2352.4
1233000 2360.3
1233010 2366.7
1233020 2366.7
1233030 2371.8
1233040 2376.5
1233050 2376.5
1233060 2382.3
1233070 2388.0
1233080 2388.0
1233090 2392.9
1233100 2396.7
1233110 2396.7
1233120 2400.1
1233130 2403.4
1233140 2403.4
1233150 2407.5
1233160 2410.7
1233170 2410.7
1233180 2412.7
1233190 2413.7
1233200 2415.8
1233210 2415.8
1233220 2421.1
1233230 2425.1
1233240 2425.1
1233250 2428.5
1233260 2432.3
1233270 2432.3
1233280 2442.2
1233290 2445.2
1233300 2445.2
1233310 2449.4
1233320 2454.9
1233330 2454.9
1233340 2460.2
1233350 2465.8
1233360 2465.8
1233370 2472.5
1233380 2480.4
1233390 2480.4
1233400 2485.3
1233410 2484.4
1233420 2484.4
1233430 2484.6
1233440 2489.0
1233450 2491.7
1233460 2491.7
1233470 2487.6
1233480 2481.8
1233490 2481.8
1233500 2476.6
1233510 2471.7
1233520 2471.7
1233530 2467.0
1233540 2462.5
1233550 2462.5
1233560 2457.0
1233570 2451.5
1233580 2451.5
1233590 2445.7
1233600 2440.2
1233610 2440.2
1233620 2435.1
1233630 2431.0
1233640 2431.0
1233650 2427.9
1233660 2425.3
1233670 2425.3
1233680 2422.9
1233690 2420.1
1233700 2420.1
1233710 2417.8
1233720 2415.7
1233730 2413.6
1233740 2413.6
1233750 2411.6
1233760 2409.1
1233770 2409.1
1233780 2406.6
1233790 2400.8
1233800 2400.8
1233810 2398.3
1233820 2396.5
1233830 2396.5
1233840 2394.9
1233850 2393.0
1233860 2393.0
1233870 2391.2
1233880 2389.6
1233890 2389.6
1233900 2388.1
1233910 2386.4
1233920 2386.4
1233930 2384.7
1233940 2383.2
1233950 2383.2
1233960 2381.5
1233970 2379.3
1233980 2376.0
1233990 2376.0
1234000 2370.9
1234010 2364.1
1234020 2364.1
1234030 2356.4
1234040 2348.8
1234050 2348.8
1234060 2342.0
1234070 2336.4
1234080 2336.4
1234090 2332.1
1234100 2326.8
1234110 2326.8
1234120 2319.8
1234130 2310.1
1234140 2310.1
1234150 2299.8
1234160 2290.4
1234170 2290.4
1234180 2282.5
1234190 2276.6
1234200 2276.6
1234210 2270.2
1234220 2263.9
1234230 2258.5
1234240 2258.5
1234250 2252.6
1234260 2245.4
1234270 2245.4
1234280 2236.1
1234290 2226.9
1234300 2228.2
1234310 2219.8
1234320 2211.8
1234330 2211.8
1234340 2203.5
1234350 2194.0
1234360 2194.0
1234370 2184.3
1234380 2175.8
1234390 2175.8
1234400 2168.5
1234410 2161.8
1234420 2161.8
1234430 2154.8
1234440 2148.4
1234450 2148.4
1234460 2141.9
1234470 2135.0
1234480 2135.0
1234490 2126.1
1234500 2116.8
1234510 2107.8
1234520 2107.8
1234530 2098.5
1234540 2088.5
1234550 2088.5
1234560 2078.4
1234570 2068.0
1234580 2068.0
1234590 2058.5
1234600 2049.8
1234610 2049.8
1234620 2041.6
1234630 2033.3
1234640 2033.3
1234650 2025.0
1234660 2014.5
1234670 2014.5
1234680 2004.8
1234690 1998.0
1234700 1998.0
1234710 1992.2
1234720 1986.1
1234730 1986.1
1234740 1980.0
1234750 1974.4
1234760 1968.8
1234770 1968.8
1234780 1964.5
1234790 1959.0
1234800 1959.0
1234810 1954.4
1234820 1945.0
1234830 1945.0
1234840 1936.2
1234850 1928.3
1234860 1928.3
1234870 1921.2
1234880 1913.5
1234890 1913.5
1234900 1904.5
1234910 1893.9
1234920 1893.9
1234930 1883.4
1234940 1874.0
1234950 1874.0
1234960 1864.8
1234970 1855.3
1234980 1855.3
1234990 1846.1
1235000 1841.5
1235010 1841.5
1235020 1841.2
1235030 1843.7
1235040 1846.8
1235050 1846.8
1235060 1846.4
1235070 1842.0
1235080 1842.0
1235090 1836.1
1235100 1830.3
1235110 1830.3
1235120 1826.8
1235130 1823.8
1235140 1823.8
1235150 1822.1
1235160 1819.5
1235170 1819.5
1235180 1814.0
1235190 1807.5
1235200 1807.5
1235210 1800.9
1235220 1794.7
1235230 1794.7
1235240 1787.0
1235250 1779.2
1235260 1779.2
1235270 1771.3
1235280 1763.4
1235290 1755.7
1235300 1755.7
1235310 1748.5
1235320 1746.1
1235330 1746.1
1235340 1740.1
1235350 1734.6
1235360 1734.6
1235370 1728.8
1235380 1723.1
1235390 1723.1
1235400 1718.4
1235410 1714.4
1235420 1714.4
1235430 1710.3
1235440 1705.8
1235450 1705.8
1235460 1700.7
1235470 1695.7
1235480 1695.7
1235490 1691.1
1235500 1686.2
1235510 1686.2
1235520 1681.2
1235530 1676.0
1235540 1670.4
1235550 1670.4
1235560 1664.3
1235570 1657.7
1235580 1657.7
1235590 1650.6
1235600 1642.9
1235610 1642.9
1235620 1635.3
1235630 1628.2
1235640 1628.2
1235650 1620.8
1235660 1613.3
1235670 1613.3
1235680 1605.9
1235690 1599.1
1235700 1599.1
1235710 1591.9
1235720 1585.3
1235730 1585.3
1235740 1579.2
1235750 1573.8
1235760 1573.8
1235770 1568.5
1235780 1562.7
1235790 1562.7
1235800 1556.8
1235810 1551.1
1235820 1545.7
1235830 1545.3
1235840 1539.0
1235850 1533.5
1235860 1533.5
1235870 1527.8
1235880 1521.9
1235890 1521.9
1235900 1516.6
1235910 1511.3
1235920 1511.3
1235930 1504.5
1235940 1497.2
1235950 1497.2
1235960 1490.1
1235970 1483.8
1235980 1483.8
1235990 1478.6
1236000 1474.0
1236010 1474.0
1236020 1468.5
1236030 1462.9
1236040 1462.9
1236050 1457.6
1236060 1451.9
1236070 1447.3
1236080 1447.3
1236090 1443.0
1236100 1439.2
1236110 1439.2
1236120 1437.0
1236130 1434.0
1236140 1434.0
1236150 1427.8
1236160 1419.5
1236170 1419.5
1236180 1411.0
1236190 1403.1
1236200 1403.1
1236210 1395.8
1236220 1387.8
1236230 1387.8
1236240 1380.9
1236250 1375.1
1236260 1375.1
1236270 1370.0
1236280 1364.8
1236290 1364.8
1236300 1359.4
1236310 1354.5
1236320 1354.5
1236330 1348.1
1236340 1344.0
1236350 1337.4
1236360 1337.4
1236370 1333.6
1236380 1333.0
1236390 1333.0
1236400 1331.1
1236410 1330.7
1236420 1330.7
1236430 1334.7
1236440 1341.2
1236450 1341.2
1236460 1344.8
1236470 1346.8
1236480 1346.8
1236490 1348.4
1236500 1348.9
1236510 1348.9
1236520 1347.8
1236530 1344.3
1236540 1344.3
1236550 1343.0
1236560 1343.7
1236570 1343.7
1236580 1345.0
1236590 1346.4
1236600 1348.6
1236610 1348.6
1236620 1353.0
1236630 1358.1
1236640 1358.1
1236650 1362.2
1236660 1364.5
1236670 1364.5
1236680 1366.7
1236690 1371.5
1236700 1371.5
1236710 1377.3
1236720 1381.0
1236730 1381.0
1236740 1386.6
1236750 1386.8
1236760 1386.8
1236770 1378.4
1236780 1366.6
1236790 1366.6
1236800 1357.0
1236810 1366.0
1236820 1366.0
1236830 1362.1
1236840 1359.8
1236850 1381.9
1236860 1381.9
1236870 1379.2
1236880 1369.5
1236890 1369.5
1236900 1360.5
1236910 1358.2
1236920 1358.2
1236930 1361.1
1236940 1367.2
1236950 1367.2
1236960 1374.5
1236970 1381.0
1236980 1381.0
1236990 1387.5
1237000 1394.6
1237010 1394.6
1237020 1403.2
1237030 1410.8
1237040 1410.8
1237050 1421.7
1237060 1433.6
1237070 1433.6
1237080 1445.6
1237090 1453.6
1237100 1453.6
1237110 1462.8
1237120 1469.9
1237130 1472.7
1237140 1472.7
1237150 1473.6
1237160 1475.6
1237170 1475.6
1237180 1482.0
1237190 1486.5
1237200 1486.5
1237210 1480.0
1237220 1478.8
1237230 1478.8
1237240 1482.7
1237250 1487.0
1237260 1487.0
1237270 1495.2
1237280 1503.6
1237290 1503.6
1237300 1512.6
1237310 1522.3
1237320 1522.3
1237330 1530.8
1237340 1538.1
1237350 1538.1
1237360 1545.3
1237370 1546.3
1237380 1556.1
1237390 1556.1
1237400 1568.4
1237410 1582.8
1237420 1582.8
1237430 1593.0
1237440 1602.5
1237450 1602.5
1237460 1611.2
1237470 1619.5
1237480 1619.5
1237490 1629.0
1237500 1639.8
1237510 1639.8
1237520 1651.7
1237530 1660.7
1237540 1660.7
1237550 1668.3
1237560 1675.3
1237570 1675.3
1237580 1681.3
1237590 1687.4
1237600 1687.4
1237610 1693.3
1237620 1700.3
1237630 1707.8
1237640 1707.8
1237650 1715.6
1237660 1723.5
1237670 1723.5
1237680 1732.6
1237690 1741.0
1237700 1741.0
1237710 1748.5
1237720 1757.9
1237730 1757.9
1237740 1766.0
1237750 1774.7
1237760 1774.7
1237770 1782.9
1237780 1790.9
1237790 1790.9
1237800 1798.4
1237810 1805.3
1237820 1805.3
1237830 1811.5
1237840 1817.3
1237850 1817.3
1237860 1824.4
1237870 1831.2
1237880 1824.2
1237890 1827.7
1237900 1832.1
1237910 1839.6
1237920 1839.6
1237930 1846.3
1237940 1854.3
1237950 1854.3
1237960 1862.7
1237970 1870.6
1237980 1870.6
1237990 1876.2
1238000 1882.4
1238010 1882.4
1238020 1887.9
1238030 1892.1
1238040 1892.1
1238050 1898.0
1238060 1905.4
1238070 1905.4
1238080 1910.9
1238090 1922.3
1238100 1922.3
1238110 1937.8
1238120 1947.0
1238130 1947.0
1238140 1951.9
1238150 1956.2
1238160 1962.8
1238170 1962.8
1238180 1971.7
1238190 1979.5
1238200 1979.5
1238210 1984.5
1238220 1985.5
1238230 1985.5
1238240 1986.9
1238250 1989.6
1238260 1989.6
1238270 1995.7
1238280 2001.4
1238290 2001.4
1238300 2007.0
1238310 2014.5
1238320 2014.5
1238330 2022.7
1238340 2027.1
1238350 2027.1
1238360 2031.1
1238370 2037.1
1238380 2037.1
1238390 2043.2
1238400 2042.8
1238410 2042.8
1238420 2046.9
1238430 2052.1
1238440 2057.9
1238450 2057.9
1238460 2063.4
1238470 2067.1
1238480 2067.1
1238490 2068.1
1238500 2069.8
1238510 2069.8
1238520 2071.8
1238530 2072.5
1238540 2072.5
1238550 2074.5
1238560 2078.3
1238570 2078.3
1238580 2083.7
1238590 2090.7
1238600 2090.7
1238610 2096.9
1238620 2102.3
1238630 2102.3
1238640 2107.1
1238650 2112.0
1238660 2112.0
1238670 2117.4
1238680 2123.1
1238690 2129.0
1238700 2129.0
1238710 2134.8
1238720 2140.4
1238730 2140.4
1238740 2146.1
1238750 2151.4
1238760 2151.4
1238770 2156.0
1238780 2160.1
1238790 2160.1
1238800 2164.3
1238810 2168.4
1238820 2168.4
1238830 2171.4
1238840 2174.1
1238850 2174.1
1238860 2177.1
1238870 2179.9
1238880 2179.9
1238890 2182.2
1238900 2184.3
1238910 2184.3
1238920 2182.9
1238930 2184.6
1238940 2186.0
1238950 2186.0
1238960 2183.0
1238970 2175.1
1238980 2175.1
1238990 2167.2
1239000 2159.5
1239010 2159.5
1239020 2152.0
1239030 2144.6
1239040 2144.6
1239050 2137.9
1239060 2133.8
1239070 2133.8
1239080 2132.2
1239090 2130.5
1239100 2130.5
1239110 2124.4
1239120 2115.6
1239130 2115.6
1239140 2106.9
1239150 2097.8
1239160 2097.8
1239170 2087.6
1239180 2074.9
1239190 2074.9
1239200 2064.7
1239210 2060.7
1239220 2057.5
1239230 2057.5
1239240 2053.4
1239250 2054.9
1239260 2054.9
1239270 2050.3
1239280 2043.7
1239290 2043.7
1239300 2041.1
1239310 2031.6
1239320 2031.6
1239330 2013.1
1239340 1999.3
1239350 1999.3
1239360 1991.4
1239370 1986.4
1239380 1986.4
1239390 1981.3
1239400 1975.2
1239410 1975.2
1239420 1966.5
1239430 1973.9
1239440 1973.9
1239450 1975.6
1239460 1971.9
1239470 1964.2
1239480 1964.2
1239490 1957.1
1239500 1955.4
1239510 1955.4
1239520 1953.3
1239530 1953.5
1239540 1953.5
1239550 1955.5
1239560 1953.9
1239570 1953.9
1239580 1955.4
1239590 1957.7
1239600 1957.7
1239610 1953.7
1239620 1946.3
1239630 1946.3
1239640 1937.3
1239650 1927.0
1239660 1927.0
1239670 1915.8
1239680 1906.8
1239690 1906.8
1239700 1899.3
1239710 1893.6
1239720 1889.4
1239730 1889.4
1239740 1884.0
1239750 1876.7
1239760 1876.7
1239770 1869.0
1239780 1863.4
1239790 1863.4
1239800 1857.9
1239810 1843.6
1239820 1843.6
1239830 1828.1
1239840 1816.2
1239850 1816.2
1239860 1809.8
1239870 1813.9
1239880 1813.9
1239890 1816.6
1239900 1824.0
1239910 1824.0
1239920 1827.1
1239930 1823.4
1239940 1823.4
1239950 1822.6
1239960 1814.9
1239970 1814.9
1239980 1805.7
1239990 1800.5
