1220000 641.8
1220010 642.2
1220020 641.9
1220030 641.9
1220040 641.3
1220050 641.5
1220060 641.5
1220070 642.0
1220080 642.1
1220090 642.1
1220100 642.1
1220110 642.1
1220120 642.1
1220130 642.1
1220140 642.1
1220150 642.1
1220160 642.1
1220170 642.1
1220180 642.1
1220190 642.2
1220200 642.2
1220210 642.2
1220220 642.2
1220230 642.3
1220240 642.4
1220250 642.4
1220260 642.3
1220270 642.2
1220280 642.2
1220290 642.2
1220300 642.1
1220310 642.1
1220320 642.0
1220330 642.0
1220340 642.0
1220350 641.9
1220360 641.9
1220370 641.9
1220380 641.9
1220390 641.8
1220400 641.8
1220410 641.6
1220420 641.7
1220430 641.7
1220440 641.8
1220450 641.9
1220460 641.9
1220470 642.0
1220480 641.8
1220490 641.7
1220500 641.7
1220510 641.6
1220520 641.6
1220530 641.6
1220540 641.5
1220550 641.6
1220560 641.6
1220570 641.7
1220580 641.6
1220590 641.6
1220600 641.4
1220610 641.4
1220620 641.4
1220630 641.5
1220640 641.6
1220650 641.6
1220660 641.6
1220670 641.8
1220680 641.8
1220690 641.8
1220700 641.6
1220710 641.6
1220720 641.2
1220730 641.1
1220740 641.2
1220750 641.2
1220760 641.4
1220770 641.4
1220780 641.4
1220790 641.3
1220800 641.2
1220810 641.2
1220820 641.2
1220830 641.1
1220840 641.1
1220850 641.0
1220860 641.1
1220870 641.1
1220880 640.9
1220890 638.6
1220900 638.6
1220910 638.3
1220920 639.1
1220930 639.1
1220940 641.2
1220950 641.1
1220960 641.1
1220970 640.9
1220980 640.8
1220990 640.8
1221000 640.6
1221010 640.5
1221020 640.6
1221030 640.6
1221040 640.7
1221050 640.7
1221060 640.7
1221070 640.7
1221080 640.6
1221090 640.6
1221100 640.6
1221110 640.5
1221120 640.5
1221130 640.5
1221140 640.3
1221150 640.3
1221160 640.2
1221170 640.0
1221180 640.0
1221190 639.9
1221200 639.8
1221210 639.8
1221220 639.9
1221230 639.9
1221240 639.9
1221250 640.1
1221260 640.3
1221270 640.3
1221280 640.3
1221290 640.2
1221300 640.0
1221310 639.6
1221320 639.6
1221330 639.6
1221340 639.6
1221350 639.6
1221360 639.8
1221370 639.8
1221380 639.8
1221390 639.8
1221400 639.8
1221410 639.8
1221420 639.9
1221430 639.9
1221440 640.0
1221450 640.0
1221460 640.0
1221470 640.3
1221480 640.7
1221490 640.7
1221500 640.8
1221510 640.8
1221520 640.8
1221530 640.9
1221540 640.8
1221550 640.7
1221560 640.7
1221570 640.8
1221580 641.1
1221590 641.1
1221600 641.1
1221610 641.3
1221620 641.3
1221630 641.7
1221640 643.1
1221650 643.1
1221660 647.1
1221670 649.8
1221680 649.8
1221690 652.7
1221700 653.9
1221710 653.9
1221720 654.5
1221730 655.2
1221740 655.2
1221750 655.9
1221760 656.6
1221770 656.6
1221780 657.3
1221790 658.4
1221800 659.1
1221810 659.1
1221820 659.9
1221830 660.8
1221840 660.8
1221850 661.5
1221860 662.3
1221870 662.3
1221880 663.1
1221890 663.9
1221900 663.9
1221910 664.8
1221920 665.7
1221930 665.7
1221940 666.8
1221950 667.9
1221960 667.9
1221970 669.1
1221980 670.1
1221990 670.1
1222000 671.0
1222010 671.8
1222020 671.8
1222030 672.6
1222040 673.5
1222050 673.5
1222060 674.6
1222070 675.8
1222080 677.3
1222090 677.3
1222100 678.3
1222110 678.7
1222120 678.7
1222130 679.5
1222140 680.4
1222150 680.4
1222160 680.9
1222170 680.4
1222180 680.4
1222190 683.6
1222200 683.5
1222210 683.5
1222220 684.4
1222230 685.2
1222240 685.2
1222250 686.0
1222260 686.6
1222270 686.6
1222280 688.5
1222290 689.2
1222300 689.2
1222310 689.7
1222320 690.1
1222330 690.8
1222340 690.8
1222350 691.9
1222360 693.0
1222370 693.0
1222380 693.4
1222390 694.1
1222400 694.1
1222410 694.9
1222420 696.2
1222430 696.2
1222440 697.1
1222450 697.5
1222460 697.5
1222470 698.1
1222480 698.9
1222490 698.9
1222500 699.9
1222510 701.0
1222520 701.0
1222530 701.5
1222540 702.5
1222550 702.5
1222560 702.8
1222570 702.9
1222580 702.9
1222590 702.6
1222600 702.5
1222610 703.0
1222620 703.0
1222630 704.0
1222640 705.0
1222650 705.0
1222660 706.1
1222670 707.5
1222680 707.5
1222690 708.8
1222700 709.2
1222710 709.2
1222720 709.1
1222730 708.8
1222740 708.8
1222750 708.4
1222760 709.3
1222770 709.3
1222780 709.5
1222790 709.5
1222800 709.5
1222810 710.0
1222820 710.1
1222830 710.1
1222840 710.1
1222850 710.4
1222860 710.4
1222870 710.6
1222880 710.1
1222890 710.0
1222900 710.0
1222910 709.7
1222920 709.4
1222930 709.4
1222940 709.1
1222950 708.1
1222960 708.1
1222970 707.0
1222980 706.1
1222990 706.1
1223000 705.5
1223010 705.3
1223020 705.3
1223030 704.7
1223040 703.4
1223050 703.4
1223060 702.1
1223070 701.5
1223080 701.5
1223090 700.9
1223100 700.0
1223110 700.0
1223120 699.5
1223130 699.5
1223140 699.6
1223150 699.6
1223160 699.6
1223170 699.4
1223180 699.4
1223190 698.9
1223200 699.1
1223210 699.1
1223220 700.0
1223230 700.3
1223240 700.3
1223250 703.8
1223260 705.9
1223270 705.9
1223280 707.7
1223290 709.2
1223300 709.2
1223310 711.1
1223320 712.0
1223330 712.0
1223340 710.3
1223350 710.5
1223360 710.5
1223370 711.2
1223380 712.1
1223390 712.1
1223400 714.0
1223410 715.6
1223420 717.5
1223430 717.5
1223440 723.2
1223450 730.6
1223460 730.6
1223470 739.2
1223480 746.2
1223490 746.2
1223500 749.6
1223510 752.4
1223520 752.4
1223530 754.8
1223540 758.3
1223550 758.3
1223560 762.2
1223570 763.4
1223580 763.4
1223590 763.7
1223600 762.5
1223610 762.5
1223620 755.2
1223630 753.9
1223640 753.9
1223650 760.5
1223660 774.2
1223670 783.4
1223680 783.4
1223690 787.3
1223700 789.6
1223710 789.6
1223720 790.7
1223730 791.2
1223740 796.7
1223750 799.9
1223760 805.6
1223770 805.6
1223780 808.7
1223790 811.6
1223800 811.6
1223810 814.9
1223820 817.7
1223830 817.7
1223840 819.5
1223850 820.3
1223860 820.3
1223870 821.7
1223880 824.4
1223890 824.4
1223900 828.5
1223910 830.8
1223920 830.8
1223930 832.5
1223940 835.9
1223950 839.2
1223960 839.2
1223970 840.6
1223980 840.7
1223990 840.7
1224000 840.3
1224010 841.7
1224020 841.7
1224030 841.4
1224040 844.7
1224050 844.7
1224060 847.5
1224070 849.0
1224080 849.0
1224090 849.2
1224100 848.7
1224110 848.7
1224120 848.5
1224130 848.4
1224140 848.4
1224150 850.6
1224160 853.6
1224170 853.6
1224180 856.2
1224190 858.9
1224200 861.1
1224210 861.1
1224220 862.6
1224230 868.6
1224240 868.6
1224250 871.6
1224260 874.5
1224270 874.5
1224280 876.9
1224290 877.6
1224300 877.6
1224310 877.5
1224320 878.8
1224330 878.8
1224340 883.6
1224350 888.9
1224360 888.9
1224370 892.4
1224380 894.2
1224390 894.2
1224400 894.0
1224410 893.7
1224420 893.7
1224430 892.9
1224440 891.8
1224450 891.8
1224460 892.4
1224470 892.5
1224480 892.9
1224490 892.9
1224500 894.1
1224510 895.0
1224520 895.0
1224530 896.9
1224540 899.3
1224550 899.3
1224560 901.6
1224570 903.8
1224580 903.8
1224590 905.0
1224600 903.8
1224610 903.8
1224620 898.9
1224630 893.8
1224640 893.8
1224650 893.2
1224660 899.9
1224670 899.9
1224680 904.5
1224690 907.7
1224700 907.7
1224710 911.4
1224720 920.6
1224730 919.1
1224740 919.1
1224750 914.0
1224760 912.1
1224770 912.1
1224780 913.7
1224790 915.2
1224800 915.2
1224810 914.5
1224820 912.3
1224830 912.3
1224840 908.4
1224850 909.9
1224860 909.9
1224870 915.0
1224880 919.2
1224890 919.2
1224900 918.6
1224910 914.1
1224920 914.1
1224930 909.6
1224940 905.7
1224950 905.7
1224960 908.1
1224970 910.9
1224980 910.9
1224990 909.6
1225000 907.1
1225010 908.9
1225020 908.9
1225030 913.5
1225040 917.8
1225050 917.8
1225060 920.1
1225070 917.0
1225080 917.0
1225090 909.6
1225100 901.9
1225110 901.9
1225120 894.9
1225130 885.5
1225140 885.5
1225150 879.0
1225160 871.4
1225170 871.4
1225180 863.1
1225190 855.0
1225200 855.0
1225210 858.8
1225220 866.8
1225230 866.8
1225240 878.4
1225250 888.6
1225260 888.6
1225270 898.2
1225280 908.4
1225290 917.7
1225300 917.7
1225310 923.1
1225320 918.1
1225330 918.1
1225340 909.6
1225350 901.1
1225360 901.1
1225370 893.0
1225380 885.1
1225390 885.1
1225400 878.1
1225410 872.0
1225420 872.0
1225430 865.8
1225440 859.4
1225450 859.4
1225460 853.2
1225470 847.6
1225480 847.6
1225490 846.2
1225500 846.6
1225510 846.6
1225520 845.7
1225530 843.3
1225540 843.2
1225550 843.2
1225560 844.0
1225570 844.0
1225580 844.0
1225590 844.1
1225600 844.5
1225610 844.5
1225620 845.6
1225630 847.0
1225640 847.0
1225650 850.8
1225660 856.3
1225670 856.3
1225680 862.2
1225690 868.6
1225700 869.9
1225710 876.9
1225720 884.8
1225730 884.8
1225740 892.6
1225750 900.1
1225760 900.1
1225770 907.4
1225780 914.2
1225790 914.2
1225800 920.9
1225810 927.8
1225820 934.9
1225830 934.9
1225840 942.5
1225850 950.3
1225860 950.3
1225870 958.3
1225880 966.0
1225890 966.0
1225900 971.7
1225910 972.1
1225920 972.1
1225930 970.2
1225940 968.6
1225950 968.6
1225960 970.2
1225970 968.9
1225980 968.9
1225990 962.3
1226000 952.8
1226010 952.8
1226020 944.1
1226030 936.8
1226040 936.8
1226050 932.2
1226060 932.6
1226070 933.3
1226080 933.3
1226090 931.7
1226100 933.0
1226110 933.0
1226120 935.1
1226130 936.1
1226140 936.1
1226150 934.4
1226160 933.8
1226170 933.8
1226180 934.0
1226190 937.2
1226200 937.2
1226210 935.9
1226220 934.8
1226230 934.8
1226240 934.3
1226250 935.3
1226260 935.3
1226270 935.6
1226280 935.1
1226290 935.1
1226300 936.2
1226310 937.4
1226320 937.4
1226330 938.6
1226340 940.6
1226350 943.2
1226360 943.2
1226370 946.1
1226380 947.7
1226390 947.7
1226400 948.9
1226410 949.3
1226420 949.3
1226430 949.7
1226440 950.5
1226450 950.5
1226460 951.4
1226470 952.9
1226480 952.9
1226490 955.5
1226500 957.8
1226510 957.8
1226520 958.9
1226530 962.0
1226540 962.0
1226550 966.5
1226560 967.0
1226570 967.0
1226580 962.9
1226590 957.3
1226600 952.4
1226610 952.4
1226620 948.9
1226630 946.1
1226640 946.1
1226650 945.7
1226660 947.3
1226670 947.3
1226680 950.5
1226690 951.2
1226700 951.2
1226710 951.9
1226720 953.0
1226730 953.0
1226740 954.0
1226750 953.8
1226760 953.8
1226770 954.8
1226780 955.5
1226790 955.5
1226800 955.3
1226810 955.1
1226820 955.1
1226830 957.1
1226840 958.2
1226850 958.2
1226860 958.9
1226870 959.4
1226880 959.4
1226890 959.4
1226900 959.0
1226910 958.5
1226920 958.5
1226930 958.2
1226940 960.0
1226950 960.0
1226960 964.9
1226970 968.3
1226980 968.3
1226990 966.2
1227000 963.0
1227010 963.0
1227020 961.9
1227030 966.9
1227040 966.9
1227050 973.5
1227060 976.9
1227070 976.9
1227080 979.6
1227090 983.3
1227100 983.3
1227110 987.6
1227120 992.0
1227130 997.1
1227140 997.1
1227150 1002.6
1227160 1006.6
1227170 1006.6
1227180 1014.6
1227190 1018.7
1227200 1018.7
1227210 1023.4
1227220 1028.8
1227230 1028.8
1227240 1034.0
1227250 1036.3
1227260 1036.3
1227270 1038.5
1227280 1043.3
1227290 1043.3
1227300 1048.3
1227310 1048.4
1227320 1048.4
1227330 1045.3
1227340 1044.3
1227350 1044.3
1227360 1043.4
1227370 1044.3
1227380 1044.3
1227390 1048.1
1227400 1052.6
1227410 1058.2
1227420 1058.2
1227430 1064.0
1227440 1068.6
1227450 1068.6
1227460 1071.8
1227470 1075.9
1227480 1075.9
1227490 1081.6
1227500 1085.8
1227510 1085.8
1227520 1090.2
1227530 1095.5
1227540 1095.5
1227550 1101.5
1227560 1101.4
1227570 1101.4
1227580 1098.4
1227590 1097.5
1227600 1097.5
1227610 1095.7
1227620 1094.2
1227630 1094.2
1227640 1096.3
1227650 1100.8
1227660 1106.1
1227670 1109.5
1227680 1108.7
1227690 1106.4
1227700 1106.4
1227710 1105.3
1227720 1104.8
1227730 1104.8
1227740 1104.7
1227750 1105.8
1227760 1105.8
1227770 1105.7
1227780 1105.2
1227790 1105.2
1227800 1108.6
1227810 1113.9
1227820 1113.9
1227830 1120.0
1227840 1125.9
1227850 1125.9
1227860 1128.9
1227870 1126.4
1227880 1126.4
1227890 1119.5
1227900 1112.7
1227910 1112.7
1227920 1106.2
1227930 1101.0
1227940 1095.8
1227950 1095.8
1227960 1090.0
1227970 1083.3
1227980 1083.3
1227990 1076.3
1228000 1070.5
1228010 1070.5
1228020 1063.6
1228030 1056.0
1228040 1056.0
1228050 1048.2
1228060 1039.9
1228070 1039.9
1228080 1031.6
1228090 1018.6
1228100 1018.6
1228110 1005.4
1228120 995.6
1228130 995.6
1228140 988.6
1228150 982.8
1228160 982.8
1228170 985.7
1228180 981.5
1228190 976.8
1228200 976.8
1228210 972.2
1228220 965.7
1228230 965.7
1228240 958.9
1228250 952.0
1228260 952.0
1228270 944.2
1228280 939.2
1228290 939.2
1228300 936.5
1228310 932.5
1228320 932.5
1228330 926.2
1228340 920.7
1228350 920.7
1228360 917.4
1228370 914.1
1228380 914.1
1228390 910.7
1228400 912.0
1228410 912.0
1228420 916.4
1228430 923.4
1228440 923.4
1228450 930.2
1228460 936.8
1228470 945.3
1228480 945.3
1228490 951.8
1228500 956.3
1228510 956.3
1228520 959.8
1228530 963.9
1228540 963.9
1228550 968.8
1228560 974.3
1228570 974.3
1228580 980.3
1228590 987.1
1228600 987.1
1228610 994.2
1228620 1000.6
1228630 1000.6
1228640 1006.7
1228650 1013.3
1228660 1013.3
1228670 1021.7
1228680 1029.6
1228690 1029.6
1228700 1037.9
1228710 1047.2
1228720 1047.2
1228730 1054.9
1228740 1061.4
1228750 1070.2
1228760 1070.2
1228770 1078.8
1228780 1086.3
1228790 1086.3
1228800 1093.2
1228810 1100.4
1228820 1100.4
1228830 1110.8
1228840 1121.6
1228850 1121.6
1228860 1131.2
1228870 1141.3
1228880 1141.3
1228890 1150.7
1228900 1157.1
1228910 1157.1
1228920 1161.7
1228930 1168.0
1228940 1168.0
1228950 1173.6
1228960 1178.6
1228970 1178.6
1228980 1181.7
1228990 1184.6
1229000 1187.5
1229010 1187.5
1229020 1191.4
1229030 1197.8
1229040 1197.8
1229050 1204.3
1229060 1209.8
1229070 1209.8
1229080 1215.7
1229090 1222.0
1229100 1222.0
1229110 1228.0
1229120 1233.5
1229130 1233.5
1229140 1237.7
1229150 1241.7
1229160 1241.7
1229170 1244.4
1229180 1247.7
1229190 1247.7
1229200 1250.2
1229210 1252.6
1229220 1252.6
1229230 1256.0
1229240 1261.3
1229250 1261.3
1229260 1267.1
1229270 1271.8
1229280 1275.4
1229290 1275.4
1229300 1278.1
1229310 1281.3
1229320 1281.3
1229330 1284.6
1229340 1287.8
1229350 1287.8
1229360 1291.0
1229370 1294.5
1229380 1294.5
1229390 1298.0
1229400 1301.3
1229410 1301.3
1229420 1304.9
1229430 1308.8
1229440 1308.8
1229450 1312.6
1229460 1316.3
1229470 1316.3
1229480 1320.5
1229490 1325.3
1229500 1325.3
1229510 1329.9
1229520 1334.3
1229530 1338.6
1229540 1338.6
1229550 1342.5
1229560 1346.4
1229570 1346.4
1229580 1350.4
1229590 1354.8
1229600 1354.8
1229610 1359.3
1229620 1363.5
1229630 1363.5
1229640 1366.7
1229650 1369.0
1229660 1369.0
1229670 1373.7
1229680 1376.9
1229690 1376.9
1229700 1380.2
1229710 1383.6
1229720 1383.6
1229730 1386.9
1229740 1389.7
1229750 1389.7
1229760 1392.2
1229770 1394.8
1229780 1394.8
1229790 1397.8
1229800 1400.9
1229810 1404.1
1229820 1404.1
1229830 1407.5
1229840 1411.1
1229850 1411.1
1229860 1414.9
1229870 1418.5
1229880 1418.5
1229890 1421.5
1229900 1424.7
1229910 1424.7
1229920 1427.5
1229930 1430.2
1229940 1430.2
1229950 1432.9
1229960 1435.6
1229970 1435.6
1229980 1438.3
1229990 1441.0
1230000 1441.0
1230010 1443.8
1230020 1446.8
1230030 1446.8
1230040 1450.0
1230050 1453.4
1230060 1457.4
1230070 1457.4
1230080 1460.7
1230090 1463.5
1230100 1463.5
1230110 1466.4
1230120 1469.2
1230130 1469.2
1230140 1471.3
1230150 1473.6
1230160 1473.6
1230170 1475.9
1230180 1477.9
1230190 1477.9
1230200 1479.4
1230210 1480.7
1230220 1480.7
1230230 1482.1
1230240 1483.3
1230250 1483.3
1230260 1484.4
1230270 1485.7
1230280 1485.7
1230290 1487.4
1230300 1489.2
1230310 1489.2
1230320 1491.6
1230330 1494.0
1230340 1496.6
1230350 1496.6
1230360 1498.6
1230370 1500.4
1230380 1500.4
1230390 1502.4
1230400 1504.3
1230410 1504.3
1230420 1506.1
1230430 1507.7
1230440 1507.7
1230450 1509.3
1230460 1511.0
1230470 1511.0
1230480 1512.2
1230490 1513.3
1230500 1513.3
1230510 1514.7
1230520 1516.0
1230530 1516.0
1230540 1517.7
1230550 1519.9
1230560 1519.9
1230570 1522.7
1230580 1526.7
1230590 1530.0
1230600 1530.0
1230610 1532.6
1230620 1535.7
1230630 1535.7
1230640 1538.5
1230650 1541.2
1230660 1541.2
1230670 1543.8
1230680 1546.6
1230690 1546.6
1230700 1549.3
1230710 1551.9
1230720 1551.9
1230730 1554.6
1230740 1557.6
1230750 1557.6
1230760 1559.5
1230770 1561.0
1230780 1561.0
1230790 1561.8
1230800 1562.2
1230810 1562.2
1230820 1562.0
1230830 1561.5
1230840 1561.5
1230850 1560.9
1230860 1560.4
1230870 1560.0
1230880 1560.0
1230890 1559.5
1230900 1558.4
1230910 1558.4
1230920 1556.9
1230930 1555.0
1230940 1555.0
1230950 1552.3
1230960 1549.5
1230970 1549.5
1230980 1547.2
1230990 1544.9
1231000 1544.9
1231010 1541.8
1231020 1538.2
1231030 1538.2
1231040 1534.4
1231050 1530.7
1231060 1530.7
1231070 1527.3
1231080 1523.2
1231090 1523.2
1231100 1518.2
1231110 1513.5
1231120 1509.6
1231130 1509.6
1231140 1506.0
1231150 1502.1
1231160 1502.1
1231170 1500.4
1231180 1500.0
1231190 1500.0
1231200 1497.7
1231210 1493.5
1231220 1493.5
1231230 1490.3
1231240 1486.5
1231250 1486.5
1231260 1481.6
1231270 1478.6
1231280 1478.6
1231290 1476.3
1231300 1474.2
1231310 1474.2
1231320 1471.3
1231330 1466.7
1231340 1466.7
1231350 1462.3
1231360 1458.7
1231370 1458.7
1231380 1454.8
1231390 1450.0
1231400 1444.8
1231410 1444.8
1231420 1439.9
1231430 1435.3
1231440 1435.3
1231450 1430.4
1231460 1424.6
1231470 1424.6
1231480 1418.1
1231490 1410.9
1231500 1410.9
1231510 1405.0
1231520 1397.7
1231530 1397.7
1231540 1389.5
1231550 1381.3
1231560 1381.3
1231570 1373.4
1231580 1370.6
1231590 1370.6
1231600 1372.6
1231610 1379.9
1231620 1379.9
1231630 1387.0
1231640 1394.2
1231650 1402.5
1231660 1402.5
1231670 1414.0
1231680 1415.9
1231690 1415.9
1231700 1410.7
1231710 1403.3
1231720 1403.3
1231730 1395.1
1231740 1388.7
1231750 1388.7
1231760 1384.7
1231770 1381.7
1231780 1381.7
1231790 1379.1
1231800 1375.7
1231810 1375.7
1231820 1376.5
1231830 1376.9
1231840 1376.9
1231850 1380.9
1231860 1387.9
1231870 1387.9
1231880 1396.2
1231890 1404.1
1231900 1404.1
1231910 1412.2
1231920 1421.2
1231930 1432.1
1231940 1432.1
1231950 1441.4
1231960 1448.6
1231970 1448.6
1231980 1454.9
1231990 1460.5
1232000 1460.5
1232010 1465.6
1232020 1470.6
1232030 1470.6
1232040 1475.5
1232050 1480.5
1232060 1480.5
1232070 1487.5
1232080 1494.7
1232090 1494.7
1232100 1496.8
1232110 1498.4
1232120 1498.4
1232130 1501.7
1232140 1503.0
1232150 1503.0
1232160 1504.5
1232170 1507.2
1232180 1512.0
1232190 1512.0
1232200 1510.5
1232210 1508.1
1232220 1508.1
1232230 1507.8
1232240 1505.5
1232250 1505.5
1232260 1502.2
1232270 1501.9
1232280 1501.9
1232290 1503.7
1232300 1507.9
1232310 1507.9
1232320 1512.1
1232330 1515.2
1232340 1515.2
1232350 1517.8
1232360 1520.8
1232370 1520.8
1232380 1523.8
1232390 1526.5
1232400 1526.5
1232410 1529.0
1232420 1531.6
1232430 1531.6
1232440 1533.6
1232450 1535.3
1232460 1536.9
1232470 1536.9
1232480 1535.7
1232490 1535.3
1232500 1535.3
1232510 1537.5
1232520 1541.0
1232530 1541.0
1232540 1540.3
1232550 1541.5
1232560 1541.5
1232570 1544.2
1232580 1547.4
1232590 1547.4
1232600 1553.3
1232610 1559.5
1232620 1559.5
1232630 1565.4
1232640 1571.7
1232650 1571.7
1232660 1578.2
1232670 1584.4
1232680 1587.0
1232690 1593.4
1232700 1598.5
1232710 1598.5
1232720 1603.3
1232730 1606.8
1232740 1610.1
1232750 1610.1
1232760 1613.5
1232770 1616.7
1232780 1616.7
1232790 1619.2
1232800 1622.2
1232810 1622.2
1232820 1625.4
1232830 1628.3
1232840 1628.3
1232850 1630.5
1232860 1633.1
1232870 1633.1
1232880 1636.4
1232890 1640.1
1232900 1640.1
1232910 1644.4
1232920 1648.5
1232930 1648.5
1232940 1652.8
1232950 1656.7
1232960 1656.7
1232970 1660.2
1232980 1663.5
1232990 1666.4
1233000 1666.4
1233010 1669.5
1233020 1672.7
1233030 1672.7
1233040 1675.7
1233050 1678.6
1233060 1678.6
1233070 1682.1
1233080 1685.8
1233090 1685.8
1233100 1688.9
1233110 1691.3
1233120 1691.3
1233130 1693.2
1233140 1693.9
1233150 1693.9
1233160 1692.0
1233170 1689.9
1233180 1689.9
1233190 1694.0
1233200 1692.6
1233210 1692.6
1233220 1691.5
1233230 1689.6
1233240 1689.6
1233250 1687.9
1233260 1687.3
1233270 1687.9
1233280 1687.9
1233290 1688.9
1233300 1689.1
1233310 1689.1
1233320 1688.6
1233330 1688.8
1233340 1688.8
1233350 1689.2
1233360 1688.2
1233370 1688.2
1233380 1686.4
1233390 1683.6
1233400 1683.6
1233410 1680.0
1233420 1676.3
1233430 1676.3
1233440 1672.4
1233450 1668.6
1233460 1668.6
1233470 1664.2
1233480 1659.4
1233490 1659.4
1233500 1654.4
1233510 1648.6
1233520 1642.6
1233530 1642.6
1233540 1636.1
1233550 1629.7
1233560 1629.7
1233570 1623.5
1233580 1618.5
1233590 1618.5
1233600 1614.1
1233610 1609.2
1233620 1609.2
1233630 1604.7
1233640 1600.5
1233650 1600.5
1233660 1596.5
1233670 1592.4
1233680 1592.4
1233690 1591.6
1233700 1588.4
1233710 1588.4
1233720 1586.5
1233730 1585.3
1233740 1585.3
1233750 1583.1
1233760 1579.9
1233770 1579.9
1233780 1576.4
1233790 1572.6
1233800 1567.7
1233810 1567.7
1233820 1561.6
1233830 1554.3
1233840 1554.3
1233850 1547.2
1233860 1540.2
1233870 1540.2
1233880 1532.5
1233890 1527.2
1233900 1527.2
1233910 1530.3
1233920 1528.8
1233930 1528.8
1233940 1522.0
1233950 1515.6
1233960 1515.6
1233970 1509.8
1233980 1505.5
1233990 1505.5
1234000 1506.9
1234010 1514.7
1234020 1514.7
1234030 1524.4
1234040 1533.8
1234050 1541.0
1234060 1541.0
1234070 1542.4
1234080 1541.3
1234090 1541.3
1234100 1538.7
1234110 1534.5
1234120 1534.5
1234130 1528.9
1234140 1522.9
1234150 1522.9
1234160 1516.1
1234170 1508.1
1234180 1508.1
1234190 1501.5
1234200 1502.3
1234210 1502.3
1234220 1495.7
1234230 1490.7
1234240 1490.7
1234250 1492.9
1234260 1500.7
1234270 1500.7
1234280 1508.0
1234290 1514.2
1234300 1514.2
1234310 1515.1
1234320 1510.8
1234330 1506.8
1234340 1506.8
1234350 1508.4
1234360 1514.3
1234370 1514.3
1234380 1521.1
1234390 1526.6
1234400 1526.6
1234410 1530.7
1234420 1532.1
1234430 1532.1
1234440 1531.5
1234450 1531.2
1234460 1531.2
1234470 1530.7
1234480 1531.1
1234490 1531.1
1234500 1529.4
1234510 1534.9
1234520 1534.9
1234530 1540.4
1234540 1544.2
1234550 1544.2
1234560 1547.4
1234570 1550.9
1234580 1554.6
1234590 1554.6
1234600 1555.9
1234610 1557.3
1234620 1557.3
1234630 1563.3
1234640 1570.4
1234650 1570.4
1234660 1576.6
1234670 1581.4
1234680 1581.4
1234690 1584.3
1234700 1587.4
1234710 1591.6
1234720 1594.1
1234730 1597.4
1234740 1597.4
1234750 1600.2
1234760 1603.2
1234770 1603.2
1234780 1606.7
1234790 1609.8
1234800 1609.8
1234810 1612.5
1234820 1614.7
1234830 1614.7
1234840 1617.0
1234850 1620.0
1234860 1623.3
1234870 1623.3
1234880 1626.6
1234890 1629.6
1234900 1629.6
1234910 1631.8
1234920 1633.5
1234930 1633.5
1234940 1634.6
1234950 1635.4
1234960 1635.4
1234970 1636.1
1234980 1635.9
1234990 1635.9
1235000 1634.8
1235010 1633.3
1235020 1633.3
1235030 1632.4
1235040 1631.4
1235050 1631.4
1235060 1629.8
1235070 1627.9
1235080 1627.9
1235090 1625.9
1235100 1623.8
1235110 1621.5
1235120 1621.5
1235130 1618.7
1235140 1615.4
1235150 1615.4
1235160 1611.9
1235170 1608.3
1235180 1608.3
1235190 1604.5
1235200 1600.9
1235210 1600.9
1235220 1600.3
1235230 1595.7
1235240 1595.7
1235250 1590.8
1235260 1586.0
1235270 1586.0
1235280 1582.0
1235290 1578.7
1235300 1578.7
1235310 1575.4
1235320 1572.0
1235330 1572.0
1235340 1567.8
1235350 1562.7
1235360 1562.7
1235370 1557.7
1235380 1553.0
1235390 1548.7
1235400 1548.7
1235410 1544.1
1235420 1539.2
1235430 1539.2
1235440 1534.1
1235450 1528.8
1235460 1528.8
1235470 1523.2
1235480 1516.8
1235490 1516.8
1235500 1509.9
1235510 1503.2
1235520 1503.2
1235530 1496.9
1235540 1490.8
1235550 1490.8
1235560 1484.7
1235570 1479.0
1235580 1479.0
1235590 1473.8
1235600 1468.7
1235610 1468.7
1235620 1463.3
1235630 1459.0
1235640 1454.5
1235650 1454.5
1235660 1449.9
1235670 1444.4
1235680 1444.4
1235690 1438.5
1235700 1433.0
1235710 1433.0
1235720 1428.5
1235730 1420.7
1235740 1420.7
1235750 1416.9
1235760 1412.7
1235770 1412.7
1235780 1408.5
1235790 1403.9
1235800 1403.9
1235810 1399.9
1235820 1396.3
1235830 1396.3
1235840 1392.4
1235850 1387.7
1235860 1387.7
1235870 1382.5
1235880 1377.9
1235890 1377.9
1235900 1373.4
1235910 1368.1
1235920 1362.3
1235930 1362.3
1235940 1357.6
1235950 1353.5
1235960 1353.5
1235970 1347.8
1235980 1342.3
1235990 1342.3
1236000 1336.3
1236010 1330.0
1236020 1330.0
1236030 1324.4
1236040 1318.4
1236050 1318.4
1236060 1311.7
1236070 1304.8
1236080 1304.8
1236090 1299.5
1236100 1293.6
1236110 1293.6
1236120 1287.9
1236130 1281.8
1236140 1281.8
1236150 1275.3
1236160 1270.3
1236170 1264.8
1236180 1264.8
1236190 1257.9
1236200 1250.9
1236210 1250.9
1236220 1244.9
1236230 1239.4
1236240 1239.4
1236250 1231.5
1236260 1225.5
1236270 1225.5
1236280 1215.1
1236290 1206.4
1236300 1206.4
1236310 1197.9
1236320 1190.4
1236330 1190.4
1236340 1180.7
1236350 1170.0
1236360 1170.0
1236370 1160.2
1236380 1150.4
1236390 1150.4
1236400 1143.7
1236410 1137.3
1236420 1137.3
1236430 1127.5
1236440 1122.1
1236450 1118.8
1236460 1118.8
1236470 1112.0
1236480 1099.5
1236490 1099.5
1236500 1090.9
1236510 1084.1
1236520 1084.1
1236530 1079.8
1236540 1075.7
1236550 1075.7
1236560 1071.8
1236570 1068.6
1236580 1068.6
1236590 1066.6
1236600 1064.5
1236610 1064.5
1236620 1061.4
1236630 1055.9
1236640 1055.9
1236650 1049.1
1236660 1038.6
1236670 1038.6
1236680 1022.5
1236690 1010.7
1236700 1000.7
1236710 1000.7
1236720 993.9
1236730 993.7
1236740 993.7
1236750 996.4
1236760 1003.3
1236770 1003.3
1236780 1007.3
1236790 1011.7
1236800 1011.7
1236810 1016.2
1236820 1017.9
1236830 1017.9
1236840 1019.0
1236850 1022.3
1236860 1022.3
1236870 1026.3
1236880 1030.3
1236890 1030.3
1236900 1032.8
1236910 1038.6
1236920 1038.6
1236930 1040.5
1236940 1043.2
1236950 1043.2
1236960 1044.5
1236970 1045.7
1236980 1051.3
1236990 1051.3
1237000 1058.4
1237010 1063.8
1237020 1063.8
1237030 1072.9
1237040 1084.3
1237050 1084.3
1237060 1094.7
1237070 1104.8
1237080 1104.8
1237090 1116.0
1237100 1125.4
1237110 1125.4
1237120 1132.4
1237130 1139.2
1237140 1139.2
1237150 1148.4
1237160 1156.0
1237170 1156.0
1237180 1162.1
1237190 1167.4
1237200 1167.4
1237210 1171.7
1237220 1175.7
1237230 1179.6
1237240 1179.6
1237250 1183.3
1237260 1185.7
1237270 1189.4
1237280 1191.8
1237290 1195.1
1237300 1195.1
1237310 1198.6
1237320 1202.0
1237330 1202.0
1237340 1204.3
1237350 1206.9
1237360 1206.9
1237370 1208.8
1237380 1211.5
1237390 1211.5
1237400 1213.8
1237410 1215.3
1237420 1215.3
1237430 1216.5
1237440 1217.6
1237450 1217.6
1237460 1218.5
1237470 1219.8
1237480 1219.8
1237490 1221.8
1237500 1223.4
1237510 1224.7
1237520 1224.7
1237530 1226.2
1237540 1228.6
1237550 1228.6
1237560 1230.5
1237570 1231.7
1237580 1231.7
1237590 1232.8
1237600 1233.5
1237610 1233.5
1237620 1233.3
1237630 1233.4
1237640 1233.4
1237650 1233.2
1237660 1233.0
1237670 1233.0
1237680 1233.3
1237690 1234.2
1237700 1234.2
1237710 1234.2
1237720 1233.3
1237730 1233.3
1237740 1232.3
1237750 1230.5
1237760 1230.5
1237770 1228.7
1237780 1226.7
1237790 1230.0
1237800 1230.0
1237810 1227.6
1237820 1225.5
1237830 1225.5
1237840 1224.6
1237850 1224.5
1237860 1224.5
1237870 1224.6
1237880 1223.9
1237890 1223.9
1237900 1222.5
1237910 1220.6
1237920 1220.6
1237930 1218.9
1237940 1216.7
1237950 1216.7
1237960 1214.9
1237970 1212.9
1237980 1212.9
1237990 1210.3
1238000 1206.9
1238010 1206.9
1238020 1203.3
1238030 1199.5
1238040 1196.0
1238050 1196.0
1238060 1192.7
1238070 1189.8
1238080 1189.8
1238090 1187.2
1238100 1185.0
1238110 1185.0
1238120 1182.7
1238130 1181.0
1238140 1181.0
1238150 1178.2
1238160 1175.6
1238170 1175.6
1238180 1173.3
1238190 1170.2
1238200 1170.2
1238210 1167.2
1238220 1164.2
1238230 1164.2
1238240 1161.7
1238250 1159.6
1238260 1159.6
1238270 1156.3
1238280 1153.2
1238290 1153.2
1238300 1149.7
1238310 1149.1
1238320 1145.8
1238330 1145.8
1238340 1142.1
1238350 1138.3
1238360 1138.3
1238370 1134.3
1238380 1130.2
1238390 1130.2
1238400 1126.8
1238410 1123.9
1238420 1123.9
1238430 1121.1
1238440 1118.7
1238450 1118.7
1238460 1115.6
1238470 1112.5
1238480 1112.5
1238490 1109.1
1238500 1104.8
1238510 1104.8
1238520 1100.2
1238530 1096.2
1238540 1096.2
1238550 1092.6
1238560 1088.6
1238570 1084.5
1238580 1084.5
1238590 1081.0
1238600 1077.3
1238610 1077.3
1238620 1072.6
1238630 1067.9
1238640 1067.9
1238650 1063.9
1238660 1061.2
1238670 1061.2
1238680 1058.1
1238690 1053.9
1238700 1053.9
1238710 1049.7
1238720 1045.0
1238730 1045.0
1238740 1040.7
1238750 1036.3
1238760 1036.3
1238770 1030.8
1238780 1028.3
1238790 1028.3
1238800 1027.3
1238810 1024.1
1238820 1028.1
1238830 1023.9
1238840 1022.6
1238850 1020.8
1238860 1020.8
1238870 1018.9
1238880 1016.6
1238890 1016.6
1238900 1013.3
1238910 1006.8
1238920 1006.8
1238930 1007.3
1238940 1008.5
1238950 1008.5
1238960 1006.0
1238970 1003.6
1238980 1003.6
1238990 1001.1
1239000 999.1
1239010 999.1
1239020 996.8
1239030 994.0
1239040 994.0
1239050 992.5
1239060 990.5
1239070 990.5
1239080 985.8
1239090 981.9
1239100 983.0
1239110 983.0
1239120 982.7
1239130 981.3
1239140 981.3
1239150 979.9
1239160 976.5
1239170 976.5
1239180 974.1
1239190 971.6
1239200 971.6
1239210 967.8
1239220 965.4
1239230 965.4
1239240 964.1
1239250 962.4
1239260 962.4
1239270 959.9
1239280 955.3
1239290 955.3
1239300 951.3
1239310 948.2
1239320 948.2
1239330 945.7
1239340 947.3
1239350 947.3
1239360 954.5
1239370 953.1
1239380 950.9
1239390 950.9
1239400 948.9
1239410 946.7
1239420 946.7
1239430 943.4
1239440 940.8
1239450 940.8
1239460 938.7
1239470 936.9
1239480 936.9
1239490 936.9
1239500 935.5
1239510 935.5
1239520 933.2
1239530 930.7
1239540 930.7
1239550 928.7
1239560 926.4
1239570 926.4
1239580 924.1
1239590 921.9
1239600 921.9
1239610 918.8
1239620 916.5
1239630 915.9
1239640 915.9
1239650 916.1
1239660 915.2
1239670 915.2
1239680 913.8
1239690 912.4
1239700 912.4
1239710 911.4
1239720 909.8
1239730 909.8
1239740 908.6
1239750 904.6
1239760 904.6
1239770 901.3
1239780 900.9
1239790 900.9
1239800 899.0
1239810 895.1
1239820 895.1
1239830 892.5
1239840 890.4
1239850 890.4
1239860 892.3
1239870 890.0
1239880 890.0
1239890 887.4
1239900 886.4
1239910 885.7
1239920 885.7
1239930 888.2
1239940 890.1
1239950 890.1
1239960 890.1
1239970 889.4
1239980 889.4
1239990 888.0
