1220000 643.0
1220010 642.8
1220020 642.8
1220030 642.6
1220040 642.5
1220050 642.5
1220060 642.6
1220070 642.5
1220080 642.5
1220090 642.5
1220100 642.4
1220110 642.4
1220120 642.5
1220130 642.5
1220140 642.5
1220150 642.5
1220160 642.6
1220170 642.6
1220180 642.5
1220190 642.4
1220200 642.4
1220210 642.3
1220220 642.3
1220230 642.2
1220240 642.2
1220250 642.0
1220260 642.1
1220270 642.1
1220280 642.2
1220290 642.2
1220300 642.2
1220310 642.2
1220320 642.1
1220330 642.1
1220340 642.0
1220350 641.9
1220360 641.9
1220370 641.8
1220380 641.7
1220390 641.7
1220400 641.6
1220410 641.5
1220420 641.5
1220430 641.4
1220440 641.4
1220450 641.4
1220460 641.7
1220470 642.1
1220480 642.1
1220490 642.0
1220500 642.0
1220510 641.9
1220520 641.9
1220530 641.9
1220540 641.9
1220550 641.9
1220560 641.8
1220570 641.7
1220580 641.7
1220590 641.7
1220600 641.6
1220610 641.6
1220620 641.5
1220630 641.5
1220640 641.5
1220650 641.4
1220660 641.1
1220670 641.1
1220680 641.0
1220690 641.1
1220700 641.1
1220710 641.1
1220720 641.1
1220730 641.1
1220740 641.0
1220750 641.0
1220760 641.0
1220770 641.0
1220780 641.0
1220790 641.0
1220800 641.0
1220810 641.0
1220820 641.0
1220830 641.0
1220840 641.2
1220850 641.2
1220860 641.2
1220870 641.2
1220880 641.1
1220890 641.1
1220900 641.4
1220910 642.3
1220920 642.3
1220930 643.2
1220940 644.0
1220950 644.0
1220960 644.4
1220970 644.5
1220980 644.8
1220990 644.8
1221000 644.0
1221010 644.0
1221020 640.8
1221030 638.1
1221040 638.2
1221050 638.2
1221060 640.4
1221070 641.5
1221080 641.5
1221090 641.9
1221100 642.2
1221110 642.2
1221120 642.4
1221130 642.4
1221140 642.4
1221150 642.3
1221160 642.2
1221170 642.2
1221180 642.0
1221190 641.6
1221200 641.6
1221210 641.2
1221220 641.0
1221230 641.0
1221240 641.1
1221250 642.5
1221260 642.5
1221270 643.0
1221280 643.0
1221290 643.1
1221300 643.1
1221310 643.1
1221320 643.8
1221330 643.8
1221340 645.6
1221350 646.6
1221360 646.6
1221370 647.3
1221380 648.0
1221390 648.0
1221400 649.0
1221410 649.7
1221420 649.7
1221430 650.8
1221440 651.9
1221450 651.9
1221460 654.4
1221470 654.8
1221480 654.8
1221490 655.0
1221500 655.0
1221510 655.0
1221520 654.8
1221530 654.4
1221540 654.4
1221550 655.0
1221560 656.8
1221570 658.9
1221580 658.9
1221590 661.3
1221600 664.5
1221610 664.5
1221620 667.4
1221630 668.8
1221640 668.8
1221650 669.6
1221660 673.5
1221670 673.5
1221680 677.7
1221690 679.1
1221700 679.1
1221710 677.9
1221720 677.9
1221730 677.9
1221740 681.4
1221750 685.9
1221760 685.9
1221770 688.3
1221780 689.1
1221790 689.1
1221800 690.2
1221810 691.1
1221820 688.0
1221830 688.0
1221840 685.0
1221850 685.5
1221860 685.5
1221870 686.5
1221880 687.2
1221890 687.2
1221900 687.8
1221910 688.0
1221920 688.0
1221930 688.9
1221940 698.9
1221950 698.9
1221960 700.0
1221970 702.2
1221980 702.2
1221990 705.8
1222000 706.8
1222010 706.8
1222020 709.2
1222030 712.2
1222040 712.2
1222050 714.2
1222060 716.2
1222070 716.2
1222080 717.9
1222090 719.8
1222100 721.3
1222110 721.3
1222120 723.7
1222130 728.2
1222140 728.2
1222150 731.5
1222160 733.5
1222170 733.5
1222180 737.1
1222190 740.0
1222200 740.0
1222210 744.8
1222220 748.1
1222230 748.1
1222240 749.7
1222250 751.4
1222260 751.4
1222270 753.3
1222280 752.9
1222290 752.9
1222300 752.2
1222310 757.7
1222320 757.7
1222330 763.5
1222340 768.7
1222350 774.4
1222360 774.4
1222370 778.2
1222380 779.3
1222390 779.3
1222400 781.0
1222410 783.3
1222420 783.3
1222430 793.3
1222440 792.8
1222450 792.8
1222460 791.5
1222470 791.2
1222480 791.2
1222490 792.6
1222500 794.4
1222510 794.4
1222520 795.7
1222530 796.7
1222540 796.7
1222550 797.7
1222560 797.1
1222570 797.1
1222580 789.8
1222590 779.7
1222600 779.7
1222610 773.7
1222620 769.4
1222630 769.2
1222640 769.2
1222650 770.1
1222660 771.1
1222670 771.1
1222680 772.5
1222690 774.2
1222700 774.2
1222710 776.1
1222720 778.0
1222730 778.0
1222740 779.7
1222750 777.1
1222760 777.1
1222770 775.6
1222780 779.0
1222790 779.0
1222800 784.8
1222810 786.5
1222820 786.5
1222830 787.7
1222840 789.1
1222850 789.1
1222860 789.3
1222870 789.7
1222880 789.7
1222890 789.7
1222900 789.9
1222910 790.9
1222920 793.2
1222930 794.4
1222940 795.9
1222950 795.9
1222960 800.2
1222970 807.8
1222980 807.8
1222990 815.7
1223000 823.7
1223010 823.7
1223020 833.9
1223030 843.7
1223040 843.7
1223050 852.1
1223060 859.8
1223070 859.8
1223080 867.7
1223090 876.1
1223100 876.1
1223110 885.6
1223120 895.0
1223130 895.0
1223140 903.9
1223150 912.6
1223160 922.1
1223170 922.1
1223180 932.4
1223190 938.2
1223200 938.2
1223210 941.9
1223220 945.7
1223230 945.7
1223240 950.9
1223250 955.5
1223260 955.5
1223270 958.0
1223280 960.6
1223290 960.6
1223300 963.1
1223310 965.8
1223320 965.8
1223330 968.3
1223340 970.7
1223350 970.7
1223360 973.4
1223370 975.9
1223380 975.9
1223390 978.8
1223400 986.7
1223410 989.5
1223420 989.5
1223430 992.3
1223440 995.6
1223450 995.6
1223460 999.0
1223470 1001.5
1223480 1001.5
1223490 1004.8
1223500 1005.0
1223510 1005.0
1223520 1001.0
1223530 999.0
1223540 999.0
1223550 996.9
1223560 996.4
1223570 996.4
1223580 998.1
1223590 996.8
1223600 996.8
1223610 994.0
1223620 993.4
1223630 993.4
1223640 992.3
1223650 989.9
1223660 989.9
1223670 987.9
1223680 989.4
1223690 990.8
1223700 990.8
1223710 992.0
1223720 994.1
1223730 994.1
1223740 996.2
1223750 998.2
1223760 998.2
1223770 998.7
1223780 998.9
1223790 998.9
1223800 1000.1
1223810 1002.1
1223820 1002.1
1223830 1005.6
1223840 1009.8
1223850 1009.8
1223860 1012.1
1223870 1013.8
1223880 1013.8
1223890 1021.4
1223900 1020.7
1223910 1020.7
1223920 1017.8
1223930 1017.0
1223940 1017.0
1223950 1021.8
1223960 1023.9
1223970 1025.4
1223980 1025.4
1223990 1027.6
1224000 1029.9
1224010 1029.9
1224020 1031.5
1224030 1032.3
1224040 1032.3
1224050 1033.4
1224060 1034.8
1224070 1034.8
1224080 1036.8
1224090 1038.9
1224100 1038.9
1224110 1040.2
1224120 1041.1
1224130 1041.1
1224140 1042.3
1224150 1042.7
1224160 1042.7
1224170 1042.2
1224180 1042.0
1224190 1042.0
1224200 1042.0
1224210 1042.0
1224220 1041.6
1224230 1041.6
1224240 1041.4
1224250 1042.1
1224260 1042.1
1224270 1043.7
1224280 1045.6
1224290 1045.6
1224300 1047.3
1224310 1048.6
1224320 1048.6
1224330 1050.5
1224340 1053.1
1224350 1053.1
1224360 1054.9
1224370 1053.5
1224380 1059.0
1224390 1059.1
1224400 1064.3
1224410 1064.3
1224420 1069.6
1224430 1073.8
1224440 1073.8
1224450 1076.1
1224460 1077.9
1224470 1077.9
1224480 1079.6
1224490 1081.6
1224500 1084.0
1224510 1084.0
1224520 1086.0
1224530 1087.9
1224540 1087.9
1224550 1090.2
1224560 1092.2
1224570 1092.2
1224580 1093.4
1224590 1093.5
1224600 1093.5
1224610 1096.3
1224620 1099.3
1224630 1099.3
1224640 1100.4
1224650 1100.7
1224660 1100.7
1224670 1100.3
1224680 1096.5
1224690 1096.5
1224700 1091.3
1224710 1087.9
1224720 1087.9
1224730 1087.3
1224740 1089.2
1224750 1090.5
1224760 1090.5
1224770 1092.7
1224780 1096.1
1224790 1096.1
1224800 1098.2
1224810 1100.0
1224820 1100.0
1224830 1099.1
1224840 1097.4
1224850 1097.4
1224860 1097.4
1224870 1103.6
1224880 1103.6
1224890 1104.4
1224900 1107.2
1224910 1107.2
1224920 1110.7
1224930 1112.8
1224940 1112.8
1224950 1112.2
1224960 1111.8
1224970 1111.8
1224980 1115.4
1224990 1120.1
1225000 1120.1
1225010 1122.5
1225020 1124.6
1225030 1128.1
1225040 1128.1
1225050 1129.7
1225060 1129.2
1225070 1129.2
1225080 1129.7
1225090 1129.2
1225100 1129.2
1225110 1126.9
1225120 1127.2
1225130 1127.2
1225140 1126.9
1225150 1123.2
1225160 1123.2
1225170 1118.3
1225180 1113.0
1225190 1113.0
1225200 1109.2
1225210 1108.9
1225220 1108.9
1225230 1109.4
1225240 1110.5
1225250 1110.5
1225260 1107.7
1225270 1102.0
1225280 1096.0
1225290 1096.0
1225300 1090.4
1225310 1085.4
1225320 1085.4
1225330 1082.3
1225340 1080.6
1225350 1080.6
1225360 1086.5
1225370 1085.6
1225380 1085.6
1225390 1083.8
1225400 1090.5
1225410 1090.5
1225420 1097.1
1225430 1101.4
1225440 1101.4
1225450 1104.5
1225460 1103.6
1225470 1103.6
1225480 1101.5
1225490 1099.6
1225500 1099.6
1225510 1097.2
1225520 1094.0
1225530 1094.0
1225540 1090.1
1225550 1087.9
1225560 1092.3
1225570 1092.3
1225580 1097.3
1225590 1098.2
1225600 1098.2
1225610 1098.7
1225620 1100.4
1225630 1100.4
1225640 1098.6
1225650 1094.8
1225660 1094.8
1225670 1087.2
1225680 1078.4
1225690 1078.4
1225700 1071.5
1225710 1064.8
1225720 1064.8
1225730 1066.5
1225740 1072.5
1225750 1072.5
1225760 1078.5
1225770 1084.7
1225780 1084.7
1225790 1088.3
1225800 1091.2
1225810 1093.5
1225820 1093.5
1225830 1094.7
1225840 1094.6
1225850 1102.5
1225860 1102.7
1225870 1105.5
1225880 1105.5
1225890 1107.9
1225900 1110.4
1225910 1110.4
1225920 1112.0
1225930 1115.3
1225940 1115.3
1225950 1120.3
1225960 1128.3
1225970 1128.3
1225980 1134.0
1225990 1137.4
1226000 1137.4
1226010 1142.0
1226020 1145.8
1226030 1145.8
1226040 1142.2
1226050 1136.6
1226060 1136.6
1226070 1132.7
1226080 1130.4
1226090 1129.8
1226100 1129.8
1226110 1129.7
1226120 1128.5
1226130 1128.5
1226140 1127.8
1226150 1127.7
1226160 1127.7
1226170 1124.8
1226180 1123.6
1226190 1123.6
1226200 1125.9
1226210 1127.4
1226220 1127.4
1226230 1126.4
1226240 1127.6
1226250 1127.6
1226260 1132.0
1226270 1132.4
1226280 1132.4
1226290 1132.3
1226300 1132.8
1226310 1132.8
1226320 1132.9
1226330 1133.9
1226340 1141.0
1226350 1141.0
1226360 1142.6
1226370 1143.6
1226380 1143.6
1226390 1143.5
1226400 1143.6
1226410 1143.6
1226420 1144.0
1226430 1144.8
1226440 1144.8
1226450 1148.6
1226460 1155.2
1226470 1155.2
1226480 1159.4
1226490 1156.9
1226500 1156.9
1226510 1155.5
1226520 1153.4
1226530 1153.4
1226540 1153.0
1226550 1154.3
1226560 1154.3
1226570 1151.7
1226580 1144.4
1226590 1144.4
1226600 1135.8
1226610 1127.0
1226620 1118.2
1226630 1118.2
1226640 1110.8
1226650 1105.7
1226660 1105.7
1226670 1104.7
1226680 1105.0
1226690 1105.0
1226700 1106.8
1226710 1108.5
1226720 1108.5
1226730 1110.1
1226740 1112.2
1226750 1112.2
1226760 1114.3
1226770 1114.9
1226780 1114.9
1226790 1112.8
1226800 1108.5
1226810 1108.5
1226820 1105.8
1226830 1104.3
1226840 1112.4
1226850 1108.5
1226860 1104.6
1226870 1104.1
1226880 1104.1
1226890 1100.9
1226900 1099.9
1226910 1099.9
1226920 1105.0
1226930 1107.9
1226940 1107.9
1226950 1105.3
1226960 1102.8
1226970 1102.8
1226980 1101.4
1226990 1100.0
1227000 1100.0
1227010 1104.3
1227020 1110.8
1227030 1110.8
1227040 1120.4
1227050 1130.0
1227060 1130.0
1227070 1139.4
1227080 1146.6
1227090 1146.6
1227100 1152.7
1227110 1159.7
1227120 1159.7
1227130 1167.0
1227140 1175.2
1227150 1182.9
1227160 1182.9
1227170 1185.4
1227180 1186.9
1227190 1186.9
1227200 1188.4
1227210 1192.4
1227220 1192.4
1227230 1199.7
1227240 1207.0
1227250 1207.0
1227260 1214.9
1227270 1223.3
1227280 1223.3
1227290 1231.7
1227300 1239.6
1227310 1239.6
1227320 1247.6
1227330 1257.5
1227340 1257.5
1227350 1265.5
1227360 1273.9
1227370 1273.9
1227380 1282.2
1227390 1288.2
1227400 1292.5
1227410 1292.5
1227420 1296.2
1227430 1299.0
1227440 1299.0
1227450 1303.3
1227460 1309.5
1227470 1309.5
1227480 1317.0
1227490 1325.1
1227500 1325.1
1227510 1334.6
1227520 1344.9
1227530 1344.9
1227540 1348.6
1227550 1348.4
1227560 1348.4
1227570 1348.7
1227580 1347.7
1227590 1347.7
1227600 1343.2
1227610 1336.3
1227620 1336.3
1227630 1328.6
1227640 1320.6
1227650 1320.6
1227660 1312.8
1227670 1304.8
1227680 1296.9
1227690 1296.9
1227700 1290.0
1227710 1282.5
1227720 1282.5
1227730 1272.6
1227740 1261.3
1227750 1261.3
1227760 1251.7
1227770 1243.4
1227780 1243.4
1227790 1235.1
1227800 1225.8
1227810 1225.8
1227820 1217.9
1227830 1219.6
1227840 1219.6
1227850 1210.6
1227860 1202.0
1227870 1202.0
1227880 1195.7
1227890 1189.1
1227900 1189.1
1227910 1180.5
1227920 1173.0
1227930 1172.5
1227940 1172.5
1227950 1175.2
1227960 1178.8
1227970 1178.8
1227980 1178.9
1227990 1176.6
1228000 1176.6
1228010 1175.1
1228020 1174.7
1228030 1174.7
1228040 1175.7
1228050 1177.7
1228060 1177.7
1228070 1181.0
1228080 1180.4
1228090 1180.4
1228100 1175.0
1228110 1168.7
1228120 1168.7
1228130 1162.0
1228140 1154.9
1228150 1154.9
1228160 1147.3
1228170 1139.6
1228180 1139.6
1228190 1132.0
1228200 1122.8
1228210 1112.6
1228220 1112.6
1228230 1101.2
1228240 1088.8
1228250 1088.8
1228260 1089.1
1228270 1089.5
1228280 1089.5
1228290 1087.4
1228300 1088.8
1228310 1088.8
1228320 1098.4
1228330 1093.1
1228340 1093.1
1228350 1089.6
1228360 1086.2
1228370 1086.2
1228380 1079.6
1228390 1066.3
1228400 1066.3
1228410 1054.9
1228420 1044.6
1228430 1044.6
1228440 1035.0
1228450 1026.4
1228460 1017.9
1228470 1017.9
1228480 1010.7
1228490 1010.3
1228500 1010.3
1228510 1015.6
1228520 1021.1
1228530 1021.1
1228540 1028.3
1228550 1036.0
1228560 1036.0
1228570 1043.7
1228580 1051.0
1228590 1051.0
1228600 1058.4
1228610 1065.9
1228620 1065.9
1228630 1072.8
1228640 1081.7
1228650 1081.7
1228660 1089.8
1228670 1097.6
1228680 1097.6
1228690 1108.7
1228700 1120.4
1228710 1120.4
1228720 1128.8
1228730 1137.5
1228740 1146.7
1228750 1146.7
1228760 1156.5
1228770 1164.9
1228780 1164.9
1228790 1172.5
1228800 1181.2
1228810 1181.2
1228820 1194.5
1228830 1204.0
1228840 1204.0
1228850 1213.7
1228860 1224.4
1228870 1224.4
1228880 1234.6
1228890 1242.6
1228900 1242.6
1228910 1246.4
1228920 1250.8
1228930 1250.8
1228940 1257.3
1228950 1263.5
1228960 1263.5
1228970 1269.0
1228980 1274.3
1228990 1280.9
1229000 1280.9
1229010 1287.9
1229020 1295.4
1229030 1295.4
1229040 1301.4
1229050 1306.4
1229060 1306.4
1229070 1311.5
1229080 1317.1
1229090 1317.1
1229100 1323.4
1229110 1329.7
1229120 1329.7
1229130 1334.7
1229140 1337.9
1229150 1337.9
1229160 1341.5
1229170 1346.2
1229180 1346.2
1229190 1351.0
1229200 1355.3
1229210 1355.3
1229220 1359.3
1229230 1363.0
1229240 1363.0
1229250 1367.9
1229260 1373.3
1229270 1379.2
1229280 1379.2
1229290 1385.2
1229300 1389.7
1229310 1389.7
1229320 1399.0
1229330 1403.2
1229340 1403.2
1229350 1406.7
1229360 1410.1
1229370 1410.1
1229380 1414.3
1229390 1417.7
1229400 1417.7
1229410 1420.5
1229420 1423.0
1229430 1423.0
1229440 1425.4
1229450 1428.0
1229460 1428.0
1229470 1431.2
1229480 1434.9
1229490 1434.9
1229500 1438.2
1229510 1441.2
1229520 1444.5
1229530 1444.5
1229540 1447.8
1229550 1450.1
1229560 1450.1
1229570 1451.3
1229580 1452.8
1229590 1452.8
1229600 1455.0
1229610 1457.9
1229620 1457.9
1229630 1460.2
1229640 1460.5
1229650 1460.5
1229660 1459.1
1229670 1463.4
1229680 1463.4
1229690 1468.9
1229700 1475.4
1229710 1475.4
1229720 1481.7
1229730 1486.9
1229740 1486.9
1229750 1491.3
1229760 1495.4
1229770 1495.4
1229780 1499.1
1229790 1503.3
1229800 1508.2
1229810 1508.2
1229820 1516.1
1229830 1520.0
1229840 1520.0
1229850 1523.3
1229860 1525.1
1229870 1525.1
1229880 1526.4
1229890 1528.4
1229900 1528.4
1229910 1533.0
1229920 1539.3
1229930 1539.3
1229940 1544.0
1229950 1545.9
1229960 1545.9
1229970 1547.0
1229980 1550.7
1229990 1550.7
1230000 1557.8
1230010 1565.3
1230020 1565.3
1230030 1571.1
1230040 1575.0
1230050 1578.4
1230060 1578.4
1230070 1581.2
1230080 1583.2
1230090 1583.2
1230100 1585.7
1230110 1589.3
1230120 1589.3
1230130 1593.6
1230140 1598.9
1230150 1598.9
1230160 1603.6
1230170 1607.6
1230180 1607.6
1230190 1611.9
1230200 1615.0
1230210 1615.0
1230220 1617.9
1230230 1621.2
1230240 1621.2
1230250 1624.4
1230260 1627.6
1230270 1627.6
1230280 1630.8
1230290 1633.7
1230300 1633.7
1230310 1637.1
1230320 1645.5
1230330 1649.0
1230340 1649.0
1230350 1653.4
1230360 1658.3
1230370 1658.3
1230380 1663.1
1230390 1666.2
1230400 1666.2
1230410 1669.4
1230420 1672.0
1230430 1672.0
1230440 1675.4
1230450 1678.6
1230460 1678.6
1230470 1681.3
1230480 1683.9
1230490 1683.9
1230500 1686.2
1230510 1689.4
1230520 1689.4
1230530 1693.2
1230540 1697.0
1230550 1697.0
1230560 1700.2
1230570 1702.8
1230580 1704.9
1230590 1704.9
1230600 1706.6
1230610 1708.2
1230620 1708.2
1230630 1709.1
1230640 1709.9
1230650 1709.9
1230660 1710.2
1230670 1710.6
1230680 1710.6
1230690 1711.0
1230700 1711.2
1230710 1711.2
1230720 1710.8
1230730 1711.1
1230740 1711.1
1230750 1711.9
1230760 1710.9
1230770 1710.9
1230780 1708.3
1230790 1706.2
1230800 1706.2
1230810 1703.2
1230820 1699.9
1230830 1699.9
1230840 1698.0
1230850 1696.0
1230860 1692.2
1230870 1692.2
1230880 1687.2
1230890 1683.3
1230900 1683.3
1230910 1679.6
1230920 1674.0
1230930 1674.0
1230940 1667.7
1230950 1661.2
1230960 1661.2
1230970 1655.3
1230980 1650.1
1230990 1650.1
1231000 1645.0
1231010 1639.0
1231020 1639.0
1231030 1632.5
1231040 1625.6
1231050 1625.6
1231060 1619.1
1231070 1612.1
1231080 1612.1
1231090 1604.1
1231100 1593.3
1231110 1579.4
1231120 1579.4
1231130 1569.1
1231140 1560.9
1231150 1560.9
1231160 1553.2
1231170 1546.1
1231180 1546.1
1231190 1540.3
1231200 1537.3
1231210 1537.3
1231220 1536.1
1231230 1535.3
1231240 1535.3
1231250 1534.6
1231260 1535.2
1231270 1535.2
1231280 1537.3
1231290 1539.7
1231300 1539.7
1231310 1542.4
1231320 1551.7
1231330 1551.7
1231340 1554.9
1231350 1558.6
1231360 1558.6
1231370 1562.6
1231380 1567.1
1231390 1570.4
1231400 1570.4
1231410 1570.2
1231420 1565.3
1231430 1565.3
1231440 1559.1
1231450 1551.8
1231460 1551.8
1231470 1544.3
1231480 1536.2
1231490 1536.2
1231500 1527.7
1231510 1519.8
1231520 1519.8
1231530 1513.5
1231540 1511.2
1231550 1511.2
1231560 1512.0
1231570 1515.0
1231580 1515.0
1231590 1521.2
1231600 1527.7
1231610 1527.7
1231620 1535.2
1231630 1541.0
1231640 1545.6
1231650 1545.6
1231660 1552.0
1231670 1554.9
1231680 1554.9
1231690 1557.4
1231700 1561.3
1231710 1561.3
1231720 1566.4
1231730 1572.4
1231740 1572.4
1231750 1578.7
1231760 1582.4
1231770 1582.4
1231780 1584.2
1231790 1587.8
1231800 1587.8
1231810 1592.1
1231820 1596.4
1231830 1601.4
1231840 1605.6
1231850 1609.2
1231860 1609.2
1231870 1612.3
1231880 1615.5
1231890 1615.5
1231900 1617.9
1231910 1619.9
1231920 1621.1
1231930 1621.1
1231940 1618.0
1231950 1614.8
1231960 1614.8
1231970 1615.3
1231980 1616.0
1231990 1616.0
1232000 1610.9
1232010 1606.4
1232020 1606.4
1232030 1608.0
1232040 1609.0
1232050 1609.0
1232060 1605.7
1232070 1603.4
1232080 1603.4
1232090 1600.8
1232100 1598.4
1232110 1598.4
1232120 1596.2
1232130 1594.0
1232140 1594.0
1232150 1595.1
1232160 1600.4
1232170 1607.7
1232180 1607.7
1232190 1615.7
1232200 1623.7
1232210 1623.7
1232220 1631.3
1232230 1638.3
1232240 1638.3
1232250 1644.7
1232260 1650.8
1232270 1650.8
1232280 1657.4
1232290 1665.0
1232300 1665.0
1232310 1673.4
1232320 1679.7
1232330 1680.4
1232340 1682.0
1232350 1682.9
1232360 1682.9
1232370 1683.5
1232380 1683.7
1232390 1683.7
1232400 1683.6
1232410 1684.0
1232420 1684.0
1232430 1682.7
1232440 1680.5
1232450 1679.7
1232460 1679.7
1232470 1682.9
1232480 1687.2
1232490 1687.2
1232500 1690.4
1232510 1692.4
1232520 1692.4
1232530 1694.1
1232540 1697.5
1232550 1697.5
1232560 1703.3
1232570 1710.0
1232580 1710.0
1232590 1716.1
1232600 1718.4
1232610 1718.4
1232620 1721.2
1232630 1725.4
1232640 1725.4
1232650 1730.0
1232660 1734.5
1232670 1734.5
1232680 1739.2
1232690 1744.8
1232700 1750.8
1232710 1750.8
1232720 1757.0
1232730 1763.8
1232740 1763.8
1232750 1770.5
1232760 1776.7
1232770 1776.7
1232780 1781.5
1232790 1784.0
1232800 1784.0
1232810 1785.9
1232820 1788.2
1232830 1788.2
1232840 1791.3
1232850 1796.1
1232860 1796.1
1232870 1801.5
1232880 1807.4
1232890 1807.4
1232900 1814.1
1232910 1821.3
1232920 1821.3
1232930 1826.6
1232940 1830.7
1232950 1830.7
1232960 1835.1
1232970 1839.6
1232980 1844.0
1232990 1844.0
1233000 1849.2
1233010 1854.7
1233020 1854.7
1233030 1858.9
1233040 1862.8
1233050 1862.8
1233060 1867.5
1233070 1872.4
1233080 1872.4
1233090 1877.3
1233100 1880.5
1233110 1880.5
1233120 1883.5
1233130 1886.1
1233140 1886.1
1233150 1888.2
1233160 1890.3
1233170 1890.3
1233180 1892.9
1233190 1895.2
1233200 1895.2
1233210 1897.9
1233220 1900.9
1233230 1902.8
1233240 1902.8
1233250 1904.0
1233260 1905.7
1233270 1905.7
1233280 1908.0
1233290 1908.9
1233300 1908.9
1233310 1908.2
1233320 1905.5
1233330 1905.5
1233340 1903.4
1233350 1895.9
1233360 1895.9
1233370 1889.7
1233380 1888.1
1233390 1888.1
1233400 1890.6
1233410 1892.2
1233420 1892.2
1233430 1891.4
1233440 1889.9
1233450 1889.9
1233460 1889.1
1233470 1888.7
1233480 1888.7
1233490 1886.8
1233500 1883.8
1233510 1882.3
1233520 1882.3
1233530 1880.7
1233540 1879.3
1233550 1879.3
1233560 1882.1
1233570 1887.7
1233580 1887.7
1233590 1890.3
1233600 1888.6
1233610 1888.6
1233620 1886.8
1233630 1886.0
1233640 1886.0
1233650 1883.6
1233660 1880.5
1233670 1880.5
1233680 1878.4
1233690 1878.5
1233700 1878.5
1233710 1877.9
1233720 1878.1
1233730 1878.1
1233740 1877.5
1233750 1877.1
1233760 1876.1
1233770 1876.1
1233780 1872.5
1233790 1868.1
1233800 1868.1
1233810 1865.3
1233820 1863.6
1233830 1863.6
1233840 1862.8
1233850 1868.8
1233860 1868.8
1233870 1870.0
1233880 1869.5
1233890 1869.5
1233900 1865.0
1233910 1857.0
1233920 1857.0
1233930 1847.4
1233940 1844.1
1233950 1844.1
1233960 1849.6
1233970 1851.3
1233980 1851.3
1233990 1854.5
1234000 1858.0
1234010 1858.0
1234020 1859.3
1234030 1861.9
1234040 1863.9
1234050 1863.9
1234060 1863.8
1234070 1859.8
1234080 1859.8
1234090 1855.8
1234100 1856.8
1234110 1856.8
1234120 1856.4
1234130 1859.4
1234140 1859.4
1234150 1862.4
1234160 1865.7
1234170 1865.7
1234180 1868.4
1234190 1867.5
1234200 1867.5
1234210 1869.0
1234220 1871.5
1234230 1871.5
1234240 1869.6
1234250 1865.1
1234260 1865.1
1234270 1858.4
1234280 1854.2
1234290 1852.2
1234300 1852.2
1234310 1853.4
1234320 1860.8
1234330 1860.8
1234340 1863.7
1234350 1863.9
1234360 1874.6
1234370 1870.8
1234380 1872.7
1234390 1872.7
1234400 1876.3
1234410 1878.1
1234420 1878.1
1234430 1877.3
1234440 1881.0
1234450 1881.0
1234460 1886.0
1234470 1889.2
1234480 1889.2
1234490 1891.0
1234500 1889.8
1234510 1889.8
1234520 1887.1
1234530 1883.2
1234540 1883.2
1234550 1878.8
1234560 1873.9
1234570 1869.4
1234580 1869.4
1234590 1865.1
1234600 1860.6
1234610 1860.6
1234620 1855.3
1234630 1850.0
1234640 1850.0
1234650 1844.5
1234660 1839.6
1234670 1839.6
1234680 1832.7
1234690 1825.6
1234700 1825.6
1234710 1819.4
1234720 1812.9
1234730 1812.9
1234740 1806.1
1234750 1798.9
1234760 1798.9
1234770 1791.8
1234780 1784.7
1234790 1784.7
1234800 1777.1
1234810 1769.5
1234820 1761.1
1234830 1761.1
1234840 1752.9
1234850 1746.0
1234860 1746.0
1234870 1743.0
1234880 1737.7
1234890 1737.7
1234900 1732.6
1234910 1727.6
1234920 1727.6
1234930 1723.3
1234940 1719.2
1234950 1719.2
1234960 1713.5
1234970 1706.8
1234980 1706.8
1234990 1701.1
1235000 1699.1
1235010 1699.1
1235020 1698.3
1235030 1694.1
1235040 1694.1
1235050 1690.3
1235060 1690.3
1235070 1687.9
1235080 1687.9
1235090 1680.3
1235100 1674.3
1235110 1674.3
1235120 1673.4
1235130 1677.2
1235140 1677.2
1235150 1680.2
1235160 1678.9
1235170 1678.9
1235180 1675.0
1235190 1669.9
1235200 1669.9
1235210 1664.6
1235220 1658.5
1235230 1658.5
1235240 1652.0
1235250 1645.1
1235260 1645.1
1235270 1638.2
1235280 1631.4
1235290 1631.4
1235300 1624.5
1235310 1617.4
1235320 1617.4
1235330 1612.0
1235340 1608.6
1235350 1606.9
1235360 1606.9
1235370 1604.8
1235380 1607.3
1235390 1607.3
1235400 1602.3
1235410 1598.2
1235420 1598.2
1235430 1594.7
1235440 1591.7
1235450 1591.7
1235460 1588.0
1235470 1582.8
1235480 1582.8
1235490 1576.7
1235500 1571.6
1235510 1571.6
1235520 1569.9
1235530 1566.9
1235540 1566.9
1235550 1563.0
1235560 1560.2
1235570 1560.2
1235580 1558.1
1235590 1556.2
1235600 1554.1
1235610 1554.1
1235620 1551.3
1235630 1548.4
1235640 1548.4
1235650 1545.3
1235660 1541.8
1235670 1541.8
1235680 1537.7
1235690 1533.8
1235700 1533.8
1235710 1529.6
1235720 1525.1
1235730 1525.1
1235740 1519.5
1235750 1512.4
1235760 1512.4
1235770 1505.0
1235780 1497.3
1235790 1497.3
1235800 1489.5
1235810 1482.1
1235820 1482.1
1235830 1474.9
1235840 1467.3
1235850 1467.3
1235860 1459.9
1235870 1452.7
1235880 1444.9
1235890 1446.6
1235900 1439.5
1235910 1431.9
1235920 1431.9
1235930 1424.0
1235940 1416.1
1235950 1416.1
1235960 1408.9
1235970 1401.5
1235980 1401.5
1235990 1394.6
1236000 1387.5
1236010 1387.5
1236020 1381.0
1236030 1374.7
1236040 1374.7
1236050 1368.3
1236060 1362.0
1236070 1362.0
1236080 1355.7
1236090 1349.2
1236100 1349.2
1236110 1342.2
1236120 1335.6
1236130 1328.6
1236140 1328.6
1236150 1321.9
1236160 1315.2
1236170 1315.2
1236180 1309.1
1236190 1302.4
1236200 1302.4
1236210 1295.1
1236220 1287.2
1236230 1287.2
1236240 1280.2
1236250 1270.2
1236260 1270.2
1236270 1259.9
1236280 1252.4
1236290 1252.4
1236300 1249.4
1236310 1248.9
1236320 1248.9
1236330 1247.0
1236340 1241.3
1236350 1241.3
1236360 1234.8
1236370 1227.8
1236380 1227.8
1236390 1220.4
1236400 1214.7
1236410 1206.5
1236420 1206.5
1236430 1197.5
1236440 1187.0
1236450 1187.0
1236460 1176.0
1236470 1164.8
1236480 1164.8
1236490 1155.2
1236500 1147.3
1236510 1147.3
1236520 1140.7
1236530 1133.3
1236540 1133.3
1236550 1126.0
1236560 1119.4
1236570 1119.4
1236580 1113.4
1236590 1107.0
1236600 1107.0
1236610 1101.6
1236620 1098.1
1236630 1098.1
1236640 1095.7
1236650 1091.6
1236660 1083.6
1236670 1083.6
1236680 1076.6
1236690 1074.2
1236700 1074.2
1236710 1070.8
1236720 1067.5
1236730 1067.5
1236740 1066.4
1236750 1067.1
1236760 1067.1
1236770 1071.6
1236780 1077.8
1236790 1077.8
1236800 1085.3
1236810 1091.6
1236820 1091.6
1236830 1099.1
1236840 1106.2
1236850 1106.2
1236860 1113.4
1236870 1121.7
1236880 1121.7
1236890 1130.1
1236900 1138.4
1236910 1138.4
1236920 1144.8
1236930 1152.2
1236940 1159.8
1236950 1159.8
1236960 1167.5
1236970 1177.1
1236980 1177.1
1236990 1186.9
1237000 1197.1
1237010 1197.1
1237020 1208.4
1237030 1219.4
1237040 1219.4
1237050 1229.9
1237060 1239.8
1237070 1239.8
1237080 1250.7
1237090 1261.0
1237100 1261.0
1237110 1269.4
1237120 1276.9
1237130 1276.9
1237140 1284.4
1237150 1291.6
1237160 1291.6
1237170 1298.4
1237180 1305.5
1237190 1312.1
1237200 1312.1
1237210 1318.7
1237220 1325.7
1237230 1325.7
1237240 1331.5
1237250 1338.5
1237260 1338.5
1237270 1346.0
1237280 1352.6
1237290 1352.6
1237300 1359.0
1237310 1365.0
1237320 1365.0
1237330 1370.6
1237340 1376.1
1237350 1376.1
1237360 1381.7
1237370 1387.2
1237380 1387.2
1237390 1392.0
1237400 1396.7
1237410 1396.7
1237420 1401.0
1237430 1408.8
1237440 1408.8
1237450 1414.3
1237460 1419.5
1237470 1424.4
1237480 1424.4
1237490 1429.5
1237500 1434.5
1237510 1434.5
1237520 1438.8
1237530 1442.9
1237540 1442.9
1237550 1446.4
1237560 1449.7
1237570 1449.7
1237580 1452.5
1237590 1455.0
1237600 1455.0
1237610 1457.7
1237620 1460.1
1237630 1460.1
1237640 1462.3
1237650 1464.0
1237660 1464.0
1237670 1465.9
1237680 1467.4
1237690 1467.4
1237700 1468.6
1237710 1468.7
1237720 1467.7
1237730 1467.7
1237740 1466.7
1237750 1465.8
1237760 1465.8
1237770 1465.6
1237780 1466.0
1237790 1466.0
1237800 1466.6
1237810 1467.7
1237820 1467.7
1237830 1469.0
1237840 1469.0
1237850 1469.0
1237860 1467.0
1237870 1463.8
1237880 1463.8
1237890 1460.1
1237900 1456.3
1237910 1456.3
1237920 1453.0
1237930 1449.8
1237940 1449.8
1237950 1449.2
1237960 1445.3
1237970 1445.3
1237980 1441.4
1237990 1437.9
1238000 1434.6
1238010 1434.6
1238020 1431.0
1238030 1426.5
1238040 1426.5
1238050 1422.2
1238060 1417.7
1238070 1417.7
1238080 1413.7
1238090 1409.9
1238100 1409.9
1238110 1406.1
1238120 1402.1
1238130 1402.1
1238140 1397.3
1238150 1391.6
1238160 1391.6
1238170 1386.1
1238180 1381.2
1238190 1381.2
1238200 1376.5
1238210 1370.4
1238220 1370.4
1238230 1364.5
1238240 1356.7
1238250 1350.3
1238260 1350.3
1238270 1346.4
1238280 1342.3
1238290 1342.3
1238300 1338.4
1238310 1333.5
1238320 1333.5
1238330 1326.9
1238340 1321.2
1238350 1321.2
1238360 1316.0
1238370 1310.7
1238380 1310.7
1238390 1304.9
1238400 1299.1
1238410 1299.1
1238420 1293.4
1238430 1289.0
1238440 1289.0
1238450 1284.0
1238460 1291.3
1238470 1291.3
1238480 1290.2
1238490 1288.5
1238500 1288.5
1238510 1286.5
1238520 1284.2
1238530 1280.5
1238540 1280.5
1238550 1277.9
1238560 1275.5
1238570 1275.5
1238580 1274.2
1238590 1271.9
1238600 1271.9
1238610 1268.4
1238620 1264.9
1238630 1264.9
1238640 1262.4
1238650 1260.4
1238660 1260.4
1238670 1256.8
1238680 1255.2
1238690 1255.2
1238700 1253.6
1238710 1250.5
1238720 1250.5
1238730 1247.9
1238740 1245.1
1238750 1245.1
1238760 1242.3
1238770 1239.4
1238780 1236.3
1238790 1236.3
1238800 1233.5
1238810 1230.4
1238820 1230.4
1238830 1228.5
1238840 1226.8
1238850 1226.8
1238860 1223.6
1238870 1220.8
1238880 1220.8
1238890 1218.3
1238900 1215.2
1238910 1215.2
1238920 1210.8
1238930 1201.4
1238940 1201.4
1238950 1192.6
1238960 1197.5
1238970 1197.5
1238980 1208.3
1238990 1208.5
1239000 1208.5
1239010 1204.1
1239020 1194.3
1239030 1194.3
1239040 1184.0
1239050 1191.0
1239060 1199.8
1239070 1199.8
1239080 1201.5
1239090 1201.9
1239100 1201.9
1239110 1201.0
1239120 1199.2
1239130 1199.2
1239140 1196.8
1239150 1194.9
1239160 1194.9
1239170 1192.9
1239180 1190.5
1239190 1190.5
1239200 1187.8
1239210 1185.3
1239220 1185.3
1239230 1183.1
1239240 1180.6
1239250 1180.6
1239260 1177.6
1239270 1174.3
1239280 1174.3
1239290 1171.8
1239300 1167.7
1239310 1162.8
1239320 1162.8
1239330 1157.8
1239340 1151.5
1239350 1151.5
1239360 1149.3
1239370 1148.9
1239380 1148.9
1239390 1147.2
1239400 1145.3
1239410 1145.3
1239420 1143.5
1239430 1139.1
1239440 1139.1
1239450 1133.4
1239460 1132.5
1239470 1132.5
1239480 1130.6
1239490 1125.6
1239500 1129.0
1239510 1124.3
1239520 1124.3
1239530 1124.3
1239540 1124.3
1239550 1123.3
1239560 1123.3
1239570 1121.1
1239580 1118.6
1239590 1115.4
1239600 1115.4
1239610 1111.4
1239620 1105.2
1239630 1105.2
1239640 1100.2
1239650 1098.2
1239660 1098.2
1239670 1100.3
1239680 1097.6
1239690 1097.6
1239700 1091.9
1239710 1086.6
1239720 1086.6
1239730 1082.9
1239740 1080.1
1239750 1080.1
1239760 1076.2
1239770 1072.2
1239780 1072.2
1239790 1069.8
1239800 1067.3
1239810 1067.3
1239820 1063.4
1239830 1058.4
1239840 1055.7
1239850 1055.7
1239860 1054.9
1239870 1051.5
1239880 1051.5
1239890 1047.5
1239900 1044.9
1239910 1044.9
1239920 1044.1
1239930 1042.2
1239940 1042.2
1239950 1039.4
1239960 1035.4
1239970 1035.4
1239980 1029.5
1239990 1025.4
