1220000 639.2
1220010 636.1
1220020 636.1
1220030 635.5
1220040 635.4
1220050 635.4
1220060 635.5
1220070 635.5
1220080 635.5
1220090 635.7
1220100 635.6
1220110 635.5
1220120 635.5
1220130 635.5
1220140 635.4
1220150 635.4
1220160 635.4
1220170 635.6
1220180 635.6
1220190 635.9
1220200 636.2
1220210 636.2
1220220 636.4
1220230 636.5
1220240 636.5
1220250 636.4
1220260 636.3
1220270 636.3
1220280 636.1
1220290 636.0
1220300 638.8
1220310 638.7
1220320 638.8
1220330 638.8
1220340 639.0
1220350 639.2
1220360 639.3
1220370 639.3
1220380 639.3
1220390 639.3
1220400 639.3
1220410 639.2
1220420 639.2
1220430 639.2
1220440 639.1
1220450 638.9
1220460 638.9
1220470 638.8
1220480 638.8
1220490 638.8
1220500 638.9
1220510 639.2
1220520 639.2
1220530 639.6
1220540 640.0
1220550 640.0
1220560 639.9
1220570 639.5
1220580 639.5
1220590 639.4
1220600 639.3
1220610 639.3
1220620 639.4
1220630 640.0
1220640 641.3
1220650 641.3
1220660 643.1
1220670 644.1
1220680 644.1
1220690 644.3
1220700 644.4
1220710 644.4
1220720 644.4
1220730 644.1
1220740 644.1
1220750 640.7
1220760 638.0
1220770 638.0
1220780 638.4
1220790 639.9
1220800 639.9
1220810 639.6
1220820 639.4
1220830 639.4
1220840 639.3
1220850 639.5
1220860 639.5
1220870 639.8
1220880 640.0
1220890 640.0
1220900 639.9
1220910 639.7
1220920 639.5
1220930 639.5
1220940 639.6
1220950 639.6
1220960 639.6
1220970 639.5
1220980 639.8
1220990 639.8
1221000 640.0
1221010 639.9
1221020 639.9
1221030 639.9
1221040 639.8
1221050 639.8
1221060 639.8
1221070 639.8
1221080 639.8
1221090 639.7
1221100 639.8
1221110 639.8
1221120 639.9
1221130 639.9
1221140 639.9
1221150 639.8
1221160 639.6
1221170 639.5
1221180 639.5
1221190 639.4
1221200 639.4
1221210 639.4
1221220 639.5
1221230 639.6
1221240 639.6
1221250 640.0
1221260 640.9
1221270 640.9
1221280 640.6
1221290 640.4
1221300 640.4
1221310 640.3
1221320 640.2
1221330 640.2
1221340 640.2
1221350 640.4
1221360 640.4
1221370 640.7
1221380 640.8
1221390 640.8
1221400 640.6
1221410 640.3
1221420 640.3
1221430 640.0
1221440 639.8
1221450 639.8
1221460 639.8
1221470 639.7
1221480 639.6
1221490 639.6
1221500 639.5
1221510 639.5
1221520 639.5
1221530 639.5
1221540 639.7
1221550 639.7
1221560 639.5
1221570 639.5
1221580 639.5
1221590 639.5
1221600 639.4
1221610 639.4
1221620 639.3
1221630 639.2
1221640 639.2
1221650 639.1
1221660 639.0
1221670 639.0
1221680 638.9
1221690 639.0
1221700 639.1
1221710 639.1
1221720 639.1
1221730 639.1
1221740 639.1
1221750 639.2
1221760 639.2
1221770 639.2
1221780 639.1
1221790 639.1
1221800 639.1
1221810 639.1
1221820 639.3
1221830 639.3
1221840 639.2
1221850 639.1
1221860 639.1
1221870 639.0
1221880 639.0
1221890 639.0
1221900 639.0
1221910 638.9
1221920 638.9
1221930 638.9
1221940 638.9
1221950 638.9
1221960 639.0
1221970 639.0
1221980 639.0
1221990 639.0
1222000 638.9
1222010 638.9
1222020 638.9
1222030 639.0
1222040 638.8
1222050 638.8
1222060 638.4
1222070 638.1
1222080 638.1
1222090 638.0
1222100 638.0
1222110 638.0
1222120 638.0
1222130 638.1
1222140 638.1
1222150 638.0
1222160 638.0
1222170 638.0
1222180 638.0
1222190 637.9
1222200 637.9
1222210 637.9
1222220 637.8
1222230 638.0
1222240 637.9
1222250 637.7
1222260 637.6
1222270 637.6
1222280 637.7
1222290 637.7
1222300 637.7
1222310 637.6
1222320 637.5
1222330 637.5
1222340 637.4
1222350 637.4
1222360 637.4
1222370 637.4
1222380 637.8
1222390 637.8
1222400 639.4
1222410 641.0
1222420 641.0
1222430 641.4
1222440 641.6
1222450 641.6
1222460 641.8
1222470 642.2
1222480 642.2
1222490 642.6
1222500 643.1
1222510 643.6
1222520 643.6
1222530 643.6
1222540 643.4
1222550 643.4
1222560 643.3
1222570 643.2
1222580 643.2
1222590 643.0
1222600 642.6
1222610 642.6
1222620 642.0
1222630 639.6
1222640 639.6
1222650 639.0
1222660 639.0
1222670 639.0
1222680 638.9
1222690 638.8
1222700 638.8
1222710 638.6
1222720 638.5
1222730 638.5
1222740 638.5
1222750 638.5
1222760 638.5
1222770 638.5
1222780 638.5
1222790 638.9
1222800 638.9
1222810 640.1
1222820 642.1
1222830 642.1
1222840 643.6
1222850 642.9
1222860 642.9
1222870 644.3
1222880 645.4
1222890 645.4
1222900 645.7
1222910 645.9
1222920 645.9
1222930 646.0
1222940 646.2
1222950 646.2
1222960 646.7
1222970 647.0
1222980 647.0
1222990 647.2
1223000 647.6
1223010 647.6
1223020 647.0
1223030 646.4
1223040 645.3
1223050 645.3
1223060 644.2
1223070 642.9
1223080 642.9
1223090 641.5
1223100 640.5
1223110 640.5
1223120 639.3
1223130 638.3
1223140 638.3
1223150 637.4
1223160 637.1
1223170 637.1
1223180 637.0
1223190 636.9
1223200 637.5
1223210 637.5
1223220 637.7
1223230 637.7
1223240 637.9
1223250 638.4
1223260 638.4
1223270 638.9
1223280 639.1
1223290 639.1
1223300 639.1
1223310 638.8
1223320 638.2
1223330 638.2
1223340 637.5
1223350 637.0
1223360 637.0
1223370 636.6
1223380 636.4
1223390 636.4
1223400 636.3
1223410 636.4
1223420 636.4
1223430 636.4
1223440 636.6
1223450 636.6
1223460 636.8
1223470 637.0
1223480 637.0
1223490 636.9
1223500 636.9
1223510 636.9
1223520 637.1
1223530 637.2
1223540 637.2
1223550 636.9
1223560 636.9
1223570 636.9
1223580 637.3
1223590 636.8
1223600 636.1
1223610 636.1
1223620 635.7
1223630 635.7
1223640 635.7
1223650 635.8
1223660 635.8
1223670 635.8
1223680 635.7
1223690 635.7
1223700 635.7
1223710 635.7
1223720 635.7
1223730 635.7
1223740 635.6
1223750 635.5
1223760 635.5
1223770 635.4
1223780 635.4
1223790 635.4
1223800 635.3
1223810 635.4
1223820 635.4
1223830 635.4
1223840 635.1
1223850 635.1
1223860 635.1
1223870 635.0
1223880 635.0
1223890 635.0
1223900 634.9
1223910 634.9
1223920 634.9
1223930 634.8
1223940 634.8
1223950 634.8
1223960 634.8
1223970 634.8
1223980 634.8
1223990 634.7
1224000 634.7
1224010 634.7
1224020 634.7
1224030 634.9
1224040 634.9
1224050 635.4
1224060 635.1
1224070 635.1
1224080 635.1
1224090 635.0
1224100 635.0
1224110 634.9
1224120 634.8
1224130 634.8
1224140 634.8
1224150 634.8
1224160 634.7
1224170 634.7
1224180 634.5
1224190 634.9
1224200 634.9
1224210 635.2
1224220 634.5
1224230 634.5
1224240 634.3
1224250 634.3
1224260 634.3
1224270 634.2
1224280 634.3
1224290 634.3
1224300 634.3
1224310 634.3
1224320 634.3
1224330 634.2
1224340 634.2
1224350 634.2
1224360 634.2
1224370 634.1
1224380 634.0
1224390 634.0
1224400 634.1
1224410 634.2
1224420 634.2
1224430 634.3
1224440 634.5
1224450 634.5
1224460 634.6
1224470 634.7
1224480 634.7
1224490 634.7
1224500 634.7
1224510 634.7
1224520 634.9
1224530 635.8
1224540 635.8
1224550 637.6
1224560 639.5
1224570 639.5
1224580 641.1
1224590 642.4
1224600 642.4
1224610 643.5
1224620 644.4
1224630 644.4
1224640 644.2
1224650 644.4
1224660 644.6
1224670 644.5
1224680 644.8
1224690 645.2
1224700 645.2
1224710 645.6
1224720 646.1
1224730 646.1
1224740 646.7
1224750 647.4
1224760 647.4
1224770 648.1
1224780 648.9
1224790 648.9
1224800 649.9
1224810 651.1
1224820 651.1
1224830 652.4
1224840 653.9
1224850 653.9
1224860 655.3
1224870 656.7
1224880 656.7
1224890 657.9
1224900 659.1
1224910 659.1
1224920 660.5
1224930 662.0
1224940 662.9
1224950 662.9
1224960 664.2
1224970 666.1
1224980 666.1
1224990 668.6
1225000 670.2
1225010 670.2
1225020 671.6
1225030 672.9
1225040 672.9
1225050 674.1
1225060 675.6
1225070 675.6
1225080 677.3
1225090 678.8
1225100 678.8
1225110 680.1
1225120 681.7
1225130 681.7
1225140 683.5
1225150 685.2
1225160 685.8
1225170 687.7
1225180 689.5
1225190 691.3
1225200 691.3
1225210 692.9
1225220 694.5
1225230 694.5
1225240 696.2
1225250 697.6
1225260 697.6
1225270 699.0
1225280 700.6
1225290 700.6
1225300 702.4
1225310 704.0
1225320 704.0
1225330 705.2
1225340 706.5
1225350 706.5
1225360 708.0
1225370 709.3
1225380 709.3
1225390 710.8
1225400 712.2
1225410 712.2
1225420 713.6
1225430 714.9
1225440 714.9
1225450 716.4
1225460 717.8
1225470 719.2
1225480 719.2
1225490 720.5
1225500 721.8
1225510 721.8
1225520 723.3
1225530 725.0
1225540 725.0
1225550 726.6
1225560 728.2
1225570 728.2
1225580 729.6
1225590 730.6
1225600 730.6
1225610 731.7
1225620 732.9
1225630 732.9
1225640 734.2
1225650 737.5
1225660 737.5
1225670 738.8
1225680 741.2
1225690 741.2
1225700 742.6
1225710 743.6
1225720 744.7
1225730 744.7
1225740 746.5
1225750 748.5
1225760 748.5
1225770 749.9
1225780 751.7
1225790 751.7
1225800 753.7
1225810 755.0
1225820 755.0
1225830 756.3
1225840 757.7
1225850 757.7
1225860 759.6
1225870 761.9
1225880 761.9
1225890 764.0
1225900 765.7
1225910 765.7
1225920 767.7
1225930 769.9
1225940 769.9
1225950 771.5
1225960 772.8
1225970 772.8
1225980 774.0
1225990 775.2
1226000 776.6
1226010 776.6
1226020 778.1
1226030 779.2
1226040 779.2
1226050 780.6
1226060 782.3
1226070 782.3
1226080 783.8
1226090 785.4
1226100 785.4
1226110 786.8
1226120 787.9
1226130 787.9
1226140 790.9
1226150 792.5
1226160 792.5
1226170 794.0
1226180 795.2
1226190 795.2
1226200 796.9
1226210 798.4
1226220 798.4
1226230 800.3
1226240 802.0
1226250 802.0
1226260 803.1
1226270 803.3
1226280 802.6
1226290 802.6
1226300 803.4
1226310 804.6
1226320 804.6
1226330 805.4
1226340 805.5
1226350 805.5
1226360 805.9
1226370 806.0
1226380 806.0
1226390 806.8
1226400 807.8
1226410 807.8
1226420 809.4
1226430 811.4
1226440 811.4
1226450 812.6
1226460 812.9
1226470 812.9
1226480 813.0
1226490 813.4
1226500 813.4
1226510 814.3
1226520 815.5
1226530 816.6
1226540 816.6
1226550 817.3
1226560 818.3
1226570 818.3
1226580 819.2
1226590 820.4
1226600 820.4
1226610 821.3
1226620 821.9
1226630 821.9
1226640 823.8
1226650 823.6
1226660 823.6
1226670 823.2
1226680 822.3
1226690 822.3
1226700 822.4
1226710 822.9
1226720 822.9
1226730 823.0
1226740 823.2
1226750 823.2
1226760 823.7
1226770 823.8
1226780 823.8
1226790 823.8
1226800 823.7
1226810 823.9
1226820 823.9
1226830 824.2
1226840 824.4
1226850 824.4
1226860 824.1
1226870 823.6
1226880 823.6
1226890 823.6
1226900 824.8
1226910 824.8
1226920 825.3
1226930 826.4
1226940 826.4
1226950 826.5
1226960 826.7
1226970 826.7
1226980 826.3
1226990 825.6
1227000 825.6
1227010 825.2
1227020 825.1
1227030 825.1
1227040 825.6
1227050 826.0
1227060 825.0
1227070 825.0
1227080 824.4
1227090 823.5
1227100 823.5
1227110 822.3
1227120 820.7
1227130 823.0
1227140 822.5
1227150 822.2
1227160 822.2
1227170 822.3
1227180 821.8
1227190 821.8
1227200 821.1
1227210 820.4
1227220 820.4
1227230 819.1
1227240 817.8
1227250 817.8
1227260 817.0
1227270 815.9
1227280 815.9
1227290 814.9
1227300 813.7
1227310 813.7
1227320 813.0
1227330 812.2
1227340 811.0
1227350 811.0
1227360 810.0
1227370 808.7
1227380 808.7
1227390 808.2
1227400 809.8
1227410 809.8
1227420 811.7
1227430 811.6
1227440 811.6
1227450 812.8
1227460 816.0
1227470 816.0
1227480 821.2
1227490 827.2
1227500 827.2
1227510 829.4
1227520 824.2
1227530 824.2
1227540 819.2
1227550 812.0
1227560 812.0
1227570 803.9
1227580 798.0
1227590 798.0
1227600 794.0
1227610 792.1
1227620 790.8
1227630 793.4
1227640 793.8
1227650 797.5
1227660 797.5
1227670 801.3
1227680 803.1
1227690 803.1
1227700 801.2
1227710 794.6
1227720 794.6
1227730 789.8
1227740 788.2
1227750 788.2
1227760 787.5
1227770 787.2
1227780 787.2
1227790 787.1
1227800 787.5
1227810 787.5
1227820 787.6
1227830 788.8
1227840 788.8
1227850 794.2
1227860 800.2
1227870 805.8
1227880 805.8
1227890 807.3
1227900 805.7
1227910 805.7
1227920 805.0
1227930 804.8
1227940 804.8
1227950 804.3
1227960 800.7
1227970 800.7
1227980 797.5
1227990 795.5
1228000 795.5
1228010 793.9
1228020 795.9
1228030 795.9
1228040 797.7
1228050 798.8
1228060 798.8
1228070 798.9
1228080 798.7
1228090 798.7
1228100 799.1
1228110 801.6
1228120 803.4
1228130 803.3
1228140 803.9
1228150 803.2
1228160 803.2
1228170 802.8
1228180 805.8
1228190 805.8
1228200 808.9
1228210 810.1
1228220 810.1
1228230 810.0
1228240 808.9
1228250 808.9
1228260 808.4
1228270 809.4
1228280 809.4
1228290 808.7
1228300 807.9
1228310 807.9
1228320 807.8
1228330 809.0
1228340 809.0
1228350 809.2
1228360 809.6
1228370 809.6
1228380 810.5
1228390 812.8
1228400 815.2
1228410 815.2
1228420 818.2
1228430 822.0
1228440 822.0
1228450 827.1
1228460 832.0
1228470 832.0
1228480 837.1
1228490 843.3
1228500 843.3
1228510 850.4
1228520 857.3
1228530 857.3
1228540 863.3
1228550 869.3
1228560 869.3
1228570 876.1
1228580 883.2
1228590 883.2
1228600 890.2
1228610 893.3
1228620 899.5
1228630 897.0
1228640 894.5
1228650 894.5
1228660 899.9
1228670 906.2
1228680 910.3
1228690 910.3
1228700 913.5
1228710 917.2
1228720 917.2
1228730 921.8
1228740 926.6
1228750 926.6
1228760 932.6
1228770 936.8
1228780 936.8
1228790 939.1
1228800 938.8
1228810 938.8
1228820 934.6
1228830 929.0
1228840 929.0
1228850 927.3
1228860 929.4
1228870 929.4
1228880 934.1
1228890 940.3
1228900 940.3
1228910 946.5
1228920 952.5
1228930 955.5
1228940 955.5
1228950 953.2
1228960 949.7
1228970 949.7
1228980 947.4
1228990 946.9
1229000 946.9
1229010 948.4
1229020 953.6
1229030 953.6
1229040 957.2
1229050 960.6
1229060 960.6
1229070 964.0
1229080 966.9
1229090 966.9
1229100 969.3
1229110 972.8
1229120 978.6
1229130 981.5
1229140 984.7
1229150 984.7
1229160 987.0
1229170 990.9
1229180 990.9
1229190 996.0
1229200 999.7
1229210 999.6
1229220 999.6
1229230 998.4
1229240 997.6
1229250 997.6
1229260 997.8
1229270 1000.1
1229280 1000.1
1229290 1003.8
1229300 1008.4
1229310 1008.4
1229320 1012.3
1229330 1016.5
1229340 1016.5
1229350 1021.1
1229360 1023.6
1229370 1023.6
1229380 1024.2
1229390 1024.9
1229400 1024.9
1229410 1026.7
1229420 1029.5
1229430 1029.5
1229440 1032.3
1229450 1034.6
1229460 1034.6
1229470 1037.6
1229480 1041.1
1229490 1045.4
1229500 1045.4
1229510 1047.8
1229520 1047.8
1229530 1047.8
1229540 1048.6
1229550 1051.0
1229560 1051.0
1229570 1055.1
1229580 1057.9
1229590 1057.9
1229600 1058.9
1229610 1058.2
1229620 1065.2
1229630 1064.6
1229640 1066.6
1229650 1066.6
1229660 1070.8
1229670 1074.1
1229680 1074.1
1229690 1075.9
1229700 1078.4
1229710 1078.4
1229720 1082.3
1229730 1084.5
1229740 1085.2
1229750 1085.2
1229760 1086.8
1229770 1088.1
1229780 1088.1
1229790 1089.5
1229800 1091.4
1229810 1091.4
1229820 1094.9
1229830 1098.1
1229840 1098.1
1229850 1100.4
1229860 1102.0
1229870 1102.0
1229880 1103.7
1229890 1103.9
1229900 1103.9
1229910 1102.4
1229920 1101.3
1229930 1101.3
1229940 1102.3
1229950 1104.3
1229960 1104.3
1229970 1105.7
1229980 1107.8
1229990 1107.8
1230000 1112.0
1230010 1116.9
1230020 1120.6
1230030 1120.6
1230040 1123.3
1230050 1126.0
1230060 1126.0
1230070 1129.6
1230080 1132.7
1230090 1132.7
1230100 1135.2
1230110 1136.9
1230120 1140.0
1230130 1141.2
1230140 1143.1
1230150 1143.1
1230160 1146.7
1230170 1152.4
1230180 1152.4
1230190 1158.4
1230200 1163.2
1230210 1163.2
1230220 1166.9
1230230 1170.2
1230240 1170.2
1230250 1173.2
1230260 1175.7
1230270 1177.7
1230280 1177.7
1230290 1179.7
1230300 1181.6
1230310 1181.6
1230320 1183.4
1230330 1183.4
1230340 1183.4
1230350 1182.2
1230360 1181.5
1230370 1181.5
1230380 1183.0
1230390 1186.7
1230400 1186.7
1230410 1191.1
1230420 1195.3
1230430 1195.3
1230440 1199.0
1230450 1203.3
1230460 1203.3
1230470 1208.9
1230480 1215.7
1230490 1215.7
1230500 1221.8
1230510 1225.4
1230520 1225.4
1230530 1229.7
1230540 1234.1
1230550 1237.9
1230560 1237.9
1230570 1241.3
1230580 1244.7
1230590 1244.7
1230600 1249.4
1230610 1255.9
1230620 1258.2
1230630 1264.4
1230640 1270.5
1230650 1270.5
1230660 1275.8
1230670 1281.1
1230680 1281.1
1230690 1288.0
1230700 1293.0
1230710 1293.0
1230720 1297.4
1230730 1301.0
1230740 1301.0
1230750 1304.1
1230760 1306.9
1230770 1306.9
1230780 1309.5
1230790 1312.1
1230800 1312.1
1230810 1314.0
1230820 1315.1
1230830 1317.8
1230840 1317.8
1230850 1321.6
1230860 1325.3
1230870 1325.3
1230880 1327.9
1230890 1329.7
1230900 1329.7
1230910 1331.0
1230920 1332.8
1230930 1332.8
1230940 1335.3
1230950 1337.8
1230960 1337.8
1230970 1339.9
1230980 1341.6
1230990 1341.6
1231000 1343.4
1231010 1345.6
1231020 1345.6
1231030 1346.8
1231040 1348.4
1231050 1348.4
1231060 1353.5
1231070 1356.8
1231080 1357.3
1231090 1357.3
1231100 1357.6
1231110 1358.6
1231120 1362.7
1231130 1364.0
1231140 1364.7
1231150 1364.7
1231160 1364.7
1231170 1364.3
1231180 1364.3
1231190 1363.6
1231200 1362.5
1231210 1362.5
1231220 1360.9
1231230 1359.2
1231240 1359.2
1231250 1357.8
1231260 1356.1
1231270 1356.1
1231280 1353.8
1231290 1352.1
1231300 1352.1
1231310 1350.1
1231320 1348.2
1231330 1348.2
1231340 1346.2
1231350 1344.1
1231360 1342.0
1231370 1342.0
1231380 1339.5
1231390 1336.8
1231400 1336.8
1231410 1334.3
1231420 1332.4
1231430 1332.4
1231440 1330.7
1231450 1328.1
1231460 1328.1
1231470 1325.5
1231480 1323.3
1231490 1323.3
1231500 1321.5
1231510 1319.2
1231520 1319.2
1231530 1316.7
1231540 1314.5
1231550 1314.5
1231560 1312.1
1231570 1309.3
1231580 1309.3
1231590 1306.9
1231600 1304.0
1231610 1301.2
1231620 1301.2
1231630 1301.4
1231640 1299.2
1231650 1299.2
1231660 1297.2
1231670 1294.8
1231680 1294.8
1231690 1293.1
1231700 1291.0
1231710 1291.0
1231720 1287.7
1231730 1282.8
1231740 1282.8
1231750 1276.1
1231760 1269.8
1231770 1269.8
1231780 1263.7
1231790 1258.2
1231800 1258.2
1231810 1252.5
1231820 1245.6
1231830 1245.6
1231840 1238.2
1231850 1230.3
1231860 1230.3
1231870 1222.4
1231880 1214.5
1231890 1204.6
1231900 1204.6
1231910 1193.7
1231920 1185.8
1231930 1185.8
1231940 1179.7
1231950 1173.1
1231960 1173.1
1231970 1172.5
1231980 1182.1
1231990 1182.1
1232000 1193.7
1232010 1203.7
1232020 1203.7
1232030 1212.8
1232040 1218.9
1232050 1218.9
1232060 1219.8
1232070 1219.7
1232080 1219.7
1232090 1220.2
1232100 1221.2
1232110 1221.2
1232120 1222.8
1232130 1231.1
1232140 1235.9
1232150 1235.9
1232160 1239.1
1232170 1242.6
1232180 1242.6
1232190 1248.6
1232200 1254.3
1232210 1254.3
1232220 1259.6
1232230 1264.7
1232240 1264.7
1232250 1268.0
1232260 1271.3
1232270 1271.3
1232280 1272.8
1232290 1276.4
1232300 1276.4
1232310 1277.7
1232320 1280.1
1232330 1280.1
1232340 1283.0
1232350 1282.8
1232360 1282.8
1232370 1286.0
1232380 1290.4
1232390 1290.4
1232400 1293.4
1232410 1297.1
1232420 1301.6
1232430 1301.6
1232440 1307.3
1232450 1313.2
1232460 1313.2
1232470 1317.4
1232480 1322.1
1232490 1322.1
1232500 1329.3
1232510 1335.0
1232520 1335.0
1232530 1340.4
1232540 1345.4
1232550 1345.4
1232560 1350.6
1232570 1355.1
1232580 1355.1
1232590 1360.0
1232600 1364.9
1232610 1364.9
1232620 1369.2
1232630 1379.5
1232640 1379.5
1232650 1384.0
1232660 1386.9
1232670 1386.9
1232680 1389.2
1232690 1391.4
1232700 1392.9
1232710 1392.9
1232720 1393.4
1232730 1394.7
1232740 1394.7
1232750 1396.3
1232760 1397.7
1232770 1397.7
1232780 1399.5
1232790 1401.1
1232800 1401.1
1232810 1401.5
1232820 1402.5
1232830 1402.5
1232840 1403.4
1232850 1405.5
1232860 1405.5
1232870 1407.9
1232880 1410.0
1232890 1410.0
1232900 1411.4
1232910 1412.7
1232920 1412.7
1232930 1414.5
1232940 1416.3
1232950 1417.2
1232960 1417.2
1232970 1416.9
1232980 1416.0
1232990 1416.0
1233000 1414.9
1233010 1413.6
1233020 1413.6
1233030 1412.1
1233040 1410.3
1233050 1410.3
1233060 1407.9
1233070 1405.4
1233080 1405.4
1233090 1404.1
1233100 1403.2
1233110 1403.2
1233120 1402.5
1233130 1402.3
1233140 1407.4
1233150 1406.7
1233160 1405.5
1233170 1405.5
1233180 1404.4
1233190 1402.8
1233200 1402.8
1233210 1400.2
1233220 1397.5
1233230 1395.8
1233240 1395.8
1233250 1394.8
1233260 1393.8
1233270 1393.8
1233280 1392.2
1233290 1388.8
1233300 1388.8
1233310 1385.1
1233320 1381.6
1233330 1381.6
1233340 1378.4
1233350 1375.5
1233360 1375.5
1233370 1371.8
1233380 1367.9
1233390 1367.9
1233400 1364.0
1233410 1360.3
1233420 1360.3
1233430 1356.0
1233440 1352.2
1233450 1352.2
1233460 1348.0
1233470 1344.0
1233480 1339.5
1233490 1339.5
1233500 1334.8
1233510 1330.1
1233520 1330.1
1233530 1324.1
1233540 1316.9
1233550 1316.9
1233560 1312.5
1233570 1312.6
1233580 1312.6
1233590 1309.7
1233600 1304.5
1233610 1304.5
1233620 1301.0
1233630 1298.1
1233640 1298.1
1233650 1299.7
1233660 1297.7
1233670 1297.7
1233680 1296.1
1233690 1294.3
1233700 1294.3
1233710 1292.5
1233720 1289.1
1233730 1289.1
1233740 1285.2
1233750 1283.6
1233760 1282.6
1233770 1282.6
1233780 1279.9
1233790 1276.0
1233800 1276.0
1233810 1272.3
1233820 1268.6
1233830 1268.6
1233840 1265.4
1233850 1262.0
1233860 1262.0
1233870 1255.7
1233880 1249.7
1233890 1249.7
1233900 1246.1
1233910 1244.6
1233920 1244.6
1233930 1242.2
1233940 1235.6
1233950 1235.6
1233960 1228.3
1233970 1220.8
1233980 1220.8
1233990 1214.3
1234000 1208.2
1234010 1202.1
1234020 1202.1
1234030 1196.4
1234040 1198.6
1234050 1198.6
1234060 1204.9
1234070 1206.1
1234080 1206.1
1234090 1205.2
1234100 1198.9
1234110 1198.9
1234120 1196.6
1234130 1200.3
1234140 1200.3
1234150 1206.3
1234160 1211.6
1234170 1211.6
1234180 1218.7
1234190 1224.6
1234200 1224.6
1234210 1230.8
1234220 1237.6
1234230 1237.6
1234240 1244.8
1234250 1251.7
1234260 1251.7
1234270 1258.6
1234280 1262.0
1234290 1258.8
1234300 1258.8
1234310 1254.1
1234320 1249.3
1234330 1249.3
1234340 1244.4
1234350 1238.9
1234360 1238.9
1234370 1235.4
1234380 1235.0
1234390 1235.0
1234400 1235.5
1234410 1236.6
1234420 1236.6
1234430 1237.9
1234440 1237.8
1234450 1237.8
1234460 1238.4
1234470 1241.1
1234480 1241.1
1234490 1245.0
1234500 1248.4
1234510 1248.4
1234520 1249.9
1234530 1253.4
1234540 1253.4
1234550 1258.8
1234560 1264.1
1234570 1267.2
1234580 1267.2
1234590 1270.8
1234600 1274.2
1234610 1274.2
1234620 1277.2
1234630 1279.5
1234640 1279.5
1234650 1282.1
1234660 1289.7
1234670 1289.7
1234680 1294.1
1234690 1298.5
1234700 1298.5
1234710 1302.1
1234720 1305.1
1234730 1305.1
1234740 1307.9
1234750 1310.2
1234760 1310.2
1234770 1311.7
1234780 1312.9
1234790 1312.9
1234800 1314.6
1234810 1316.0
1234820 1317.3
1234830 1317.3
1234840 1318.8
1234850 1320.5
1234860 1320.5
1234870 1322.1
1234880 1323.5
1234890 1323.5
1234900 1325.0
1234910 1326.8
1234920 1326.8
1234930 1328.3
1234940 1330.4
1234950 1330.4
1234960 1332.9
1234970 1334.8
1234980 1334.8
1234990 1336.4
1235000 1337.9
1235010 1337.9
1235020 1339.3
1235030 1340.4
1235040 1340.4
1235050 1341.6
1235060 1342.5
1235070 1342.5
1235080 1343.0
1235090 1343.0
1235100 1342.7
1235110 1342.7
1235120 1342.5
1235130 1342.6
1235140 1342.6
1235150 1343.2
1235160 1343.8
1235170 1348.6
1235180 1349.2
1235190 1349.6
1235200 1349.6
1235210 1349.9
1235220 1349.8
1235230 1349.8
1235240 1349.4
1235250 1348.5
1235260 1348.5
1235270 1347.6
1235280 1346.9
1235290 1346.9
1235300 1346.4
1235310 1345.4
1235320 1345.4
1235330 1344.7
1235340 1344.0
1235350 1343.4
1235360 1343.4
1235370 1342.6
1235380 1341.9
1235390 1341.9
1235400 1340.7
1235410 1339.5
1235420 1339.5
1235430 1338.1
1235440 1336.9
1235450 1336.9
1235460 1335.9
1235470 1334.5
1235480 1334.5
1235490 1332.6
1235500 1330.8
1235510 1330.8
1235520 1329.3
1235530 1327.7
1235540 1327.7
1235550 1326.2
1235560 1324.5
1235570 1324.5
1235580 1322.7
1235590 1320.9
1235600 1320.9
1235610 1319.2
1235620 1317.5
1235630 1315.7
1235640 1315.7
1235650 1313.5
1235660 1310.5
1235670 1310.5
1235680 1307.6
1235690 1307.5
1235700 1307.5
1235710 1304.7
1235720 1302.2
1235730 1302.2
1235740 1299.4
1235750 1296.3
1235760 1296.3
1235770 1293.0
1235780 1289.7
1235790 1289.7
1235800 1286.7
1235810 1283.3
1235820 1283.3
1235830 1279.5
1235840 1274.9
1235850 1274.9
1235860 1270.0
1235870 1265.6
1235880 1260.5
1235890 1260.5
1235900 1254.1
1235910 1248.5
1235920 1248.5
1235930 1243.6
1235940 1239.0
1235950 1239.0
1235960 1234.9
1235970 1230.4
1235980 1230.4
1235990 1226.2
1236000 1221.8
1236010 1221.8
1236020 1217.3
1236030 1211.9
1236040 1211.9
1236050 1205.3
1236060 1198.7
1236070 1198.7
1236080 1192.2
1236090 1186.0
1236100 1186.0
1236110 1180.2
1236120 1174.1
1236130 1174.1
1236140 1167.8
1236150 1161.5
1236160 1157.6
1236170 1157.6
1236180 1153.3
1236190 1148.5
1236200 1152.7
1236210 1147.4
1236220 1142.4
1236230 1142.4
1236240 1138.6
1236250 1134.5
1236260 1134.5
1236270 1129.9
1236280 1125.3
1236290 1125.3
1236300 1120.7
1236310 1115.0
1236320 1115.0
1236330 1109.5
1236340 1103.9
1236350 1103.9
1236360 1098.9
1236370 1094.0
1236380 1094.0
1236390 1089.0
1236400 1084.8
1236410 1084.8
1236420 1081.2
1236430 1077.3
1236440 1072.7
1236450 1072.7
1236460 1067.6
1236470 1062.6
1236480 1062.6
1236490 1058.3
1236500 1054.2
1236510 1054.2
1236520 1050.1
1236530 1046.3
1236540 1046.3
1236550 1042.6
1236560 1038.3
1236570 1038.3
1236580 1033.0
1236590 1028.1
1236600 1028.1
1236610 1022.9
1236620 1017.4
1236630 1017.4
1236640 1013.3
1236650 1007.9
1236660 1007.9
1236670 1001.2
1236680 992.0
1236690 982.7
1236700 982.7
1236710 972.3
1236720 963.8
1236730 963.8
1236740 955.1
1236750 946.5
1236760 946.5
1236770 938.4
1236780 929.0
1236790 929.0
1236800 919.7
1236810 909.6
1236820 909.6
1236830 901.2
1236840 893.4
1236850 893.4
1236860 888.8
1236870 896.0
1236880 896.0
1236890 911.7
1236900 925.8
1236910 925.8
1236920 933.2
1236930 940.7
1236940 940.7
1236950 950.1
1236960 958.6
1236970 966.8
1236980 966.8
1236990 974.7
1237000 982.7
1237010 982.7
1237020 987.2
1237030 992.0
1237040 992.0
1237050 995.0
1237060 997.3
1237070 997.3
1237080 1001.3
1237090 1004.0
1237100 1004.0
1237110 1005.4
1237120 1007.0
1237130 1007.0
1237140 1009.9
1237150 1012.8
1237160 1012.8
1237170 1015.6
1237180 1018.8
1237190 1018.8
1237200 1021.9
1237210 1024.4
1237220 1025.6
1237230 1028.5
1237240 1028.4
1237250 1028.6
1237260 1028.6
1237270 1028.4
1237280 1028.7
1237290 1028.7
1237300 1029.4
1237310 1030.1
1237320 1030.1
1237330 1030.6
1237340 1031.0
1237350 1031.0
1237360 1031.4
1237370 1031.9
1237380 1031.9
1237390 1032.5
1237400 1032.8
1237410 1032.8
1237420 1032.8
1237430 1032.4
1237440 1032.4
1237450 1031.8
1237460 1031.5
1237470 1031.5
1237480 1030.4
1237490 1029.3
1237500 1028.6
1237510 1028.6
1237520 1028.1
1237530 1027.8
1237540 1027.8
1237550 1027.2
1237560 1026.6
1237570 1026.6
1237580 1025.9
1237590 1024.7
1237600 1024.7
1237610 1022.9
1237620 1020.8
1237630 1020.8
1237640 1017.8
1237650 1014.7
1237660 1014.7
1237670 1012.3
1237680 1011.0
1237690 1011.0
1237700 1009.8
1237710 1008.4
1237720 1008.4
1237730 1006.6
1237740 1007.1
1237750 1005.0
1237760 1005.0
1237770 1003.0
1237780 1000.8
1237790 1000.8
1237800 998.7
1237810 996.2
1237820 996.2
1237830 993.0
1237840 990.4
1237850 990.4
1237860 988.1
1237870 985.3
1237880 985.3
1237890 982.5
1237900 980.1
1237910 980.1
1237920 977.8
1237930 976.2
1237940 976.2
1237950 974.5
1237960 973.3
1237970 973.3
1237980 972.3
1237990 970.3
1238000 970.3
1238010 967.9
1238020 965.6
1238030 963.0
1238040 963.0
1238050 960.4
1238060 958.4
1238070 958.4
1238080 956.2
1238090 954.5
1238100 954.5
1238110 952.1
1238120 949.4
1238130 949.4
1238140 946.7
1238150 943.7
1238160 943.7
1238170 940.8
1238180 938.7
1238190 938.7
1238200 936.2
1238210 933.5
1238220 933.5
1238230 930.7
1238240 927.2
1238250 927.2
1238260 926.1
1238270 923.8
1238280 923.8
1238290 920.6
1238300 916.3
1238310 913.6
1238320 913.6
1238330 912.2
1238340 910.2
1238350 910.2
1238360 907.5
1238370 904.1
1238380 904.1
1238390 901.9
1238400 899.0
1238410 899.0
1238420 895.3
1238430 894.0
1238440 894.0
1238450 893.9
1238460 891.5
1238470 891.5
1238480 889.2
1238490 886.6
1238500 886.6
1238510 884.9
1238520 882.8
1238530 882.8
1238540 881.2
1238550 879.9
1238560 878.5
1238570 878.5
1238580 876.8
1238590 875.0
1238600 875.0
1238610 873.7
1238620 872.8
1238630 872.8
1238640 871.5
1238650 870.3
1238660 870.3
1238670 868.7
1238680 867.0
1238690 867.0
1238700 865.6
1238710 863.8
1238720 863.8
1238730 862.1
1238740 860.4
1238750 860.4
1238760 859.0
1238770 857.8
1238780 858.2
1238790 856.8
1238800 855.5
1238810 855.5
1238820 854.3
1238830 853.0
1238840 851.6
1238850 851.6
1238860 849.9
1238870 847.9
1238880 847.9
1238890 846.9
1238900 845.9
1238910 845.9
1238920 844.4
1238930 843.1
1238940 843.1
1238950 842.1
1238960 841.0
1238970 841.0
1238980 839.8
1238990 838.3
1239000 838.3
1239010 836.6
1239020 834.7
1239030 834.7
1239040 833.0
1239050 831.4
1239060 831.4
1239070 830.0
1239080 828.5
1239090 826.7
1239100 826.7
1239110 825.0
1239120 822.9
1239130 822.9
1239140 821.5
1239150 820.4
1239160 820.4
1239170 819.5
1239180 817.8
1239190 817.8
1239200 812.8
1239210 809.6
1239220 809.6
1239230 810.6
1239240 812.8
1239250 812.8
1239260 812.5
1239270 812.2
1239280 812.2
1239290 814.5
1239300 814.3
1239310 814.3
1239320 813.9
1239330 813.3
1239340 813.3
1239350 812.7
1239360 812.0
1239370 810.8
1239380 810.8
1239390 808.5
1239400 807.2
1239410 807.2
1239420 806.0
1239430 805.2
1239440 805.2
1239450 804.8
1239460 804.4
1239470 804.4
1239480 804.4
1239490 804.2
1239500 804.2
1239510 803.5
1239520 802.9
1239530 802.9
1239540 802.5
1239550 802.0
1239560 802.0
1239570 801.2
1239580 800.9
1239590 800.9
1239600 800.9
1239610 800.8
1239620 800.0
1239630 800.0
1239640 798.1
1239650 796.0
1239660 796.0
1239670 793.5
1239680 792.0
1239690 792.0
1239700 791.0
1239710 790.4
1239720 790.4
1239730 789.7
1239740 788.9
1239750 788.9
1239760 788.2
1239770 787.5
1239780 787.5
1239790 787.2
1239800 787.1
1239810 788.4
1239820 786.9
1239830 781.1
1239840 781.1
1239850 774.7
1239860 775.9
1239870 775.9
1239880 781.9
1239890 783.0
1239900 782.5
1239910 782.5
1239920 782.0
1239930 781.5
1239940 781.5
1239950 781.0
1239960 780.7
1239970 780.7
1239980 780.7
1239990 780.7
