1220000 682.4
1220010 685.7
1220020 685.7
1220030 690.3
1220040 694.9
1220050 694.9
1220060 699.8
1220070 705.9
1220080 712.9
1220090 712.9
1220100 720.6
1220110 727.6
1220120 727.6
1220130 733.2
1220140 739.3
1220150 739.3
1220160 745.8
1220170 751.3
1220180 751.3
1220190 755.6
1220200 760.3
1220210 760.3
1220220 764.6
1220230 770.1
1220240 770.1
1220250 772.0
1220260 774.7
1220270 774.7
1220280 779.1
1220290 784.8
1220300 784.8
1220310 787.5
1220320 790.2
1220330 790.2
1220340 791.6
1220350 792.2
1220360 792.9
1220370 792.9
1220380 794.4
1220390 797.3
1220400 797.3
1220410 798.5
1220420 796.3
1220430 796.3
1220440 795.7
1220450 791.5
1220460 791.5
1220470 784.9
1220480 780.2
1220490 780.2
1220500 775.0
1220510 770.4
1220520 770.4
1220530 766.9
1220540 763.6
1220550 763.6
1220560 760.3
1220570 757.4
1220580 757.4
1220590 754.9
1220600 753.4
1220610 752.3
1220620 752.3
1220630 750.8
1220640 750.2
1220650 750.2
1220660 750.4
1220670 748.8
1220680 748.8
1220690 743.1
1220700 737.5
1220710 736.9
1220720 732.1
1220730 726.7
1220740 726.7
1220750 721.3
1220760 718.5
1220770 718.5
1220780 717.5
1220790 717.2
1220800 717.2
1220810 717.1
1220820 710.7
1220830 710.7
1220840 699.5
1220850 689.4
1220860 689.4
1220870 681.0
1220880 676.3
1220890 671.3
1220900 671.3
1220910 665.7
1220920 660.6
1220930 660.6
1220940 657.2
1220950 653.3
1220960 653.3
1220970 649.4
1220980 645.3
1220990 645.3
1221000 642.1
1221010 639.5
1221020 639.5
1221030 638.1
1221040 637.5
1221050 637.5
1221060 637.2
1221070 636.9
1221080 636.9
1221090 636.7
1221100 635.9
1221110 635.9
1221120 635.3
1221130 634.5
1221140 634.0
1221150 634.0
1221160 634.0
1221170 633.9
1221180 633.9
1221190 633.9
1221200 633.9
1221210 633.9
1221220 633.8
1221230 633.8
1221240 633.8
1221250 633.7
1221260 633.7
1221270 633.7
1221280 633.7
1221290 633.7
1221300 633.7
1221310 633.7
1221320 634.0
1221330 634.0
1221340 634.9
1221350 637.0
1221360 637.0
1221370 637.9
1221380 639.4
1221390 639.4
1221400 641.1
1221410 641.6
1221420 641.5
1221430 641.5
1221440 641.4
1221450 641.2
1221460 641.2
1221470 640.7
1221480 639.8
1221490 639.8
1221500 639.1
1221510 638.8
1221520 638.8
1221530 638.9
1221540 639.0
1221550 639.0
1221560 639.0
1221570 638.8
1221580 638.8
1221590 638.8
1221600 638.7
1221610 638.7
1221620 638.7
1221630 638.6
1221640 638.6
1221650 638.6
1221660 638.5
1221670 638.4
1221680 638.4
1221690 638.3
1221700 638.2
1221710 638.2
1221720 638.1
1221730 638.2
1221740 638.2
1221750 638.3
1221760 638.3
1221770 638.3
1221780 638.3
1221790 638.2
1221800 638.2
1221810 638.2
1221820 638.2
1221830 638.2
1221840 638.2
1221850 638.3
1221860 638.3
1221870 638.3
1221880 638.1
1221890 638.1
1221900 638.0
1221910 637.9
1221920 637.9
1221930 637.9
1221940 637.8
1221950 637.8
1221960 637.8
1221970 637.8
1221980 637.8
1221990 637.8
1222000 637.9
1222010 637.9
1222020 637.9
1222030 637.9
1222040 637.9
1222050 637.9
1222060 638.0
1222070 638.0
1222080 638.0
1222090 638.0
1222100 638.0
1222110 638.0
1222120 637.9
1222130 637.8
1222140 637.8
1222150 637.8
1222160 637.6
1222170 637.6
1222180 637.5
1222190 637.6
1222200 637.6
1222210 637.6
1222220 637.6
1222230 637.6
1222240 637.6
1222250 637.8
1222260 637.7
1222270 637.7
1222280 637.6
1222290 637.6
1222300 637.6
1222310 637.5
1222320 637.4
1222330 637.4
1222340 637.4
1222350 637.5
1222360 637.5
1222370 637.6
1222380 638.0
1222390 638.0
1222400 638.5
1222410 638.8
1222420 638.8
1222430 638.9
1222440 638.9
1222450 638.9
1222460 638.9
1222470 638.9
1222480 638.9
1222490 639.0
1222500 638.8
1222510 638.4
1222520 638.4
1222530 637.7
1222540 637.2
1222550 637.2
1222560 637.1
1222570 637.4
1222580 637.4
1222590 637.5
1222600 637.3
1222610 637.3
1222620 635.3
1222630 637.0
1222640 637.0
1222650 637.0
1222660 636.7
1222670 636.7
1222680 636.7
1222690 636.7
1222700 636.7
1222710 636.7
1222720 636.6
1222730 636.6
1222740 636.6
1222750 636.6
1222760 636.6
1222770 636.6
1222780 636.5
1222790 636.5
1222800 636.5
1222810 636.5
1222820 636.4
1222830 636.4
1222840 636.3
1222850 636.3
1222860 636.3
1222870 636.2
1222880 636.2
1222890 636.2
1222900 636.2
1222910 636.2
1222920 636.2
1222930 636.3
1222940 636.4
1222950 636.4
1222960 636.4
1222970 636.6
1222980 636.6
1222990 636.7
1223000 636.7
1223010 636.7
1223020 636.5
1223030 636.3
1223040 636.3
1223050 636.3
1223060 636.2
1223070 636.2
1223080 636.2
1223090 636.2
1223100 636.1
1223110 636.1
1223120 636.1
1223130 636.6
1223140 636.6
1223150 636.9
1223160 637.2
1223170 637.2
1223180 637.4
1223190 637.3
1223200 637.3
1223210 637.1
1223220 636.7
1223230 636.7
1223240 636.3
1223250 636.0
1223260 636.0
1223270 635.9
1223280 635.9
1223290 635.9
1223300 635.9
1223310 635.8
1223320 635.8
1223330 635.8
1223340 635.7
1223350 635.6
1223360 635.6
1223370 635.5
1223380 635.4
1223390 635.4
1223400 635.3
1223410 635.1
1223420 635.1
1223430 635.1
1223440 635.1
1223450 635.1
1223460 635.2
1223470 635.1
1223480 635.1
1223490 635.2
1223500 635.1
1223510 635.1
1223520 635.1
1223530 635.0
1223540 635.0
1223550 634.9
1223560 634.9
1223570 634.8
1223580 634.8
1223590 634.8
1223600 634.8
1223610 634.8
1223620 634.8
1223630 634.8
1223640 634.8
1223650 634.7
1223660 634.8
1223670 634.8
1223680 634.7
1223690 634.6
1223700 634.6
1223710 634.5
1223720 634.5
1223730 634.5
1223740 634.7
1223750 634.9
1223760 634.9
1223770 634.9
1223780 634.8
1223790 634.8
1223800 634.7
1223810 634.6
1223820 634.6
1223830 634.6
1223840 634.6
1223850 634.6
1223860 634.6
1223870 634.6
1223880 634.6
1223890 634.6
1223900 634.7
1223910 634.8
1223920 634.8
1223930 634.8
1223940 634.7
1223950 634.7
1223960 634.6
1223970 634.6
1223980 634.6
1223990 634.6
1224000 634.7
1224010 634.7
1224020 634.5
1224030 634.4
1224040 634.4
1224050 634.4
1224060 634.3
1224070 634.3
1224080 634.3
1224090 634.3
1224100 634.2
1224110 634.1
1224120 634.1
1224130 634.2
1224140 634.2
1224150 634.2
1224160 634.1
1224170 634.1
1224180 633.9
1224190 633.7
1224200 633.7
1224210 633.7
1224220 633.7
1224230 633.7
1224240 633.6
1224250 633.7
1224260 633.7
1224270 633.6
1224280 633.6
1224290 633.6
1224300 633.6
1224310 633.6
1224320 633.6
1224330 633.6
1224340 633.6
1224350 633.6
1224360 633.8
1224370 633.9
1224380 634.0
1224390 634.0
1224400 634.1
1224410 634.1
1224420 634.1
1224430 634.0
1224440 634.0
1224450 634.0
1224460 634.0
1224470 633.9
1224480 633.9
1224490 633.9
1224500 633.8
1224510 633.8
1224520 633.8
1224530 633.9
1224540 633.9
1224550 633.8
1224560 633.6
1224570 633.6
1224580 633.5
1224590 633.6
1224600 633.6
1224610 633.5
1224620 633.3
1224630 633.3
1224640 633.2
1224650 633.2
1224660 633.2
1224670 633.2
1224680 633.1
1224690 632.9
1224700 632.9
1224710 632.6
1224720 632.7
1224730 632.7
1224740 633.9
1224750 637.3
1224760 637.3
1224770 638.4
1224780 638.7
1224790 638.7
1224800 639.0
1224810 639.3
1224820 639.3
1224830 639.9
1224840 640.7
1224850 640.7
1224860 641.4
1224870 641.8
1224880 641.8
1224890 642.4
1224900 643.2
1224910 644.3
1224920 644.3
1224930 645.9
1224940 647.2
1224950 647.2
1224960 648.4
1224970 649.7
1224980 649.7
1224990 650.7
1225000 651.3
1225010 651.3
1225020 652.5
1225030 653.4
1225040 653.4
1225050 654.5
1225060 655.7
1225070 655.7
1225080 656.8
1225090 658.6
1225100 658.6
1225110 659.6
1225120 660.7
1225130 660.7
1225140 661.7
1225150 663.2
1225160 663.2
1225170 664.9
1225180 665.9
1225190 666.9
1225200 666.9
1225210 668.1
1225220 669.3
1225230 669.3
1225240 670.6
1225250 672.3
1225260 672.3
1225270 673.7
1225280 674.8
1225290 674.8
1225300 676.1
1225310 677.2
1225320 677.2
1225330 678.0
1225340 679.0
1225350 679.0
1225360 680.4
1225370 681.4
1225380 681.4
1225390 682.4
1225400 683.9
1225410 683.9
1225420 684.7
1225430 685.3
1225440 686.5
1225450 686.5
1225460 688.2
1225470 689.3
1225480 689.3
1225490 690.6
1225500 692.1
1225510 692.1
1225520 693.4
1225530 694.7
1225540 694.7
1225550 696.0
1225560 697.4
1225570 697.4
1225580 699.8
1225590 701.3
1225600 701.3
1225610 702.3
1225620 703.0
1225630 703.0
1225640 703.7
1225650 704.3
1225660 704.3
1225670 705.4
1225680 706.9
1225690 706.9
1225700 707.7
1225710 708.6
1225720 709.6
1225730 709.6
1225740 711.1
1225750 712.7
1225760 712.7
1225770 714.0
1225780 715.1
1225790 715.1
1225800 716.3
1225810 717.5
1225820 717.5
1225830 718.7
1225840 719.7
1225850 719.7
1225860 720.4
1225870 720.9
1225880 720.9
1225890 721.6
1225900 722.0
1225910 722.0
1225920 722.7
1225930 723.9
1225940 723.9
1225950 725.2
1225960 725.8
1225970 725.8
1225980 725.9
1225990 726.4
1226000 727.5
1226010 727.5
1226020 728.7
1226030 729.7
1226040 729.7
1226050 730.8
1226060 731.9
1226070 734.1
1226080 734.6
1226090 735.1
1226100 735.1
1226110 736.2
1226120 737.2
1226130 737.2
1226140 738.0
1226150 738.7
1226160 738.7
1226170 739.9
1226180 740.1
1226190 740.1
1226200 740.9
1226210 742.1
1226220 742.1
1226230 743.0
1226240 743.5
1226250 744.0
1226260 744.0
1226270 744.7
1226280 745.6
1226290 745.6
1226300 746.6
1226310 747.4
1226320 747.4
1226330 748.1
1226340 749.0
1226350 749.0
1226360 749.8
1226370 750.7
1226380 750.7
1226390 751.6
1226400 752.5
1226410 752.5
1226420 753.2
1226430 753.4
1226440 753.4
1226450 754.0
1226460 754.3
1226470 754.3
1226480 755.3
1226490 756.0
1226500 756.0
1226510 756.2
1226520 756.4
1226530 756.4
1226540 756.4
1226550 756.3
1226560 757.6
1226570 757.6
1226580 757.6
1226590 758.4
1226600 758.4
1226610 759.3
1226620 760.0
1226630 760.0
1226640 760.3
1226650 760.4
1226660 760.4
1226670 760.5
1226680 760.8
1226690 760.8
1226700 761.2
1226710 761.5
1226720 761.5
1226730 761.6
1226740 761.7
1226750 761.7
1226760 761.8
1226770 762.0
1226780 762.0
1226790 762.1
1226800 762.4
1226810 762.9
1226820 762.9
1226830 763.4
1226840 763.7
1226850 763.7
1226860 763.9
1226870 764.1
1226880 764.1
1226890 764.1
1226900 764.5
1226910 764.5
1226920 764.6
1226930 764.5
1226940 764.5
1226950 764.3
1226960 764.3
1226970 764.3
1226980 764.5
1226990 764.4
1227000 764.4
1227010 763.9
1227020 763.4
1227030 763.4
1227040 763.0
1227050 762.6
1227060 764.0
1227070 764.0
1227080 763.7
1227090 763.6
1227100 763.6
1227110 763.8
1227120 763.7
1227130 763.7
1227140 763.4
1227150 762.9
1227160 762.9
1227170 762.3
1227180 761.8
1227190 761.8
1227200 761.5
1227210 760.1
1227220 760.1
1227230 759.0
1227240 758.1
1227250 758.1
1227260 757.2
1227270 756.4
1227280 756.4
1227290 755.7
1227300 755.4
1227310 755.4
1227320 755.1
1227330 755.1
1227340 755.0
1227350 755.0
1227360 754.2
1227370 753.6
1227380 753.6
1227390 753.0
1227400 752.5
1227410 752.5
1227420 751.9
1227430 751.4
1227440 751.4
1227450 750.7
1227460 749.9
1227470 749.9
1227480 749.1
1227490 748.3
1227500 748.3
1227510 747.6
1227520 747.0
1227530 747.0
1227540 746.4
1227550 747.3
1227560 747.3
1227570 747.0
1227580 746.8
1227590 746.3
1227600 746.3
1227610 744.9
1227620 743.9
1227630 743.9
1227640 743.1
1227650 742.3
1227660 742.3
1227670 741.4
1227680 740.7
1227690 740.7
1227700 740.4
1227710 739.9
1227720 739.9
1227730 739.6
1227740 739.4
1227750 739.4
1227760 739.8
1227770 739.1
1227780 739.1
1227790 740.3
1227800 741.5
1227810 741.5
1227820 742.3
1227830 742.5
1227840 742.5
1227850 743.0
1227860 743.6
1227870 744.0
1227880 744.0
1227890 745.4
1227900 746.0
1227910 746.0
1227920 747.0
1227930 748.5
1227940 748.5
1227950 749.1
1227960 749.8
1227970 749.8
1227980 750.9
1227990 751.6
1228000 751.6
1228010 751.4
1228020 751.3
1228030 751.3
1228040 751.1
1228050 752.8
1228060 752.8
1228070 753.2
1228080 753.4
1228090 753.4
1228100 753.6
1228110 753.8
1228120 753.8
1228130 754.3
1228140 754.8
1228150 755.5
1228160 755.5
1228170 755.6
1228180 755.9
1228190 755.9
1228200 755.8
1228210 755.5
1228220 755.5
1228230 755.5
1228240 755.9
1228250 755.9
1228260 757.4
1228270 760.6
1228280 760.6
1228290 766.7
1228300 774.9
1228310 774.9
1228320 782.4
1228330 783.9
1228340 783.9
1228350 783.8
1228360 784.2
1228370 784.2
1228380 784.7
1228390 784.6
1228400 780.5
1228410 780.5
1228420 773.0
1228430 765.7
1228440 765.7
1228450 760.0
1228460 756.3
1228470 756.3
1228480 756.4
1228490 754.5
1228500 754.5
1228510 750.4
1228520 746.4
1228530 746.4
1228540 744.8
1228550 751.0
1228560 751.0
1228570 749.9
1228580 745.9
1228590 745.9
1228600 739.6
1228610 734.7
1228620 734.7
1228630 733.2
1228640 733.8
1228650 733.8
1228660 734.8
1228670 735.2
1228680 736.0
1228690 736.0
1228700 738.9
1228710 742.4
1228720 742.4
1228730 747.2
1228740 753.4
1228750 753.4
1228760 760.4
1228770 767.3
1228780 767.3
1228790 774.0
1228800 780.8
1228810 780.8
1228820 787.2
1228830 792.1
1228840 792.1
1228850 792.1
1228860 789.7
1228870 789.7
1228880 783.9
1228890 776.7
1228900 776.7
1228910 769.0
1228920 765.9
1228930 769.4
1228940 769.4
1228950 779.2
1228960 787.0
1228970 787.0
1228980 792.3
1228990 794.8
1229000 794.8
1229010 794.3
1229020 794.9
1229030 794.9
1229040 801.5
1229050 805.5
1229060 805.5
1229070 810.1
1229080 814.6
1229090 814.6
1229100 818.7
1229110 822.3
1229120 822.3
1229130 824.1
1229140 825.8
1229150 825.8
1229160 828.2
1229170 829.5
1229180 829.5
1229190 829.9
1229200 825.6
1229210 816.3
1229220 816.3
1229230 808.4
1229240 814.6
1229250 814.6
1229260 823.7
1229270 831.1
1229280 831.1
1229290 839.1
1229300 846.3
1229310 846.3
1229320 851.3
1229330 851.5
1229340 851.5
1229350 848.0
1229360 848.6
1229370 848.6
1229380 856.0
1229390 858.0
1229400 858.0
1229410 853.8
1229420 843.9
1229430 843.9
1229440 838.9
1229450 846.4
1229460 846.4
1229470 844.4
1229480 838.2
1229490 831.2
1229500 831.2
1229510 831.1
1229520 835.9
1229530 835.9
1229540 847.3
1229550 843.5
1229560 843.5
1229570 839.2
1229580 839.8
1229590 839.8
1229600 847.0
1229610 860.5
1229620 860.5
1229630 875.2
1229640 884.1
1229650 884.1
1229660 896.6
1229670 906.0
1229680 906.0
1229690 910.9
1229700 914.9
1229710 914.9
1229720 917.1
1229730 920.2
1229740 921.4
1229750 921.4
1229760 922.1
1229770 922.3
1229780 922.3
1229790 926.7
1229800 934.9
1229810 934.9
1229820 940.9
1229830 944.8
1229840 944.8
1229850 947.9
1229860 950.6
1229870 950.6
1229880 953.7
1229890 958.1
1229900 958.1
1229910 963.1
1229920 968.2
1229930 968.2
1229940 972.5
1229950 974.9
1229960 974.9
1229970 976.8
1229980 978.1
1229990 978.1
1230000 979.3
1230010 981.8
1230020 985.1
1230030 985.1
1230040 993.6
1230050 996.8
1230060 996.8
1230070 1000.2
1230080 1001.9
1230090 1001.9
1230100 1002.8
1230110 1003.5
1230120 1003.5
1230130 1003.9
1230140 1004.6
1230150 1004.6
1230160 1005.8
1230170 1008.5
1230180 1008.5
1230190 1012.0
1230200 1014.2
1230210 1014.2
1230220 1012.7
1230230 1009.3
1230240 1009.3
1230250 1010.1
1230260 1012.4
1230270 1013.4
1230280 1013.4
1230290 1014.6
1230300 1018.6
1230310 1018.6
1230320 1024.7
1230330 1031.2
1230340 1031.2
1230350 1034.2
1230360 1035.9
1230370 1035.9
1230380 1035.6
1230390 1032.2
1230400 1032.2
1230410 1029.3
1230420 1027.7
1230430 1027.7
1230440 1028.4
1230450 1028.2
1230460 1028.2
1230470 1028.2
1230480 1029.1
1230490 1029.1
1230500 1031.6
1230510 1038.3
1230520 1038.3
1230530 1041.9
1230540 1046.4
1230550 1048.3
1230560 1048.3
1230570 1049.2
1230580 1048.4
1230590 1048.4
1230600 1050.2
1230610 1053.1
1230620 1053.1
1230630 1055.9
1230640 1059.9
1230650 1059.9
1230660 1064.3
1230670 1067.9
1230680 1067.9
1230690 1071.8
1230700 1076.1
1230710 1076.1
1230720 1080.3
1230730 1085.0
1230740 1085.0
1230750 1089.8
1230760 1093.8
1230770 1093.8
1230780 1099.1
1230790 1104.9
1230800 1104.9
1230810 1110.9
1230820 1118.1
1230830 1124.9
1230840 1124.9
1230850 1128.9
1230860 1132.0
1230870 1132.0
1230880 1136.7
1230890 1141.0
1230900 1141.0
1230910 1146.9
1230920 1154.2
1230930 1154.2
1230940 1162.1
1230950 1170.2
1230960 1170.2
1230970 1177.9
1230980 1184.3
1230990 1184.3
1231000 1188.9
1231010 1192.6
1231020 1192.6
1231030 1196.4
1231040 1200.1
1231050 1205.4
1231060 1208.9
1231070 1212.6
1231080 1217.1
1231090 1217.1
1231100 1221.3
1231110 1224.1
1231120 1224.1
1231130 1224.9
1231140 1225.1
1231150 1225.1
1231160 1225.5
1231170 1227.2
1231180 1227.2
1231190 1230.5
1231200 1234.8
1231210 1234.8
1231220 1240.9
1231230 1245.6
1231240 1245.6
1231250 1246.4
1231260 1246.1
1231270 1246.1
1231280 1246.0
1231290 1245.3
1231300 1245.3
1231310 1244.1
1231320 1243.5
1231330 1243.5
1231340 1245.5
1231350 1248.9
1231360 1248.1
1231370 1248.1
1231380 1247.4
1231390 1246.5
1231400 1246.5
1231410 1245.3
1231420 1243.8
1231430 1243.8
1231440 1242.2
1231450 1240.7
1231460 1240.7
1231470 1238.8
1231480 1236.8
1231490 1236.8
1231500 1234.6
1231510 1231.7
1231520 1231.7
1231530 1228.6
1231540 1225.9
1231550 1228.7
1231560 1227.0
1231570 1225.4
1231580 1225.4
1231590 1223.2
1231600 1221.8
1231610 1221.8
1231620 1220.4
1231630 1218.9
1231640 1216.5
1231650 1216.5
1231660 1213.4
1231670 1210.9
1231680 1210.9
1231690 1208.5
1231700 1204.8
1231710 1204.8
1231720 1200.4
1231730 1194.8
1231740 1194.8
1231750 1188.3
1231760 1180.4
1231770 1180.4
1231780 1171.3
1231790 1165.1
1231800 1165.1
1231810 1162.5
1231820 1163.3
1231830 1163.3
1231840 1162.7
1231850 1156.3
1231860 1156.3
1231870 1148.4
1231880 1140.3
1231890 1134.5
1231900 1134.5
1231910 1127.2
1231920 1114.7
1231930 1114.7
1231940 1103.1
1231950 1091.6
1231960 1091.6
1231970 1078.3
1231980 1069.8
1231990 1069.8
1232000 1065.0
1232010 1060.5
1232020 1060.5
1232030 1057.2
1232040 1059.8
1232050 1064.6
1232060 1075.1
1232070 1084.6
1232080 1084.6
1232090 1092.5
1232100 1100.5
1232110 1100.5
1232120 1108.5
1232130 1118.3
1232140 1118.3
1232150 1127.0
1232160 1133.1
1232170 1133.5
1232180 1133.5
1232190 1131.2
1232200 1133.5
1232210 1133.5
1232220 1137.9
1232230 1142.0
1232240 1142.0
1232250 1147.4
1232260 1153.9
1232270 1153.9
1232280 1159.9
1232290 1166.2
1232300 1166.2
1232310 1173.9
1232320 1181.0
1232330 1181.0
1232340 1187.9
1232350 1196.0
1232360 1196.0
1232370 1202.8
1232380 1209.6
1232390 1209.6
1232400 1216.4
1232410 1222.6
1232420 1229.2
1232430 1229.2
1232440 1234.3
1232450 1239.0
1232460 1239.0
1232470 1243.6
1232480 1248.0
1232490 1248.0
1232500 1251.9
1232510 1255.6
1232520 1255.6
1232530 1259.7
1232540 1263.9
1232550 1263.9
1232560 1271.6
1232570 1277.3
1232580 1277.3
1232590 1282.2
1232600 1286.5
1232610 1286.5
1232620 1290.4
1232630 1294.1
1232640 1294.1
1232650 1296.7
1232660 1299.1
1232670 1299.1
1232680 1301.5
1232690 1304.2
1232700 1306.5
1232710 1306.5
1232720 1309.5
1232730 1311.6
1232740 1311.6
1232750 1316.1
1232760 1319.7
1232770 1319.7
1232780 1323.8
1232790 1327.1
1232800 1327.1
1232810 1329.4
1232820 1331.0
1232830 1331.0
1232840 1332.2
1232850 1333.5
1232860 1333.5
1232870 1334.6
1232880 1335.2
1232890 1335.2
1232900 1335.0
1232910 1334.7
1232920 1334.7
1232930 1334.1
1232940 1333.3
1232950 1333.3
1232960 1332.3
1232970 1331.2
1232980 1331.9
1232990 1331.9
1233000 1331.8
1233010 1330.8
1233020 1330.8
1233030 1329.8
1233040 1328.5
1233050 1328.5
1233060 1327.0
1233070 1330.2
1233080 1330.2
1233090 1328.2
1233100 1325.5
1233110 1325.5
1233120 1322.4
1233130 1318.8
1233140 1318.8
1233150 1314.6
1233160 1310.6
1233170 1310.6
1233180 1306.3
1233190 1302.1
1233200 1302.1
1233210 1298.0
1233220 1293.6
1233230 1289.6
1233240 1289.6
1233250 1285.8
1233260 1281.3
1233270 1281.3
1233280 1276.8
1233290 1272.6
1233300 1272.6
1233310 1268.4
1233320 1264.1
1233330 1264.1
1233340 1259.9
1233350 1255.6
1233360 1255.6
1233370 1250.9
1233380 1246.6
1233390 1246.6
1233400 1241.9
1233410 1236.8
1233420 1236.8
1233430 1233.8
1233440 1230.9
1233450 1230.9
1233460 1227.1
1233470 1222.5
1233480 1222.5
1233490 1218.5
1233500 1215.3
1233510 1212.2
1233520 1212.2
1233530 1209.1
1233540 1206.2
1233550 1206.2
1233560 1203.0
1233570 1200.5
1233580 1200.5
1233590 1197.0
1233600 1194.7
1233610 1194.7
1233620 1193.1
1233630 1189.6
1233640 1189.6
1233650 1188.0
1233660 1187.6
1233670 1187.6
1233680 1185.9
1233690 1184.6
1233700 1184.6
1233710 1183.5
1233720 1180.1
1233730 1180.1
1233740 1175.5
1233750 1171.3
1233760 1165.4
1233770 1165.4
1233780 1159.0
1233790 1152.0
1233800 1152.0
1233810 1146.1
1233820 1143.2
1233830 1143.2
1233840 1142.5
1233850 1144.7
1233860 1144.7
1233870 1146.0
1233880 1144.8
1233890 1144.8
1233900 1141.2
1233910 1135.2
1233920 1135.2
1233930 1128.6
1233940 1121.9
1233950 1121.9
1233960 1114.9
1233970 1107.0
1233980 1107.0
1233990 1099.1
1234000 1094.0
1234010 1094.0
1234020 1101.7
1234030 1110.3
1234040 1115.6
1234050 1115.6
1234060 1119.9
1234070 1123.0
1234080 1128.9
1234090 1132.3
1234100 1136.8
1234110 1136.8
1234120 1141.9
1234130 1145.1
1234140 1145.1
1234150 1147.2
1234160 1151.0
1234170 1151.0
1234180 1156.2
1234190 1159.8
1234200 1159.8
1234210 1159.4
1234220 1158.9
1234230 1158.9
1234240 1157.4
1234250 1154.2
1234260 1154.2
1234270 1149.5
1234280 1144.5
1234290 1144.5
1234300 1139.5
1234310 1135.4
1234320 1132.9
1234330 1132.9
1234340 1130.2
1234350 1127.3
1234360 1127.3
1234370 1127.7
1234380 1127.2
1234390 1127.2
1234400 1121.6
1234410 1119.0
1234420 1119.0
1234430 1121.8
1234440 1124.2
1234450 1124.2
1234460 1125.6
1234470 1123.8
1234480 1123.8
1234490 1117.8
1234500 1111.2
1234510 1111.2
1234520 1103.5
1234530 1097.3
1234540 1097.3
1234550 1097.0
1234560 1102.3
1234570 1109.5
1234580 1109.5
1234590 1120.0
1234600 1126.3
1234610 1126.3
1234620 1131.3
1234630 1136.7
1234640 1136.7
1234650 1141.5
1234660 1144.3
1234670 1144.3
1234680 1145.7
1234690 1146.5
1234700 1146.5
1234710 1147.3
1234720 1148.1
1234730 1148.1
1234740 1148.6
1234750 1148.7
1234760 1148.7
1234770 1149.2
1234780 1149.8
1234790 1149.8
1234800 1150.2
1234810 1150.7
1234820 1150.7
1234830 1151.4
1234840 1152.2
1234850 1152.6
1234860 1152.6
1234870 1153.0
1234880 1154.0
1234890 1154.0
1234900 1154.7
1234910 1154.5
1234920 1154.5
1234930 1153.6
1234940 1153.8
1234950 1153.8
1234960 1154.4
1234970 1154.9
1234980 1154.9
1234990 1155.5
1235000 1156.2
1235010 1156.2
1235020 1156.3
1235030 1156.1
1235040 1156.1
1235050 1155.6
1235060 1154.9
1235070 1154.9
1235080 1154.6
1235090 1154.3
1235100 1158.3
1235110 1158.3
1235120 1158.3
1235130 1157.5
1235140 1157.5
1235150 1156.8
1235160 1156.8
1235170 1156.8
1235180 1156.4
1235190 1155.5
1235200 1155.5
1235210 1153.2
1235220 1152.0
1235230 1152.0
1235240 1152.0
1235250 1151.5
1235260 1151.5
1235270 1152.7
1235280 1153.2
1235290 1153.2
1235300 1153.4
1235310 1153.3
1235320 1153.3
1235330 1152.7
1235340 1152.0
1235350 1152.0
1235360 1151.2
1235370 1150.4
1235380 1149.2
1235390 1149.2
1235400 1148.8
1235410 1149.0
1235420 1149.0
1235430 1148.7
1235440 1147.9
1235450 1147.9
1235460 1147.1
1235470 1146.6
1235480 1146.6
1235490 1146.2
1235500 1145.1
1235510 1145.1
1235520 1144.5
1235530 1144.2
1235540 1144.2
1235550 1142.8
1235560 1141.1
1235570 1141.1
1235580 1140.0
1235590 1140.1
1235600 1140.1
1235610 1144.3
1235620 1142.1
1235630 1142.1
1235640 1139.8
1235650 1138.7
1235660 1137.9
1235670 1137.9
1235680 1136.2
1235690 1136.1
1235700 1136.1
1235710 1135.4
1235720 1134.1
1235730 1134.1
1235740 1133.4
1235750 1132.7
1235760 1132.7
1235770 1131.9
1235780 1130.9
1235790 1130.9
1235800 1130.0
1235810 1128.5
1235820 1128.5
1235830 1126.4
1235840 1123.9
1235850 1123.9
1235860 1121.1
1235870 1118.4
1235880 1118.4
1235890 1115.9
1235900 1113.5
1235910 1111.2
1235920 1111.2
1235930 1109.1
1235940 1106.1
1235950 1106.1
1235960 1103.0
1235970 1099.6
1235980 1099.6
1235990 1096.3
1236000 1092.7
1236010 1092.7
1236020 1089.1
1236030 1085.0
1236040 1085.0
1236050 1081.0
1236060 1077.4
1236070 1077.4
1236080 1074.1
1236090 1070.6
1236100 1070.6
1236110 1067.4
1236120 1067.5
1236130 1067.5
1236140 1064.0
1236150 1060.4
1236160 1060.4
1236170 1056.6
1236180 1052.9
1236190 1049.1
1236200 1049.1
1236210 1045.4
1236220 1041.2
1236230 1041.2
1236240 1037.6
1236250 1034.3
1236260 1034.3
1236270 1030.7
1236280 1027.9
1236290 1027.9
1236300 1025.5
1236310 1023.3
1236320 1023.3
1236330 1020.8
1236340 1017.8
1236350 1017.8
1236360 1015.1
1236370 1012.6
1236380 1012.6
1236390 1009.8
1236400 1006.5
1236410 1006.5
1236420 1003.0
1236430 999.4
1236440 996.3
1236450 996.3
1236460 993.5
1236470 991.0
1236480 991.0
1236490 988.3
1236500 985.5
1236510 985.5
1236520 982.5
1236530 979.1
1236540 979.1
1236550 975.8
1236560 973.4
1236570 973.4
1236580 971.8
1236590 969.6
1236600 969.6
1236610 967.6
1236620 965.4
1236630 965.4
1236640 965.7
1236650 962.2
1236660 962.2
1236670 958.6
1236680 954.8
1236690 954.8
1236700 950.2
1236710 947.8
1236720 939.9
1236730 939.9
1236740 927.6
1236750 916.3
1236760 916.3
1236770 906.2
1236780 898.3
1236790 898.3
1236800 892.7
1236810 887.4
1236820 887.4
1236830 883.2
1236840 878.9
1236850 878.9
1236860 873.0
1236870 868.8
1236880 868.8
1236890 865.2
1236900 861.6
1236910 861.6
1236920 856.1
1236930 847.6
1236940 847.6
1236950 838.4
1236960 831.2
1236970 831.2
1236980 834.1
1236990 845.0
1237000 849.7
1237010 849.7
1237020 852.5
1237030 862.5
1237040 862.5
1237050 869.8
1237060 873.2
1237070 873.2
1237080 879.4
1237090 881.9
1237100 881.9
1237110 884.0
1237120 888.9
1237130 888.9
1237140 894.0
1237150 902.8
1237160 902.8
1237170 906.1
1237180 909.0
1237190 909.0
1237200 912.8
1237210 916.3
1237220 916.3
1237230 920.9
1237240 926.4
1237250 929.4
1237260 929.4
1237270 929.6
1237280 928.3
1237290 928.3
1237300 927.6
1237310 925.9
1237320 925.9
1237330 924.8
1237340 924.9
1237350 924.9
1237360 924.3
1237370 923.6
1237380 923.6
1237390 923.2
1237400 923.2
1237410 923.2
1237420 923.2
1237430 922.2
1237440 922.2
1237450 921.0
1237460 919.8
1237470 919.8
1237480 918.5
1237490 917.3
1237500 917.3
1237510 916.1
1237520 914.8
1237530 913.4
1237540 913.4
1237550 912.0
1237560 910.7
1237570 910.7
1237580 909.5
1237590 908.5
1237600 908.5
1237610 907.4
1237620 906.2
1237630 906.2
1237640 904.9
1237650 903.1
1237660 903.1
1237670 904.1
1237680 901.7
1237690 901.7
1237700 899.6
1237710 897.5
1237720 897.5
1237730 895.6
1237740 893.9
1237750 893.9
1237760 892.5
1237770 891.5
1237780 890.6
1237790 890.6
1237800 889.6
1237810 888.3
1237820 888.3
1237830 886.9
1237840 886.1
1237850 886.1
1237860 885.5
1237870 884.8
1237880 884.8
1237890 883.4
1237900 882.1
1237910 882.1
1237920 881.2
1237930 879.8
1237940 879.8
1237950 878.1
1237960 876.3
1237970 876.3
1237980 874.8
1237990 873.3
1238000 873.3
1238010 871.8
1238020 870.2
1238030 870.2
1238040 868.6
1238050 867.0
1238060 865.5
1238070 865.5
1238080 864.1
1238090 862.4
1238100 862.4
1238110 860.9
1238120 859.6
1238130 859.6
1238140 858.5
1238150 857.3
1238160 857.3
1238170 856.2
1238180 857.3
1238190 857.3
1238200 855.9
1238210 854.7
1238220 854.7
1238230 854.4
1238240 854.0
1238250 854.0
1238260 853.1
1238270 851.4
1238280 851.4
1238290 849.1
1238300 846.8
1238310 846.8
1238320 845.1
1238330 843.5
1238340 842.1
1238350 842.1
1238360 840.8
1238370 839.3
1238380 839.3
1238390 837.3
1238400 835.1
1238410 835.1
1238420 833.2
1238430 831.6
1238440 831.6
1238450 830.1
1238460 829.1
1238470 829.1
1238480 828.3
1238490 827.7
1238500 827.7
1238510 827.0
1238520 826.3
1238530 826.3
1238540 825.6
1238550 824.2
1238560 824.2
1238570 822.6
1238580 821.0
1238590 819.3
1238600 819.3
1238610 817.5
1238620 816.1
1238630 816.1
1238640 815.3
1238650 814.5
1238660 814.5
1238670 813.4
1238680 812.3
1238690 812.3
1238700 812.2
1238710 811.0
1238720 811.0
1238730 809.9
1238740 808.8
1238750 808.8
1238760 807.6
1238770 806.5
1238780 806.5
1238790 805.4
1238800 804.2
1238810 804.2
1238820 802.5
1238830 800.4
1238840 800.4
1238850 798.4
1238860 796.7
1238870 795.7
1238880 795.7
1238890 794.6
1238900 792.8
1238910 792.8
1238920 791.8
1238930 790.2
1238940 790.2
1238950 788.2
1238960 787.1
1238970 787.1
1238980 786.5
1238990 785.6
1239000 785.6
1239010 784.2
1239020 782.6
1239030 782.6
1239040 780.4
1239050 777.9
1239060 777.9
1239070 776.7
1239080 776.8
1239090 776.8
1239100 776.7
1239110 776.0
1239120 775.3
1239130 775.3
1239140 774.5
1239150 773.7
1239160 773.7
1239170 772.8
1239180 771.9
1239190 771.9
1239200 771.2
1239210 770.3
1239220 771.6
1239230 770.8
1239240 770.0
1239250 770.0
1239260 769.3
1239270 768.7
1239280 768.7
1239290 768.1
1239300 767.6
1239310 767.6
1239320 767.3
1239330 766.8
1239340 766.8
1239350 766.1
1239360 765.2
1239370 765.2
1239380 764.3
1239390 763.1
1239400 761.0
1239410 761.0
1239420 761.4
1239430 761.6
1239440 761.6
1239450 761.4
1239460 760.7
1239470 760.7
1239480 760.0
1239490 758.9
1239500 758.9
1239510 758.2
1239520 757.1
1239530 757.1
1239540 755.3
1239550 754.0
1239560 754.0
1239570 753.2
1239580 752.2
1239590 752.2
1239600 751.1
1239610 750.1
1239620 750.1
1239630 749.1
1239640 747.9
1239650 746.8
1239660 746.8
1239670 745.3
1239680 742.8
1239690 742.8
1239700 740.8
1239710 739.4
1239720 739.4
1239730 737.2
1239740 728.0
1239750 728.0
1239760 725.4
1239770 726.8
1239780 726.8
1239790 731.9
1239800 735.9
1239810 735.9
1239820 736.1
1239830 734.9
1239840 734.9
1239850 731.2
1239860 725.3
1239870 725.3
1239880 719.1
1239890 713.1
1239900 713.1
1239910 707.2
1239920 702.2
1239930 701.0
1239940 701.0
1239950 703.0
1239960 705.4
1239970 705.4
1239980 707.8
1239990 709.7
