1220000 698.2
1220010 698.2
1220020 704.9
1220030 711.6
1220040 711.6
1220050 717.3
1220060 719.4
1220070 719.4
1220080 720.9
1220090 723.2
1220100 723.2
1220110 726.0
1220120 728.5
1220130 731.2
1220140 731.2
1220150 734.5
1220160 739.9
1220170 739.9
1220180 744.1
1220190 746.6
1220200 746.6
1220210 746.8
1220220 746.6
1220230 746.6
1220240 744.5
1220250 742.0
1220260 742.0
1220270 739.2
1220280 736.0
1220290 729.5
1220300 726.6
1220310 724.6
1220320 724.6
1220330 723.0
1220340 717.6
1220350 717.6
1220360 708.5
1220370 705.4
1220380 711.5
1220390 711.5
1220400 707.5
1220410 700.1
1220420 700.1
1220430 692.7
1220440 687.9
1220450 687.9
1220460 682.9
1220470 675.1
1220480 675.1
1220490 668.5
1220500 668.0
1220510 668.0
1220520 666.2
1220530 664.5
1220540 664.5
1220550 663.0
1220560 661.6
1220570 661.6
1220580 660.8
1220590 659.8
1220600 659.8
1220610 658.1
1220620 656.0
1220630 656.0
1220640 653.3
1220650 650.3
1220660 647.1
1220670 647.1
1220680 644.1
1220690 642.0
1220700 642.0
1220710 640.6
1220720 639.5
1220730 639.5
1220740 638.5
1220750 637.9
1220760 637.9
1220770 637.6
1220780 637.6
1220790 637.6
1220800 637.6
1220810 637.5
1220820 637.5
1220830 637.6
1220840 638.0
1220850 638.0
1220860 638.5
1220870 638.0
1220880 638.0
1220890 636.3
1220900 635.2
1220910 635.2
1220920 634.8
1220930 634.7
1220940 634.5
1220950 634.5
1220960 634.3
1220970 634.3
1220980 634.3
1220990 634.2
1221000 634.2
1221010 634.2
1221020 634.2
1221030 634.2
1221040 634.2
1221050 634.2
1221060 634.4
1221070 634.4
1221080 635.9
1221090 637.8
1221100 637.8
1221110 638.9
1221120 640.6
1221130 640.6
1221140 642.4
1221150 642.7
1221160 642.7
1221170 642.6
1221180 642.4
1221190 641.8
1221200 641.8
1221210 640.3
1221220 639.1
1221230 639.1
1221240 638.9
1221250 638.9
1221260 639.1
1221270 638.7
1221280 637.8
1221290 637.8
1221300 638.2
1221310 638.6
1221320 638.6
1221330 639.3
1221340 639.3
1221350 639.3
1221360 639.3
1221370 639.5
1221380 639.5
1221390 639.5
1221400 639.1
1221410 639.1
1221420 638.9
1221430 638.9
1221440 638.9
1221450 639.0
1221460 639.2
1221470 639.2
1221480 639.2
1221490 639.1
1221500 639.0
1221510 639.0
1221520 638.9
1221530 638.8
1221540 638.8
1221550 638.9
1221560 638.9
1221570 638.9
1221580 638.8
1221590 638.8
1221600 638.8
1221610 638.7
1221620 638.6
1221630 638.6
1221640 638.6
1221650 638.7
1221660 638.7
1221670 638.7
1221680 638.8
1221690 638.8
1221700 638.9
1221710 638.9
1221720 638.9
1221730 638.9
1221740 638.8
1221750 638.8
1221760 638.8
1221770 638.7
1221780 638.6
1221790 638.6
1221800 638.6
1221810 638.5
1221820 638.5
1221830 638.4
1221840 638.4
1221850 638.4
1221860 638.4
1221870 638.4
1221880 638.4
1221890 638.4
1221900 638.5
1221910 638.5
1221920 638.9
1221930 639.3
1221940 639.3
1221950 639.7
1221960 640.0
1221970 640.0
1221980 640.1
1221990 640.0
1222000 639.8
1222010 639.8
1222020 639.6
1222030 639.6
1222040 639.6
1222050 639.5
1222060 639.1
1222070 639.1
1222080 638.6
1222090 638.3
1222100 638.3
1222110 638.1
1222120 638.5
1222130 638.5
1222140 638.6
1222150 638.3
1222160 638.3
1222170 638.1
1222180 637.9
1222190 637.9
1222200 637.9
1222210 638.0
1222220 638.0
1222230 637.8
1222240 637.8
1222250 637.8
1222260 637.9
1222270 637.9
1222280 637.9
1222290 637.9
1222300 637.8
1222310 637.8
1222320 637.8
1222330 637.8
1222340 637.7
1222350 637.7
1222360 637.6
1222370 637.6
1222380 637.6
1222390 637.9
1222400 638.1
1222410 638.1
1222420 638.2
1222430 637.8
1222440 637.8
1222450 638.2
1222460 638.1
1222470 638.1
1222480 637.7
1222490 637.3
1222500 637.3
1222510 637.6
1222520 637.4
1222530 637.4
1222540 637.4
1222550 637.4
1222560 637.4
1222570 637.4
1222580 637.3
1222590 637.3
1222600 637.3
1222610 637.8
1222620 637.9
1222630 637.9
1222640 637.7
1222650 637.5
1222660 637.5
1222670 637.6
1222680 637.8
1222690 637.8
1222700 638.1
1222710 637.2
1222720 637.2
1222730 637.0
1222740 637.0
1222750 637.0
1222760 637.0
1222770 636.9
1222780 636.9
1222790 636.8
1222800 636.7
1222810 636.6
1222820 636.6
1222830 636.5
1222840 636.5
1222850 636.5
1222860 636.5
1222870 636.6
1222880 636.6
1222890 636.6
1222900 636.6
1222910 636.6
1222920 636.5
1222930 636.4
1222940 636.4
1222950 636.4
1222960 636.4
1222970 636.4
1222980 636.3
1222990 636.2
1223000 636.2
1223010 636.1
1223020 636.1
1223030 636.1
1223040 636.1
1223050 636.3
1223060 636.3
1223070 636.4
1223080 636.3
1223090 636.2
1223100 636.2
1223110 636.2
1223120 636.2
1223130 636.2
1223140 636.3
1223150 636.3
1223160 636.3
1223170 636.3
1223180 636.3
1223190 636.3
1223200 636.2
1223210 636.2
1223220 636.2
1223230 636.1
1223240 636.0
1223250 636.0
1223260 635.9
1223270 635.9
1223280 635.9
1223290 635.9
1223300 635.9
1223310 635.9
1223320 635.9
1223330 635.9
1223340 635.9
1223350 635.9
1223360 635.8
1223370 635.7
1223380 635.7
1223390 635.7
1223400 635.7
1223410 635.7
1223420 635.7
1223430 635.7
1223440 635.7
1223450 635.7
1223460 635.7
1223470 635.7
1223480 635.6
1223490 635.4
1223500 635.4
1223510 635.4
1223520 635.4
1223530 635.4
1223540 635.5
1223550 635.5
1223560 635.5
1223570 635.5
1223580 635.5
1223590 635.5
1223600 635.4
1223610 635.4
1223620 635.4
1223630 635.4
1223640 635.3
1223650 635.2
1223660 635.2
1223670 635.1
1223680 635.0
1223690 635.3
1223700 634.9
1223710 634.2
1223720 634.2
1223730 634.0
1223740 634.1
1223750 634.1
1223760 634.2
1223770 634.0
1223780 634.0
1223790 634.0
1223800 633.7
1223810 633.7
1223820 633.6
1223830 633.5
1223840 633.5
1223850 633.4
1223860 633.3
1223870 633.4
1223880 633.4
1223890 633.4
1223900 633.5
1223910 633.5
1223920 633.6
1223930 633.6
1223940 633.6
1223950 633.7
1223960 633.8
1223970 633.8
1223980 634.0
1223990 634.2
1224000 634.2
1224010 634.3
1224020 634.3
1224030 634.3
1224040 634.3
1224050 634.3
1224060 634.3
1224070 634.3
1224080 634.0
1224090 634.0
1224100 633.9
1224110 633.8
1224120 633.8
1224130 633.8
1224140 633.7
1224150 633.6
1224160 633.6
1224170 633.7
1224180 633.7
1224190 633.7
1224200 633.7
1224210 633.8
1224220 633.8
1224230 633.8
1224240 633.7
1224250 633.7
1224260 633.7
1224270 633.6
1224280 633.6
1224290 633.5
1224300 633.5
1224310 633.5
1224320 633.6
1224330 633.6
1224340 633.6
1224350 633.1
1224360 632.7
1224370 632.7
1224380 632.7
1224390 633.1
1224400 633.1
1224410 633.5
1224420 633.5
1224430 633.2
1224440 633.2
1224450 633.5
1224460 633.7
1224470 633.7
1224480 633.6
1224490 633.6
1224500 633.6
1224510 633.6
1224520 633.6
1224530 633.6
1224540 633.5
1224550 633.5
1224560 633.5
1224570 633.4
1224580 633.3
1224590 633.3
1224600 633.4
1224610 633.6
1224620 633.6
1224630 633.7
1224640 633.6
1224650 633.6
1224660 635.2
1224670 636.7
1224680 637.9
1224690 637.9
1224700 638.8
1224710 639.5
1224720 639.5
1224730 640.3
1224740 641.2
1224750 641.2
1224760 642.2
1224770 643.3
1224780 643.3
1224790 644.6
1224800 645.7
1224810 645.7
1224820 646.6
1224830 647.4
1224840 647.4
1224850 648.2
1224860 649.0
1224870 649.0
1224880 649.9
1224890 650.9
1224900 650.9
1224910 651.7
1224920 652.7
1224930 652.7
1224940 653.8
1224950 654.7
1224960 655.7
1224970 655.7
1224980 656.7
1224990 657.8
1225000 657.8
1225010 658.9
1225020 661.2
1225030 661.2
1225040 662.3
1225050 662.5
1225060 662.5
1225070 663.3
1225080 664.6
1225090 664.6
1225100 666.1
1225110 667.7
1225120 667.7
1225130 669.7
1225140 671.1
1225150 671.3
1225160 672.2
1225170 673.2
1225180 673.2
1225190 674.3
1225200 675.2
1225210 675.2
1225220 676.1
1225230 677.2
1225240 678.9
1225250 678.9
1225260 681.3
1225270 682.9
1225280 682.9
1225290 684.6
1225300 686.1
1225310 686.1
1225320 687.7
1225330 689.2
1225340 689.2
1225350 690.1
1225360 690.5
1225370 690.5
1225380 692.2
1225390 693.4
1225400 693.4
1225410 693.8
1225420 695.1
1225430 695.1
1225440 698.4
1225450 699.5
1225460 699.5
1225470 701.0
1225480 700.9
1225490 702.5
1225500 702.5
1225510 703.8
1225520 705.1
1225530 705.1
1225540 706.4
1225550 707.6
1225560 707.6
1225570 708.9
1225580 710.3
1225590 710.3
1225600 711.4
1225610 712.8
1225620 712.8
1225630 714.1
1225640 715.4
1225650 716.7
1225660 718.5
1225670 720.1
1225680 720.1
1225690 721.5
1225700 722.4
1225710 722.4
1225720 723.6
1225730 725.4
1225740 725.4
1225750 726.5
1225760 727.8
1225770 728.9
1225780 728.9
1225790 730.1
1225800 732.0
1225810 732.0
1225820 732.9
1225830 734.4
1225840 734.4
1225850 735.5
1225860 736.4
1225870 736.4
1225880 737.7
1225890 740.1
1225900 740.1
1225910 742.1
1225920 744.0
1225930 744.0
1225940 744.5
1225950 745.7
1225960 745.7
1225970 746.0
1225980 747.0
1225990 747.0
1226000 748.4
1226010 750.1
1226020 751.4
1226030 751.4
1226040 752.1
1226050 752.7
1226060 752.7
1226070 753.2
1226080 753.9
1226090 753.9
1226100 755.0
1226110 756.1
1226120 756.1
1226130 756.6
1226140 758.8
1226150 758.8
1226160 759.6
1226170 760.7
1226180 760.7
1226190 761.6
1226200 762.4
1226210 762.4
1226220 763.7
1226230 764.9
1226240 764.9
1226250 765.8
1226260 766.3
1226270 766.3
1226280 766.6
1226290 766.7
1226300 766.8
1226310 766.8
1226320 767.2
1226330 768.0
1226340 768.0
1226350 768.9
1226360 770.0
1226370 770.0
1226380 771.2
1226390 772.8
1226400 772.8
1226410 773.9
1226420 774.3
1226430 774.3
1226440 775.0
1226450 776.0
1226460 776.0
1226470 776.5
1226480 776.9
1226490 776.9
1226500 777.3
1226510 777.4
1226520 777.4
1226530 778.3
1226540 778.7
1226550 778.7
1226560 779.3
1226570 779.9
1226580 780.2
1226590 780.2
1226600 780.2
1226610 780.7
1226620 780.7
1226630 783.1
1226640 783.2
1226650 783.2
1226660 783.2
1226670 783.2
1226680 783.2
1226690 783.5
1226700 784.2
1226710 784.2
1226720 784.3
1226730 784.3
1226740 784.3
1226750 784.7
1226760 785.4
1226770 785.4
1226780 785.8
1226790 786.0
1226800 786.0
1226810 786.1
1226820 786.4
1226830 786.5
1226840 786.5
1226850 786.5
1226860 786.4
1226870 786.4
1226880 786.1
1226890 786.0
1226900 786.0
1226910 786.1
1226920 786.5
1226930 786.5
1226940 786.9
1226950 787.2
1226960 787.2
1226970 786.9
1226980 787.5
1226990 787.5
1227000 788.6
1227010 787.9
1227020 787.9
1227030 787.7
1227040 787.1
1227050 787.1
1227060 786.1
1227070 785.6
1227080 785.6
1227090 784.8
1227100 784.0
1227110 782.9
1227120 782.9
1227130 784.0
1227140 783.8
1227150 783.8
1227160 783.5
1227170 783.0
1227180 783.0
1227190 782.0
1227200 781.1
1227210 781.1
1227220 780.3
1227230 779.3
1227240 779.3
1227250 778.5
1227260 778.3
1227270 778.3
1227280 778.6
1227290 777.7
1227300 777.7
1227310 776.4
1227320 775.8
1227330 775.8
1227340 775.0
1227350 774.5
1227360 773.7
1227370 773.7
1227380 774.5
1227390 774.8
1227400 774.8
1227410 773.2
1227420 771.6
1227430 771.6
1227440 770.8
1227450 770.0
1227460 770.0
1227470 769.2
1227480 768.7
1227490 768.7
1227500 767.7
1227510 766.6
1227520 766.6
1227530 766.2
1227540 765.4
1227550 765.4
1227560 764.3
1227570 763.4
1227580 763.4
1227590 762.6
1227600 761.6
1227610 761.6
1227620 761.7
1227630 760.6
1227640 759.7
1227650 759.7
1227660 758.8
1227670 757.5
1227680 757.5
1227690 756.6
1227700 756.0
1227710 756.0
1227720 755.6
1227730 755.3
1227740 755.3
1227750 755.2
1227760 755.1
1227770 755.1
1227780 755.2
1227790 755.6
1227800 755.6
1227810 756.0
1227820 756.5
1227830 756.5
1227840 757.2
1227850 758.2
1227860 758.2
1227870 759.0
1227880 759.4
1227890 759.4
1227900 758.8
1227910 759.3
1227920 759.8
1227930 759.8
1227940 760.7
1227950 761.9
1227960 761.9
1227970 763.0
1227980 764.1
1227990 764.1
1228000 765.3
1228010 766.7
1228020 766.7
1228030 767.9
1228040 769.1
1228050 769.1
1228060 770.0
1228070 771.1
1228080 771.1
1228090 771.7
1228100 771.9
1228110 771.9
1228120 773.7
1228130 774.6
1228140 774.6
1228150 775.6
1228160 775.8
1228170 775.5
1228180 775.5
1228190 775.7
1228200 775.6
1228210 775.6
1228220 775.8
1228230 775.5
1228240 775.5
1228250 776.4
1228260 777.1
1228270 777.1
1228280 777.8
1228290 778.9
1228300 778.9
1228310 779.7
1228320 780.8
1228330 780.8
1228340 786.3
1228350 793.4
1228360 793.4
1228370 801.0
1228380 808.9
1228390 808.9
1228400 816.1
1228410 823.0
1228420 823.0
1228430 827.2
1228440 829.9
1228450 831.5
1228460 831.5
1228470 834.8
1228480 834.8
1228490 834.8
1228500 831.5
1228510 826.2
1228520 826.2
1228530 821.0
1228540 815.8
1228550 815.8
1228560 810.4
1228570 806.6
1228580 806.6
1228590 802.7
1228600 796.9
1228610 800.9
1228620 797.1
1228630 795.0
1228640 795.0
1228650 789.9
1228660 782.5
1228670 782.5
1228680 781.3
1228690 784.4
1228700 790.9
1228710 790.9
1228720 798.4
1228730 807.6
1228740 807.6
1228750 814.7
1228760 821.3
1228770 821.3
1228780 827.6
1228790 833.3
1228800 833.3
1228810 838.1
1228820 841.9
1228830 841.9
1228840 845.7
1228850 849.2
1228860 849.2
1228870 852.0
1228880 850.7
1228890 850.7
1228900 848.9
1228910 844.2
1228920 844.2
1228930 838.9
1228940 836.2
1228950 836.2
1228960 843.9
1228970 850.9
1228980 856.2
1228990 856.2
1229000 860.5
1229010 865.8
1229020 865.8
1229030 870.9
1229040 875.1
1229050 875.1
1229060 876.4
1229070 877.9
1229080 877.9
1229090 879.9
1229100 880.9
1229110 887.9
1229120 890.0
1229130 894.7
1229140 894.7
1229150 899.3
1229160 901.0
1229170 901.0
1229180 896.6
1229190 890.3
1229200 890.3
1229210 884.8
1229220 881.6
1229230 881.6
1229240 881.2
1229250 883.4
1229260 886.0
1229270 886.0
1229280 887.5
1229290 891.5
1229300 891.5
1229310 897.0
1229320 903.2
1229330 903.2
1229340 908.3
1229350 910.8
1229360 910.8
1229370 909.8
1229380 909.0
1229390 909.0
1229400 909.9
1229410 913.6
1229420 913.6
1229430 917.0
1229440 918.4
1229450 918.4
1229460 920.0
1229470 923.2
1229480 923.2
1229490 927.7
1229500 932.1
1229510 933.1
1229520 933.1
1229530 933.8
1229540 937.8
1229550 937.8
1229560 941.8
1229570 944.5
1229580 944.5
1229590 948.0
1229600 950.8
1229610 956.5
1229620 959.7
1229630 962.8
1229640 962.8
1229650 965.7
1229660 967.6
1229670 967.6
1229680 966.2
1229690 962.5
1229700 962.5
1229710 962.9
1229720 961.0
1229730 961.0
1229740 961.3
1229750 966.6
1229760 966.6
1229770 970.2
1229780 973.3
1229790 978.0
1229800 978.0
1229810 983.9
1229820 990.3
1229830 990.3
1229840 997.5
1229850 1004.4
1229860 1004.4
1229870 1010.4
1229880 1013.6
1229890 1013.6
1229900 1014.3
1229910 1015.7
1229920 1015.7
1229930 1017.7
1229940 1019.9
1229950 1019.9
1229960 1022.3
1229970 1025.3
1229980 1025.3
1229990 1029.8
1230000 1034.6
1230010 1034.6
1230020 1038.9
1230030 1043.5
1230040 1048.0
1230050 1048.0
1230060 1052.5
1230070 1057.2
1230080 1057.2
1230090 1061.7
1230100 1066.1
1230110 1070.3
1230120 1075.0
1230130 1078.7
1230140 1078.7
1230150 1081.0
1230160 1082.3
1230170 1082.3
1230180 1083.5
1230190 1084.8
1230200 1084.8
1230210 1086.3
1230220 1087.8
1230230 1087.8
1230240 1089.5
1230250 1092.3
1230260 1092.3
1230270 1095.5
1230280 1098.1
1230290 1098.1
1230300 1100.0
1230310 1101.8
1230320 1103.7
1230330 1103.7
1230340 1105.1
1230350 1103.9
1230360 1103.9
1230370 1103.1
1230380 1106.5
1230390 1106.5
1230400 1112.5
1230410 1116.8
1230420 1116.8
1230430 1120.6
1230440 1125.0
1230450 1125.0
1230460 1129.1
1230470 1132.1
1230480 1132.1
1230490 1135.3
1230500 1138.2
1230510 1138.2
1230520 1139.5
1230530 1137.3
1230540 1137.3
1230550 1135.8
1230560 1131.5
1230570 1131.5
1230580 1125.9
1230590 1124.6
1230600 1123.4
1230610 1132.4
1230620 1134.8
1230630 1137.3
1230640 1137.3
1230650 1140.1
1230660 1142.9
1230670 1142.9
1230680 1145.6
1230690 1147.4
1230700 1147.4
1230710 1149.7
1230720 1151.7
1230730 1151.7
1230740 1154.2
1230750 1156.4
1230760 1156.4
1230770 1157.5
1230780 1158.5
1230790 1158.5
1230800 1160.5
1230810 1164.2
1230820 1164.2
1230830 1167.5
1230840 1172.1
1230850 1175.7
1230860 1175.7
1230870 1181.1
1230880 1187.6
1230890 1187.6
1230900 1194.6
1230910 1202.9
1230920 1202.9
1230930 1213.0
1230940 1220.9
1230950 1220.9
1230960 1229.7
1230970 1237.9
1230980 1237.9
1230990 1245.4
1231000 1253.2
1231010 1253.2
1231020 1261.0
1231030 1267.7
1231040 1267.7
1231050 1269.8
1231060 1271.0
1231070 1271.0
1231080 1272.6
1231090 1273.6
1231100 1273.6
1231110 1273.9
1231120 1278.2
1231130 1277.6
1231140 1277.6
1231150 1276.8
1231160 1276.2
1231170 1276.2
1231180 1278.7
1231190 1285.3
1231200 1285.3
1231210 1291.1
1231220 1292.9
1231230 1292.9
1231240 1292.3
1231250 1291.6
1231260 1291.6
1231270 1290.5
1231280 1289.4
1231290 1289.4
1231300 1288.3
1231310 1287.3
1231320 1287.3
1231330 1287.5
1231340 1287.5
1231350 1287.5
1231360 1287.8
1231370 1287.3
1231380 1286.3
1231390 1286.3
1231400 1285.7
1231410 1285.5
1231420 1285.5
1231430 1283.4
1231440 1280.9
1231450 1280.9
1231460 1278.9
1231470 1276.9
1231480 1276.9
1231490 1275.3
1231500 1273.3
1231510 1273.3
1231520 1270.5
1231530 1267.9
1231540 1267.9
1231550 1265.8
1231560 1263.5
1231570 1263.5
1231580 1261.3
1231590 1259.4
1231600 1259.4
1231610 1258.6
1231620 1261.0
1231630 1261.0
1231640 1258.6
1231650 1255.3
1231660 1251.6
1231670 1251.6
1231680 1247.5
1231690 1243.7
1231700 1243.7
1231710 1239.9
1231720 1236.0
1231730 1236.0
1231740 1231.2
1231750 1227.0
1231760 1227.0
1231770 1220.7
1231780 1212.7
1231790 1212.7
1231800 1205.2
1231810 1198.1
1231820 1198.1
1231830 1190.2
1231840 1181.9
1231850 1181.9
1231860 1173.0
1231870 1164.6
1231880 1164.6
1231890 1155.9
1231900 1147.1
1231910 1147.1
1231920 1138.4
1231930 1127.0
1231940 1112.8
1231950 1112.8
1231960 1106.3
1231970 1108.8
1231980 1108.8
1231990 1119.7
1232000 1131.8
1232010 1131.8
1232020 1139.5
1232030 1143.2
1232040 1143.2
1232050 1141.9
1232060 1140.4
1232070 1140.4
1232080 1144.5
1232090 1142.1
1232100 1142.1
1232110 1140.4
1232120 1147.0
1232130 1147.0
1232140 1145.5
1232150 1144.9
1232160 1144.9
1232170 1148.9
1232180 1156.9
1232190 1165.2
1232200 1165.2
1232210 1173.1
1232220 1180.5
1232230 1180.5
1232240 1188.5
1232250 1195.7
1232260 1195.7
1232270 1200.5
1232280 1204.3
1232290 1204.3
1232300 1208.5
1232310 1212.8
1232320 1212.8
1232330 1217.2
1232340 1221.5
1232350 1221.5
1232360 1224.7
1232370 1228.3
1232380 1228.3
1232390 1233.3
1232400 1240.4
1232410 1240.4
1232420 1246.0
1232430 1253.5
1232440 1253.5
1232450 1258.7
1232460 1263.5
1232470 1267.9
1232480 1267.9
1232490 1272.7
1232500 1278.0
1232510 1278.0
1232520 1282.5
1232530 1287.3
1232540 1287.3
1232550 1292.2
1232560 1297.0
1232570 1297.0
1232580 1302.7
1232590 1306.8
1232600 1306.8
1232610 1308.9
1232620 1310.0
1232630 1314.0
1232640 1315.5
1232650 1317.2
1232660 1317.2
1232670 1319.5
1232680 1322.0
1232690 1322.0
1232700 1324.9
1232710 1328.1
1232720 1330.7
1232730 1330.7
1232740 1333.6
1232750 1336.2
1232760 1336.2
1232770 1339.1
1232780 1342.6
1232790 1342.6
1232800 1345.7
1232810 1348.7
1232820 1348.7
1232830 1351.2
1232840 1353.1
1232850 1353.1
1232860 1355.0
1232870 1356.6
1232880 1356.6
1232890 1358.3
1232900 1359.5
1232910 1359.5
1232920 1360.4
1232930 1361.7
1232940 1361.7
1232950 1362.9
1232960 1363.7
1232970 1363.7
1232980 1364.5
1232990 1365.4
1233000 1366.1
1233010 1366.1
1233020 1366.7
1233030 1367.2
1233040 1367.2
1233050 1367.0
1233060 1366.4
1233070 1366.4
1233080 1364.8
1233090 1362.0
1233100 1362.0
1233110 1358.2
1233120 1354.6
1233130 1358.5
1233140 1354.6
1233150 1350.4
1233160 1350.4
1233170 1346.5
1233180 1342.7
1233190 1342.7
1233200 1338.8
1233210 1334.4
1233220 1334.4
1233230 1329.6
1233240 1324.8
1233250 1324.8
1233260 1320.1
1233270 1315.9
1233280 1312.1
1233290 1312.1
1233300 1307.8
1233310 1303.5
1233320 1303.5
1233330 1299.4
1233340 1295.3
1233350 1295.3
1233360 1291.4
1233370 1288.4
1233380 1288.4
1233390 1284.7
1233400 1278.9
1233410 1278.9
1233420 1274.5
1233430 1271.9
1233440 1271.9
1233450 1267.5
1233460 1264.9
1233470 1264.9
1233480 1263.9
1233490 1261.6
1233500 1261.6
1233510 1258.3
1233520 1254.6
1233530 1251.0
1233540 1251.0
1233550 1246.6
1233560 1242.2
1233570 1242.2
1233580 1238.5
1233590 1235.5
1233600 1235.5
1233610 1232.6
1233620 1228.5
1233630 1228.5
1233640 1226.7
1233650 1222.2
1233660 1222.2
1233670 1215.9
1233680 1209.8
1233690 1209.8
1233700 1206.1
1233710 1207.8
1233720 1207.8
1233730 1210.5
1233740 1211.2
1233750 1211.2
1233760 1210.1
1233770 1208.1
1233780 1208.1
1233790 1207.2
1233800 1205.3
1233810 1203.4
1233820 1203.4
1233830 1201.8
1233840 1199.0
1233850 1199.0
1233860 1193.6
1233870 1187.7
1233880 1187.7
1233890 1183.9
1233900 1180.4
1233910 1180.4
1233920 1174.5
1233930 1168.3
1233940 1168.3
1233950 1164.6
1233960 1163.7
1233970 1163.7
1233980 1160.7
1233990 1154.4
1234000 1154.4
1234010 1147.6
1234020 1140.5
1234030 1140.5
1234040 1135.0
1234050 1138.2
1234060 1146.2
1234070 1146.2
1234080 1154.5
1234090 1162.7
1234100 1162.7
1234110 1169.6
1234120 1176.4
1234130 1176.4
1234140 1183.1
1234150 1191.8
1234160 1191.8
1234170 1198.6
1234180 1205.6
1234190 1205.6
1234200 1212.3
1234210 1218.0
1234220 1218.0
1234230 1218.7
1234240 1215.4
1234250 1215.4
1234260 1211.8
1234270 1212.1
1234280 1212.1
1234290 1214.8
1234300 1214.4
1234310 1214.4
1234320 1209.8
1234330 1202.3
1234340 1194.5
1234350 1194.5
1234360 1187.5
1234370 1180.2
1234380 1180.2
1234390 1174.4
1234400 1172.1
1234410 1172.1
1234420 1170.1
1234430 1167.8
1234440 1167.8
1234450 1166.5
1234460 1165.8
1234470 1165.8
1234480 1161.7
1234490 1155.2
1234500 1155.2
1234510 1156.4
1234520 1163.7
1234530 1163.7
1234540 1167.8
1234550 1170.4
1234560 1170.4
1234570 1171.3
1234580 1171.5
1234590 1171.5
1234600 1172.9
1234610 1174.9
1234620 1176.3
1234630 1176.3
1234640 1176.7
1234650 1176.6
1234660 1181.9
1234670 1183.6
1234680 1190.1
1234690 1190.1
1234700 1197.7
1234710 1205.1
1234720 1205.1
1234730 1211.7
1234740 1217.1
1234750 1217.1
1234760 1219.7
1234770 1221.8
1234780 1221.8
1234790 1224.1
1234800 1226.1
1234810 1226.1
1234820 1227.9
1234830 1230.0
1234840 1230.0
1234850 1231.7
1234860 1232.3
1234870 1233.4
1234880 1233.4
1234890 1234.2
1234900 1234.2
1234910 1234.2
1234920 1233.8
1234930 1233.5
1234940 1233.5
1234950 1233.6
1234960 1233.3
1234970 1233.3
1234980 1232.9
1234990 1232.6
1235000 1232.6
1235010 1232.5
1235020 1231.9
1235030 1231.9
1235040 1231.5
1235050 1231.3
1235060 1231.3
1235070 1231.1
1235080 1230.5
1235090 1230.5
1235100 1229.5
1235110 1228.7
1235120 1228.7
1235130 1227.8
1235140 1226.6
1235150 1225.7
1235160 1225.7
1235170 1230.2
1235180 1229.8
1235190 1229.8
1235200 1229.2
1235210 1229.5
1235220 1229.5
1235230 1229.2
1235240 1229.6
1235250 1229.6
1235260 1230.3
1235270 1230.4
1235280 1230.4
1235290 1230.5
1235300 1230.4
1235310 1230.4
1235320 1230.4
1235330 1230.2
1235340 1230.2
1235350 1229.3
1235360 1229.3
1235370 1229.3
1235380 1229.3
1235390 1229.3
1235400 1229.9
1235410 1229.9
1235420 1230.1
1235430 1230.2
1235440 1230.2
1235450 1229.8
1235460 1228.7
1235470 1228.7
1235480 1228.6
1235490 1228.6
1235500 1228.6
1235510 1228.7
1235520 1228.7
1235530 1228.7
1235540 1228.8
1235550 1228.3
1235560 1228.3
1235570 1227.2
1235580 1226.4
1235590 1226.4
1235600 1225.9
1235610 1225.0
1235620 1225.0
1235630 1224.2
1235640 1223.3
1235650 1223.3
1235660 1222.2
1235670 1220.8
1235680 1224.4
1235690 1224.4
1235700 1221.5
1235710 1218.0
1235720 1218.0
1235730 1214.9
1235740 1212.2
1235750 1212.2
1235760 1209.2
1235770 1206.3
1235780 1206.3
1235790 1202.7
1235800 1198.5
1235810 1198.5
1235820 1194.4
1235830 1190.2
1235840 1190.2
1235850 1186.3
1235860 1182.2
1235870 1182.2
1235880 1178.2
1235890 1174.6
1235900 1174.6
1235910 1170.8
1235920 1166.6
1235930 1162.1
1235940 1162.1
1235950 1157.8
1235960 1153.8
1235970 1153.8
1235980 1150.1
1235990 1146.7
1236000 1146.7
1236010 1143.6
1236020 1139.7
1236030 1139.7
1236040 1134.7
1236050 1130.4
1236060 1130.4
1236070 1125.6
1236080 1119.9
1236090 1119.9
1236100 1114.6
1236110 1109.5
1236120 1109.5
1236130 1103.9
1236140 1099.2
1236150 1099.2
1236160 1095.1
1236170 1091.5
1236180 1091.5
1236190 1089.3
1236200 1085.0
1236210 1080.7
1236220 1080.7
1236230 1076.6
1236240 1072.5
1236250 1072.5
1236260 1068.2
1236270 1063.5
1236280 1063.5
1236290 1059.3
1236300 1055.6
1236310 1055.6
1236320 1052.3
1236330 1049.3
1236340 1049.3
1236350 1045.5
1236360 1041.2
1236370 1041.2
1236380 1037.7
1236390 1034.6
1236400 1034.6
1236410 1031.0
1236420 1027.1
1236430 1027.1
1236440 1023.1
1236450 1019.6
1236460 1019.6
1236470 1016.3
1236480 1013.6
1236490 1011.2
1236500 1011.2
1236510 1007.8
1236520 1004.8
1236530 1004.8
1236540 1001.2
1236550 997.8
1236560 997.8
1236570 997.0
1236580 996.1
1236590 996.1
1236600 993.7
1236610 990.5
1236620 990.5
1236630 986.9
1236640 983.0
1236650 983.0
1236660 978.3
1236670 973.9
1236680 973.9
1236690 970.4
1236700 965.8
1236710 966.2
1236720 956.4
1236730 945.4
1236740 935.0
1236750 935.0
1236760 924.8
1236770 916.2
1236780 916.2
1236790 908.6
1236800 900.3
1236810 900.3
1236820 890.7
1236830 876.3
1236840 876.3
1236850 862.9
1236860 854.0
1236870 854.0
1236880 854.3
1236890 866.2
1236900 866.2
1236910 882.4
1236920 895.7
1236930 895.7
1236940 904.7
1236950 912.8
1236960 912.8
1236970 920.2
1236980 926.3
1236990 926.3
1237000 930.9
1237010 935.1
1237020 938.1
1237030 938.1
1237040 940.0
1237050 942.2
1237060 942.2
1237070 945.2
1237080 948.1
1237090 948.1
1237100 950.0
1237110 952.2
1237120 952.2
1237130 954.3
1237140 955.2
1237150 955.2
1237160 956.1
1237170 956.8
1237180 956.8
1237190 956.9
1237200 956.6
1237210 956.6
1237220 956.9
1237230 955.9
1237240 955.9
1237250 955.2
1237260 955.6
1237270 957.0
1237280 957.0
1237290 957.8
1237300 958.8
1237310 958.8
1237320 961.6
1237330 965.2
1237340 965.2
1237350 968.2
1237360 969.8
1237370 969.8
1237380 968.4
1237390 965.0
1237400 965.0
1237410 961.7
1237420 960.0
1237430 960.0
1237440 962.2
1237450 964.8
1237460 964.8
1237470 965.1
1237480 965.1
1237490 965.1
1237500 965.0
1237510 965.9
1237520 965.9
1237530 966.9
1237540 966.3
1237550 965.2
1237560 965.2
1237570 965.0
1237580 964.8
1237590 964.8
1237600 963.9
1237610 962.3
1237620 962.3
1237630 960.4
1237640 958.3
1237650 958.3
1237660 955.5
1237670 951.9
1237680 951.9
1237690 948.7
1237700 945.5
1237710 945.5
1237720 942.8
1237730 939.9
1237740 945.5
1237750 942.8
1237760 939.7
1237770 939.7
1237780 936.0
1237790 933.1
1237800 933.1
1237810 930.3
1237820 927.8
1237830 925.7
1237840 925.7
1237850 923.3
1237860 920.7
1237870 920.7
1237880 918.6
1237890 916.5
1237900 916.5
1237910 913.8
1237920 911.3
1237930 911.3
1237940 909.2
1237950 907.1
1237960 907.1
1237970 905.2
1237980 903.1
1237990 903.1
1238000 900.9
1238010 899.0
1238020 899.0
1238030 897.6
1238040 895.9
1238050 895.9
1238060 894.4
1238070 893.0
1238080 891.7
1238090 891.7
1238100 890.1
1238110 888.3
1238120 888.3
1238130 887.0
1238140 886.0
1238150 886.0
1238160 885.1
1238170 883.8
1238180 883.8
1238190 882.6
1238200 881.3
1238210 881.3
1238220 879.7
1238230 878.6
1238240 878.6
1238250 878.1
1238260 877.0
1238270 877.0
1238280 876.1
1238290 875.0
1238300 875.0
1238310 872.9
1238320 871.2
1238330 871.2
1238340 869.9
1238350 869.2
1238360 867.9
1238370 867.9
1238380 866.5
1238390 865.3
1238400 865.3
1238410 864.4
1238420 863.2
1238430 863.2
1238440 861.8
1238450 860.6
1238460 860.6
1238470 859.6
1238480 859.0
1238490 859.0
1238500 858.3
1238510 857.0
1238520 857.0
1238530 855.7
1238540 854.7
1238550 854.7
1238560 853.6
1238570 852.4
1238580 852.4
1238590 851.1
1238600 849.6
1238610 848.2
1238620 848.2
1238630 846.4
1238640 844.1
1238650 844.1
1238660 840.4
1238670 837.3
1238680 837.3
1238690 833.5
1238700 830.8
1238710 830.8
1238720 829.8
1238730 828.4
1238740 828.4
1238750 827.4
1238760 826.3
1238770 826.8
1238780 825.8
1238790 824.9
1238800 824.9
1238810 823.9
1238820 822.0
1238830 822.0
1238840 820.1
1238850 817.7
1238860 817.7
1238870 815.9
1238880 813.8
1238890 811.9
1238900 811.9
1238910 810.2
1238920 808.8
1238930 808.8
1238940 808.2
1238950 807.6
1238960 807.6
1238970 806.6
1238980 805.5
1238990 805.5
1239000 804.3
1239010 803.2
1239020 803.2
1239030 802.4
1239040 800.9
1239050 800.9
1239060 799.9
1239070 799.4
1239080 799.4
1239090 798.6
1239100 798.0
1239110 798.0
1239120 797.6
1239130 796.9
1239140 795.5
1239150 795.5
1239160 794.1
1239170 792.0
1239180 792.0
1239190 789.6
1239200 787.3
1239210 787.3
1239220 785.6
1239230 784.4
1239240 784.4
1239250 783.3
1239260 782.7
1239270 782.7
1239280 779.0
1239290 775.9
1239300 775.9
1239310 777.8
1239320 779.4
1239330 779.4
1239340 779.6
1239350 779.1
1239360 779.1
1239370 778.3
1239380 777.2
1239390 777.2
1239400 776.0
1239410 775.0
1239420 773.5
1239430 773.5
1239440 772.5
1239450 772.4
1239460 772.4
1239470 772.4
1239480 771.4
1239490 771.4
1239500 770.5
1239510 770.5
1239520 770.5
1239530 769.2
1239540 763.9
1239550 763.9
1239560 763.1
1239570 768.4
1239580 768.4
1239590 771.0
1239600 770.0
1239610 770.0
1239620 768.8
1239630 768.0
1239640 768.0
1239650 767.1
1239660 765.7
1239670 765.7
1239680 764.2
1239690 763.2
1239700 762.4
1239710 762.4
1239720 761.4
1239730 760.3
1239740 760.3
1239750 759.4
1239760 756.4
1239770 756.4
1239780 751.5
1239790 747.4
1239800 747.4
1239810 744.9
1239820 742.2
1239830 742.2
1239840 741.1
1239850 743.2
1239860 743.2
1239870 747.4
1239880 749.4
1239890 749.4
1239900 748.8
1239910 746.7
1239920 746.7
1239930 744.1
1239940 743.5
1239950 744.7
1239960 744.7
1239970 745.5
1239980 745.3
1239990 745.3
