1220000 771.0
1220010 772.0
1220020 771.5
1220030 771.5
1220040 770.3
1220050 768.1
1220060 768.1
1220070 769.4
1220080 773.0
1220090 773.0
1220100 777.5
1220110 780.2
1220120 780.2
1220130 781.8
1220140 784.2
1220150 784.2
1220160 786.4
1220170 787.5
1220180 787.5
1220190 788.0
1220200 787.5
1220210 787.5
1220220 787.2
1220230 787.0
1220240 786.9
1220250 785.1
1220260 784.7
1220270 783.5
1220280 783.5
1220290 781.8
1220300 780.8
1220310 780.8
1220320 780.5
1220330 781.1
1220340 781.1
1220350 782.2
1220360 783.3
1220370 783.3
1220380 784.1
1220390 784.6
1220400 784.6
1220410 784.9
1220420 784.9
1220430 784.9
1220440 784.9
1220450 785.0
1220460 785.0
1220470 784.9
1220480 785.0
1220490 785.0
1220500 785.4
1220510 786.0
1220520 786.5
1220530 786.5
1220540 786.9
1220550 787.3
1220560 787.3
1220570 787.6
1220580 787.8
1220590 787.8
1220600 788.1
1220610 788.2
1220620 788.2
1220630 788.3
1220640 788.2
1220650 788.2
1220660 787.9
1220670 787.7
1220680 787.7
1220690 787.6
1220700 787.6
1220710 787.6
1220720 787.4
1220730 786.3
1220740 786.3
1220750 786.5
1220760 786.6
1220770 786.6
1220780 786.8
1220790 787.2
1220800 787.8
1220810 787.8
1220820 788.6
1220830 789.5
1220840 789.5
1220850 790.9
1220860 791.7
1220870 791.7
1220880 792.9
1220890 793.2
1220900 793.2
1220910 793.5
1220920 793.8
1220930 793.8
1220940 794.1
1220950 794.5
1220960 794.5
1220970 795.8
1220980 797.7
1220990 797.7
1221000 798.2
1221010 798.6
1221020 798.6
1221030 799.9
1221040 802.5
1221050 802.5
1221060 804.3
1221070 805.1
1221080 804.9
1221090 804.9
1221100 805.7
1221110 809.0
1221120 809.0
1221130 814.7
1221140 817.5
1221150 817.5
1221160 818.8
1221170 819.9
1221180 819.9
1221190 821.1
1221200 822.3
1221210 822.6
1221220 823.3
1221230 824.1
1221240 824.1
1221250 825.1
1221260 826.0
1221270 826.0
1221280 826.7
1221290 827.3
1221300 827.3
1221310 828.0
1221320 829.2
1221330 830.1
1221340 830.1
1221350 830.6
1221360 831.0
1221370 831.0
1221380 831.3
1221390 831.6
1221400 831.6
1221410 831.7
1221420 831.7
1221430 831.7
1221440 831.7
1221450 831.4
1221460 831.4
1221470 831.2
1221480 831.2
1221490 831.2
1221500 831.4
1221510 831.5
1221520 831.5
1221530 831.7
1221540 832.0
1221550 832.0
1221560 832.6
1221570 833.7
1221580 833.7
1221590 835.9
1221600 839.1
1221610 840.6
1221620 840.6
1221630 840.5
1221640 838.9
1221650 838.9
1221660 836.8
1221670 836.0
1221680 836.0
1221690 836.1
1221700 838.9
1221710 838.9
1221720 841.4
1221730 843.5
1221740 843.5
1221750 845.9
1221760 846.6
1221770 846.6
1221780 847.4
1221790 848.4
1221800 848.4
1221810 848.4
1221820 847.3
1221830 847.3
1221840 846.2
1221850 846.9
1221860 846.9
1221870 848.2
1221880 849.0
1221890 848.7
1221900 848.7
1221910 844.9
1221920 840.1
1221930 840.1
1221940 837.6
1221950 837.6
1221960 837.6
1221970 839.8
1221980 842.2
1221990 842.2
1222000 843.2
1222010 843.7
1222020 843.7
1222030 841.5
1222040 838.0
1222050 838.0
1222060 833.7
1222070 831.0
1222080 831.0
1222090 831.0
1222100 831.0
1222110 831.0
1222120 831.0
1222130 833.2
1222140 835.3
1222150 835.3
1222160 836.2
1222170 837.9
1222180 835.4
1222190 836.9
1222200 836.3
1222210 836.3
1222220 834.3
1222230 834.8
1222240 834.8
1222250 836.6
1222260 837.7
1222270 837.7
1222280 836.5
1222290 833.7
1222300 833.7
1222310 831.0
1222320 828.3
1222330 828.3
1222340 825.0
1222350 821.7
1222360 821.7
1222370 818.6
1222380 816.6
1222390 816.6
1222400 815.4
1222410 814.2
1222420 813.5
1222430 813.5
1222440 813.2
1222450 812.2
1222460 812.2
1222470 810.3
1222480 807.7
1222490 807.7
1222500 804.9
1222510 802.7
1222520 802.7
1222530 800.2
1222540 796.2
1222550 796.2
1222560 792.7
1222570 790.6
1222580 790.6
1222590 789.5
1222600 788.7
1222610 788.7
1222620 787.7
1222630 786.6
1222640 786.6
1222650 785.3
1222660 783.4
1222670 781.7
1222680 780.6
1222690 779.4
1222700 778.7
1222710 778.7
1222720 778.0
1222730 777.4
1222740 777.4
1222750 776.9
1222760 776.5
1222770 776.5
1222780 776.9
1222790 778.4
1222800 778.4
1222810 778.3
1222820 777.4
1222830 777.4
1222840 777.0
1222850 777.1
1222860 777.1
1222870 777.2
1222880 777.1
1222890 777.1
1222900 776.9
1222910 777.0
1222920 777.0
1222930 776.3
1222940 775.8
1222950 777.5
1222960 777.5
1222970 777.7
1222980 773.8
1222990 773.8
1223000 764.1
1223010 752.0
1223020 752.0
1223030 759.3
1223040 762.6
1223050 762.6
1223060 762.4
1223070 760.4
1223080 760.4
1223090 757.1
1223100 752.8
1223110 752.8
1223120 748.5
1223130 744.5
1223140 744.5
1223150 733.9
1223160 732.0
1223170 732.0
1223180 729.2
1223190 725.1
1223200 725.1
1223210 719.3
1223220 716.9
1223230 714.6
1223240 714.6
1223250 711.9
1223260 709.8
1223270 709.8
1223280 708.4
1223290 706.5
1223300 706.5
1223310 702.3
1223320 695.7
1223330 695.7
1223340 687.4
1223350 682.7
1223360 682.7
1223370 679.2
1223380 677.5
1223390 677.5
1223400 676.8
1223410 676.7
1223420 676.7
1223430 675.9
1223440 676.5
1223450 676.5
1223460 676.2
1223470 677.6
1223480 677.6
1223490 678.7
1223500 679.9
1223510 681.5
1223520 681.5
1223530 681.5
1223540 673.8
1223550 673.8
1223560 656.8
1223570 652.8
1223580 652.8
1223590 651.3
1223600 650.2
1223610 650.2
1223620 649.3
1223630 648.4
1223640 641.0
1223650 640.0
1223660 638.0
1223670 638.0
1223680 638.3
1223690 639.7
1223700 639.7
1223710 634.1
1223720 632.9
1223730 632.9
1223740 632.7
1223750 632.7
1223760 632.7
1223770 632.7
1223780 632.8
1223790 632.6
1223800 632.6
1223810 632.0
1223820 631.0
1223830 631.0
1223840 630.3
1223850 630.1
1223860 630.1
1223870 630.0
1223880 629.8
1223890 629.8
1223900 629.7
1223910 629.6
1223920 629.6
1223930 629.6
1223940 629.6
1223950 629.6
1223960 629.6
1223970 629.5
1223980 629.5
1223990 629.5
1224000 629.5
1224010 629.5
1224020 629.5
1224030 629.5
1224040 629.5
1224050 629.5
1224060 629.6
1224070 629.5
1224080 629.5
1224090 629.5
1224100 629.6
1224110 629.6
1224120 629.7
1224130 629.6
1224140 629.6
1224150 629.6
1224160 629.6
1224170 629.6
1224180 629.6
1224190 629.6
1224200 629.6
1224210 629.6
1224220 629.6
1224230 629.6
1224240 629.6
1224250 629.6
1224260 629.6
1224270 629.6
1224280 629.6
1224290 629.6
1224300 629.6
1224310 629.5
1224320 629.5
1224330 629.5
1224340 629.5
1224350 629.5
1224360 629.5
1224370 629.5
1224380 629.5
1224390 629.5
1224400 629.4
1224410 629.4
1224420 629.4
1224430 629.4
1224440 629.4
1224450 629.4
1224460 629.4
1224470 629.4
1224480 629.4
1224490 629.4
1224500 629.3
1224510 629.3
1224520 629.3
1224530 629.3
1224540 629.3
1224550 629.2
1224560 629.2
1224570 629.2
1224580 629.2
1224590 629.2
1224600 629.1
1224610 629.1
1224620 629.1
1224630 629.0
1224640 629.0
1224650 629.1
1224660 629.1
1224670 629.1
1224680 629.1
1224690 629.3
1224700 629.3
1224710 629.4
1224720 629.8
1224730 629.8
1224740 630.3
1224750 631.1
1224760 631.1
1224770 631.6
1224780 631.4
1224790 631.4
1224800 630.9
1224810 630.5
1224820 630.5
1224830 630.2
1224840 630.0
1224850 629.8
1224860 629.8
1224870 629.5
1224880 629.5
1224890 629.5
1224900 629.9
1224910 630.9
1224920 630.9
1224930 631.8
1224940 632.2
1224950 632.2
1224960 632.0
1224970 632.1
1224980 632.1
1224990 632.3
1225000 632.6
1225010 632.6
1225020 632.8
1225030 633.0
1225040 633.0
1225050 633.2
1225060 633.3
1225070 633.3
1225080 633.3
1225090 633.4
1225100 633.4
1225110 633.1
1225120 633.0
1225130 632.8
1225140 632.8
1225150 632.6
1225160 632.4
1225170 632.4
1225180 632.3
1225190 632.5
1225200 632.5
1225210 632.8
1225220 633.0
1225230 633.0
1225240 633.2
1225250 633.2
1225260 633.2
1225270 633.0
1225280 632.7
1225290 632.7
1225300 632.4
1225310 632.1
1225320 632.1
1225330 632.0
1225340 631.8
1225350 631.8
1225360 631.8
1225370 631.8
1225380 631.7
1225390 631.7
1225400 631.8
1225410 632.0
1225420 632.0
1225430 634.7
1225440 640.1
1225450 640.1
1225460 640.0
1225470 634.6
1225480 634.6
1225490 632.1
1225500 632.1
1225510 632.1
1225520 632.3
1225530 632.5
1225540 632.5
1225550 632.5
1225560 632.4
1225570 632.4
1225580 632.5
1225590 632.6
1225600 632.7
1225610 632.6
1225620 632.4
1225630 632.4
1225640 632.1
1225650 632.0
1225660 631.8
1225670 631.8
1225680 631.9
1225690 631.9
1225700 631.9
1225710 631.9
1225720 631.9
1225730 631.9
1225740 631.8
1225750 631.8
1225760 631.8
1225770 631.8
1225780 631.8
1225790 631.8
1225800 631.8
1225810 631.8
1225820 631.8
1225830 631.8
1225840 631.8
1225850 631.8
1225860 631.8
1225870 631.8
1225880 631.8
1225890 631.9
1225900 631.9
1225910 631.9
1225920 631.8
1225930 631.6
1225940 631.6
1225950 631.6
1225960 631.6
1225970 631.7
1225980 631.7
1225990 631.6
1226000 631.5
1226010 631.5
1226020 631.2
1226030 631.0
1226040 631.0
1226050 632.1
1226060 632.9
1226070 632.9
1226080 632.9
1226090 632.8
1226100 633.2
1226110 634.6
1226120 636.6
1226130 636.6
1226140 639.5
1226150 641.7
1226160 641.7
1226170 642.3
1226180 643.1
1226190 643.1
1226200 644.1
1226210 645.2
1226220 646.0
1226230 646.0
1226240 646.8
1226250 647.5
1226260 647.5
1226270 648.1
1226280 648.4
1226290 648.4
1226300 648.6
1226310 648.9
1226320 648.9
1226330 649.3
1226340 649.8
1226350 649.8
1226360 650.4
1226370 651.0
1226380 651.0
1226390 651.8
1226400 652.8
1226410 652.8
1226420 653.8
1226430 654.3
1226440 654.3
1226450 654.6
1226460 655.0
1226470 655.4
1226480 655.4
1226490 655.9
1226500 656.4
1226510 656.4
1226520 656.8
1226530 657.2
1226540 657.2
1226550 657.7
1226560 658.3
1226570 658.3
1226580 658.8
1226590 660.2
1226600 660.2
1226610 660.5
1226620 660.8
1226630 660.8
1226640 661.0
1226650 661.4
1226660 661.4
1226670 661.6
1226680 661.7
1226690 661.7
1226700 661.7
1226710 661.6
1226720 661.6
1226730 661.5
1226740 661.2
1226750 661.0
1226760 661.0
1226770 660.9
1226780 660.9
1226790 660.9
1226800 660.6
1226810 660.5
1226820 660.5
1226830 660.5
1226840 660.5
1226850 660.5
1226860 660.6
1226870 660.5
1226880 660.5
1226890 660.6
1226900 660.6
1226910 660.6
1226920 660.7
1226930 660.8
1226940 660.8
1226950 660.9
1226960 660.8
1226970 660.8
1226980 660.7
1226990 660.5
1227000 660.5
1227010 660.4
1227020 660.2
1227030 660.1
1227040 660.1
1227050 660.1
1227060 660.0
1227070 660.0
1227080 661.2
1227090 661.2
1227100 661.2
1227110 661.2
1227120 661.1
1227130 661.1
1227140 661.1
1227150 661.1
1227160 661.1
1227170 661.2
1227180 661.2
1227190 661.2
1227200 661.2
1227210 661.3
1227220 661.3
1227230 661.3
1227240 661.3
1227250 661.3
1227260 661.2
1227270 661.0
1227280 660.8
1227290 660.8
1227300 660.5
1227310 660.2
1227320 660.2
1227330 660.1
1227340 659.8
1227350 659.8
1227360 659.7
1227370 659.6
1227380 659.6
1227390 659.5
1227400 659.7
1227410 659.7
1227420 659.9
1227430 659.9
1227440 659.9
1227450 659.9
1227460 660.5
1227470 660.5
1227480 661.3
1227490 661.3
1227500 661.3
1227510 661.9
1227520 663.5
1227530 663.5
1227540 663.8
1227550 662.9
1227560 662.0
1227570 662.0
1227580 662.9
1227590 662.9
1227600 662.9
1227610 662.6
1227620 661.6
1227630 661.6
1227640 661.9
1227650 662.0
1227660 662.0
1227670 661.7
1227680 661.2
1227690 661.2
1227700 661.0
1227710 661.1
1227720 661.1
1227730 660.9
1227740 661.2
1227750 661.2
1227760 661.5
1227770 661.7
1227780 661.7
1227790 661.6
1227800 661.5
1227810 661.5
1227820 661.4
1227830 661.2
1227840 661.6
1227850 661.6
1227860 661.7
1227870 661.2
1227880 661.2
1227890 660.8
1227900 660.5
1227910 660.5
1227920 660.5
1227930 660.1
1227940 660.1
1227950 660.0
1227960 660.2
1227970 660.2
1227980 660.6
1227990 660.8
1228000 660.8
1228010 660.8
1228020 660.3
1228030 660.3
1228040 660.2
1228050 660.5
1228060 660.5
1228070 661.0
1228080 660.5
1228090 660.4
1228100 660.4
1228110 660.7
1228120 661.1
1228130 661.1
1228140 661.5
1228150 661.7
1228160 661.7
1228170 661.6
1228180 661.3
1228190 661.3
1228200 660.9
1228210 660.3
1228220 660.3
1228230 659.8
1228240 659.3
1228250 659.3
1228260 658.9
1228270 658.5
1228280 658.5
1228290 658.1
1228300 657.8
1228310 657.8
1228320 657.5
1228330 657.3
1228340 657.3
1228350 657.3
1228360 657.3
1228370 657.3
1228380 657.3
1228390 657.3
1228400 657.2
1228410 657.2
1228420 657.2
1228430 657.0
1228440 657.0
1228450 656.7
1228460 656.1
1228470 656.1
1228480 655.6
1228490 655.2
1228500 655.2
1228510 654.8
1228520 654.3
1228530 654.3
1228540 653.9
1228550 653.4
1228560 653.4
1228570 653.8
1228580 653.4
1228590 653.4
1228600 653.0
1228610 652.7
1228620 652.7
1228630 652.4
1228640 652.1
1228650 651.9
1228660 651.9
1228670 651.7
1228680 651.5
1228690 651.5
1228700 651.2
1228710 651.0
1228720 651.0
1228730 650.6
1228740 650.2
1228750 650.2
1228760 649.8
1228770 649.5
1228780 649.5
1228790 649.1
1228800 648.6
1228810 648.6
1228820 647.8
1228830 647.2
1228840 647.2
1228850 646.9
1228860 646.5
1228870 646.5
1228880 646.0
1228890 645.5
1228900 644.8
1228910 644.8
1228920 644.2
1228930 643.8
1228940 643.8
1228950 643.4
1228960 642.9
1228970 642.9
1228980 642.5
1228990 642.1
1229000 642.1
1229010 641.9
1229020 641.6
1229030 641.6
1229040 641.5
1229050 641.6
1229060 641.6
1229070 641.2
1229080 640.6
1229090 640.6
1229100 640.2
1229110 639.8
1229120 639.8
1229130 639.5
1229140 639.2
1229150 639.2
1229160 638.7
1229170 638.3
1229180 638.0
1229190 638.0
1229200 637.7
1229210 637.4
1229220 637.4
1229230 637.1
1229240 636.8
1229250 636.8
1229260 636.5
1229270 636.2
1229280 636.2
1229290 635.8
1229300 635.5
1229310 635.5
1229320 635.1
1229330 634.7
1229340 634.7
1229350 634.5
1229360 634.4
1229370 634.4
1229380 634.1
1229390 633.9
1229400 633.9
1229410 633.6
1229420 633.2
1229430 633.2
1229440 633.0
1229450 632.7
1229460 632.0
1229470 632.0
1229480 631.1
1229490 629.4
1229500 629.4
1229510 630.1
1229520 631.0
1229530 631.0
1229540 632.2
1229550 633.1
1229560 633.1
1229570 634.8
1229580 635.0
1229590 635.0
1229600 636.0
1229610 637.9
1229620 637.9
1229630 638.7
1229640 640.9
1229650 640.9
1229660 644.0
1229670 644.5
1229680 644.5
1229690 646.2
1229700 649.3
1229710 652.5
1229720 652.5
1229730 655.6
1229740 658.0
1229750 658.0
1229760 659.7
1229770 660.8
1229780 660.8
1229790 663.2
1229800 666.7
1229810 666.7
1229820 669.9
1229830 673.5
1229840 673.5
1229850 677.3
1229860 679.2
1229870 679.2
1229880 680.5
1229890 681.7
1229900 681.7
1229910 682.9
1229920 684.8
1229930 684.8
1229940 687.3
1229950 689.8
1229960 689.8
1229970 691.6
1229980 693.1
1229990 694.6
1230000 694.6
1230010 696.3
1230020 698.2
1230030 698.2
1230040 699.2
1230050 699.0
1230060 699.0
1230070 703.2
1230080 702.0
1230090 702.0
1230100 701.9
1230110 704.2
1230120 704.2
1230130 708.0
1230140 709.8
1230150 709.8
1230160 712.8
1230170 717.9
1230180 717.9
1230190 722.4
1230200 725.1
1230210 725.1
1230220 727.2
1230230 729.6
1230240 729.6
1230250 731.0
1230260 732.4
1230270 734.1
1230280 734.1
1230290 736.0
1230300 738.4
1230310 738.4
1230320 741.4
1230330 744.0
1230340 744.0
1230350 746.4
1230360 748.1
1230370 748.1
1230380 750.0
1230390 752.6
1230400 752.6
1230410 755.3
1230420 758.0
1230430 758.0
1230440 760.5
1230450 762.7
1230460 762.7
1230470 765.0
1230480 767.2
1230490 767.2
1230500 768.9
1230510 770.2
1230520 771.4
1230530 771.4
1230540 772.5
1230550 774.2
1230560 774.2
1230570 782.8
1230580 787.4
1230590 787.4
1230600 792.7
1230610 796.5
1230620 796.5
1230630 798.4
1230640 799.2
1230650 799.2
1230660 800.2
1230670 802.4
1230680 802.4
1230690 805.7
1230700 809.0
1230710 809.0
1230720 810.4
1230730 810.3
1230740 810.3
1230750 811.5
1230760 813.3
1230770 813.3
1230780 815.3
1230790 815.8
1230800 816.2
1230810 816.2
1230820 818.7
1230830 821.7
1230840 821.7
1230850 824.8
1230860 827.5
1230870 827.5
1230880 831.5
1230890 835.4
1230900 835.4
1230910 837.3
1230920 839.3
1230930 839.3
1230940 841.2
1230950 844.2
1230960 844.2
1230970 847.1
1230980 851.2
1230990 851.2
1231000 856.6
1231010 860.5
1231020 860.5
1231030 863.8
1231040 867.8
1231050 867.8
1231060 872.9
1231070 881.5
1231080 883.2
1231090 883.2
1231100 885.5
1231110 887.8
1231120 887.8
1231130 892.2
1231140 897.4
1231150 897.4
1231160 901.8
1231170 905.7
1231180 905.7
1231190 909.0
1231200 912.2
1231210 912.2
1231220 915.8
1231230 919.2
1231240 919.2
1231250 922.2
1231260 924.1
1231270 924.1
1231280 926.6
1231290 929.4
1231300 929.4
1231310 931.0
1231320 933.2
1231330 937.4
1231340 937.4
1231350 941.3
1231360 942.9
1231370 942.9
1231380 944.0
1231390 943.5
1231400 943.5
1231410 943.7
1231420 946.0
1231430 946.0
1231440 947.3
1231450 948.5
1231460 948.5
1231470 950.4
1231480 951.8
1231490 951.8
1231500 953.3
1231510 955.2
1231520 955.2
1231530 956.6
1231540 957.6
1231550 957.6
1231560 958.5
1231570 959.3
1231580 961.7
1231590 962.5
1231600 963.3
1231610 964.2
1231620 964.2
1231630 964.9
1231640 964.8
1231650 964.8
1231660 964.9
1231670 965.2
1231680 965.2
1231690 965.9
1231700 967.1
1231710 967.1
1231720 968.1
1231730 968.4
1231740 968.4
1231750 968.8
1231760 968.8
1231770 968.8
1231780 968.9
1231790 969.3
1231800 969.3
1231810 969.2
1231820 969.2
1231830 969.2
1231840 970.0
1231850 970.6
1231860 970.6
1231870 972.0
1231880 973.5
1231890 975.5
1231900 975.5
1231910 977.7
1231920 979.6
1231930 979.6
1231940 980.7
1231950 980.2
1231960 980.2
1231970 977.4
1231980 972.2
1231990 972.2
1232000 962.9
1232010 942.6
1232020 942.6
1232030 924.2
1232040 908.2
1232050 908.2
1232060 898.8
1232070 910.5
1232080 910.2
1232090 927.1
1232100 939.6
1232110 939.6
1232120 948.6
1232130 954.2
1232140 959.8
1232150 959.8
1232160 968.4
1232170 979.2
1232180 979.2
1232190 986.3
1232200 991.0
1232210 991.0
1232220 995.4
1232230 999.0
1232240 999.0
1232250 1001.6
1232260 1003.1
1232270 1003.1
1232280 1004.2
1232290 1005.8
1232300 1005.8
1232310 1007.2
1232320 1008.7
1232330 1008.7
1232340 1010.3
1232350 1010.9
1232360 1010.9
1232370 1010.5
1232380 1009.9
1232390 1009.9
1232400 1009.3
1232410 1008.5
1232420 1008.0
1232430 1008.0
1232440 1007.5
1232450 1007.1
1232460 1007.1
1232470 1006.5
1232480 1005.7
1232490 1005.7
1232500 1005.0
1232510 1004.7
1232520 1004.7
1232530 1004.7
1232540 1004.6
1232550 1004.6
1232560 1004.3
1232570 1003.9
1232580 1008.1
1232590 1007.5
1232600 1006.9
1232610 1006.9
1232620 1005.7
1232630 1004.4
1232640 1004.4
1232650 1003.4
1232660 1002.2
1232670 1002.2
1232680 1000.8
1232690 999.0
1232700 997.6
1232710 997.6
1232720 996.8
1232730 996.8
1232740 996.8
1232750 996.7
1232760 995.9
1232770 995.9
1232780 994.4
1232790 994.1
1232800 994.1
1232810 993.9
1232820 994.1
1232830 994.1
1232840 994.0
1232850 993.7
1232860 993.7
1232870 992.9
1232880 991.8
1232890 991.8
1232900 991.6
1232910 991.4
1232920 991.4
1232930 989.7
1232940 988.1
1232950 987.2
1232960 987.2
1232970 985.5
1232980 985.2
1232990 985.2
1233000 984.2
1233010 984.7
1233020 984.7
1233030 983.1
1233040 979.3
1233050 979.3
1233060 979.4
1233070 979.7
1233080 979.7
1233090 982.3
1233100 982.3
1233110 982.3
1233120 979.5
1233130 976.1
1233140 976.1
1233150 974.9
1233160 977.1
1233170 977.1
1233180 977.8
1233190 975.8
1233200 975.8
1233210 973.9
1233220 973.4
1233230 969.9
1233240 969.9
1233250 967.7
1233260 968.7
1233270 968.7
1233280 968.2
1233290 963.9
1233300 963.9
1233310 962.9
1233320 960.2
1233330 960.2
1233340 960.9
1233350 960.2
1233360 960.2
1233370 958.4
1233380 958.7
1233390 958.7
1233400 956.7
1233410 955.3
1233420 955.3
1233430 954.5
1233440 952.9
1233450 952.9
1233460 951.0
1233470 950.0
1233480 950.0
1233490 948.9
1233500 947.7
1233510 945.9
1233520 945.9
1233530 944.2
1233540 942.2
1233550 942.2
1233560 940.0
1233570 938.3
1233580 938.3
1233590 936.7
1233600 937.2
1233610 937.2
1233620 933.7
1233630 930.1
1233640 930.1
1233650 926.9
1233660 925.3
1233670 925.3
1233680 924.1
1233690 922.9
1233700 922.9
1233710 920.8
1233720 917.6
1233730 917.6
1233740 913.1
1233750 916.0
1233760 916.2
1233770 916.2
1233780 916.1
1233790 916.5
1233800 916.5
1233810 916.8
1233820 917.4
1233830 917.4
1233840 916.6
1233850 914.7
1233860 914.7
1233870 914.9
1233880 912.9
1233890 912.9
1233900 907.0
1233910 903.4
1233920 903.4
1233930 900.2
1233940 896.4
1233950 896.4
1233960 892.5
1233970 888.6
1233980 888.6
1233990 884.7
1234000 881.7
1234010 881.7
1234020 878.7
1234030 874.7
1234040 873.5
1234050 873.5
1234060 878.9
1234070 883.1
1234080 883.1
1234090 888.4
1234100 893.8
1234110 897.5
1234120 898.3
1234130 899.4
1234140 899.4
1234150 898.3
1234160 893.9
1234170 893.9
1234180 886.6
1234190 879.7
1234200 879.7
1234210 873.6
1234220 864.9
1234230 864.9
1234240 853.0
1234250 844.9
1234260 844.9
1234270 847.9
1234280 862.4
1234290 862.4
1234300 871.9
1234310 877.0
1234320 883.2
1234330 883.2
1234340 887.7
1234350 885.4
1234360 885.4
1234370 883.1
1234380 877.5
1234390 877.5
1234400 871.0
1234410 866.2
1234420 866.2
1234430 862.4
1234440 864.1
1234450 864.1
1234460 871.1
1234470 877.7
1234480 877.7
1234490 882.9
1234500 887.7
1234510 887.7
1234520 892.6
1234530 895.9
1234540 895.9
1234550 895.8
1234560 893.3
1234570 892.0
1234580 892.0
1234590 892.6
1234600 892.7
1234610 892.7
1234620 890.4
1234630 883.4
1234640 883.4
1234650 876.6
1234660 870.5
1234670 870.5
1234680 864.5
1234690 860.2
1234700 860.2
1234710 857.1
1234720 854.0
1234730 854.0
1234740 850.7
1234750 845.2
1234760 845.2
1234770 838.5
1234780 844.7
1234790 844.7
1234800 850.7
1234810 856.0
1234820 856.0
1234830 862.3
1234840 868.7
1234850 870.5
1234860 870.5
1234870 867.3
1234880 864.5
1234890 864.5
1234900 862.5
1234910 860.4
1234920 860.4
1234930 856.2
1234940 852.0
1234950 852.0
1234960 850.6
1234970 850.6
1234980 850.6
1234990 849.9
1235000 848.8
1235010 848.8
1235020 849.3
1235030 851.6
1235040 851.6
1235050 852.7
1235060 853.4
1235070 853.4
1235080 854.4
1235090 856.2
1235100 856.2
1235110 857.7
1235120 858.6
1235130 863.0
1235140 863.0
1235150 862.5
1235160 861.8
1235170 861.8
1235180 861.5
1235190 862.6
1235200 862.6
1235210 863.7
1235220 864.1
1235230 864.1
1235240 865.2
1235250 865.7
1235260 865.7
1235270 865.8
1235280 866.4
1235290 866.4
1235300 866.6
1235310 866.5
1235320 866.5
1235330 865.5
1235340 862.7
1235350 862.7
1235360 861.8
1235370 863.7
1235380 863.5
1235390 863.5
1235400 863.1
1235410 862.5
1235420 862.5
1235430 862.0
1235440 861.4
1235450 861.4
1235460 860.3
1235470 859.0
1235480 859.0
1235490 857.8
1235500 857.0
1235510 857.0
1235520 856.4
1235530 854.9
1235540 854.9
1235550 853.4
1235560 852.5
1235570 852.5
1235580 851.3
1235590 849.9
1235600 849.9
1235610 850.6
1235620 850.4
1235630 850.4
1235640 855.7
1235650 855.4
1235660 854.9
1235670 854.9
1235680 854.2
1235690 853.6
1235700 853.6
1235710 852.9
1235720 851.0
1235730 851.0
1235740 849.1
1235750 847.1
1235760 847.1
1235770 846.5
1235780 846.6
1235790 846.6
1235800 847.1
1235810 848.3
1235820 848.3
1235830 849.3
1235840 850.5
1235850 850.5
1235860 852.4
1235870 854.0
1235880 854.0
1235890 854.5
1235900 855.5
1235910 855.5
1235920 855.3
1235930 854.1
1235940 854.9
1235950 854.9
1235960 855.0
1235970 854.8
1235980 854.8
1235990 855.2
1236000 855.8
1236010 855.8
1236020 856.1
1236030 856.3
1236040 856.3
1236050 857.1
1236060 857.4
1236070 857.4
1236080 857.9
1236090 858.3
1236100 858.3
1236110 858.4
1236120 858.3
1236130 858.3
1236140 857.9
1236150 856.3
1236160 856.3
1236170 855.8
1236180 855.1
1236190 854.6
1236200 854.6
1236210 853.9
1236220 852.9
1236230 852.9
1236240 851.8
1236250 850.3
1236260 850.3
1236270 848.1
1236280 845.9
1236290 845.9
1236300 843.8
1236310 841.7
1236320 841.7
1236330 840.0
1236340 838.3
1236350 838.3
1236360 836.8
1236370 835.3
1236380 835.3
1236390 833.9
1236400 832.0
1236410 832.0
1236420 830.2
1236430 828.3
1236440 828.3
1236450 825.9
1236460 824.4
1236470 822.3
1236480 822.3
1236490 822.0
1236500 823.0
1236510 823.0
1236520 823.6
1236530 823.6
1236540 823.6
1236550 823.5
1236560 822.8
1236570 822.8
1236580 821.7
1236590 819.8
1236600 819.8
1236610 817.6
1236620 815.4
1236630 815.4
1236640 813.4
1236650 812.2
1236660 814.3
1236670 812.7
1236680 811.6
1236690 811.6
1236700 810.4
1236710 809.4
1236720 808.2
1236730 808.2
1236740 807.0
1236750 805.9
1236760 805.9
1236770 805.3
1236780 804.8
1236790 804.8
1236800 804.6
1236810 804.5
1236820 804.5
1236830 804.9
1236840 805.1
1236850 805.1
1236860 804.3
1236870 803.0
1236880 803.0
1236890 801.3
1236900 799.3
1236910 799.3
1236920 797.4
1236930 795.1
1236940 795.1
1236950 792.8
1236960 790.9
1236970 790.9
1236980 788.6
1236990 788.8
1237000 789.1
1237010 789.1
1237020 788.5
1237030 787.5
1237040 787.5
1237050 787.1
1237060 786.8
1237070 786.8
1237080 786.0
1237090 785.1
1237100 785.1
1237110 784.1
1237120 783.2
1237130 783.2
1237140 782.3
1237150 781.2
1237160 781.2
1237170 780.1
1237180 782.1
1237190 782.1
1237200 781.6
1237210 780.8
1237220 780.8
1237230 780.2
1237240 779.8
1237250 779.8
1237260 779.9
1237270 779.9
1237280 781.6
1237290 781.6
1237300 782.8
1237310 782.3
1237320 782.3
1237330 781.2
1237340 781.1
1237350 781.1
1237360 779.9
1237370 773.3
1237380 773.3
1237390 763.0
1237400 753.8
1237410 753.8
1237420 745.1
1237430 737.6
1237440 737.6
1237450 732.4
1237460 728.5
1237470 728.5
1237480 725.6
1237490 720.1
1237500 720.1
1237510 715.8
1237520 713.2
1237530 710.8
1237540 710.8
1237550 709.2
1237560 711.2
1237570 711.2
1237580 714.1
1237590 714.9
1237600 714.9
1237610 716.0
1237620 716.7
1237630 716.7
1237640 716.4
1237650 716.2
1237660 716.2
1237670 716.9
1237680 717.8
1237690 719.5
1237700 722.2
1237710 725.3
1237720 725.3
1237730 728.3
1237740 731.6
1237750 731.6
1237760 735.0
1237770 737.9
1237780 737.9
1237790 738.8
1237800 742.6
1237810 748.1
1237820 748.1
1237830 748.8
1237840 747.9
1237850 747.9
1237860 743.8
1237870 740.3
1237880 740.3
1237890 738.1
1237900 737.6
1237910 737.6
1237920 737.7
1237930 737.8
1237940 737.8
1237950 738.2
1237960 738.9
1237970 738.9
1237980 739.5
1237990 739.5
1238000 739.5
1238010 739.4
1238020 739.3
1238030 739.3
1238040 738.1
1238050 736.3
1238060 736.3
1238070 733.4
1238080 730.4
1238090 728.2
1238100 728.2
1238110 726.7
1238120 725.0
1238130 725.0
1238140 723.5
1238150 719.6
1238160 719.6
1238170 715.3
1238180 711.1
1238190 711.1
1238200 707.5
1238210 707.6
1238220 707.6
1238230 706.9
1238240 705.9
1238250 705.9
1238260 704.8
1238270 703.6
1238280 703.6
1238290 700.9
1238300 698.0
1238310 698.0
1238320 695.4
1238330 692.5
1238340 689.7
1238350 689.7
1238360 687.3
1238370 686.4
1238380 686.4
1238390 686.3
1238400 686.5
1238410 686.5
1238420 688.4
1238430 689.1
1238440 689.1
1238450 687.4
1238460 684.3
1238470 684.3
1238480 681.5
1238490 679.6
1238500 679.6
1238510 678.8
1238520 680.1
1238530 680.1
1238540 681.8
1238550 678.5
1238560 678.5
1238570 674.8
1238580 673.3
1238590 673.3
1238600 671.3
1238610 671.2
1238620 671.7
1238630 671.7
1238640 670.6
1238650 667.9
1238660 667.9
1238670 663.7
1238680 660.4
1238690 660.4
1238700 659.0
1238710 656.9
1238720 656.9
1238730 657.4
1238740 655.0
1238750 655.0
1238760 653.0
1238770 649.8
1238780 649.8
1238790 647.1
1238800 644.4
1238810 644.4
1238820 641.7
1238830 639.5
1238840 639.5
1238850 637.7
1238860 636.9
1238870 636.9
1238880 636.1
1238890 635.1
1238900 633.7
1238910 633.7
1238920 632.3
1238930 630.8
1238940 630.8
1238950 629.1
1238960 627.6
1238970 627.6
1238980 626.3
1238990 625.0
1239000 625.0
1239010 623.9
1239020 623.1
1239030 623.1
1239040 622.9
1239050 623.0
1239060 623.0
1239070 622.6
1239080 621.6
1239090 621.6
1239100 620.7
1239110 620.1
1239120 620.1
1239130 619.7
1239140 619.5
1239150 619.2
1239160 619.2
1239170 618.8
1239180 618.5
1239190 618.5
1239200 618.1
1239210 617.6
1239220 617.6
1239230 617.0
1239240 616.5
1239250 616.7
1239260 616.3
1239270 616.0
1239280 616.0
1239290 615.7
1239300 615.4
1239310 615.4
1239320 615.1
1239330 614.6
1239340 614.6
1239350 614.3
1239360 613.7
1239370 613.7
1239380 611.8
1239390 610.0
1239400 610.0
1239410 609.3
1239420 608.9
1239430 608.6
1239440 608.6
1239450 608.5
1239460 608.4
1239470 608.4
1239480 608.4
1239490 608.4
1239500 608.4
1239510 608.3
1239520 608.3
1239530 608.3
1239540 608.2
1239550 608.0
1239560 608.0
1239570 607.8
1239580 607.7
1239590 607.7
1239600 607.6
1239610 607.6
1239620 607.6
1239630 607.6
1239640 607.7
1239650 607.7
1239660 607.7
1239670 607.8
1239680 607.8
1239690 607.9
1239700 607.9
1239710 607.8
1239720 607.8
1239730 607.8
1239740 607.8
1239750 607.8
1239760 607.8
1239770 607.7
1239780 607.7
1239790 607.6
1239800 607.7
1239810 607.7
1239820 607.8
1239830 607.9
1239840 607.9
1239850 608.0
1239860 608.0
1239870 608.0
1239880 608.0
1239890 607.9
1239900 607.9
1239910 607.9
1239920 607.6
1239930 607.6
1239940 607.9
1239950 607.9
1239960 607.8
1239970 607.8
1239980 607.9
1239990 608.0
