1220000 799.8
1220010 804.9
1220020 804.9
1220030 809.9
1220040 815.0
1220050 815.0
1220060 820.3
1220070 821.5
1220080 821.5
1220090 821.8
1220100 822.0
1220110 822.0
1220120 822.0
1220130 821.8
1220140 821.8
1220150 821.4
1220160 820.9
1220170 820.9
1220180 820.5
1220190 820.3
1220200 820.3
1220210 820.1
1220220 819.8
1220230 819.8
1220240 819.5
1220250 819.1
1220260 818.8
1220270 818.8
1220280 818.4
1220290 818.0
1220300 818.0
1220310 817.6
1220320 817.3
1220330 817.3
1220340 817.1
1220350 817.2
1220360 817.2
1220370 817.2
1220380 817.0
1220390 817.0
1220400 817.0
1220410 817.2
1220420 817.2
1220430 817.6
1220440 818.3
1220450 818.3
1220460 819.1
1220470 819.9
1220480 819.9
1220490 820.7
1220500 821.6
1220510 821.6
1220520 823.0
1220530 823.8
1220540 824.7
1220550 824.7
1220560 828.2
1220570 829.8
1220580 829.8
1220590 830.9
1220600 832.0
1220610 832.0
1220620 833.2
1220630 834.6
1220640 834.6
1220650 836.5
1220660 837.6
1220670 837.6
1220680 838.4
1220690 838.9
1220700 838.9
1220710 839.2
1220720 839.3
1220730 839.3
1220740 839.5
1220750 839.7
1220760 839.7
1220770 839.9
1220780 839.9
1220790 839.9
1220800 839.8
1220810 839.8
1220820 839.6
1220830 839.6
1220840 839.4
1220850 838.9
1220860 838.9
1220870 838.3
1220880 837.5
1220890 837.5
1220900 836.7
1220910 835.9
1220920 835.9
1220930 834.9
1220940 833.9
1220950 833.9
1220960 832.5
1220970 830.2
1220980 830.2
1220990 825.7
1221000 820.0
1221010 820.0
1221020 815.4
1221030 814.0
1221040 814.7
1221050 814.0
1221060 812.5
1221070 812.5
1221080 808.9
1221090 807.8
1221100 806.9
1221110 806.9
1221120 806.0
1221130 806.0
1221140 806.0
1221150 807.2
1221160 808.5
1221170 808.5
1221180 810.0
1221190 809.9
1221200 809.9
1221210 809.0
1221220 808.3
1221230 808.3
1221240 807.5
1221250 806.6
1221260 806.6
1221270 805.5
1221280 804.7
1221290 804.7
1221300 803.0
1221310 802.6
1221320 802.6
1221330 801.9
1221340 801.3
1221350 801.1
1221360 801.1
1221370 800.2
1221380 799.6
1221390 799.6
1221400 799.2
1221410 799.1
1221420 799.1
1221430 799.1
1221440 799.3
1221450 799.3
1221460 799.1
1221470 798.3
1221480 798.3
1221490 797.7
1221500 797.6
1221510 797.6
1221520 797.8
1221530 797.0
1221540 797.0
1221550 796.7
1221560 796.6
1221570 796.6
1221580 796.5
1221590 796.5
1221600 796.5
1221610 796.5
1221620 796.5
1221630 796.6
1221640 796.6
1221650 796.6
1221660 796.8
1221670 796.8
1221680 796.9
1221690 797.1
1221700 797.1
1221710 797.2
1221720 797.4
1221730 797.4
1221740 797.7
1221750 798.3
1221760 798.3
1221770 798.8
1221780 799.5
1221790 799.5
1221800 800.4
1221810 800.9
1221820 800.9
1221830 801.8
1221840 802.2
1221850 802.2
1221860 802.6
1221870 803.0
1221880 803.0
1221890 803.1
1221900 803.5
1221910 804.2
1221920 804.2
1221930 804.5
1221940 804.9
1221950 804.9
1221960 805.3
1221970 805.7
1221980 805.7
1221990 806.1
1222000 806.4
1222010 806.3
1222020 806.7
1222030 807.2
1222040 807.2
1222050 807.7
1222060 808.3
1222070 808.3
1222080 808.8
1222090 809.3
1222100 809.3
1222110 809.8
1222120 810.3
1222130 810.3
1222140 810.9
1222150 811.4
1222160 811.4
1222170 811.9
1222180 812.5
1222190 813.0
1222200 813.0
1222210 813.3
1222220 813.8
1222230 813.8
1222240 814.4
1222250 814.2
1222260 814.2
1222270 815.0
1222280 815.7
1222290 815.7
1222300 816.1
1222310 816.2
1222320 816.2
1222330 815.9
1222340 815.4
1222350 815.4
1222360 814.9
1222370 813.9
1222380 813.9
1222390 813.6
1222400 812.9
1222410 812.9
1222420 812.0
1222430 811.6
1222440 811.4
1222450 811.4
1222460 811.3
1222470 811.2
1222480 811.2
1222490 810.3
1222500 810.4
1222510 810.4
1222520 810.5
1222530 809.3
1222540 809.3
1222550 809.7
1222560 810.8
1222570 810.8
1222580 810.9
1222590 810.4
1222600 810.4
1222610 810.4
1222620 810.2
1222630 810.2
1222640 809.9
1222650 809.9
1222660 809.9
1222670 809.9
1222680 809.8
1222690 809.8
1222700 810.1
1222710 810.7
1222720 811.0
1222730 811.0
1222740 810.6
1222750 810.3
1222760 810.3
1222770 810.1
1222780 809.8
1222790 809.8
1222800 809.9
1222810 808.8
1222820 808.8
1222830 808.0
1222840 808.0
1222850 808.0
1222860 808.3
1222870 808.9
1222880 808.9
1222890 809.2
1222900 808.7
1222910 808.7
1222920 808.0
1222930 808.0
1222940 808.0
1222950 807.8
1222960 807.7
1222970 807.7
1222980 807.2
1222990 807.2
1223000 807.1
1223010 807.1
1223020 807.0
1223030 806.8
1223040 806.8
1223050 806.7
1223060 806.5
1223070 806.5
1223080 806.4
1223090 806.1
1223100 806.1
1223110 806.1
1223120 806.0
1223130 806.0
1223140 806.1
1223150 806.4
1223160 806.4
1223170 807.1
1223180 808.0
1223190 808.0
1223200 808.7
1223210 809.2
1223220 809.2
1223230 809.7
1223240 810.2
1223250 810.2
1223260 810.5
1223270 810.7
1223280 810.8
1223290 810.8
1223300 810.9
1223310 811.0
1223320 811.0
1223330 811.1
1223340 811.2
1223350 811.2
1223360 811.1
1223370 811.1
1223380 811.1
1223390 811.3
1223400 811.6
1223410 811.6
1223420 811.7
1223430 811.6
1223440 811.6
1223450 811.8
1223460 812.1
1223470 812.0
1223480 812.4
1223490 812.9
1223500 812.9
1223510 813.5
1223520 814.3
1223530 815.1
1223540 815.1
1223550 816.0
1223560 817.0
1223570 817.0
1223580 818.1
1223590 819.3
1223600 819.3
1223610 820.5
1223620 821.7
1223630 821.7
1223640 822.9
1223650 824.1
1223660 824.1
1223670 825.6
1223680 827.2
1223690 827.2
1223700 828.8
1223710 830.1
1223720 830.1
1223730 831.1
1223740 832.0
1223750 832.0
1223760 833.0
1223770 834.0
1223780 834.0
1223790 835.1
1223800 836.1
1223810 837.2
1223820 837.2
1223830 838.2
1223840 839.2
1223850 839.2
1223860 840.2
1223870 841.2
1223880 841.2
1223890 842.1
1223900 843.0
1223910 843.0
1223920 843.9
1223930 844.8
1223940 844.8
1223950 846.6
1223960 847.5
1223970 847.5
1223980 848.4
1223990 849.4
1224000 849.4
1224010 850.4
1224020 851.3
1224030 851.3
1224040 852.2
1224050 853.1
1224060 853.1
1224070 853.9
1224080 854.7
1224090 855.3
1224100 855.3
1224110 855.9
1224120 856.5
1224130 856.5
1224140 857.4
1224150 858.1
1224160 858.1
1224170 858.7
1224180 859.2
1224190 859.2
1224200 859.4
1224210 859.5
1224220 859.5
1224230 859.6
1224240 859.4
1224250 859.4
1224260 859.5
1224270 859.5
1224280 859.5
1224290 859.8
1224300 861.0
1224310 861.0
1224320 861.6
1224330 861.7
1224340 861.7
1224350 861.7
1224360 861.7
1224370 861.6
1224380 861.6
1224390 861.5
1224400 861.4
1224410 861.4
1224420 861.2
1224430 861.1
1224440 860.9
1224450 860.8
1224460 860.8
1224470 860.8
1224480 860.6
1224490 860.5
1224500 860.5
1224510 860.2
1224520 859.6
1224530 859.6
1224540 859.1
1224550 858.8
1224560 858.8
1224570 858.8
1224580 858.8
1224590 858.8
1224600 859.1
1224610 859.3
1224620 859.5
1224630 859.5
1224640 859.9
1224650 860.2
1224660 860.2
1224670 860.5
1224680 860.9
1224690 860.9
1224700 861.4
1224710 862.2
1224720 862.2
1224730 863.2
1224740 864.3
1224750 864.3
1224760 865.9
1224770 868.3
1224780 868.3
1224790 869.5
1224800 870.3
1224810 870.3
1224820 871.1
1224830 871.7
1224840 871.7
1224850 873.1
1224860 876.3
1224870 876.3
1224880 879.0
1224890 881.1
1224900 886.1
1224910 886.1
1224920 889.3
1224930 894.9
1224940 894.9
1224950 894.9
1224960 897.8
1224970 897.8
1224980 903.7
1224990 908.6
1225000 908.6
1225010 912.5
1225020 917.3
1225030 917.3
1225040 923.1
1225050 927.9
1225060 927.9
1225070 932.9
1225080 937.9
1225090 937.9
1225100 942.5
1225110 948.7
1225120 948.7
1225130 954.4
1225140 959.7
1225150 959.7
1225160 964.0
1225170 964.7
1225180 966.2
1225190 966.2
1225200 969.7
1225210 976.0
1225220 976.0
1225230 980.7
1225240 983.1
1225250 983.1
1225260 983.8
1225270 981.7
1225280 981.7
1225290 979.2
1225300 978.6
1225310 978.6
1225320 976.4
1225330 975.3
1225340 975.3
1225350 979.7
1225360 982.1
1225370 982.1
1225380 982.5
1225390 984.7
1225400 984.7
1225410 982.9
1225420 988.1
1225430 988.1
1225440 992.6
1225450 996.9
1225460 998.1
1225470 998.1
1225480 998.3
1225490 999.5
1225500 999.5
1225510 1002.2
1225520 1005.4
1225530 1005.4
1225540 1008.1
1225550 1009.4
1225560 1009.4
1225570 1010.4
1225580 1011.3
1225590 1011.3
1225600 1013.1
1225610 1013.7
1225620 1013.7
1225630 1012.3
1225640 1011.4
1225650 1011.4
1225660 1010.5
1225670 1008.5
1225680 1008.5
1225690 1006.9
1225700 1005.9
1225710 1004.5
1225720 1004.5
1225730 1002.7
1225740 1002.9
1225750 1002.9
1225760 1003.8
1225770 1004.2
1225780 1004.2
1225790 1003.3
1225800 1002.1
1225810 1002.1
1225820 1002.0
1225830 1000.8
1225840 1000.8
1225850 998.6
1225860 998.1
1225870 998.1
1225880 997.8
1225890 997.6
1225900 997.6
1225910 997.4
1225920 991.5
1225930 991.5
1225940 990.8
1225950 989.5
1225960 989.5
1225970 989.0
1225980 986.7
1225990 983.7
1226000 983.7
1226010 984.6
1226020 985.1
1226030 985.1
1226040 985.1
1226050 983.9
1226060 983.9
1226070 983.1
1226080 984.6
1226090 984.6
1226100 983.9
1226110 988.6
1226120 988.6
1226130 990.3
1226140 990.5
1226150 990.5
1226160 991.1
1226170 990.2
1226180 990.2
1226190 988.6
1226200 987.0
1226210 987.0
1226220 986.2
1226230 985.2
1226240 985.2
1226250 985.5
1226260 988.7
1226270 988.6
1226280 988.6
1226290 987.5
1226300 989.6
1226310 989.6
1226320 990.8
1226330 990.1
1226340 990.1
1226350 987.2
1226360 984.3
1226370 984.3
1226380 982.0
1226390 980.7
1226400 980.7
1226410 973.3
1226420 971.7
1226430 971.7
1226440 970.2
1226450 967.7
1226460 967.7
1226470 964.8
1226480 961.5
1226490 961.5
1226500 957.4
1226510 954.1
1226520 954.1
1226530 950.4
1226540 948.3
1226550 945.4
1226560 945.4
1226570 941.0
1226580 936.4
1226590 936.4
1226600 931.9
1226610 927.6
1226620 927.6
1226630 923.5
1226640 918.9
1226650 918.9
1226660 911.5
1226670 903.8
1226680 903.8
1226690 904.2
1226700 907.9
1226710 907.9
1226720 912.9
1226730 919.0
1226740 919.0
1226750 924.6
1226760 925.7
1226770 925.7
1226780 924.6
1226790 923.7
1226800 917.9
1226810 917.9
1226820 914.2
1226830 911.0
1226840 911.0
1226850 905.3
1226860 902.0
1226870 902.0
1226880 895.3
1226890 887.2
1226900 878.0
1226910 874.0
1226920 873.5
1226930 873.5
1226940 874.9
1226950 875.5
1226960 875.5
1226970 873.6
1226980 872.3
1226990 872.3
1227000 875.3
1227010 878.2
1227020 878.2
1227030 879.1
1227040 877.4
1227050 877.4
1227060 873.5
1227070 867.1
1227080 860.8
1227090 860.8
1227100 860.5
1227110 864.6
1227120 864.6
1227130 866.0
1227140 864.2
1227150 864.2
1227160 862.3
1227170 860.2
1227180 860.2
1227190 856.0
1227200 849.0
1227210 849.0
1227220 842.9
1227230 838.9
1227240 838.9
1227250 839.5
1227260 831.6
1227270 831.6
1227280 825.5
1227290 823.1
1227300 823.1
1227310 825.1
1227320 827.4
1227330 827.4
1227340 828.0
1227350 826.5
1227360 831.3
1227370 831.3
1227380 836.2
1227390 836.5
1227400 825.4
1227410 826.0
1227420 826.0
1227430 826.0
1227440 824.0
1227450 821.2
1227460 821.2
1227470 820.2
1227480 817.1
1227490 817.1
1227500 811.7
1227510 777.4
1227520 777.4
1227530 758.3
1227540 757.0
1227550 757.0
1227560 755.7
1227570 751.6
1227580 751.6
1227590 757.0
1227600 768.6
1227610 768.6
1227620 773.8
1227630 777.8
1227640 778.6
1227650 778.6
1227660 778.6
1227670 778.0
1227680 778.0
1227690 774.3
1227700 772.8
1227710 772.8
1227720 773.1
1227730 766.8
1227740 766.8
1227750 767.3
1227760 767.0
1227770 767.0
1227780 766.2
1227790 767.9
1227800 767.9
1227810 767.4
1227820 766.1
1227830 766.1
1227840 765.5
1227850 765.4
1227860 765.4
1227870 771.4
1227880 774.2
1227890 775.3
1227900 766.8
1227910 768.4
1227920 768.4
1227930 768.4
1227940 766.8
1227950 764.0
1227960 764.0
1227970 763.1
1227980 762.8
1227990 762.8
1228000 762.9
1228010 756.4
1228020 756.4
1228030 748.8
1228040 750.2
1228050 750.2
1228060 753.7
1228070 756.2
1228080 756.2
1228090 755.6
1228100 752.8
1228110 752.8
1228120 751.9
1228130 750.7
1228140 750.7
1228150 747.3
1228160 743.4
1228170 739.8
1228180 739.8
1228190 732.6
1228200 724.1
1228210 724.1
1228220 725.1
1228230 729.8
1228240 729.8
1228250 729.7
1228260 730.6
1228270 730.6
1228280 730.2
1228290 735.4
1228300 735.4
1228310 736.2
1228320 734.3
1228330 734.3
1228340 732.8
1228350 731.2
1228360 731.2
1228370 731.0
1228380 731.0
1228390 714.6
1228400 716.6
1228410 713.2
1228420 713.2
1228430 709.5
1228440 709.2
1228450 707.3
1228460 707.3
1228470 702.3
1228480 699.7
1228490 699.7
1228500 697.6
1228510 692.3
1228520 692.3
1228530 686.1
1228540 680.7
1228550 680.7
1228560 672.0
1228570 665.9
1228580 665.9
1228590 662.5
1228600 658.6
1228610 658.6
1228620 660.4
1228630 656.8
1228640 656.8
1228650 643.9
1228660 639.7
1228670 639.7
1228680 635.1
1228690 630.1
1228700 630.1
1228710 628.8
1228720 627.6
1228730 626.6
1228740 626.6
1228750 625.5
1228760 624.8
1228770 624.8
1228780 624.2
1228790 623.8
1228800 623.8
1228810 623.7
1228820 623.7
1228830 623.7
1228840 623.7
1228850 623.7
1228860 623.7
1228870 623.6
1228880 623.6
1228890 623.6
1228900 623.6
1228910 623.6
1228920 623.6
1228930 623.6
1228940 623.5
1228950 623.5
1228960 623.5
1228970 623.5
1228980 623.4
1228990 623.4
1229000 623.3
1229010 623.3
1229020 623.3
1229030 623.3
1229040 623.3
1229050 623.3
1229060 623.2
1229070 623.2
1229080 623.2
1229090 623.1
1229100 623.2
1229110 623.2
1229120 623.2
1229130 623.2
1229140 623.2
1229150 623.3
1229160 623.6
1229170 623.6
1229180 623.8
1229190 624.1
1229200 624.1
1229210 624.6
1229220 625.1
1229230 625.1
1229240 625.3
1229250 625.4
1229260 625.3
1229270 625.3
1229280 625.4
1229290 625.8
1229300 625.8
1229310 626.3
1229320 626.5
1229330 626.5
1229340 626.8
1229350 627.2
1229360 627.2
1229370 627.3
1229380 627.3
1229390 628.9
1229400 629.4
1229410 629.7
1229420 629.7
1229430 629.9
1229440 630.0
1229450 630.0
1229460 630.0
1229470 630.1
1229480 630.1
1229490 630.1
1229500 630.1
1229510 630.1
1229520 630.1
1229530 630.1
1229540 630.2
1229550 630.2
1229560 630.2
1229570 630.2
1229580 630.2
1229590 630.3
1229600 630.3
1229610 630.3
1229620 630.4
1229630 630.4
1229640 630.4
1229650 630.4
1229660 630.5
1229670 630.5
1229680 630.5
1229690 630.6
1229700 630.6
1229710 630.6
1229720 630.7
1229730 630.7
1229740 630.7
1229750 630.8
1229760 630.8
1229770 630.8
1229780 630.9
1229790 630.9
1229800 630.9
1229810 631.0
1229820 631.0
1229830 631.0
1229840 631.1
1229850 631.2
1229860 631.2
1229870 631.2
1229880 631.3
1229890 630.7
1229900 630.8
1229910 631.0
1229920 631.0
1229930 631.1
1229940 631.2
1229950 631.2
1229960 631.3
1229970 631.4
1229980 631.4
1229990 631.4
1230000 631.4
1230010 631.4
1230020 631.4
1230030 631.1
1230040 631.1
1230050 630.3
1230060 631.3
1230070 631.2
1230080 631.2
1230090 631.1
1230100 630.8
1230110 630.8
1230120 630.4
1230130 630.0
1230140 630.0
1230150 629.4
1230160 628.8
1230170 628.8
1230180 628.1
1230190 627.4
1230200 627.4
1230210 626.7
1230220 626.0
1230230 626.0
1230240 625.5
1230250 625.2
1230260 625.2
1230270 625.1
1230280 625.0
1230290 625.0
1230300 624.9
1230310 624.9
1230320 624.9
1230330 624.8
1230340 624.7
1230350 624.7
1230360 624.7
1230370 624.7
1230380 624.7
1230390 624.7
1230400 624.7
1230410 624.7
1230420 624.7
1230430 624.6
1230440 624.5
1230450 624.5
1230460 624.4
1230470 624.2
1230480 624.2
1230490 624.1
1230500 623.7
1230510 623.7
1230520 623.8
1230530 623.9
1230540 623.9
1230550 623.7
1230560 623.8
1230570 623.8
1230580 623.9
1230590 623.9
1230600 623.9
1230610 623.9
1230620 623.7
1230630 623.7
1230640 623.7
1230650 623.7
1230660 623.8
1230670 623.8
1230680 623.8
1230690 623.9
1230700 623.9
1230710 623.8
1230720 623.7
1230730 623.7
1230740 623.6
1230750 623.6
1230760 623.6
1230770 623.6
1230780 623.5
1230790 623.5
1230800 623.5
1230810 623.3
1230820 623.3
1230830 623.2
1230840 623.2
1230850 623.2
1230860 623.3
1230870 623.2
1230880 623.2
1230890 623.2
1230900 623.2
1230910 623.2
1230920 623.2
1230930 623.2
1230940 623.3
1230950 623.3
1230960 623.4
1230970 623.5
1230980 623.5
1230990 623.6
1231000 623.5
1231010 623.5
1231020 623.2
1231030 623.8
1231040 623.8
1231050 625.8
1231060 625.9
1231070 625.9
1231080 625.3
1231090 625.2
1231100 625.2
1231110 625.4
1231120 625.7
1231130 625.7
1231140 626.1
1231150 626.8
1231160 627.4
1231170 627.4
1231180 627.6
1231190 627.9
1231200 627.9
1231210 627.7
1231220 628.5
1231230 628.5
1231240 629.0
1231250 629.4
1231260 629.4
1231270 629.5
1231280 629.6
1231290 629.6
1231300 629.8
1231310 630.2
1231320 630.2
1231330 630.7
1231340 631.2
1231350 631.2
1231360 631.8
1231370 632.3
1231380 632.3
1231390 633.0
1231400 633.2
1231410 633.2
1231420 633.3
1231430 633.5
1231440 634.2
1231450 634.2
1231460 636.4
1231470 639.8
1231480 639.8
1231490 641.9
1231500 644.2
1231510 644.2
1231520 644.4
1231530 644.1
1231540 644.1
1231550 643.3
1231560 643.4
1231570 643.4
1231580 644.0
1231590 644.7
1231600 644.7
1231610 645.1
1231620 646.2
1231630 646.2
1231640 647.5
1231650 648.3
1231660 648.3
1231670 648.6
1231680 648.6
1231690 648.6
1231700 649.1
1231710 650.6
1231720 651.3
1231730 651.3
1231740 651.6
1231750 651.7
1231760 651.7
1231770 651.7
1231780 651.4
1231790 651.4
1231800 650.1
1231810 649.4
1231820 649.4
1231830 649.0
1231840 648.6
1231850 648.6
1231860 647.7
1231870 646.9
1231880 646.9
1231890 647.1
1231900 648.0
1231910 648.0
1231920 647.4
1231930 646.9
1231940 646.9
1231950 646.4
1231960 645.9
1231970 645.9
1231980 644.5
1231990 643.7
1232000 643.1
1232010 643.1
1232020 642.7
1232030 642.6
1232040 642.6
1232050 642.5
1232060 642.4
1232070 642.4
1232080 642.3
1232090 641.8
1232100 641.8
1232110 641.4
1232120 641.0
1232130 641.0
1232140 640.5
1232150 639.9
1232160 639.9
1232170 639.1
1232180 638.3
1232190 638.3
1232200 637.5
1232210 636.7
1232220 636.7
1232230 635.8
1232240 634.9
1232250 633.9
1232260 633.9
1232270 633.1
1232280 632.2
1232290 632.2
1232300 631.5
1232310 631.0
1232320 631.0
1232330 630.9
1232340 631.0
1232350 631.0
1232360 631.1
1232370 631.5
1232380 631.5
1232390 632.1
1232400 636.2
1232410 636.2
1232420 638.3
1232430 641.1
1232440 641.1
1232450 643.8
1232460 645.3
1232470 645.3
1232480 646.9
1232490 647.1
1232500 647.1
1232510 647.9
1232520 650.7
1232530 654.5
1232540 654.5
1232550 656.9
1232560 658.7
1232570 658.7
1232580 660.2
1232590 661.6
1232600 661.6
1232610 663.8
1232620 664.3
1232630 664.3
1232640 665.7
1232650 668.9
1232660 668.9
1232670 670.2
1232680 670.1
1232690 670.1
1232700 670.0
1232710 672.1
1232720 672.1
1232730 673.9
1232740 673.8
1232750 673.8
1232760 675.3
1232770 676.6
1232780 676.6
1232790 677.1
1232800 677.0
1232810 677.2
1232820 677.2
1232830 677.7
1232840 679.5
1232850 679.5
1232860 681.5
1232870 684.5
1232880 684.5
1232890 686.2
1232900 686.8
1232910 689.3
1232920 689.7
1232930 690.0
1232940 690.0
1232950 689.2
1232960 687.6
1232970 687.6
1232980 687.7
1232990 689.7
1233000 689.7
1233010 692.8
1233020 693.4
1233030 693.4
1233040 693.1
1233050 692.8
1233060 692.8
1233070 692.1
1233080 691.8
1233090 691.9
1233100 691.9
1233110 692.5
1233120 691.5
1233130 691.5
1233140 687.5
1233150 686.8
1233160 686.8
1233170 688.5
1233180 691.9
1233190 691.9
1233200 690.6
1233210 685.2
1233220 685.2
1233230 683.2
1233240 682.5
1233250 682.5
1233260 681.7
1233270 682.0
1233280 682.0
1233290 682.9
1233300 683.6
1233310 683.6
1233320 686.6
1233330 686.5
1233340 685.3
1233350 685.3
1233360 686.8
1233370 687.9
1233380 687.9
1233390 690.8
1233400 695.2
1233410 695.2
1233420 697.8
1233430 698.9
1233440 698.9
1233450 699.3
1233460 698.9
1233470 698.9
1233480 698.1
1233490 697.4
1233500 697.4
1233510 696.8
1233520 696.3
1233530 696.3
1233540 696.0
1233550 695.9
1233560 695.9
1233570 695.8
1233580 695.7
1233590 695.7
1233600 695.7
1233610 695.8
1233620 695.5
1233630 695.5
1233640 695.0
1233650 694.4
1233660 694.4
1233670 693.8
1233680 692.9
1233690 692.9
1233700 691.7
1233710 690.1
1233720 690.1
1233730 688.4
1233740 686.6
1233750 686.6
1233760 684.8
1233770 682.7
1233780 682.7
1233790 680.7
1233800 679.4
1233810 679.4
1233820 677.2
1233830 675.9
1233840 675.9
1233850 674.4
1233860 673.3
1233870 673.3
1233880 678.3
1233890 679.8
1233900 680.3
1233910 680.3
1233920 682.1
1233930 682.3
1233940 682.3
1233950 682.5
1233960 682.7
1233970 682.7
1233980 683.6
1233990 683.6
1234000 683.6
1234010 683.6
1234020 683.4
1234030 683.4
1234040 683.2
1234050 683.0
1234060 683.0
1234070 682.7
1234080 682.1
1234090 682.1
1234100 681.7
1234110 680.9
1234120 680.9
1234130 680.3
1234140 679.4
1234150 679.4
1234160 679.1
1234170 679.2
1234180 679.0
1234190 679.0
1234200 678.7
1234210 678.5
1234220 678.5
1234230 678.1
1234240 677.7
1234250 677.7
1234260 677.5
1234270 677.1
1234280 677.1
1234290 676.9
1234300 676.5
1234310 676.5
1234320 676.2
1234330 675.6
1234340 675.6
1234350 675.3
1234360 674.9
1234370 674.9
1234380 674.4
1234390 674.5
1234400 674.5
1234410 674.9
1234420 674.8
1234430 672.3
1234440 672.3
1234450 670.9
1234460 669.5
1234470 669.5
1234480 669.2
1234490 670.7
1234500 670.7
1234510 675.1
1234520 677.3
1234530 677.3
1234540 677.7
1234550 677.9
1234560 677.9
1234570 678.0
1234580 678.1
1234590 678.1
1234600 677.6
1234610 676.9
1234620 676.9
1234630 676.5
1234640 676.2
1234650 676.2
1234660 676.1
1234670 676.1
1234680 676.1
1234690 676.5
1234700 676.9
1234710 677.9
1234720 677.9
1234730 679.0
1234740 679.1
1234750 679.1
1234760 678.1
1234770 676.1
1234780 676.1
1234790 673.8
1234800 672.2
1234810 672.2
1234820 671.0
1234830 668.7
1234840 668.7
1234850 665.6
1234860 662.8
1234870 662.8
1234880 661.3
1234890 660.9
1234900 660.9
1234910 660.5
1234920 659.6
1234930 659.6
1234940 663.4
1234950 660.3
1234960 660.3
1234970 656.7
1234980 653.6
1234990 654.9
1235000 654.9
1235010 655.3
1235020 656.4
1235030 656.4
1235040 657.0
1235050 656.9
1235060 656.9
1235070 656.8
1235080 656.9
1235090 656.9
1235100 658.3
1235110 658.0
1235120 658.0
1235130 655.8
1235140 653.3
1235150 653.3
1235160 651.2
1235170 649.7
1235180 649.7
1235190 648.9
1235200 647.8
1235210 647.8
1235220 646.7
1235230 645.7
1235240 645.1
1235250 645.1
1235260 644.4
1235270 643.4
1235280 643.4
1235290 642.5
1235300 642.0
1235310 642.0
1235320 641.8
1235330 642.0
1235340 642.0
1235350 642.7
1235360 643.3
1235370 643.3
1235380 643.8
1235390 644.3
1235400 644.3
1235410 644.6
1235420 644.5
1235430 644.5
1235440 644.4
1235450 645.4
1235460 645.4
1235470 645.2
1235480 644.8
1235490 644.8
1235500 645.0
1235510 646.1
1235520 647.4
1235530 647.4
1235540 647.8
1235550 647.1
1235560 647.1
1235570 645.2
1235580 643.9
1235590 643.9
1235600 642.1
1235610 639.8
1235620 639.8
1235630 636.9
1235640 634.6
1235650 634.6
1235660 632.4
1235670 631.3
1235680 631.3
1235690 630.4
1235700 630.3
1235710 630.3
1235720 630.8
1235730 630.5
1235740 630.5
1235750 629.6
1235760 628.4
1235770 628.4
1235780 626.3
1235790 625.5
1235800 624.8
1235810 624.8
1235820 624.3
1235830 623.9
1235840 623.9
1235850 623.0
1235860 620.8
1235870 620.8
1235880 619.8
1235890 619.6
1235900 619.6
1235910 619.5
1235920 620.6
1235930 620.6
1235940 620.9
1235950 621.2
1235960 621.2
1235970 621.5
1235980 621.1
1235990 621.1
1236000 621.2
1236010 621.3
1236020 621.3
1236030 621.4
1236040 621.4
1236050 621.4
1236060 621.4
1236070 621.4
1236080 621.4
1236090 621.4
1236100 621.3
1236110 621.3
1236120 621.3
1236130 621.3
1236140 621.2
1236150 621.2
1236160 621.0
1236170 620.9
1236180 620.9
1236190 620.8
1236200 620.8
1236210 620.8
1236220 620.7
1236230 620.7
1236240 620.7
1236250 620.6
1236260 620.7
1236270 620.7
1236280 620.7
1236290 620.6
1236300 620.6
1236310 620.5
1236320 620.6
1236330 620.7
1236340 620.7
1236350 620.7
1236360 620.8
1236370 620.8
1236380 621.0
1236390 621.0
1236400 621.0
1236410 621.0
1236420 621.2
1236430 621.2
1236440 621.3
1236450 621.4
1236460 621.4
1236470 621.5
1236480 621.8
1236490 621.8
1236500 621.9
1236510 622.0
1236520 622.0
1236530 622.1
1236540 622.2
1236550 622.2
1236560 622.3
1236570 622.6
1236580 622.6
1236590 622.8
1236600 622.9
1236610 623.0
1236620 623.0
1236630 623.1
1236640 623.2
1236650 623.2
1236660 623.3
1236670 623.4
1236680 623.4
1236690 623.5
1236700 623.5
1236710 623.5
1236720 623.6
1236730 623.7
1236740 623.7
1236750 623.8
1236760 623.8
1236770 623.8
1236780 624.0
1236790 624.1
1236800 624.1
1236810 624.2
1236820 624.3
1236830 624.3
1236840 624.4
1236850 624.5
1236860 624.5
1236870 624.6
1236880 624.7
1236890 624.8
1236900 624.8
1236910 625.0
1236920 625.1
1236930 625.1
1236940 625.2
1236950 625.3
1236960 625.3
1236970 625.4
1236980 625.5
1236990 625.8
1237000 625.9
1237010 626.1
1237020 626.1
1237030 626.2
1237040 626.3
1237050 626.3
1237060 626.5
1237070 626.7
1237080 626.7
1237090 627.1
1237100 627.7
1237110 627.7
1237120 628.3
1237130 628.5
1237140 628.5
1237150 628.2
1237160 627.9
1237170 627.7
1237180 627.7
1237190 627.5
1237200 627.4
1237210 627.4
1237220 627.4
1237230 627.5
1237240 627.5
1237250 627.7
1237260 628.0
1237270 628.0
1237280 628.3
1237290 628.5
1237300 628.5
1237310 628.7
1237320 629.0
1237330 629.0
1237340 629.4
1237350 629.7
1237360 629.7
1237370 630.0
1237380 630.2
1237390 630.2
1237400 630.4
1237410 630.6
1237420 630.7
1237430 630.7
1237440 630.8
1237450 631.0
1237460 631.0
1237470 631.2
1237480 631.4
1237490 631.4
1237500 631.5
1237510 632.3
1237520 632.3
1237530 632.4
1237540 632.5
1237550 632.5
1237560 632.5
1237570 632.5
1237580 632.5
1237590 632.7
1237600 632.8
1237610 632.8
1237620 633.0
1237630 633.3
1237640 633.3
1237650 633.8
1237660 634.3
1237670 634.3
1237680 634.7
1237690 635.0
1237700 635.2
1237710 635.2
1237720 635.3
1237730 635.5
1237740 635.5
1237750 635.5
1237760 635.6
1237770 635.6
1237780 635.5
1237790 635.4
1237800 635.4
1237810 635.3
1237820 635.1
1237830 635.1
1237840 635.0
1237850 635.1
1237860 635.1
1237870 635.3
1237880 635.4
1237890 635.4
1237900 635.4
1237910 635.3
1237920 635.3
1237930 635.3
1237940 635.6
1237950 635.6
1237960 636.6
1237970 637.9
1237980 636.7
1237990 636.7
1238000 637.5
1238010 636.3
1238020 636.4
1238030 635.0
1238040 634.1
1238050 634.1
1238060 633.5
1238070 632.9
1238080 632.9
1238090 632.5
1238100 632.0
1238110 632.0
1238120 631.6
1238130 631.2
1238140 631.2
1238150 630.9
1238160 630.4
1238170 630.4
1238180 629.9
1238190 629.6
1238200 629.6
1238210 629.3
1238220 629.1
1238230 628.7
1238240 628.7
1238250 628.3
1238260 628.0
1238270 628.0
1238280 627.8
1238290 627.7
1238300 627.7
1238310 627.2
1238320 626.8
1238330 626.8
1238340 626.5
1238350 626.2
1238360 626.2
1238370 626.0
1238380 625.7
1238390 625.7
1238400 625.6
1238410 625.6
1238420 625.6
1238430 625.6
1238440 625.5
1238450 625.5
1238460 625.4
1238470 625.2
1238480 625.2
1238490 625.0
1238500 624.7
1238510 624.5
1238520 624.5
1238530 624.2
1238540 624.4
1238550 624.4
1238560 624.1
1238570 623.9
1238580 623.9
1238590 623.7
1238600 623.6
1238610 623.6
1238620 623.5
1238630 623.2
1238640 623.2
1238650 623.0
1238660 622.8
1238670 622.8
1238680 622.5
1238690 622.1
1238700 622.1
1238710 621.7
1238720 621.4
1238730 621.4
1238740 621.1
1238750 620.6
1238760 620.6
1238770 620.0
1238780 619.6
1238790 619.2
1238800 619.2
1238810 619.0
1238820 617.5
1238830 617.5
1238840 614.8
1238850 614.2
1238860 614.2
1238870 613.3
1238880 612.3
1238890 612.3
1238900 611.5
1238910 611.0
1238920 611.0
1238930 610.8
1238940 610.6
1238950 610.6
1238960 610.4
1238970 610.3
1238980 610.3
1238990 610.2
1239000 610.3
1239010 610.3
1239020 610.3
1239030 610.3
1239040 610.3
1239050 610.4
1239060 610.4
1239070 610.4
1239080 610.4
1239090 610.5
1239100 610.6
1239110 610.6
1239120 610.7
1239130 610.6
1239140 610.6
1239150 610.3
1239160 610.1
1239170 610.1
1239180 610.0
1239190 610.0
1239200 610.0
1239210 610.1
1239220 610.2
1239230 610.2
1239240 610.5
1239250 610.9
1239260 610.9
1239270 611.4
1239280 611.1
1239290 611.1
1239300 609.2
1239310 607.6
1239320 607.7
1239330 607.7
1239340 607.8
1239350 607.6
1239360 607.6
1239370 607.4
1239380 607.3
1239390 607.3
1239400 607.3
1239410 607.3
1239420 607.3
1239430 607.3
1239440 607.3
1239450 607.3
1239460 607.3
1239470 607.3
1239480 607.3
1239490 607.4
1239500 608.0
1239510 608.0
1239520 609.8
1239530 610.8
1239540 610.8
1239550 610.5
1239560 610.1
1239570 610.1
1239580 610.1
1239590 610.2
1239600 611.0
1239610 611.0
1239620 611.8
1239630 612.0
1239640 612.0
1239650 612.1
1239660 611.9
1239670 611.9
1239680 611.6
1239690 610.8
1239700 610.8
1239710 610.1
1239720 609.8
1239730 609.8
1239740 609.7
1239750 609.6
1239760 609.6
1239770 609.6
1239780 609.5
1239790 609.5
1239800 609.5
1239810 609.5
1239820 609.5
1239830 609.5
1239840 609.5
1239850 609.5
1239860 609.4
1239870 609.4
1239880 609.4
1239890 609.4
1239900 609.4
1239910 609.3
1239920 609.3
1239930 609.3
1239940 609.4
1239950 609.4
1239960 609.4
1239970 609.4
1239980 609.4
1239990 609.4
