1220000 854.3
1220010 851.5
1220020 851.5
1220030 852.3
1220040 852.9
1220050 852.9
1220060 853.0
1220070 852.9
1220080 852.9
1220090 852.5
1220100 852.0
1220110 852.0
1220120 851.5
1220130 851.2
1220140 851.2
1220150 851.0
1220160 850.9
1220170 850.9
1220180 850.1
1220190 848.3
1220200 847.3
1220210 847.3
1220220 847.6
1220230 849.5
1220240 849.5
1220250 849.4
1220260 849.9
1220270 849.9
1220280 851.3
1220290 853.7
1220300 853.7
1220310 856.4
1220320 857.6
1220330 857.6
1220340 858.7
1220350 859.6
1220360 859.6
1220370 860.5
1220380 861.5
1220390 861.5
1220400 862.5
1220410 863.5
1220420 863.5
1220430 863.9
1220440 864.1
1220450 864.3
1220460 864.3
1220470 864.6
1220480 864.1
1220490 864.4
1220500 864.4
1220510 864.2
1220520 864.2
1220530 862.7
1220540 861.4
1220550 861.4
1220560 859.0
1220570 855.4
1220580 855.4
1220590 852.4
1220600 847.1
1220610 847.1
1220620 842.5
1220630 841.6
1220640 841.6
1220650 842.8
1220660 843.7
1220670 843.7
1220680 846.3
1220690 848.6
1220700 848.6
1220710 850.5
1220720 848.6
1220730 844.9
1220740 844.9
1220750 840.5
1220760 838.9
1220770 838.9
1220780 838.1
1220790 837.5
1220800 837.5
1220810 837.6
1220820 837.1
1220830 837.1
1220840 835.3
1220850 834.8
1220860 834.8
1220870 834.2
1220880 834.3
1220890 834.3
1220900 836.3
1220910 839.9
1220920 839.9
1220930 844.2
1220940 849.8
1220950 849.8
1220960 854.3
1220970 852.6
1220980 852.6
1220990 850.9
1221000 846.7
1221010 845.4
1221020 845.4
1221030 842.9
1221040 839.6
1221050 839.6
1221060 838.2
1221070 837.8
1221080 837.8
1221090 837.5
1221100 837.3
1221110 837.3
1221120 837.1
1221130 836.9
1221140 836.9
1221150 836.7
1221160 836.1
1221170 836.1
1221180 832.9
1221190 829.3
1221200 829.3
1221210 826.9
1221220 824.8
1221230 824.8
1221240 822.7
1221250 820.6
1221260 820.6
1221270 818.6
1221280 816.9
1221290 815.3
1221300 815.3
1221310 813.7
1221320 812.2
1221330 812.2
1221340 811.0
1221350 810.2
1221360 810.2
1221370 809.4
1221380 809.1
1221390 809.1
1221400 808.8
1221410 808.5
1221420 808.5
1221430 808.2
1221440 808.0
1221450 808.0
1221460 806.9
1221470 806.6
1221480 806.6
1221490 806.1
1221500 805.6
1221510 805.6
1221520 805.0
1221530 804.4
1221540 804.4
1221550 803.6
1221560 802.9
1221570 802.2
1221580 802.2
1221590 801.5
1221600 801.1
1221610 801.1
1221620 801.3
1221630 802.0
1221640 802.0
1221650 802.7
1221660 803.5
1221670 803.5
1221680 804.2
1221690 804.8
1221700 804.8
1221710 805.4
1221720 806.0
1221730 806.0
1221740 806.6
1221750 807.0
1221760 807.0
1221770 807.1
1221780 807.2
1221790 807.2
1221800 807.4
1221810 807.7
1221820 807.9
1221830 807.9
1221840 807.9
1221850 807.6
1221860 807.6
1221870 807.1
1221880 806.6
1221890 806.6
1221900 806.2
1221910 805.9
1221920 805.9
1221930 805.6
1221940 804.1
1221950 804.1
1221960 804.5
1221970 805.0
1221980 805.0
1221990 805.8
1222000 806.6
1222010 806.6
1222020 807.1
1222030 807.5
1222040 807.5
1222050 807.6
1222060 807.9
1222070 807.9
1222080 808.1
1222090 808.6
1222100 809.1
1222110 809.1
1222120 809.4
1222130 809.8
1222140 809.8
1222150 811.2
1222160 813.0
1222170 813.0
1222180 815.1
1222190 816.6
1222200 816.6
1222210 818.4
1222220 819.8
1222230 819.8
1222240 821.5
1222250 824.1
1222260 824.1
1222270 826.4
1222280 829.6
1222290 829.6
1222300 834.3
1222310 839.3
1222320 839.3
1222330 842.5
1222340 844.9
1222350 844.9
1222360 847.2
1222370 849.3
1222380 849.8
1222390 849.8
1222400 849.4
1222410 849.3
1222420 849.3
1222430 848.2
1222440 847.7
1222450 847.7
1222460 847.3
1222470 847.0
1222480 847.0
1222490 846.7
1222500 846.4
1222510 846.4
1222520 846.2
1222530 846.1
1222540 846.1
1222550 846.1
1222560 846.2
1222570 846.2
1222580 846.4
1222590 846.7
1222600 846.7
1222610 846.9
1222620 846.9
1222630 846.9
1222640 846.9
1222650 846.5
1222660 845.7
1222670 845.7
1222680 844.7
1222690 839.6
1222700 839.6
1222710 834.5
1222720 834.2
1222730 834.2
1222740 834.0
1222750 834.0
1222760 834.0
1222770 834.8
1222780 834.3
1222790 834.3
1222800 834.3
1222810 835.0
1222820 835.0
1222830 836.4
1222840 838.5
1222850 838.5
1222860 840.6
1222870 842.6
1222880 842.6
1222890 843.5
1222900 843.1
1222910 842.0
1222920 841.9
1222930 842.3
1222940 842.8
1222950 842.8
1222960 843.2
1222970 843.7
1222980 843.7
1222990 843.9
1223000 844.7
1223010 844.7
1223020 845.2
1223030 845.7
1223040 845.7
1223050 846.2
1223060 846.7
1223070 846.7
1223080 846.9
1223090 847.1
1223100 847.1
1223110 847.3
1223120 847.3
1223130 847.3
1223140 847.3
1223150 847.2
1223160 847.2
1223170 847.3
1223180 847.3
1223190 847.6
1223200 847.6
1223210 847.6
1223220 847.6
1223230 847.6
1223240 847.7
1223250 847.8
1223260 847.8
1223270 847.6
1223280 847.6
1223290 847.6
1223300 847.3
1223310 847.1
1223320 847.1
1223330 846.5
1223340 846.3
1223350 846.3
1223360 846.0
1223370 845.8
1223380 845.8
1223390 845.4
1223400 840.8
1223410 840.8
1223420 840.1
1223430 839.7
1223440 839.7
1223450 839.4
1223460 839.2
1223470 839.0
1223480 839.0
1223490 838.8
1223500 838.7
1223510 838.7
1223520 838.5
1223530 838.4
1223540 838.4
1223550 838.2
1223560 837.9
1223570 837.9
1223580 837.7
1223590 837.5
1223600 837.5
1223610 837.3
1223620 837.0
1223630 837.0
1223640 836.8
1223650 836.6
1223660 836.6
1223670 836.3
1223680 835.8
1223690 835.8
1223700 835.2
1223710 834.7
1223720 834.7
1223730 834.3
1223740 833.9
1223750 833.4
1223760 833.4
1223770 832.9
1223780 832.5
1223790 832.5
1223800 832.0
1223810 831.5
1223820 831.5
1223830 831.0
1223840 830.5
1223850 830.5
1223860 830.1
1223870 829.8
1223880 829.8
1223890 828.4
1223900 828.0
1223910 828.0
1223920 827.6
1223930 827.2
1223940 827.2
1223950 826.8
1223960 826.4
1223970 826.4
1223980 825.9
1223990 825.5
1224000 825.5
1224010 825.1
1224020 824.6
1224030 824.2
1224040 824.2
1224050 823.8
1224060 823.5
1224070 823.5
1224080 823.3
1224090 823.3
1224100 823.3
1224110 823.2
1224120 823.2
1224130 823.2
1224140 823.2
1224150 823.4
1224160 823.4
1224170 823.7
1224180 824.0
1224190 824.0
1224200 824.5
1224210 825.3
1224220 825.3
1224230 826.7
1224240 828.2
1224250 828.2
1224260 829.7
1224270 831.0
1224280 832.4
1224290 832.4
1224300 834.8
1224310 837.2
1224320 837.2
1224330 838.1
1224340 839.2
1224350 839.2
1224360 840.3
1224370 841.0
1224380 841.7
1224390 842.5
1224400 843.5
1224410 843.5
1224420 844.5
1224430 845.6
1224440 845.6
1224450 846.6
1224460 847.3
1224470 847.3
1224480 848.0
1224490 848.6
1224500 848.6
1224510 849.3
1224520 850.7
1224530 850.7
1224540 851.6
1224550 852.8
1224560 853.6
1224570 853.6
1224580 855.1
1224590 856.0
1224600 856.0
1224610 856.6
1224620 857.1
1224630 857.1
1224640 857.9
1224650 858.2
1224660 858.2
1224670 858.6
1224680 859.0
1224690 859.0
1224700 859.5
1224710 860.1
1224720 860.1
1224730 860.8
1224740 861.4
1224750 861.4
1224760 861.3
1224770 860.4
1224780 860.4
1224790 859.6
1224800 859.1
1224810 859.1
1224820 858.6
1224830 857.9
1224840 857.1
1224850 857.1
1224860 856.3
1224870 855.5
1224880 855.5
1224890 854.6
1224900 853.5
1224910 853.5
1224920 852.6
1224930 851.5
1224940 851.5
1224950 849.6
1224960 846.0
1224970 846.0
1224980 842.0
1224990 840.2
1225000 840.2
1225010 839.8
1225020 839.9
1225030 839.9
1225040 840.1
1225050 840.3
1225060 840.3
1225070 840.5
1225080 840.7
1225090 840.7
1225100 840.7
1225110 840.7
1225120 840.6
1225130 840.6
1225140 840.4
1225150 840.1
1225160 840.1
1225170 839.8
1225180 839.4
1225190 839.4
1225200 839.0
1225210 838.7
1225220 838.7
1225230 838.5
1225240 838.5
1225250 838.5
1225260 838.5
1225270 838.5
1225280 838.5
1225290 838.7
1225300 839.5
1225310 839.5
1225320 841.4
1225330 846.6
1225340 846.6
1225350 851.8
1225360 859.3
1225370 859.3
1225380 863.4
1225390 864.5
1225400 864.9
1225410 864.9
1225420 868.1
1225430 871.9
1225440 871.9
1225450 874.1
1225460 877.1
1225470 877.1
1225480 880.4
1225490 884.0
1225500 884.0
1225510 888.3
1225520 892.3
1225530 892.3
1225540 896.4
1225550 900.1
1225560 900.1
1225570 903.1
1225580 905.3
1225590 905.3
1225600 907.6
1225610 910.2
1225620 910.2
1225630 912.0
1225640 914.4
1225650 917.1
1225660 917.1
1225670 920.1
1225680 923.0
1225690 923.0
1225700 925.9
1225710 928.8
1225720 928.8
1225730 930.5
1225740 931.5
1225750 931.5
1225760 932.9
1225770 934.6
1225780 934.6
1225790 935.9
1225800 937.5
1225810 937.5
1225820 939.8
1225830 942.8
1225840 942.8
1225850 945.5
1225860 949.4
1225870 949.4
1225880 952.2
1225890 953.7
1225900 953.7
1225910 955.1
1225920 956.2
1225930 957.3
1225940 957.3
1225950 957.9
1225960 959.2
1225970 959.2
1225980 960.6
1225990 961.5
1226000 961.5
1226010 962.1
1226020 962.3
1226030 962.3
1226040 962.9
1226050 963.5
1226060 963.5
1226070 964.2
1226080 964.3
1226090 964.3
1226100 964.1
1226110 963.8
1226120 963.8
1226130 963.5
1226140 962.9
1226150 962.9
1226160 962.2
1226170 961.7
1226180 961.7
1226190 961.5
1226200 961.3
1226210 961.6
1226220 961.6
1226230 962.0
1226240 962.3
1226250 962.3
1226260 962.7
1226270 963.0
1226280 963.0
1226290 963.9
1226300 965.2
1226310 965.2
1226320 966.1
1226330 966.2
1226340 966.2
1226350 971.4
1226360 972.2
1226370 972.2
1226380 972.8
1226390 972.3
1226400 972.3
1226410 970.8
1226420 969.4
1226430 969.4
1226440 968.3
1226450 967.8
1226460 967.8
1226470 967.3
1226480 966.6
1226490 965.1
1226500 965.1
1226510 963.4
1226520 963.7
1226530 963.7
1226540 965.1
1226550 965.3
1226560 965.3
1226570 965.2
1226580 965.2
1226590 965.2
1226600 965.3
1226610 965.8
1226620 965.8
1226630 967.1
1226640 968.0
1226650 968.0
1226660 968.7
1226670 968.9
1226680 968.9
1226690 969.1
1226700 971.8
1226710 971.8
1226720 975.2
1226730 977.4
1226740 977.4
1226750 979.7
1226760 981.6
1226770 983.6
1226780 983.6
1226790 985.3
1226800 985.7
1226810 985.7
1226820 985.4
1226830 987.9
1226840 994.9
1226850 996.8
1226860 996.6
1226870 996.6
1226880 995.9
1226890 994.7
1226900 994.7
1226910 993.4
1226920 993.5
1226930 993.5
1226940 994.3
1226950 994.1
1226960 994.1
1226970 991.8
1226980 988.1
1226990 988.1
1227000 983.7
1227010 979.8
1227020 977.9
1227030 977.9
1227040 976.7
1227050 976.8
1227060 976.8
1227070 977.2
1227080 978.8
1227090 978.8
1227100 978.6
1227110 977.0
1227120 977.0
1227130 978.2
1227140 978.6
1227150 978.6
1227160 979.6
1227170 979.7
1227180 979.7
1227190 979.6
1227200 980.3
1227210 980.3
1227220 980.8
1227230 980.2
1227240 980.2
1227250 979.3
1227260 978.5
1227270 978.5
1227280 979.1
1227290 981.0
1227300 982.1
1227310 982.1
1227320 982.4
1227330 981.2
1227340 981.2
1227350 981.2
1227360 981.6
1227370 981.6
1227380 980.5
1227390 979.2
1227400 979.2
1227410 978.7
1227420 978.7
1227430 978.7
1227440 979.1
1227450 978.9
1227460 978.9
1227470 977.0
1227480 975.1
1227490 975.1
1227500 973.0
1227510 969.0
1227520 969.0
1227530 965.4
1227540 965.4
1227550 965.4
1227560 965.6
1227570 964.0
1227580 962.7
1227590 962.7
1227600 961.9
1227610 961.0
1227620 961.0
1227630 959.3
1227640 956.5
1227650 956.5
1227660 953.0
1227670 949.2
1227680 949.2
1227690 945.0
1227700 941.5
1227710 941.5
1227720 940.7
1227730 941.8
1227740 941.8
1227750 941.9
1227760 940.8
1227770 940.8
1227780 939.1
1227790 938.6
1227800 938.6
1227810 939.6
1227820 939.5
1227830 943.5
1227840 942.0
1227850 940.3
1227860 938.7
1227870 938.7
1227880 937.3
1227890 934.5
1227900 934.5
1227910 932.5
1227920 930.9
1227930 930.9
1227940 928.3
1227950 925.6
1227960 925.6
1227970 923.7
1227980 923.0
1227990 923.0
1228000 922.3
1228010 920.8
1228020 920.8
1228030 919.1
1228040 917.8
1228050 917.8
1228060 916.7
1228070 915.5
1228080 915.5
1228090 913.7
1228100 911.7
1228110 909.8
1228120 909.8
1228130 908.1
1228140 906.6
1228150 906.6
1228160 905.5
1228170 905.5
1228180 905.5
1228190 905.4
1228200 903.7
1228210 903.7
1228220 901.6
1228230 900.3
1228240 900.3
1228250 899.8
1228260 899.0
1228270 899.0
1228280 898.2
1228290 898.0
1228300 898.0
1228310 898.0
1228320 897.4
1228330 896.0
1228340 896.1
1228350 896.0
1228360 896.0
1228370 896.2
1228380 896.5
1228390 897.2
1228400 897.2
1228410 898.0
1228420 898.5
1228430 898.5
1228440 898.7
1228450 896.9
1228460 896.9
1228470 895.0
1228480 894.5
1228490 894.5
1228500 894.6
1228510 893.7
1228520 893.7
1228530 893.7
1228540 894.4
1228550 894.4
1228560 893.6
1228570 892.9
1228580 892.9
1228590 891.5
1228600 890.7
1228610 890.7
1228620 890.7
1228630 892.6
1228640 892.6
1228650 893.6
1228660 893.9
1228670 894.0
1228680 894.0
1228690 894.8
1228700 895.7
1228710 895.7
1228720 896.2
1228730 896.2
1228740 896.2
1228750 895.7
1228760 895.2
1228770 895.2
1228780 894.5
1228790 894.6
1228800 894.6
1228810 895.2
1228820 895.4
1228830 892.4
1228840 890.1
1228850 889.3
1228860 889.3
1228870 889.3
1228880 888.4
1228890 888.4
1228900 887.4
1228910 886.1
1228920 886.1
1228930 885.0
1228940 883.8
1228950 882.0
1228960 882.0
1228970 880.4
1228980 880.0
1228990 880.0
1229000 879.5
1229010 878.0
1229020 878.0
1229030 877.7
1229040 877.5
1229050 877.5
1229060 876.6
1229070 875.6
1229080 875.6
1229090 874.3
1229100 873.1
1229110 873.1
1229120 872.5
1229130 870.1
1229140 870.1
1229150 866.6
1229160 860.1
1229170 860.1
1229180 854.8
1229190 850.7
1229200 850.7
1229210 846.6
1229220 841.2
1229230 832.3
1229240 832.3
1229250 822.5
1229260 813.7
1229270 813.7
1229280 807.7
1229290 804.3
1229300 804.3
1229310 797.7
1229320 782.9
1229330 782.9
1229340 774.2
1229350 767.9
1229360 767.9
1229370 763.2
1229380 759.4
1229390 759.4
1229400 755.7
1229410 752.2
1229420 752.2
1229430 748.4
1229440 743.7
1229450 743.7
1229460 740.4
1229470 737.9
1229480 735.3
1229490 735.3
1229500 733.0
1229510 731.7
1229520 731.7
1229530 731.7
1229540 734.6
1229550 734.6
1229560 735.5
1229570 733.4
1229580 733.4
1229590 731.3
1229600 729.3
1229610 729.3
1229620 727.5
1229630 726.0
1229640 726.0
1229650 724.7
1229660 723.0
1229670 723.0
1229680 721.7
1229690 721.1
1229700 721.1
1229710 721.4
1229720 722.2
1229730 722.2
1229740 721.5
1229750 719.7
1229760 717.4
1229770 717.4
1229780 714.2
1229790 711.2
1229800 711.2
1229810 710.2
1229820 707.6
1229830 707.6
1229840 707.7
1229850 706.9
1229860 706.9
1229870 705.6
1229880 703.9
1229890 703.9
1229900 701.1
1229910 697.1
1229920 697.1
1229930 691.9
1229940 687.2
1229950 687.2
1229960 683.9
1229970 681.9
1229980 681.9
1229990 680.4
1230000 678.2
1230010 678.2
1230020 674.3
1230030 670.5
1230040 668.3
1230050 668.3
1230060 665.8
1230070 663.5
1230080 663.5
1230090 662.8
1230100 660.3
1230110 660.3
1230120 657.0
1230130 654.3
1230140 654.3
1230150 651.1
1230160 648.0
1230170 648.0
1230180 645.5
1230190 644.2
1230200 644.2
1230210 642.7
1230220 641.5
1230230 641.5
1230240 640.6
1230250 639.1
1230260 639.1
1230270 636.5
1230280 635.1
1230290 635.1
1230300 633.3
1230310 631.7
1230320 627.4
1230330 627.4
1230340 625.3
1230350 624.9
1230360 624.9
1230370 624.9
1230380 625.0
1230390 625.0
1230400 624.8
1230410 624.7
1230420 624.7
1230430 624.7
1230440 624.7
1230450 624.7
1230460 624.7
1230470 624.8
1230480 624.8
1230490 624.7
1230500 624.6
1230510 624.6
1230520 624.5
1230530 624.6
1230540 624.6
1230550 624.6
1230560 624.5
1230570 624.4
1230580 624.4
1230590 624.4
1230600 624.3
1230610 624.3
1230620 624.3
1230630 624.3
1230640 624.3
1230650 624.3
1230660 624.3
1230670 624.3
1230680 624.2
1230690 624.1
1230700 624.1
1230710 624.1
1230720 624.1
1230730 624.1
1230740 624.1
1230750 624.0
1230760 624.0
1230770 623.9
1230780 623.9
1230790 623.9
1230800 623.9
1230810 623.9
1230820 623.9
1230830 624.0
1230840 624.1
1230850 624.0
1230860 624.0
1230870 623.9
1230880 623.9
1230890 623.9
1230900 624.0
1230910 623.9
1230920 623.9
1230930 623.7
1230940 623.9
1230950 623.9
1230960 623.9
1230970 623.9
1230980 623.9
1230990 623.9
1231000 623.8
1231010 623.8
1231020 623.8
1231030 623.8
1231040 623.8
1231050 623.8
1231060 623.8
1231070 623.8
1231080 623.8
1231090 623.8
1231100 623.8
1231110 623.9
1231120 624.0
1231130 623.9
1231140 623.9
1231150 624.1
1231160 625.1
1231170 625.1
1231180 626.1
1231190 626.5
1231200 626.5
1231210 626.5
1231220 626.5
1231230 626.5
1231240 626.4
1231250 626.1
1231260 626.1
1231270 625.4
1231280 624.2
1231290 624.2
1231300 623.4
1231310 623.2
1231320 623.2
1231330 622.8
1231340 622.5
1231350 622.5
1231360 622.3
1231370 622.4
1231380 622.4
1231390 622.7
1231400 622.8
1231410 622.8
1231420 622.8
1231430 622.8
1231440 622.8
1231450 622.8
1231460 622.6
1231470 622.0
1231480 622.0
1231490 621.3
1231500 620.4
1231510 620.4
1231520 619.7
1231530 619.9
1231540 619.9
1231550 619.4
1231560 618.8
1231570 618.8
1231580 618.8
1231590 618.7
1231600 618.7
1231610 618.7
1231620 618.7
1231630 618.7
1231640 618.6
1231650 618.6
1231660 618.6
1231670 618.6
1231680 618.6
1231690 618.6
1231700 618.6
1231710 618.6
1231720 618.5
1231730 618.5
1231740 618.5
1231750 618.6
1231760 618.6
1231770 618.9
1231780 619.7
1231790 619.7
1231800 620.9
1231810 621.9
1231820 621.9
1231830 622.5
1231840 622.4
1231850 622.4
1231860 622.4
1231870 622.4
1231880 622.4
1231890 622.5
1231900 622.9
1231910 622.9
1231920 623.3
1231930 623.8
1231940 623.8
1231950 623.8
1231960 623.6
1231970 623.2
1231980 623.2
1231990 623.0
1232000 622.9
1232010 622.9
1232020 623.0
1232030 623.0
1232040 623.0
1232050 623.1
1232060 623.2
1232070 623.2
1232080 623.4
1232090 623.6
1232100 623.6
1232110 623.8
1232120 623.9
1232130 623.9
1232140 623.9
1232150 623.8
1232160 623.8
1232170 623.5
1232180 623.1
1232190 623.1
1232200 622.7
1232210 622.5
1232220 622.3
1232230 622.3
1232240 622.3
1232250 622.3
1232260 622.3
1232270 622.3
1232280 622.3
1232290 622.3
1232300 623.2
1232310 627.3
1232320 627.3
1232330 631.8
1232340 630.6
1232350 630.6
1232360 625.5
1232370 622.7
1232380 622.7
1232390 622.1
1232400 622.1
1232410 622.1
1232420 622.2
1232430 622.1
1232440 622.1
1232450 622.0
1232460 621.9
1232470 621.9
1232480 621.9
1232490 621.9
1232500 622.0
1232510 622.0
1232520 621.9
1232530 621.7
1232540 621.7
1232550 621.7
1232560 621.7
1232570 621.7
1232580 621.9
1232590 622.1
1232600 622.1
1232610 622.2
1232620 622.1
1232630 622.1
1232640 622.2
1232650 622.2
1232660 622.2
1232670 622.2
1232680 622.1
1232690 622.1
1232700 622.0
1232710 621.8
1232720 621.8
1232730 621.6
1232740 621.6
1232750 621.6
1232760 621.6
1232770 621.7
1232780 621.2
1232790 621.2
1232800 620.9
1232810 621.2
1232820 621.2
1232830 621.2
1232840 621.2
1232850 621.2
1232860 622.1
1232870 622.3
1232880 622.3
1232890 622.2
1232900 622.4
1232910 622.4
1232920 622.5
1232930 622.4
1232940 622.4
1232950 622.3
1232960 622.3
1232970 622.3
1232980 622.3
1232990 622.2
1233000 622.2
1233010 622.2
1233020 622.1
1233030 622.0
1233040 622.0
1233050 622.0
1233060 622.0
1233070 622.0
1233080 622.0
1233090 622.1
1233100 622.1
1233110 622.0
1233120 622.2
1233130 622.2
1233140 622.3
1233150 622.4
1233160 622.4
1233170 622.5
1233180 622.6
1233190 622.6
1233200 622.7
1233210 622.9
1233220 622.9
1233230 623.2
1233240 623.7
1233250 623.7
1233260 623.3
1233270 624.1
1233280 624.1
1233290 624.4
1233300 624.8
1233310 624.8
1233320 624.8
1233330 624.5
1233340 624.2
1233350 626.1
1233360 625.9
1233370 626.1
1233380 626.1
1233390 627.1
1233400 627.8
1233410 627.8
1233420 628.6
1233430 629.1
1233440 629.1
1233450 630.0
1233460 630.9
1233470 630.9
1233480 631.7
1233490 633.5
1233500 633.5
1233510 634.4
1233520 634.5
1233530 634.5
1233540 634.6
1233550 634.8
1233560 634.8
1233570 635.0
1233580 635.2
1233590 635.5
1233600 635.5
1233610 635.8
1233620 635.8
1233630 635.8
1233640 635.6
1233650 635.7
1233660 635.7
1233670 635.8
1233680 635.9
1233690 635.9
1233700 636.0
1233710 636.3
1233720 636.3
1233730 636.5
1233740 636.7
1233750 636.7
1233760 637.1
1233770 637.4
1233780 637.4
1233790 637.5
1233800 637.9
1233810 637.9
1233820 638.0
1233830 638.2
1233840 638.2
1233850 638.3
1233860 639.3
1233870 639.6
1233880 639.6
1233890 639.4
1233900 639.2
1233910 639.2
1233920 639.1
1233930 639.0
1233940 639.0
1233950 639.0
1233960 638.8
1233970 638.8
1233980 638.6
1233990 638.6
1234000 638.6
1234010 638.7
1234020 638.2
1234030 638.2
1234040 636.0
1234050 633.9
1234060 633.9
1234070 633.2
1234080 633.0
1234090 633.0
1234100 633.4
1234110 634.6
1234120 636.8
1234130 636.8
1234140 638.7
1234150 639.3
1234160 639.3
1234170 639.3
1234180 638.5
1234190 638.5
1234200 637.1
1234210 636.6
1234220 636.6
1234230 636.2
1234240 635.9
1234250 635.9
1234260 635.6
1234270 635.4
1234280 635.4
1234290 634.3
1234300 633.9
1234310 633.9
1234320 633.6
1234330 632.8
1234340 632.8
1234350 632.9
1234360 633.6
1234370 633.7
1234380 633.2
1234390 632.7
1234400 632.2
1234410 632.2
1234420 631.7
1234430 631.2
1234440 631.2
1234450 630.7
1234460 630.1
1234470 630.1
1234480 629.7
1234490 629.4
1234500 629.4
1234510 628.8
1234520 628.0
1234530 628.0
1234540 627.6
1234550 627.2
1234560 627.2
1234570 626.7
1234580 626.2
1234590 626.2
1234600 625.8
1234610 625.4
1234620 625.4
1234630 625.0
1234640 624.8
1234650 624.8
1234660 624.6
1234670 624.3
1234680 624.1
1234690 624.1
1234700 623.9
1234710 623.8
1234720 623.8
1234730 623.6
1234740 623.4
1234750 623.4
1234760 623.4
1234770 623.2
1234780 623.2
1234790 623.0
1234800 622.8
1234810 622.8
1234820 622.8
1234830 622.7
1234840 622.7
1234850 622.5
1234860 622.4
1234870 622.4
1234880 622.1
1234890 622.0
1234900 622.0
1234910 621.9
1234920 622.0
1234930 622.0
1234940 622.4
1234950 622.4
1234960 622.3
1234970 622.3
1234980 621.8
1234990 621.4
1235000 621.4
1235010 621.3
1235020 621.3
1235030 621.3
1235040 621.3
1235050 621.2
1235060 621.2
1235070 621.1
1235080 621.1
1235090 621.1
1235100 621.0
1235110 620.9
1235120 620.9
1235130 621.7
1235140 621.9
1235150 621.9
1235160 621.8
1235170 621.8
1235180 621.8
1235190 622.0
1235200 621.9
1235210 621.9
1235220 621.0
1235230 621.0
1235240 621.8
1235250 621.8
1235260 622.7
1235270 621.6
1235280 621.6
1235290 621.1
1235300 620.8
1235310 620.8
1235320 620.6
1235330 620.4
1235340 620.4
1235350 620.3
1235360 620.8
1235370 620.8
1235380 621.0
1235390 621.3
1235400 621.3
1235410 620.4
1235420 619.6
1235430 619.6
1235440 619.5
1235450 619.3
1235460 619.3
1235470 619.3
1235480 619.2
1235490 619.2
1235500 619.2
1235510 619.1
1235520 619.1
1235530 619.1
1235540 619.0
1235550 619.0
1235560 619.0
1235570 619.1
1235580 619.1
1235590 619.1
1235600 618.9
1235610 618.9
1235620 618.9
1235630 618.9
1235640 618.8
1235650 618.8
1235660 618.8
1235670 618.9
1235680 618.9
1235690 618.8
1235700 618.8
1235710 618.8
1235720 618.7
1235730 618.9
1235740 618.9
1235750 619.3
1235760 619.4
1235770 619.5
1235780 619.5
1235790 618.9
1235800 618.3
1235810 618.3
1235820 618.3
1235830 618.2
1235840 618.2
1235850 618.2
1235860 618.2
1235870 618.2
1235880 618.2
1235890 618.2
1235900 618.1
1235910 618.1
1235920 618.0
1235930 618.0
1235940 618.0
1235950 618.0
1235960 618.0
1235970 618.0
1235980 618.0
1235990 618.0
1236000 618.0
1236010 618.0
1236020 618.0
1236030 618.0
1236040 617.9
1236050 618.0
1236060 618.0
1236070 618.0
1236080 618.1
1236090 618.1
1236100 618.3
1236110 618.1
1236120 618.1
1236130 618.1
1236140 618.0
1236150 618.0
1236160 617.9
1236170 617.9
1236180 617.9
1236190 617.8
1236200 617.7
1236210 617.7
1236220 617.6
1236230 617.6
1236240 617.6
1236250 617.7
1236260 617.6
1236270 617.6
1236280 617.8
1236290 618.2
1236300 618.2
1236310 618.5
1236320 618.4
1236330 618.1
1236340 618.1
1236350 617.9
1236360 617.8
1236370 617.8
1236380 617.7
1236390 617.7
1236400 617.7
1236410 617.8
1236420 617.9
1236430 617.9
1236440 618.0
1236450 618.0
1236460 618.0
1236470 618.2
1236480 618.1
1236490 618.1
1236500 617.6
1236510 617.5
1236520 617.5
1236530 617.4
1236540 617.4
1236550 617.4
1236560 617.4
1236570 617.4
1236580 617.3
1236590 617.3
1236600 617.3
1236610 617.1
1236620 617.1
1236630 617.0
1236640 616.9
1236650 616.9
1236660 616.9
1236670 616.9
1236680 616.9
1236690 616.8
1236700 616.8
1236710 616.8
1236720 616.8
1236730 616.7
1236740 616.7
1236750 616.6
1236760 616.6
1236770 616.6
1236780 616.6
1236790 616.6
1236800 616.6
1236810 616.7
1236820 616.6
1236830 616.6
1236840 616.5
1236850 616.3
1236860 616.2
1236870 616.2
1236880 615.9
1236890 615.6
1236900 615.6
1236910 615.3
1236920 615.0
1236930 615.5
1236940 615.1
1236950 614.9
1236960 614.9
1236970 614.6
1236980 614.5
1236990 614.5
1237000 614.5
1237010 614.5
1237020 614.5
1237030 614.6
1237040 614.6
1237050 614.6
1237060 614.6
1237070 614.5
1237080 614.5
1237090 614.5
1237100 614.4
1237110 614.4
1237120 614.4
1237130 614.4
1237140 614.4
1237150 614.4
1237160 614.3
1237170 614.4
1237180 614.4
1237190 614.3
1237200 614.3
1237210 614.3
1237220 614.3
1237230 614.3
1237240 614.3
1237250 614.4
1237260 614.5
1237270 614.5
1237280 614.4
1237290 614.3
1237300 614.3
1237310 614.3
1237320 614.3
1237330 614.3
1237340 614.3
1237350 614.4
1237360 614.4
1237370 614.5
1237380 614.5
1237390 614.5
1237400 614.6
1237410 614.7
1237420 614.9
1237430 614.9
1237440 615.0
1237450 615.0
1237460 615.0
1237470 615.1
1237480 615.3
1237490 615.3
1237500 615.7
1237510 615.8
1237520 615.8
1237530 615.9
1237540 616.1
1237550 616.1
1237560 616.1
1237570 616.1
1237580 616.1
1237590 616.1
1237600 616.2
1237610 616.2
1237620 616.1
1237630 616.2
1237640 616.2
1237650 616.3
1237660 616.3
1237670 616.3
1237680 616.3
1237690 616.3
1237700 616.4
1237710 616.4
1237720 616.5
1237730 616.6
1237740 616.6
1237750 616.6
1237760 616.7
1237770 616.7
1237780 616.7
1237790 616.6
1237800 616.6
1237810 616.5
1237820 616.4
1237830 616.4
1237840 616.3
1237850 616.2
1237860 616.2
1237870 616.1
1237880 616.1
1237890 616.1
1237900 616.2
1237910 616.4
1237920 616.4
1237930 616.6
1237940 617.3
1237950 618.4
1237960 617.0
1237970 617.4
1237980 618.2
1237990 618.2
1238000 619.2
1238010 619.8
1238020 619.8
1238030 619.6
1238040 618.6
1238050 618.6
1238060 616.7
1238070 614.7
1238080 614.7
1238090 614.7
1238100 617.0
1238110 617.0
1238120 619.7
1238130 620.4
1238140 620.4
1238150 621.4
1238160 623.6
1238170 623.6
1238180 623.5
1238190 619.6
1238200 619.6
1238210 615.1
1238220 614.6
1238230 614.0
1238240 614.0
1238250 613.7
1238260 613.5
1238270 613.5
1238280 612.1
1238290 612.0
1238300 612.0
1238310 610.6
1238320 609.4
1238330 609.4
1238340 608.9
1238350 608.7
1238360 608.7
1238370 608.7
1238380 608.7
1238390 608.7
1238400 608.7
1238410 608.7
1238420 608.7
1238430 608.7
1238440 608.7
1238450 608.7
1238460 608.6
1238470 608.6
1238480 608.6
1238490 608.6
1238500 608.6
1238510 608.5
1238520 608.5
1238530 608.5
1238540 608.5
1238550 608.5
1238560 608.5
1238570 608.5
1238580 608.5
1238590 608.5
1238600 608.8
1238610 608.8
1238620 609.7
1238630 610.6
1238640 610.6
1238650 610.8
1238660 610.8
1238670 610.8
1238680 610.9
1238690 611.0
1238700 611.0
1238710 611.3
1238720 611.8
1238730 611.8
1238740 612.4
1238750 612.9
1238760 613.7
1238770 613.7
1238780 613.8
1238790 613.8
1238800 613.8
1238810 613.7
1238820 613.4
1238830 613.4
1238840 612.4
1238850 611.2
1238860 611.2
1238870 611.1
1238880 610.9
1238890 610.9
1238900 610.8
1238910 611.2
1238920 611.2
1238930 612.1
1238940 612.1
1238950 612.1
1238960 611.6
1238970 611.1
1238980 611.1
1238990 611.2
1239000 611.1
1239010 611.1
1239020 611.0
1239030 611.0
1239040 610.9
1239050 610.9
1239060 610.9
1239070 610.8
1239080 610.8
1239090 610.7
1239100 610.6
1239110 610.6
1239120 610.5
1239130 610.5
1239140 610.5
1239150 610.6
1239160 610.7
1239170 610.7
1239180 610.8
1239190 610.7
1239200 610.7
1239210 610.6
1239220 610.6
1239230 610.6
1239240 610.7
1239250 610.8
1239260 610.8
1239270 610.7
1239280 610.7
1239290 610.7
1239300 610.6
1239310 610.5
1239320 610.5
1239330 610.5
1239340 610.6
1239350 610.6
1239360 610.6
1239370 610.6
1239380 610.8
1239390 610.8
1239400 610.5
1239410 610.4
1239420 610.4
1239430 610.3
1239440 610.2
1239450 610.2
1239460 610.3
1239470 610.4
1239480 610.4
1239490 610.4
1239500 610.4
1239510 610.3
1239520 610.3
1239530 610.3
1239540 610.3
1239550 610.2
1239560 610.3
1239570 610.3
1239580 610.3
1239590 610.4
1239600 610.3
1239610 610.3
1239620 610.2
1239630 610.1
1239640 610.1
1239650 610.0
1239660 609.9
1239670 609.9
1239680 609.9
1239690 609.9
1239700 609.9
1239710 609.9
1239720 609.9
1239730 609.9
1239740 609.9
1239750 609.9
1239760 609.9
1239770 609.8
1239780 609.8
1239790 609.8
1239800 609.8
1239810 609.8
1239820 609.8
1239830 609.8
1239840 609.9
1239850 609.9
1239860 609.9
1239870 609.9
1239880 609.9
1239890 609.9
1239900 609.8
1239910 609.9
1239920 609.9
1239930 609.9
1239940 610.0
1239950 610.0
1239960 610.0
1239970 609.8
1239980 609.8
1239990 609.6
