1220000 905.0
1220010 905.0
1220020 904.3
1220030 903.6
1220040 903.6
1220050 903.4
1220060 903.3
1220070 903.2
1220080 903.2
1220090 903.2
1220100 903.2
1220110 903.2
1220120 903.1
1220130 902.9
1220140 902.9
1220150 902.7
1220160 902.6
1220170 902.6
1220180 902.5
1220190 902.4
1220200 902.4
1220210 902.3
1220220 902.1
1220230 902.1
1220240 902.1
1220250 902.0
1220260 901.7
1220270 902.0
1220280 902.3
1220290 902.3
1220300 902.3
1220310 902.2
1220320 902.2
1220330 902.1
1220340 902.1
1220350 902.0
1220360 902.0
1220370 901.8
1220380 901.1
1220390 901.1
1220400 900.5
1220410 901.1
1220420 901.1
1220430 901.4
1220440 901.4
1220450 901.4
1220460 901.3
1220470 902.3
1220480 902.3
1220490 902.7
1220500 902.5
1220510 902.5
1220520 902.6
1220530 903.1
1220540 903.1
1220550 903.3
1220560 903.8
1220570 903.8
1220580 905.2
1220590 905.9
1220600 905.9
1220610 906.5
1220620 907.0
1220630 907.2
1220640 907.2
1220650 906.9
1220660 906.8
1220670 906.8
1220680 907.0
1220690 906.7
1220700 906.7
1220710 906.5
1220720 906.8
1220730 906.8
1220740 906.2
1220750 906.4
1220760 906.4
1220770 906.4
1220780 906.2
1220790 906.2
1220800 906.5
1220810 907.4
1220820 907.4
1220830 907.6
1220840 908.3
1220850 908.3
1220860 908.7
1220870 909.0
1220880 909.0
1220890 909.3
1220900 910.1
1220910 910.4
1220920 910.4
1220930 910.5
1220940 910.5
1220950 910.5
1220960 910.5
1220970 910.8
1220980 910.8
1220990 911.0
1221000 911.1
1221010 911.1
1221020 911.3
1221030 911.4
1221040 911.4
1221050 911.4
1221060 911.3
1221070 911.3
1221080 911.1
1221090 911.5
1221100 911.5
1221110 911.8
1221120 911.5
1221130 911.5
1221140 911.3
1221150 911.7
1221160 911.7
1221170 912.6
1221180 912.2
1221190 911.1
1221200 911.1
1221210 910.9
1221220 910.4
1221230 910.4
1221240 910.6
1221250 911.0
1221260 911.0
1221270 911.6
1221280 911.9
1221290 911.9
1221300 911.4
1221310 911.6
1221320 911.6
1221330 911.3
1221340 911.3
1221350 911.3
1221360 911.3
1221370 911.2
1221380 911.2
1221390 911.1
1221400 911.1
1221410 911.1
1221420 910.9
1221430 910.6
1221440 910.6
1221450 910.9
1221460 910.8
1221470 911.1
1221480 911.1
1221490 911.0
1221500 910.8
1221510 910.8
1221520 910.3
1221530 910.8
1221540 910.8
1221550 910.4
1221560 909.9
1221570 909.9
1221580 910.0
1221590 910.1
1221600 910.1
1221610 910.5
1221620 910.0
1221630 910.0
1221640 909.8
1221650 909.9
1221660 909.9
1221670 909.9
1221680 909.5
1221690 909.5
1221700 909.1
1221710 908.0
1221720 907.4
1221730 907.4
1221740 907.0
1221750 906.5
1221760 906.5
1221770 906.5
1221780 906.2
1221790 906.2
1221800 905.9
1221810 905.9
1221820 905.9
1221830 905.9
1221840 905.7
1221850 905.7
1221860 906.2
1221870 906.1
1221880 906.1
1221890 906.0
1221900 906.0
1221910 906.0
1221920 905.6
1221930 905.4
1221940 905.4
1221950 905.2
1221960 905.1
1221970 905.1
1221980 905.1
1221990 905.0
1222000 904.7
1222010 904.7
1222020 904.6
1222030 904.5
1222040 904.5
1222050 904.2
1222060 904.1
1222070 904.1
1222080 904.1
1222090 904.1
1222100 904.1
1222110 904.1
1222120 903.8
1222130 903.8
1222140 903.5
1222150 903.0
1222160 903.0
1222170 902.7
1222180 902.5
1222190 901.7
1222200 901.6
1222210 901.5
1222220 901.5
1222230 901.4
1222240 901.0
1222250 901.0
1222260 900.7
1222270 900.7
1222280 901.0
1222290 901.0
1222300 901.1
1222310 901.3
1222320 901.3
1222330 901.1
1222340 900.9
1222350 900.9
1222360 900.7
1222370 901.1
1222380 901.1
1222390 901.5
1222400 901.4
1222410 901.4
1222420 901.5
1222430 901.6
1222440 901.6
1222450 901.9
1222460 901.9
1222470 901.9
1222480 901.5
1222490 899.9
1222500 899.9
1222510 898.0
1222520 894.1
1222530 894.1
1222540 892.8
1222550 891.0
1222560 889.2
1222570 889.2
1222580 889.6
1222590 890.0
1222600 890.0
1222610 893.0
1222620 893.2
1222630 893.2
1222640 893.8
1222650 898.1
1222660 898.1
1222670 900.6
1222680 899.7
1222690 899.7
1222700 899.6
1222710 899.5
1222720 899.5
1222730 899.2
1222740 899.1
1222750 899.1
1222760 899.0
1222770 899.0
1222780 899.0
1222790 898.9
1222800 898.8
1222810 898.8
1222820 898.7
1222830 898.6
1222840 898.7
1222850 898.7
1222860 898.7
1222870 898.8
1222880 898.8
1222890 898.7
1222900 898.7
1222910 898.7
1222920 899.0
1222930 898.9
1222940 898.9
1222950 898.3
1222960 897.7
1222970 897.7
1222980 897.5
1222990 897.3
1223000 897.3
1223010 897.1
1223020 897.0
1223030 897.0
1223040 897.0
1223050 896.8
1223060 896.8
1223070 896.6
1223080 896.4
1223090 896.4
1223100 896.2
1223110 895.9
1223120 895.6
1223130 895.6
1223140 895.2
1223150 894.9
1223160 894.3
1223170 894.0
1223180 893.9
1223190 893.9
1223200 893.7
1223210 893.4
1223220 893.4
1223230 893.2
1223240 892.8
1223250 892.8
1223260 892.4
1223270 892.1
1223280 892.1
1223290 891.8
1223300 891.4
1223310 891.4
1223320 891.1
1223330 890.9
1223340 890.9
1223350 890.5
1223360 890.1
1223370 890.1
1223380 889.7
1223390 889.5
1223400 889.2
1223410 889.2
1223420 888.8
1223430 888.4
1223440 888.4
1223450 888.2
1223460 887.9
1223470 887.9
1223480 887.5
1223490 887.2
1223500 887.2
1223510 886.7
1223520 886.3
1223530 886.3
1223540 885.9
1223550 885.5
1223560 885.5
1223570 885.0
1223580 884.7
1223590 884.7
1223600 884.5
1223610 884.0
1223620 884.0
1223630 883.6
1223640 883.2
1223650 882.8
1223660 882.4
1223670 882.2
1223680 882.0
1223690 882.0
1223700 881.8
1223710 881.6
1223720 881.6
1223730 881.6
1223740 881.6
1223750 881.6
1223760 881.3
1223770 880.8
1223780 880.8
1223790 880.5
1223800 880.2
1223810 880.2
1223820 880.1
1223830 880.0
1223840 880.0
1223850 879.8
1223860 879.8
1223870 879.8
1223880 879.6
1223890 879.3
1223900 879.3
1223910 879.0
1223920 878.6
1223930 878.6
1223940 878.0
1223950 877.5
1223960 876.8
1223970 876.8
1223980 876.0
1223990 875.4
1224000 875.4
1224010 875.1
1224020 874.8
1224030 874.8
1224040 874.3
1224050 873.6
1224060 873.6
1224070 873.1
1224080 872.6
1224090 872.6
1224100 872.1
1224110 871.6
1224120 871.6
1224130 871.1
1224140 870.0
1224150 870.0
1224160 869.3
1224170 868.7
1224180 868.7
1224190 868.2
1224200 867.8
1224210 867.8
1224220 867.5
1224230 867.2
1224240 866.9
1224250 866.9
1224260 866.5
1224270 866.2
1224280 866.2
1224290 866.0
1224300 865.8
1224310 865.8
1224320 865.5
1224330 865.3
1224340 865.3
1224350 865.1
1224360 864.7
1224370 864.7
1224380 864.2
1224390 863.7
1224400 863.7
1224410 863.2
1224420 862.6
1224430 862.6
1224440 862.0
1224450 861.3
1224460 861.3
1224470 860.7
1224480 859.5
1224490 856.6
1224500 856.6
1224510 853.9
1224520 853.7
1224530 853.7
1224540 854.1
1224550 854.4
1224560 854.4
1224570 854.7
1224580 854.5
1224590 854.5
1224600 853.5
1224610 853.0
1224620 853.0
1224630 853.4
1224640 853.3
1224650 853.3
1224660 853.0
1224670 852.3
1224680 852.3
1224690 851.8
1224700 851.5
1224710 851.5
1224720 851.1
1224730 850.7
1224740 850.7
1224750 850.2
1224760 849.7
1224770 849.1
1224780 849.1
1224790 848.7
1224800 848.2
1224810 848.2
1224820 847.9
1224830 847.6
1224840 847.6
1224850 847.2
1224860 846.9
1224870 846.9
1224880 846.5
1224890 846.0
1224900 846.0
1224910 845.6
1224920 845.3
1224930 845.3
1224940 845.0
1224950 844.7
1224960 844.7
1224970 844.6
1224980 844.6
1224990 844.6
1225000 844.5
1225010 844.4
1225020 844.4
1225030 844.4
1225040 844.3
1225050 844.1
1225060 844.1
1225070 844.0
1225080 843.9
1225090 843.9
1225100 843.8
1225110 843.6
1225120 843.5
1225130 843.3
1225140 843.1
1225150 843.1
1225160 842.9
1225170 842.6
1225180 842.6
1225190 842.3
1225200 842.0
1225210 842.0
1225220 841.7
1225230 841.2
1225240 841.2
1225250 840.8
1225260 840.4
1225270 840.4
1225280 840.1
1225290 839.8
1225300 839.8
1225310 839.3
1225320 838.4
1225330 837.3
1225340 837.3
1225350 836.1
1225360 834.9
1225370 834.9
1225380 833.8
1225390 832.7
1225400 832.7
1225410 831.5
1225420 830.4
1225430 830.4
1225440 829.4
1225450 828.5
1225460 828.5
1225470 827.9
1225480 827.4
1225490 827.4
1225500 827.0
1225510 826.6
1225520 826.6
1225530 826.0
1225540 825.2
1225550 825.2
1225560 824.6
1225570 824.3
1225580 824.3
1225590 824.1
1225600 824.1
1225610 826.3
1225620 826.3
1225630 826.7
1225640 827.0
1225650 827.0
1225660 828.3
1225670 829.5
1225680 829.5
1225690 830.2
1225700 831.0
1225710 831.0
1225720 831.5
1225730 831.8
1225740 831.8
1225750 832.1
1225760 832.4
1225770 832.4
1225780 832.7
1225790 832.7
1225800 832.7
1225810 832.6
1225820 832.4
1225830 832.4
1225840 832.2
1225850 831.8
1225860 831.8
1225870 831.4
1225880 831.0
1225890 830.3
1225900 830.3
1225910 829.6
1225920 828.6
1225930 828.6
1225940 827.9
1225950 827.1
1225960 827.1
1225970 826.2
1225980 825.3
1225990 825.3
1226000 824.4
1226010 823.4
1226020 823.4
1226030 822.3
1226040 821.1
1226050 821.1
1226060 820.2
1226070 819.6
1226080 819.6
1226090 819.0
1226100 818.7
1226110 819.0
1226120 818.8
1226130 818.7
1226140 818.7
1226150 818.8
1226160 818.2
1226170 817.0
1226180 817.0
1226190 816.3
1226200 815.7
1226210 815.7
1226220 815.4
1226230 815.9
1226240 815.9
1226250 816.3
1226260 816.2
1226270 816.2
1226280 815.9
1226290 815.5
1226300 815.5
1226310 815.1
1226320 814.6
1226330 814.6
1226340 814.2
1226350 813.9
1226360 813.9
1226370 813.4
1226380 812.8
1226390 812.8
1226400 812.2
1226410 811.4
1226420 811.4
1226430 811.1
1226440 810.8
1226450 810.2
1226460 810.2
1226470 809.5
1226480 808.8
1226490 808.8
1226500 807.7
1226510 806.4
1226520 806.4
1226530 804.7
1226540 801.4
1226550 801.4
1226560 799.6
1226570 798.2
1226580 798.2
1226590 797.8
1226600 798.3
1226610 798.3
1226620 797.7
1226630 796.7
1226640 796.7
1226650 795.4
1226660 793.5
1226670 793.5
1226680 792.1
1226690 791.5
1226700 791.5
1226710 791.1
1226720 790.7
1226730 790.3
1226740 790.3
1226750 789.6
1226760 789.0
1226770 789.0
1226780 788.5
1226790 788.2
1226800 788.2
1226810 787.9
1226820 787.8
1226830 787.8
1226840 787.7
1226850 787.9
1226860 787.9
1226870 788.6
1226880 788.7
1226890 788.7
1226900 788.5
1226910 788.4
1226920 788.4
1226930 788.3
1226940 788.1
1226950 788.1
1226960 787.8
1226970 787.4
1226980 786.3
1226990 786.3
1227000 784.7
1227010 784.0
1227020 784.0
1227030 783.4
1227040 782.8
1227050 782.8
1227060 782.4
1227070 782.0
1227080 782.0
1227090 780.9
1227100 780.6
1227110 780.6
1227120 780.2
1227130 779.8
1227140 779.8
1227150 779.5
1227160 779.1
1227170 779.1
1227180 778.8
1227190 778.5
1227200 778.5
1227210 778.1
1227220 777.8
1227230 777.8
1227240 777.5
1227250 777.2
1227260 777.0
1227270 777.0
1227280 776.7
1227290 776.4
1227300 776.4
1227310 776.2
1227320 776.0
1227330 776.0
1227340 775.9
1227350 775.8
1227360 775.8
1227370 775.7
1227380 775.3
1227390 775.3
1227400 774.6
1227410 774.0
1227420 774.0
1227430 773.9
1227440 774.0
1227450 774.0
1227460 774.1
1227470 774.0
1227480 774.0
1227490 773.6
1227500 772.9
1227510 772.9
1227520 772.3
1227530 772.1
1227540 772.2
1227550 772.2
1227560 772.3
1227570 772.3
1227580 772.3
1227590 770.9
1227600 770.8
1227610 770.8
1227620 770.7
1227630 770.6
1227640 770.6
1227650 770.5
1227660 770.5
1227670 770.5
1227680 770.5
1227690 770.5
1227700 770.5
1227710 770.5
1227720 770.5
1227730 770.5
1227740 770.5
1227750 770.4
1227760 770.4
1227770 770.3
1227780 770.2
1227790 770.2
1227800 770.4
1227810 771.7
1227820 774.8
1227830 774.8
1227840 779.1
1227850 782.7
1227860 782.7
1227870 787.2
1227880 792.7
1227890 792.7
1227900 798.0
1227910 803.0
1227920 803.0
1227930 805.3
1227940 806.0
1227950 806.0
1227960 806.7
1227970 806.8
1227980 806.8
1227990 806.7
1228000 806.0
1228010 806.0
1228020 805.5
1228030 805.5
1228040 805.5
1228050 805.9
1228060 806.2
1228070 806.2
1228080 806.5
1228090 806.2
1228100 806.1
1228110 806.1
1228120 805.6
1228130 804.9
1228140 804.9
1228150 804.4
1228160 804.1
1228170 804.1
1228180 803.9
1228190 803.5
1228200 803.5
1228210 803.0
1228220 802.1
1228230 802.1
1228240 802.0
1228250 802.0
1228260 802.0
1228270 800.6
1228280 799.4
1228290 799.4
1228300 799.4
1228310 799.1
1228320 799.1
1228330 798.8
1228340 798.5
1228350 798.5
1228360 798.1
1228370 797.7
1228380 798.7
1228390 798.7
1228400 800.5
1228410 801.4
1228420 801.4
1228430 802.6
1228440 804.6
1228450 804.6
1228460 806.3
1228470 807.7
1228480 807.7
1228490 808.1
1228500 808.1
1228510 808.1
1228520 808.1
1228530 808.0
1228540 808.0
1228550 808.0
1228560 808.0
1228570 808.0
1228580 807.7
1228590 807.6
1228600 807.6
1228610 806.9
1228620 804.7
1228630 804.7
1228640 803.9
1228650 804.0
1228660 804.2
1228670 804.2
1228680 804.5
1228690 804.6
1228700 804.6
1228710 804.2
1228720 804.1
1228730 804.1
1228740 804.2
1228750 804.2
1228760 804.2
1228770 804.2
1228780 804.1
1228790 804.1
1228800 804.2
1228810 803.9
1228820 803.9
1228830 802.5
1228840 799.6
1228850 799.6
1228860 796.9
1228870 796.1
1228880 796.1
1228890 797.6
1228900 799.9
1228910 799.9
1228920 800.9
1228930 800.8
1228940 800.6
1228950 800.6
1228960 800.1
1228970 799.5
1228980 799.5
1228990 798.7
1229000 797.4
1229010 797.4
1229020 796.3
1229030 795.7
1229040 795.7
1229050 795.4
1229060 795.8
1229070 795.8
1229080 797.0
1229090 797.3
1229100 797.3
1229110 797.2
1229120 796.4
1229130 796.4
1229140 794.3
1229150 792.2
1229160 792.2
1229170 791.4
1229180 790.7
1229190 790.7
1229200 790.0
1229210 789.0
1229220 787.6
1229230 787.6
1229240 785.9
1229250 784.7
1229260 784.7
1229270 783.8
1229280 781.9
1229290 781.9
1229300 779.5
1229310 776.3
1229320 776.3
1229330 773.8
1229340 772.9
1229350 772.9
1229360 773.4
1229370 774.8
1229380 774.8
1229390 777.3
1229400 781.3
1229410 781.3
1229420 785.8
1229430 789.9
1229440 789.9
1229450 792.9
1229460 796.7
1229470 796.7
1229480 799.2
1229490 800.0
1229500 800.2
1229510 800.2
1229520 800.4
1229530 800.5
1229540 800.5
1229550 800.7
1229560 800.8
1229570 800.8
1229580 800.2
1229590 799.4
1229600 799.4
1229610 797.9
1229620 795.9
1229630 795.9
1229640 793.9
1229650 792.6
1229660 792.6
1229670 791.0
1229680 789.6
1229690 789.6
1229700 787.9
1229710 784.4
1229720 784.4
1229730 781.0
1229740 777.3
1229750 771.7
1229760 771.7
1229770 765.8
1229780 761.0
1229790 761.0
1229800 758.0
1229810 755.5
1229820 755.5
1229830 754.5
1229840 753.9
1229850 753.9
1229860 756.2
1229870 761.2
1229880 761.2
1229890 766.6
1229900 772.1
1229910 772.1
1229920 778.2
1229930 784.1
1229940 784.1
1229950 789.1
1229960 791.3
1229970 791.3
1229980 792.2
1229990 792.6
1230000 792.6
1230010 792.6
1230020 792.5
1230030 792.6
1230040 792.6
1230050 792.5
1230060 792.9
1230070 792.9
1230080 792.5
1230090 792.9
1230100 792.9
1230110 792.9
1230120 792.8
1230130 792.8
1230140 792.8
1230150 792.8
1230160 792.8
1230170 792.4
1230180 791.1
1230190 791.1
1230200 787.3
1230210 784.4
1230220 784.4
1230230 782.8
1230240 779.6
1230250 779.6
1230260 775.8
1230270 771.8
1230280 771.8
1230290 767.1
1230300 761.7
1230310 756.2
1230320 756.2
1230330 751.1
1230340 746.8
1230350 746.8
1230360 743.5
1230370 740.8
1230380 740.8
1230390 739.4
1230400 738.0
1230410 738.0
1230420 735.7
1230430 731.5
1230440 731.5
1230450 727.0
1230460 723.8
1230470 723.8
1230480 724.4
1230490 726.1
1230500 726.1
1230510 727.3
1230520 726.8
1230530 726.8
1230540 725.1
1230550 723.6
1230560 723.6
1230570 722.2
1230580 713.9
1230590 709.5
1230600 709.5
1230610 704.3
1230620 698.5
1230630 698.5
1230640 693.0
1230650 688.4
1230660 688.4
1230670 683.8
1230680 678.1
1230690 678.1
1230700 673.7
1230710 671.3
1230720 671.3
1230730 668.8
1230740 666.5
1230750 666.5
1230760 665.4
1230770 664.6
1230780 664.6
1230790 664.3
1230800 664.1
1230810 664.1
1230820 664.1
1230830 663.9
1230840 663.9
1230850 663.7
1230860 663.6
1230870 663.4
1230880 663.4
1230890 663.2
1230900 663.1
1230910 663.1
1230920 663.1
1230930 663.4
1230940 663.4
1230950 663.8
1230960 663.9
1230970 663.9
1230980 664.1
1230990 664.2
1231000 664.2
1231010 664.2
1231020 664.3
1231030 664.3
1231040 664.6
1231050 665.0
1231060 665.0
1231070 665.3
1231080 665.0
1231090 665.0
1231100 665.0
1231110 665.1
1231120 665.1
1231130 665.3
1231140 665.6
1231150 665.6
1231160 665.6
1231170 665.6
1231180 665.7
1231190 665.7
1231200 665.9
1231210 665.7
1231220 665.7
1231230 665.4
1231240 665.1
1231250 665.1
1231260 665.4
1231270 665.0
1231280 665.0
1231290 664.8
1231300 664.7
1231310 664.7
1231320 664.5
1231330 664.1
1231340 664.1
1231350 663.5
1231360 663.1
1231370 663.1
1231380 662.9
1231390 662.7
1231400 662.7
1231410 662.3
1231420 662.0
1231430 661.6
1231440 661.6
1231450 661.2
1231460 660.7
1231470 660.7
1231480 660.1
1231490 659.9
1231500 659.9
1231510 659.7
1231520 659.4
1231530 659.4
1231540 659.1
1231550 659.1
1231560 659.1
1231570 659.0
1231580 658.3
1231590 658.1
1231600 656.3
1231610 654.1
1231620 654.1
1231630 653.2
1231640 652.0
1231650 652.0
1231660 651.0
1231670 650.3
1231680 650.3
1231690 651.5
1231700 652.4
1231710 652.9
1231720 652.9
1231730 655.5
1231740 656.0
1231750 656.0
1231760 653.3
1231770 653.2
1231780 653.2
1231790 653.2
1231800 652.4
1231810 652.4
1231820 651.0
1231830 651.2
1231840 651.2
1231850 651.7
1231860 652.4
1231870 652.4
1231880 653.1
1231890 653.4
1231900 653.4
1231910 653.2
1231920 653.3
1231930 653.3
1231940 653.7
1231950 653.7
1231960 653.7
1231970 653.4
1231980 653.1
1231990 653.1
1232000 653.1
1232010 652.6
1232020 651.9
1232030 651.9
1232040 651.4
1232050 651.0
1232060 651.0
1232070 650.5
1232080 650.2
1232090 650.1
1232100 649.7
1232110 649.4
1232120 649.4
1232130 649.0
1232140 648.6
1232150 648.6
1232160 648.2
1232170 647.8
1232180 647.8
1232190 647.4
1232200 646.9
1232210 646.9
1232220 646.5
1232230 646.1
1232240 645.9
1232250 645.9
1232260 645.5
1232270 645.1
1232280 645.1
1232290 645.0
1232300 644.9
1232310 644.9
1232320 644.6
1232330 644.3
1232340 644.3
1232350 643.8
1232360 643.2
1232370 643.2
1232380 642.7
1232390 642.3
1232400 642.3
1232410 641.8
1232420 641.4
1232430 641.4
1232440 640.9
1232450 640.6
1232460 640.6
1232470 640.3
1232480 640.1
1232490 640.1
1232500 640.0
1232510 639.9
1232520 639.8
1232530 639.8
1232540 639.8
1232550 639.9
1232560 639.9
1232570 639.9
1232580 639.9
1232590 639.9
1232600 639.4
1232610 639.4
1232620 639.4
1232630 639.3
1232640 639.8
1232650 639.8
1232660 639.6
1232670 639.3
1232680 639.3
1232690 639.5
1232700 639.5
1232710 639.5
1232720 639.3
1232730 639.4
1232740 639.4
1232750 639.5
1232760 639.6
1232770 639.6
1232780 639.9
1232790 639.8
1232800 639.8
1232810 639.8
1232820 639.9
1232830 639.9
1232840 639.9
1232850 639.9
1232860 640.1
1232870 640.1
1232880 640.4
1232890 640.6
1232900 640.6
1232910 640.9
1232920 641.1
1232930 641.1
1232940 641.2
1232950 641.5
1232960 641.5
1232970 641.9
1232980 642.1
1232990 642.1
1233000 641.9
1233010 641.7
1233020 641.7
1233030 641.8
1233040 641.8
1233050 641.8
1233060 641.6
1233070 641.5
1233080 641.5
1233090 641.5
1233100 641.1
1233110 641.4
1233120 641.4
1233130 641.5
1233140 642.0
1233150 642.0
1233160 643.3
1233170 643.5
1233180 643.5
1233190 643.7
1233200 644.0
1233210 644.0
1233220 644.6
1233230 644.9
1233240 644.9
1233250 644.3
1233260 643.4
1233270 643.4
1233280 643.1
1233290 642.9
1233300 642.9
1233310 643.0
1233320 642.2
1233330 642.2
1233340 640.9
1233350 640.5
1233360 640.2
1233370 640.2
1233380 640.1
1233390 640.3
1233400 640.3
1233410 640.5
1233420 640.5
1233430 640.5
1233440 640.5
1233450 640.4
1233460 640.4
1233470 640.2
1233480 640.1
1233490 640.1
1233500 639.9
1233510 639.7
1233520 639.7
1233530 639.5
1233540 639.2
1233550 639.2
1233560 638.7
1233570 638.3
1233580 638.3
1233590 637.8
1233600 637.4
1233610 636.8
1233620 636.4
1233630 636.0
1233640 635.6
1233650 635.6
1233660 635.0
1233670 634.5
1233680 634.5
1233690 634.1
1233700 633.7
1233710 633.7
1233720 633.5
1233730 633.4
1233740 633.4
1233750 633.3
1233760 633.3
1233770 633.3
1233780 633.1
1233790 632.9
1233800 632.9
1233810 632.3
1233820 631.5
1233830 631.5
1233840 630.7
1233850 630.1
1233860 630.1
1233870 629.7
1233880 629.5
1233890 629.5
1233900 629.5
1233910 629.5
1233920 629.5
1233930 629.5
1233940 629.5
1233950 629.4
1233960 629.4
1233970 629.2
1233980 629.0
1233990 629.0
1234000 628.8
1234010 628.3
1234020 628.3
1234030 627.7
1234040 627.2
1234050 627.2
1234060 627.0
1234070 626.7
1234080 626.7
1234090 626.4
1234100 626.1
1234110 626.1
1234120 625.2
1234130 624.8
1234140 624.8
1234150 624.5
1234160 624.0
1234170 624.0
1234180 623.7
1234190 623.3
1234200 623.0
1234210 623.0
1234220 622.8
1234230 622.5
1234240 622.5
1234250 622.3
1234260 622.0
1234270 622.0
1234280 621.8
1234290 621.5
1234300 621.5
1234310 621.3
1234320 621.1
1234330 621.1
1234340 621.0
1234350 620.8
1234360 620.8
1234370 620.7
1234380 620.5
1234390 620.5
1234400 620.2
1234410 619.8
1234420 619.8
1234430 619.6
1234440 619.3
1234450 619.0
1234460 619.0
1234470 618.7
1234480 618.5
1234490 618.5
1234500 618.4
1234510 618.3
1234520 618.3
1234530 618.2
1234540 618.0
1234550 618.0
1234560 617.9
1234570 617.9
1234580 617.9
1234590 617.8
1234600 617.5
1234610 617.5
1234620 617.5
1234630 617.8
1234640 617.8
1234650 617.8
1234660 617.7
1234670 617.7
1234680 617.9
1234690 617.8
1234700 617.8
1234710 617.8
1234720 617.8
1234730 617.9
1234740 617.9
1234750 617.8
1234760 617.7
1234770 617.7
1234780 617.8
1234790 617.8
1234800 617.8
1234810 617.8
1234820 617.6
1234830 617.6
1234840 617.6
1234850 617.7
1234860 617.7
1234870 617.7
1234880 617.6
1234890 617.6
1234900 617.5
1234910 617.4
1234920 617.4
1234930 617.5
1234940 617.4
1234950 617.4
1234960 617.4
1234970 617.6
1234980 617.6
1234990 617.6
1235000 617.6
1235010 617.6
1235020 617.6
1235030 617.8
1235040 618.2
1235050 618.2
1235060 618.4
1235070 618.5
1235080 618.5
1235090 618.3
1235100 618.0
1235110 618.0
1235120 617.8
1235130 617.6
1235140 617.3
1235150 617.2
1235160 617.2
1235170 617.2
1235180 617.2
1235190 617.1
1235200 617.1
1235210 617.1
1235220 617.0
1235230 617.0
1235240 616.9
1235250 616.8
1235260 616.8
1235270 616.7
1235280 616.7
1235290 616.7
1235300 616.7
1235310 616.7
1235320 616.7
1235330 616.7
1235340 616.7
1235350 616.7
1235360 616.7
1235370 616.8
1235380 616.8
1235390 616.8
1235400 616.8
1235410 616.8
1235420 616.8
1235430 616.7
1235440 616.7
1235450 616.7
1235460 616.7
1235470 616.7
1235480 616.7
1235490 616.7
1235500 616.7
1235510 616.7
1235520 616.7
1235530 616.6
1235540 616.6
1235550 616.5
1235560 616.5
1235570 616.5
1235580 616.5
1235590 616.5
1235600 616.5
1235610 616.5
1235620 616.5
1235630 616.5
1235640 616.5
1235650 616.2
1235660 616.3
1235670 616.3
1235680 616.4
1235690 616.5
1235700 616.5
1235710 616.5
1235720 616.6
1235730 616.6
1235740 616.6
1235750 616.6
1235760 616.6
1235770 616.5
1235780 616.2
1235790 616.2
1235800 615.9
1235810 616.6
1235820 616.6
1235830 617.9
1235840 620.3
1235850 621.2
1235860 621.2
1235870 619.7
1235880 619.0
1235890 619.0
1235900 618.6
1235910 618.3
1235920 618.3
1235930 618.4
1235940 618.6
1235950 618.6
1235960 618.0
1235970 617.9
1235980 617.9
1235990 617.9
1236000 618.3
1236010 618.3
1236020 618.6
1236030 618.8
1236040 618.8
1236050 618.9
1236060 619.0
1236070 619.0
1236080 619.0
1236090 619.0
1236100 619.0
1236110 618.8
1236120 618.6
1236130 618.2
1236140 618.2
1236150 617.8
1236160 618.0
1236170 618.0
1236180 618.2
1236190 618.4
1236200 618.4
1236210 618.5
1236220 618.5
1236230 618.5
1236240 618.5
1236250 618.5
1236260 618.5
1236270 618.5
1236280 618.5
1236290 618.5
1236300 619.1
1236310 619.1
1236320 619.1
1236330 618.7
1236340 618.7
1236350 618.7
1236360 618.4
1236370 618.3
1236380 618.7
1236390 618.7
1236400 617.6
1236410 616.6
1236420 616.6
1236430 616.6
1236440 616.5
1236450 616.5
1236460 616.4
1236470 616.0
1236480 616.0
1236490 615.7
1236500 615.6
1236510 615.6
1236520 615.6
1236530 615.7
1236540 615.7
1236550 615.9
1236560 615.7
1236570 615.7
1236580 615.1
1236590 614.5
1236600 614.5
1236610 614.3
1236620 614.7
1236630 614.7
1236640 613.7
1236650 612.9
1236660 612.7
1236670 612.7
1236680 612.6
1236690 612.6
1236700 612.6
1236710 612.6
1236720 612.6
1236730 612.6
1236740 612.5
1236750 612.6
1236760 612.6
1236770 612.6
1236780 612.5
1236790 612.5
1236800 612.5
1236810 612.5
1236820 612.5
1236830 612.5
1236840 612.5
1236850 612.5
1236860 612.6
1236870 612.5
1236880 612.5
1236890 612.5
1236900 612.5
1236910 612.5
1236920 612.5
1236930 612.4
1236940 612.4
1236950 612.4
1236960 612.4
1236970 612.4
1236980 612.4
1236990 612.4
1237000 612.3
1237010 612.3
1237020 612.3
1237030 612.3
1237040 612.3
1237050 612.3
1237060 612.3
1237070 612.3
1237080 612.3
1237090 612.3
1237100 612.3
1237110 612.3
1237120 612.3
1237130 612.3
1237140 612.3
1237150 612.3
1237160 612.3
1237170 612.3
1237180 612.4
1237190 612.2
1237200 612.2
1237210 612.2
1237220 612.3
1237230 612.3
1237240 612.8
1237250 613.5
1237260 613.5
1237270 614.6
1237280 615.5
1237290 615.5
1237300 616.0
1237310 616.1
1237320 616.1
1237330 616.5
1237340 617.3
1237350 617.3
1237360 617.8
1237370 618.0
1237380 618.0
1237390 617.9
1237400 617.8
1237410 617.8
1237420 618.0
1237430 618.2
1237440 618.2
1237450 618.9
1237460 620.0
1237470 620.0
1237480 620.6
1237490 621.4
1237500 623.9
1237510 623.9
1237520 628.0
1237530 630.8
1237540 630.8
1237550 629.4
1237560 626.9
1237570 626.9
1237580 633.6
1237590 639.7
1237600 639.7
1237610 641.7
1237620 644.7
1237630 644.7
1237640 647.8
1237650 650.1
1237660 650.1
1237670 652.6
1237680 657.3
1237690 657.3
1237700 661.5
1237710 662.6
1237720 662.6
1237730 667.5
1237740 672.1
1237750 672.1
1237760 674.7
1237770 676.2
1237780 677.3
1237790 677.3
1237800 680.9
1237810 684.8
1237820 684.8
1237830 689.9
1237840 694.1
1237850 694.1
1237860 698.2
1237870 703.3
1237880 703.3
1237890 706.5
1237900 710.0
1237910 710.0
1237920 713.6
1237930 717.0
1237940 717.0
1237950 720.3
1237960 723.6
1237970 723.6
1237980 726.7
1237990 729.6
1238000 729.6
1238010 732.0
1238020 733.6
1238030 733.6
1238040 735.4
1238050 737.9
1238060 741.9
1238070 741.9
1238080 745.1
1238090 748.0
1238100 748.0
1238110 751.7
1238120 756.5
1238130 756.5
1238140 760.5
1238150 764.9
1238160 764.9
1238170 770.1
1238180 775.5
1238190 775.5
1238200 780.0
1238210 784.8
1238220 784.6
1238230 789.4
1238240 794.3
1238250 794.3
1238260 799.6
1238270 805.1
1238280 805.1
1238290 810.5
1238300 815.8
1238310 820.9
1238320 820.9
1238330 825.9
1238340 831.1
1238350 831.1
1238360 836.2
1238370 841.0
1238380 841.0
1238390 845.4
1238400 849.5
1238410 849.5
1238420 853.6
1238430 857.3
1238440 857.3
1238450 861.0
1238460 864.6
1238470 864.6
1238480 868.4
1238490 872.2
1238500 872.2
1238510 875.6
1238520 877.8
1238530 877.8
1238540 877.0
1238550 875.0
1238560 875.0
1238570 872.9
1238580 871.0
1238590 867.1
1238600 867.1
1238610 865.9
1238620 869.0
1238630 869.0
1238640 873.9
1238650 876.3
1238660 876.3
1238670 877.8
1238680 879.3
1238690 879.3
1238700 880.6
1238710 882.6
1238720 882.6
1238730 886.1
1238740 886.1
1238750 886.1
1238760 889.6
1238770 892.9
1238780 892.9
1238790 895.9
1238800 898.8
1238810 898.8
1238820 901.4
1238830 903.4
1238840 903.4
1238850 904.8
1238860 906.0
1238870 907.4
1238880 907.4
1238890 909.3
1238900 909.8
1238910 909.8
1238920 907.9
1238930 906.9
1238940 906.9
1238950 911.6
1238960 915.9
1238970 915.9
1238980 919.1
1238990 922.4
1239000 922.4
1239010 925.3
1239020 928.2
1239030 928.2
1239040 931.1
1239050 933.9
1239060 933.9
1239070 936.3
1239080 938.9
1239090 938.9
1239100 942.1
1239110 945.4
1239120 945.4
1239130 949.2
1239140 953.9
1239150 958.9
1239160 958.9
1239170 963.4
1239180 968.0
1239190 968.0
1239200 972.5
1239210 977.0
1239220 977.0
1239230 981.2
1239240 985.4
1239250 985.4
1239260 989.1
1239270 994.2
1239280 994.2
1239290 996.7
1239300 1000.7
1239310 1000.7
1239320 1003.2
1239330 1006.7
1239340 1006.7
1239350 1008.2
1239360 1009.5
1239370 1009.5
1239380 1011.6
1239390 1014.2
1239400 1014.2
1239410 1016.6
1239420 1019.9
1239430 1023.7
1239440 1023.7
1239450 1027.2
1239460 1031.3
1239470 1031.3
1239480 1035.5
1239490 1039.6
1239500 1039.6
1239510 1042.9
1239520 1046.6
1239530 1046.6
1239540 1050.5
1239550 1054.1
1239560 1054.1
1239570 1058.1
1239580 1062.3
1239590 1062.3
1239600 1065.4
1239610 1068.7
1239620 1068.7
1239630 1071.4
1239640 1073.9
1239650 1073.9
1239660 1075.5
1239670 1076.1
1239680 1076.1
1239690 1076.3
1239700 1076.1
1239710 1075.9
1239720 1075.9
1239730 1076.1
1239740 1076.8
1239750 1076.8
1239760 1079.0
1239770 1081.9
1239780 1079.4
1239790 1082.9
1239800 1085.3
1239810 1085.3
1239820 1086.6
1239830 1087.6
1239840 1087.6
1239850 1088.6
1239860 1090.0
1239870 1090.0
1239880 1091.3
1239890 1092.8
1239900 1092.8
1239910 1094.5
1239920 1096.7
1239930 1096.7
1239940 1098.4
1239950 1100.0
1239960 1100.0
1239970 1101.5
1239980 1103.2
1239990 1105.4
