1220000 880.8
1220010 880.8
1220020 881.1
1220030 881.3
1220040 881.3
1220050 881.5
1220060 881.7
1220070 881.7
1220080 882.0
1220090 882.2
1220100 882.2
1220110 882.5
1220120 882.8
1220130 882.8
1220140 883.1
1220150 883.4
1220160 883.4
1220170 883.6
1220180 883.9
1220190 883.9
1220200 884.2
1220210 884.2
1220220 884.2
1220230 884.1
1220240 884.0
1220250 884.0
1220260 884.1
1220270 884.4
1220280 884.1
1220290 884.3
1220300 884.5
1220310 884.6
1220320 884.6
1220330 884.6
1220340 884.7
1220350 884.7
1220360 884.5
1220370 883.6
1220380 883.6
1220390 883.9
1220400 884.2
1220410 884.2
1220420 884.2
1220430 884.1
1220440 884.1
1220450 885.2
1220460 887.0
1220470 887.0
1220480 887.6
1220490 888.1
1220500 888.1
1220510 887.8
1220520 888.1
1220530 888.1
1220540 888.1
1220550 888.1
1220560 888.1
1220570 887.9
1220580 887.9
1220590 887.6
1220600 887.6
1220610 887.6
1220620 887.4
1220630 887.4
1220640 887.1
1220650 887.1
1220660 887.1
1220670 886.9
1220680 886.5
1220690 886.5
1220700 887.9
1220710 888.1
1220720 888.1
1220730 888.0
1220740 887.2
1220750 887.2
1220760 885.6
1220770 885.4
1220780 885.4
1220790 885.9
1220800 885.3
1220810 885.3
1220820 884.3
1220830 883.7
1220840 883.7
1220850 883.4
1220860 883.2
1220870 882.8
1220880 882.8
1220890 882.5
1220900 882.2
1220910 882.2
1220920 881.8
1220930 881.7
1220940 881.7
1220950 881.5
1220960 881.7
1220970 881.7
1220980 881.8
1220990 882.1
1221000 882.1
1221010 882.9
1221020 883.0
1221030 883.0
1221040 882.6
1221050 882.4
1221060 882.4
1221070 883.1
1221080 883.7
1221090 883.7
1221100 883.9
1221110 884.3
1221120 883.6
1221130 883.6
1221140 882.9
1221150 883.5
1221160 883.5
1221170 884.4
1221180 884.2
1221190 884.2
1221200 884.2
1221210 884.0
1221220 884.0
1221230 883.7
1221240 883.1
1221250 883.1
1221260 883.7
1221270 883.3
1221280 883.3
1221290 883.1
1221300 884.1
1221310 884.1
1221320 885.0
1221330 886.3
1221340 886.3
1221350 887.0
1221360 888.0
1221370 888.0
1221380 888.5
1221390 889.0
1221400 889.4
1221410 889.4
1221420 889.3
1221430 888.4
1221440 888.4
1221450 888.9
1221460 888.9
1221470 888.9
1221480 888.6
1221490 888.6
1221500 888.6
1221510 888.6
1221520 888.4
1221530 888.4
1221540 888.5
1221550 888.5
1221560 888.5
1221570 887.9
1221580 887.0
1221590 887.0
1221600 885.4
1221610 885.3
1221620 885.3
1221630 885.3
1221640 884.7
1221650 884.7
1221660 884.2
1221670 883.8
1221680 883.4
1221690 883.4
1221700 883.2
1221710 882.8
1221720 882.8
1221730 881.9
1221740 881.6
1221750 881.6
1221760 880.6
1221770 879.9
1221780 879.9
1221790 878.7
1221800 878.6
1221810 878.6
1221820 878.5
1221830 877.7
1221840 877.7
1221850 877.3
1221860 877.3
1221870 877.3
1221880 877.4
1221890 877.5
1221900 877.5
1221910 877.6
1221920 877.6
1221930 877.6
1221940 877.5
1221950 877.4
1221960 877.4
1221970 877.4
1221980 877.4
1221990 877.7
1222000 877.7
1222010 878.4
1222020 879.3
1222030 879.3
1222040 879.6
1222050 879.9
1222060 879.9
1222070 880.7
1222080 880.6
1222090 880.6
1222100 880.7
1222110 880.8
1222120 880.8
1222130 881.0
1222140 881.4
1222150 881.4
1222160 881.4
1222170 881.3
1222180 881.3
1222190 881.3
1222200 881.3
1222210 880.9
1222220 881.2
1222230 881.4
1222240 882.2
1222250 882.2
1222260 881.8
1222270 881.2
1222280 881.2
1222290 881.3
1222300 881.4
1222310 881.4
1222320 881.7
1222330 882.1
1222340 882.1
1222350 882.3
1222360 882.1
1222370 882.1
1222380 881.8
1222390 881.1
1222400 881.1
1222410 879.9
1222420 878.1
1222430 878.1
1222440 876.4
1222450 875.2
1222460 875.2
1222470 871.7
1222480 871.2
1222490 871.2
1222500 870.0
1222510 868.1
1222520 867.0
1222530 867.0
1222540 867.8
1222550 868.3
1222560 868.3
1222570 870.2
1222580 874.2
1222590 874.2
1222600 879.5
1222610 881.7
1222620 881.7
1222630 882.1
1222640 882.9
1222650 882.9
1222660 882.1
1222670 881.8
1222680 881.8
1222690 881.6
1222700 881.0
1222710 881.0
1222720 880.8
1222730 880.5
1222740 880.5
1222750 880.0
1222760 879.9
1222770 879.9
1222780 879.7
1222790 879.8
1222800 879.8
1222810 879.8
1222820 879.8
1222830 879.5
1222840 879.5
1222850 879.2
1222860 879.1
1222870 879.1
1222880 878.7
1222890 878.4
1222900 878.4
1222910 878.1
1222920 877.9
1222930 877.9
1222940 877.8
1222950 877.5
1222960 877.5
1222970 877.5
1222980 877.7
1222990 877.7
1223000 877.7
1223010 877.7
1223020 877.7
1223030 877.1
1223040 875.9
1223050 875.9
1223060 875.8
1223070 876.1
1223080 877.0
1223090 877.0
1223100 877.0
1223110 876.2
1223120 876.2
1223130 875.3
1223140 875.1
1223150 875.1
1223160 874.9
1223170 874.5
1223180 874.5
1223190 873.8
1223200 873.5
1223210 873.5
1223220 873.3
1223230 873.1
1223240 873.1
1223250 872.9
1223260 872.7
1223270 872.7
1223280 872.5
1223290 872.2
1223300 872.2
1223310 872.0
1223320 871.7
1223330 871.5
1223340 871.5
1223350 871.3
1223360 871.1
1223370 871.1
1223380 870.8
1223390 870.4
1223400 870.4
1223410 870.0
1223420 869.7
1223430 869.7
1223440 869.4
1223450 869.1
1223460 869.1
1223470 868.7
1223480 868.3
1223490 868.3
1223500 868.1
1223510 867.9
1223520 867.9
1223530 867.6
1223540 867.4
1223550 867.4
1223560 866.9
1223570 866.5
1223580 866.5
1223590 866.2
1223600 866.1
1223610 866.1
1223620 866.1
1223630 866.1
1223640 866.0
1223650 866.0
1223660 866.1
1223670 866.8
1223680 865.5
1223690 864.9
1223700 864.6
1223710 864.6
1223720 864.3
1223730 864.0
1223740 864.0
1223750 863.7
1223760 863.5
1223770 863.5
1223780 863.2
1223790 862.8
1223800 862.8
1223810 862.4
1223820 861.8
1223830 861.8
1223840 861.0
1223850 860.3
1223860 860.3
1223870 859.5
1223880 858.6
1223890 857.7
1223900 857.7
1223910 856.8
1223920 856.1
1223930 856.1
1223940 855.6
1223950 855.4
1223960 855.4
1223970 855.2
1223980 855.0
1223990 855.0
1224000 854.7
1224010 854.5
1224020 854.5
1224030 854.4
1224040 854.3
1224050 854.3
1224060 854.0
1224070 853.9
1224080 853.9
1224090 853.7
1224100 853.6
1224110 853.6
1224120 853.5
1224130 853.3
1224140 853.3
1224150 853.2
1224160 853.2
1224170 853.1
1224180 853.1
1224190 853.1
1224200 853.1
1224210 853.1
1224220 852.9
1224230 852.7
1224240 852.7
1224250 852.8
1224260 853.0
1224270 853.0
1224280 853.1
1224290 852.8
1224300 852.8
1224310 852.6
1224320 852.3
1224330 852.3
1224340 852.1
1224350 851.9
1224360 851.9
1224370 851.9
1224380 851.9
1224390 851.9
1224400 851.8
1224410 851.7
1224420 851.7
1224430 851.6
1224440 851.5
1224450 851.3
1224460 851.3
1224470 851.1
1224480 850.8
1224490 850.8
1224500 850.6
1224510 850.4
1224520 850.4
1224530 850.1
1224540 850.2
1224550 850.2
1224560 850.3
1224570 850.1
1224580 850.1
1224590 849.7
1224600 848.7
1224610 848.7
1224620 847.0
1224630 846.8
1224640 846.8
1224650 847.1
1224660 847.6
1224670 847.6
1224680 848.3
1224690 849.2
1224700 849.2
1224710 849.4
1224720 849.4
1224730 849.1
1224740 849.1
1224750 848.8
1224760 848.4
1224770 848.4
1224780 847.9
1224790 847.0
1224800 847.0
1224810 846.5
1224820 846.2
1224830 846.2
1224840 846.6
1224850 848.4
1224860 848.4
1224870 849.2
1224880 849.4
1224890 849.4
1224900 849.5
1224910 849.8
1224920 849.8
1224930 849.9
1224940 849.8
1224950 849.8
1224960 849.7
1224970 849.8
1224980 849.7
1224990 849.7
1225000 849.7
1225010 849.7
1225020 849.7
1225030 849.5
1225040 849.5
1225050 849.5
1225060 849.6
1225070 849.9
1225080 849.9
1225090 850.4
1225100 850.9
1225110 850.9
1225120 851.4
1225130 851.6
1225140 852.2
1225150 852.3
1225160 852.5
1225170 852.5
1225180 852.7
1225190 852.8
1225200 852.8
1225210 852.7
1225220 852.7
1225230 852.7
1225240 852.9
1225250 853.5
1225260 853.9
1225270 853.9
1225280 854.4
1225290 855.0
1225300 855.0
1225310 855.4
1225320 855.7
1225330 855.7
1225340 856.1
1225350 856.5
1225360 856.5
1225370 856.7
1225380 857.0
1225390 857.0
1225400 857.3
1225410 857.7
1225420 857.7
1225430 858.2
1225440 859.0
1225450 859.0
1225460 859.6
1225470 859.9
1225480 859.9
1225490 860.1
1225500 860.3
1225510 860.3
1225520 860.2
1225530 860.2
1225540 860.2
1225550 860.2
1225560 859.9
1225570 859.6
1225580 859.6
1225590 859.3
1225600 859.1
1225610 859.1
1225620 859.2
1225630 859.4
1225640 859.5
1225650 860.0
1225660 860.5
1225670 860.5
1225680 860.6
1225690 860.5
1225700 860.5
1225710 860.2
1225720 859.7
1225730 859.7
1225740 859.0
1225750 858.1
1225760 858.1
1225770 857.1
1225780 856.2
1225790 856.2
1225800 855.7
1225810 855.5
1225820 855.5
1225830 855.5
1225840 855.6
1225850 855.6
1225860 855.6
1225870 855.7
1225880 855.7
1225890 855.7
1225900 855.6
1225910 855.4
1225920 855.4
1225930 855.6
1225940 855.7
1225950 855.7
1225960 855.8
1225970 855.9
1225980 855.9
1225990 855.6
1226000 855.2
1226010 855.2
1226020 854.5
1226030 853.6
1226040 853.6
1226050 853.7
1226060 854.2
1226070 854.2
1226080 854.4
1226090 854.3
1226100 853.8
1226110 853.8
1226120 853.1
1226130 851.4
1226140 851.4
1226150 850.9
1226160 850.3
1226170 850.3
1226180 849.7
1226190 849.0
1226200 849.0
1226210 848.1
1226220 846.6
1226230 846.6
1226240 844.4
1226250 843.1
1226260 843.1
1226270 842.0
1226280 840.1
1226290 840.1
1226300 834.8
1226310 828.8
1226320 828.8
1226330 822.7
1226340 817.4
1226350 817.4
1226360 813.5
1226370 810.2
1226380 807.1
1226390 807.1
1226400 804.2
1226410 801.6
1226420 801.6
1226430 798.7
1226440 796.4
1226450 796.4
1226460 796.5
1226470 797.4
1226480 797.4
1226490 799.7
1226500 803.3
1226510 803.3
1226520 807.4
1226530 812.2
1226540 812.2
1226550 817.9
1226560 823.7
1226570 823.7
1226580 829.4
1226590 835.1
1226600 835.1
1226610 838.4
1226620 839.5
1226630 839.5
1226640 839.6
1226650 839.8
1226660 840.3
1226670 840.3
1226680 840.9
1226690 841.4
1226700 841.4
1226710 841.8
1226720 842.0
1226730 842.0
1226740 842.2
1226750 842.1
1226760 842.1
1226770 842.3
1226780 842.2
1226790 842.2
1226800 842.1
1226810 841.9
1226820 841.9
1226830 841.6
1226840 841.6
1226850 841.6
1226860 841.5
1226870 841.2
1226880 841.2
1226890 841.1
1226900 841.0
1226910 841.0
1226920 840.8
1226930 840.6
1226940 840.3
1226950 840.3
1226960 840.1
1226970 839.8
1226980 839.8
1226990 839.5
1227000 839.4
1227010 839.4
1227020 839.2
1227030 839.0
1227040 839.0
1227050 838.8
1227060 838.6
1227070 838.6
1227080 838.5
1227090 838.1
1227100 838.1
1227110 837.7
1227120 838.4
1227130 838.4
1227140 837.8
1227150 837.0
1227160 837.0
1227170 835.6
1227180 833.7
1227190 832.2
1227200 832.2
1227210 831.9
1227220 831.7
1227230 831.7
1227240 831.9
1227250 832.1
1227260 832.1
1227270 831.8
1227280 831.0
1227290 831.0
1227300 829.9
1227310 828.9
1227320 828.9
1227330 827.9
1227340 827.1
1227350 827.1
1227360 826.4
1227370 825.7
1227380 825.7
1227390 824.9
1227400 824.1
1227410 824.1
1227420 823.1
1227430 821.2
1227440 821.2
1227450 819.3
1227460 819.3
1227470 819.5
1227480 819.5
1227490 818.7
1227500 817.8
1227510 817.8
1227520 817.4
1227530 816.6
1227540 816.6
1227550 815.0
1227560 814.0
1227570 814.0
1227580 812.5
1227590 809.9
1227600 809.9
1227610 808.1
1227620 807.7
1227630 807.7
1227640 807.2
1227650 806.9
1227660 806.9
1227670 807.7
1227680 808.1
1227690 808.1
1227700 806.7
1227710 805.9
1227720 805.9
1227730 805.5
1227740 805.1
1227750 804.8
1227760 804.8
1227770 804.4
1227780 804.0
1227790 804.0
1227800 803.4
1227810 802.8
1227820 802.8
1227830 802.1
1227840 801.5
1227850 801.5
1227860 800.8
1227870 800.2
1227880 800.2
1227890 799.7
1227900 799.3
1227910 799.3
1227920 799.4
1227930 800.3
1227940 800.3
1227950 799.8
1227960 799.0
1227970 799.0
1227980 798.4
1227990 797.6
1228000 797.6
1228010 796.5
1228020 794.2
1228030 791.3
1228040 791.3
1228050 787.9
1228060 784.0
1228070 784.0
1228080 779.7
1228090 775.4
1228100 775.4
1228110 775.9
1228120 771.7
1228130 771.7
1228140 767.7
1228150 764.1
1228160 764.1
1228170 760.8
1228180 757.9
1228190 757.9
1228200 755.8
1228210 755.0
1228220 755.0
1228230 754.6
1228240 754.4
1228250 754.4
1228260 753.9
1228270 753.4
1228280 753.4
1228290 752.8
1228300 752.3
1228310 751.7
1228320 751.7
1228330 751.1
1228340 750.6
1228350 750.6
1228360 750.1
1228370 750.0
1228380 750.0
1228390 750.3
1228400 751.3
1228410 751.3
1228420 753.3
1228430 754.9
1228440 754.9
1228450 756.7
1228460 758.2
1228470 758.2
1228480 759.7
1228490 761.1
1228500 761.1
1228510 762.9
1228520 765.3
1228530 765.3
1228540 768.2
1228550 770.4
1228560 770.4
1228570 771.8
1228580 774.2
1228590 777.8
1228600 777.8
1228610 774.7
1228620 776.2
1228630 776.2
1228640 777.0
1228650 778.7
1228660 778.7
1228670 779.6
1228680 778.9
1228690 778.9
1228700 778.3
1228710 779.1
1228720 779.1
1228730 779.9
1228740 780.0
1228750 780.0
1228760 779.9
1228770 779.6
1228780 779.6
1228790 779.2
1228800 778.8
1228810 778.8
1228820 778.5
1228830 778.3
1228840 778.3
1228850 778.1
1228860 777.9
1228870 777.7
1228880 777.7
1228890 777.7
1228900 777.7
1228910 777.7
1228920 777.6
1228930 777.4
1228940 777.4
1228950 777.2
1228960 777.0
1228970 777.0
1228980 776.7
1228990 776.4
1229000 776.4
1229010 776.1
1229020 775.0
1229030 775.0
1229040 773.2
1229050 771.1
1229060 771.1
1229070 768.5
1229080 765.8
1229090 765.8
1229100 762.0
1229110 762.9
1229120 761.0
1229130 761.0
1229140 759.8
1229150 759.2
1229160 759.2
1229170 756.1
1229180 753.5
1229190 753.5
1229200 752.9
1229210 750.4
1229220 750.4
1229230 746.8
1229240 743.8
1229250 743.8
1229260 741.1
1229270 738.7
1229280 738.7
1229290 736.2
1229300 734.2
1229310 734.2
1229320 732.6
1229330 731.5
1229340 731.5
1229350 730.9
1229360 730.4
1229370 730.4
1229380 729.7
1229390 729.2
1229400 728.8
1229410 728.8
1229420 728.3
1229430 728.0
1229440 728.0
1229450 727.7
1229460 727.4
1229470 727.4
1229480 727.2
1229490 727.0
1229500 727.0
1229510 726.8
1229520 726.6
1229530 726.6
1229540 726.3
1229550 725.9
1229560 725.9
1229570 725.5
1229580 725.0
1229590 725.0
1229600 724.9
1229610 724.6
1229620 724.6
1229630 724.1
1229640 723.5
1229650 723.5
1229660 722.7
1229670 721.3
1229680 721.0
1229690 721.0
1229700 720.8
1229710 720.7
1229720 720.7
1229730 720.5
1229740 721.1
1229750 721.1
1229760 722.5
1229770 723.6
1229780 723.6
1229790 723.7
1229800 722.7
1229810 722.7
1229820 720.8
1229830 720.1
1229840 720.1
1229850 720.3
1229860 720.9
1229870 720.9
1229880 722.3
1229890 723.8
1229900 723.8
1229910 724.9
1229920 726.5
1229930 726.5
1229940 729.2
1229950 730.7
1229960 732.2
1229970 732.2
1229980 735.1
1229990 738.7
1230000 738.7
1230010 740.3
1230020 739.7
1230030 739.7
1230040 739.3
1230050 741.0
1230060 741.0
1230070 741.5
1230080 740.4
1230090 740.4
1230100 740.7
1230110 738.8
1230120 738.8
1230130 737.5
1230140 738.0
1230150 738.0
1230160 738.3
1230170 738.6
1230180 738.6
1230190 740.0
1230200 740.1
1230210 740.1
1230220 738.6
1230230 738.1
1230240 737.9
1230250 737.9
1230260 737.7
1230270 737.3
1230280 737.3
1230290 737.1
1230300 738.0
1230310 738.0
1230320 738.6
1230330 738.8
1230340 738.8
1230350 739.6
1230360 740.3
1230370 740.3
1230380 739.3
1230390 738.1
1230400 738.1
1230410 737.1
1230420 736.4
1230430 736.4
1230440 736.0
1230450 735.6
1230460 735.6
1230470 735.4
1230480 735.3
1230490 735.3
1230500 734.0
1230510 730.1
1230520 726.4
1230530 726.4
1230540 724.2
1230550 722.9
1230560 722.9
1230570 721.7
1230580 719.8
1230590 719.8
1230600 718.3
1230610 717.5
1230620 717.5
1230630 716.9
1230640 716.3
1230650 716.3
1230660 714.3
1230670 712.0
1230680 712.0
1230690 710.3
1230700 708.6
1230710 708.6
1230720 706.0
1230730 703.3
1230740 703.3
1230750 701.0
1230760 699.0
1230770 697.5
1230780 697.5
1230790 696.3
1230800 695.1
1230810 695.1
1230820 693.4
1230830 692.1
1230840 692.1
1230850 690.9
1230860 689.7
1230870 689.7
1230880 688.7
1230890 687.7
1230900 687.7
1230910 687.1
1230920 686.8
1230930 686.8
1230940 686.6
1230950 686.6
1230960 686.6
1230970 687.3
1230980 688.5
1230990 688.5
1231000 687.8
1231010 686.6
1231020 686.6
1231030 685.5
1231040 683.8
1231050 681.8
1231060 681.8
1231070 680.8
1231080 679.9
1231090 679.9
1231100 678.5
1231110 676.5
1231120 676.5
1231130 674.2
1231140 673.2
1231150 673.2
1231160 672.9
1231170 672.4
1231180 672.4
1231190 673.7
1231200 673.3
1231210 673.3
1231220 673.1
1231230 673.2
1231240 673.2
1231250 673.8
1231260 673.9
1231270 673.9
1231280 673.5
1231290 672.9
1231300 672.9
1231310 672.6
1231320 672.2
1231330 671.5
1231340 671.5
1231350 671.3
1231360 671.0
1231370 671.0
1231380 670.5
1231390 669.3
1231400 669.3
1231410 668.3
1231420 667.4
1231430 667.4
1231440 666.7
1231450 666.4
1231460 666.4
1231470 666.0
1231480 665.1
1231490 665.1
1231500 664.1
1231510 663.7
1231520 663.7
1231530 663.5
1231540 663.7
1231550 663.7
1231560 664.0
1231570 664.3
1231580 664.3
1231590 663.3
1231600 661.1
1231610 661.1
1231620 661.1
1231630 661.2
1231640 661.3
1231650 661.3
1231660 661.1
1231670 661.0
1231680 661.0
1231690 660.9
1231700 660.1
1231710 660.1
1231720 659.0
1231730 657.5
1231740 657.5
1231750 655.7
1231760 650.4
1231770 650.4
1231780 645.0
1231790 641.6
1231800 641.6
1231810 640.9
1231820 641.0
1231830 641.0
1231840 641.0
1231850 640.9
1231860 640.9
1231870 640.8
1231880 640.8
1231890 640.6
1231900 640.6
1231910 640.4
1231920 640.3
1231930 640.3
1231940 640.3
1231950 640.4
1231960 640.4
1231970 640.5
1231980 640.6
1231990 640.6
1232000 640.3
1232010 639.9
1232020 639.9
1232030 638.1
1232040 634.3
1232050 634.3
1232060 632.7
1232070 632.1
1232080 632.1
1232090 632.5
1232100 632.2
1232110 632.2
1232120 631.9
1232130 632.3
1232140 632.3
1232150 632.5
1232160 632.4
1232170 634.1
1232180 634.1
1232190 637.2
1232200 638.0
1232210 638.0
1232220 637.9
1232230 637.7
1232240 637.7
1232250 637.6
1232260 637.5
1232270 637.5
1232280 637.1
1232290 636.9
1232300 636.9
1232310 636.7
1232320 636.3
1232330 636.3
1232340 636.0
1232350 635.7
1232360 635.7
1232370 635.1
1232380 634.5
1232390 634.5
1232400 634.0
1232410 633.0
1232420 633.0
1232430 632.2
1232440 630.9
1232450 629.7
1232460 629.7
1232470 627.8
1232480 626.1
1232490 626.1
1232500 625.5
1232510 625.5
1232520 625.5
1232530 625.6
1232540 625.5
1232550 625.5
1232560 625.6
1232570 625.6
1232580 625.6
1232590 625.6
1232600 625.4
1232610 625.4
1232620 624.7
1232630 624.4
1232640 624.4
1232650 624.2
1232660 624.0
1232670 624.0
1232680 623.9
1232690 623.8
1232700 623.7
1232710 623.7
1232720 623.6
1232730 623.5
1232740 623.5
1232750 623.3
1232760 622.9
1232770 622.9
1232780 622.7
1232790 622.6
1232800 622.6
1232810 622.5
1232820 622.3
1232830 622.3
1232840 622.1
1232850 622.0
1232860 622.0
1232870 621.9
1232880 621.8
1232890 621.8
1232900 621.7
1232910 621.6
1232920 621.6
1232930 621.4
1232940 622.0
1232950 622.0
1232960 621.7
1232970 621.3
1232980 621.1
1232990 621.1
1233000 620.3
1233010 620.4
1233020 620.4
1233030 621.4
1233040 621.7
1233050 621.7
1233060 621.7
1233070 621.6
1233080 621.6
1233090 621.5
1233100 621.3
1233110 621.3
1233120 621.2
1233130 621.2
1233140 621.2
1233150 621.2
1233160 621.1
1233170 621.1
1233180 621.0
1233190 620.8
1233200 620.8
1233210 620.5
1233220 620.4
1233230 620.4
1233240 620.5
1233250 620.5
1233260 620.5
1233270 620.5
1233280 620.4
1233290 620.4
1233300 620.4
1233310 620.4
1233320 620.4
1233330 620.4
1233340 620.4
1233350 620.3
1233360 620.3
1233370 620.3
1233380 620.3
1233390 620.3
1233400 620.3
1233410 620.2
1233420 620.2
1233430 620.1
1233440 620.3
1233450 620.3
1233460 620.5
1233470 620.3
1233480 620.3
1233490 620.2
1233500 620.1
1233510 620.1
1233520 619.9
1233530 619.8
1233540 619.8
1233550 619.8
1233560 619.9
1233570 619.8
1233580 619.8
1233590 619.6
1233600 619.5
1233610 619.5
1233620 619.5
1233630 619.4
1233640 619.4
1233650 619.4
1233660 619.3
1233670 619.3
1233680 619.2
1233690 619.2
1233700 619.2
1233710 619.2
1233720 619.3
1233730 619.3
1233740 619.4
1233750 619.4
1233760 619.4
1233770 619.4
1233780 619.3
1233790 619.3
1233800 619.2
1233810 619.1
1233820 619.1
1233830 619.1
1233840 619.2
1233850 619.1
1233860 619.1
1233870 618.7
1233880 618.6
1233890 618.6
1233900 618.5
1233910 618.4
1233920 618.4
1233930 618.9
1233940 619.1
1233950 619.1
1233960 619.1
1233970 619.0
1233980 619.0
1233990 618.9
1234000 619.0
1234010 619.0
1234020 619.0
1234030 619.0
1234040 619.0
1234050 619.0
1234060 618.9
1234070 618.9
1234080 618.9
1234090 618.8
1234100 618.8
1234110 618.8
1234120 618.8
1234130 618.8
1234140 618.7
1234150 618.5
1234160 618.7
1234170 618.7
1234180 618.7
1234190 618.7
1234200 618.7
1234210 618.7
1234220 618.6
1234230 618.6
1234240 618.4
1234250 618.4
1234260 618.4
1234270 618.4
1234280 618.3
1234290 618.3
1234300 618.3
1234310 618.1
1234320 618.1
1234330 618.1
1234340 618.0
1234350 618.0
1234360 618.0
1234370 618.2
1234380 618.6
1234390 618.6
1234400 618.5
1234410 618.5
1234420 618.5
1234430 618.4
1234440 618.4
1234450 618.4
1234460 618.4
1234470 618.4
1234480 618.4
1234490 618.4
1234500 618.3
1234510 618.3
1234520 618.3
1234530 618.3
1234540 618.3
1234550 618.3
1234560 618.4
1234570 618.4
1234580 618.4
1234590 618.3
1234600 618.3
1234610 617.9
1234620 618.1
1234630 618.3
1234640 618.3
1234650 618.5
1234660 618.5
1234670 618.5
1234680 618.5
1234690 618.4
1234700 618.4
1234710 618.4
1234720 618.3
1234730 618.3
1234740 618.4
1234750 618.6
1234760 618.6
1234770 618.9
1234780 619.2
1234790 619.2
1234800 619.5
1234810 619.7
1234820 619.7
1234830 619.8
1234840 619.7
1234850 619.7
1234860 619.5
1234870 619.2
1234880 619.2
1234890 618.7
1234900 618.5
1234910 618.4
1234920 618.4
1234930 618.2
1234940 617.8
1234950 617.8
1234960 616.7
1234970 615.5
1234980 615.5
1234990 614.9
1235000 615.0
1235010 615.0
1235020 614.3
1235030 614.0
1235040 614.0
1235050 614.0
1235060 613.9
1235070 613.9
1235080 613.9
1235090 613.8
1235100 613.8
1235110 613.8
1235120 613.7
1235130 613.7
1235140 613.7
1235150 613.7
1235160 614.3
1235170 615.6
1235180 615.8
1235190 616.3
1235200 616.3
1235210 617.5
1235220 617.9
1235230 617.9
1235240 618.2
1235250 618.2
1235260 618.2
1235270 618.2
1235280 618.2
1235290 618.2
1235300 618.1
1235310 617.9
1235320 617.9
1235330 617.9
1235340 617.8
1235350 617.8
1235360 617.8
1235370 617.8
1235380 617.8
1235390 617.8
1235400 617.7
1235410 617.7
1235420 617.6
1235430 617.6
1235440 617.6
1235450 617.6
1235460 617.6
1235470 617.6
1235480 617.6
1235490 617.5
1235500 617.4
1235510 617.4
1235520 617.4
1235530 617.4
1235540 617.4
1235550 617.5
1235560 617.4
1235570 617.4
1235580 617.3
1235590 617.2
1235600 617.2
1235610 616.9
1235620 616.8
1235630 616.8
1235640 617.0
1235650 617.6
1235660 617.6
1235670 617.7
1235680 617.6
1235690 617.6
1235700 617.9
1235710 617.5
1235720 617.5
1235730 617.4
1235740 617.4
1235750 617.3
1235760 617.3
1235770 617.8
1235780 619.1
1235790 619.1
1235800 620.3
1235810 620.7
1235820 620.7
1235830 620.6
1235840 620.4
1235850 620.4
1235860 620.3
1235870 620.4
1235880 620.4
1235890 620.3
1235900 620.3
1235910 620.3
1235920 620.3
1235930 620.2
1235940 620.2
1235950 620.2
1235960 620.1
1235970 620.1
1235980 620.1
1235990 620.0
1236000 620.0
1236010 620.0
1236020 620.1
1236030 619.4
1236040 619.4
1236050 617.9
1236060 616.5
1236070 616.5
1236080 615.8
1236090 615.6
1236100 615.6
1236110 615.6
1236120 615.5
1236130 615.5
1236140 615.5
1236150 615.5
1236160 615.5
1236170 615.6
1236180 615.6
1236190 615.6
1236200 615.5
1236210 615.4
1236220 615.4
1236230 615.4
1236240 615.5
1236250 615.5
1236260 615.5
1236270 615.4
1236280 615.3
1236290 615.3
1236300 615.3
1236310 615.3
1236320 615.3
1236330 615.4
1236340 615.4
1236350 615.4
1236360 615.4
1236370 615.4
1236380 615.4
1236390 615.3
1236400 615.2
1236410 615.2
1236420 615.2
1236430 615.2
1236440 615.2
1236450 615.2
1236460 615.1
1236470 615.1
1236480 615.1
1236490 615.1
1236500 615.1
1236510 615.2
1236520 615.2
1236530 615.2
1236540 615.2
1236550 615.2
1236560 615.1
1236570 615.1
1236580 615.1
1236590 615.1
1236600 615.1
1236610 615.1
1236620 615.1
1236630 615.1
1236640 615.1
1236650 615.0
1236660 615.0
1236670 615.1
1236680 615.1
1236690 615.1
1236700 615.0
1236710 615.0
1236720 615.0
1236730 614.9
1236740 614.8
1236750 614.8
1236760 614.7
1236770 614.6
1236780 614.6
1236790 614.5
1236800 614.5
1236810 614.5
1236820 614.5
1236830 614.5
1236840 614.5
1236850 614.5
1236860 614.5
1236870 614.4
1236880 614.4
1236890 614.5
1236900 614.5
1236910 614.5
1236920 614.4
1236930 614.3
1236940 614.3
1236950 614.2
1236960 614.3
1236970 614.3
1236980 614.2
1236990 614.1
1237000 614.1
1237010 614.0
1237020 614.0
1237030 614.0
1237040 614.0
1237050 614.1
1237060 614.1
1237070 614.1
1237080 614.2
1237090 614.2
1237100 614.1
1237110 614.1
1237120 614.1
1237130 614.1
1237140 614.0
1237150 614.0
1237160 614.0
1237170 614.0
1237180 614.1
1237190 614.1
1237200 614.1
1237210 614.1
1237220 614.0
1237230 614.0
1237240 614.0
1237250 614.0
1237260 613.9
1237270 614.0
1237280 614.0
1237290 614.0
1237300 614.1
1237310 614.1
1237320 614.0
1237330 613.9
1237340 613.9
1237350 613.9
1237360 613.9
1237370 613.9
1237380 613.9
1237390 613.9
1237400 613.9
1237410 613.9
1237420 613.9
1237430 613.9
1237440 613.9
1237450 613.9
1237460 613.9
1237470 613.9
1237480 613.9
1237490 614.0
1237500 614.0
1237510 613.9
1237520 613.8
1237530 613.8
1237540 613.7
1237550 613.6
1237560 613.6
1237570 613.6
1237580 613.6
1237590 613.6
1237600 613.4
1237610 613.4
1237620 613.4
1237630 613.5
1237640 613.7
1237650 613.8
1237660 613.8
1237670 613.8
1237680 613.8
1237690 613.8
1237700 613.9
1237710 614.0
1237720 614.0
1237730 613.9
1237740 613.2
1237750 613.2
1237760 612.4
1237770 612.0
1237780 612.0
1237790 612.7
1237800 611.5
1237810 611.5
1237820 610.8
1237830 610.8
1237840 610.8
1237850 610.8
1237860 610.8
1237870 610.8
1237880 610.8
1237890 610.7
1237900 610.7
1237910 610.7
1237920 612.5
1237930 614.5
1237940 614.5
1237950 614.5
1237960 614.8
1237970 614.8
1237980 615.2
1237990 615.2
1238000 615.2
1238010 615.4
1238020 616.0
1238030 616.0
1238040 617.5
1238050 618.6
1238060 618.6
1238070 624.4
1238080 631.4
1238090 631.4
1238100 637.5
1238110 642.9
1238120 642.9
1238130 648.5
1238140 652.3
1238150 652.3
1238160 659.1
1238170 664.0
1238180 664.0
1238190 667.4
1238200 670.5
1238210 670.0
1238220 670.0
1238230 670.2
1238240 668.7
1238250 667.6
1238260 666.7
1238270 667.8
1238280 667.8
1238290 668.2
1238300 669.5
1238310 669.5
1238320 672.0
1238330 674.4
1238340 674.4
1238350 675.9
1238360 677.3
1238370 677.3
1238380 678.8
1238390 680.5
1238400 680.5
1238410 682.5
1238420 684.9
1238430 684.9
1238440 686.9
1238450 688.7
1238460 688.7
1238470 692.1
1238480 697.2
1238490 701.6
1238500 701.6
1238510 705.3
1238520 709.6
1238530 709.6
1238540 712.8
1238550 714.0
1238560 714.0
1238570 714.5
1238580 716.0
1238590 716.0
1238600 718.4
1238610 723.1
1238620 723.1
1238630 730.7
1238640 735.0
1238650 735.0
1238660 739.2
1238670 743.2
1238680 743.2
1238690 747.4
1238700 752.3
1238710 752.3
1238720 756.6
1238730 761.5
1238740 761.5
1238750 765.7
1238760 766.6
1238770 769.2
1238780 769.2
1238790 771.5
1238800 773.7
1238810 773.7
1238820 776.2
1238830 779.7
1238840 779.7
1238850 783.1
1238860 785.7
1238870 785.7
1238880 787.7
1238890 788.7
1238900 788.7
1238910 790.8
1238920 792.5
1238930 792.5
1238940 793.4
1238950 794.6
1238960 794.6
1238970 794.2
1238980 794.1
1238990 794.1
1239000 793.8
1239010 792.7
1239020 790.4
1239030 790.4
1239040 786.9
1239050 782.6
1239060 782.6
1239070 783.5
1239080 788.6
1239090 788.6
1239100 795.2
1239110 800.9
1239120 800.9
1239130 805.5
1239140 810.1
1239150 810.1
1239160 814.4
1239170 818.4
1239180 818.4
1239190 822.4
1239200 826.8
1239210 826.8
1239220 831.3
1239230 836.2
1239240 836.2
1239250 841.4
1239260 847.7
1239270 847.7
1239280 850.7
1239290 854.8
1239300 856.8
1239310 856.8
1239320 858.4
1239330 861.4
1239340 861.4
1239350 865.4
1239360 870.0
1239370 870.0
1239380 873.9
1239390 876.3
1239400 876.3
1239410 877.6
1239420 878.6
1239430 878.6
1239440 880.5
1239450 883.2
1239460 883.2
1239470 885.0
1239480 885.8
1239490 885.8
1239500 887.6
1239510 889.5
1239520 889.5
1239530 892.2
1239540 895.0
1239550 895.0
1239560 897.3
1239570 900.2
1239580 902.6
1239590 902.6
1239600 905.0
1239610 907.5
1239620 907.5
1239630 908.9
1239640 910.7
1239650 910.7
1239660 912.5
1239670 914.4
1239680 914.4
1239690 917.5
1239700 921.4
1239710 921.4
1239720 924.7
1239730 928.2
1239740 928.2
1239750 931.0
1239760 933.7
1239770 933.7
1239780 935.9
1239790 938.5
1239800 937.9
1239810 941.5
1239820 945.6
1239830 945.6
1239840 950.0
1239850 955.0
1239860 960.0
1239870 960.0
1239880 964.7
1239890 968.4
1239900 968.4
1239910 971.5
1239920 973.2
1239930 973.2
1239940 973.1
1239950 973.8
1239960 973.8
1239970 975.4
1239980 975.7
1239990 975.7
