1220000 904.2
1220010 903.2
1220020 903.2
1220030 902.5
1220040 901.8
1220050 901.4
1220060 901.4
1220070 900.7
1220080 899.9
1220090 899.9
1220100 899.2
1220110 898.4
1220120 898.4
1220130 897.6
1220140 896.1
1220150 896.1
1220160 894.8
1220170 893.8
1220180 893.8
1220190 893.2
1220200 892.7
1220210 892.7
1220220 892.3
1220230 891.9
1220240 891.9
1220250 891.8
1220260 892.4
1220270 892.0
1220280 892.3
1220290 892.5
1220300 892.5
1220310 892.4
1220320 892.3
1220330 892.1
1220340 892.1
1220350 892.0
1220360 892.3
1220370 892.3
1220380 892.5
1220390 892.6
1220400 892.6
1220410 892.7
1220420 892.3
1220430 892.3
1220440 892.9
1220450 893.3
1220460 893.3
1220470 893.6
1220480 893.9
1220490 893.9
1220500 894.8
1220510 895.8
1220520 895.8
1220530 896.1
1220540 895.4
1220550 895.4
1220560 895.0
1220570 894.9
1220580 894.9
1220590 894.8
1220600 894.8
1220610 895.1
1220620 895.1
1220630 895.5
1220640 895.8
1220650 895.8
1220660 896.1
1220670 896.6
1220680 896.6
1220690 897.0
1220700 898.4
1220710 898.4
1220720 899.4
1220730 899.1
1220740 899.1
1220750 898.6
1220760 899.3
1220770 899.3
1220780 899.9
1220790 900.8
1220800 900.8
1220810 901.2
1220820 901.8
1220830 901.8
1220840 902.1
1220850 902.5
1220860 902.5
1220870 902.8
1220880 902.8
1220890 902.7
1220900 902.7
1220910 902.8
1220920 902.9
1220930 902.9
1220940 902.8
1220950 902.4
1220960 902.4
1220970 901.9
1220980 901.6
1220990 901.6
1221000 901.2
1221010 901.2
1221020 901.2
1221030 901.0
1221040 900.1
1221050 900.1
1221060 899.7
1221070 899.1
1221080 899.1
1221090 898.8
1221100 898.0
1221110 898.0
1221120 896.6
1221130 895.6
1221140 895.6
1221150 895.9
1221160 895.9
1221170 895.6
1221180 895.6
1221190 895.4
1221200 895.4
1221210 895.4
1221220 895.9
1221230 896.3
1221240 896.3
1221250 896.4
1221260 896.6
1221270 896.6
1221280 897.3
1221290 897.4
1221300 897.4
1221310 897.6
1221320 897.7
1221330 897.7
1221340 897.7
1221350 897.6
1221360 897.6
1221370 897.4
1221380 897.2
1221390 897.2
1221400 897.3
1221410 897.3
1221420 896.5
1221430 896.5
1221440 896.4
1221450 896.3
1221460 896.3
1221470 896.4
1221480 896.3
1221490 896.3
1221500 896.3
1221510 896.5
1221520 896.5
1221530 896.2
1221540 895.9
1221550 895.9
1221560 895.8
1221570 895.7
1221580 895.7
1221590 895.4
1221600 895.1
1221610 895.1
1221620 894.8
1221630 894.6
1221640 894.6
1221650 894.0
1221660 893.7
1221670 893.7
1221680 893.3
1221690 892.7
1221700 892.6
1221710 892.6
1221720 891.4
1221730 891.1
1221740 891.1
1221750 890.9
1221760 890.7
1221770 890.7
1221780 890.7
1221790 890.7
1221800 890.7
1221810 890.8
1221820 890.6
1221830 890.6
1221840 890.6
1221850 890.4
1221860 890.4
1221870 890.3
1221880 890.2
1221890 890.2
1221900 890.1
1221910 888.9
1221920 888.9
1221930 888.6
1221940 888.5
1221950 888.5
1221960 888.5
1221970 888.5
1221980 888.6
1221990 888.6
1222000 888.7
1222010 888.0
1222020 888.0
1222030 888.1
1222040 888.2
1222050 888.2
1222060 888.1
1222070 888.4
1222080 888.4
1222090 888.6
1222100 889.0
1222110 889.0
1222120 890.1
1222130 890.1
1222140 890.1
1222150 890.3
1222160 890.8
1222170 890.8
1222180 890.4
1222190 890.2
1222200 889.6
1222210 889.6
1222220 889.8
1222230 889.8
1222240 890.3
1222250 890.2
1222260 889.9
1222270 889.9
1222280 890.4
1222290 890.7
1222300 890.7
1222310 890.8
1222320 891.0
1222330 891.0
1222340 891.2
1222350 891.3
1222360 891.3
1222370 891.4
1222380 891.4
1222390 891.4
1222400 891.3
1222410 891.4
1222420 891.4
1222430 891.6
1222440 891.9
1222450 891.9
1222460 892.2
1222470 891.9
1222480 891.9
1222490 891.6
1222500 888.2
1222510 888.2
1222520 885.8
1222530 883.5
1222540 880.6
1222550 880.6
1222560 877.9
1222570 877.8
1222580 877.8
1222590 877.8
1222600 879.3
1222610 879.3
1222620 882.5
1222630 887.9
1222640 887.9
1222650 889.7
1222660 890.4
1222670 890.4
1222680 890.2
1222690 889.4
1222700 889.4
1222710 889.3
1222720 889.5
1222730 889.5
1222740 889.9
1222750 889.9
1222760 889.9
1222770 889.7
1222780 889.5
1222790 889.5
1222800 889.3
1222810 889.1
1222820 888.5
1222830 888.5
1222840 888.1
1222850 888.0
1222860 888.0
1222870 887.4
1222880 887.0
1222890 887.0
1222900 886.7
1222910 886.5
1222920 886.5
1222930 886.3
1222940 886.3
1222950 886.3
1222960 886.8
1222970 887.3
1222980 887.3
1222990 886.5
1223000 885.7
1223010 885.7
1223020 885.7
1223030 885.5
1223040 885.5
1223050 885.2
1223060 885.0
1223070 885.0
1223080 884.8
1223090 884.6
1223100 884.4
1223110 884.4
1223120 884.3
1223130 884.0
1223140 884.0
1223150 883.6
1223160 883.2
1223170 883.2
1223180 882.5
1223190 882.2
1223200 882.2
1223210 882.0
1223220 882.1
1223230 882.1
1223240 882.7
1223250 882.4
1223260 882.4
1223270 881.1
1223280 880.1
1223290 880.1
1223300 879.8
1223310 879.6
1223320 879.6
1223330 879.4
1223340 879.3
1223350 879.3
1223360 879.1
1223370 878.9
1223380 878.5
1223390 878.5
1223400 878.1
1223410 877.2
1223420 877.2
1223430 876.8
1223440 876.6
1223450 876.6
1223460 876.8
1223470 877.2
1223480 877.2
1223490 876.5
1223500 876.1
1223510 876.1
1223520 876.0
1223530 875.8
1223540 875.8
1223550 875.8
1223560 875.6
1223570 875.6
1223580 874.1
1223590 873.8
1223600 873.8
1223610 873.9
1223620 873.9
1223630 874.2
1223640 874.2
1223650 873.8
1223660 872.3
1223670 872.3
1223680 871.6
1223690 871.1
1223700 871.1
1223710 870.4
1223720 870.5
1223730 870.5
1223740 870.9
1223750 870.6
1223760 870.6
1223770 870.6
1223780 870.6
1223790 870.6
1223800 870.3
1223810 869.9
1223820 869.9
1223830 868.4
1223840 867.4
1223850 867.4
1223860 867.1
1223870 866.8
1223880 866.8
1223890 866.4
1223900 865.7
1223910 865.1
1223920 865.1
1223930 864.7
1223940 864.0
1223950 864.0
1223960 863.2
1223970 862.4
1223980 862.4
1223990 861.6
1224000 860.9
1224010 860.9
1224020 860.3
1224030 859.6
1224040 859.6
1224050 859.0
1224060 858.4
1224070 858.4
1224080 857.7
1224090 857.0
1224100 857.0
1224110 856.3
1224120 855.8
1224130 855.8
1224140 855.7
1224150 854.5
1224160 854.5
1224170 853.7
1224180 853.1
1224190 852.5
1224200 852.5
1224210 852.0
1224220 851.6
1224230 851.6
1224240 851.1
1224250 850.7
1224260 850.7
1224270 850.3
1224280 849.8
1224290 849.8
1224300 849.5
1224310 849.1
1224320 849.1
1224330 848.8
1224340 848.6
1224350 848.6
1224360 848.3
1224370 848.0
1224380 848.0
1224390 847.8
1224400 847.7
1224410 847.7
1224420 847.6
1224430 847.4
1224440 847.4
1224450 847.2
1224460 846.9
1224470 846.8
1224480 846.8
1224490 846.6
1224500 846.4
1224510 846.4
1224520 846.3
1224530 846.2
1224540 846.2
1224550 846.1
1224560 846.0
1224570 846.0
1224580 845.9
1224590 845.7
1224600 845.7
1224610 845.4
1224620 845.3
1224630 845.3
1224640 845.1
1224650 844.9
1224660 844.9
1224670 844.7
1224680 844.6
1224690 844.6
1224700 844.5
1224710 844.3
1224720 844.3
1224730 844.2
1224740 844.0
1224750 843.8
1224760 843.8
1224770 843.7
1224780 843.5
1224790 843.5
1224800 843.4
1224810 843.3
1224820 843.3
1224830 843.3
1224840 843.2
1224850 843.2
1224860 843.3
1224870 843.2
1224880 843.2
1224890 843.2
1224900 843.2
1224910 843.2
1224920 843.1
1224930 843.0
1224940 843.0
1224950 843.0
1224960 842.5
1224970 842.5
1224980 840.9
1224990 839.8
1225000 839.8
1225010 839.8
1225020 840.2
1225030 840.0
1225040 840.0
1225050 838.5
1225060 837.7
1225070 837.7
1225080 837.7
1225090 837.8
1225100 837.8
1225110 838.0
1225120 838.3
1225130 838.7
1225140 838.9
1225150 839.6
1225160 839.6
1225170 839.9
1225180 839.6
1225190 839.6
1225200 839.1
1225210 838.8
1225220 838.8
1225230 839.5
1225240 842.3
1225250 842.3
1225260 843.7
1225270 843.5
1225280 843.5
1225290 843.3
1225300 843.0
1225310 842.9
1225320 842.9
1225330 843.0
1225340 842.8
1225350 842.8
1225360 842.7
1225370 842.8
1225380 842.8
1225390 842.8
1225400 842.9
1225410 842.9
1225420 842.9
1225430 843.0
1225440 843.0
1225450 843.1
1225460 843.0
1225470 843.0
1225480 843.1
1225490 842.8
1225500 842.8
1225510 840.7
1225520 836.8
1225530 836.8
1225540 834.0
1225550 832.9
1225560 832.9
1225570 832.5
1225580 833.4
1225590 835.1
1225600 835.1
1225610 837.6
1225620 841.7
1225630 841.7
1225640 838.0
1225650 837.5
1225660 837.5
1225670 840.4
1225680 842.7
1225690 842.7
1225700 843.9
1225710 844.3
1225720 844.3
1225730 844.8
1225740 845.0
1225750 845.0
1225760 845.4
1225770 845.4
1225780 845.4
1225790 845.0
1225800 844.9
1225810 844.9
1225820 844.3
1225830 844.1
1225840 844.4
1225850 844.4
1225860 844.7
1225870 844.5
1225880 844.5
1225890 844.0
1225900 843.9
1225910 843.9
1225920 843.5
1225930 843.1
1225940 843.1
1225950 842.2
1225960 841.3
1225970 841.3
1225980 838.8
1225990 834.5
1226000 834.5
1226010 831.1
1226020 829.4
1226030 829.4
1226040 829.0
1226050 829.3
1226060 829.3
1226070 829.9
1226080 829.8
1226090 829.8
1226100 830.3
1226110 832.1
1226120 838.2
1226130 838.2
1226140 839.9
1226150 840.0
1226160 840.0
1226170 840.0
1226180 840.2
1226190 840.2
1226200 840.1
1226210 839.4
1226220 839.4
1226230 837.8
1226240 835.7
1226250 835.7
1226260 833.9
1226270 831.7
1226280 831.7
1226290 829.4
1226300 826.5
1226310 826.5
1226320 823.5
1226330 822.3
1226340 822.3
1226350 822.5
1226360 823.2
1226370 823.2
1226380 822.0
1226390 820.3
1226400 818.3
1226410 818.3
1226420 816.6
1226430 814.7
1226440 814.7
1226450 810.9
1226460 807.3
1226470 807.3
1226480 805.4
1226490 802.2
1226500 802.2
1226510 796.3
1226520 792.3
1226530 792.3
1226540 791.1
1226550 790.8
1226560 790.8
1226570 790.8
1226580 790.7
1226590 790.7
1226600 791.0
1226610 796.8
1226620 796.8
1226630 801.8
1226640 807.1
1226650 807.1
1226660 812.8
1226670 818.4
1226680 822.0
1226690 822.0
1226700 820.7
1226710 819.1
1226720 819.1
1226730 818.4
1226740 818.0
1226750 818.0
1226760 817.8
1226770 817.5
1226780 817.5
1226790 817.4
1226800 816.5
1226810 816.5
1226820 815.3
1226830 814.9
1226840 814.9
1226850 814.5
1226860 814.4
1226870 814.4
1226880 814.7
1226890 815.7
1226900 815.7
1226910 818.1
1226920 821.3
1226930 821.3
1226940 824.7
1226950 827.0
1226960 828.0
1226970 828.0
1226980 829.0
1226990 829.9
1227000 829.9
1227010 830.3
1227020 830.5
1227030 830.5
1227040 830.5
1227050 830.4
1227060 830.4
1227070 830.2
1227080 829.9
1227090 829.9
1227100 829.3
1227110 828.9
1227120 828.9
1227130 828.3
1227140 827.4
1227150 827.4
1227160 826.3
1227170 825.0
1227180 825.0
1227190 823.5
1227200 822.0
1227210 822.0
1227220 820.5
1227230 819.0
1227240 817.5
1227250 817.5
1227260 816.0
1227270 814.6
1227280 814.6
1227290 813.4
1227300 812.4
1227310 812.4
1227320 811.6
1227330 811.0
1227340 811.0
1227350 810.4
1227360 809.8
1227370 809.8
1227380 809.2
1227390 808.7
1227400 808.7
1227410 808.1
1227420 807.5
1227430 807.5
1227440 806.9
1227450 806.3
1227460 806.3
1227470 805.7
1227480 805.1
1227490 805.1
1227500 804.6
1227510 804.1
1227520 803.8
1227530 803.8
1227540 803.6
1227550 803.5
1227560 803.5
1227570 803.7
1227580 804.1
1227590 804.1
1227600 806.1
1227610 806.1
1227620 806.1
1227630 806.0
1227640 806.0
1227650 806.0
1227660 805.9
1227670 805.8
1227680 805.8
1227690 805.6
1227700 805.3
1227710 805.3
1227720 804.4
1227730 803.8
1227740 803.8
1227750 801.5
1227760 796.8
1227770 796.8
1227780 791.5
1227790 786.2
1227800 781.3
1227810 781.3
1227820 777.7
1227830 774.9
1227840 774.9
1227850 772.1
1227860 769.7
1227870 769.7
1227880 767.5
1227890 765.4
1227900 765.4
1227910 763.6
1227920 762.9
1227930 762.9
1227940 763.0
1227950 763.1
1227960 763.1
1227970 763.1
1227980 763.1
1227990 763.1
1228000 763.1
1228010 763.1
1228020 763.1
1228030 762.6
1228040 762.4
1228050 761.7
1228060 761.7
1228070 762.4
1228080 763.8
1228090 763.8
1228100 763.7
1228110 767.7
1228120 767.7
1228130 772.6
1228140 777.0
1228150 777.0
1228160 779.0
1228170 778.8
1228180 778.8
1228190 780.0
1228200 783.3
1228210 783.3
1228220 787.6
1228230 790.1
1228240 790.1
1228250 789.8
1228260 790.4
1228270 790.4
1228280 791.1
1228290 790.3
1228300 790.3
1228310 789.4
1228320 789.5
1228330 789.8
1228340 789.8
1228350 789.9
1228360 790.5
1228370 790.5
1228380 791.4
1228390 792.7
1228400 792.7
1228410 794.3
1228420 796.7
1228430 796.7
1228440 799.0
1228450 801.2
1228460 801.2
1228470 803.1
1228480 803.8
1228490 803.8
1228500 804.0
1228510 804.2
1228520 804.2
1228530 803.2
1228540 801.7
1228550 801.7
1228560 801.9
1228570 802.5
1228580 802.5
1228590 800.6
1228600 800.0
1228610 799.9
1228620 799.9
1228630 802.4
1228640 804.4
1228650 804.4
1228660 803.5
1228670 801.7
1228680 801.7
1228690 800.8
1228700 801.2
1228710 801.2
1228720 799.8
1228730 798.5
1228740 798.5
1228750 798.8
1228760 797.5
1228770 797.5
1228780 797.0
1228790 795.9
1228800 795.9
1228810 794.0
1228820 793.0
1228830 793.0
1228840 789.1
1228850 784.5
1228860 784.5
1228870 780.3
1228880 776.3
1228890 773.2
1228900 773.2
1228910 771.5
1228920 772.6
1228930 772.6
1228940 775.3
1228950 774.7
1228960 774.7
1228970 772.5
1228980 770.5
1228990 770.5
1229000 768.9
1229010 767.4
1229020 767.4
1229030 766.3
1229040 765.8
1229050 765.8
1229060 765.2
1229070 764.6
1229080 764.6
1229090 763.6
1229100 763.4
1229110 763.4
1229120 763.5
1229130 763.6
1229140 763.6
1229150 763.8
1229160 763.9
1229170 764.4
1229180 764.4
1229190 765.6
1229200 767.6
1229210 767.6
1229220 770.2
1229230 773.1
1229240 773.1
1229250 776.6
1229260 781.0
1229270 781.0
1229280 783.8
1229290 784.4
1229300 784.4
1229310 784.5
1229320 784.3
1229330 784.3
1229340 784.2
1229350 784.3
1229360 784.3
1229370 783.5
1229380 782.2
1229390 782.2
1229400 780.4
1229410 778.4
1229420 778.4
1229430 777.5
1229440 777.2
1229450 777.5
1229460 777.5
1229470 778.5
1229480 779.1
1229490 779.1
1229500 779.4
1229510 779.5
1229520 779.5
1229530 779.6
1229540 779.5
1229550 779.5
1229560 779.5
1229570 779.4
1229580 779.4
1229590 779.2
1229600 779.2
1229610 779.2
1229620 779.2
1229630 779.0
1229640 779.0
1229650 778.6
1229660 777.5
1229670 777.5
1229680 772.9
1229690 767.1
1229700 767.1
1229710 762.3
1229720 758.9
1229730 757.6
1229740 757.6
1229750 757.6
1229760 758.9
1229770 758.9
1229780 762.3
1229790 766.8
1229800 766.8
1229810 772.1
1229820 777.1
1229830 777.1
1229840 780.6
1229850 781.9
1229860 781.9
1229870 782.1
1229880 779.2
1229890 779.2
1229900 774.3
1229910 769.5
1229920 769.5
1229930 765.1
1229940 762.1
1229950 762.1
1229960 757.7
1229970 752.8
1229980 752.8
1229990 747.9
1230000 743.6
1230010 741.4
1230020 741.4
1230030 741.2
1230040 741.1
1230050 741.1
1230060 741.0
1230070 741.0
1230080 741.0
1230090 740.6
1230100 740.0
1230110 740.0
1230120 739.4
1230130 738.8
1230140 738.8
1230150 738.0
1230160 736.8
1230170 736.8
1230180 735.5
1230190 735.1
1230200 735.1
1230210 733.0
1230220 730.0
1230230 730.0
1230240 729.8
1230250 729.8
1230260 729.8
1230270 729.8
1230280 729.8
1230290 729.8
1230300 729.8
1230310 729.9
1230320 729.9
1230330 729.9
1230340 728.3
1230350 725.8
1230360 725.8
1230370 725.5
1230380 725.1
1230390 725.1
1230400 725.2
1230410 724.5
1230420 724.5
1230430 723.5
1230440 723.2
1230450 723.2
1230460 722.7
1230470 721.4
1230480 721.4
1230490 719.0
1230500 718.2
1230510 718.2
1230520 718.4
1230530 718.9
1230540 718.9
1230550 718.9
1230560 717.3
1230570 714.3
1230580 714.3
1230590 712.8
1230600 707.8
1230610 707.8
1230620 703.4
1230630 699.5
1230640 699.5
1230650 696.5
1230660 693.9
1230670 693.9
1230680 691.3
1230690 688.6
1230700 688.6
1230710 686.1
1230720 685.8
1230730 685.8
1230740 685.9
1230750 683.7
1230760 683.7
1230770 676.5
1230780 671.8
1230790 671.8
1230800 670.6
1230810 671.3
1230820 671.6
1230830 671.6
1230840 672.2
1230850 672.6
1230860 672.6
1230870 672.8
1230880 675.7
1230890 675.7
1230900 677.2
1230910 677.8
1230920 677.8
1230930 677.1
1230940 676.4
1230950 676.4
1230960 675.7
1230970 674.2
1230980 674.2
1230990 671.5
1231000 669.4
1231010 669.4
1231020 669.1
1231030 668.8
1231040 668.8
1231050 669.0
1231060 671.4
1231070 671.4
1231080 673.9
1231090 674.5
1231100 676.5
1231110 676.5
1231120 676.8
1231130 675.7
1231140 675.7
1231150 675.2
1231160 676.3
1231170 676.3
1231180 677.0
1231190 677.0
1231200 677.0
1231210 676.8
1231220 675.9
1231230 675.9
1231240 676.3
1231250 676.5
1231260 676.5
1231270 677.2
1231280 680.1
1231290 680.1
1231300 682.6
1231310 683.2
1231320 683.2
1231330 681.2
1231340 680.3
1231350 680.3
1231360 679.1
1231370 678.3
1231380 675.7
1231390 675.7
1231400 673.5
1231410 672.9
1231420 672.9
1231430 672.8
1231440 673.1
1231450 673.1
1231460 672.9
1231470 672.0
1231480 672.0
1231490 671.0
1231500 670.3
1231510 670.3
1231520 670.2
1231530 671.3
1231540 671.3
1231550 673.9
1231560 674.1
1231570 674.1
1231580 674.1
1231590 675.0
1231600 677.2
1231610 677.5
1231620 677.2
1231630 677.2
1231640 677.2
1231650 677.2
1231660 677.2
1231670 677.2
1231680 676.5
1231690 673.9
1231700 673.9
1231710 671.5
1231720 670.5
1231730 670.5
1231740 668.6
1231750 667.1
1231760 667.1
1231770 664.7
1231780 661.3
1231790 661.3
1231800 658.7
1231810 656.5
1231820 656.5
1231830 653.2
1231840 649.6
1231850 649.6
1231860 647.7
1231870 643.3
1231880 643.3
1231890 640.7
1231900 640.1
1231910 640.1
1231920 639.8
1231930 639.3
1231940 640.6
1231950 640.6
1231960 641.7
1231970 643.4
1231980 643.4
1231990 644.7
1232000 645.3
1232010 645.3
1232020 645.8
1232030 646.3
1232040 646.3
1232050 646.3
1232060 646.3
1232070 646.3
1232080 646.0
1232090 645.7
1232100 645.2
1232110 645.0
1232120 644.9
1232130 644.9
1232140 644.8
1232150 644.7
1232160 644.7
1232170 644.4
1232180 644.6
1232190 644.6
1232200 643.6
1232210 643.2
1232220 642.8
1232230 642.8
1232240 642.5
1232250 642.1
1232260 642.1
1232270 641.7
1232280 641.4
1232290 641.4
1232300 641.2
1232310 640.8
1232320 640.8
1232330 641.1
1232340 641.2
1232350 641.2
1232360 640.1
1232370 639.3
1232380 639.3
1232390 638.9
1232400 638.7
1232410 638.7
1232420 638.6
1232430 638.4
1232440 638.4
1232450 638.4
1232460 638.2
1232470 638.0
1232480 638.0
1232490 637.8
1232500 637.6
1232510 637.6
1232520 637.6
1232530 637.4
1232540 637.4
1232550 636.9
1232560 636.4
1232570 636.4
1232580 636.1
1232590 635.5
1232600 635.5
1232610 634.9
1232620 634.4
1232630 634.4
1232640 634.1
1232650 633.8
1232660 633.8
1232670 633.5
1232680 633.4
1232690 633.4
1232700 633.6
1232710 633.6
1232720 633.6
1232730 633.1
1232740 632.3
1232750 628.9
1232760 628.9
1232770 628.0
1232780 628.6
1232790 628.6
1232800 629.2
1232810 629.2
1232820 629.2
1232830 629.1
1232840 629.2
1232850 629.2
1232860 629.5
1232870 630.3
1232880 630.3
1232890 630.9
1232900 631.1
1232910 631.1
1232920 631.3
1232930 631.4
1232940 631.4
1232950 631.7
1232960 632.0
1232970 632.0
1232980 632.0
1232990 631.6
1233000 631.6
1233010 631.5
1233020 630.7
1233030 629.9
1233040 629.9
1233050 629.6
1233060 629.4
1233070 629.4
1233080 629.5
1233090 629.5
1233100 629.5
1233110 629.6
1233120 628.6
1233130 628.6
1233140 628.5
1233150 628.4
1233160 628.4
1233170 628.3
1233180 628.3
1233190 628.3
1233200 628.4
1233210 628.4
1233220 628.4
1233230 628.0
1233240 627.8
1233250 627.8
1233260 627.6
1233270 627.5
1233280 627.5
1233290 627.9
1233300 628.0
1233310 627.8
1233320 627.8
1233330 627.9
1233340 627.8
1233350 627.8
1233360 627.5
1233370 627.1
1233380 627.1
1233390 627.1
1233400 626.9
1233410 626.9
1233420 626.9
1233430 627.4
1233440 627.4
1233450 627.5
1233460 627.1
1233470 627.1
1233480 626.7
1233490 626.3
1233500 626.3
1233510 625.9
1233520 625.4
1233530 625.4
1233540 624.9
1233550 624.6
1233560 624.6
1233570 624.2
1233580 624.0
1233590 623.9
1233600 623.9
1233610 623.7
1233620 622.6
1233630 622.6
1233640 622.1
1233650 621.8
1233660 621.8
1233670 621.5
1233680 621.3
1233690 621.3
1233700 621.1
1233710 620.9
1233720 620.9
1233730 620.8
1233740 620.4
1233750 620.4
1233760 620.2
1233770 620.0
1233780 620.0
1233790 619.8
1233800 619.7
1233810 619.7
1233820 619.5
1233830 619.5
1233840 619.5
1233850 619.5
1233860 619.4
1233870 619.3
1233880 619.3
1233890 619.3
1233900 619.3
1233910 619.3
1233920 619.2
1233930 619.1
1233940 619.1
1233950 619.1
1233960 618.9
1233970 618.9
1233980 618.8
1233990 618.8
1234000 618.8
1234010 618.8
1234020 618.7
1234030 618.7
1234040 618.7
1234050 618.7
1234060 618.7
1234070 618.9
1234080 619.0
1234090 619.0
1234100 619.3
1234110 619.7
1234120 619.7
1234130 619.3
1234140 619.0
1234150 618.8
1234160 618.8
1234170 618.8
1234180 618.8
1234190 618.8
1234200 618.8
1234210 618.8
1234220 618.8
1234230 618.8
1234240 618.7
1234250 618.7
1234260 618.7
1234270 618.6
1234280 618.6
1234290 618.6
1234300 618.6
1234310 618.6
1234320 618.5
1234330 618.4
1234340 618.4
1234350 618.3
1234360 618.2
1234370 618.2
1234380 618.4
1234390 618.3
1234400 618.2
1234410 618.2
1234420 618.0
1234430 617.7
1234440 617.7
1234450 617.8
1234460 617.7
1234470 617.7
1234480 617.7
1234490 617.6
1234500 617.6
1234510 617.7
1234520 617.9
1234530 617.9
1234540 618.0
1234550 618.0
1234560 618.0
1234570 618.0
1234580 617.9
1234590 617.9
1234600 617.9
1234610 617.9
1234620 617.9
1234630 618.4
1234640 617.8
1234650 617.8
1234660 617.6
1234670 617.6
1234680 617.6
1234690 617.6
1234700 617.3
1234710 617.2
1234720 617.2
1234730 617.4
1234740 617.7
1234750 617.7
1234760 618.0
1234770 618.0
1234780 618.0
1234790 617.9
1234800 617.8
1234810 617.8
1234820 617.4
1234830 617.4
1234840 617.4
1234850 617.4
1234860 617.6
1234870 617.6
1234880 617.6
1234890 617.6
1234900 617.6
1234910 617.6
1234920 617.6
1234930 617.6
1234940 617.6
1234950 617.5
1234960 617.5
1234970 617.5
1234980 617.4
1234990 617.2
1235000 617.2
1235010 617.1
1235020 617.2
1235030 617.2
1235040 617.2
1235050 617.2
1235060 617.2
1235070 617.2
1235080 617.2
1235090 617.2
1235100 617.2
1235110 617.2
1235120 617.2
1235130 617.2
1235140 617.3
1235150 617.4
1235160 617.4
1235170 617.4
1235180 617.4
1235190 617.5
1235200 617.5
1235210 617.5
1235220 617.5
1235230 617.5
1235240 617.6
1235250 617.6
1235260 617.8
1235270 617.8
1235280 617.8
1235290 617.3
1235300 616.9
1235310 616.9
1235320 617.8
1235330 618.6
1235340 618.6
1235350 618.9
1235360 619.1
1235370 619.1
1235380 619.1
1235390 619.1
1235400 619.1
1235410 619.0
1235420 618.7
1235430 618.7
1235440 618.3
1235450 617.9
1235460 617.9
1235470 617.7
1235480 617.4
1235490 617.4
1235500 617.3
1235510 617.2
1235520 617.1
1235530 617.1
1235540 617.1
1235550 617.1
1235560 617.1
1235570 617.0
1235580 617.0
1235590 617.0
1235600 617.0
1235610 617.1
1235620 617.1
1235630 617.1
1235640 617.2
1235650 617.2
1235660 617.3
1235670 617.2
1235680 617.2
1235690 617.3
1235700 617.3
1235710 617.3
1235720 617.3
1235730 617.3
1235740 617.3
1235750 617.3
1235760 617.3
1235770 617.3
1235780 617.2
1235790 617.0
1235800 616.8
1235810 616.8
1235820 616.6
1235830 616.3
1235840 616.3
1235850 615.5
1235860 614.4
1235870 614.4
1235880 613.8
1235890 613.5
1235900 613.5
1235910 613.3
1235920 613.3
1235930 613.3
1235940 613.3
1235950 613.3
1235960 613.3
1235970 613.3
1235980 613.3
1235990 613.3
1236000 613.3
1236010 613.3
1236020 613.3
1236030 613.2
1236040 613.2
1236050 613.2
1236060 613.2
1236070 613.2
1236080 613.2
1236090 613.2
1236100 613.3
1236110 613.7
1236120 613.7
1236130 613.7
1236140 613.6
1236150 613.6
1236160 614.5
1236170 615.0
1236180 616.6
1236190 616.6
1236200 616.4
1236210 616.4
1236220 616.2
1236230 616.1
1236240 616.1
1236250 616.1
1236260 616.0
1236270 616.0
1236280 616.1
1236290 616.1
1236300 616.1
1236310 616.0
1236320 616.0
1236330 615.9
1236340 615.9
1236350 615.8
1236360 615.8
1236370 615.8
1236380 615.8
1236390 615.7
1236400 615.7
1236410 615.7
1236420 615.6
1236430 615.6
1236440 615.6
1236450 615.5
1236460 615.5
1236470 615.5
1236480 615.6
1236490 615.6
1236500 615.6
1236510 615.7
1236520 615.7
1236530 615.7
1236540 615.7
1236550 615.7
1236560 615.6
1236570 615.4
1236580 615.4
1236590 615.3
1236600 615.3
1236610 615.1
1236620 615.1
1236630 615.1
1236640 615.1
1236650 615.1
1236660 615.1
1236670 615.0
1236680 615.0
1236690 615.0
1236700 615.0
1236710 615.0
1236720 614.9
1236730 614.8
1236740 614.8
1236750 614.7
1236760 614.6
1236770 614.6
1236780 614.5
1236790 614.5
1236800 614.5
1236810 614.6
1236820 614.5
1236830 614.5
1236840 614.4
1236850 614.3
1236860 614.3
1236870 614.4
1236880 614.5
1236890 614.6
1236900 614.6
1236910 614.7
1236920 614.7
1236930 614.7
1236940 614.6
1236950 614.6
1236960 614.6
1236970 614.6
1236980 614.6
1236990 614.6
1237000 614.6
1237010 614.6
1237020 614.6
1237030 614.6
1237040 614.6
1237050 614.6
1237060 614.7
1237070 614.8
1237080 614.8
1237090 614.8
1237100 614.8
1237110 614.8
1237120 614.7
1237130 614.6
1237140 614.6
1237150 614.5
1237160 614.4
1237170 614.3
1237180 614.3
1237190 614.3
1237200 614.3
1237210 614.3
1237220 614.2
1237230 614.1
1237240 614.1
1237250 614.1
1237260 614.2
1237270 614.2
1237280 614.3
1237290 614.4
1237300 614.4
1237310 614.4
1237320 614.4
1237330 614.4
1237340 614.3
1237350 614.3
1237360 614.3
1237370 614.3
1237380 614.3
1237390 614.3
1237400 614.3
1237410 614.4
1237420 614.4
1237430 614.6
1237440 614.7
1237450 614.6
1237460 614.6
1237470 614.7
1237480 614.7
1237490 614.7
1237500 614.8
1237510 613.9
1237520 613.9
1237530 612.1
1237540 611.6
1237550 611.6
1237560 611.5
1237570 611.5
1237580 611.5
1237590 611.5
1237600 611.5
1237610 611.5
1237620 611.5
1237630 611.5
1237640 611.5
1237650 611.5
1237660 611.5
1237670 611.5
1237680 611.5
1237690 612.1
1237700 612.1
1237710 614.3
1237720 614.0
1237730 615.2
1237740 615.2
1237750 615.5
1237760 616.1
1237770 616.1
1237780 616.3
1237790 616.2
1237800 616.2
1237810 616.5
1237820 617.6
1237830 617.6
1237840 620.1
1237850 621.2
1237860 621.2
1237870 624.6
1237880 630.5
1237890 630.5
1237900 635.2
1237910 640.2
1237920 640.2
1237930 645.1
1237940 648.7
1237950 648.7
1237960 654.3
1237970 660.6
1237980 667.3
1237990 667.3
1238000 674.1
1238010 679.8
1238020 679.8
1238030 683.7
1238040 689.4
1238050 689.4
1238060 694.8
1238070 699.3
1238080 699.3
1238090 705.1
1238100 709.5
1238110 709.5
1238120 713.7
1238130 717.4
1238140 717.4
1238150 720.3
1238160 723.1
1238170 723.1
1238180 725.8
1238190 731.0
1238200 731.0
1238210 734.9
1238220 737.9
1238230 737.9
1238240 737.4
1238250 741.5
1238260 745.5
1238270 745.5
1238280 748.3
1238290 748.4
1238300 748.4
1238310 746.4
1238320 749.3
1238330 749.3
1238340 761.4
1238350 768.9
1238360 768.9
1238370 772.1
1238380 775.0
1238390 775.0
1238400 778.3
1238410 781.5
1238420 781.5
1238430 784.1
1238440 786.8
1238450 786.8
1238460 789.5
1238470 792.3
1238480 792.3
1238490 795.3
1238500 798.6
1238510 798.6
1238520 802.3
1238530 806.4
1238540 810.8
1238550 810.8
1238560 814.5
1238570 818.4
1238580 818.4
1238590 821.5
1238600 824.0
1238610 824.0
1238620 826.4
1238630 828.6
1238640 828.6
1238650 830.7
1238660 832.0
1238670 832.0
1238680 831.7
1238690 830.1
1238700 830.1
1238710 828.8
1238720 828.2
1238730 828.2
1238740 827.4
1238750 823.7
1238760 823.7
1238770 823.3
1238780 823.4
1238790 823.4
1238800 824.4
1238810 825.1
1238820 825.6
1238830 825.6
1238840 826.8
1238850 829.2
1238860 829.2
1238870 832.7
1238880 836.7
1238890 836.7
1238900 840.9
1238910 845.4
1238920 845.4
1238930 850.5
1238940 855.4
1238950 855.4
1238960 859.2
1238970 862.1
1238980 862.1
1238990 864.2
1239000 865.8
1239010 865.8
1239020 868.2
1239030 871.1
1239040 871.1
1239050 872.8
1239060 874.9
1239070 874.9
1239080 877.8
1239090 880.5
1239100 883.3
1239110 883.3
1239120 886.2
1239130 889.0
1239140 889.0
1239150 891.8
1239160 895.3
1239170 895.3
1239180 899.1
1239190 901.6
1239200 901.6
1239210 904.7
1239220 908.5
1239230 908.5
1239240 913.7
1239250 919.3
1239260 919.3
1239270 920.8
1239280 926.8
1239290 926.8
1239300 932.9
1239310 938.0
1239320 938.0
1239330 942.2
1239340 945.8
1239350 945.8
1239360 948.8
1239370 951.6
1239380 954.7
1239390 954.7
1239400 958.0
1239410 961.8
1239420 961.8
1239430 966.2
1239440 970.7
1239450 970.7
1239460 975.1
1239470 980.0
1239480 980.0
1239490 983.7
1239500 988.2
1239510 988.2
1239520 993.4
1239530 1000.2
1239540 1000.2
1239550 1004.6
1239560 1008.9
1239570 1008.9
1239580 1012.1
1239590 1014.0
1239600 1014.0
1239610 1016.4
1239620 1018.2
1239630 1020.2
1239640 1020.2
1239650 1023.1
1239660 1025.6
1239670 1025.6
1239680 1026.8
1239690 1026.9
1239700 1026.9
1239710 1026.3
1239720 1026.4
1239730 1026.4
1239740 1026.4
1239750 1027.6
1239760 1027.6
1239770 1028.3
1239780 1030.3
1239790 1026.9
1239800 1029.2
1239810 1032.1
1239820 1032.1
1239830 1035.1
1239840 1037.5
1239850 1037.5
1239860 1039.7
1239870 1042.4
1239880 1042.4
1239890 1044.1
1239900 1044.9
1239910 1045.6
1239920 1045.6
1239930 1046.3
1239940 1047.7
1239950 1047.7
1239960 1049.8
1239970 1052.7
1239980 1052.7
1239990 1054.9
