1220000 905.5
1220010 906.8
1220020 906.7
1220030 906.7
1220040 906.5
1220050 906.0
1220060 906.0
1220070 905.3
1220080 904.7
1220090 904.3
1220100 904.3
1220110 903.9
1220120 903.6
1220130 903.6
1220140 903.4
1220150 903.0
1220160 903.0
1220170 902.8
1220180 902.4
1220190 902.4
1220200 902.0
1220210 901.8
1220220 901.8
1220230 901.7
1220240 901.2
1220250 901.2
1220260 900.9
1220270 900.8
1220280 900.8
1220290 900.8
1220300 900.7
1220310 900.7
1220320 900.0
1220330 899.0
1220340 899.0
1220350 898.5
1220360 898.2
1220370 898.1
1220380 898.1
1220390 898.1
1220400 898.0
1220410 898.0
1220420 897.9
1220430 897.3
1220440 897.3
1220450 895.9
1220460 897.0
1220470 897.0
1220480 897.1
1220490 897.1
1220500 897.4
1220510 897.4
1220520 898.2
1220530 898.2
1220540 899.1
1220550 899.4
1220560 899.4
1220570 899.1
1220580 898.9
1220590 898.9
1220600 899.2
1220610 899.6
1220620 899.6
1220630 899.3
1220640 899.4
1220650 899.9
1220660 899.9
1220670 899.8
1220680 899.8
1220690 899.8
1220700 899.9
1220710 899.9
1220720 899.9
1220730 900.1
1220740 900.4
1220750 900.4
1220760 900.9
1220770 901.3
1220780 901.3
1220790 902.0
1220800 902.8
1220810 902.8
1220820 903.4
1220830 904.0
1220840 904.0
1220850 904.8
1220860 905.3
1220870 905.3
1220880 905.9
1220890 906.3
1220900 906.3
1220910 906.5
1220920 906.5
1220930 906.4
1220940 906.4
1220950 906.2
1220960 905.9
1220970 905.9
1220980 905.8
1220990 906.1
1221000 906.1
1221010 905.2
1221020 904.4
1221030 904.4
1221040 904.3
1221050 904.3
1221060 904.3
1221070 904.5
1221080 904.8
1221090 904.8
1221100 905.1
1221110 905.6
1221120 905.6
1221130 904.8
1221140 903.5
1221150 903.5
1221160 903.6
1221170 904.0
1221180 904.1
1221190 904.1
1221200 904.0
1221210 903.9
1221220 903.9
1221230 903.8
1221240 904.0
1221250 904.0
1221260 904.0
1221270 904.4
1221280 904.4
1221290 904.9
1221300 904.9
1221310 904.9
1221320 904.7
1221330 904.4
1221340 904.4
1221350 904.3
1221360 904.1
1221370 904.1
1221380 904.0
1221390 904.1
1221400 904.1
1221410 904.5
1221420 904.3
1221430 904.3
1221440 903.3
1221450 903.1
1221460 902.3
1221470 902.3
1221480 902.2
1221490 902.0
1221500 902.0
1221510 901.9
1221520 901.8
1221530 901.8
1221540 901.9
1221550 901.9
1221560 901.9
1221570 901.8
1221580 902.0
1221590 902.0
1221600 902.2
1221610 902.1
1221620 902.1
1221630 902.2
1221640 902.6
1221650 902.6
1221660 902.9
1221670 902.3
1221680 902.3
1221690 901.6
1221700 900.8
1221710 900.8
1221720 900.1
1221730 900.2
1221740 900.0
1221750 900.0
1221760 898.6
1221770 898.1
1221780 898.1
1221790 897.0
1221800 895.9
1221810 895.9
1221820 897.9
1221830 897.8
1221840 897.8
1221850 897.1
1221860 897.0
1221870 897.0
1221880 896.8
1221890 896.8
1221900 896.8
1221910 896.8
1221920 896.7
1221930 896.7
1221940 896.5
1221950 895.9
1221960 895.9
1221970 895.6
1221980 895.7
1221990 895.7
1222000 895.5
1222010 895.2
1222020 894.9
1222030 894.9
1222040 895.2
1222050 895.5
1222060 895.5
1222070 895.9
1222080 896.6
1222090 896.6
1222100 897.6
1222110 897.4
1222120 897.4
1222130 896.9
1222140 896.7
1222150 896.7
1222160 896.6
1222170 896.6
1222180 896.6
1222190 896.3
1222200 895.6
1222210 895.6
1222220 895.7
1222230 896.8
1222240 896.8
1222250 897.0
1222260 895.7
1222270 895.7
1222280 895.8
1222290 895.9
1222300 895.5
1222310 895.5
1222320 895.7
1222330 895.9
1222340 895.9
1222350 896.0
1222360 895.5
1222370 895.5
1222380 896.2
1222390 896.4
1222400 896.4
1222410 896.9
1222420 896.6
1222430 896.1
1222440 896.4
1222450 896.7
1222460 896.7
1222470 896.7
1222480 896.6
1222490 896.6
1222500 896.1
1222510 892.3
1222520 892.3
1222530 888.8
1222540 884.3
1222550 884.3
1222560 883.0
1222570 882.7
1222580 882.7
1222590 882.7
1222600 883.0
1222610 885.7
1222620 885.7
1222630 888.5
1222640 889.5
1222650 889.5
1222660 890.6
1222670 891.3
1222680 891.3
1222690 894.2
1222700 894.2
1222710 894.2
1222720 894.0
1222730 893.5
1222740 893.5
1222750 893.2
1222760 892.8
1222770 892.8
1222780 892.4
1222790 892.1
1222800 892.1
1222810 891.9
1222820 891.7
1222830 891.7
1222840 891.6
1222850 891.8
1222860 891.8
1222870 891.8
1222880 891.7
1222890 891.7
1222900 891.7
1222910 891.7
1222920 891.0
1222930 891.0
1222940 890.9
1222950 890.7
1222960 890.7
1222970 890.9
1222980 890.8
1222990 890.8
1223000 890.7
1223010 890.5
1223020 890.5
1223030 890.3
1223040 890.2
1223050 890.2
1223060 890.0
1223070 889.8
1223080 889.8
1223090 889.5
1223100 889.4
1223110 889.4
1223120 889.1
1223130 888.8
1223140 888.4
1223150 888.4
1223160 888.1
1223170 887.9
1223180 887.9
1223190 887.7
1223200 887.4
1223210 887.4
1223220 887.1
1223230 886.9
1223240 886.9
1223250 886.8
1223260 886.5
1223270 886.5
1223280 886.2
1223290 885.7
1223300 885.7
1223310 885.1
1223320 884.8
1223330 884.8
1223340 884.5
1223350 884.2
1223360 884.2
1223370 884.1
1223380 884.1
1223390 884.1
1223400 884.5
1223410 882.7
1223420 881.8
1223430 881.8
1223440 881.7
1223450 881.8
1223460 881.8
1223470 881.7
1223480 881.4
1223490 881.4
1223500 881.3
1223510 880.8
1223520 880.8
1223530 880.3
1223540 879.8
1223550 879.8
1223560 879.4
1223570 878.9
1223580 878.9
1223590 878.3
1223600 877.9
1223610 877.9
1223620 877.5
1223630 877.2
1223640 877.2
1223650 876.8
1223660 876.4
1223670 876.2
1223680 876.2
1223690 876.1
1223700 876.1
1223710 876.1
1223720 875.9
1223730 875.6
1223740 875.6
1223750 875.4
1223760 875.0
1223770 875.0
1223780 874.7
1223790 874.3
1223800 874.3
1223810 873.7
1223820 873.0
1223830 873.0
1223840 872.1
1223850 871.1
1223860 871.1
1223870 870.6
1223880 870.8
1223890 870.3
1223900 870.3
1223910 869.7
1223920 869.7
1223930 868.3
1223940 868.0
1223950 868.1
1223960 868.1
1223970 867.8
1223980 866.7
1223990 866.7
1224000 866.2
1224010 866.1
1224020 866.1
1224030 866.4
1224040 866.7
1224050 866.7
1224060 866.9
1224070 867.2
1224080 867.2
1224090 867.5
1224100 867.3
1224110 867.3
1224120 866.3
1224130 864.5
1224140 864.5
1224150 863.0
1224160 862.0
1224170 862.0
1224180 861.3
1224190 859.8
1224200 859.8
1224210 859.0
1224220 858.5
1224230 857.7
1224240 857.7
1224250 856.9
1224260 856.2
1224270 856.2
1224280 855.5
1224290 854.7
1224300 854.7
1224310 854.0
1224320 853.6
1224330 853.6
1224340 853.2
1224350 852.5
1224360 852.5
1224370 851.8
1224380 850.6
1224390 850.6
1224400 850.1
1224410 849.7
1224420 849.7
1224430 849.2
1224440 848.8
1224450 848.8
1224460 848.4
1224470 848.2
1224480 848.2
1224490 848.0
1224500 847.8
1224510 847.7
1224520 847.7
1224530 847.6
1224540 847.4
1224550 847.4
1224560 847.4
1224570 847.3
1224580 847.3
1224590 847.2
1224600 847.2
1224610 847.2
1224620 847.2
1224630 847.1
1224640 847.1
1224650 847.0
1224660 846.9
1224670 846.9
1224680 846.7
1224690 846.5
1224700 846.5
1224710 846.1
1224720 846.0
1224730 846.0
1224740 845.8
1224750 845.4
1224760 845.4
1224770 845.2
1224780 845.1
1224790 844.9
1224800 844.9
1224810 844.6
1224820 844.5
1224830 844.5
1224840 844.2
1224850 844.1
1224860 844.1
1224870 843.9
1224880 843.7
1224890 843.7
1224900 843.5
1224910 843.3
1224920 843.3
1224930 843.2
1224940 843.0
1224950 843.0
1224960 842.6
1224970 842.2
1224980 842.2
1224990 841.7
1225000 841.2
1225010 841.2
1225020 840.9
1225030 840.8
1225040 840.8
1225050 840.7
1225060 840.6
1225070 840.6
1225080 840.6
1225090 840.6
1225100 840.5
1225110 840.5
1225120 840.4
1225130 840.3
1225140 840.3
1225150 838.9
1225160 836.6
1225170 836.6
1225180 835.1
1225190 834.5
1225200 834.5
1225210 834.2
1225220 834.0
1225230 834.0
1225240 833.8
1225250 833.5
1225260 833.5
1225270 833.4
1225280 833.6
1225290 833.6
1225300 834.7
1225310 836.8
1225320 836.8
1225330 838.4
1225340 839.5
1225350 840.0
1225360 840.0
1225370 841.1
1225380 840.8
1225390 840.8
1225400 840.4
1225410 840.0
1225420 840.0
1225430 839.5
1225440 839.1
1225450 839.1
1225460 838.6
1225470 837.8
1225480 837.8
1225490 837.0
1225500 836.4
1225510 836.4
1225520 835.6
1225530 834.9
1225540 834.9
1225550 834.3
1225560 833.8
1225570 833.8
1225580 833.8
1225590 834.0
1225600 834.0
1225610 834.2
1225620 834.2
1225630 833.8
1225640 833.8
1225650 833.0
1225660 832.2
1225670 832.2
1225680 831.3
1225690 830.3
1225700 830.3
1225710 829.5
1225720 828.8
1225730 828.8
1225740 828.2
1225750 827.7
1225760 827.7
1225770 827.3
1225780 827.0
1225790 827.0
1225800 826.6
1225810 826.2
1225820 826.2
1225830 825.8
1225840 825.5
1225850 825.5
1225860 826.2
1225870 825.9
1225880 825.9
1225890 825.7
1225900 825.4
1225910 825.3
1225920 825.3
1225930 825.5
1225940 826.0
1225950 826.0
1225960 826.6
1225970 828.2
1225980 828.2
1225990 828.9
1226000 828.0
1226010 828.0
1226020 826.6
1226030 825.3
1226040 825.3
1226050 824.7
1226060 824.7
1226070 824.7
1226080 825.5
1226090 826.7
1226100 826.7
1226110 826.5
1226120 825.1
1226130 825.1
1226140 823.4
1226150 821.7
1226160 821.0
1226170 821.0
1226180 820.6
1226190 820.6
1226200 820.6
1226210 820.9
1226220 820.8
1226230 820.8
1226240 820.4
1226250 819.6
1226260 819.6
1226270 818.6
1226280 817.9
1226290 817.9
1226300 817.7
1226310 817.5
1226320 817.5
1226330 817.1
1226340 816.8
1226350 818.2
1226360 817.5
1226370 816.3
1226380 816.3
1226390 815.8
1226400 815.1
1226410 815.1
1226420 814.6
1226430 814.5
1226440 814.5
1226450 814.5
1226460 814.4
1226470 814.2
1226480 814.2
1226490 812.7
1226500 807.7
1226510 807.7
1226520 802.0
1226530 797.3
1226540 797.3
1226550 794.2
1226560 791.8
1226570 791.8
1226580 789.8
1226590 789.2
1226600 789.2
1226610 789.0
1226620 788.7
1226630 788.7
1226640 788.4
1226650 788.2
1226660 788.2
1226670 788.1
1226680 790.6
1226690 790.6
1226700 795.4
1226710 800.8
1226720 806.0
1226730 806.0
1226740 809.4
1226750 808.7
1226760 808.7
1226770 807.0
1226780 806.1
1226790 806.1
1226800 805.8
1226810 805.8
1226820 805.8
1226830 805.0
1226840 806.4
1226850 806.4
1226860 806.2
1226870 806.3
1226880 806.3
1226890 805.6
1226900 805.5
1226910 805.5
1226920 805.3
1226930 804.7
1226940 804.7
1226950 804.5
1226960 804.6
1226970 804.6
1226980 804.7
1226990 804.9
1227000 804.9
1227010 804.9
1227020 804.7
1227030 805.3
1227040 805.3
1227050 806.2
1227060 807.4
1227070 807.4
1227080 808.4
1227090 809.4
1227100 809.4
1227110 810.5
1227120 811.3
1227130 811.3
1227140 811.8
1227150 812.0
1227160 812.0
1227170 813.2
1227180 813.4
1227190 813.4
1227200 813.1
1227210 813.2
1227220 813.2
1227230 813.6
1227240 813.9
1227250 813.9
1227260 813.6
1227270 812.9
1227280 812.4
1227290 812.4
1227300 811.3
1227310 810.2
1227320 810.2
1227330 809.6
1227340 808.8
1227350 808.8
1227360 807.7
1227370 806.6
1227380 806.6
1227390 806.0
1227400 805.6
1227410 805.6
1227420 804.9
1227430 804.5
1227440 804.5
1227450 804.2
1227460 804.0
1227470 804.0
1227480 803.4
1227490 802.5
1227500 802.5
1227510 801.9
1227520 801.4
1227530 801.4
1227540 801.3
1227550 802.5
1227560 802.4
1227570 802.4
1227580 802.2
1227590 802.1
1227600 802.1
1227610 802.1
1227620 801.5
1227630 801.5
1227640 799.9
1227650 798.1
1227660 798.1
1227670 796.2
1227680 793.9
1227690 793.9
1227700 790.3
1227710 787.4
1227720 787.4
1227730 784.6
1227740 781.4
1227750 781.4
1227760 776.1
1227770 769.9
1227780 769.9
1227790 765.8
1227800 765.4
1227810 765.4
1227820 765.5
1227830 765.6
1227840 765.1
1227850 765.1
1227860 765.2
1227870 765.3
1227880 765.3
1227890 765.4
1227900 765.6
1227910 765.6
1227920 765.8
1227930 765.9
1227940 765.9
1227950 766.0
1227960 768.1
1227970 768.1
1227980 771.1
1227990 775.7
1228000 775.7
1228010 781.2
1228020 785.7
1228030 785.7
1228040 790.0
1228050 791.6
1228060 791.6
1228070 791.1
1228080 794.8
1228090 794.8
1228100 798.8
1228110 799.1
1228120 798.0
1228130 798.0
1228140 797.1
1228150 796.6
1228160 796.6
1228170 796.3
1228180 795.3
1228190 795.3
1228200 793.7
1228210 792.5
1228220 792.5
1228230 791.8
1228240 791.2
1228250 791.2
1228260 791.0
1228270 791.3
1228280 791.3
1228290 791.0
1228300 790.6
1228310 790.6
1228320 790.7
1228330 791.5
1228340 791.5
1228350 792.6
1228360 793.6
1228370 794.4
1228380 794.4
1228390 794.8
1228400 795.6
1228410 795.6
1228420 797.8
1228430 800.1
1228440 800.1
1228450 801.7
1228460 801.8
1228470 801.8
1228480 802.5
1228490 803.0
1228500 803.0
1228510 803.2
1228520 803.3
1228530 803.3
1228540 803.7
1228550 804.1
1228560 804.1
1228570 804.5
1228580 805.3
1228590 805.3
1228600 805.9
1228610 806.0
1228620 806.0
1228630 806.0
1228640 806.1
1228650 805.8
1228660 805.8
1228670 804.8
1228680 802.0
1228690 802.0
1228700 799.2
1228710 796.1
1228720 796.1
1228730 793.8
1228740 791.0
1228750 791.0
1228760 788.0
1228770 784.4
1228780 784.4
1228790 783.0
1228800 784.0
1228810 784.0
1228820 785.4
1228830 781.9
1228840 781.9
1228850 782.3
1228860 784.3
1228870 784.3
1228880 788.1
1228890 792.6
1228900 792.6
1228910 797.1
1228920 799.0
1228930 799.6
1228940 799.6
1228950 800.0
1228960 800.4
1228970 800.4
1228980 800.7
1228990 800.4
1229000 800.4
1229010 798.3
1229020 795.1
1229030 795.1
1229040 792.0
1229050 789.7
1229060 789.7
1229070 788.5
1229080 787.8
1229090 787.8
1229100 787.5
1229110 787.3
1229120 787.3
1229130 787.2
1229140 787.3
1229150 787.3
1229160 787.4
1229170 787.3
1229180 787.3
1229190 786.7
1229200 785.6
1229210 784.1
1229220 784.1
1229230 782.7
1229240 782.3
1229250 782.3
1229260 782.9
1229270 784.3
1229280 784.3
1229290 786.6
1229300 787.1
1229310 787.1
1229320 786.5
1229330 786.2
1229340 786.2
1229350 785.9
1229360 785.6
1229370 785.6
1229380 784.1
1229390 782.2
1229400 782.2
1229410 781.3
1229420 781.6
1229430 781.6
1229440 781.0
1229450 779.0
1229460 779.0
1229470 778.0
1229480 777.7
1229490 777.4
1229500 777.4
1229510 777.0
1229520 776.5
1229530 776.5
1229540 776.2
1229550 776.4
1229560 776.4
1229570 776.6
1229580 776.5
1229590 776.5
1229600 776.3
1229610 775.9
1229620 775.9
1229630 775.6
1229640 775.4
1229650 775.4
1229660 774.7
1229670 773.5
1229680 773.5
1229690 772.9
1229700 772.2
1229710 772.2
1229720 769.7
1229730 767.5
1229740 767.5
1229750 765.0
1229760 760.3
1229770 758.0
1229780 758.0
1229790 757.6
1229800 757.8
1229810 757.8
1229820 759.1
1229830 763.9
1229840 763.9
1229850 769.2
1229860 772.7
1229870 772.7
1229880 776.4
1229890 778.3
1229900 778.3
1229910 780.5
1229920 782.6
1229930 782.6
1229940 781.2
1229950 775.9
1229960 775.9
1229970 770.6
1229980 766.0
1229990 766.0
1230000 762.0
1230010 756.9
1230020 756.9
1230030 752.6
1230040 750.1
1230050 748.6
1230060 748.6
1230070 748.2
1230080 748.8
1230090 748.8
1230100 749.5
1230110 750.4
1230120 750.4
1230130 751.4
1230140 752.9
1230150 752.9
1230160 754.3
1230170 754.6
1230180 754.6
1230190 753.6
1230200 752.2
1230210 752.2
1230220 750.3
1230230 747.7
1230240 747.7
1230250 744.2
1230260 740.4
1230270 740.4
1230280 736.4
1230290 732.2
1230300 732.2
1230310 728.9
1230320 727.5
1230330 727.3
1230340 727.3
1230350 726.4
1230360 725.6
1230370 725.6
1230380 725.3
1230390 724.4
1230400 724.4
1230410 721.9
1230420 718.1
1230430 718.1
1230440 713.8
1230450 709.3
1230460 709.3
1230470 704.9
1230480 701.1
1230490 701.1
1230500 697.3
1230510 693.5
1230520 693.5
1230530 689.7
1230540 685.7
1230550 685.7
1230560 681.7
1230570 678.0
1230580 678.0
1230590 674.5
1230600 671.1
1230610 668.6
1230620 668.6
1230630 667.4
1230640 666.9
1230650 666.9
1230660 666.6
1230670 666.6
1230680 666.6
1230690 666.6
1230700 666.7
1230710 666.7
1230720 666.8
1230730 666.9
1230740 666.9
1230750 667.0
1230760 666.9
1230770 666.9
1230780 666.9
1230790 666.8
1230800 666.8
1230810 666.7
1230820 666.8
1230830 666.9
1230840 667.0
1230850 667.2
1230860 667.3
1230870 667.3
1230880 667.0
1230890 666.6
1230900 666.6
1230910 666.1
1230920 665.6
1230930 665.6
1230940 665.0
1230950 664.6
1230960 664.6
1230970 664.4
1230980 664.3
1230990 664.3
1231000 664.5
1231010 664.0
1231020 664.0
1231030 663.3
1231040 663.0
1231050 663.0
1231060 662.6
1231070 662.2
1231080 662.2
1231090 662.0
1231100 661.6
1231110 661.6
1231120 661.3
1231130 660.9
1231140 660.6
1231150 660.6
1231160 660.2
1231170 659.9
1231180 659.9
1231190 659.6
1231200 659.4
1231210 659.4
1231220 659.1
1231230 659.0
1231240 659.0
1231250 658.9
1231260 658.7
1231270 658.7
1231280 658.3
1231290 658.1
1231300 658.1
1231310 657.9
1231320 657.9
1231330 658.7
1231340 658.2
1231350 658.3
1231360 658.3
1231370 658.2
1231380 658.0
1231390 658.0
1231400 657.6
1231410 657.0
1231420 656.2
1231430 656.2
1231440 655.6
1231450 655.1
1231460 655.1
1231470 654.9
1231480 654.4
1231490 654.4
1231500 653.3
1231510 652.2
1231520 652.2
1231530 650.5
1231540 649.4
1231550 649.4
1231560 649.2
1231570 649.4
1231580 649.4
1231590 650.0
1231600 651.2
1231610 651.2
1231620 651.2
1231630 651.0
1231640 651.0
1231650 650.8
1231660 650.6
1231670 650.6
1231680 648.6
1231690 647.0
1231700 646.4
1231710 646.4
1231720 645.8
1231730 645.4
1231740 645.4
1231750 645.2
1231760 645.4
1231770 645.4
1231780 645.2
1231790 644.1
1231800 644.1
1231810 643.6
1231820 644.3
1231830 644.3
1231840 643.5
1231850 644.5
1231860 644.5
1231870 644.8
1231880 646.4
1231890 646.4
1231900 648.7
1231910 649.7
1231920 649.7
1231930 649.9
1231940 649.7
1231950 649.7
1231960 649.5
1231970 649.0
1231980 648.5
1231990 648.5
1232000 647.8
1232010 647.4
1232020 647.4
1232030 647.2
1232040 646.9
1232050 646.9
1232060 646.9
1232070 647.0
1232080 647.0
1232090 647.1
1232100 647.3
1232110 647.3
1232120 647.1
1232130 647.0
1232140 647.0
1232150 647.0
1232160 646.9
1232170 646.9
1232180 646.6
1232190 646.3
1232200 646.3
1232210 646.4
1232220 646.4
1232230 646.4
1232240 645.7
1232250 645.1
1232260 644.6
1232270 644.6
1232280 644.3
1232290 643.5
1232300 643.5
1232310 643.0
1232320 642.6
1232330 642.6
1232340 642.4
1232350 642.0
1232360 642.0
1232370 641.6
1232380 642.0
1232390 642.0
1232400 641.0
1232410 638.2
1232420 638.2
1232430 637.2
1232440 637.1
1232450 637.1
1232460 637.7
1232470 639.2
1232480 639.2
1232490 639.1
1232500 638.6
1232510 638.6
1232520 638.0
1232530 637.6
1232540 637.3
1232550 637.3
1232560 637.0
1232570 636.7
1232580 636.7
1232590 636.4
1232600 636.1
1232610 636.1
1232620 635.9
1232630 635.7
1232640 635.7
1232650 635.5
1232660 635.3
1232670 635.3
1232680 635.1
1232690 635.0
1232700 635.0
1232710 634.8
1232720 634.6
1232730 634.6
1232740 634.6
1232750 634.4
1232760 634.4
1232770 634.2
1232780 633.8
1232790 633.8
1232800 633.6
1232810 633.7
1232820 633.5
1232830 633.5
1232840 633.4
1232850 633.1
1232860 633.1
1232870 633.0
1232880 633.1
1232890 633.1
1232900 633.3
1232910 633.5
1232920 633.5
1232930 633.5
1232940 633.6
1232950 633.6
1232960 633.7
1232970 633.9
1232980 633.9
1232990 634.4
1233000 635.1
1233010 635.1
1233020 634.8
1233030 634.2
1233040 634.2
1233050 634.0
1233060 634.0
1233070 634.3
1233080 634.3
1233090 634.8
1233100 634.5
1233110 634.5
1233120 634.5
1233130 634.5
1233140 634.5
1233150 634.4
1233160 634.4
1233170 634.4
1233180 634.5
1233190 633.7
1233200 633.7
1233210 632.3
1233220 633.4
1233230 633.4
1233240 634.6
1233250 634.1
1233260 634.1
1233270 633.9
1233280 634.1
1233290 634.1
1233300 634.2
1233310 634.0
1233320 634.0
1233330 633.7
1233340 633.5
1233350 633.6
1233360 633.1
1233370 633.2
1233380 633.0
1233390 633.0
1233400 633.3
1233410 633.5
1233420 633.5
1233430 633.3
1233440 632.8
1233450 632.8
1233460 632.8
1233470 632.2
1233480 632.2
1233490 631.5
1233500 631.9
1233510 631.9
1233520 631.8
1233530 631.7
1233540 631.7
1233550 631.5
1233560 631.4
1233570 631.4
1233580 631.2
1233590 630.9
1233600 630.9
1233610 630.2
1233620 629.4
1233630 628.7
1233640 628.7
1233650 628.3
1233660 628.0
1233670 628.0
1233680 627.6
1233690 627.3
1233700 627.3
1233710 627.1
1233720 626.9
1233730 626.9
1233740 626.5
1233750 626.1
1233760 626.1
1233770 625.6
1233780 625.2
1233790 625.2
1233800 624.8
1233810 624.4
1233820 624.4
1233830 624.1
1233840 623.7
1233850 623.7
1233860 622.7
1233870 622.3
1233880 622.3
1233890 622.0
1233900 621.7
1233910 621.5
1233920 621.5
1233930 621.5
1233940 621.5
1233950 621.5
1233960 621.4
1233970 621.5
1233980 621.5
1233990 621.4
1234000 621.5
1234010 621.5
1234020 621.5
1234030 621.5
1234040 621.5
1234050 621.4
1234060 621.2
1234070 621.2
1234080 621.1
1234090 620.9
1234100 620.9
1234110 620.5
1234120 620.4
1234130 620.4
1234140 620.2
1234150 620.1
1234160 620.1
1234170 619.9
1234180 619.8
1234190 619.5
1234200 619.5
1234210 619.3
1234220 619.0
1234230 619.0
1234240 618.9
1234250 618.9
1234260 618.9
1234270 618.8
1234280 618.6
1234290 618.6
1234300 618.5
1234310 618.4
1234320 618.4
1234330 618.3
1234340 618.3
1234350 618.3
1234360 618.3
1234370 618.3
1234380 618.3
1234390 618.4
1234400 618.3
1234410 618.3
1234420 618.3
1234430 618.3
1234440 618.3
1234450 618.3
1234460 618.4
1234470 618.6
1234480 618.6
1234490 618.9
1234500 619.2
1234510 619.2
1234520 619.4
1234530 619.3
1234540 619.3
1234550 619.1
1234560 618.9
1234570 618.9
1234580 618.6
1234590 618.4
1234600 618.4
1234610 618.2
1234620 618.1
1234630 618.1
1234640 618.0
1234650 618.1
1234660 618.1
1234670 618.1
1234680 618.0
1234690 618.0
1234700 617.9
1234710 617.9
1234720 617.9
1234730 618.0
1234740 618.6
1234750 618.9
1234760 618.9
1234770 618.9
1234780 618.9
1234790 618.9
1234800 618.8
1234810 618.4
1234820 618.4
1234830 617.7
1234840 617.0
1234850 617.0
1234860 617.0
1234870 617.1
1234880 617.3
1234890 617.4
1234900 617.3
1234910 617.3
1234920 617.3
1234930 617.4
1234940 617.4
1234950 617.4
1234960 617.3
1234970 617.3
1234980 617.3
1234990 617.3
1235000 617.2
1235010 617.2
1235020 616.7
1235030 617.1
1235040 617.1
1235050 617.1
1235060 617.2
1235070 617.2
1235080 617.2
1235090 617.2
1235100 617.2
1235110 617.3
1235120 617.2
1235130 617.2
1235140 617.2
1235150 617.1
1235160 617.1
1235170 617.1
1235180 617.0
1235190 617.0
1235200 617.1
1235210 617.2
1235220 617.2
1235230 617.2
1235240 617.0
1235250 617.0
1235260 617.1
1235270 617.1
1235280 617.0
1235290 617.0
1235300 616.8
1235310 616.7
1235320 616.7
1235330 616.6
1235340 616.5
1235350 616.5
1235360 616.5
1235370 616.6
1235380 616.6
1235390 616.8
1235400 616.8
1235410 616.8
1235420 616.7
1235430 616.6
1235440 616.6
1235450 616.6
1235460 616.7
1235470 616.7
1235480 616.7
1235490 616.6
1235500 616.6
1235510 616.5
1235520 616.5
1235530 616.5
1235540 616.6
1235550 616.7
1235560 616.8
1235570 616.8
1235580 617.3
1235590 618.1
1235600 618.1
1235610 618.6
1235620 618.7
1235630 618.7
1235640 618.8
1235650 618.9
1235660 618.9
1235670 618.9
1235680 618.8
1235690 618.8
1235700 618.6
1235710 618.2
1235720 618.2
1235730 617.7
1235740 617.3
1235750 617.3
1235760 617.2
1235770 617.1
1235780 617.1
1235790 616.9
1235800 616.7
1235810 616.7
1235820 616.7
1235830 616.8
1235840 616.8
1235850 616.8
1235860 616.8
1235870 616.7
1235880 616.7
1235890 616.8
1235900 616.8
1235910 616.8
1235920 616.8
1235930 616.8
1235940 616.8
1235950 616.8
1235960 616.8
1235970 616.8
1235980 616.8
1235990 616.8
1236000 616.8
1236010 616.7
1236020 616.8
1236030 616.8
1236040 616.7
1236050 616.6
1236060 616.6
1236070 616.6
1236080 616.6
1236090 616.6
1236100 616.6
1236110 616.5
1236120 616.3
1236130 616.3
1236140 616.2
1236150 616.2
1236160 616.2
1236170 615.8
1236180 615.2
1236190 615.2
1236200 615.0
1236210 614.9
1236220 614.9
1236230 614.0
1236240 613.2
1236250 613.2
1236260 613.1
1236270 613.0
1236280 613.0
1236290 613.0
1236300 613.0
1236310 613.0
1236320 613.0
1236330 613.0
1236340 613.0
1236350 613.0
1236360 613.0
1236370 613.0
1236380 613.0
1236390 612.9
1236400 612.9
1236410 612.9
1236420 613.0
1236430 613.3
1236440 613.3
1236450 613.8
1236460 614.8
1236470 614.8
1236480 615.7
1236490 615.9
1236500 615.9
1236510 615.8
1236520 615.6
1236530 615.6
1236540 615.6
1236550 615.5
1236560 615.5
1236570 615.5
1236580 615.5
1236590 615.5
1236600 615.4
1236610 615.5
1236620 615.5
1236630 615.4
1236640 615.5
1236650 615.5
1236660 615.4
1236670 615.4
1236680 615.3
1236690 615.3
1236700 615.3
1236710 615.2
1236720 615.2
1236730 615.2
1236740 615.1
1236750 615.1
1236760 615.1
1236770 615.1
1236780 615.1
1236790 615.0
1236800 614.9
1236810 614.9
1236820 614.7
1236830 614.6
1236840 614.6
1236850 614.6
1236860 614.7
1236870 614.7
1236880 614.6
1236890 614.6
1236900 614.6
1236910 614.6
1236920 614.6
1236930 614.7
1236940 614.7
1236950 614.7
1236960 614.6
1236970 614.6
1236980 614.6
1236990 614.6
1237000 614.6
1237010 614.5
1237020 614.5
1237030 614.5
1237040 614.5
1237050 614.5
1237060 614.5
1237070 614.6
1237080 614.7
1237090 614.7
1237100 614.7
1237110 614.7
1237120 614.7
1237130 614.7
1237140 614.7
1237150 614.7
1237160 614.7
1237170 614.7
1237180 614.7
1237190 614.7
1237200 614.7
1237210 614.9
1237220 614.9
1237230 615.0
1237240 615.1
1237250 615.1
1237260 615.0
1237270 615.0
1237280 615.0
1237290 614.9
1237300 614.3
1237310 614.3
1237320 613.1
1237330 612.1
1237340 612.1
1237350 611.9
1237360 611.9
1237370 611.9
1237380 611.9
1237390 611.9
1237400 611.9
1237410 611.9
1237420 611.9
1237430 611.9
1237440 611.8
1237450 611.8
1237460 611.8
1237470 611.8
1237480 611.8
1237490 611.8
1237500 611.8
1237510 611.7
1237520 611.7
1237530 611.7
1237540 612.1
1237550 613.3
1237560 613.3
1237570 615.0
1237580 615.6
1237590 615.6
1237600 615.9
1237610 616.7
1237620 616.7
1237630 617.0
1237640 616.9
1237650 616.9
1237660 617.0
1237670 617.4
1237680 617.4
1237690 618.8
1237700 621.0
1237710 621.0
1237720 621.8
1237730 624.4
1237740 624.4
1237750 629.8
1237760 634.1
1237770 637.9
1237780 637.9
1237790 642.3
1237800 644.8
1237810 644.8
1237820 649.8
1237830 655.6
1237840 655.6
1237850 661.5
1237860 667.1
1237870 667.1
1237880 670.4
1237890 673.5
1237900 673.5
1237910 678.5
1237920 682.8
1237930 682.8
1237940 685.3
1237950 688.9
1237960 684.2
1237970 689.2
1237980 693.2
1237990 693.2
1238000 696.6
1238010 699.9
1238020 699.9
1238030 703.7
1238040 707.6
1238050 712.0
1238060 712.0
1238070 716.4
1238080 719.7
1238090 719.7
1238100 722.5
1238110 725.3
1238120 725.3
1238130 728.5
1238140 733.7
1238150 733.7
1238160 740.3
1238170 745.5
1238180 745.5
1238190 748.8
1238200 751.0
1238210 751.0
1238220 754.6
1238230 759.7
1238240 759.7
1238250 765.1
1238260 770.2
1238270 770.2
1238280 775.2
1238290 780.4
1238300 780.4
1238310 787.5
1238320 794.0
1238330 799.1
1238340 799.1
1238350 804.0
1238360 809.2
1238370 809.2
1238380 814.6
1238390 819.3
1238400 819.3
1238410 823.9
1238420 827.9
1238430 827.9
1238440 831.6
1238450 835.5
1238460 835.5
1238470 839.3
1238480 838.4
1238490 838.4
1238500 841.6
1238510 844.3
1238520 844.3
1238530 847.1
1238540 850.0
1238550 850.0
1238560 852.1
1238570 854.1
1238580 854.1
1238590 856.9
1238600 860.0
1238610 862.7
1238620 862.7
1238630 864.5
1238640 865.4
1238650 865.4
1238660 864.7
1238670 863.0
1238680 863.0
1238690 861.7
1238700 861.1
1238710 861.1
1238720 861.0
1238730 859.3
1238740 859.3
1238750 853.5
1238760 849.7
1238770 849.7
1238780 851.8
1238790 855.1
1238800 855.1
1238810 857.0
1238820 858.9
1238830 858.9
1238840 861.7
1238850 864.4
1238860 866.7
1238870 866.7
1238880 868.3
1238890 870.1
1238900 870.1
1238910 872.4
1238920 874.4
1238930 874.4
1238940 877.4
1238950 881.7
1238960 881.7
1238970 884.8
1238980 887.6
1238990 887.6
1239000 888.3
1239010 888.3
1239020 888.3
1239030 888.4
1239040 889.7
1239050 889.7
1239060 892.3
1239070 895.9
1239080 895.9
1239090 900.4
1239100 905.5
1239110 905.5
1239120 911.3
1239130 917.2
1239140 922.7
1239150 922.7
1239160 927.6
1239170 931.1
1239180 931.1
1239190 933.9
1239200 936.8
1239210 936.8
1239220 940.3
1239230 943.8
1239240 943.8
1239250 948.1
1239260 952.8
1239270 952.8
1239280 957.2
1239290 961.8
1239300 961.8
1239310 967.5
1239320 973.8
1239330 973.8
1239340 980.7
1239350 988.9
1239360 988.9
1239370 997.4
1239380 1006.0
1239390 1006.0
1239400 1012.4
1239410 1017.3
1239420 1021.6
1239430 1021.6
1239440 1026.6
1239450 1030.9
1239460 1030.9
1239470 1034.2
1239480 1036.3
1239490 1036.3
1239500 1037.6
1239510 1038.2
1239520 1037.9
1239530 1038.9
1239540 1041.8
1239550 1041.8
1239560 1043.5
1239570 1044.8
1239580 1044.8
1239590 1046.0
1239600 1046.6
1239610 1046.6
1239620 1046.3
1239630 1046.5
1239640 1046.5
1239650 1048.2
1239660 1049.6
1239670 1049.6
1239680 1050.7
1239690 1051.6
1239700 1053.0
1239710 1053.0
1239720 1055.4
1239730 1056.9
1239740 1056.9
1239750 1057.3
1239760 1057.8
1239770 1057.8
1239780 1057.5
1239790 1057.2
1239800 1057.2
1239810 1056.9
1239820 1057.4
1239830 1057.4
1239840 1059.0
1239850 1061.6
1239860 1061.6
1239870 1064.0
1239880 1065.6
1239890 1065.6
1239900 1066.4
1239910 1067.2
1239920 1067.2
1239930 1069.5
1239940 1073.1
1239950 1073.1
1239960 1077.0
1239970 1080.7
1239980 1083.3
1239990 1083.3
