1220000 881.0
1220010 880.2
1220020 879.9
1220030 879.9
1220040 879.9
1220050 880.3
1220060 880.3
1220070 880.6
1220080 880.8
1220090 880.8
1220100 881.1
1220110 881.4
1220120 881.4
1220130 881.8
1220140 882.2
1220150 882.2
1220160 882.4
1220170 882.6
1220180 882.7
1220190 882.7
1220200 882.6
1220210 882.3
1220220 882.3
1220230 882.2
1220240 881.9
1220250 881.9
1220260 881.9
1220270 882.0
1220280 882.0
1220290 882.1
1220300 882.2
1220310 882.2
1220320 882.3
1220330 881.7
1220340 881.7
1220350 881.8
1220360 882.2
1220370 882.2
1220380 882.0
1220390 881.8
1220400 881.8
1220410 881.9
1220420 882.0
1220430 882.0
1220440 882.1
1220450 882.8
1220460 883.3
1220470 883.3
1220480 884.9
1220490 885.5
1220500 885.5
1220510 885.6
1220520 886.0
1220530 886.0
1220540 886.1
1220550 886.0
1220560 886.0
1220570 886.0
1220580 886.9
1220590 886.9
1220600 886.8
1220610 886.7
1220620 886.7
1220630 885.4
1220640 884.2
1220650 884.2
1220660 883.0
1220670 883.3
1220680 883.3
1220690 883.3
1220700 883.1
1220710 883.1
1220720 880.8
1220730 881.4
1220740 883.3
1220750 883.3
1220760 883.3
1220770 883.0
1220780 883.0
1220790 882.8
1220800 883.0
1220810 883.0
1220820 882.9
1220830 882.8
1220840 882.8
1220850 882.6
1220860 882.2
1220870 882.2
1220880 881.8
1220890 881.6
1220900 881.6
1220910 881.5
1220920 881.4
1220930 881.4
1220940 881.3
1220950 881.6
1220960 881.6
1220970 881.7
1220980 881.3
1220990 881.3
1221000 880.3
1221010 879.5
1221020 878.5
1221030 878.5
1221040 877.4
1221050 877.0
1221060 877.0
1221070 876.9
1221080 876.8
1221090 876.8
1221100 876.9
1221110 876.9
1221120 876.9
1221130 877.1
1221140 877.2
1221150 877.2
1221160 878.3
1221170 880.2
1221180 880.2
1221190 881.2
1221200 881.5
1221210 881.5
1221220 881.9
1221230 881.7
1221240 881.7
1221250 881.0
1221260 881.3
1221270 881.3
1221280 880.9
1221290 881.0
1221300 881.9
1221310 881.9
1221320 882.8
1221330 883.6
1221340 883.6
1221350 885.7
1221360 886.4
1221370 886.4
1221380 886.3
1221390 886.1
1221400 886.1
1221410 886.2
1221420 886.5
1221430 886.5
1221440 886.4
1221450 885.8
1221460 885.8
1221470 885.2
1221480 884.1
1221490 884.1
1221500 883.8
1221510 883.8
1221520 883.8
1221530 883.6
1221540 883.2
1221550 883.0
1221560 883.0
1221570 882.5
1221580 882.2
1221590 882.2
1221600 882.1
1221610 882.1
1221620 882.1
1221630 882.0
1221640 882.0
1221650 882.0
1221660 882.2
1221670 882.3
1221680 882.3
1221690 881.9
1221700 881.5
1221710 881.5
1221720 880.2
1221730 879.5
1221740 879.5
1221750 878.7
1221760 877.8
1221770 877.8
1221780 876.8
1221790 875.7
1221800 875.7
1221810 875.1
1221820 874.8
1221830 874.9
1221840 874.9
1221850 875.3
1221860 875.4
1221870 875.4
1221880 875.5
1221890 875.5
1221900 875.5
1221910 875.6
1221920 875.8
1221930 875.8
1221940 876.1
1221950 876.8
1221960 876.8
1221970 877.0
1221980 876.9
1221990 876.9
1222000 876.9
1222010 877.0
1222020 877.0
1222030 877.8
1222040 878.1
1222050 878.1
1222060 878.0
1222070 878.0
1222080 878.0
1222090 877.9
1222100 878.0
1222110 878.0
1222120 878.0
1222130 878.2
1222140 878.7
1222150 878.7
1222160 879.0
1222170 878.7
1222180 878.7
1222190 878.6
1222200 878.6
1222210 878.6
1222220 878.7
1222230 878.8
1222240 878.8
1222250 878.8
1222260 878.8
1222270 878.8
1222280 878.9
1222290 878.8
1222300 878.8
1222310 878.5
1222320 878.9
1222330 878.9
1222340 880.0
1222350 879.8
1222360 879.8
1222370 879.7
1222380 878.9
1222390 877.6
1222400 877.6
1222410 876.6
1222420 875.4
1222430 875.4
1222440 874.1
1222450 870.0
1222460 870.0
1222470 867.8
1222480 867.5
1222490 867.5
1222500 867.5
1222510 867.2
1222520 867.2
1222530 866.1
1222540 868.6
1222550 868.6
1222560 872.0
1222570 871.4
1222580 871.4
1222590 870.0
1222600 876.6
1222610 876.6
1222620 879.3
1222630 879.9
1222640 879.9
1222650 879.3
1222660 878.4
1222670 878.0
1222680 878.0
1222690 878.1
1222700 878.2
1222710 878.2
1222720 878.0
1222730 877.9
1222740 877.9
1222750 877.7
1222760 877.3
1222770 877.3
1222780 877.0
1222790 876.6
1222800 876.6
1222810 876.1
1222820 875.9
1222830 875.9
1222840 875.9
1222850 876.3
1222860 876.3
1222870 876.6
1222880 876.3
1222890 876.3
1222900 876.4
1222910 876.4
1222920 876.4
1222930 876.4
1222940 876.2
1222950 875.4
1222960 875.4
1222970 875.3
1222980 875.2
1222990 875.2
1223000 875.0
1223010 875.0
1223020 875.0
1223030 875.0
1223040 874.9
1223050 874.9
1223060 874.6
1223070 874.2
1223080 874.2
1223090 873.7
1223100 873.3
1223110 873.3
1223120 872.9
1223130 872.6
1223140 872.4
1223150 872.1
1223160 871.8
1223170 871.8
1223180 871.5
1223190 871.3
1223200 871.3
1223210 871.1
1223220 870.9
1223230 870.7
1223240 870.7
1223250 870.4
1223260 870.1
1223270 870.1
1223280 869.8
1223290 869.6
1223300 869.6
1223310 869.3
1223320 869.0
1223330 869.0
1223340 868.8
1223350 868.5
1223360 868.5
1223370 868.6
1223380 868.8
1223390 868.8
1223400 867.9
1223410 867.9
1223420 867.9
1223430 867.8
1223440 867.5
1223450 867.5
1223460 867.1
1223470 866.7
1223480 866.5
1223490 866.5
1223500 866.2
1223510 865.9
1223520 865.9
1223530 865.6
1223540 865.6
1223550 865.6
1223560 865.6
1223570 865.1
1223580 865.1
1223590 864.7
1223600 864.3
1223610 864.3
1223620 864.2
1223630 864.2
1223640 864.2
1223650 864.5
1223660 864.4
1223670 864.4
1223680 864.2
1223690 864.0
1223700 864.0
1223710 863.7
1223720 863.3
1223730 863.3
1223740 863.0
1223750 862.6
1223760 862.1
1223770 862.1
1223780 861.2
1223790 860.4
1223800 860.4
1223810 859.8
1223820 858.7
1223830 858.7
1223840 858.2
1223850 857.7
1223860 857.7
1223870 857.2
1223880 856.8
1223890 856.8
1223900 856.5
1223910 856.1
1223920 856.1
1223930 855.8
1223940 855.6
1223950 855.6
1223960 855.3
1223970 855.0
1223980 855.0
1223990 854.7
1224000 854.6
1224010 854.6
1224020 854.4
1224030 854.3
1224040 854.2
1224050 854.2
1224060 853.9
1224070 853.6
1224080 853.6
1224090 853.0
1224100 852.4
1224110 852.4
1224120 850.7
1224130 850.2
1224140 850.2
1224150 849.8
1224160 849.4
1224170 849.4
1224180 849.4
1224190 849.7
1224200 849.7
1224210 850.5
1224220 851.5
1224230 851.5
1224240 852.1
1224250 852.3
1224260 852.3
1224270 852.6
1224280 852.7
1224290 852.7
1224300 852.6
1224310 852.7
1224320 852.6
1224330 852.6
1224340 852.6
1224350 852.5
1224360 852.5
1224370 852.2
1224380 851.8
1224390 851.8
1224400 851.4
1224410 851.1
1224420 851.1
1224430 851.0
1224440 851.1
1224450 851.1
1224460 851.2
1224470 851.3
1224480 851.3
1224490 851.5
1224500 851.6
1224510 851.6
1224520 851.9
1224530 852.1
1224540 852.1
1224550 852.2
1224560 852.3
1224570 852.3
1224580 852.3
1224590 852.2
1224600 852.0
1224610 852.5
1224620 852.4
1224630 852.3
1224640 852.3
1224650 852.0
1224660 851.4
1224670 851.4
1224680 850.7
1224690 851.2
1224700 851.2
1224710 851.5
1224720 851.3
1224730 851.3
1224740 851.2
1224750 851.1
1224760 851.1
1224770 851.0
1224780 850.9
1224790 850.9
1224800 850.8
1224810 851.0
1224820 851.0
1224830 851.3
1224840 851.6
1224850 851.6
1224860 851.8
1224870 852.0
1224880 852.1
1224890 852.1
1224900 852.1
1224910 852.2
1224920 852.2
1224930 852.2
1224940 852.0
1224950 852.0
1224960 851.7
1224970 851.5
1224980 851.5
1224990 851.2
1225000 851.5
1225010 851.5
1225020 851.7
1225030 851.5
1225040 851.5
1225050 851.0
1225060 850.3
1225070 850.3
1225080 849.7
1225090 849.3
1225100 849.5
1225110 849.4
1225120 849.8
1225130 849.8
1225140 850.5
1225150 851.6
1225160 853.0
1225170 853.0
1225180 853.9
1225190 854.6
1225200 854.6
1225210 855.1
1225220 855.7
1225230 855.7
1225240 856.4
1225250 856.9
1225260 856.9
1225270 857.3
1225280 857.9
1225290 857.9
1225300 858.4
1225310 858.5
1225320 858.5
1225330 858.6
1225340 858.5
1225350 858.5
1225360 858.6
1225370 858.7
1225380 858.7
1225390 858.8
1225400 859.1
1225410 859.3
1225420 859.3
1225430 859.5
1225440 859.7
1225450 859.7
1225460 859.7
1225470 859.6
1225480 859.6
1225490 859.3
1225500 858.9
1225510 858.9
1225520 858.5
1225530 858.1
1225540 858.1
1225550 857.7
1225560 857.3
1225570 857.3
1225580 857.0
1225590 856.3
1225600 856.3
1225610 856.4
1225620 856.5
1225630 856.5
1225640 856.7
1225650 856.7
1225660 856.7
1225670 856.4
1225680 855.9
1225690 855.5
1225700 855.5
1225710 855.1
1225720 854.8
1225730 854.8
1225740 854.9
1225750 855.0
1225760 855.0
1225770 855.2
1225780 855.3
1225790 855.3
1225800 855.2
1225810 855.0
1225820 855.0
1225830 854.9
1225840 854.9
1225850 854.9
1225860 854.9
1225870 855.0
1225880 855.0
1225890 855.2
1225900 855.2
1225910 855.2
1225920 855.1
1225930 855.0
1225940 855.0
1225950 854.8
1225960 854.3
1225970 853.7
1225980 853.7
1225990 852.9
1226000 851.9
1226010 851.9
1226020 851.0
1226030 850.2
1226040 850.2
1226050 849.5
1226060 848.8
1226070 848.8
1226080 847.3
1226090 847.1
1226100 847.1
1226110 847.1
1226120 847.3
1226130 847.3
1226140 847.4
1226150 846.9
1226160 846.9
1226170 845.8
1226180 842.5
1226190 842.5
1226200 837.1
1226210 831.8
1226220 831.8
1226230 827.6
1226240 824.9
1226250 823.0
1226260 823.0
1226270 821.3
1226280 819.8
1226290 819.8
1226300 818.1
1226310 814.7
1226320 814.7
1226330 810.2
1226340 806.7
1226350 806.7
1226360 803.2
1226370 800.0
1226380 800.0
1226390 797.9
1226400 797.8
1226410 797.8
1226420 797.9
1226430 798.1
1226440 798.1
1226450 799.1
1226460 801.0
1226470 801.0
1226480 803.5
1226490 806.3
1226500 806.3
1226510 809.8
1226520 813.0
1226530 815.9
1226540 815.9
1226550 820.0
1226560 824.8
1226570 824.8
1226580 828.6
1226590 832.9
1226600 832.9
1226610 838.4
1226620 841.9
1226630 841.9
1226640 843.3
1226650 843.8
1226660 843.8
1226670 844.2
1226680 844.6
1226690 844.6
1226700 844.8
1226710 844.9
1226720 844.9
1226730 845.2
1226740 845.3
1226750 845.3
1226760 845.5
1226770 845.8
1226780 845.8
1226790 846.0
1226800 845.9
1226810 845.8
1226820 845.8
1226830 846.0
1226840 846.1
1226850 846.1
1226860 846.2
1226870 846.3
1226880 846.3
1226890 846.2
1226900 846.1
1226910 846.1
1226920 846.0
1226930 845.9
1226940 845.9
1226950 845.7
1226960 845.4
1226970 845.4
1226980 845.1
1226990 844.7
1227000 844.7
1227010 844.3
1227020 843.8
1227030 843.8
1227040 843.3
1227050 842.6
1227060 842.6
1227070 839.6
1227080 835.8
1227090 831.8
1227100 831.8
1227110 828.7
1227120 826.8
1227130 826.8
1227140 826.8
1227150 829.2
1227160 829.2
1227170 831.6
1227180 831.2
1227190 831.2
1227200 830.6
1227210 830.9
1227220 830.9
1227230 830.6
1227240 828.9
1227250 828.9
1227260 826.7
1227270 825.3
1227280 825.3
1227290 824.4
1227300 824.3
1227310 824.3
1227320 824.8
1227330 824.4
1227340 821.7
1227350 821.7
1227360 818.8
1227370 817.2
1227380 817.2
1227390 816.2
1227400 815.9
1227410 815.9
1227420 816.7
1227430 819.2
1227440 819.2
1227450 821.7
1227460 821.7
1227470 821.7
1227480 820.5
1227490 819.2
1227500 819.2
1227510 819.8
1227520 819.2
1227530 819.2
1227540 817.9
1227550 817.0
1227560 817.0
1227570 816.8
1227580 816.8
1227590 816.8
1227600 815.4
1227610 814.0
1227620 812.8
1227630 812.8
1227640 812.2
1227650 811.7
1227660 811.7
1227670 810.1
1227680 808.4
1227690 808.4
1227700 806.2
1227710 805.2
1227720 805.2
1227730 804.6
1227740 803.8
1227750 803.8
1227760 803.1
1227770 802.6
1227780 802.6
1227790 802.3
1227800 802.3
1227810 802.3
1227820 802.3
1227830 801.8
1227840 801.8
1227850 801.1
1227860 800.4
1227870 800.4
1227880 799.1
1227890 797.9
1227900 797.0
1227910 797.0
1227920 795.0
1227930 793.2
1227940 793.2
1227950 791.9
1227960 790.7
1227970 790.7
1227980 789.5
1227990 788.8
1228000 788.8
1228010 788.4
1228020 788.1
1228030 788.1
1228040 787.7
1228050 787.2
1228060 785.3
1228070 783.4
1228080 781.3
1228090 781.3
1228100 779.2
1228110 778.1
1228120 778.1
1228130 776.5
1228140 774.7
1228150 774.7
1228160 772.3
1228170 769.8
1228180 767.2
1228190 767.2
1228200 764.2
1228210 761.1
1228220 761.1
1228230 759.2
1228240 758.2
1228250 758.2
1228260 757.5
1228270 756.5
1228280 756.5
1228290 755.3
1228300 754.2
1228310 754.2
1228320 752.9
1228330 751.7
1228340 751.7
1228350 751.1
1228360 750.9
1228370 750.9
1228380 750.8
1228390 750.6
1228400 750.6
1228410 750.4
1228420 750.0
1228430 750.0
1228440 749.6
1228450 749.0
1228460 748.4
1228470 748.4
1228480 747.6
1228490 747.1
1228500 747.1
1228510 746.7
1228520 746.2
1228530 746.2
1228540 745.8
1228550 745.5
1228560 745.8
1228570 745.4
1228580 745.0
1228590 745.0
1228600 744.8
1228610 744.8
1228620 744.8
1228630 744.8
1228640 744.6
1228650 744.6
1228660 744.6
1228670 745.3
1228680 745.3
1228690 746.8
1228700 749.9
1228710 749.9
1228720 752.2
1228730 753.7
1228740 754.8
1228750 754.8
1228760 755.4
1228770 757.3
1228780 757.3
1228790 758.7
1228800 759.3
1228810 759.3
1228820 760.0
1228830 760.2
1228840 760.2
1228850 759.6
1228860 758.4
1228870 758.4
1228880 757.6
1228890 758.2
1228900 758.2
1228910 757.8
1228920 757.9
1228930 757.9
1228940 758.3
1228950 756.7
1228960 756.7
1228970 755.8
1228980 754.7
1228990 752.0
1229000 752.0
1229010 750.1
1229020 749.1
1229030 749.1
1229040 747.0
1229050 744.5
1229060 739.7
1229070 738.3
1229080 737.3
1229090 737.3
1229100 736.7
1229110 736.1
1229120 736.1
1229130 735.7
1229140 735.3
1229150 735.3
1229160 735.0
1229170 734.6
1229180 734.6
1229190 734.2
1229200 733.5
1229210 733.5
1229220 732.5
1229230 732.5
1229240 732.5
1229250 732.9
1229260 732.8
1229270 732.6
1229280 732.6
1229290 732.4
1229300 732.2
1229310 732.2
1229320 731.7
1229330 731.0
1229340 731.0
1229350 730.5
1229360 730.2
1229370 730.2
1229380 729.9
1229390 729.7
1229400 729.7
1229410 729.5
1229420 729.3
1229430 729.3
1229440 729.2
1229450 729.0
1229460 729.0
1229470 728.7
1229480 728.3
1229490 728.3
1229500 727.8
1229510 727.4
1229520 727.4
1229530 727.2
1229540 727.0
1229550 727.1
1229560 730.2
1229570 730.6
1229580 730.1
1229590 730.1
1229600 730.1
1229610 730.8
1229620 730.8
1229630 731.7
1229640 732.3
1229650 732.3
1229660 732.3
1229670 732.6
1229680 732.6
1229690 733.0
1229700 733.2
1229710 733.2
1229720 733.6
1229730 734.0
1229740 734.0
1229750 734.7
1229760 736.5
1229770 736.5
1229780 737.8
1229790 738.8
1229800 738.8
1229810 740.1
1229820 742.3
1229830 744.2
1229840 744.2
1229850 744.9
1229860 744.6
1229870 744.6
1229880 744.3
1229890 743.3
1229900 743.3
1229910 742.2
1229920 741.4
1229930 741.4
1229940 740.5
1229950 739.4
1229960 739.4
1229970 739.1
1229980 739.6
1229990 739.6
1230000 741.2
1230010 741.5
1230020 741.5
1230030 740.5
1230040 739.4
1230050 739.4
1230060 736.8
1230070 736.2
1230080 736.2
1230090 735.8
1230100 735.3
1230110 734.9
1230120 734.9
1230130 735.0
1230140 736.0
1230150 736.0
1230160 738.6
1230170 741.9
1230180 741.9
1230190 744.6
1230200 745.4
1230210 745.4
1230220 745.5
1230230 744.8
1230240 744.8
1230250 743.4
1230260 741.7
1230270 741.7
1230280 738.9
1230290 735.4
1230300 735.4
1230310 732.3
1230320 728.9
1230330 728.9
1230340 725.9
1230350 723.1
1230360 723.1
1230370 721.4
1230380 720.5
1230390 720.1
1230400 720.1
1230410 719.7
1230420 719.7
1230430 719.7
1230440 719.8
1230450 719.7
1230460 719.7
1230470 719.1
1230480 718.3
1230490 718.3
1230500 717.5
1230510 716.6
1230520 716.6
1230530 715.5
1230540 714.0
1230550 714.0
1230560 705.2
1230570 702.9
1230580 702.9
1230590 700.9
1230600 699.0
1230610 699.0
1230620 697.3
1230630 695.6
1230640 695.6
1230650 693.6
1230660 691.4
1230670 690.0
1230680 690.0
1230690 689.4
1230700 689.4
1230710 689.4
1230720 689.4
1230730 688.9
1230740 688.9
1230750 688.0
1230760 687.0
1230770 687.0
1230780 686.3
1230790 685.0
1230800 685.0
1230810 682.0
1230820 681.0
1230830 681.0
1230840 680.7
1230850 680.5
1230860 680.5
1230870 680.8
1230880 680.7
1230890 680.7
1230900 680.0
1230910 679.4
1230920 679.0
1230930 679.0
1230940 678.3
1230950 677.5
1230960 677.5
1230970 676.2
1230980 675.3
1230990 675.3
1231000 675.6
1231010 676.8
1231020 676.8
1231030 675.9
1231040 672.3
1231050 672.3
1231060 667.8
1231070 667.9
1231080 667.9
1231090 668.5
1231100 668.8
1231110 668.8
1231120 669.0
1231130 669.3
1231140 669.3
1231150 669.4
1231160 669.1
1231170 669.1
1231180 669.8
1231190 670.7
1231200 671.2
1231210 671.2
1231220 672.1
1231230 672.9
1231240 672.9
1231250 674.1
1231260 674.9
1231270 674.9
1231280 675.2
1231290 674.4
1231300 674.4
1231310 673.3
1231320 672.5
1231330 672.5
1231340 671.9
1231350 671.5
1231360 671.5
1231370 671.3
1231380 671.2
1231390 671.2
1231400 670.7
1231410 670.1
1231420 670.1
1231430 669.8
1231440 670.2
1231450 670.2
1231460 670.3
1231470 669.7
1231480 668.4
1231490 668.4
1231500 666.9
1231510 664.5
1231520 664.5
1231530 660.4
1231540 657.9
1231550 657.9
1231560 655.5
1231570 653.2
1231580 653.2
1231590 652.4
1231600 650.4
1231610 650.4
1231620 647.8
1231630 643.3
1231640 643.3
1231650 639.9
1231660 638.5
1231670 638.5
1231680 637.9
1231690 637.6
1231700 637.6
1231710 637.6
1231720 637.8
1231730 637.8
1231740 637.9
1231750 638.1
1231760 638.4
1231770 638.4
1231780 638.7
1231790 638.8
1231800 638.8
1231810 638.9
1231820 639.1
1231830 639.1
1231840 639.2
1231850 639.4
1231860 639.4
1231870 639.7
1231880 639.8
1231890 639.8
1231900 639.7
1231910 639.7
1231920 639.7
1231930 639.7
1231940 639.7
1231950 639.7
1231960 639.7
1231970 639.5
1231980 639.5
1231990 639.1
1232000 638.5
1232010 638.5
1232020 637.2
1232030 634.8
1232040 632.8
1232050 632.8
1232060 631.4
1232070 631.1
1232080 631.1
1232090 631.0
1232100 630.9
1232110 630.9
1232120 630.7
1232130 630.4
1232140 630.4
1232150 630.4
1232160 630.6
1232170 630.6
1232180 630.4
1232190 630.3
1232200 630.3
1232210 630.3
1232220 630.5
1232230 630.5
1232240 631.1
1232250 632.4
1232260 632.4
1232270 634.7
1232280 634.5
1232290 634.5
1232300 633.3
1232310 631.3
1232320 629.5
1232330 629.5
1232340 629.4
1232350 628.5
1232360 628.5
1232370 627.4
1232380 627.4
1232390 627.4
1232400 626.9
1232410 626.0
1232420 626.0
1232430 625.8
1232440 625.8
1232450 625.8
1232460 625.8
1232470 625.8
1232480 625.8
1232490 625.3
1232500 625.3
1232510 625.3
1232520 625.3
1232530 625.2
1232540 625.2
1232550 625.0
1232560 624.7
1232570 624.7
1232580 624.5
1232590 624.4
1232600 624.3
1232610 624.3
1232620 624.0
1232630 623.8
1232640 623.8
1232650 623.5
1232660 623.4
1232670 623.4
1232680 623.3
1232690 623.1
1232700 623.1
1232710 622.9
1232720 623.5
1232730 623.5
1232740 623.0
1232750 622.8
1232760 622.8
1232770 622.6
1232780 622.2
1232790 622.2
1232800 621.9
1232810 621.7
1232820 621.7
1232830 621.3
1232840 621.3
1232850 621.4
1232860 621.4
1232870 621.1
1232880 620.9
1232890 620.9
1232900 620.8
1232910 620.8
1232920 620.8
1232930 620.8
1232940 620.8
1232950 620.8
1232960 621.6
1232970 621.7
1232980 621.7
1232990 621.6
1233000 621.4
1233010 621.4
1233020 621.3
1233030 621.4
1233040 621.4
1233050 621.4
1233060 621.1
1233070 621.1
1233080 620.9
1233090 620.6
1233100 620.6
1233110 620.8
1233120 620.9
1233130 620.9
1233140 620.9
1233150 620.7
1233160 620.4
1233170 620.4
1233180 620.3
1233190 620.3
1233200 620.3
1233210 620.2
1233220 620.1
1233230 620.1
1233240 620.0
1233250 620.1
1233260 620.1
1233270 620.1
1233280 620.5
1233290 620.5
1233300 620.8
1233310 620.9
1233320 620.9
1233330 621.1
1233340 620.3
1233350 620.3
1233360 619.8
1233370 619.7
1233380 619.7
1233390 619.8
1233400 619.9
1233410 620.3
1233420 620.3
1233430 620.4
1233440 620.3
1233450 620.3
1233460 620.4
1233470 620.3
1233480 620.3
1233490 620.3
1233500 620.5
1233510 620.5
1233520 620.1
1233530 619.5
1233540 619.5
1233550 619.4
1233560 619.3
1233570 619.3
1233580 619.0
1233590 619.0
1233600 619.0
1233610 619.0
1233620 619.0
1233630 619.0
1233640 619.0
1233650 619.0
1233660 619.0
1233670 618.9
1233680 618.8
1233690 618.6
1233700 618.6
1233710 618.6
1233720 618.6
1233730 618.6
1233740 618.6
1233750 618.5
1233760 618.5
1233770 618.5
1233780 618.6
1233790 618.6
1233800 618.7
1233810 618.6
1233820 618.6
1233830 618.6
1233840 618.8
1233850 618.8
1233860 619.2
1233870 619.3
1233880 619.3
1233890 619.3
1233900 619.2
1233910 619.2
1233920 619.2
1233930 619.2
1233940 619.2
1233950 619.2
1233960 619.0
1233970 619.0
1233980 619.0
1233990 619.0
1234000 618.9
1234010 618.9
1234020 619.0
1234030 619.0
1234040 619.0
1234050 619.0
1234060 619.0
1234070 619.0
1234080 619.0
1234090 618.9
1234100 618.8
1234110 618.8
1234120 619.0
1234130 619.0
1234140 619.0
1234150 618.9
1234160 618.9
1234170 618.8
1234180 618.8
1234190 618.8
1234200 618.6
1234210 618.6
1234220 618.6
1234230 618.6
1234240 618.5
1234250 618.5
1234260 618.5
1234270 618.5
1234280 618.5
1234290 618.5
1234300 618.4
1234310 618.4
1234320 618.4
1234330 618.4
1234340 618.3
1234350 618.3
1234360 618.3
1234370 618.3
1234380 618.3
1234390 618.4
1234400 618.5
1234410 618.5
1234420 618.7
1234430 618.7
1234440 618.7
1234450 618.6
1234460 618.6
1234470 618.6
1234480 618.6
1234490 618.6
1234500 618.6
1234510 618.6
1234520 618.7
1234530 618.7
1234540 618.7
1234550 618.5
1234560 618.4
1234570 618.4
1234580 618.4
1234590 618.4
1234600 618.4
1234610 618.6
1234620 619.1
1234630 619.1
1234640 619.6
1234650 619.8
1234660 619.8
1234670 619.9
1234680 619.9
1234690 619.9
1234700 619.7
1234710 619.3
1234720 619.3
1234730 618.1
1234740 617.6
1234750 617.6
1234760 618.4
1234770 618.5
1234780 618.2
1234790 618.2
1234800 617.3
1234810 615.8
1234820 615.8
1234830 614.6
1234840 614.2
1234850 614.2
1234860 614.2
1234870 614.2
1234880 614.2
1234890 614.2
1234900 614.2
1234910 614.2
1234920 614.2
1234930 614.2
1234940 614.2
1234950 614.2
1234960 614.2
1234970 614.2
1234980 614.1
1234990 614.0
1235000 614.0
1235010 614.0
1235020 614.2
1235030 614.2
1235040 614.9
1235050 616.9
1235060 618.0
1235070 618.0
1235080 618.0
1235090 618.2
1235100 618.2
1235110 618.6
1235120 618.0
1235130 618.0
1235140 617.9
1235150 617.8
1235160 617.8
1235170 617.8
1235180 617.8
1235190 617.8
1235200 617.7
1235210 617.7
1235220 617.7
1235230 617.7
1235240 617.8
1235250 617.8
1235260 617.8
1235270 617.7
1235280 617.7
1235290 617.6
1235300 617.8
1235310 617.8
1235320 618.3
1235330 618.4
1235340 618.5
1235350 618.5
1235360 618.6
1235370 618.6
1235380 618.6
1235390 618.6
1235400 618.5
1235410 618.5
1235420 618.2
1235430 618.0
1235440 618.0
1235450 618.1
1235460 618.5
1235470 618.5
1235480 618.6
1235490 618.1
1235500 618.1
1235510 617.7
1235520 617.4
1235530 617.4
1235540 617.2
1235550 616.9
1235560 616.9
1235570 617.4
1235580 618.0
1235590 618.0
1235600 617.9
1235610 617.9
1235620 617.6
1235630 617.6
1235640 617.9
1235650 619.0
1235660 619.0
1235670 620.5
1235680 620.9
1235690 620.9
1235700 620.8
1235710 620.7
1235720 620.7
1235730 620.6
1235740 620.6
1235750 620.6
1235760 620.5
1235770 620.5
1235780 620.5
1235790 620.4
1235800 620.4
1235810 620.4
1235820 620.3
1235830 620.3
1235840 620.3
1235850 620.3
1235860 620.3
1235870 620.3
1235880 620.3
1235890 620.3
1235900 620.3
1235910 620.3
1235920 620.3
1235930 620.2
1235940 620.2
1235950 620.2
1235960 620.2
1235970 620.2
1235980 620.1
1235990 620.0
1236000 620.0
1236010 619.9
1236020 619.9
1236030 619.9
1236040 620.0
1236050 619.2
1236060 619.2
1236070 617.5
1236080 616.2
1236090 616.2
1236100 615.5
1236110 615.2
1236120 615.2
1236130 615.3
1236140 615.2
1236150 615.2
1236160 615.2
1236170 615.2
1236180 615.3
1236190 615.3
1236200 615.3
1236210 615.5
1236220 615.5
1236230 615.3
1236240 615.2
1236250 615.2
1236260 615.2
1236270 615.2
1236280 615.2
1236290 615.1
1236300 615.1
1236310 615.1
1236320 615.2
1236330 615.3
1236340 615.3
1236350 615.2
1236360 615.1
1236370 615.1
1236380 615.1
1236390 615.0
1236400 615.0
1236410 615.0
1236420 615.1
1236430 615.4
1236440 615.4
1236450 615.5
1236460 615.2
1236470 615.2
1236480 615.0
1236490 615.0
1236500 615.0
1236510 615.0
1236520 615.0
1236530 615.0
1236540 615.0
1236550 615.0
1236560 615.0
1236570 615.0
1236580 615.0
1236590 615.0
1236600 615.0
1236610 615.0
1236620 615.0
1236630 615.0
1236640 615.0
1236650 615.0
1236660 614.9
1236670 614.9
1236680 614.9
1236690 614.8
1236700 614.7
1236710 614.7
1236720 614.7
1236730 614.7
1236740 614.7
1236750 614.7
1236760 614.8
1236770 614.8
1236780 614.8
1236790 614.8
1236800 614.8
1236810 614.8
1236820 614.8
1236830 614.7
1236840 614.7
1236850 614.6
1236860 614.5
1236870 614.5
1236880 614.5
1236890 614.5
1236900 614.5
1236910 614.5
1236920 614.5
1236930 614.5
1236940 614.4
1236950 614.3
1236960 614.3
1236970 614.2
1236980 614.1
1236990 614.1
1237000 614.1
1237010 614.1
1237020 614.1
1237030 614.1
1237040 614.1
1237050 614.1
1237060 614.1
1237070 614.1
1237080 614.2
1237090 614.2
1237100 614.1
1237110 614.0
1237120 614.0
1237130 613.9
1237140 614.0
1237150 614.0
1237160 613.9
1237170 613.9
1237180 613.9
1237190 614.0
1237200 614.0
1237210 614.0
1237220 614.0
1237230 613.8
1237240 613.7
1237250 613.7
1237260 613.7
1237270 613.7
1237280 613.7
1237290 613.7
1237300 613.6
1237310 613.6
1237320 613.7
1237330 613.8
1237340 613.8
1237350 613.8
1237360 613.9
1237370 613.9
1237380 613.8
1237390 613.7
1237400 613.7
1237410 613.7
1237420 613.7
1237430 613.7
1237440 613.7
1237450 613.7
1237460 613.7
1237470 613.8
1237480 613.8
1237490 613.8
1237500 613.6
1237510 613.5
1237520 613.4
1237530 613.4
1237540 613.4
1237550 613.3
1237560 613.3
1237570 613.4
1237580 613.4
1237590 613.4
1237600 613.4
1237610 613.4
1237620 613.4
1237630 613.3
1237640 613.3
1237650 613.3
1237660 613.4
1237670 613.5
1237680 613.4
1237690 613.5
1237700 613.5
1237710 613.5
1237720 613.6
1237730 613.6
1237740 613.6
1237750 613.6
1237760 613.6
1237770 613.6
1237780 613.8
1237790 613.4
1237800 613.1
1237810 613.1
1237820 611.5
1237830 611.0
1237840 611.0
1237850 610.7
1237860 610.6
1237870 610.6
1237880 610.6
1237890 610.6
1237900 610.6
1237910 610.6
1237920 610.6
1237930 610.6
1237940 610.5
1237950 610.8
1237960 610.8
1237970 613.0
1237980 614.6
1237990 614.6
1238000 614.5
1238010 615.1
1238020 615.1
1238030 615.2
1238040 615.3
1238050 615.3
1238060 615.3
1238070 615.4
1238080 616.4
1238090 616.4
1238100 616.6
1238110 620.3
1238120 620.3
1238130 626.9
1238140 632.6
1238150 632.6
1238160 638.0
1238170 642.4
1238180 642.4
1238190 647.5
1238200 647.3
1238210 647.3
1238220 650.2
1238230 650.9
1238240 650.9
1238250 650.7
1238260 651.7
1238270 651.7
1238280 653.2
1238290 654.0
1238300 654.0
1238310 654.3
1238320 654.6
1238330 654.6
1238340 656.6
1238350 658.5
1238360 661.3
1238370 661.3
1238380 664.8
1238390 667.5
1238400 667.5
1238410 668.2
1238420 668.2
1238430 668.2
1238440 670.3
1238450 674.7
1238460 674.7
1238470 680.5
1238480 685.7
1238490 685.7
1238500 690.1
1238510 694.0
1238520 694.0
1238530 696.4
1238540 696.9
1238550 696.9
1238560 698.2
1238570 704.6
1238580 704.6
1238590 714.0
1238600 719.9
1238610 719.9
1238620 724.3
1238630 728.3
1238640 731.9
1238650 731.9
1238660 734.7
1238670 736.6
1238680 736.6
1238690 737.0
1238700 739.5
1238710 739.5
1238720 740.0
1238730 742.9
1238740 742.9
1238750 745.7
1238760 746.9
1238770 746.9
1238780 747.9
1238790 749.3
1238800 749.3
1238810 751.3
1238820 753.2
1238830 753.2
1238840 754.8
1238850 757.3
1238860 757.3
1238870 760.4
1238880 763.9
1238890 768.9
1238900 768.9
1238910 773.2
1238920 776.4
1238930 776.4
1238940 777.6
1238950 777.4
1238960 777.4
1238970 776.8
1238980 777.0
1238990 777.0
1239000 778.5
1239010 779.8
1239020 779.8
1239030 780.0
1239040 780.2
1239050 780.2
1239060 778.7
1239070 773.8
1239080 773.8
1239090 768.7
1239100 771.4
1239110 771.4
1239120 777.7
1239130 784.3
1239140 784.3
1239150 789.2
1239160 794.1
1239170 797.8
1239180 797.8
1239190 800.6
1239200 803.4
1239210 803.4
1239220 806.9
1239230 811.0
1239240 807.7
1239250 811.9
1239260 816.4
1239270 816.4
1239280 821.5
1239290 827.0
1239300 827.0
1239310 832.1
1239320 836.8
1239330 836.8
1239340 840.1
1239350 843.4
1239360 843.4
1239370 845.5
1239380 845.9
1239390 845.9
1239400 846.0
1239410 847.6
1239420 847.6
1239430 851.0
1239440 856.3
1239450 860.7
1239460 860.7
1239470 864.4
1239480 866.4
1239490 866.4
1239500 867.4
1239510 866.0
1239520 866.0
1239530 864.5
1239540 868.6
1239550 868.6
1239560 871.1
1239570 873.5
1239580 873.5
1239590 877.1
1239600 881.4
1239610 881.4
1239620 885.9
1239630 890.8
1239640 890.8
1239650 896.8
1239660 902.8
1239670 902.8
1239680 907.8
1239690 912.2
1239700 912.2
1239710 916.0
1239720 919.7
1239730 923.5
1239740 923.5
1239750 927.3
1239760 928.2
1239770 928.2
1239780 931.2
1239790 933.9
1239800 933.9
1239810 936.2
1239820 937.6
1239830 937.6
1239840 938.5
1239850 938.5
1239860 938.5
1239870 938.3
1239880 938.2
1239890 938.2
1239900 938.2
1239910 938.1
1239920 938.1
1239930 938.2
1239940 939.1
1239950 939.1
1239960 940.1
1239970 941.3
1239980 941.3
1239990 942.1
