1220000 905.7
1220010 904.9
1220020 904.9
1220030 904.1
1220040 903.7
1220050 903.7
1220060 903.5
1220070 903.5
1220080 903.5
1220090 903.4
1220100 903.4
1220110 903.4
1220120 903.5
1220130 903.2
1220140 903.2
1220150 903.2
1220160 903.2
1220170 903.2
1220180 903.1
1220190 902.9
1220200 902.9
1220210 902.9
1220220 903.1
1220230 903.1
1220240 903.1
1220250 903.2
1220260 903.5
1220270 903.5
1220280 903.7
1220290 903.6
1220300 903.6
1220310 903.5
1220320 903.6
1220330 903.6
1220340 903.6
1220350 903.4
1220360 903.4
1220370 902.6
1220380 902.5
1220390 902.5
1220400 903.0
1220410 903.3
1220420 903.3
1220430 903.5
1220440 903.6
1220450 903.6
1220460 904.0
1220470 904.6
1220480 904.6
1220490 905.5
1220500 905.9
1220510 906.2
1220520 906.2
1220530 906.0
1220540 906.2
1220550 906.2
1220560 906.8
1220570 907.7
1220580 907.7
1220590 908.4
1220600 908.5
1220610 907.7
1220620 907.8
1220630 908.3
1220640 908.3
1220650 908.8
1220660 909.0
1220670 909.0
1220680 909.3
1220690 909.4
1220700 909.4
1220710 909.6
1220720 910.2
1220730 910.2
1220740 909.9
1220750 909.7
1220760 909.7
1220770 910.1
1220780 910.5
1220790 910.6
1220800 910.6
1220810 910.6
1220820 911.1
1220830 911.1
1220840 911.6
1220850 911.8
1220860 911.8
1220870 911.8
1220880 911.8
1220890 911.8
1220900 912.6
1220910 913.4
1220920 913.4
1220930 913.6
1220940 914.0
1220950 914.0
1220960 914.9
1220970 915.6
1220980 915.6
1220990 915.4
1221000 914.9
1221010 914.9
1221020 914.9
1221030 915.4
1221040 915.4
1221050 915.5
1221060 915.6
1221070 915.3
1221080 915.3
1221090 914.5
1221100 914.3
1221110 914.3
1221120 914.5
1221130 915.0
1221140 915.0
1221150 914.8
1221160 914.7
1221170 914.7
1221180 914.8
1221190 914.2
1221200 914.2
1221210 913.8
1221220 913.8
1221230 913.8
1221240 913.9
1221250 914.0
1221260 914.0
1221270 914.8
1221280 914.9
1221290 914.9
1221300 914.7
1221310 914.4
1221320 914.4
1221330 914.5
1221340 914.3
1221350 914.4
1221360 914.4
1221370 914.4
1221380 914.4
1221390 914.4
1221400 914.2
1221410 914.4
1221420 914.4
1221430 914.6
1221440 915.0
1221450 915.0
1221460 915.1
1221470 915.0
1221480 915.0
1221490 915.1
1221500 914.4
1221510 914.4
1221520 914.2
1221530 914.4
1221540 914.4
1221550 914.3
1221560 913.9
1221570 913.9
1221580 913.1
1221590 914.1
1221600 914.6
1221610 914.6
1221620 913.7
1221630 912.7
1221640 912.7
1221650 912.7
1221660 912.5
1221670 912.5
1221680 912.6
1221690 911.8
1221700 911.8
1221710 911.1
1221720 910.8
1221730 910.8
1221740 910.4
1221750 910.4
1221760 910.4
1221770 910.5
1221780 910.5
1221790 910.5
1221800 910.1
1221810 910.1
1221820 910.1
1221830 910.3
1221840 910.5
1221850 910.5
1221860 910.3
1221870 909.7
1221880 909.2
1221890 909.2
1221900 909.2
1221910 909.0
1221920 909.0
1221930 908.9
1221940 909.1
1221950 909.1
1221960 908.9
1221970 908.5
1221980 908.5
1221990 908.5
1222000 908.3
1222010 908.3
1222020 908.2
1222030 908.6
1222040 908.6
1222050 909.5
1222060 908.6
1222070 908.6
1222080 908.4
1222090 908.5
1222100 908.5
1222110 908.0
1222120 907.5
1222130 907.5
1222140 906.7
1222150 906.0
1222160 905.9
1222170 905.9
1222180 905.9
1222190 905.7
1222200 905.7
1222210 905.2
1222220 904.7
1222230 904.7
1222240 904.4
1222250 904.0
1222260 904.0
1222270 904.1
1222280 903.1
1222290 903.1
1222300 902.8
1222310 903.4
1222320 903.4
1222330 903.6
1222340 903.6
1222350 903.6
1222360 904.0
1222370 904.1
1222380 904.1
1222390 904.3
1222400 904.5
1222410 904.5
1222420 904.7
1222430 904.4
1222440 902.5
1222450 902.5
1222460 901.4
1222470 900.2
1222480 900.2
1222490 897.3
1222500 896.5
1222510 896.5
1222520 895.6
1222530 893.1
1222540 893.1
1222550 891.8
1222560 891.6
1222570 891.6
1222580 892.1
1222590 894.8
1222600 894.8
1222610 895.6
1222620 896.4
1222630 896.4
1222640 899.4
1222650 903.0
1222660 903.0
1222670 903.1
1222680 902.9
1222690 902.9
1222700 902.8
1222710 902.6
1222720 902.5
1222730 902.5
1222740 902.4
1222750 902.4
1222760 902.4
1222770 902.3
1222780 902.2
1222790 902.2
1222800 902.0
1222810 901.9
1222820 901.9
1222830 901.8
1222840 901.6
1222850 901.6
1222860 901.5
1222870 901.5
1222880 901.5
1222890 901.6
1222900 901.7
1222910 901.7
1222920 901.6
1222930 901.6
1222940 901.6
1222950 901.2
1222960 900.7
1222970 900.7
1222980 900.3
1222990 900.2
1223000 900.1
1223010 900.1
1223020 899.9
1223030 899.2
1223040 899.2
1223050 899.1
1223060 899.1
1223070 899.1
1223080 899.0
1223090 898.9
1223100 898.9
1223110 898.9
1223120 898.3
1223130 898.3
1223140 897.5
1223150 897.3
1223160 897.3
1223170 897.2
1223180 897.1
1223190 897.1
1223200 896.7
1223210 896.4
1223220 896.4
1223230 896.1
1223240 895.8
1223250 895.8
1223260 895.4
1223270 895.0
1223280 894.8
1223290 894.8
1223300 894.6
1223310 894.4
1223320 894.4
1223330 893.8
1223340 893.3
1223350 893.3
1223360 892.8
1223370 892.3
1223380 892.3
1223390 891.8
1223400 891.6
1223410 891.6
1223420 891.5
1223430 891.2
1223440 891.2
1223450 891.1
1223460 890.9
1223470 890.9
1223480 890.3
1223490 889.7
1223500 889.7
1223510 889.2
1223520 888.3
1223530 888.3
1223540 887.8
1223550 887.2
1223560 887.0
1223570 887.0
1223580 887.0
1223590 886.5
1223600 886.5
1223610 885.8
1223620 885.4
1223630 885.4
1223640 885.0
1223650 884.8
1223660 884.8
1223670 884.6
1223680 884.5
1223690 884.5
1223700 884.5
1223710 884.6
1223720 884.6
1223730 884.4
1223740 884.1
1223750 884.1
1223760 883.8
1223770 883.4
1223780 883.4
1223790 883.0
1223800 882.6
1223810 882.6
1223820 882.2
1223830 881.7
1223840 881.3
1223850 881.3
1223860 881.0
1223870 880.7
1223880 880.7
1223890 880.3
1223900 879.8
1223910 879.8
1223920 879.3
1223930 878.7
1223940 878.7
1223950 878.3
1223960 877.9
1223970 877.9
1223980 877.4
1223990 877.0
1224000 877.0
1224010 876.2
1224020 875.8
1224030 875.8
1224040 875.4
1224050 875.0
1224060 875.0
1224070 874.6
1224080 874.0
1224090 874.0
1224100 873.5
1224110 873.0
1224120 872.4
1224130 872.4
1224140 871.8
1224150 871.3
1224160 871.3
1224170 870.7
1224180 870.1
1224190 870.1
1224200 869.6
1224210 869.1
1224220 869.1
1224230 868.4
1224240 867.7
1224250 867.7
1224260 867.2
1224270 866.7
1224280 866.7
1224290 866.2
1224300 865.6
1224310 865.6
1224320 865.1
1224330 864.7
1224340 864.7
1224350 864.2
1224360 863.9
1224370 863.6
1224380 863.6
1224390 863.4
1224400 863.0
1224410 863.0
1224420 862.5
1224430 862.0
1224440 862.0
1224450 861.6
1224460 861.2
1224470 861.2
1224480 860.8
1224490 860.7
1224500 860.7
1224510 860.2
1224520 858.9
1224530 858.9
1224540 858.0
1224550 857.6
1224560 857.6
1224570 857.4
1224580 856.8
1224590 856.8
1224600 856.2
1224610 855.8
1224620 855.8
1224630 855.4
1224640 855.1
1224650 854.6
1224660 854.6
1224670 854.1
1224680 853.5
1224690 853.5
1224700 852.9
1224710 852.5
1224720 852.5
1224730 852.1
1224740 851.7
1224750 851.7
1224760 851.3
1224770 850.8
1224780 850.8
1224790 850.3
1224800 849.8
1224810 849.8
1224820 849.4
1224830 849.1
1224840 849.1
1224850 848.7
1224860 848.3
1224870 848.3
1224880 847.8
1224890 847.2
1224900 847.2
1224910 846.8
1224920 846.3
1224930 846.0
1224940 846.0
1224950 845.7
1224960 845.5
1224970 845.5
1224980 845.5
1224990 845.2
1225000 845.2
1225010 845.1
1225020 845.0
1225030 845.0
1225040 845.0
1225050 845.2
1225060 845.2
1225070 845.4
1225080 845.3
1225090 845.3
1225100 845.4
1225110 845.4
1225120 845.4
1225130 845.3
1225140 845.3
1225150 845.3
1225160 845.3
1225170 845.2
1225180 845.2
1225190 845.0
1225200 844.6
1225210 844.2
1225220 844.2
1225230 843.7
1225240 843.1
1225250 843.1
1225260 842.6
1225270 842.3
1225280 842.3
1225290 842.2
1225300 842.0
1225310 842.0
1225320 841.7
1225330 841.4
1225340 841.4
1225350 840.9
1225360 840.3
1225370 840.3
1225380 839.4
1225390 838.6
1225400 838.6
1225410 837.9
1225420 837.3
1225430 837.3
1225440 836.8
1225450 836.3
1225460 836.3
1225470 835.7
1225480 833.6
1225490 832.9
1225500 832.9
1225510 832.3
1225520 831.6
1225530 831.6
1225540 830.9
1225550 830.0
1225560 830.0
1225570 828.9
1225580 827.8
1225590 827.8
1225600 826.6
1225610 825.6
1225620 825.6
1225630 824.6
1225640 823.6
1225650 823.6
1225660 822.6
1225670 821.8
1225680 821.8
1225690 821.1
1225700 820.7
1225710 820.7
1225720 820.5
1225730 820.7
1225740 820.7
1225750 822.2
1225760 824.5
1225770 826.9
1225780 826.9
1225790 828.2
1225800 828.7
1225810 828.7
1225820 829.1
1225830 829.5
1225840 829.5
1225850 829.8
1225860 829.8
1225870 829.8
1225880 829.7
1225890 829.7
1225900 829.7
1225910 829.6
1225920 829.1
1225930 829.1
1225940 828.3
1225950 827.6
1225960 827.6
1225970 826.9
1225980 826.0
1225990 826.0
1226000 824.8
1226010 822.2
1226020 822.2
1226030 818.3
1226040 815.7
1226050 814.4
1226060 814.4
1226070 813.9
1226080 814.0
1226090 814.0
1226100 814.1
1226110 813.5
1226120 813.5
1226130 812.1
1226140 811.8
1226150 811.8
1226160 812.6
1226170 814.0
1226180 814.0
1226190 814.8
1226200 814.4
1226210 814.4
1226220 813.4
1226230 812.4
1226240 812.4
1226250 810.8
1226260 808.7
1226270 808.7
1226280 808.1
1226290 807.5
1226300 807.5
1226310 806.1
1226320 805.3
1226330 804.7
1226340 804.7
1226350 804.1
1226360 803.6
1226370 803.6
1226380 803.0
1226390 802.5
1226400 802.5
1226410 801.9
1226420 800.9
1226430 800.9
1226440 800.7
1226450 801.0
1226460 801.0
1226470 803.9
1226480 807.2
1226490 807.2
1226500 807.4
1226510 806.3
1226520 806.3
1226530 806.0
1226540 805.0
1226550 805.0
1226560 801.8
1226570 797.7
1226580 797.7
1226590 795.7
1226600 795.0
1226610 794.7
1226620 794.7
1226630 794.3
1226640 793.9
1226650 793.9
1226660 793.4
1226670 792.9
1226680 792.9
1226690 792.3
1226700 791.7
1226710 791.7
1226720 791.2
1226730 790.9
1226740 790.9
1226750 790.7
1226760 790.6
1226770 790.6
1226780 790.6
1226790 790.6
1226800 790.6
1226810 790.7
1226820 790.7
1226830 790.7
1226840 790.6
1226850 790.4
1226860 790.4
1226870 790.2
1226880 789.9
1226890 789.7
1226900 789.7
1226910 789.3
1226920 788.9
1226930 788.9
1226940 788.6
1226950 788.1
1226960 788.0
1226970 787.6
1226980 787.4
1226990 787.4
1227000 786.9
1227010 786.4
1227020 786.4
1227030 786.0
1227040 785.7
1227050 785.7
1227060 785.5
1227070 785.2
1227080 785.2
1227090 785.0
1227100 784.8
1227110 784.8
1227120 784.5
1227130 784.3
1227140 784.1
1227150 784.1
1227160 783.9
1227170 783.9
1227180 783.9
1227190 783.7
1227200 783.5
1227210 783.5
1227220 783.0
1227230 782.9
1227240 782.9
1227250 783.7
1227260 783.8
1227270 783.8
1227280 782.6
1227290 781.0
1227300 781.0
1227310 780.4
1227320 781.0
1227330 781.0
1227340 781.3
1227350 781.8
1227360 781.8
1227370 781.5
1227380 781.5
1227390 781.5
1227400 780.9
1227410 779.8
1227420 778.8
1227430 778.8
1227440 778.5
1227450 778.2
1227460 777.8
1227470 777.5
1227480 777.2
1227490 777.2
1227500 776.9
1227510 776.6
1227520 776.6
1227530 776.2
1227540 775.9
1227550 775.9
1227560 775.5
1227570 775.0
1227580 775.0
1227590 774.5
1227600 774.1
1227610 774.1
1227620 773.8
1227630 773.5
1227640 773.5
1227650 773.3
1227660 773.1
1227670 773.1
1227680 772.9
1227690 772.8
1227700 772.8
1227710 772.8
1227720 773.6
1227730 775.4
1227740 775.4
1227750 777.7
1227760 782.1
1227770 782.1
1227780 787.3
1227790 791.6
1227800 791.6
1227810 794.8
1227820 797.9
1227830 797.9
1227840 800.3
1227850 802.1
1227860 802.1
1227870 803.3
1227880 804.0
1227890 804.0
1227900 804.8
1227910 805.3
1227920 805.3
1227930 805.9
1227940 806.4
1227950 807.5
1227960 807.7
1227970 807.2
1227980 806.5
1227990 806.5
1228000 806.4
1228010 806.7
1228020 806.7
1228030 806.8
1228040 807.0
1228050 807.0
1228060 807.2
1228070 807.4
1228080 807.4
1228090 807.6
1228100 807.7
1228110 807.7
1228120 807.6
1228130 807.0
1228140 807.0
1228150 805.9
1228160 805.7
1228170 805.7
1228180 806.5
1228190 806.9
1228200 806.9
1228210 806.9
1228220 805.4
1228230 805.4
1228240 804.3
1228250 803.7
1228260 803.2
1228270 803.2
1228280 802.5
1228290 801.4
1228300 801.4
1228310 801.2
1228320 801.5
1228330 801.5
1228340 802.1
1228350 802.9
1228360 802.9
1228370 803.8
1228380 804.3
1228390 804.3
1228400 804.7
1228410 804.3
1228420 804.3
1228430 802.2
1228440 801.6
1228450 800.4
1228460 801.9
1228470 804.3
1228480 804.3
1228490 806.5
1228500 807.7
1228510 807.7
1228520 808.5
1228530 808.6
1228540 808.5
1228550 808.5
1228560 808.3
1228570 808.2
1228580 808.2
1228590 807.9
1228600 806.1
1228610 806.1
1228620 805.1
1228630 805.1
1228640 805.1
1228650 805.3
1228660 805.4
1228670 805.4
1228680 805.4
1228690 805.2
1228700 805.2
1228710 805.3
1228720 805.2
1228730 805.2
1228740 805.1
1228750 804.9
1228760 804.9
1228770 804.3
1228780 804.1
1228790 804.1
1228800 803.7
1228810 803.2
1228820 802.8
1228830 802.8
1228840 802.7
1228850 802.6
1228860 802.6
1228870 802.5
1228880 802.4
1228890 802.4
1228900 802.2
1228910 801.9
1228920 801.9
1228930 801.5
1228940 801.1
1228950 801.2
1228960 799.8
1228970 797.0
1228980 797.0
1228990 793.8
1229000 791.3
1229010 791.3
1229020 790.3
1229030 789.0
1229040 789.0
1229050 787.0
1229060 787.1
1229070 787.1
1229080 787.2
1229090 786.8
1229100 786.0
1229110 786.0
1229120 785.0
1229130 784.0
1229140 784.0
1229150 783.1
1229160 782.1
1229170 782.1
1229180 781.2
1229190 780.3
1229200 780.3
1229210 779.5
1229220 778.6
1229230 778.6
1229240 777.8
1229250 776.9
1229260 776.9
1229270 776.6
1229280 779.2
1229290 779.2
1229300 780.9
1229310 781.0
1229320 781.0
1229330 780.7
1229340 780.5
1229350 780.5
1229360 780.9
1229370 782.5
1229380 785.0
1229390 785.0
1229400 788.0
1229410 790.6
1229420 790.6
1229430 792.2
1229440 792.6
1229450 792.7
1229460 792.5
1229470 792.3
1229480 792.3
1229490 792.1
1229500 791.9
1229510 791.9
1229520 791.7
1229530 791.5
1229540 791.5
1229550 791.5
1229560 792.2
1229570 792.2
1229580 793.7
1229590 795.2
1229600 795.2
1229610 796.6
1229620 797.6
1229630 797.6
1229640 798.2
1229650 797.8
1229660 793.8
1229670 793.8
1229680 788.2
1229690 783.2
1229700 783.2
1229710 778.1
1229720 773.9
1229730 773.9
1229740 770.2
1229750 766.8
1229760 766.8
1229770 763.7
1229780 759.9
1229790 759.9
1229800 757.0
1229810 755.1
1229820 755.1
1229830 752.5
1229840 751.9
1229850 751.9
1229860 754.7
1229870 760.3
1229880 760.3
1229890 766.0
1229900 771.2
1229910 776.7
1229920 776.7
1229930 782.5
1229940 788.5
1229950 789.4
1229960 795.2
1229970 798.2
1229980 798.2
1229990 798.4
1230000 798.2
1230010 798.2
1230020 797.8
1230030 797.3
1230040 797.3
1230050 797.0
1230060 796.7
1230070 796.7
1230080 796.5
1230090 796.7
1230100 796.7
1230110 796.7
1230120 796.5
1230130 796.5
1230140 796.5
1230150 796.5
1230160 796.5
1230170 796.4
1230180 796.3
1230190 796.1
1230200 796.1
1230210 796.0
1230220 795.4
1230230 795.4
1230240 794.3
1230250 791.4
1230260 791.4
1230270 787.7
1230280 784.9
1230290 784.9
1230300 781.7
1230310 777.8
1230320 777.8
1230330 773.9
1230340 771.2
1230350 771.2
1230360 770.3
1230370 770.0
1230380 770.0
1230390 766.0
1230400 761.3
1230410 761.3
1230420 757.4
1230430 754.0
1230440 754.0
1230450 746.3
1230460 747.0
1230470 749.0
1230480 749.0
1230490 751.1
1230500 752.4
1230510 752.4
1230520 751.2
1230530 748.2
1230540 748.2
1230550 744.2
1230560 738.6
1230570 738.6
1230580 732.2
1230590 725.8
1230600 725.8
1230610 719.6
1230620 713.3
1230630 713.3
1230640 706.9
1230650 700.4
1230660 700.4
1230670 694.9
1230680 692.2
1230690 692.2
1230700 690.8
1230710 689.0
1230720 689.0
1230730 686.8
1230740 683.5
1230750 679.0
1230760 679.0
1230770 676.5
1230780 673.8
1230790 673.8
1230800 670.7
1230810 667.5
1230820 667.5
1230830 665.6
1230840 665.2
1230850 665.2
1230860 665.2
1230870 665.0
1230880 665.0
1230890 664.9
1230900 664.9
1230910 664.9
1230920 664.9
1230930 665.1
1230940 665.1
1230950 664.8
1230960 665.0
1230970 665.0
1230980 665.4
1230990 665.7
1231000 665.7
1231010 666.0
1231020 666.2
1231030 666.3
1231040 666.3
1231050 666.4
1231060 666.5
1231070 666.5
1231080 666.8
1231090 667.2
1231100 667.2
1231110 667.6
1231120 667.9
1231130 667.9
1231140 668.2
1231150 668.3
1231160 668.3
1231170 668.2
1231180 668.2
1231190 668.2
1231200 668.5
1231210 668.6
1231220 668.6
1231230 668.2
1231240 668.1
1231250 668.1
1231260 667.8
1231270 667.6
1231280 667.6
1231290 667.1
1231300 666.6
1231310 665.9
1231320 665.9
1231330 664.9
1231340 664.3
1231350 664.3
1231360 663.9
1231370 663.7
1231380 663.7
1231390 663.7
1231400 663.5
1231410 663.5
1231420 663.1
1231430 663.0
1231440 663.0
1231450 662.8
1231460 662.4
1231470 662.4
1231480 662.1
1231490 661.9
1231500 661.9
1231510 661.7
1231520 661.2
1231530 661.2
1231540 660.4
1231550 659.1
1231560 659.1
1231570 656.2
1231580 654.6
1231590 656.9
1231600 656.9
1231610 660.1
1231620 660.1
1231630 660.1
1231640 658.9
1231650 657.8
1231660 657.8
1231670 656.9
1231680 656.6
1231690 656.6
1231700 656.7
1231710 657.0
1231720 657.0
1231730 657.1
1231740 657.5
1231750 657.5
1231760 657.3
1231770 656.3
1231780 656.3
1231790 654.3
1231800 653.3
1231810 653.3
1231820 653.3
1231830 654.0
1231840 654.0
1231850 655.0
1231860 655.8
1231870 656.2
1231880 656.2
1231890 656.0
1231900 655.7
1231910 655.7
1231920 655.6
1231930 655.3
1231940 655.3
1231950 655.0
1231960 654.5
1231970 654.5
1231980 654.1
1231990 653.7
1232000 653.7
1232010 653.2
1232020 652.9
1232030 652.9
1232040 652.5
1232050 652.1
1232060 652.1
1232070 651.6
1232080 651.1
1232090 651.1
1232100 650.7
1232110 650.2
1232120 650.2
1232130 649.8
1232140 649.5
1232150 649.2
1232160 649.2
1232170 648.8
1232180 648.3
1232190 648.3
1232200 648.1
1232210 648.2
1232220 648.2
1232230 647.9
1232240 647.3
1232250 647.3
1232260 646.7
1232270 646.3
1232280 646.3
1232290 645.9
1232300 645.5
1232310 645.5
1232320 644.9
1232330 644.3
1232340 644.3
1232350 644.0
1232360 644.0
1232370 644.0
1232380 643.0
1232390 642.6
1232400 642.4
1232410 642.4
1232420 642.0
1232430 641.8
1232440 641.8
1232450 641.5
1232460 641.1
1232470 641.1
1232480 641.0
1232490 640.9
1232500 640.9
1232510 640.9
1232520 640.9
1232530 640.9
1232540 640.8
1232550 640.9
1232560 640.9
1232570 641.0
1232580 640.8
1232590 640.8
1232600 641.1
1232610 641.5
1232620 641.5
1232630 641.2
1232640 641.3
1232650 641.3
1232660 641.5
1232670 641.3
1232680 641.5
1232690 641.5
1232700 641.7
1232710 642.0
1232720 642.0
1232730 642.3
1232740 642.5
1232750 642.5
1232760 642.3
1232770 642.3
1232780 642.3
1232790 642.9
1232800 643.6
1232810 643.6
1232820 643.3
1232830 643.3
1232840 643.3
1232850 643.6
1232860 644.0
1232870 644.0
1232880 644.1
1232890 644.3
1232900 644.3
1232910 645.0
1232920 645.3
1232930 645.3
1232940 645.4
1232950 645.4
1232960 645.3
1232970 644.8
1232980 644.7
1232990 644.5
1233000 644.5
1233010 644.7
1233020 644.6
1233030 644.6
1233040 644.5
1233050 644.5
1233060 644.5
1233070 644.6
1233080 644.7
1233090 644.7
1233100 644.9
1233110 644.9
1233120 644.9
1233130 644.8
1233140 645.0
1233150 645.0
1233160 645.4
1233170 645.7
1233180 645.7
1233190 645.8
1233200 646.0
1233210 646.0
1233220 646.2
1233230 647.0
1233240 647.4
1233250 647.4
1233260 646.1
1233270 645.8
1233280 645.8
1233290 645.6
1233300 645.6
1233310 645.6
1233320 645.7
1233330 645.3
1233340 645.3
1233350 645.1
1233360 645.1
1233370 645.1
1233380 647.3
1233390 645.7
1233400 645.7
1233410 644.9
1233420 644.9
1233430 644.9
1233440 644.6
1233450 644.4
1233460 644.4
1233470 644.5
1233480 643.1
1233490 643.1
1233500 642.9
1233510 642.3
1233520 641.9
1233530 641.9
1233540 641.5
1233550 641.1
1233560 641.1
1233570 640.6
1233580 640.2
1233590 640.2
1233600 639.9
1233610 639.5
1233620 639.5
1233630 639.0
1233640 638.5
1233650 638.5
1233660 638.1
1233670 637.7
1233680 637.7
1233690 637.5
1233700 637.4
1233710 637.4
1233720 637.6
1233730 637.2
1233740 637.2
1233750 636.6
1233760 636.0
1233770 636.0
1233780 635.4
1233790 634.9
1233800 634.5
1233810 634.5
1233820 634.2
1233830 634.0
1233840 634.0
1233850 633.7
1233860 633.6
1233870 633.6
1233880 633.6
1233890 633.6
1233900 633.6
1233910 633.4
1233920 633.0
1233930 633.0
1233940 632.6
1233950 632.3
1233960 632.3
1233970 632.0
1233980 631.7
1233990 631.1
1234000 630.8
1234010 630.4
1234020 630.4
1234030 630.3
1234040 630.3
1234050 630.3
1234060 629.8
1234070 629.2
1234080 628.7
1234090 628.7
1234100 628.3
1234110 627.8
1234120 627.8
1234130 627.3
1234140 627.0
1234150 627.0
1234160 626.8
1234170 626.5
1234180 626.5
1234190 626.3
1234200 626.0
1234210 626.0
1234220 625.8
1234230 625.4
1234240 625.4
1234250 625.0
1234260 624.6
1234270 624.6
1234280 624.2
1234290 623.9
1234300 623.9
1234310 623.6
1234320 623.4
1234330 623.4
1234340 623.4
1234350 623.2
1234360 623.0
1234370 623.0
1234380 622.6
1234390 622.2
1234400 622.2
1234410 621.9
1234420 621.6
1234430 621.6
1234440 621.3
1234450 621.1
1234460 621.1
1234470 620.8
1234480 620.4
1234490 619.9
1234500 619.6
1234510 619.5
1234520 619.5
1234530 619.4
1234540 619.2
1234550 619.2
1234560 619.0
1234570 618.7
1234580 618.7
1234590 618.5
1234600 618.4
1234610 618.3
1234620 618.3
1234630 618.2
1234640 617.5
1234650 617.5
1234660 617.7
1234670 617.8
1234680 617.8
1234690 617.8
1234700 617.7
1234710 617.7
1234720 617.6
1234730 617.6
1234740 617.6
1234750 617.7
1234760 617.6
1234770 617.6
1234780 617.5
1234790 617.3
1234800 617.3
1234810 617.4
1234820 617.6
1234830 617.6
1234840 617.5
1234850 617.3
1234860 617.3
1234870 617.2
1234880 617.2
1234890 617.4
1234900 617.4
1234910 617.3
1234920 617.4
1234930 617.4
1234940 617.5
1234950 617.5
1234960 617.5
1234970 617.7
1234980 617.8
1234990 617.8
1235000 617.8
1235010 617.8
1235020 617.8
1235030 617.8
1235040 617.4
1235050 617.4
1235060 617.1
1235070 617.2
1235080 617.2
1235090 617.2
1235100 617.2
1235110 617.2
1235120 617.1
1235130 617.1
1235140 617.1
1235150 617.0
1235160 617.1
1235170 617.1
1235180 617.1
1235190 617.1
1235200 617.2
1235210 617.2
1235220 617.4
1235230 617.7
1235240 617.7
1235250 618.0
1235260 618.1
1235270 618.1
1235280 618.1
1235290 617.9
1235300 617.9
1235310 617.6
1235320 617.3
1235330 617.3
1235340 617.2
1235350 617.0
1235360 617.0
1235370 616.9
1235380 616.8
1235390 616.8
1235400 616.7
1235410 616.7
1235420 616.7
1235430 616.8
1235440 616.6
1235450 616.6
1235460 616.6
1235470 616.6
1235480 616.5
1235490 616.5
1235500 616.6
1235510 616.6
1235520 616.6
1235530 616.5
1235540 616.5
1235550 616.5
1235560 616.4
1235570 616.4
1235580 616.4
1235590 616.4
1235600 616.4
1235610 616.4
1235620 616.4
1235630 616.3
1235640 616.3
1235650 616.2
1235660 616.3
1235670 616.3
1235680 616.3
1235690 616.3
1235700 616.3
1235710 616.2
1235720 616.2
1235730 616.3
1235740 616.3
1235750 616.4
1235760 616.4
1235770 616.4
1235780 616.3
1235790 616.2
1235800 616.2
1235810 616.2
1235820 616.2
1235830 616.2
1235840 616.2
1235850 615.9
1235860 615.9
1235870 616.3
1235880 619.2
1235890 619.2
1235900 620.9
1235910 621.3
1235920 621.3
1235930 622.2
1235940 621.9
1235950 621.9
1235960 620.7
1235970 620.7
1235980 620.7
1235990 620.9
1236000 620.6
1236010 619.6
1236020 619.6
1236030 620.8
1236040 620.8
1236050 620.8
1236060 620.7
1236070 620.5
1236080 620.5
1236090 620.3
1236100 620.1
1236110 620.1
1236120 619.9
1236130 619.7
1236140 619.7
1236150 619.6
1236160 619.5
1236170 619.5
1236180 619.4
1236190 619.4
1236200 619.4
1236210 619.4
1236220 619.5
1236230 619.5
1236240 619.5
1236250 619.5
1236260 619.5
1236270 619.5
1236280 619.3
1236290 619.0
1236300 619.0
1236310 618.8
1236320 618.6
1236330 618.6
1236340 618.6
1236350 618.6
1236360 618.6
1236370 618.6
1236380 618.6
1236390 618.6
1236400 618.5
1236410 618.4
1236420 618.4
1236430 618.3
1236440 618.4
1236450 618.4
1236460 618.5
1236470 618.5
1236480 618.5
1236490 617.6
1236500 616.8
1236510 616.8
1236520 616.4
1236530 616.3
1236540 616.2
1236550 616.3
1236560 616.3
1236570 616.3
1236580 616.3
1236590 616.3
1236600 615.9
1236610 615.9
1236620 615.9
1236630 615.9
1236640 615.9
1236650 615.9
1236660 615.9
1236670 615.9
1236680 615.8
1236690 615.8
1236700 615.8
1236710 615.7
1236720 615.7
1236730 615.7
1236740 615.7
1236750 616.1
1236760 616.1
1236770 615.9
1236780 615.2
1236790 615.2
1236800 615.3
1236810 615.3
1236820 614.7
1236830 614.7
1236840 613.8
1236850 613.5
1236860 613.5
1236870 613.7
1236880 614.3
1236890 614.3
1236900 615.3
1236910 615.3
1236920 615.3
1236930 614.0
1236940 613.3
1236950 613.3
1236960 613.7
1236970 613.9
1236980 613.9
1236990 614.3
1237000 614.7
1237010 614.7
1237020 615.2
1237030 615.7
1237040 615.7
1237050 616.1
1237060 616.2
1237070 616.2
1237080 616.3
1237090 616.3
1237100 616.2
1237110 616.2
1237120 616.2
1237130 616.2
1237140 616.2
1237150 616.5
1237160 617.1
1237170 617.1
1237180 617.9
1237190 618.3
1237200 618.3
1237210 618.5
1237220 618.6
1237230 618.6
1237240 618.5
1237250 618.4
1237260 618.4
1237270 618.4
1237280 618.3
1237290 618.3
1237300 618.2
1237310 618.3
1237320 618.3
1237330 618.9
1237340 619.4
1237350 619.4
1237360 619.7
1237370 621.3
1237380 623.9
1237390 623.9
1237400 625.7
1237410 627.6
1237420 627.6
1237430 629.8
1237440 632.4
1237450 632.4
1237460 635.3
1237470 637.0
1237480 637.0
1237490 638.5
1237500 640.4
1237510 640.4
1237520 642.0
1237530 643.5
1237540 643.5
1237550 644.6
1237560 646.8
1237570 643.4
1237580 646.0
1237590 646.7
1237600 646.7
1237610 646.9
1237620 646.4
1237630 646.4
1237640 646.9
1237650 653.6
1237660 661.7
1237670 661.7
1237680 666.5
1237690 670.7
1237700 670.7
1237710 674.9
1237720 678.7
1237730 678.7
1237740 683.2
1237750 686.1
1237760 686.1
1237770 688.0
1237780 690.8
1237790 690.8
1237800 693.3
1237810 696.8
1237820 696.8
1237830 700.5
1237840 704.6
1237850 704.6
1237860 708.8
1237870 712.4
1237880 712.4
1237890 716.1
1237900 719.6
1237910 719.6
1237920 722.9
1237930 726.2
1237940 729.3
1237950 729.3
1237960 732.0
1237970 734.8
1237980 734.8
1237990 737.7
1238000 740.8
1238010 740.8
1238020 743.9
1238030 746.7
1238040 746.7
1238050 749.3
1238060 749.6
1238070 749.6
1238080 753.4
1238090 755.4
1238100 755.4
1238110 759.0
1238120 762.0
1238130 762.0
1238140 766.0
1238150 770.6
1238160 770.6
1238170 774.0
1238180 779.8
1238190 779.8
1238200 786.2
1238210 791.7
1238220 796.5
1238230 796.5
1238240 801.3
1238250 805.9
1238260 805.9
1238270 809.8
1238280 813.2
1238290 813.2
1238300 818.1
1238310 822.1
1238320 822.1
1238330 827.2
1238340 831.6
1238350 831.6
1238360 836.0
1238370 839.9
1238380 839.9
1238390 844.5
1238400 848.9
1238410 848.9
1238420 853.2
1238430 857.8
1238440 857.8
1238450 862.0
1238460 865.6
1238470 865.6
1238480 867.3
1238490 867.3
1238500 866.8
1238510 866.8
1238520 866.3
1238530 865.8
1238540 865.8
1238550 865.3
1238560 864.8
1238570 864.8
1238580 865.2
1238590 867.0
1238600 866.7
1238610 869.0
1238620 873.3
1238630 873.3
1238640 877.8
1238650 881.0
1238660 881.0
1238670 884.3
1238680 888.2
1238690 888.2
1238700 892.5
1238710 896.2
1238720 896.2
1238730 899.5
1238740 903.1
1238750 903.1
1238760 905.9
1238770 908.7
1238780 911.6
1238790 911.6
1238800 914.1
1238810 916.1
1238820 916.1
1238830 918.3
1238840 919.3
1238850 919.3
1238860 919.5
1238870 916.8
1238880 916.8
1238890 917.1
1238900 921.5
1238910 921.5
1238920 924.9
1238930 927.2
1238940 927.2
1238950 929.6
1238960 933.1
1238970 933.1
1238980 936.8
1238990 939.9
1239000 939.9
1239010 942.8
1239020 945.7
1239030 947.7
1239040 947.7
1239050 949.7
1239060 952.1
1239070 952.1
1239080 954.4
1239090 956.5
1239100 956.5
1239110 958.9
1239120 959.1
1239130 959.1
1239140 962.2
1239150 965.9
1239160 965.9
1239170 970.1
1239180 975.3
1239190 975.3
1239200 980.9
1239210 986.6
1239220 986.6
1239230 990.0
1239240 996.2
1239250 996.2
1239260 1002.9
1239270 1006.9
1239280 1006.9
1239290 1010.8
1239300 1013.7
1239310 1016.1
1239320 1016.1
1239330 1018.4
1239340 1020.1
1239350 1020.1
1239360 1022.2
1239370 1023.7
1239380 1023.7
1239390 1024.6
1239400 1025.6
1239410 1025.6
1239420 1027.4
1239430 1029.3
1239440 1029.3
1239450 1031.8
1239460 1036.8
1239470 1036.8
1239480 1043.2
1239490 1048.5
1239500 1048.5
1239510 1052.1
1239520 1055.6
1239530 1055.6
1239540 1059.2
1239550 1063.0
1239560 1063.0
1239570 1066.1
1239580 1069.3
1239590 1071.6
1239600 1071.6
1239610 1073.2
1239620 1074.7
1239630 1074.7
1239640 1075.5
1239650 1076.9
1239660 1076.9
1239670 1078.6
1239680 1079.3
1239690 1079.3
1239700 1079.6
1239710 1080.3
1239720 1080.3
1239730 1081.7
1239740 1083.4
1239750 1083.4
1239760 1085.3
1239770 1087.1
1239780 1087.1
1239790 1090.5
1239800 1095.9
1239810 1095.9
1239820 1100.1
1239830 1104.0
1239840 1104.0
1239850 1106.7
1239860 1109.5
1239870 1112.6
1239880 1112.6
1239890 1115.0
1239900 1116.9
1239910 1116.9
1239920 1118.7
1239930 1120.6
1239940 1120.6
1239950 1121.9
1239960 1123.1
1239970 1123.1
1239980 1124.7
1239990 1126.8
