1220000 909.5
1220010 909.2
1220020 908.9
1220030 908.0
1220040 907.6
1220050 907.1
1220060 907.1
1220070 906.6
1220080 906.1
1220090 906.1
1220100 905.6
1220110 905.3
1220120 905.3
1220130 905.4
1220140 905.6
1220150 905.6
1220160 905.8
1220170 906.0
1220180 906.0
1220190 905.8
1220200 906.1
1220210 906.1
1220220 906.6
1220230 906.7
1220240 906.7
1220250 906.6
1220260 906.6
1220270 906.7
1220280 906.7
1220290 906.7
1220300 906.6
1220310 906.6
1220320 906.8
1220330 907.2
1220340 907.2
1220350 907.6
1220360 907.8
1220370 907.8
1220380 908.0
1220390 908.4
1220400 908.4
1220410 908.8
1220420 909.2
1220430 909.2
1220440 909.7
1220450 909.9
1220460 909.9
1220470 910.3
1220480 910.9
1220490 910.9
1220500 911.5
1220510 911.2
1220520 911.2
1220530 911.3
1220540 911.5
1220550 911.8
1220560 911.8
1220570 912.8
1220580 914.3
1220590 914.3
1220600 914.2
1220610 914.5
1220620 914.5
1220630 915.0
1220640 915.5
1220650 915.5
1220660 916.1
1220670 916.5
1220680 916.5
1220690 916.5
1220700 916.2
1220710 916.2
1220720 917.0
1220730 917.0
1220740 917.0
1220750 917.3
1220760 917.7
1220770 917.7
1220780 918.2
1220790 917.3
1220800 917.3
1220810 917.8
1220820 918.2
1220830 918.6
1220840 918.6
1220850 918.5
1220860 918.4
1220870 918.4
1220880 918.7
1220890 919.2
1220900 919.2
1220910 918.3
1220920 918.5
1220930 918.5
1220940 918.8
1220950 918.9
1220960 918.9
1220970 919.7
1220980 920.7
1220990 920.0
1221000 920.3
1221010 920.4
1221020 920.4
1221030 920.7
1221040 920.9
1221050 920.9
1221060 920.8
1221070 921.0
1221080 921.0
1221090 921.6
1221100 922.7
1221110 922.6
1221120 922.6
1221130 922.0
1221140 921.4
1221150 921.4
1221160 921.1
1221170 921.4
1221180 921.4
1221190 920.6
1221200 920.3
1221210 920.3
1221220 920.3
1221230 920.0
1221240 920.0
1221250 920.6
1221260 921.2
1221270 921.2
1221280 921.1
1221290 920.9
1221300 920.9
1221310 920.8
1221320 920.6
1221330 920.6
1221340 920.5
1221350 920.6
1221360 920.6
1221370 920.4
1221380 920.5
1221390 921.0
1221400 921.0
1221410 921.6
1221420 922.0
1221430 922.0
1221440 921.8
1221450 921.6
1221460 921.6
1221470 921.7
1221480 920.6
1221490 920.6
1221500 920.7
1221510 921.1
1221520 921.1
1221530 920.7
1221540 921.8
1221550 921.8
1221560 922.1
1221570 920.8
1221580 920.8
1221590 920.6
1221600 920.8
1221610 920.8
1221620 921.1
1221630 920.8
1221640 920.8
1221650 920.6
1221660 920.1
1221670 919.1
1221680 919.1
1221690 918.6
1221700 918.6
1221710 918.6
1221720 919.1
1221730 919.0
1221740 919.0
1221750 918.2
1221760 917.7
1221770 917.7
1221780 918.0
1221790 917.9
1221800 917.9
1221810 917.5
1221820 917.4
1221830 917.4
1221840 917.2
1221850 917.0
1221860 917.0
1221870 916.8
1221880 916.6
1221890 916.6
1221900 916.7
1221910 916.6
1221920 916.6
1221930 916.9
1221940 916.7
1221950 916.6
1221960 915.9
1221970 916.0
1221980 915.6
1221990 915.6
1222000 915.1
1222010 914.6
1222020 914.6
1222030 914.4
1222040 914.6
1222050 914.6
1222060 914.8
1222070 914.5
1222080 914.5
1222090 914.6
1222100 914.3
1222110 914.3
1222120 913.7
1222130 913.5
1222140 913.5
1222150 913.1
1222160 912.6
1222170 912.6
1222180 912.0
1222190 911.6
1222200 911.6
1222210 911.4
1222220 911.2
1222230 911.7
1222240 911.7
1222250 912.8
1222260 912.1
1222270 912.1
1222280 911.0
1222290 910.0
1222300 910.0
1222310 909.5
1222320 909.8
1222330 909.8
1222340 909.9
1222350 910.0
1222360 910.0
1222370 910.1
1222380 909.9
1222390 909.9
1222400 908.6
1222410 907.0
1222420 907.0
1222430 906.9
1222440 907.9
1222450 907.1
1222460 903.9
1222470 901.4
1222480 901.4
1222490 899.9
1222500 898.0
1222510 897.9
1222520 897.9
1222530 897.6
1222540 900.0
1222550 900.0
1222560 901.3
1222570 901.4
1222580 901.4
1222590 901.3
1222600 903.3
1222610 903.3
1222620 907.9
1222630 908.8
1222640 908.8
1222650 908.5
1222660 908.2
1222670 908.2
1222680 908.0
1222690 907.9
1222700 907.9
1222710 907.9
1222720 908.0
1222730 908.0
1222740 908.1
1222750 908.0
1222760 908.0
1222770 907.8
1222780 907.7
1222790 907.6
1222800 907.6
1222810 907.4
1222820 907.3
1222830 907.3
1222840 907.3
1222850 907.2
1222860 907.2
1222870 907.1
1222880 906.8
1222890 906.8
1222900 906.8
1222910 906.7
1222920 906.7
1222930 906.6
1222940 905.9
1222950 905.9
1222960 905.7
1222970 905.6
1222980 905.6
1222990 905.4
1223000 905.1
1223010 905.1
1223020 904.9
1223030 904.9
1223040 904.9
1223050 904.7
1223060 904.5
1223070 904.2
1223080 904.2
1223090 904.0
1223100 903.9
1223110 903.9
1223120 903.9
1223130 903.7
1223140 903.7
1223150 903.4
1223160 903.0
1223170 903.0
1223180 902.9
1223190 902.6
1223200 902.6
1223210 902.1
1223220 901.6
1223230 901.6
1223240 901.2
1223250 900.8
1223260 900.8
1223270 900.5
1223280 900.1
1223290 900.1
1223300 899.6
1223310 899.2
1223320 898.9
1223330 898.9
1223340 898.5
1223350 898.3
1223360 898.3
1223370 897.9
1223380 897.2
1223390 897.2
1223400 897.0
1223410 896.8
1223420 896.1
1223430 895.7
1223440 894.9
1223450 894.9
1223460 894.0
1223470 893.8
1223480 893.8
1223490 893.6
1223500 892.9
1223510 892.9
1223520 890.3
1223530 889.4
1223540 889.4
1223550 890.2
1223560 892.2
1223570 892.2
1223580 892.3
1223590 892.1
1223600 891.4
1223610 891.4
1223620 891.0
1223630 891.0
1223640 891.0
1223650 891.1
1223660 891.4
1223670 891.4
1223680 891.4
1223690 890.8
1223700 890.8
1223710 890.5
1223720 890.3
1223730 890.3
1223740 889.9
1223750 889.4
1223760 889.4
1223770 889.0
1223780 888.5
1223790 888.5
1223800 888.0
1223810 887.5
1223820 887.5
1223830 887.0
1223840 886.5
1223850 886.5
1223860 886.1
1223870 885.5
1223880 885.1
1223890 885.1
1223900 884.7
1223910 883.8
1223920 883.8
1223930 883.4
1223940 882.9
1223950 882.9
1223960 882.4
1223970 882.0
1223980 882.0
1223990 881.6
1224000 881.2
1224010 881.2
1224020 880.8
1224030 880.2
1224040 880.2
1224050 879.6
1224060 879.0
1224070 879.0
1224080 878.5
1224090 878.1
1224100 878.1
1224110 877.5
1224120 876.8
1224130 876.8
1224140 876.1
1224150 875.5
1224160 874.8
1224170 874.8
1224180 874.2
1224190 873.5
1224200 873.5
1224210 872.9
1224220 872.5
1224230 872.5
1224240 872.0
1224250 871.6
1224260 871.6
1224270 871.0
1224280 870.3
1224290 870.3
1224300 869.9
1224310 869.5
1224320 869.5
1224330 868.9
1224340 868.3
1224350 868.3
1224360 867.8
1224370 867.2
1224380 867.2
1224390 866.6
1224400 865.8
1224410 865.8
1224420 865.3
1224430 864.8
1224440 864.3
1224450 864.3
1224460 864.0
1224470 863.6
1224480 863.6
1224490 863.2
1224500 862.7
1224510 862.7
1224520 862.2
1224530 861.4
1224540 861.4
1224550 860.7
1224560 860.3
1224570 860.3
1224580 859.8
1224590 859.2
1224600 859.2
1224610 858.6
1224620 858.1
1224630 858.1
1224640 857.7
1224650 857.3
1224660 857.3
1224670 857.0
1224680 856.7
1224690 856.7
1224700 856.3
1224710 855.4
1224720 855.0
1224730 855.0
1224740 854.4
1224750 853.8
1224760 853.8
1224770 853.2
1224780 852.7
1224790 852.7
1224800 852.1
1224810 851.5
1224820 851.5
1224830 850.9
1224840 849.9
1224850 849.9
1224860 849.5
1224870 849.1
1224880 849.1
1224890 848.7
1224900 848.4
1224910 848.4
1224920 848.0
1224930 847.6
1224940 847.6
1224950 847.1
1224960 846.8
1224970 846.8
1224980 846.8
1224990 846.4
1225000 845.7
1225010 845.7
1225020 845.6
1225030 845.6
1225040 845.6
1225050 845.7
1225060 845.9
1225070 845.9
1225080 846.0
1225090 846.4
1225100 846.4
1225110 847.5
1225120 848.7
1225130 848.7
1225140 849.8
1225150 850.5
1225160 850.5
1225170 850.4
1225180 848.1
1225190 848.1
1225200 845.0
1225210 843.3
1225220 843.3
1225230 843.7
1225240 843.1
1225250 843.1
1225260 842.4
1225270 844.3
1225280 847.2
1225290 847.2
1225300 849.4
1225310 850.4
1225320 850.4
1225330 848.6
1225340 844.7
1225350 844.7
1225360 840.6
1225370 837.2
1225380 843.4
1225390 841.3
1225400 839.1
1225410 839.1
1225420 835.9
1225430 832.7
1225440 832.7
1225450 830.7
1225460 830.0
1225470 830.0
1225480 830.4
1225490 831.6
1225500 831.6
1225510 832.4
1225520 833.7
1225530 833.7
1225540 835.2
1225550 836.4
1225560 837.5
1225570 837.5
1225580 837.9
1225590 837.8
1225600 837.8
1225610 837.4
1225620 836.8
1225630 836.8
1225640 836.2
1225650 835.6
1225660 835.6
1225670 835.0
1225680 834.4
1225690 834.4
1225700 833.8
1225710 833.1
1225720 833.1
1225730 832.6
1225740 832.3
1225750 832.3
1225760 831.6
1225770 830.9
1225780 830.9
1225790 829.9
1225800 828.7
1225810 828.7
1225820 827.6
1225830 825.9
1225840 822.0
1225850 822.0
1225860 817.6
1225870 815.9
1225880 815.9
1225890 815.7
1225900 815.6
1225910 815.6
1225920 815.3
1225930 814.8
1225940 814.8
1225950 814.4
1225960 814.1
1225970 814.1
1225980 813.8
1225990 813.4
1226000 813.4
1226010 813.1
1226020 813.3
1226030 813.3
1226040 815.7
1226050 819.6
1226060 819.6
1226070 822.7
1226080 824.7
1226090 824.4
1226100 824.4
1226110 824.0
1226120 823.6
1226130 823.6
1226140 823.0
1226150 822.2
1226160 822.2
1226170 821.6
1226180 821.0
1226190 821.0
1226200 820.4
1226210 819.4
1226220 819.4
1226230 816.8
1226240 812.4
1226250 812.4
1226260 808.0
1226270 805.1
1226280 805.1
1226290 804.2
1226300 803.9
1226310 803.9
1226320 803.6
1226330 803.3
1226340 803.3
1226350 803.1
1226360 803.1
1226370 808.0
1226380 808.0
1226390 807.5
1226400 806.0
1226410 806.0
1226420 803.5
1226430 800.9
1226440 800.9
1226450 799.8
1226460 799.4
1226470 799.4
1226480 799.0
1226490 798.6
1226500 798.6
1226510 798.3
1226520 798.1
1226530 798.1
1226540 797.8
1226550 797.4
1226560 797.4
1226570 797.1
1226580 797.0
1226590 797.0
1226600 796.8
1226610 796.5
1226620 796.5
1226630 796.4
1226640 796.4
1226650 796.3
1226660 796.3
1226670 796.7
1226680 798.4
1226690 798.4
1226700 799.8
1226710 800.6
1226720 800.6
1226730 802.1
1226740 804.0
1226750 804.0
1226760 807.4
1226770 810.1
1226780 810.1
1226790 809.9
1226800 809.4
1226810 809.4
1226820 809.1
1226830 809.1
1226840 809.1
1226850 809.8
1226860 807.2
1226870 807.2
1226880 807.5
1226890 807.8
1226900 807.8
1226910 807.7
1226920 807.4
1226930 806.8
1226940 806.8
1226950 806.3
1226960 806.3
1226970 806.3
1226980 806.2
1226990 805.5
1227000 805.5
1227010 805.5
1227020 805.8
1227030 805.8
1227040 805.5
1227050 805.6
1227060 805.6
1227070 805.6
1227080 804.1
1227090 804.1
1227100 803.6
1227110 802.8
1227120 802.8
1227130 802.5
1227140 802.4
1227150 802.4
1227160 802.3
1227170 802.0
1227180 802.0
1227190 801.8
1227200 801.6
1227210 801.4
1227220 801.4
1227230 801.4
1227240 801.3
1227250 801.3
1227260 801.2
1227270 801.0
1227280 801.0
1227290 800.8
1227300 800.5
1227310 800.5
1227320 800.1
1227330 800.0
1227340 800.0
1227350 799.6
1227360 796.0
1227370 796.0
1227380 795.5
1227390 794.5
1227400 794.5
1227410 793.0
1227420 792.2
1227430 792.2
1227440 790.2
1227450 787.8
1227460 787.8
1227470 786.1
1227480 784.4
1227490 782.9
1227500 782.9
1227510 781.6
1227520 780.7
1227530 780.7
1227540 779.7
1227550 778.2
1227560 778.2
1227570 776.9
1227580 776.5
1227590 776.5
1227600 776.3
1227610 776.0
1227620 776.0
1227630 775.9
1227640 776.4
1227650 776.4
1227660 777.1
1227670 777.8
1227680 777.8
1227690 779.7
1227700 780.6
1227710 780.6
1227720 781.4
1227730 783.3
1227740 783.3
1227750 784.8
1227760 785.3
1227770 784.3
1227780 784.3
1227790 783.5
1227800 783.9
1227810 783.9
1227820 784.8
1227830 785.9
1227840 785.9
1227850 790.2
1227860 792.8
1227870 792.8
1227880 795.2
1227890 795.6
1227900 795.6
1227910 795.3
1227920 796.7
1227930 796.7
1227940 798.1
1227950 798.9
1227960 798.9
1227970 799.5
1227980 799.9
1227990 799.9
1228000 800.4
1228010 800.6
1228020 800.6
1228030 801.2
1228040 801.7
1228050 802.3
1228060 802.3
1228070 802.7
1228080 802.7
1228090 802.7
1228100 803.4
1228110 803.9
1228120 803.9
1228130 803.6
1228140 803.9
1228150 803.9
1228160 804.3
1228170 804.1
1228180 804.1
1228190 804.0
1228200 804.5
1228210 804.5
1228220 804.9
1228230 805.6
1228240 805.6
1228250 805.3
1228260 805.1
1228270 805.1
1228280 805.9
1228290 808.0
1228300 808.0
1228310 810.0
1228320 810.6
1228330 810.6
1228340 810.6
1228350 810.5
1228360 810.2
1228370 810.2
1228380 809.9
1228390 809.5
1228400 809.5
1228410 808.2
1228420 807.2
1228430 807.2
1228440 806.2
1228450 804.3
1228460 804.3
1228470 803.0
1228480 801.5
1228490 801.5
1228500 800.5
1228510 799.7
1228520 799.7
1228530 799.2
1228540 799.8
1228550 799.8
1228560 802.7
1228570 805.4
1228580 805.4
1228590 806.5
1228600 806.4
1228610 804.8
1228620 804.8
1228630 803.9
1228640 803.9
1228650 803.9
1228660 803.7
1228670 804.0
1228680 804.0
1228690 803.9
1228700 803.2
1228710 803.2
1228720 800.8
1228730 798.8
1228740 798.8
1228750 800.1
1228760 802.9
1228770 802.9
1228780 804.2
1228790 803.6
1228800 803.6
1228810 802.3
1228820 800.4
1228830 800.4
1228840 797.8
1228850 798.2
1228860 798.2
1228870 795.1
1228880 792.2
1228890 790.5
1228900 790.5
1228910 789.1
1228920 787.6
1228930 787.6
1228940 784.0
1228950 781.9
1228960 781.9
1228970 781.0
1228980 780.5
1228990 780.5
1229000 780.1
1229010 779.8
1229020 779.8
1229030 779.7
1229040 779.4
1229050 779.4
1229060 779.3
1229070 779.4
1229080 779.4
1229090 779.7
1229100 779.9
1229110 779.9
1229120 780.2
1229130 780.4
1229140 780.7
1229150 780.7
1229160 781.4
1229170 782.6
1229180 782.6
1229190 784.8
1229200 787.9
1229210 787.9
1229220 791.5
1229230 794.2
1229240 794.2
1229250 794.7
1229260 795.0
1229270 795.0
1229280 796.5
1229290 797.5
1229300 797.5
1229310 797.4
1229320 796.7
1229330 796.7
1229340 795.7
1229350 794.4
1229360 794.4
1229370 793.8
1229380 793.3
1229390 793.3
1229400 793.1
1229410 793.1
1229420 793.1
1229430 793.1
1229440 793.0
1229450 793.0
1229460 793.0
1229470 792.8
1229480 792.8
1229490 792.8
1229500 792.9
1229510 792.9
1229520 792.9
1229530 792.4
1229540 792.1
1229550 792.1
1229560 791.8
1229570 791.5
1229580 791.5
1229590 791.4
1229600 791.2
1229610 791.2
1229620 790.9
1229630 790.7
1229640 790.7
1229650 787.7
1229660 781.9
1229670 781.9
1229680 775.8
1229690 770.6
1229700 766.1
1229710 766.1
1229720 762.6
1229730 759.5
1229740 759.5
1229750 755.9
1229760 753.0
1229770 753.0
1229780 751.8
1229790 750.5
1229800 750.5
1229810 747.6
1229820 747.8
1229830 747.8
1229840 750.0
1229850 755.7
1229860 755.7
1229870 761.3
1229880 767.2
1229890 767.2
1229900 773.3
1229910 779.5
1229920 779.5
1229930 786.1
1229940 792.4
1229950 792.4
1229960 797.5
1229970 800.8
1229980 801.8
1229990 801.8
1230000 802.8
1230010 803.4
1230020 803.4
1230030 803.8
1230040 803.8
1230050 803.8
1230060 804.0
1230070 804.5
1230080 804.5
1230090 805.1
1230100 805.5
1230110 805.5
1230120 805.7
1230130 805.8
1230140 805.8
1230150 805.6
1230160 805.5
1230170 805.5
1230180 805.3
1230190 805.0
1230200 805.0
1230210 804.8
1230220 804.8
1230230 804.8
1230240 804.8
1230250 804.6
1230260 804.3
1230270 804.3
1230280 804.1
1230290 803.7
1230300 803.7
1230310 803.2
1230320 802.7
1230330 802.7
1230340 802.1
1230350 800.8
1230360 800.8
1230370 799.8
1230380 798.0
1230390 798.0
1230400 797.1
1230410 797.3
1230420 797.3
1230430 797.1
1230440 796.6
1230450 796.6
1230460 796.2
1230470 795.1
1230480 795.1
1230490 791.3
1230500 786.5
1230510 786.5
1230520 782.1
1230530 777.7
1230540 773.6
1230550 773.6
1230560 769.6
1230570 765.9
1230580 765.9
1230590 763.0
1230600 760.5
1230610 760.5
1230620 758.3
1230630 755.5
1230640 755.5
1230650 751.0
1230660 746.5
1230670 746.5
1230680 743.4
1230690 741.0
1230700 741.0
1230710 737.3
1230720 732.7
1230730 732.7
1230740 728.3
1230750 724.1
1230760 724.1
1230770 719.8
1230780 714.9
1230790 714.9
1230800 708.9
1230810 702.9
1230820 699.8
1230830 699.8
1230840 698.1
1230850 691.9
1230860 691.9
1230870 691.1
1230880 688.1
1230890 688.1
1230900 685.9
1230910 685.3
1230920 685.3
1230930 686.5
1230940 689.2
1230950 689.2
1230960 693.0
1230970 697.7
1230980 697.7
1230990 698.8
1231000 693.6
1231010 693.6
1231020 687.1
1231030 681.2
1231040 681.2
1231050 676.2
1231060 673.1
1231070 673.1
1231080 672.3
1231090 671.9
1231100 672.0
1231110 672.0
1231120 673.4
1231130 674.2
1231140 674.2
1231150 674.0
1231160 673.9
1231170 673.9
1231180 673.7
1231190 673.3
1231200 673.3
1231210 672.8
1231220 672.4
1231230 672.4
1231240 672.1
1231250 671.8
1231260 671.8
1231270 671.5
1231280 671.1
1231290 671.1
1231300 670.7
1231310 670.3
1231320 670.3
1231330 669.9
1231340 669.4
1231350 669.1
1231360 668.8
1231370 668.4
1231380 668.1
1231390 668.1
1231400 667.7
1231410 667.3
1231420 667.3
1231430 666.7
1231440 666.3
1231450 666.3
1231460 665.9
1231470 664.5
1231480 664.5
1231490 662.0
1231500 660.4
1231510 660.4
1231520 659.3
1231530 661.3
1231540 661.3
1231550 662.5
1231560 663.9
1231570 663.9
1231580 664.2
1231590 664.0
1231600 664.0
1231610 663.5
1231620 663.3
1231630 663.3
1231640 663.0
1231650 662.7
1231660 662.3
1231670 662.3
1231680 660.2
1231690 658.7
1231700 658.7
1231710 658.8
1231720 658.8
1231730 658.8
1231740 658.8
1231750 659.0
1231760 659.0
1231770 658.9
1231780 658.9
1231790 658.9
1231800 658.9
1231810 659.1
1231820 659.1
1231830 659.6
1231840 660.1
1231850 660.1
1231860 659.6
1231870 659.6
1231880 659.6
1231890 659.5
1231900 659.7
1231910 660.0
1231920 660.0
1231930 659.8
1231940 659.3
1231950 659.3
1231960 658.2
1231970 656.8
1231980 656.8
1231990 655.7
1232000 654.8
1232010 654.8
1232020 654.2
1232030 653.7
1232040 653.7
1232050 653.6
1232060 653.3
1232070 653.3
1232080 652.5
1232090 651.6
1232100 651.6
1232110 650.7
1232120 650.1
1232130 650.1
1232140 650.1
1232150 650.0
1232160 650.0
1232170 649.6
1232180 649.1
1232190 648.7
1232200 648.7
1232210 648.3
1232220 647.8
1232230 647.8
1232240 647.3
1232250 646.8
1232260 646.8
1232270 646.4
1232280 646.0
1232290 646.0
1232300 645.7
1232310 645.4
1232320 645.4
1232330 645.1
1232340 645.1
1232350 645.1
1232360 645.1
1232370 645.1
1232380 645.1
1232390 645.2
1232400 645.0
1232410 645.0
1232420 644.6
1232430 645.3
1232440 645.3
1232450 645.6
1232460 645.7
1232470 645.4
1232480 645.4
1232490 645.4
1232500 645.5
1232510 645.5
1232520 645.4
1232530 645.3
1232540 645.3
1232550 645.1
1232560 644.8
1232570 644.8
1232580 644.8
1232590 644.9
1232600 644.9
1232610 645.5
1232620 646.0
1232630 646.0
1232640 646.3
1232650 646.7
1232660 646.7
1232670 647.0
1232680 647.7
1232690 647.7
1232700 647.7
1232710 647.4
1232720 647.4
1232730 647.5
1232740 647.6
1232750 647.8
1232760 647.8
1232770 648.1
1232780 648.4
1232790 648.4
1232800 648.7
1232810 648.9
1232820 648.9
1232830 649.2
1232840 649.4
1232850 649.4
1232860 649.6
1232870 649.0
1232880 649.0
1232890 649.3
1232900 649.7
1232910 649.7
1232920 650.1
1232930 650.5
1232940 650.5
1232950 650.8
1232960 651.0
1232970 651.0
1232980 651.3
1232990 651.8
1233000 651.8
1233010 651.8
1233020 651.9
1233030 651.9
1233040 651.9
1233050 652.1
1233060 652.3
1233070 652.3
1233080 652.2
1233090 652.3
1233100 652.3
1233110 652.4
1233120 652.5
1233130 652.5
1233140 652.7
1233150 652.8
1233160 652.8
1233170 652.9
1233180 652.9
1233190 652.9
1233200 652.9
1233210 653.2
1233220 653.2
1233230 653.6
1233240 653.6
1233250 653.6
1233260 653.5
1233270 653.0
1233280 653.0
1233290 652.7
1233300 652.4
1233310 652.0
1233320 652.0
1233330 651.6
1233340 651.6
1233350 651.6
1233360 651.6
1233370 650.9
1233380 650.9
1233390 651.1
1233400 651.2
1233410 651.2
1233420 651.0
1233430 650.5
1233440 650.5
1233450 650.0
1233460 649.7
1233470 649.7
1233480 649.3
1233490 648.9
1233500 648.9
1233510 648.5
1233520 648.2
1233530 648.2
1233540 647.7
1233550 647.3
1233560 647.3
1233570 647.0
1233580 646.9
1233590 647.0
1233600 647.0
1233610 646.6
1233620 645.8
1233630 645.8
1233640 645.1
1233650 644.8
1233660 644.8
1233670 644.2
1233680 643.7
1233690 643.7
1233700 643.2
1233710 642.8
1233720 642.8
1233730 642.4
1233740 642.0
1233750 642.0
1233760 641.7
1233770 641.6
1233780 641.6
1233790 641.4
1233800 641.3
1233810 641.3
1233820 641.1
1233830 640.9
1233840 640.9
1233850 640.8
1233860 640.7
1233870 640.5
1233880 639.7
1233890 639.5
1233900 639.5
1233910 639.5
1233920 639.1
1233930 638.4
1233940 638.4
1233950 637.9
1233960 637.5
1233970 637.5
1233980 637.1
1233990 636.8
1234000 636.8
1234010 636.5
1234020 636.3
1234030 636.3
1234040 635.8
1234050 635.3
1234060 635.3
1234070 634.9
1234080 634.5
1234090 634.5
1234100 634.0
1234110 633.7
1234120 633.7
1234130 633.3
1234140 632.9
1234150 632.6
1234160 632.6
1234170 632.3
1234180 631.9
1234190 631.9
1234200 631.5
1234210 631.2
1234220 631.2
1234230 630.8
1234240 630.5
1234250 630.5
1234260 630.2
1234270 630.0
1234280 630.0
1234290 629.7
1234300 629.5
1234310 629.5
1234320 629.5
1234330 628.9
1234340 628.9
1234350 628.2
1234360 627.6
1234370 627.6
1234380 627.0
1234390 626.0
1234400 625.5
1234410 625.5
1234420 625.1
1234430 624.7
1234440 624.7
1234450 624.2
1234460 623.8
1234470 623.8
1234480 623.5
1234490 623.2
1234500 623.2
1234510 622.8
1234520 622.5
1234530 622.5
1234540 622.2
1234550 621.9
1234560 621.9
1234570 621.7
1234580 621.5
1234590 621.5
1234600 621.0
1234610 620.4
1234620 620.4
1234630 620.1
1234640 619.8
1234650 619.8
1234660 619.5
1234670 618.0
1234680 617.5
1234690 617.5
1234700 617.6
1234710 617.6
1234720 617.6
1234730 617.8
1234740 618.0
1234750 618.0
1234760 618.0
1234770 617.7
1234780 617.7
1234790 617.7
1234800 617.8
1234810 617.8
1234820 617.8
1234830 618.0
1234840 618.0
1234850 618.0
1234860 617.9
1234870 617.9
1234880 617.9
1234890 617.9
1234900 617.7
1234910 617.6
1234920 617.4
1234930 617.4
1234940 617.4
1234950 617.3
1234960 617.3
1234970 617.3
1234980 617.1
1234990 617.2
1235000 617.2
1235010 617.4
1235020 617.6
1235030 617.6
1235040 617.8
1235050 617.9
1235060 617.9
1235070 618.0
1235080 618.0
1235090 618.0
1235100 618.0
1235110 618.0
1235120 618.0
1235130 617.8
1235140 617.6
1235150 617.6
1235160 617.5
1235170 617.4
1235180 617.4
1235190 617.2
1235200 617.0
1235210 617.0
1235220 616.9
1235230 616.9
1235240 616.9
1235250 616.9
1235260 616.9
1235270 616.8
1235280 616.8
1235290 616.9
1235300 616.9
1235310 616.9
1235320 616.8
1235330 616.9
1235340 616.9
1235350 616.9
1235360 616.8
1235370 616.8
1235380 616.8
1235390 616.8
1235400 616.8
1235410 616.8
1235420 617.4
1235430 617.4
1235440 617.6
1235450 617.7
1235460 617.7
1235470 617.7
1235480 617.9
1235490 617.9
1235500 618.2
1235510 618.1
1235520 618.2
1235530 618.2
1235540 618.2
1235550 618.0
1235560 618.0
1235570 617.9
1235580 617.5
1235590 617.5
1235600 616.9
1235610 617.0
1235620 617.0
1235630 617.3
1235640 617.5
1235650 617.5
1235660 617.6
1235670 617.6
1235680 617.6
1235690 617.5
1235700 617.3
1235710 617.3
1235720 617.1
1235730 616.9
1235740 616.9
1235750 616.6
1235760 616.4
1235770 616.4
1235780 616.3
1235790 616.1
1235800 616.1
1235810 616.1
1235820 616.1
1235830 616.1
1235840 616.1
1235850 616.3
1235860 617.3
1235870 617.3
1235880 617.9
1235890 617.6
1235900 617.6
1235910 616.2
1235920 616.1
1235930 616.1
1235940 616.1
1235950 616.0
1235960 616.0
1235970 616.0
1235980 616.6
1235990 616.6
1236000 616.0
1236010 615.9
1236020 615.9
1236030 615.9
1236040 615.8
1236050 615.8
1236060 615.8
1236070 615.8
1236080 615.7
1236090 615.7
1236100 615.6
1236110 615.6
1236120 615.6
1236130 615.6
1236140 615.6
1236150 615.6
1236160 615.6
1236170 615.6
1236180 615.6
1236190 615.7
1236200 615.8
1236210 615.8
1236220 615.9
1236230 615.7
1236240 615.7
1236250 615.7
1236260 615.7
1236270 615.7
1236280 615.8
1236290 615.7
1236300 615.7
1236310 615.7
1236320 615.6
1236330 615.6
1236340 615.5
1236350 615.5
1236360 615.6
1236370 615.6
1236380 615.7
1236390 615.5
1236400 615.5
1236410 615.5
1236420 616.0
1236430 616.0
1236440 616.8
1236450 616.8
1236460 616.8
1236470 617.4
1236480 617.0
1236490 617.0
1236500 616.6
1236510 616.5
1236520 616.5
1236530 616.3
1236540 616.2
1236550 616.2
1236560 616.1
1236570 616.1
1236580 616.1
1236590 616.1
1236600 616.3
1236610 616.3
1236620 616.3
1236630 616.4
1236640 616.3
1236650 616.3
1236660 616.9
1236670 617.2
1236680 617.2
1236690 618.0
1236700 618.5
1236710 618.5
1236720 618.6
1236730 618.6
1236740 618.6
1236750 618.8
1236760 618.5
1236770 618.5
1236780 618.3
1236790 618.1
1236800 618.1
1236810 617.9
1236820 617.8
1236830 617.8
1236840 617.6
1236850 617.6
1236860 617.6
1236870 617.5
1236880 617.5
1236890 617.6
1236900 617.6
1236910 617.7
1236920 617.9
1236930 617.9
1236940 618.0
1236950 617.8
1236960 617.8
1236970 617.7
1236980 617.6
1236990 617.6
1237000 617.5
1237010 617.5
1237020 617.5
1237030 617.7
1237040 617.8
1237050 617.8
1237060 618.1
1237070 618.4
1237080 618.4
1237090 617.8
1237100 616.2
1237110 616.2
1237120 614.4
1237130 614.0
1237140 614.0
1237150 614.7
1237160 616.5
1237170 617.6
1237180 617.6
1237190 618.7
1237200 623.4
1237210 623.4
1237220 628.1
1237230 631.5
1237240 631.5
1237250 634.2
1237260 636.4
1237270 636.4
1237280 638.4
1237290 640.6
1237300 640.6
1237310 643.2
1237320 645.5
1237330 645.5
1237340 647.1
1237350 649.4
1237360 649.4
1237370 650.6
1237380 650.5
1237390 650.5
1237400 651.6
1237410 653.7
1237420 653.7
1237430 655.7
1237440 659.5
1237450 661.6
1237460 661.6
1237470 660.8
1237480 663.2
1237490 663.2
1237500 665.6
1237510 667.8
1237520 667.8
1237530 669.2
1237540 670.8
1237550 670.8
1237560 672.2
1237570 674.4
1237580 674.4
1237590 677.3
1237600 680.4
1237610 680.4
1237620 683.5
1237630 686.0
1237640 686.0
1237650 688.3
1237660 691.6
1237670 691.6
1237680 695.0
1237690 698.1
1237700 698.1
1237710 700.5
1237720 702.8
1237730 704.8
1237740 704.8
1237750 707.4
1237760 707.8
1237770 707.8
1237780 710.0
1237790 717.1
1237800 717.1
1237810 722.1
1237820 726.2
1237830 726.2
1237840 730.1
1237850 734.2
1237860 734.2
1237870 738.2
1237880 741.6
1237890 741.6
1237900 745.1
1237910 749.2
1237920 749.2
1237930 752.8
1237940 755.4
1237950 755.4
1237960 759.4
1237970 763.5
1237980 760.2
1237990 763.7
1238000 765.6
1238010 768.3
1238020 768.3
1238030 771.1
1238040 774.0
1238050 774.0
1238060 777.9
1238070 781.8
1238080 781.8
1238090 786.0
1238100 791.6
1238110 791.6
1238120 797.0
1238130 801.6
1238140 801.6
1238150 805.8
1238160 810.3
1238170 810.3
1238180 814.0
1238190 818.2
1238200 818.2
1238210 823.1
1238220 827.7
1238230 827.7
1238240 832.6
1238250 836.7
1238260 836.7
1238270 840.5
1238280 844.7
1238290 848.2
1238300 848.2
1238310 852.0
1238320 855.3
1238330 855.3
1238340 858.1
1238350 860.4
1238360 860.4
1238370 862.2
1238380 862.5
1238390 862.5
1238400 861.8
1238410 861.4
1238420 861.4
1238430 861.3
1238440 861.5
1238450 861.5
1238460 861.7
1238470 862.1
1238480 862.1
1238490 863.7
1238500 865.2
1238510 865.2
1238520 868.9
1238530 873.3
1238540 873.3
1238550 877.1
1238560 880.7
1238570 884.4
1238580 884.4
1238590 887.8
1238600 891.0
1238610 891.0
1238620 894.9
1238630 899.2
1238640 899.2
1238650 903.4
1238660 907.7
1238670 907.7
1238680 911.7
1238690 915.3
1238700 915.3
1238710 918.8
1238720 922.1
1238730 922.1
1238740 924.7
1238750 926.5
1238760 926.5
1238770 928.2
1238780 930.4
1238790 930.4
1238800 932.5
1238810 934.6
1238820 938.3
1238830 938.3
1238840 941.0
1238850 943.2
1238860 943.2
1238870 947.4
1238880 951.1
1238890 951.1
1238900 954.7
1238910 959.0
1238920 959.0
1238930 961.8
1238940 964.3
1238950 964.3
1238960 967.0
1238970 969.5
1238980 969.5
1238990 971.4
1239000 972.9
1239010 972.9
1239020 973.1
1239030 975.0
1239040 975.0
1239050 977.0
1239060 979.5
1239070 979.5
1239080 982.5
1239090 986.2
1239100 990.7
1239110 990.7
1239120 996.1
1239130 1002.7
1239140 1002.7
1239150 1009.6
1239160 1016.6
1239170 1016.6
1239180 1021.7
1239190 1024.2
1239200 1024.2
1239210 1025.4
1239220 1030.0
1239230 1030.0
1239240 1034.8
1239250 1038.8
1239260 1038.8
1239270 1042.0
1239280 1045.1
1239290 1045.1
1239300 1048.6
1239310 1052.4
1239320 1052.4
1239330 1056.3
1239340 1060.0
1239350 1060.0
1239360 1064.0
1239370 1067.6
1239380 1070.9
1239390 1070.9
1239400 1074.3
1239410 1077.5
1239420 1077.5
1239430 1079.9
1239440 1081.8
1239450 1081.8
1239460 1082.7
1239470 1082.6
1239480 1082.6
1239490 1083.0
1239500 1084.5
1239510 1084.5
1239520 1086.5
1239530 1089.1
1239540 1083.5
1239550 1087.5
1239560 1091.4
1239570 1091.4
1239580 1094.9
1239590 1097.8
1239600 1097.8
1239610 1099.9
1239620 1101.1
1239630 1101.1
1239640 1102.3
1239650 1103.8
1239660 1104.9
1239670 1104.9
1239680 1106.3
1239690 1107.8
1239700 1107.8
1239710 1109.1
1239720 1109.9
1239730 1109.9
1239740 1110.3
1239750 1110.8
1239760 1110.8
1239770 1110.9
1239780 1110.6
1239790 1110.6
1239800 1111.4
1239810 1113.6
1239820 1113.6
1239830 1117.3
1239840 1122.0
1239850 1122.0
1239860 1127.2
1239870 1132.8
1239880 1132.8
1239890 1138.2
1239900 1143.8
1239910 1143.8
1239920 1149.3
1239930 1153.0
1239940 1154.6
1239950 1154.6
1239960 1156.4
1239970 1157.7
1239980 1157.7
1239990 1158.1
