1220000 916.4
1220010 916.6
1220020 916.6
1220030 916.5
1220040 916.4
1220050 916.2
1220060 916.2
1220070 916.1
1220080 916.0
1220090 916.0
1220100 915.9
1220110 916.0
1220120 916.0
1220130 916.2
1220140 916.6
1220150 916.6
1220160 916.7
1220170 917.2
1220180 917.2
1220190 917.6
1220200 918.3
1220210 918.3
1220220 919.0
1220230 919.4
1220240 918.9
1220250 919.2
1220260 919.9
1220270 919.9
1220280 920.4
1220290 920.9
1220300 920.9
1220310 921.2
1220320 922.2
1220330 923.4
1220340 923.4
1220350 925.0
1220360 926.1
1220370 926.1
1220380 926.3
1220390 926.4
1220400 926.4
1220410 926.7
1220420 927.1
1220430 927.1
1220440 927.7
1220450 928.2
1220460 928.2
1220470 928.5
1220480 929.2
1220490 929.2
1220500 929.9
1220510 930.4
1220520 930.4
1220530 930.7
1220540 931.5
1220550 931.5
1220560 932.1
1220570 932.4
1220580 932.4
1220590 933.5
1220600 934.4
1220610 934.6
1220620 934.6
1220630 935.5
1220640 935.7
1220650 935.7
1220660 935.7
1220670 936.5
1220680 936.5
1220690 936.6
1220700 936.3
1220710 936.3
1220720 936.5
1220730 936.6
1220740 936.6
1220750 937.1
1220760 937.5
1220770 937.5
1220780 938.0
1220790 938.1
1220800 938.1
1220810 938.1
1220820 938.4
1220830 938.4
1220840 939.0
1220850 939.9
1220860 939.9
1220870 940.2
1220880 940.4
1220890 941.4
1220900 941.4
1220910 942.4
1220920 942.8
1220930 942.8
1220940 943.2
1220950 943.7
1220960 943.7
1220970 943.0
1220980 942.6
1220990 942.6
1221000 943.3
1221010 944.0
1221020 944.0
1221030 944.8
1221040 944.7
1221050 944.7
1221060 944.8
1221070 945.0
1221080 945.0
1221090 945.0
1221100 945.3
1221110 945.3
1221120 945.8
1221130 946.7
1221140 946.7
1221150 945.4
1221160 943.6
1221170 944.3
1221180 944.3
1221190 945.4
1221200 945.5
1221210 944.5
1221220 944.4
1221230 944.8
1221240 944.8
1221250 947.2
1221260 948.5
1221270 948.5
1221280 947.5
1221290 947.0
1221300 947.0
1221310 947.1
1221320 947.0
1221330 947.0
1221340 946.2
1221350 945.7
1221360 945.7
1221370 945.2
1221380 945.0
1221390 945.0
1221400 945.0
1221410 945.2
1221420 945.2
1221430 945.0
1221440 944.7
1221450 944.2
1221460 944.2
1221470 943.5
1221480 943.5
1221490 943.5
1221500 943.2
1221510 942.9
1221520 942.9
1221530 943.1
1221540 943.7
1221550 943.7
1221560 944.2
1221570 944.2
1221580 944.2
1221590 943.9
1221600 943.3
1221610 943.3
1221620 943.1
1221630 942.9
1221640 942.9
1221650 943.0
1221660 942.7
1221670 942.7
1221680 942.2
1221690 941.8
1221700 941.2
1221710 940.9
1221720 940.6
1221730 940.0
1221740 940.0
1221750 940.0
1221760 939.6
1221770 939.6
1221780 939.5
1221790 939.6
1221800 939.6
1221810 938.9
1221820 938.2
1221830 938.2
1221840 937.8
1221850 937.8
1221860 937.8
1221870 938.1
1221880 937.9
1221890 937.9
1221900 937.9
1221910 938.0
1221920 938.0
1221930 938.2
1221940 938.1
1221950 938.1
1221960 939.6
1221970 940.6
1221980 940.6
1221990 939.8
1222000 940.9
1222010 940.6
1222020 940.6
1222030 941.5
1222040 941.0
1222050 941.0
1222060 939.9
1222070 937.7
1222080 937.7
1222090 935.2
1222100 932.6
1222110 932.6
1222120 931.6
1222130 931.0
1222140 931.0
1222150 930.6
1222160 930.1
1222170 930.1
1222180 929.2
1222190 929.3
1222200 929.3
1222210 928.5
1222220 928.1
1222230 928.1
1222240 928.3
1222250 928.0
1222260 928.0
1222270 927.3
1222280 927.5
1222290 928.0
1222300 928.0
1222310 928.0
1222320 926.1
1222330 926.1
1222340 920.8
1222350 917.8
1222360 917.8
1222370 917.5
1222380 918.1
1222390 918.1
1222400 918.0
1222410 917.7
1222420 917.7
1222430 918.8
1222440 920.4
1222450 920.4
1222460 923.2
1222470 924.8
1222480 924.8
1222490 926.0
1222500 926.6
1222510 926.6
1222520 926.7
1222530 926.8
1222540 926.8
1222550 927.1
1222560 927.3
1222570 927.8
1222580 927.8
1222590 928.2
1222600 928.5
1222610 928.5
1222620 928.4
1222630 928.0
1222640 928.0
1222650 928.2
1222660 928.0
1222670 927.5
1222680 927.2
1222690 927.1
1222700 927.1
1222710 927.3
1222720 927.3
1222730 927.3
1222740 927.4
1222750 927.6
1222760 927.6
1222770 927.5
1222780 927.2
1222790 927.2
1222800 927.0
1222810 927.0
1222820 927.0
1222830 927.2
1222840 927.5
1222850 927.6
1222860 927.6
1222870 927.6
1222880 927.3
1222890 927.3
1222900 927.1
1222910 926.8
1222920 926.8
1222930 926.4
1222940 926.2
1222950 926.2
1222960 926.0
1222970 925.9
1222980 925.9
1222990 925.7
1223000 925.5
1223010 925.5
1223020 925.4
1223030 925.3
1223040 925.3
1223050 925.1
1223060 924.9
1223070 924.9
1223080 925.1
1223090 925.4
1223100 925.4
1223110 925.2
1223120 925.0
1223130 924.6
1223140 924.6
1223150 923.6
1223160 923.4
1223170 923.4
1223180 923.4
1223190 923.1
1223200 923.1
1223210 922.8
1223220 922.7
1223230 922.7
1223240 922.8
1223250 922.6
1223260 922.6
1223270 922.1
1223280 921.9
1223290 921.9
1223300 921.9
1223310 921.6
1223320 921.6
1223330 921.0
1223340 920.5
1223350 920.5
1223360 920.5
1223370 920.9
1223380 920.9
1223390 920.8
1223400 920.3
1223410 920.1
1223420 920.1
1223430 920.1
1223440 919.6
1223450 919.6
1223460 919.0
1223470 918.7
1223480 918.7
1223490 918.4
1223500 918.2
1223510 918.2
1223520 918.0
1223530 917.4
1223540 917.4
1223550 916.6
1223560 915.8
1223570 915.8
1223580 915.0
1223590 914.5
1223600 914.5
1223610 914.1
1223620 913.4
1223630 913.4
1223640 912.2
1223650 911.5
1223660 911.5
1223670 910.9
1223680 910.2
1223690 909.8
1223700 909.8
1223710 909.7
1223720 909.4
1223730 909.4
1223740 909.2
1223750 908.6
1223760 908.6
1223770 909.4
1223780 908.1
1223790 908.1
1223800 906.9
1223810 906.0
1223820 906.0
1223830 905.6
1223840 905.2
1223850 905.2
1223860 905.0
1223870 904.6
1223880 904.6
1223890 904.0
1223900 902.8
1223910 902.8
1223920 902.1
1223930 901.8
1223940 901.8
1223950 901.5
1223960 901.2
1223970 899.8
1223980 899.8
1223990 899.2
1224000 898.8
1224010 898.8
1224020 898.5
1224030 898.4
1224040 898.4
1224050 898.3
1224060 897.7
1224070 897.7
1224080 896.7
1224090 896.4
1224100 896.4
1224110 896.2
1224120 895.0
1224130 894.3
1224140 893.6
1224150 893.3
1224160 893.3
1224170 892.8
1224180 892.1
1224190 892.1
1224200 891.6
1224210 890.7
1224220 889.9
1224230 889.9
1224240 889.0
1224250 888.0
1224260 888.0
1224270 887.2
1224280 886.4
1224290 886.4
1224300 885.7
1224310 885.0
1224320 885.0
1224330 884.3
1224340 883.7
1224350 883.7
1224360 883.1
1224370 882.3
1224380 882.3
1224390 881.5
1224400 880.7
1224410 880.7
1224420 880.2
1224430 879.6
1224440 879.6
1224450 879.0
1224460 878.4
1224470 878.4
1224480 877.9
1224490 877.4
1224500 877.0
1224510 877.0
1224520 876.5
1224530 876.0
1224540 876.0
1224550 875.3
1224560 874.2
1224570 874.2
1224580 873.3
1224590 872.4
1224600 872.4
1224610 871.6
1224620 870.6
1224630 870.6
1224640 870.1
1224650 869.7
1224660 869.7
1224670 869.0
1224680 868.2
1224690 868.2
1224700 867.8
1224710 867.5
1224720 867.5
1224730 867.0
1224740 866.8
1224750 866.8
1224760 866.8
1224770 866.6
1224780 866.5
1224790 866.5
1224800 866.3
1224810 866.2
1224820 866.2
1224830 866.4
1224840 866.9
1224850 866.9
1224860 867.6
1224870 868.5
1224880 868.5
1224890 869.4
1224900 869.7
1224910 869.7
1224920 869.7
1224930 869.6
1224940 869.6
1224950 869.6
1224960 869.8
1224970 869.8
1224980 870.2
1224990 870.5
1225000 870.5
1225010 870.6
1225020 870.4
1225030 870.4
1225040 870.0
1225050 869.7
1225060 869.4
1225070 869.4
1225080 869.0
1225090 868.8
1225100 868.8
1225110 868.5
1225120 868.7
1225130 868.7
1225140 868.7
1225150 868.3
1225160 868.3
1225170 867.4
1225180 866.7
1225190 866.7
1225200 866.5
1225210 866.4
1225220 866.4
1225230 866.0
1225240 865.5
1225250 865.5
1225260 865.1
1225270 864.6
1225280 864.6
1225290 864.2
1225300 864.0
1225310 864.0
1225320 864.0
1225330 863.9
1225340 862.8
1225350 862.8
1225360 861.7
1225370 860.6
1225380 860.6
1225390 859.8
1225400 859.0
1225410 859.0
1225420 858.3
1225430 857.6
1225440 857.6
1225450 857.2
1225460 856.9
1225470 856.9
1225480 856.7
1225490 856.4
1225500 856.4
1225510 856.1
1225520 855.7
1225530 855.7
1225540 855.0
1225550 854.3
1225560 854.3
1225570 853.4
1225580 852.5
1225590 852.5
1225600 851.3
1225610 850.6
1225620 849.8
1225630 849.8
1225640 849.2
1225650 848.8
1225660 848.8
1225670 848.3
1225680 847.8
1225690 847.8
1225700 847.3
1225710 846.6
1225720 846.6
1225730 845.8
1225740 845.0
1225750 845.0
1225760 844.2
1225770 843.4
1225780 843.4
1225790 842.8
1225800 842.4
1225810 842.4
1225820 842.1
1225830 841.9
1225840 841.9
1225850 841.7
1225860 841.5
1225870 841.5
1225880 841.4
1225890 841.1
1225900 840.8
1225910 840.8
1225920 840.4
1225930 839.9
1225940 839.9
1225950 839.5
1225960 839.2
1225970 839.2
1225980 839.0
1225990 838.9
1226000 838.9
1226010 839.0
1226020 839.3
1226030 839.3
1226040 839.5
1226050 839.6
1226060 839.6
1226070 839.7
1226080 839.8
1226090 839.0
1226100 839.1
1226110 839.3
1226120 839.3
1226130 839.5
1226140 839.8
1226150 839.8
1226160 840.2
1226170 840.7
1226180 841.2
1226190 841.2
1226200 841.8
1226210 842.3
1226220 842.3
1226230 842.5
1226240 842.9
1226250 842.9
1226260 843.0
1226270 843.0
1226280 843.0
1226290 842.8
1226300 842.7
1226310 842.7
1226320 842.7
1226330 843.0
1226340 843.0
1226350 843.3
1226360 843.4
1226370 843.4
1226380 843.2
1226390 842.9
1226400 842.9
1226410 842.6
1226420 842.2
1226430 842.2
1226440 841.9
1226450 841.8
1226460 841.4
1226470 841.4
1226480 840.4
1226490 840.5
1226500 840.5
1226510 839.9
1226520 839.7
1226530 839.7
1226540 839.6
1226550 839.6
1226560 839.6
1226570 839.5
1226580 839.2
1226590 838.1
1226600 837.8
1226610 837.5
1226620 837.5
1226630 837.2
1226640 836.8
1226650 836.8
1226660 836.3
1226670 835.7
1226680 835.7
1226690 835.3
1226700 834.9
1226710 834.9
1226720 834.5
1226730 833.9
1226740 833.4
1226750 833.4
1226760 832.9
1226770 832.5
1226780 832.5
1226790 832.2
1226800 832.1
1226810 832.1
1226820 831.8
1226830 831.5
1226840 831.5
1226850 831.2
1226860 830.8
1226870 830.8
1226880 830.3
1226890 829.9
1226900 829.9
1226910 829.3
1226920 829.0
1226930 829.0
1226940 828.9
1226950 829.1
1226960 829.1
1226970 829.4
1226980 829.5
1226990 829.5
1227000 829.1
1227010 828.4
1227020 827.9
1227030 827.9
1227040 827.5
1227050 826.9
1227060 826.9
1227070 826.4
1227080 824.7
1227090 824.7
1227100 824.4
1227110 824.0
1227120 824.0
1227130 823.5
1227140 823.0
1227150 823.0
1227160 822.5
1227170 822.2
1227180 822.2
1227190 821.8
1227200 821.5
1227210 821.5
1227220 821.4
1227230 821.4
1227240 821.4
1227250 820.9
1227260 820.3
1227270 820.3
1227280 819.1
1227290 818.1
1227300 817.5
1227310 817.5
1227320 817.3
1227330 817.0
1227340 817.0
1227350 817.3
1227360 817.5
1227370 817.5
1227380 817.4
1227390 817.4
1227400 817.4
1227410 817.9
1227420 818.2
1227430 818.2
1227440 818.3
1227450 818.2
1227460 818.2
1227470 817.4
1227480 815.0
1227490 815.0
1227500 814.0
1227510 815.0
1227520 815.0
1227530 815.4
1227540 814.6
1227550 814.6
1227560 814.1
1227570 814.1
1227580 811.9
1227590 811.9
1227600 812.2
1227610 812.6
1227620 812.6
1227630 813.3
1227640 813.7
1227650 813.7
1227660 813.4
1227670 813.4
1227680 813.4
1227690 814.2
1227700 815.3
1227710 815.3
1227720 815.4
1227730 815.4
1227740 815.4
1227750 815.8
1227760 816.5
1227770 816.5
1227780 816.6
1227790 816.6
1227800 816.6
1227810 816.4
1227820 816.6
1227830 816.6
1227840 817.0
1227850 817.7
1227860 818.7
1227870 818.7
1227880 817.7
1227890 817.1
1227900 817.1
1227910 817.2
1227920 817.3
1227930 817.3
1227940 817.5
1227950 817.6
1227960 817.6
1227970 817.4
1227980 817.4
1227990 817.4
1228000 817.6
1228010 817.6
1228020 817.6
1228030 817.7
1228040 817.7
1228050 817.7
1228060 817.8
1228070 818.0
1228080 817.8
1228090 818.0
1228100 818.1
1228110 818.1
1228120 818.1
1228130 818.3
1228140 818.4
1228150 818.4
1228160 818.3
1228170 818.4
1228180 818.4
1228190 818.6
1228200 818.7
1228210 818.7
1228220 818.5
1228230 818.5
1228240 818.5
1228250 818.2
1228260 817.9
1228270 817.9
1228280 817.7
1228290 817.5
1228300 817.5
1228310 817.5
1228320 816.4
1228330 816.4
1228340 814.2
1228350 812.3
1228360 812.3
1228370 812.1
1228380 812.2
1228390 812.4
1228400 812.4
1228410 812.0
1228420 811.6
1228430 811.6
1228440 811.5
1228450 811.5
1228460 811.5
1228470 811.5
1228480 811.3
1228490 811.3
1228500 811.2
1228510 811.8
1228520 811.8
1228530 812.6
1228540 812.9
1228550 812.9
1228560 812.5
1228570 812.3
1228580 812.3
1228590 810.5
1228600 807.5
1228610 807.5
1228620 803.8
1228630 799.4
1228640 799.4
1228650 795.3
1228660 792.5
1228670 791.5
1228680 791.5
1228690 791.2
1228700 791.2
1228710 791.2
1228720 792.0
1228730 795.1
1228740 795.1
1228750 799.5
1228760 803.7
1228770 803.7
1228780 807.1
1228790 811.0
1228800 811.0
1228810 814.9
1228820 817.4
1228830 817.4
1228840 818.6
1228850 819.1
1228860 819.1
1228870 819.1
1228880 818.8
1228890 818.8
1228900 818.6
1228910 818.2
1228920 818.2
1228930 818.1
1228940 817.9
1228950 817.9
1228960 817.9
1228970 817.7
1228980 817.5
1228990 817.5
1229000 817.1
1229010 817.0
1229020 817.0
1229030 817.1
1229040 817.4
1229050 817.4
1229060 817.4
1229070 817.1
1229080 817.1
1229090 816.9
1229100 816.6
1229110 816.6
1229120 816.2
1229130 815.9
1229140 815.9
1229150 815.5
1229160 814.9
1229170 814.9
1229180 814.3
1229190 813.9
1229200 813.9
1229210 813.5
1229220 813.1
1229230 812.7
1229240 812.7
1229250 812.1
1229260 811.7
1229270 811.7
1229280 811.4
1229290 811.2
1229300 811.2
1229310 810.9
1229320 810.6
1229330 810.6
1229340 810.5
1229350 810.4
1229360 810.4
1229370 810.5
1229380 810.7
1229390 810.7
1229400 811.0
1229410 811.5
1229420 811.5
1229430 812.6
1229440 813.6
1229450 813.6
1229460 813.7
1229470 813.5
1229480 813.5
1229490 813.3
1229500 813.0
1229510 812.7
1229520 812.7
1229530 812.4
1229540 812.2
1229550 812.2
1229560 812.0
1229570 811.7
1229580 811.7
1229590 811.6
1229600 811.4
1229610 811.4
1229620 811.1
1229630 810.6
1229640 810.6
1229650 810.1
1229660 809.8
1229670 809.8
1229680 809.4
1229690 809.0
1229700 809.0
1229710 809.0
1229720 807.2
1229730 807.2
1229740 802.5
1229750 798.0
1229760 798.0
1229770 794.9
1229780 792.8
1229790 789.3
1229800 789.3
1229810 787.6
1229820 789.7
1229830 789.7
1229840 793.0
1229850 797.4
1229860 797.4
1229870 800.3
1229880 798.9
1229890 798.9
1229900 795.4
1229910 792.9
1229920 792.9
1229930 791.2
1229940 789.0
1229950 789.0
1229960 787.2
1229970 784.4
1229980 784.4
1229990 779.3
1230000 775.1
1230010 775.1
1230020 774.4
1230030 774.4
1230040 774.4
1230050 772.8
1230060 769.4
1230070 764.2
1230080 764.2
1230090 763.8
1230100 761.4
1230110 761.4
1230120 761.2
1230130 759.5
1230140 759.5
1230150 755.2
1230160 749.8
1230170 749.8
1230180 750.1
1230190 751.8
1230200 751.8
1230210 752.5
1230220 751.2
1230230 751.2
1230240 750.2
1230250 749.4
1230260 749.4
1230270 747.9
1230280 746.4
1230290 746.4
1230300 744.9
1230310 743.3
1230320 743.3
1230330 741.2
1230340 739.7
1230350 740.1
1230360 740.1
1230370 739.1
1230380 737.1
1230390 737.1
1230400 734.7
1230410 735.0
1230420 735.0
1230430 734.0
1230440 732.6
1230450 732.6
1230460 731.6
1230470 731.3
1230480 731.3
1230490 731.0
1230500 730.3
1230510 730.3
1230520 728.9
1230530 727.8
1230540 727.8
1230550 727.2
1230560 727.3
1230570 721.9
1230580 720.0
1230590 719.8
1230600 719.8
1230610 720.2
1230620 718.4
1230630 716.2
1230640 716.2
1230650 713.4
1230660 712.0
1230670 712.0
1230680 711.3
1230690 709.8
1230700 709.8
1230710 707.9
1230720 706.1
1230730 706.1
1230740 704.4
1230750 703.2
1230760 703.2
1230770 701.7
1230780 700.5
1230790 700.5
1230800 699.4
1230810 698.7
1230820 698.7
1230830 698.1
1230840 696.9
1230850 696.9
1230860 695.9
1230870 695.0
1230880 695.0
1230890 693.7
1230900 693.3
1230910 692.9
1230920 692.9
1230930 692.4
1230940 691.3
1230950 691.3
1230960 690.6
1230970 688.9
1230980 688.9
1230990 687.4
1231000 686.3
1231010 686.3
1231020 687.2
1231030 688.9
1231040 688.9
1231050 689.1
1231060 688.9
1231070 688.3
1231080 687.6
1231090 687.0
1231100 687.0
1231110 686.7
1231120 686.7
1231130 686.7
1231140 686.6
1231150 686.6
1231160 686.6
1231170 686.7
1231180 686.1
1231190 685.7
1231200 685.7
1231210 685.4
1231220 685.1
1231230 685.1
1231240 685.0
1231250 684.8
1231260 684.8
1231270 684.5
1231280 684.4
1231290 684.4
1231300 684.4
1231310 684.8
1231320 684.8
1231330 687.4
1231340 691.4
1231350 691.4
1231360 697.8
1231370 700.0
1231380 700.0
1231390 700.7
1231400 701.9
1231410 701.9
1231420 706.6
1231430 712.9
1231440 712.9
1231450 719.1
1231460 725.4
1231470 731.8
1231480 731.8
1231490 736.5
1231500 738.3
1231510 738.3
1231520 739.1
1231530 739.7
1231540 739.7
1231550 739.4
1231560 740.1
1231570 740.1
1231580 735.1
1231590 734.9
1231600 734.9
1231610 734.3
1231620 735.2
1231630 735.2
1231640 734.9
1231650 733.1
1231660 733.1
1231670 729.4
1231680 728.1
1231690 728.1
1231700 729.2
1231710 732.8
1231720 732.8
1231730 734.6
1231740 734.4
1231750 733.7
1231760 733.7
1231770 732.6
1231780 731.5
1231790 731.5
1231800 731.7
1231810 731.7
1231820 731.7
1231830 731.4
1231840 730.4
1231850 730.4
1231860 730.2
1231870 730.0
1231880 730.0
1231890 729.3
1231900 729.1
1231910 729.1
1231920 728.7
1231930 728.2
1231940 728.2
1231950 727.7
1231960 727.0
1231970 727.0
1231980 726.6
1231990 726.1
1232000 726.1
1232010 725.0
1232020 724.6
1232030 724.0
1232040 724.0
1232050 723.4
1232060 722.8
1232070 722.8
1232080 719.0
1232090 718.1
1232100 718.1
1232110 716.7
1232120 712.0
1232130 712.0
1232140 705.5
1232150 700.0
1232160 700.0
1232170 695.6
1232180 692.3
1232190 692.3
1232200 689.6
1232210 687.5
1232220 687.5
1232230 685.5
1232240 682.6
1232250 682.6
1232260 678.7
1232270 674.8
1232280 671.1
1232290 671.1
1232300 668.1
1232310 667.4
1232320 667.4
1232330 666.5
1232340 664.4
1232350 664.4
1232360 662.5
1232370 661.2
1232380 661.2
1232390 659.5
1232400 659.2
1232410 659.2
1232420 659.3
1232430 659.5
1232440 659.5
1232450 659.9
1232460 659.8
1232470 659.8
1232480 659.6
1232490 659.9
1232500 659.9
1232510 660.3
1232520 660.8
1232530 660.8
1232540 661.7
1232550 662.0
1232560 662.6
1232570 662.6
1232580 663.0
1232590 662.7
1232600 662.7
1232610 663.5
1232620 664.3
1232630 664.3
1232640 665.3
1232650 665.7
1232660 665.7
1232670 666.2
1232680 666.9
1232690 666.9
1232700 667.9
1232710 668.7
1232720 668.7
1232730 669.3
1232740 669.9
1232750 669.9
1232760 670.1
1232770 671.0
1232780 671.0
1232790 672.1
1232800 672.6
1232810 672.6
1232820 672.9
1232830 674.4
1232840 674.7
1232850 674.7
1232860 675.6
1232870 676.8
1232880 676.8
1232890 677.3
1232900 677.7
1232910 677.7
1232920 678.6
1232930 679.0
1232940 679.0
1232950 679.2
1232960 679.5
1232970 679.5
1232980 679.9
1232990 679.7
1233000 679.7
1233010 679.9
1233020 680.5
1233030 680.5
1233040 681.2
1233050 681.7
1233060 681.7
1233070 682.0
1233080 682.0
1233090 681.4
1233100 680.9
1233110 680.8
1233120 680.6
1233130 680.6
1233140 680.9
1233150 680.8
1233160 680.8
1233170 680.4
1233180 680.5
1233190 680.5
1233200 680.3
1233210 679.9
1233220 679.9
1233230 679.6
1233240 679.5
1233250 679.5
1233260 679.2
1233270 678.7
1233280 678.7
1233290 678.6
1233300 678.5
1233310 678.5
1233320 677.8
1233330 677.7
1233340 677.7
1233350 677.1
1233360 675.3
1233370 675.3
1233380 674.5
1233390 674.7
1233400 674.8
1233410 674.8
1233420 674.4
1233430 674.4
1233440 674.4
1233450 674.1
1233460 673.8
1233470 673.8
1233480 673.3
1233490 673.1
1233500 673.1
1233510 672.4
1233520 672.2
1233530 672.2
1233540 671.6
1233550 670.8
1233560 670.8
1233570 670.5
1233580 670.3
1233590 670.3
1233600 668.8
1233610 668.4
1233620 668.4
1233630 668.3
1233640 668.2
1233650 668.2
1233660 667.8
1233670 667.6
1233680 667.0
1233690 667.0
1233700 666.7
1233710 666.5
1233720 666.5
1233730 666.7
1233740 666.2
1233750 666.2
1233760 665.6
1233770 665.0
1233780 665.0
1233790 664.7
1233800 664.2
1233810 664.2
1233820 663.8
1233830 663.3
1233840 663.3
1233850 663.8
1233860 663.3
1233870 663.3
1233880 662.7
1233890 662.5
1233900 662.5
1233910 662.1
1233920 661.6
1233930 661.6
1233940 661.4
1233950 660.7
1233960 660.3
1233970 660.3
1233980 660.3
1233990 659.9
1234000 659.9
1234010 659.4
1234020 659.2
1234030 659.2
1234040 659.1
1234050 658.9
1234060 658.9
1234070 658.5
1234080 657.9
1234090 657.9
1234100 657.4
1234110 656.3
1234120 656.3
1234130 655.0
1234140 654.3
1234150 654.3
1234160 654.0
1234170 653.7
1234180 653.7
1234190 653.5
1234200 652.7
1234210 652.7
1234220 651.6
1234230 650.7
1234240 650.3
1234250 650.3
1234260 649.9
1234270 649.2
1234280 649.2
1234290 648.2
1234300 647.5
1234310 647.5
1234320 647.0
1234330 646.5
1234340 646.5
1234350 646.0
1234360 645.3
1234370 645.3
1234380 644.8
1234390 644.4
1234400 644.4
1234410 643.9
1234420 643.0
1234430 643.0
1234440 642.2
1234450 641.4
1234460 641.4
1234470 640.8
1234480 640.1
1234490 640.1
1234500 639.4
1234510 638.8
1234520 638.1
1234530 638.1
1234540 637.5
1234550 636.8
1234560 636.8
1234570 636.2
1234580 635.7
1234590 635.7
1234600 635.3
1234610 634.8
1234620 634.2
1234630 633.7
1234640 633.2
1234650 633.2
1234660 632.8
1234670 632.5
1234680 632.5
1234690 632.1
1234700 631.8
1234710 631.8
1234720 631.4
1234730 631.1
1234740 631.1
1234750 630.8
1234760 630.6
1234770 630.6
1234780 630.2
1234790 630.1
1234800 630.0
1234810 630.0
1234820 630.0
1234830 630.4
1234840 630.4
1234850 630.9
1234860 630.7
1234870 630.7
1234880 630.4
1234890 630.2
1234900 630.2
1234910 630.3
1234920 630.6
1234930 630.6
1234940 630.9
1234950 631.0
1234960 631.0
1234970 631.4
1234980 631.4
1234990 631.4
1235000 632.0
1235010 633.2
1235020 633.2
1235030 633.6
1235040 633.4
1235050 633.4
1235060 633.6
1235070 633.6
1235080 633.7
1235090 633.7
1235100 633.9
1235110 633.7
1235120 633.7
1235130 632.6
1235140 632.5
1235150 632.5
1235160 632.6
1235170 632.7
1235180 632.7
1235190 632.9
1235200 632.3
1235210 632.3
1235220 633.1
1235230 632.7
1235240 632.7
1235250 631.8
1235260 630.4
1235270 630.4
1235280 630.8
1235290 631.8
1235300 631.8
1235310 631.2
1235320 631.2
1235330 631.7
1235340 631.7
1235350 632.3
1235360 632.0
1235370 632.0
1235380 631.8
1235390 631.8
1235400 631.8
1235410 631.3
1235420 630.4
1235430 630.4
1235440 629.7
1235450 629.3
1235460 629.3
1235470 629.1
1235480 629.1
1235490 629.1
1235500 629.0
1235510 627.6
1235520 627.6
1235530 626.8
1235540 626.4
1235550 626.4
1235560 625.6
1235570 624.9
1235580 624.9
1235590 624.6
1235600 624.4
1235610 623.9
1235620 623.9
1235630 622.4
1235640 622.5
1235650 622.5
1235660 620.8
1235670 620.1
1235680 620.1
1235690 619.9
1235700 619.7
1235710 619.7
1235720 619.4
1235730 619.0
1235740 619.0
1235750 618.6
1235760 618.1
1235770 618.1
1235780 617.8
1235790 617.6
1235800 617.6
1235810 617.3
1235820 617.2
1235830 617.2
1235840 617.0
1235850 616.9
1235860 616.9
1235870 617.0
1235880 617.0
1235890 617.0
1235900 617.0
1235910 617.1
1235920 617.1
1235930 617.1
1235940 617.1
1235950 617.2
1235960 617.2
1235970 617.2
1235980 617.3
1235990 617.3
1236000 617.3
1236010 617.6
1236020 617.6
1236030 617.6
1236040 617.4
1236050 617.4
1236060 617.3
1236070 617.3
1236080 617.3
1236090 617.3
1236100 617.3
1236110 617.3
1236120 617.3
1236130 617.3
1236140 617.3
1236150 617.4
1236160 617.4
1236170 617.4
1236180 617.4
1236190 617.4
1236200 617.3
1236210 617.3
1236220 617.2
1236230 617.1
1236240 617.1
1236250 617.1
1236260 617.1
1236270 617.1
1236280 617.3
1236290 617.3
1236300 617.3
1236310 617.4
1236320 617.8
1236330 617.8
1236340 618.0
1236350 618.1
1236360 618.1
1236370 618.5
1236380 618.8
1236390 618.8
1236400 620.1
1236410 626.1
1236420 626.1
1236430 630.3
1236440 635.4
1236450 641.8
1236460 641.8
1236470 649.6
1236480 653.9
1236490 653.9
1236500 658.4
1236510 662.6
1236520 662.6
1236530 665.7
1236540 669.0
1236550 669.0
1236560 672.5
1236570 675.8
1236580 675.8
1236590 678.6
1236600 680.5
1236610 680.5
1236620 683.3
1236630 686.1
1236640 686.1
1236650 689.4
1236660 692.5
1236670 688.9
1236680 691.3
1236690 694.3
1236700 694.3
1236710 697.2
1236720 700.0
1236730 702.4
1236740 702.4
1236750 704.9
1236760 707.3
1236770 707.3
1236780 708.8
1236790 709.8
1236800 709.8
1236810 709.0
1236820 705.6
1236830 705.6
1236840 704.9
1236850 708.6
1236860 708.6
1236870 712.9
1236880 716.0
1236890 716.0
1236900 718.1
1236910 719.3
1236920 719.3
1236930 720.9
1236940 721.5
1236950 721.5
1236960 719.4
1236970 722.8
1236980 722.8
1236990 724.8
1237000 727.4
1237010 731.6
1237020 731.6
1237030 736.0
1237040 739.8
1237050 739.8
1237060 743.0
1237070 745.2
1237080 745.2
1237090 748.5
1237100 754.6
1237110 754.6
1237120 757.9
1237130 760.1
1237140 760.1
1237150 762.8
1237160 766.4
1237170 766.4
1237180 759.0
1237190 760.6
1237200 760.6
1237210 763.1
1237220 765.8
1237230 765.8
1237240 768.3
1237250 770.2
1237260 770.2
1237270 771.7
1237280 773.4
1237290 774.7
1237300 774.7
1237310 775.4
1237320 777.7
1237330 777.7
1237340 782.0
1237350 784.7
1237360 784.7
1237370 786.4
1237380 789.3
1237390 789.3
1237400 791.0
1237410 792.2
1237420 792.2
1237430 793.8
1237440 795.7
1237450 795.7
1237460 797.5
1237470 799.2
1237480 799.2
1237490 800.8
1237500 802.5
1237510 802.5
1237520 803.9
1237530 805.0
1237540 805.0
1237550 806.3
1237560 807.2
1237570 808.1
1237580 808.1
1237590 810.1
1237600 811.5
1237610 811.5
1237620 812.7
1237630 814.6
1237640 814.6
1237650 815.7
1237660 817.2
1237670 817.2
1237680 819.0
1237690 821.1
1237700 817.0
1237710 819.5
1237720 821.1
1237730 821.1
1237740 822.2
1237750 823.6
1237760 823.6
1237770 825.2
1237780 826.0
1237790 826.0
1237800 826.0
1237810 825.4
1237820 825.4
1237830 824.5
1237840 823.8
1237850 821.7
1237860 821.7
1237870 821.0
1237880 825.1
1237890 825.1
1237900 830.2
1237910 833.2
1237920 833.2
1237930 836.0
1237940 838.9
1237950 838.9
1237960 842.2
1237970 846.2
1237980 846.2
1237990 849.9
1238000 853.1
1238010 853.1
1238020 855.8
1238030 859.2
1238040 859.2
1238050 863.3
1238060 866.9
1238070 866.9
1238080 869.1
1238090 871.3
1238100 871.3
1238110 872.9
1238120 874.2
1238130 876.1
1238140 876.1
1238150 877.7
1238160 879.5
1238170 879.5
1238180 881.3
1238190 883.1
1238200 883.1
1238210 883.6
1238220 884.8
1238230 884.8
1238240 886.1
1238250 887.8
1238260 887.8
1238270 889.7
1238280 891.6
1238290 891.6
1238300 893.2
1238310 895.1
1238320 895.1
1238330 897.4
1238340 899.6
1238350 899.6
1238360 902.7
1238370 907.3
1238380 912.1
1238390 912.1
1238400 917.1
1238410 921.5
1238420 921.5
1238430 926.2
1238440 933.1
1238450 933.1
1238460 939.1
1238470 945.3
1238480 945.3
1238490 951.7
1238500 957.9
1238510 957.9
1238520 963.2
1238530 968.7
1238540 968.7
1238550 974.0
1238560 978.7
1238570 978.7
1238580 983.2
1238590 987.6
1238600 987.6
1238610 992.2
1238620 996.7
1238630 996.7
1238640 1001.5
1238650 1006.3
1238660 1010.1
1238670 1010.1
1238680 1013.6
1238690 1016.8
1238700 1016.8
1238710 1019.9
1238720 1022.5
1238730 1017.4
1238740 1020.6
1238750 1024.6
1238760 1024.6
1238770 1028.8
1238780 1032.7
1238790 1032.7
1238800 1036.5
1238810 1040.1
1238820 1040.1
1238830 1043.6
1238840 1047.0
1238850 1047.0
1238860 1050.5
1238870 1054.6
1238880 1054.6
1238890 1058.8
1238900 1060.5
1238910 1060.5
1238920 1064.0
1238930 1068.3
1238940 1071.8
1238950 1071.8
1238960 1075.2
1238970 1078.5
1238980 1078.5
1238990 1081.8
1239000 1084.0
1239010 1084.0
1239020 1085.5
1239030 1087.2
1239040 1087.2
1239050 1089.5
1239060 1092.7
1239070 1092.7
1239080 1096.4
1239090 1100.9
1239100 1100.9
1239110 1104.8
1239120 1107.8
1239130 1107.8
1239140 1111.2
1239150 1117.1
1239160 1117.1
1239170 1122.1
1239180 1126.8
1239190 1126.8
1239200 1131.3
1239210 1135.9
1239220 1140.6
1239230 1140.6
1239240 1144.1
1239250 1143.8
1239260 1143.8
1239270 1147.1
1239280 1149.9
1239290 1149.9
1239300 1152.2
1239310 1153.6
1239320 1153.6
1239330 1155.2
1239340 1155.3
1239350 1155.3
1239360 1157.3
1239370 1160.8
1239380 1160.8
1239390 1163.7
1239400 1167.3
1239410 1167.3
1239420 1170.5
1239430 1173.7
1239440 1173.7
1239450 1176.7
1239460 1178.7
1239470 1178.7
1239480 1179.3
1239490 1180.9
1239500 1183.3
1239510 1183.3
1239520 1185.1
1239530 1185.7
1239540 1185.7
1239550 1186.5
1239560 1187.7
1239570 1187.7
1239580 1190.1
1239590 1193.3
1239600 1193.3
1239610 1195.8
1239620 1197.8
1239630 1197.8
1239640 1199.7
1239650 1201.8
1239660 1201.8
1239670 1204.4
1239680 1208.2
1239690 1208.2
1239700 1212.6
1239710 1216.1
1239720 1216.1
1239730 1218.0
1239740 1219.6
1239750 1219.6
1239760 1221.1
1239770 1219.9
1239780 1224.3
1239790 1224.3
1239800 1229.0
1239810 1233.0
1239820 1233.0
1239830 1236.7
1239840 1240.0
1239850 1240.0
1239860 1243.7
1239870 1247.9
1239880 1247.9
1239890 1252.5
1239900 1257.0
1239910 1257.0
1239920 1260.9
1239930 1263.4
1239940 1263.4
1239950 1265.1
1239960 1267.9
1239970 1267.9
1239980 1271.6
1239990 1274.2
