1220000 940.4
1220010 941.2
1220020 941.8
1220030 941.8
1220040 942.6
1220050 943.5
1220060 943.5
1220070 944.2
1220080 944.9
1220090 944.9
1220100 945.5
1220110 945.9
1220120 945.9
1220130 946.3
1220140 947.1
1220150 947.1
1220160 948.0
1220170 948.9
1220180 948.2
1220190 949.1
1220200 950.0
1220210 950.0
1220220 950.7
1220230 951.5
1220240 951.5
1220250 952.1
1220260 952.3
1220270 952.8
1220280 952.8
1220290 953.3
1220300 953.7
1220310 953.7
1220320 954.5
1220330 955.1
1220340 955.1
1220350 955.7
1220360 956.5
1220370 956.5
1220380 956.9
1220390 957.8
1220400 957.8
1220410 958.6
1220420 958.9
1220430 958.9
1220440 959.8
1220450 962.2
1220460 962.2
1220470 965.0
1220480 965.7
1220490 965.7
1220500 965.9
1220510 966.2
1220520 966.2
1220530 966.6
1220540 967.3
1220550 965.3
1220560 965.3
1220570 963.1
1220580 963.2
1220590 963.2
1220600 964.0
1220610 964.3
1220620 964.3
1220630 964.3
1220640 964.3
1220650 964.3
1220660 963.1
1220670 963.6
1220680 963.6
1220690 964.3
1220700 964.4
1220710 964.4
1220720 964.3
1220730 964.6
1220740 964.6
1220750 965.3
1220760 966.3
1220770 966.3
1220780 967.8
1220790 970.5
1220800 970.5
1220810 973.1
1220820 975.2
1220830 975.8
1220840 975.8
1220850 975.2
1220860 973.4
1220870 973.4
1220880 972.8
1220890 972.8
1220900 972.8
1220910 973.4
1220920 972.2
1220930 972.2
1220940 970.7
1220950 969.7
1220960 969.7
1220970 969.3
1220980 968.2
1220990 968.2
1221000 967.5
1221010 966.2
1221020 966.2
1221030 965.7
1221040 966.6
1221050 966.6
1221060 967.1
1221070 968.0
1221080 968.0
1221090 969.5
1221100 970.4
1221110 971.0
1221120 971.0
1221130 971.5
1221140 971.7
1221150 971.7
1221160 970.7
1221170 968.8
1221180 968.8
1221190 968.9
1221200 969.1
1221210 969.1
1221220 969.5
1221230 970.0
1221240 970.0
1221250 970.0
1221260 969.7
1221270 969.7
1221280 970.0
1221290 969.9
1221300 969.9
1221310 970.0
1221320 969.7
1221330 969.7
1221340 969.3
1221350 969.1
1221360 969.1
1221370 968.8
1221380 969.8
1221390 971.8
1221400 971.8
1221410 973.4
1221420 974.6
1221430 974.6
1221440 974.0
1221450 973.7
1221460 973.7
1221470 974.2
1221480 974.7
1221490 974.7
1221500 973.4
1221510 971.7
1221520 971.7
1221530 971.6
1221540 970.3
1221550 970.3
1221560 968.8
1221570 968.3
1221580 968.3
1221590 968.5
1221600 969.1
1221610 969.1
1221620 968.5
1221630 967.1
1221640 966.7
1221650 966.7
1221660 967.7
1221670 968.2
1221680 968.2
1221690 966.0
1221700 964.5
1221710 964.5
1221720 963.9
1221730 963.8
1221740 963.8
1221750 963.4
1221760 963.1
1221770 963.1
1221780 963.4
1221790 963.6
1221800 963.6
1221810 963.5
1221820 962.5
1221830 962.5
1221840 961.7
1221850 961.2
1221860 961.2
1221870 961.0
1221880 960.9
1221890 960.9
1221900 961.6
1221910 961.3
1221920 960.8
1221930 960.8
1221940 960.7
1221950 960.4
1221960 960.4
1221970 960.3
1221980 960.0
1221990 960.0
1222000 959.5
1222010 959.2
1222020 959.2
1222030 959.3
1222040 959.3
1222050 959.3
1222060 958.6
1222070 958.2
1222080 958.2
1222090 957.6
1222100 958.1
1222110 957.3
1222120 957.7
1222130 957.5
1222140 957.5
1222150 956.7
1222160 956.5
1222170 956.5
1222180 956.3
1222190 956.0
1222200 955.4
1222210 955.4
1222220 953.6
1222230 949.1
1222240 949.1
1222250 943.7
1222260 942.4
1222270 942.4
1222280 942.2
1222290 943.7
1222300 943.7
1222310 945.0
1222320 945.7
1222330 945.7
1222340 947.1
1222350 947.5
1222360 947.5
1222370 947.8
1222380 948.2
1222390 948.2
1222400 949.5
1222410 950.8
1222420 950.8
1222430 951.3
1222440 951.9
1222450 951.9
1222460 952.4
1222470 953.0
1222480 953.2
1222490 953.2
1222500 953.5
1222510 954.0
1222520 954.0
1222530 954.5
1222540 955.2
1222550 955.2
1222560 956.0
1222570 956.1
1222580 956.1
1222590 955.6
1222600 955.2
1222610 955.2
1222620 956.1
1222630 956.1
1222640 956.1
1222650 956.7
1222660 956.9
1222670 956.9
1222680 957.1
1222690 956.9
1222700 956.9
1222710 957.0
1222720 957.4
1222730 957.4
1222740 958.1
1222750 957.7
1222760 958.0
1222770 958.0
1222780 957.9
1222790 957.8
1222800 957.8
1222810 958.0
1222820 958.2
1222830 958.2
1222840 958.3
1222850 958.5
1222860 958.5
1222870 958.5
1222880 958.3
1222890 958.3
1222900 958.2
1222910 958.0
1222920 958.0
1222930 958.1
1222940 957.9
1222950 957.9
1222960 957.8
1222970 957.8
1222980 957.8
1222990 957.9
1223000 958.1
1223010 958.1
1223020 958.0
1223030 957.9
1223040 957.9
1223050 957.9
1223060 957.8
1223070 957.7
1223080 957.3
1223090 957.2
1223100 956.5
1223110 956.5
1223120 956.2
1223130 956.0
1223140 956.0
1223150 955.6
1223160 955.4
1223170 955.4
1223180 954.8
1223190 954.1
1223200 954.1
1223210 954.0
1223220 954.2
1223230 954.2
1223240 954.5
1223250 954.8
1223260 954.8
1223270 953.4
1223280 952.6
1223290 952.6
1223300 951.9
1223310 951.4
1223320 950.8
1223330 950.8
1223340 950.3
1223350 949.9
1223360 949.9
1223370 949.9
1223380 949.5
1223390 949.5
1223400 949.1
1223410 948.7
1223420 948.7
1223430 948.1
1223440 947.3
1223450 947.3
1223460 945.8
1223470 945.0
1223480 945.0
1223490 945.0
1223500 944.8
1223510 944.8
1223520 944.4
1223530 944.5
1223540 944.5
1223550 943.6
1223560 942.8
1223570 942.1
1223580 941.3
1223590 940.6
1223600 939.9
1223610 939.9
1223620 939.3
1223630 938.6
1223640 938.6
1223650 938.0
1223660 938.1
1223670 938.1
1223680 937.5
1223690 936.7
1223700 936.7
1223710 935.6
1223720 934.6
1223730 934.6
1223740 933.9
1223750 933.0
1223760 933.0
1223770 932.1
1223780 931.1
1223790 931.1
1223800 930.2
1223810 929.3
1223820 929.3
1223830 928.4
1223840 927.6
1223850 927.6
1223860 926.7
1223870 925.7
1223880 924.7
1223890 924.7
1223900 924.3
1223910 923.6
1223920 923.6
1223930 922.8
1223940 922.4
1223950 922.4
1223960 921.8
1223970 921.4
1223980 921.4
1223990 920.6
1224000 919.1
1224010 919.1
1224020 918.9
1224030 918.7
1224040 918.7
1224050 917.6
1224060 916.0
1224070 916.0
1224080 915.1
1224090 914.2
1224100 914.2
1224110 913.3
1224120 912.4
1224130 912.4
1224140 912.0
1224150 911.4
1224160 910.7
1224170 910.7
1224180 909.9
1224190 909.1
1224200 909.1
1224210 908.1
1224220 907.3
1224230 907.3
1224240 906.6
1224250 905.9
1224260 905.9
1224270 905.2
1224280 904.4
1224290 904.4
1224300 903.8
1224310 903.0
1224320 903.0
1224330 902.3
1224340 901.5
1224350 901.5
1224360 900.8
1224370 900.2
1224380 900.2
1224390 899.5
1224400 899.2
1224410 899.2
1224420 898.9
1224430 898.4
1224440 897.7
1224450 897.7
1224460 896.9
1224470 896.1
1224480 896.1
1224490 895.3
1224500 894.7
1224510 894.7
1224520 894.1
1224530 893.5
1224540 893.5
1224550 892.6
1224560 892.1
1224570 892.1
1224580 891.4
1224590 890.5
1224600 890.5
1224610 889.5
1224620 889.0
1224630 889.0
1224640 888.6
1224650 888.2
1224660 888.2
1224670 887.8
1224680 887.4
1224690 887.4
1224700 887.0
1224710 886.5
1224720 886.0
1224730 886.0
1224740 885.5
1224750 884.9
1224760 884.9
1224770 884.4
1224780 883.9
1224790 883.9
1224800 883.4
1224810 882.9
1224820 882.9
1224830 882.3
1224840 881.8
1224850 881.8
1224860 881.2
1224870 880.8
1224880 880.8
1224890 880.1
1224900 879.5
1224910 879.5
1224920 878.8
1224930 878.1
1224940 878.1
1224950 877.5
1224960 876.9
1224970 876.9
1224980 876.4
1224990 875.7
1225000 875.1
1225010 875.1
1225020 874.9
1225030 874.7
1225040 874.6
1225050 873.8
1225060 873.6
1225070 873.6
1225080 873.6
1225090 872.9
1225100 872.9
1225110 872.3
1225120 872.1
1225130 872.1
1225140 871.7
1225150 871.4
1225160 871.4
1225170 870.8
1225180 869.8
1225190 869.8
1225200 869.6
1225210 869.2
1225220 869.2
1225230 868.6
1225240 868.1
1225250 868.1
1225260 867.8
1225270 867.1
1225280 866.9
1225290 866.9
1225300 867.0
1225310 867.4
1225320 867.4
1225330 867.9
1225340 867.3
1225350 867.3
1225360 866.5
1225370 866.7
1225380 866.7
1225390 866.5
1225400 866.0
1225410 866.0
1225420 865.8
1225430 865.6
1225440 865.6
1225450 865.4
1225460 865.3
1225470 865.3
1225480 865.3
1225490 865.3
1225500 865.3
1225510 865.3
1225520 865.3
1225530 865.3
1225540 865.3
1225550 865.5
1225560 865.5
1225570 865.5
1225580 865.7
1225590 866.2
1225600 866.2
1225610 866.0
1225620 865.9
1225630 865.9
1225640 865.8
1225650 866.9
1225660 866.9
1225670 868.2
1225680 868.7
1225690 868.7
1225700 868.9
1225710 868.9
1225720 868.9
1225730 868.7
1225740 868.6
1225750 868.6
1225760 868.4
1225770 868.3
1225780 868.3
1225790 868.2
1225800 868.3
1225810 868.3
1225820 868.2
1225830 868.1
1225840 867.9
1225850 867.9
1225860 867.6
1225870 867.3
1225880 867.3
1225890 867.0
1225900 866.8
1225910 866.8
1225920 866.6
1225930 866.6
1225940 866.6
1225950 866.8
1225960 867.1
1225970 867.1
1225980 867.2
1225990 867.3
1226000 867.3
1226010 867.3
1226020 866.2
1226030 866.2
1226040 865.8
1226050 865.5
1226060 865.5
1226070 865.3
1226080 865.1
1226090 865.1
1226100 864.9
1226110 864.7
1226120 864.5
1226130 864.5
1226140 864.1
1226150 864.0
1226160 864.0
1226170 864.0
1226180 864.0
1226190 864.0
1226200 864.0
1226210 864.0
1226220 864.0
1226230 864.0
1226240 864.1
1226250 864.1
1226260 864.2
1226270 864.4
1226280 864.4
1226290 864.3
1226300 864.2
1226310 864.2
1226320 864.1
1226330 864.2
1226340 864.2
1226350 864.3
1226360 864.3
1226370 864.3
1226380 864.2
1226390 864.0
1226400 863.8
1226410 863.8
1226420 863.6
1226430 863.2
1226440 863.2
1226450 862.6
1226460 861.9
1226470 861.9
1226480 861.1
1226490 860.4
1226500 860.4
1226510 860.0
1226520 859.5
1226530 859.5
1226540 859.3
1226550 859.2
1226560 859.2
1226570 859.3
1226580 859.4
1226590 859.4
1226600 859.4
1226610 859.4
1226620 859.4
1226630 859.4
1226640 859.4
1226650 859.4
1226660 859.3
1226670 859.0
1226680 858.8
1226690 858.8
1226700 858.5
1226710 858.2
1226720 858.2
1226730 857.8
1226740 857.3
1226750 857.3
1226760 856.7
1226770 856.0
1226780 856.0
1226790 855.3
1226800 854.7
1226810 854.7
1226820 853.9
1226830 853.2
1226840 853.2
1226850 852.6
1226860 852.3
1226870 852.3
1226880 852.1
1226890 852.0
1226900 852.0
1226910 851.9
1226920 851.6
1226930 851.6
1226940 851.3
1226950 850.7
1226960 850.1
1226970 850.1
1226980 849.5
1226990 849.1
1227000 849.1
1227010 848.0
1227020 847.8
1227030 847.8
1227040 847.8
1227050 847.8
1227060 847.8
1227070 847.5
1227080 847.4
1227090 847.4
1227100 847.3
1227110 847.2
1227120 847.2
1227130 846.8
1227140 846.5
1227150 846.5
1227160 846.3
1227170 846.3
1227180 846.3
1227190 846.4
1227200 846.5
1227210 846.5
1227220 846.6
1227230 846.7
1227240 846.7
1227250 846.7
1227260 846.7
1227270 846.6
1227280 846.6
1227290 846.6
1227300 846.9
1227310 846.9
1227320 847.1
1227330 847.0
1227340 847.0
1227350 847.1
1227360 847.3
1227370 847.3
1227380 847.0
1227390 846.6
1227400 846.6
1227410 846.9
1227420 847.0
1227430 847.0
1227440 846.8
1227450 846.4
1227460 846.4
1227470 845.9
1227480 845.6
1227490 845.6
1227500 845.4
1227510 842.9
1227520 842.7
1227530 842.7
1227540 842.4
1227550 842.2
1227560 842.2
1227570 841.9
1227580 841.4
1227590 841.4
1227600 840.0
1227610 838.7
1227620 838.7
1227630 838.2
1227640 837.9
1227650 837.9
1227660 837.5
1227670 837.2
1227680 837.2
1227690 836.5
1227700 835.8
1227710 835.8
1227720 835.5
1227730 835.5
1227740 835.5
1227750 835.8
1227760 835.8
1227770 835.8
1227780 835.7
1227790 835.6
1227800 835.5
1227810 835.5
1227820 835.3
1227830 834.9
1227840 834.9
1227850 834.3
1227860 834.1
1227870 834.1
1227880 834.9
1227890 835.8
1227900 835.8
1227910 835.5
1227920 835.1
1227930 835.1
1227940 833.1
1227950 830.2
1227960 830.2
1227970 828.7
1227980 828.3
1227990 828.3
1228000 827.9
1228010 827.9
1228020 827.9
1228030 827.7
1228040 827.6
1228050 827.6
1228060 827.6
1228070 827.6
1228080 827.4
1228090 827.4
1228100 827.1
1228110 826.8
1228120 826.8
1228130 826.7
1228140 826.5
1228150 826.5
1228160 826.2
1228170 825.9
1228180 825.9
1228190 825.6
1228200 825.4
1228210 825.4
1228220 825.2
1228230 824.1
1228240 824.1
1228250 822.6
1228260 822.4
1228270 822.4
1228280 822.2
1228290 821.9
1228300 821.9
1228310 821.5
1228320 821.3
1228330 821.3
1228340 821.3
1228350 821.0
1228360 820.7
1228370 820.7
1228380 818.0
1228390 812.1
1228400 812.1
1228410 806.4
1228420 803.9
1228430 803.9
1228440 803.6
1228450 803.6
1228460 803.6
1228470 805.9
1228480 809.7
1228490 809.7
1228500 811.1
1228510 813.6
1228520 813.6
1228530 814.4
1228540 815.1
1228550 815.1
1228560 817.5
1228570 819.1
1228580 819.1
1228590 819.3
1228600 819.5
1228610 819.5
1228620 819.6
1228630 819.6
1228640 819.6
1228650 819.6
1228660 819.8
1228670 819.9
1228680 819.9
1228690 819.9
1228700 819.8
1228710 819.8
1228720 820.2
1228730 820.2
1228740 820.2
1228750 820.1
1228760 820.6
1228770 820.6
1228780 820.9
1228790 821.0
1228800 821.0
1228810 821.2
1228820 821.2
1228830 821.2
1228840 821.8
1228850 822.6
1228860 822.6
1228870 821.6
1228880 819.8
1228890 819.8
1228900 819.3
1228910 819.4
1228920 819.6
1228930 819.6
1228940 819.8
1228950 819.0
1228960 819.0
1228970 819.1
1228980 821.8
1228990 821.8
1229000 822.7
1229010 823.5
1229020 823.5
1229030 823.7
1229040 824.3
1229050 824.3
1229060 824.8
1229070 824.8
1229080 824.8
1229090 823.6
1229100 822.3
1229110 822.3
1229120 821.7
1229130 821.1
1229140 821.1
1229150 820.2
1229160 819.3
1229170 819.3
1229180 818.7
1229190 817.8
1229200 817.4
1229210 817.4
1229220 817.4
1229230 817.7
1229240 817.7
1229250 817.9
1229260 817.8
1229270 817.8
1229280 817.5
1229290 817.1
1229300 817.1
1229310 817.3
1229320 817.1
1229330 817.1
1229340 816.5
1229350 816.2
1229360 816.2
1229370 816.1
1229380 816.0
1229390 816.0
1229400 816.5
1229410 818.1
1229420 818.1
1229430 819.4
1229440 818.9
1229450 818.9
1229460 817.4
1229470 815.7
1229480 814.6
1229490 814.6
1229500 815.9
1229510 816.5
1229520 816.5
1229530 817.7
1229540 818.5
1229550 818.5
1229560 819.0
1229570 819.3
1229580 819.3
1229590 819.5
1229600 819.8
1229610 819.8
1229620 819.7
1229630 819.6
1229640 819.6
1229650 820.7
1229660 821.2
1229670 821.2
1229680 821.0
1229690 820.4
1229700 820.4
1229710 820.1
1229720 819.9
1229730 819.9
1229740 819.4
1229750 818.6
1229760 817.8
1229770 817.8
1229780 817.8
1229790 817.7
1229800 817.7
1229810 817.9
1229820 818.4
1229830 818.4
1229840 818.6
1229850 818.0
1229860 818.0
1229870 817.4
1229880 817.0
1229890 817.0
1229900 816.6
1229910 816.4
1229920 816.4
1229930 816.1
1229940 816.0
1229950 816.0
1229960 815.9
1229970 815.9
1229980 815.9
1229990 815.9
1230000 816.6
1230010 816.5
1230020 816.5
1230030 816.2
1230040 815.7
1230050 815.7
1230060 815.3
1230070 814.9
1230080 814.9
1230090 814.6
1230100 814.1
1230110 814.1
1230120 813.4
1230130 813.2
1230140 813.2
1230150 813.1
1230160 813.1
1230170 813.1
1230180 813.4
1230190 814.0
1230200 814.0
1230210 814.6
1230220 814.3
1230230 814.3
1230240 813.8
1230250 813.1
1230260 813.1
1230270 811.5
1230280 808.0
1230290 803.6
1230300 803.6
1230310 798.9
1230320 793.1
1230330 793.1
1230340 787.2
1230350 780.2
1230360 780.2
1230370 773.3
1230380 766.0
1230390 766.0
1230400 759.9
1230410 753.2
1230420 753.2
1230430 746.1
1230440 739.1
1230450 739.1
1230460 734.3
1230470 731.1
1230480 731.1
1230490 727.6
1230500 723.5
1230510 723.5
1230520 719.4
1230530 718.9
1230540 718.9
1230550 718.7
1230560 718.3
1230570 718.1
1230580 718.1
1230590 718.3
1230600 718.9
1230610 718.9
1230620 718.7
1230630 718.6
1230640 718.6
1230650 718.5
1230660 718.3
1230670 718.3
1230680 718.1
1230690 717.8
1230700 717.8
1230710 717.4
1230720 716.7
1230730 716.7
1230740 716.0
1230750 716.5
1230760 716.5
1230770 720.6
1230780 723.2
1230790 723.2
1230800 724.7
1230810 726.6
1230820 726.6
1230830 729.9
1230840 734.2
1230850 739.0
1230860 739.0
1230870 744.4
1230880 750.6
1230890 750.6
1230900 757.2
1230910 763.4
1230920 763.4
1230930 768.5
1230940 772.8
1230950 772.8
1230960 775.6
1230970 779.3
1230980 779.3
1230990 785.4
1231000 788.1
1231010 788.1
1231020 793.1
1231030 797.3
1231040 797.3
1231050 798.7
1231060 798.3
1231070 798.3
1231080 799.0
1231090 797.3
1231100 797.3
1231110 791.9
1231120 786.3
1231130 780.6
1231140 780.6
1231150 777.2
1231160 775.3
1231170 775.3
1231180 771.6
1231190 772.4
1231200 772.4
1231210 777.1
1231220 779.1
1231230 779.1
1231240 782.1
1231250 785.0
1231260 785.0
1231270 787.0
1231280 788.0
1231290 788.0
1231300 788.2
1231310 787.9
1231320 787.9
1231330 787.6
1231340 785.2
1231350 785.2
1231360 781.2
1231370 776.2
1231380 776.2
1231390 775.0
1231400 772.6
1231410 770.0
1231420 770.0
1231430 768.0
1231440 767.2
1231450 767.2
1231460 767.1
1231470 767.3
1231480 767.3
1231490 767.4
1231500 767.5
1231510 766.8
1231520 766.9
1231530 766.9
1231540 766.9
1231550 766.9
1231560 766.7
1231570 766.7
1231580 766.4
1231590 766.0
1231600 766.0
1231610 765.5
1231620 765.0
1231630 765.0
1231640 764.5
1231650 764.0
1231660 764.0
1231670 763.5
1231680 763.0
1231690 762.6
1231700 762.6
1231710 762.0
1231720 761.6
1231730 761.6
1231740 761.3
1231750 761.2
1231760 761.2
1231770 761.3
1231780 762.5
1231790 762.5
1231800 764.0
1231810 765.4
1231820 765.4
1231830 765.8
1231840 765.2
1231850 765.2
1231860 763.7
1231870 762.6
1231880 762.6
1231890 762.5
1231900 763.0
1231910 763.0
1231920 763.8
1231930 764.6
1231940 764.6
1231950 766.1
1231960 768.1
1231970 770.0
1231980 770.0
1231990 771.7
1232000 773.0
1232010 779.4
1232020 781.0
1232030 782.5
1232040 782.5
1232050 783.4
1232060 784.4
1232070 784.4
1232080 784.4
1232090 784.0
1232100 784.0
1232110 782.7
1232120 780.3
1232130 780.3
1232140 778.4
1232150 777.1
1232160 777.1
1232170 775.9
1232180 774.9
1232190 774.9
1232200 774.2
1232210 773.6
1232220 773.6
1232230 773.2
1232240 773.0
1232250 772.7
1232260 772.7
1232270 772.5
1232280 772.1
1232290 772.1
1232300 771.9
1232310 771.6
1232320 771.6
1232330 771.4
1232340 771.3
1232350 771.3
1232360 771.3
1232370 771.3
1232380 771.3
1232390 770.7
1232400 770.7
1232410 770.7
1232420 770.8
1232430 770.3
1232440 770.3
1232450 769.5
1232460 767.9
1232470 767.9
1232480 767.0
1232490 767.5
1232500 767.5
1232510 764.6
1232520 755.1
1232530 752.7
1232540 752.7
1232550 752.1
1232560 753.3
1232570 753.3
1232580 755.8
1232590 757.6
1232600 757.6
1232610 759.9
1232620 760.1
1232630 760.1
1232640 760.2
1232650 760.3
1232660 760.3
1232670 760.1
1232680 760.2
1232690 760.2
1232700 760.0
1232710 759.3
1232720 759.3
1232730 757.3
1232740 754.0
1232750 754.0
1232760 749.4
1232770 746.8
1232780 746.8
1232790 743.6
1232800 740.0
1232810 739.0
1232820 739.0
1232830 734.6
1232840 730.4
1232850 730.4
1232860 725.9
1232870 722.6
1232880 722.6
1232890 721.0
1232900 720.2
1232910 720.2
1232920 719.6
1232930 719.0
1232940 719.0
1232950 718.4
1232960 717.7
1232970 717.7
1232980 717.1
1232990 717.0
1233000 717.0
1233010 718.2
1233020 717.0
1233030 717.0
1233040 717.4
1233050 717.2
1233060 717.2
1233070 717.4
1233080 718.0
1233090 718.4
1233100 718.4
1233110 718.6
1233120 718.5
1233130 718.5
1233140 718.7
1233150 719.0
1233160 719.0
1233170 719.2
1233180 719.1
1233190 719.1
1233200 718.6
1233210 717.8
1233220 717.8
1233230 717.2
1233240 717.0
1233250 717.0
1233260 716.3
1233270 715.6
1233280 715.6
1233290 715.4
1233300 714.7
1233310 714.7
1233320 714.1
1233330 713.8
1233340 713.8
1233350 713.6
1233360 713.7
1233370 713.3
1233380 713.3
1233390 713.1
1233400 712.3
1233410 712.3
1233420 711.6
1233430 710.2
1233440 710.2
1233450 708.6
1233460 707.1
1233470 707.1
1233480 706.5
1233490 705.8
1233500 705.8
1233510 705.2
1233520 703.9
1233530 703.1
1233540 702.5
1233550 702.1
1233560 702.1
1233570 701.3
1233580 700.8
1233590 700.8
1233600 700.5
1233610 700.1
1233620 700.1
1233630 700.3
1233640 700.1
1233650 699.2
1233660 699.2
1233670 699.0
1233680 698.5
1233690 698.5
1233700 697.9
1233710 697.7
1233720 697.7
1233730 697.1
1233740 697.1
1233750 697.1
1233760 696.8
1233770 696.6
1233780 696.6
1233790 696.4
1233800 694.1
1233810 694.1
1233820 694.3
1233830 695.5
1233840 695.5
1233850 695.7
1233860 696.2
1233870 696.2
1233880 696.2
1233890 696.1
1233900 696.1
1233910 695.7
1233920 694.9
1233930 691.7
1233940 691.7
1233950 687.8
1233960 685.2
1233970 685.2
1233980 682.8
1233990 681.4
1234000 681.4
1234010 681.1
1234020 679.2
1234030 679.2
1234040 677.8
1234050 676.8
1234060 676.8
1234070 674.9
1234080 673.9
1234090 673.9
1234100 673.0
1234110 671.9
1234120 671.9
1234130 670.6
1234140 669.9
1234150 669.9
1234160 669.7
1234170 668.0
1234180 668.0
1234190 666.8
1234200 666.1
1234210 665.7
1234220 665.7
1234230 664.9
1234240 664.6
1234250 664.6
1234260 663.1
1234270 662.1
1234280 662.1
1234290 660.9
1234300 659.7
1234310 659.7
1234320 658.7
1234330 658.0
1234340 658.0
1234350 657.7
1234360 657.0
1234370 657.0
1234380 656.8
1234390 657.1
1234400 657.1
1234410 657.5
1234420 656.4
1234430 656.4
1234440 655.6
1234450 657.0
1234460 657.0
1234470 658.1
1234480 657.1
1234490 656.8
1234500 656.8
1234510 656.6
1234520 656.3
1234530 656.3
1234540 655.7
1234550 653.1
1234560 653.1
1234570 652.4
1234580 651.8
1234590 651.8
1234600 651.9
1234610 651.6
1234620 651.6
1234630 651.3
1234640 650.8
1234650 650.8
1234660 650.3
1234670 649.6
1234680 649.6
1234690 648.4
1234700 648.1
1234710 648.1
1234720 648.5
1234730 649.1
1234740 649.1
1234750 650.1
1234760 651.7
1234770 653.6
1234780 653.6
1234790 655.9
1234800 657.6
1234810 657.6
1234820 658.2
1234830 657.1
1234840 657.1
1234850 654.7
1234860 653.3
1234870 653.3
1234880 653.2
1234890 653.4
1234900 653.4
1234910 653.4
1234920 653.7
1234930 653.7
1234940 654.5
1234950 655.1
1234960 655.1
1234970 655.4
1234980 655.9
1234990 655.9
1235000 656.6
1235010 656.7
1235020 656.7
1235030 657.1
1235040 657.3
1235050 657.4
1235060 656.9
1235070 656.9
1235080 657.0
1235090 657.0
1235100 656.2
1235110 656.5
1235120 656.5
1235130 655.7
1235140 654.9
1235150 654.9
1235160 654.6
1235170 654.7
1235180 654.7
1235190 654.8
1235200 654.9
1235210 654.9
1235220 654.9
1235230 655.0
1235240 655.0
1235250 655.0
1235260 654.9
1235270 654.9
1235280 654.6
1235290 654.3
1235300 654.3
1235310 654.3
1235320 656.7
1235330 664.2
1235340 664.2
1235350 670.9
1235360 672.1
1235370 672.1
1235380 669.1
1235390 668.5
1235400 668.5
1235410 667.8
1235420 667.5
1235430 667.5
1235440 667.2
1235450 667.6
1235460 667.6
1235470 669.6
1235480 674.9
1235490 674.9
1235500 679.1
1235510 680.0
1235520 680.0
1235530 680.1
1235540 680.0
1235550 680.0
1235560 680.0
1235570 677.9
1235580 677.9
1235590 677.9
1235600 678.2
1235610 678.7
1235620 678.7
1235630 679.4
1235640 680.4
1235650 680.4
1235660 681.6
1235670 682.9
1235680 682.9
1235690 685.1
1235700 687.2
1235710 687.2
1235720 689.5
1235730 691.9
1235740 691.9
1235750 694.1
1235760 696.4
1235770 696.4
1235780 698.6
1235790 700.6
1235800 700.6
1235810 702.1
1235820 700.7
1235830 700.7
1235840 694.9
1235850 689.9
1235860 689.7
1235870 689.7
1235880 692.5
1235890 693.8
1235900 693.8
1235910 696.0
1235920 698.1
1235930 698.1
1235940 698.8
1235950 699.8
1235960 699.8
1235970 700.4
1235980 700.1
1235990 700.1
1236000 699.7
1236010 700.3
1236020 700.3
1236030 700.6
1236040 699.4
1236050 699.4
1236060 699.9
1236070 699.5
1236080 691.8
1236090 693.5
1236100 694.1
1236110 694.1
1236120 694.6
1236130 697.3
1236140 702.0
1236150 702.0
1236160 705.8
1236170 709.6
1236180 709.6
1236190 713.1
1236200 715.0
1236210 715.0
1236220 717.5
1236230 719.9
1236240 719.9
1236250 722.4
1236260 724.2
1236270 724.2
1236280 725.4
1236290 727.0
1236300 727.0
1236310 729.9
1236320 734.2
1236330 734.2
1236340 740.6
1236350 744.5
1236360 744.5
1236370 747.9
1236380 752.4
1236390 752.4
1236400 756.8
1236410 759.3
1236420 760.8
1236430 760.8
1236440 762.3
1236450 764.0
1236460 764.0
1236470 766.6
1236480 769.8
1236490 769.8
1236500 771.9
1236510 778.6
1236520 778.6
1236530 789.7
1236540 795.1
1236550 795.1
1236560 797.5
1236570 799.2
1236580 799.2
1236590 797.4
1236600 802.2
1236610 802.2
1236620 807.2
1236630 811.8
1236640 811.8
1236650 815.3
1236660 818.8
1236670 818.8
1236680 822.0
1236690 825.4
1236700 828.4
1236710 828.4
1236720 831.5
1236730 834.6
1236740 834.6
1236750 837.2
1236760 839.6
1236770 839.6
1236780 842.0
1236790 844.2
1236800 844.2
1236810 846.3
1236820 847.9
1236830 847.9
1236840 849.6
1236850 851.9
1236860 851.9
1236870 854.1
1236880 855.6
1236890 855.6
1236900 856.7
1236910 857.9
1236920 857.9
1236930 859.8
1236940 862.3
1236950 862.3
1236960 865.7
1236970 868.7
1236980 869.9
1236990 869.9
1237000 870.6
1237010 871.5
1237020 871.5
1237030 872.4
1237040 873.2
1237050 873.2
1237060 873.8
1237070 874.8
1237080 874.8
1237090 875.7
1237100 876.3
1237110 874.2
1237120 874.3
1237130 874.4
1237140 874.4
1237150 874.7
1237160 875.1
1237170 875.1
1237180 876.2
1237190 877.8
1237200 877.8
1237210 879.0
1237220 880.3
1237230 880.3
1237240 881.2
1237250 882.0
1237260 882.9
1237270 882.9
1237280 883.7
1237290 884.4
1237300 884.4
1237310 884.8
1237320 884.9
1237330 884.9
1237340 886.7
1237350 889.1
1237360 889.1
1237370 891.0
1237380 893.1
1237390 893.1
1237400 894.9
1237410 897.0
1237420 897.0
1237430 899.4
1237440 900.7
1237450 900.7
1237460 901.7
1237470 905.7
1237480 905.7
1237490 910.2
1237500 913.8
1237510 913.8
1237520 917.4
1237530 921.1
1237540 924.5
1237550 924.5
1237560 927.7
1237570 930.1
1237580 930.1
1237590 933.2
1237600 936.1
1237610 936.1
1237620 932.8
1237630 934.9
1237640 934.9
1237650 936.8
1237660 938.6
1237670 938.6
1237680 940.1
1237690 941.0
1237700 941.0
1237710 941.5
1237720 942.1
1237730 942.1
1237740 942.4
1237750 940.6
1237760 940.6
1237770 936.1
1237780 934.2
1237790 934.2
1237800 936.2
1237810 937.7
1237820 937.7
1237830 937.7
1237840 937.5
1237850 935.5
1237860 935.5
1237870 938.0
1237880 940.0
1237890 940.0
1237900 942.4
1237910 943.8
1237920 943.8
1237930 946.7
1237940 949.1
1237950 949.1
1237960 951.3
1237970 953.4
1237980 953.4
1237990 954.6
1238000 954.7
1238010 954.7
1238020 954.0
1238030 952.4
1238040 952.4
1238050 949.7
1238060 948.0
1238070 948.0
1238080 947.2
1238090 944.6
1238100 942.2
1238110 942.2
1238120 939.7
1238130 936.9
1238140 930.9
1238150 930.3
1238160 937.1
1238170 937.1
1238180 944.0
1238190 950.6
1238200 950.6
1238210 958.0
1238220 965.4
1238230 965.4
1238240 972.7
1238250 980.7
1238260 980.7
1238270 986.0
1238280 991.6
1238290 991.6
1238300 997.1
1238310 1003.0
1238320 1003.0
1238330 1009.2
1238340 1015.6
1238350 1015.6
1238360 1022.4
1238370 1028.8
1238380 1035.0
1238390 1035.0
1238400 1040.4
1238410 1046.3
1238420 1046.3
1238430 1052.1
1238440 1058.4
1238450 1058.4
1238460 1064.5
1238470 1070.7
1238480 1070.7
1238490 1076.7
1238500 1082.9
1238510 1082.9
1238520 1088.6
1238530 1093.2
1238540 1093.2
1238550 1097.3
1238560 1101.1
1238570 1101.1
1238580 1105.0
1238590 1109.4
1238600 1109.4
1238610 1115.0
1238620 1121.0
1238630 1121.0
1238640 1127.1
1238650 1133.3
1238660 1136.3
1238670 1136.3
1238680 1143.0
1238690 1149.3
1238700 1149.3
1238710 1155.3
1238720 1160.9
1238730 1160.9
1238740 1165.6
1238750 1170.3
1238760 1170.3
1238770 1174.9
1238780 1179.2
1238790 1179.2
1238800 1183.2
1238810 1186.9
1238820 1186.9
1238830 1191.0
1238840 1194.2
1238850 1194.2
1238860 1196.7
1238870 1200.1
1238880 1200.1
1238890 1204.4
1238900 1208.1
1238910 1208.1
1238920 1212.3
1238930 1215.8
1238940 1219.0
1238950 1219.0
1238960 1221.8
1238970 1224.2
1238980 1224.2
1238990 1226.3
1239000 1228.1
1239010 1228.1
1239020 1230.4
1239030 1232.9
1239040 1232.9
1239050 1233.8
1239060 1234.4
1239070 1234.4
1239080 1235.0
1239090 1235.4
1239100 1235.4
1239110 1235.5
1239120 1235.9
1239130 1235.9
1239140 1236.4
1239150 1236.9
1239160 1236.9
1239170 1235.8
1239180 1237.3
1239190 1237.3
1239200 1238.7
1239210 1239.8
1239220 1241.2
1239230 1241.2
1239240 1242.4
1239250 1242.9
1239260 1242.9
1239270 1243.2
1239280 1243.2
1239290 1243.2
1239300 1243.2
1239310 1241.4
1239320 1241.4
1239330 1237.7
1239340 1237.5
1239350 1237.5
1239360 1236.5
1239370 1236.3
1239380 1236.3
1239390 1237.2
1239400 1238.6
1239410 1238.6
1239420 1240.7
1239430 1243.2
1239440 1243.2
1239450 1246.0
1239460 1249.0
1239470 1249.0
1239480 1252.2
1239490 1255.6
1239500 1258.0
1239510 1258.0
1239520 1259.8
1239530 1261.2
1239540 1261.2
1239550 1263.4
1239560 1265.7
1239570 1265.7
1239580 1269.0
1239590 1271.9
1239600 1271.9
1239610 1274.2
1239620 1277.3
1239630 1277.3
1239640 1280.6
1239650 1283.5
1239660 1283.5
1239670 1285.7
1239680 1287.0
1239690 1286.1
1239700 1287.4
1239710 1287.9
1239720 1287.9
1239730 1288.9
1239740 1290.3
1239750 1290.3
1239760 1291.9
1239770 1294.3
1239780 1296.6
1239790 1296.6
1239800 1298.3
1239810 1299.4
1239820 1299.4
1239830 1299.7
1239840 1299.9
1239850 1299.9
1239860 1300.0
1239870 1300.4
1239880 1300.4
1239890 1301.3
1239900 1302.1
1239910 1302.1
1239920 1302.5
1239930 1303.4
1239940 1303.4
1239950 1304.4
1239960 1305.2
1239970 1305.2
1239980 1305.7
1239990 1306.0
