1220000 1389.0
1220010 1389.0
1220020 1383.5
1220030 1378.4
1220040 1378.4
1220050 1373.7
1220060 1369.3
1220070 1369.3
1220080 1365.5
1220090 1361.9
1220100 1361.9
1220110 1358.4
1220120 1355.4
1220130 1355.4
1220140 1353.5
1220150 1352.4
1220160 1352.4
1220170 1346.4
1220180 1344.9
1220190 1344.9
1220200 1344.6
1220210 1344.5
1220220 1344.5
1220230 1342.8
1220240 1340.7
1220250 1338.4
1220260 1338.4
1220270 1334.9
1220280 1329.8
1220290 1329.8
1220300 1323.3
1220310 1316.9
1220320 1316.9
1220330 1310.9
1220340 1305.4
1220350 1305.4
1220360 1301.1
1220370 1298.3
1220380 1298.3
1220390 1295.8
1220400 1290.8
1220410 1290.8
1220420 1282.8
1220430 1274.8
1220440 1274.8
1220450 1267.9
1220460 1264.4
1220470 1264.4
1220480 1263.1
1220490 1261.9
1220500 1261.9
1220510 1259.5
1220520 1257.5
1220530 1257.5
1220540 1254.3
1220550 1248.8
1220560 1244.0
1220570 1244.0
1220580 1245.4
1220590 1248.5
1220600 1248.5
1220610 1250.3
1220620 1253.4
1220630 1253.4
1220640 1256.4
1220650 1255.9
1220660 1255.9
1220670 1258.3
1220680 1265.0
1220690 1265.0
1220700 1271.2
1220710 1278.1
1220720 1278.1
1220730 1285.1
1220740 1292.2
1220750 1292.2
1220760 1299.4
1220770 1307.3
1220780 1307.3
1220790 1314.6
1220800 1320.2
1220810 1320.2
1220820 1325.0
1220830 1329.1
1220840 1331.6
1220850 1331.6
1220860 1333.2
1220870 1335.5
1220880 1335.5
1220890 1338.4
1220900 1340.1
1220910 1340.1
1220920 1340.9
1220930 1341.2
1220940 1341.2
1220950 1341.7
1220960 1342.7
1220970 1342.7
1220980 1345.7
1220990 1349.9
1221000 1349.9
1221010 1353.1
1221020 1355.6
1221030 1355.6
1221040 1357.8
1221050 1360.4
1221060 1360.4
1221070 1362.3
1221080 1363.6
1221090 1363.6
1221100 1364.0
1221110 1365.2
1221120 1368.2
1221130 1366.0
1221140 1370.4
1221150 1375.0
1221160 1375.0
1221170 1380.4
1221180 1386.2
1221190 1386.2
1221200 1392.0
1221210 1398.1
1221220 1398.1
1221230 1404.1
1221240 1410.1
1221250 1410.1
1221260 1416.3
1221270 1422.6
1221280 1422.6
1221290 1429.0
1221300 1435.6
1221310 1435.6
1221320 1442.0
1221330 1448.4
1221340 1448.4
1221350 1454.6
1221360 1461.1
1221370 1461.1
1221380 1467.4
1221390 1473.9
1221400 1480.6
1221410 1480.6
1221420 1487.3
1221430 1494.2
1221440 1494.2
1221450 1501.1
1221460 1508.1
1221470 1508.1
1221480 1515.4
1221490 1522.7
1221500 1522.7
1221510 1529.7
1221520 1536.7
1221530 1536.7
1221540 1543.5
1221550 1549.7
1221560 1549.7
1221570 1555.7
1221580 1562.8
1221590 1562.8
1221600 1571.3
1221610 1580.0
1221620 1573.1
1221630 1583.8
1221640 1595.1
1221650 1595.1
1221660 1599.7
1221670 1601.3
1221680 1606.4
1221690 1606.4
1221700 1614.4
1221710 1625.7
1221720 1625.7
1221730 1634.7
1221740 1641.0
1221750 1641.0
1221760 1647.7
1221770 1655.2
1221780 1655.2
1221790 1658.1
1221800 1656.4
1221810 1656.4
1221820 1652.6
1221830 1648.0
1221840 1648.0
1221850 1642.8
1221860 1637.2
1221870 1637.2
1221880 1630.7
1221890 1622.6
1221900 1622.6
1221910 1613.2
1221920 1604.5
1221930 1604.5
1221940 1598.3
1221950 1592.2
1221960 1587.4
1221970 1587.4
1221980 1589.1
1221990 1588.4
1222000 1588.4
1222010 1585.1
1222020 1583.6
1222030 1583.6
1222040 1587.8
1222050 1589.1
1222060 1589.1
1222070 1589.5
1222080 1580.1
1222090 1580.1
1222100 1565.6
1222110 1555.8
1222120 1555.8
1222130 1544.4
1222140 1530.2
1222150 1530.2
1222160 1519.0
1222170 1508.0
1222180 1508.0
1222190 1495.8
1222200 1487.5
1222210 1487.5
1222220 1486.7
1222230 1486.6
1222240 1486.6
1222250 1484.3
1222260 1480.5
1222270 1473.9
1222280 1473.9
1222290 1470.1
1222300 1463.0
1222310 1463.0
1222320 1455.0
1222330 1450.4
1222340 1450.4
1222350 1445.6
1222360 1448.6
1222370 1448.6
1222380 1454.1
1222390 1461.5
1222400 1461.5
1222410 1466.1
1222420 1461.5
1222430 1461.5
1222440 1456.3
1222450 1453.2
1222460 1453.2
1222470 1451.4
1222480 1447.8
1222490 1447.8
1222500 1441.9
1222510 1431.4
1222520 1431.4
1222530 1419.6
1222540 1410.9
1222550 1403.0
1222560 1403.0
1222570 1395.5
1222580 1388.9
1222590 1390.5
1222600 1380.9
1222610 1371.2
1222620 1371.2
1222630 1361.5
1222640 1352.4
1222650 1352.4
1222660 1342.6
1222670 1333.9
1222680 1333.9
1222690 1326.6
1222700 1320.2
1222710 1320.2
1222720 1310.3
1222730 1299.5
1222740 1299.5
1222750 1290.3
1222760 1282.0
1222770 1282.0
1222780 1276.3
1222790 1273.4
1222800 1273.4
1222810 1273.2
1222820 1277.7
1222830 1287.6
1222840 1287.6
1222850 1295.9
1222860 1298.5
1222870 1298.5
1222880 1300.3
1222890 1305.5
1222900 1305.5
1222910 1325.5
1222920 1344.1
1222930 1344.1
1222940 1353.5
1222950 1363.4
1222960 1363.4
1222970 1367.6
1222980 1372.4
1222990 1372.4
1223000 1374.8
1223010 1373.8
1223020 1373.8
1223030 1370.2
1223040 1366.6
1223050 1366.6
1223060 1365.1
1223070 1366.2
1223080 1366.2
1223090 1371.5
1223100 1380.0
1223110 1387.8
1223120 1387.8
1223130 1398.1
1223140 1412.3
1223150 1412.3
1223160 1420.1
1223170 1422.0
1223180 1422.0
1223190 1428.0
1223200 1441.0
1223210 1441.0
1223220 1446.6
1223230 1455.4
1223240 1455.4
1223250 1469.1
1223260 1472.3
1223270 1472.3
1223280 1484.5
1223290 1492.3
1223300 1492.3
1223310 1504.6
1223320 1496.9
1223330 1496.9
1223340 1501.9
1223350 1514.0
1223360 1514.0
1223370 1529.8
1223380 1577.1
1223390 1618.5
1223400 1618.5
1223410 1637.5
1223420 1654.6
1223430 1654.6
1223440 1657.2
1223450 1652.9
1223460 1652.9
1223470 1651.5
1223480 1652.8
1223490 1652.8
1223500 1655.7
1223510 1661.5
1223520 1661.5
1223530 1678.8
1223540 1680.4
1223550 1680.4
1223560 1668.5
1223570 1665.2
1223580 1665.2
1223590 1664.9
1223600 1671.3
1223610 1671.3
1223620 1680.4
1223630 1683.2
1223640 1683.2
1223650 1686.2
1223660 1689.5
1223670 1687.1
1223680 1687.1
1223690 1688.7
1223700 1689.6
1223710 1689.6
1223720 1691.0
1223730 1695.5
1223740 1695.5
1223750 1700.9
1223760 1706.5
1223770 1706.5
1223780 1712.1
1223790 1718.8
1223800 1718.8
1223810 1725.1
1223820 1731.4
1223830 1731.4
1223840 1733.5
1223850 1728.6
1223860 1728.6
1223870 1724.9
1223880 1724.7
1223890 1724.7
1223900 1727.1
1223910 1727.5
1223920 1727.5
1223930 1727.9
1223940 1732.1
1223950 1732.1
1223960 1736.6
1223970 1741.0
1223980 1737.3
1223990 1737.3
1224000 1728.7
1224010 1723.0
1224020 1723.0
1224030 1716.4
1224040 1711.8
1224050 1703.1
1224060 1705.9
1224070 1706.5
1224080 1706.5
1224090 1709.4
1224100 1716.4
1224110 1716.4
1224120 1711.7
1224130 1704.5
1224140 1704.5
1224150 1705.0
1224160 1712.7
1224170 1712.7
1224180 1722.6
1224190 1725.1
1224200 1725.1
1224210 1725.8
1224220 1728.5
1224230 1728.5
1224240 1730.9
1224250 1735.5
1224260 1733.4
1224270 1733.4
1224280 1728.0
1224290 1721.7
1224300 1721.7
1224310 1714.4
1224320 1706.5
1224330 1706.5
1224340 1698.8
1224350 1691.9
1224360 1691.9
1224370 1687.4
1224380 1684.1
1224390 1684.1
1224400 1681.8
1224410 1679.4
1224420 1679.4
1224430 1675.7
1224440 1670.9
1224450 1670.9
1224460 1664.8
1224470 1660.9
1224480 1660.9
1224490 1661.1
1224500 1661.0
1224510 1661.0
1224520 1660.2
1224530 1661.6
1224540 1654.5
1224550 1654.5
1224560 1651.9
1224570 1642.0
1224580 1642.0
1224590 1624.3
1224600 1613.3
1224610 1613.3
1224620 1605.6
1224630 1597.6
1224640 1597.6
1224650 1594.8
1224660 1596.8
1224670 1596.8
1224680 1602.7
1224690 1605.8
1224700 1605.8
1224710 1609.8
1224720 1612.8
1224730 1612.8
1224740 1618.0
1224750 1622.7
1224760 1622.7
1224770 1626.9
1224780 1624.0
1224790 1624.0
1224800 1624.1
1224810 1626.3
1224820 1621.3
1224830 1621.3
1224840 1622.6
1224850 1620.1
1224860 1620.1
1224870 1617.1
1224880 1622.7
1224890 1622.7
1224900 1627.8
1224910 1635.6
1224920 1635.6
1224930 1643.6
1224940 1644.3
1224950 1644.3
1224960 1638.2
1224970 1640.0
1224980 1640.0
1224990 1644.8
1225000 1655.7
1225010 1655.7
1225020 1666.2
1225030 1671.8
1225040 1671.8
1225050 1679.6
1225060 1686.3
1225070 1686.3
1225080 1692.5
1225090 1698.1
1225100 1702.5
1225110 1702.5
1225120 1704.6
1225130 1705.3
1225140 1705.3
1225150 1707.6
1225160 1711.7
1225170 1711.7
1225180 1717.1
1225190 1727.7
1225200 1727.7
1225210 1731.5
1225220 1733.7
1225230 1733.7
1225240 1734.8
1225250 1735.4
1225260 1735.4
1225270 1735.1
1225280 1736.1
1225290 1736.1
1225300 1739.4
1225310 1740.1
1225320 1740.1
1225330 1740.2
1225340 1739.4
1225350 1739.4
1225360 1738.7
1225370 1739.2
1225380 1740.0
1225390 1740.0
1225400 1741.4
1225410 1742.9
1225420 1742.9
1225430 1743.6
1225440 1741.9
1225450 1741.9
1225460 1738.4
1225470 1734.2
1225480 1734.2
1225490 1729.9
1225500 1725.6
1225510 1725.6
1225520 1713.5
1225530 1710.4
1225540 1710.4
1225550 1710.9
1225560 1708.7
1225570 1708.7
1225580 1702.7
1225590 1699.6
1225600 1699.6
1225610 1698.7
1225620 1696.3
1225630 1696.3
1225640 1691.9
1225650 1695.3
1225660 1694.7
1225670 1694.7
1225680 1691.2
1225690 1692.4
1225700 1692.4
1225710 1694.3
1225720 1700.1
1225730 1700.1
1225740 1711.8
1225750 1727.9
1225760 1727.9
1225770 1734.9
1225780 1736.9
1225790 1736.9
1225800 1738.6
1225810 1739.9
1225820 1739.9
1225830 1740.4
1225840 1740.6
1225850 1740.6
1225860 1740.2
1225870 1739.5
1225880 1739.5
1225890 1739.0
1225900 1738.6
1225910 1738.6
1225920 1738.3
1225930 1738.0
1225940 1738.0
1225950 1737.2
1225960 1736.0
1225970 1734.9
1225980 1734.9
1225990 1733.4
1226000 1728.1
1226010 1728.1
1226020 1725.0
1226030 1726.2
1226040 1726.2
1226050 1727.7
1226060 1727.2
1226070 1727.2
1226080 1726.6
1226090 1725.6
1226100 1725.6
1226110 1723.0
1226120 1716.8
1226130 1716.8
1226140 1709.6
1226150 1706.0
1226160 1706.0
1226170 1707.9
1226180 1709.5
1226190 1709.5
1226200 1712.7
1226210 1713.6
1226220 1713.6
1226230 1711.1
1226240 1707.3
1226250 1703.1
1226260 1703.1
1226270 1699.0
1226280 1694.0
1226290 1694.0
1226300 1688.7
1226310 1683.0
1226320 1683.0
1226330 1677.8
1226340 1673.7
1226350 1673.7
1226360 1671.0
1226370 1665.7
1226380 1665.7
1226390 1661.3
1226400 1657.9
1226410 1657.9
1226420 1655.6
1226430 1652.9
1226440 1652.9
1226450 1653.7
1226460 1650.2
1226470 1650.2
1226480 1646.3
1226490 1642.4
1226500 1642.4
1226510 1642.7
1226520 1636.1
1226530 1628.7
1226540 1628.7
1226550 1620.6
1226560 1615.1
1226570 1615.1
1226580 1609.5
1226590 1600.3
1226600 1600.3
1226610 1592.3
1226620 1584.8
1226630 1584.8
1226640 1577.9
1226650 1570.9
1226660 1570.9
1226670 1563.5
1226680 1556.6
1226690 1556.6
1226700 1550.3
1226710 1544.5
1226720 1544.5
1226730 1538.3
1226740 1532.1
1226750 1532.1
1226760 1526.2
1226770 1520.0
1226780 1520.0
1226790 1513.9
1226800 1507.6
1226810 1502.0
1226820 1502.0
1226830 1496.9
1226840 1491.3
1226850 1491.3
1226860 1485.8
1226870 1480.4
1226880 1480.4
1226890 1475.6
1226900 1470.7
1226910 1470.7
1226920 1465.8
1226930 1461.5
1226940 1461.5
1226950 1457.4
1226960 1453.0
1226970 1453.0
1226980 1448.0
1226990 1442.8
1227000 1445.1
1227010 1439.3
1227020 1433.1
1227030 1433.1
1227040 1426.9
1227050 1421.5
1227060 1421.5
1227070 1417.6
1227080 1415.1
1227090 1414.1
1227100 1414.1
1227110 1412.3
1227120 1408.4
1227130 1408.4
1227140 1405.0
1227150 1401.6
1227160 1401.6
1227170 1398.8
1227180 1395.3
1227190 1395.3
1227200 1390.4
1227210 1386.4
1227220 1386.4
1227230 1382.5
1227240 1378.9
1227250 1378.9
1227260 1375.9
1227270 1371.7
1227280 1371.7
1227290 1366.8
1227300 1362.8
1227310 1362.8
1227320 1359.6
1227330 1355.6
1227340 1355.6
1227350 1351.5
1227360 1347.9
1227370 1345.0
1227380 1345.0
1227390 1340.9
1227400 1336.9
1227410 1336.9
1227420 1332.1
1227430 1327.8
1227440 1327.8
1227450 1323.3
1227460 1319.3
1227470 1319.3
1227480 1317.3
1227490 1318.4
1227500 1315.5
1227510 1317.2
1227520 1318.3
1227530 1318.3
1227540 1318.8
1227550 1318.8
1227560 1318.8
1227570 1316.9
1227580 1315.6
1227590 1315.6
1227600 1314.7
1227610 1313.1
1227620 1313.1
1227630 1309.5
1227640 1305.5
1227650 1305.5
1227660 1301.1
1227670 1295.0
1227680 1289.3
1227690 1289.3
1227700 1285.4
1227710 1282.1
1227720 1282.1
1227730 1279.8
1227740 1280.7
1227750 1280.7
1227760 1280.5
1227770 1279.8
1227780 1279.8
1227790 1279.1
1227800 1279.6
1227810 1279.6
1227820 1280.4
1227830 1281.9
1227840 1281.9
1227850 1284.7
1227860 1286.2
1227870 1286.2
1227880 1284.3
1227890 1282.3
1227900 1282.3
1227910 1281.4
1227920 1280.6
1227930 1280.6
1227940 1279.9
1227950 1279.1
1227960 1277.2
1227970 1277.2
1227980 1275.6
1227990 1275.4
1228000 1272.2
1228010 1271.7
1228020 1271.8
1228030 1271.8
1228040 1271.1
1228050 1269.6
1228060 1269.6
1228070 1267.8
1228080 1266.1
1228090 1266.1
1228100 1265.1
1228110 1264.0
1228120 1264.0
1228130 1261.6
1228140 1259.2
1228150 1259.2
1228160 1257.3
1228170 1255.1
1228180 1255.1
1228190 1252.7
1228200 1248.8
1228210 1248.8
1228220 1244.3
1228230 1241.7
1228240 1239.7
1228250 1239.7
1228260 1238.2
1228270 1237.7
1228280 1237.7
1228290 1237.0
1228300 1236.5
1228310 1236.5
1228320 1236.4
1228330 1235.9
1228340 1235.9
1228350 1235.7
1228360 1236.1
1228370 1236.1
1228380 1236.5
1228390 1237.5
1228400 1237.5
1228410 1239.2
1228420 1240.6
1228430 1240.6
1228440 1241.6
1228450 1242.9
1228460 1242.9
1228470 1244.4
1228480 1245.6
1228490 1239.8
1228500 1241.1
1228510 1242.5
1228520 1243.7
1228530 1243.7
1228540 1244.6
1228550 1245.0
1228560 1245.0
1228570 1244.7
1228580 1243.8
1228590 1243.8
1228600 1242.4
1228610 1239.5
1228620 1239.5
1228630 1235.9
1228640 1230.9
1228650 1230.9
1228660 1224.6
1228670 1220.3
1228680 1220.3
1228690 1218.7
1228700 1217.1
1228710 1217.1
1228720 1215.3
1228730 1213.3
1228740 1213.3
1228750 1211.0
1228760 1208.4
1228770 1208.4
1228780 1205.9
1228790 1202.8
1228800 1201.4
1228810 1201.4
1228820 1199.9
1228830 1195.1
1228840 1195.1
1228850 1189.5
1228860 1186.8
1228870 1186.8
1228880 1185.8
1228890 1185.2
1228900 1185.2
1228910 1184.8
1228920 1184.2
1228930 1184.2
1228940 1183.8
1228950 1183.3
1228960 1183.3
1228970 1182.8
1228980 1182.7
1228990 1182.2
1229000 1181.9
1229010 1181.8
1229020 1181.8
1229030 1181.6
1229040 1181.4
1229050 1181.4
1229060 1181.1
1229070 1180.7
1229080 1180.0
1229090 1180.0
1229100 1179.7
1229110 1178.7
1229120 1178.7
1229130 1176.7
1229140 1175.5
1229150 1175.5
1229160 1174.8
1229170 1174.0
1229180 1174.0
1229190 1173.1
1229200 1171.8
1229210 1171.8
1229220 1170.4
1229230 1169.4
1229240 1169.4
1229250 1168.6
1229260 1167.8
1229270 1167.8
1229280 1166.6
1229290 1164.2
1229300 1164.2
1229310 1161.9
1229320 1160.1
1229330 1160.1
1229340 1160.9
1229350 1164.7
1229360 1166.0
1229370 1166.0
1229380 1168.2
1229390 1168.8
1229400 1168.8
1229410 1168.4
1229420 1166.6
1229430 1166.6
1229440 1165.5
1229450 1164.6
1229460 1164.6
1229470 1163.9
1229480 1163.6
1229490 1162.2
1229500 1163.6
1229510 1166.8
1229520 1166.8
1229530 1168.0
1229540 1168.9
1229550 1168.9
1229560 1170.2
1229570 1171.7
1229580 1171.7
1229590 1173.3
1229600 1175.0
1229610 1175.0
1229620 1175.5
1229630 1175.0
1229640 1175.0
1229650 1174.9
1229660 1175.8
1229670 1177.1
1229680 1177.1
1229690 1178.4
1229700 1177.8
1229710 1177.8
1229720 1176.7
1229730 1174.9
1229740 1174.9
1229750 1174.1
1229760 1174.5
1229770 1174.5
1229780 1174.6
1229790 1174.5
1229800 1174.5
1229810 1174.1
1229820 1173.6
1229830 1173.6
1229840 1173.1
1229850 1173.0
1229860 1173.0
1229870 1173.9
1229880 1173.4
1229890 1173.4
1229900 1172.6
1229910 1173.3
1229920 1173.3
1229930 1172.5
1229940 1171.2
1229950 1171.6
1229960 1171.6
1229970 1171.3
1229980 1172.1
1229990 1170.2
1230000 1171.2
1230010 1171.5
1230020 1171.5
1230030 1171.6
1230040 1171.6
1230050 1171.6
1230060 1172.6
1230070 1173.9
1230080 1173.9
1230090 1174.8
1230100 1177.3
1230110 1177.3
1230120 1179.9
1230130 1181.9
1230140 1181.9
1230150 1184.1
1230160 1186.5
1230170 1186.5
1230180 1189.0
1230190 1191.4
1230200 1191.4
1230210 1192.9
1230220 1194.7
1230230 1195.1
1230240 1195.1
1230250 1189.8
1230260 1185.7
1230270 1185.7
1230280 1185.8
1230290 1182.3
1230300 1182.3
1230310 1180.3
1230320 1181.4
1230330 1181.4
1230340 1184.1
1230350 1191.9
1230360 1191.9
1230370 1200.2
1230380 1206.5
1230390 1206.5
1230400 1208.5
1230410 1209.5
1230420 1209.5
1230430 1210.6
1230440 1212.4
1230450 1212.4
1230460 1213.8
1230470 1214.8
1230480 1214.8
1230490 1215.9
1230500 1218.9
1230510 1222.8
1230520 1222.8
1230530 1227.2
1230540 1228.5
1230550 1228.5
1230560 1230.9
1230570 1233.3
1230580 1233.3
1230590 1234.3
1230600 1237.2
1230610 1237.2
1230620 1240.2
1230630 1243.1
1230640 1243.1
1230650 1246.0
1230660 1249.2
1230670 1249.2
1230680 1252.5
1230690 1256.0
1230700 1256.0
1230710 1259.8
1230720 1262.8
1230730 1262.8
1230740 1265.0
1230750 1267.4
1230760 1267.4
1230770 1270.8
1230780 1273.4
1230790 1272.4
1230800 1272.4
1230810 1270.8
1230820 1272.5
1230830 1272.5
1230840 1275.1
1230850 1276.4
1230860 1276.4
1230870 1273.7
1230880 1272.0
1230890 1272.0
1230900 1276.4
1230910 1285.5
1230920 1285.5
1230930 1293.3
1230940 1299.3
1230950 1299.3
1230960 1305.3
1230970 1311.3
1230980 1311.3
1230990 1320.6
1231000 1326.1
1231010 1326.1
1231020 1331.4
1231030 1336.6
1231040 1336.6
1231050 1341.6
1231060 1346.8
1231070 1352.3
1231080 1352.3
1231090 1357.7
1231100 1363.1
1231110 1363.1
1231120 1368.9
1231130 1374.9
1231140 1374.9
1231150 1381.0
1231160 1386.6
1231170 1386.6
1231180 1391.6
1231190 1395.7
1231200 1395.7
1231210 1400.1
1231220 1405.4
1231230 1405.4
1231240 1410.1
1231250 1414.5
1231260 1414.5
1231270 1419.1
1231280 1423.6
1231290 1423.6
1231300 1428.6
1231310 1433.4
1231320 1433.4
1231330 1437.8
1231340 1442.4
1231350 1447.8
1231360 1447.8
1231370 1453.7
1231380 1458.7
1231390 1458.7
1231400 1463.7
1231410 1467.0
1231420 1467.0
1231430 1469.0
1231440 1470.5
1231450 1470.5
1231460 1472.7
1231470 1475.6
1231480 1475.6
1231490 1478.2
1231500 1480.6
1231510 1480.6
1231520 1482.8
1231530 1484.6
1231540 1484.6
1231550 1485.5
1231560 1486.0
1231570 1486.0
1231580 1487.9
1231590 1489.5
1231600 1489.5
1231610 1491.0
1231620 1492.9
1231630 1492.9
1231640 1494.7
1231650 1495.4
1231660 1496.3
1231670 1496.3
1231680 1495.4
1231690 1491.1
1231700 1491.1
1231710 1484.1
1231720 1478.4
1231730 1478.4
1231740 1474.5
1231750 1470.7
1231760 1470.7
1231770 1464.7
1231780 1458.0
1231790 1458.0
1231800 1452.1
1231810 1445.3
1231820 1445.3
1231830 1438.6
1231840 1431.9
1231850 1431.9
1231860 1423.8
1231870 1414.4
1231880 1414.4
1231890 1403.5
1231900 1393.2
1231910 1393.2
1231920 1382.2
1231930 1378.6
1231940 1378.5
1231950 1378.5
1231960 1372.4
1231970 1365.9
1231980 1365.9
1231990 1367.7
1232000 1375.1
1232010 1375.1
1232020 1383.9
1232030 1394.5
1232040 1394.5
1232050 1407.4
1232060 1423.2
1232070 1423.2
1232080 1436.0
1232090 1445.9
1232100 1445.9
1232110 1454.1
1232120 1461.6
1232130 1461.6
1232140 1470.8
1232150 1481.8
1232160 1481.8
1232170 1491.7
1232180 1501.4
1232190 1501.4
1232200 1510.3
1232210 1518.1
1232220 1525.2
1232230 1525.2
1232240 1530.5
1232250 1535.0
1232260 1535.0
1232270 1539.9
1232280 1544.1
1232290 1544.1
1232300 1549.1
1232310 1553.9
1232320 1553.9
1232330 1557.1
1232340 1559.7
1232350 1559.7
1232360 1562.1
1232370 1565.1
1232380 1565.1
1232390 1569.1
1232400 1573.8
1232410 1573.8
1232420 1577.5
1232430 1580.6
1232440 1580.6
1232450 1583.2
1232460 1583.8
1232470 1583.8
1232480 1582.3
1232490 1579.2
1232500 1575.2
1232510 1567.0
1232520 1563.0
1232530 1557.2
1232540 1557.2
1232550 1546.6
1232560 1533.1
1232570 1533.1
1232580 1527.3
1232590 1524.8
1232600 1524.8
1232610 1516.9
1232620 1509.8
1232630 1509.8
1232640 1506.3
1232650 1514.9
1232660 1514.9
1232670 1515.8
1232680 1513.8
1232690 1513.8
1232700 1507.1
1232710 1495.6
1232720 1495.6
1232730 1485.1
1232740 1481.1
1232750 1481.1
1232760 1480.4
1232770 1486.8
1232780 1496.3
1232790 1496.3
1232800 1507.7
1232810 1520.4
1232820 1520.4
1232830 1530.8
1232840 1536.7
1232850 1536.7
1232860 1542.3
1232870 1549.9
1232880 1549.9
1232890 1557.8
1232900 1562.4
1232910 1562.4
1232920 1571.1
1232930 1590.4
1232940 1590.4
1232950 1604.1
1232960 1616.6
1232970 1616.6
1232980 1628.1
1232990 1638.1
1233000 1638.1
1233010 1644.7
1233020 1656.6
1233030 1656.6
1233040 1668.8
1233050 1676.2
1233060 1684.9
1233070 1684.9
1233080 1698.6
1233090 1704.0
1233100 1704.0
1233110 1705.5
1233120 1708.7
1233130 1708.7
1233140 1711.7
1233150 1711.8
1233160 1711.8
1233170 1712.2
1233180 1713.6
1233190 1713.6
1233200 1713.4
1233210 1711.0
1233220 1711.0
1233230 1707.8
1233240 1706.3
1233250 1706.3
1233260 1706.3
1233270 1707.5
1233280 1707.5
1233290 1708.9
1233300 1708.3
1233310 1708.3
1233320 1706.6
1233330 1705.9
1233340 1705.0
1233350 1705.0
1233360 1703.5
1233370 1701.5
1233380 1701.5
1233390 1699.4
1233400 1696.0
1233410 1696.0
1233420 1692.3
1233430 1687.3
1233440 1687.3
1233450 1676.5
1233460 1667.6
1233470 1667.6
1233480 1659.5
1233490 1652.0
1233500 1652.0
1233510 1644.6
1233520 1634.3
1233530 1634.3
1233540 1627.4
1233550 1620.7
1233560 1620.7
1233570 1615.3
1233580 1609.2
1233590 1609.2
1233600 1602.9
1233610 1599.3
1233620 1599.3
1233630 1597.0
1233640 1592.5
1233650 1585.7
1233660 1585.7
1233670 1579.1
1233680 1571.1
1233690 1571.1
1233700 1562.1
1233710 1559.7
1233720 1559.7
1233730 1556.1
1233740 1545.3
1233750 1545.3
1233760 1532.0
1233770 1523.3
1233780 1523.3
1233790 1515.6
1233800 1504.3
1233810 1504.3
1233820 1493.7
1233830 1486.6
1233840 1486.6
1233850 1484.9
1233860 1478.2
1233870 1478.2
1233880 1470.7
1233890 1469.3
1233900 1469.3
1233910 1470.3
1233920 1463.9
1233930 1453.9
1233940 1453.9
1233950 1438.4
1233960 1426.3
1233970 1426.3
1233980 1415.9
1233990 1408.3
1234000 1408.3
1234010 1405.2
1234020 1403.8
1234030 1396.7
1234040 1395.4
1234050 1394.2
1234060 1394.2
1234070 1392.9
1234080 1386.8
1234090 1386.8
1234100 1378.5
1234110 1370.3
1234120 1370.3
1234130 1354.7
1234140 1343.8
1234150 1343.8
1234160 1343.9
1234170 1351.6
1234180 1351.6
1234190 1357.2
1234200 1360.0
1234210 1364.6
1234220 1364.6
1234230 1367.1
1234240 1369.2
1234250 1369.2
1234260 1370.9
1234270 1371.2
1234280 1371.2
1234290 1369.4
1234300 1366.3
1234310 1366.3
1234320 1362.5
1234330 1358.5
1234340 1358.5
1234350 1354.3
1234360 1349.7
1234370 1349.7
1234380 1345.3
1234390 1342.8
1234400 1342.8
1234410 1341.0
1234420 1336.0
1234430 1336.0
1234440 1327.0
1234450 1318.6
1234460 1318.6
1234470 1312.5
1234480 1308.3
1234490 1304.1
1234500 1304.1
1234510 1301.7
1234520 1295.4
1234530 1295.4
1234540 1272.1
1234550 1265.7
1234560 1265.7
1234570 1260.4
1234580 1255.2
1234590 1255.2
1234600 1246.9
1234610 1236.6
1234620 1236.6
1234630 1227.8
1234640 1220.1
1234650 1220.1
1234660 1212.6
1234670 1204.4
1234680 1204.4
1234690 1203.2
1234700 1201.2
1234710 1201.2
1234720 1199.2
1234730 1197.6
1234740 1197.6
1234750 1201.4
1234760 1206.3
1234770 1206.7
1234780 1206.7
1234790 1204.6
1234800 1200.9
1234810 1200.9
1234820 1193.2
1234830 1182.9
1234840 1182.9
1234850 1177.8
1234860 1172.8
1234870 1172.8
1234880 1168.0
1234890 1164.0
1234900 1164.0
1234910 1160.0
1234920 1158.6
1234930 1158.6
1234940 1159.1
1234950 1158.2
1234960 1158.2
1234970 1156.2
1234980 1152.5
1234990 1152.5
1235000 1151.5
1235010 1150.6
1235020 1150.6
1235030 1147.0
1235040 1145.2
1235050 1141.2
1235060 1141.2
1235070 1146.3
1235080 1150.8
1235090 1150.8
1235100 1150.4
1235110 1144.1
1235120 1144.1
1235130 1137.7
1235140 1130.7
1235150 1130.7
1235160 1121.4
1235170 1112.7
1235180 1112.7
1235190 1104.6
1235200 1096.4
1235210 1096.4
1235220 1097.0
1235230 1099.4
1235240 1099.4
1235250 1102.3
1235260 1104.9
1235270 1104.9
1235280 1107.4
1235290 1112.1
1235300 1112.1
1235310 1113.7
1235320 1113.2
1235330 1114.6
1235340 1114.6
1235350 1115.9
1235360 1120.8
1235370 1120.8
1235380 1121.1
1235390 1119.5
1235400 1119.5
1235410 1118.3
1235420 1118.6
1235430 1118.6
1235440 1117.2
1235450 1114.6
1235460 1114.6
1235470 1111.3
1235480 1108.4
1235490 1108.4
1235500 1107.8
1235510 1107.5
1235520 1107.5
1235530 1107.4
1235540 1106.6
1235550 1106.6
1235560 1101.6
1235570 1101.4
1235580 1101.4
1235590 1101.5
1235600 1101.6
1235610 1100.5
1235620 1100.5
1235630 1097.8
1235640 1094.6
1235650 1094.6
1235660 1089.3
1235670 1082.7
1235680 1082.7
1235690 1073.1
1235700 1062.3
1235710 1062.3
1235720 1050.9
1235730 1039.0
1235740 1039.0
1235750 1030.3
1235760 1024.7
1235770 1024.7
1235780 1026.5
1235790 1032.6
1235800 1032.6
1235810 1041.5
1235820 1047.5
1235830 1047.5
1235840 1043.4
1235850 1037.5
1235860 1037.5
1235870 1034.2
1235880 1033.6
1235890 1033.6
1235900 1032.4
1235910 1032.6
1235920 1036.2
1235930 1036.2
1235940 1043.4
1235950 1051.1
1235960 1051.1
1235970 1058.6
1235980 1066.2
1235990 1066.2
1236000 1073.8
1236010 1081.4
1236020 1081.4
1236030 1088.6
1236040 1096.0
1236050 1096.0
1236060 1103.4
1236070 1113.5
1236080 1113.5
1236090 1121.2
1236100 1129.9
1236110 1129.9
1236120 1142.0
1236130 1152.4
1236140 1152.4
1236150 1158.9
1236160 1166.9
1236170 1166.9
1236180 1184.2
1236190 1191.9
1236200 1193.7
1236210 1193.7
1236220 1196.3
1236230 1198.9
1236240 1198.9
1236250 1200.3
1236260 1201.6
1236270 1201.6
1236280 1203.1
1236290 1205.3
1236300 1205.3
1236310 1207.4
1236320 1208.7
1236330 1208.7
1236340 1210.0
1236350 1211.4
1236360 1211.4
1236370 1212.9
1236380 1214.6
1236390 1214.6
1236400 1216.2
1236410 1217.5
1236420 1217.5
1236430 1217.9
1236440 1219.3
1236450 1219.3
1236460 1221.9
1236470 1223.5
1236480 1224.9
1236490 1224.9
1236500 1226.2
1236510 1227.4
1236520 1227.4
1236530 1228.5
1236540 1229.5
1236550 1229.5
1236560 1230.3
1236570 1231.1
1236580 1231.1
1236590 1230.4
1236600 1232.2
1236610 1232.2
1236620 1235.2
1236630 1238.3
1236640 1238.3
1236650 1240.7
1236660 1242.9
1236670 1242.9
1236680 1244.4
1236690 1245.6
1236700 1245.6
1236710 1246.0
1236720 1246.2
1236730 1246.2
1236740 1246.4
1236750 1246.6
1236760 1246.7
1236770 1246.7
1236780 1247.0
1236790 1247.1
1236800 1247.1
1236810 1247.3
1236820 1247.5
1236830 1247.5
1236840 1247.1
1236850 1246.2
1236860 1246.2
1236870 1246.0
1236880 1247.7
1236890 1247.7
1236900 1250.0
1236910 1251.3
1236920 1251.3
1236930 1252.4
1236940 1254.0
1236950 1254.0
1236960 1255.7
1236970 1257.2
1236980 1257.2
1236990 1258.3
1237000 1259.0
1237010 1259.0
1237020 1259.4
1237030 1259.1
1237040 1260.9
1237050 1260.9
1237060 1261.5
1237070 1262.2
1237080 1262.2
1237090 1263.3
1237100 1263.5
1237110 1263.5
1237120 1264.4
1237130 1265.4
1237140 1265.4
1237150 1265.9
1237160 1266.0
1237170 1266.0
1237180 1266.6
1237190 1267.2
1237200 1267.2
1237210 1267.7
1237220 1268.2
1237230 1268.2
1237240 1268.6
1237250 1268.2
1237260 1268.2
1237270 1267.5
1237280 1267.8
1237290 1267.8
1237300 1267.7
1237310 1268.5
1237320 1269.2
1237330 1269.2
1237340 1268.8
1237350 1268.1
1237360 1268.1
1237370 1267.8
1237380 1267.3
1237390 1267.3
1237400 1267.3
1237410 1267.5
1237420 1267.5
1237430 1267.4
1237440 1267.0
1237450 1267.0
1237460 1266.2
1237470 1265.6
1237480 1265.6
1237490 1265.2
1237500 1264.8
1237510 1264.8
1237520 1264.5
1237530 1263.9
1237540 1263.9
1237550 1263.1
1237560 1262.7
1237570 1262.7
1237580 1262.4
1237590 1262.1
1237600 1262.1
1237610 1262.1
1237620 1261.5
1237630 1261.7
1237640 1261.7
1237650 1261.9
1237660 1261.9
1237670 1261.9
1237680 1261.8
1237690 1261.4
1237700 1261.4
1237710 1261.2
1237720 1261.1
1237730 1261.1
1237740 1260.8
1237750 1260.9
1237760 1260.9
1237770 1261.3
1237780 1261.1
1237790 1261.1
1237800 1260.4
1237810 1259.7
1237820 1259.7
1237830 1259.5
1237840 1259.6
1237850 1259.6
1237860 1258.6
1237870 1257.8
1237880 1257.8
1237890 1257.1
1237900 1256.3
1237910 1255.7
1237920 1255.7
1237930 1255.1
1237940 1254.6
1237950 1254.6
1237960 1254.2
1237970 1253.6
1237980 1253.6
1237990 1252.5
1238000 1251.7
1238010 1251.7
1238020 1250.5
1238030 1249.3
1238040 1249.3
1238050 1247.9
1238060 1246.0
1238070 1246.0
1238080 1244.7
1238090 1244.5
1238100 1244.5
1238110 1244.2
1238120 1243.9
1238130 1244.8
1238140 1244.3
1238150 1243.2
1238160 1243.2
1238170 1242.8
1238180 1242.6
1238190 1242.3
1238200 1242.3
1238210 1241.8
1238220 1241.5
1238230 1241.5
1238240 1241.4
1238250 1242.5
1238260 1242.5
1238270 1243.1
1238280 1242.4
1238290 1242.4
1238300 1241.4
1238310 1241.3
1238320 1241.3
1238330 1241.4
1238340 1241.5
1238350 1241.5
1238360 1243.1
1238370 1244.6
1238380 1244.6
1238390 1245.6
1238400 1246.6
1238410 1246.6
1238420 1246.9
1238430 1243.8
1238440 1243.8
1238450 1242.9
1238460 1245.9
1238470 1249.9
1238480 1249.9
1238490 1251.1
1238500 1250.3
1238510 1250.3
1238520 1249.4
1238530 1251.1
1238540 1251.1
1238550 1252.3
1238560 1252.3
1238570 1252.3
1238580 1251.9
1238590 1251.2
1238600 1251.2
1238610 1250.8
1238620 1250.6
1238630 1250.6
1238640 1250.2
1238650 1249.8
1238660 1249.8
1238670 1249.6
1238680 1249.3
1238690 1249.3
1238700 1249.0
1238710 1248.9
1238720 1248.9
1238730 1248.6
1238740 1248.3
1238750 1248.1
1238760 1248.1
1238770 1248.0
1238780 1248.2
1238790 1248.2
1238800 1248.2
1238810 1248.3
1238820 1248.3
1238830 1248.3
1238840 1248.2
1238850 1248.2
1238860 1248.2
1238870 1247.8
1238880 1247.8
1238890 1247.5
1238900 1247.5
1238910 1247.5
1238920 1247.5
1238930 1247.4
1238940 1247.4
1238950 1247.5
1238960 1247.5
1238970 1247.5
1238980 1247.5
1238990 1247.6
1239000 1247.6
1239010 1247.7
1239020 1247.6
1239030 1247.7
1239040 1247.7
1239050 1248.0
1239060 1248.8
1239070 1248.8
1239080 1250.6
1239090 1252.3
1239100 1252.3
1239110 1253.2
1239120 1252.8
1239130 1252.8
1239140 1251.7
1239150 1250.8
1239160 1250.8
1239170 1251.5
1239180 1251.2
1239190 1251.2
1239200 1250.0
1239210 1248.3
1239220 1248.3
1239230 1247.7
1239240 1247.9
1239250 1247.9
1239260 1247.9
1239270 1247.5
1239280 1247.5
1239290 1247.7
1239300 1248.3
1239310 1249.6
1239320 1249.6
1239330 1250.9
1239340 1252.9
1239350 1252.9
1239360 1255.1
1239370 1257.5
1239380 1257.5
1239390 1260.0
1239400 1262.3
1239410 1262.3
1239420 1263.9
1239430 1265.9
1239440 1265.9
1239450 1269.3
1239460 1273.0
1239470 1273.0
1239480 1277.1
1239490 1280.9
1239500 1280.9
1239510 1284.0
1239520 1289.5
1239530 1289.5
1239540 1295.5
1239550 1300.6
1239560 1300.6
1239570 1305.6
1239580 1310.4
1239590 1312.9
1239600 1312.9
1239610 1316.0
1239620 1319.0
1239630 1319.0
1239640 1322.3
1239650 1326.1
1239660 1326.1
1239670 1330.2
1239680 1334.6
1239690 1336.1
1239700 1340.7
1239710 1344.7
1239720 1344.7
1239730 1348.2
1239740 1351.7
1239750 1351.7
1239760 1355.0
1239770 1358.4
1239780 1358.4
1239790 1361.6
1239800 1365.0
1239810 1365.0
1239820 1367.8
1239830 1370.1
1239840 1370.1
1239850 1371.9
1239860 1373.2
1239870 1373.2
1239880 1374.0
1239890 1374.7
1239900 1375.8
1239910 1375.8
1239920 1376.9
1239930 1377.6
1239940 1377.6
1239950 1379.1
1239960 1381.0
1239970 1381.0
1239980 1382.0
1239990 1382.8
