1220000 1385.4
1220010 1385.4
1220020 1382.9
1220030 1381.0
1220040 1381.0
1220050 1378.9
1220060 1376.7
1220070 1376.7
1220080 1374.8
1220090 1373.0
1220100 1373.0
1220110 1371.4
1220120 1370.0
1220130 1370.0
1220140 1368.6
1220150 1367.3
1220160 1366.1
1220170 1366.1
1220180 1364.7
1220190 1362.7
1220200 1362.7
1220210 1359.7
1220220 1355.2
1220230 1355.2
1220240 1351.3
1220250 1347.2
1220260 1347.2
1220270 1340.6
1220280 1336.3
1220290 1336.3
1220300 1336.1
1220310 1337.0
1220320 1337.0
1220330 1341.5
1220340 1348.1
1220350 1348.1
1220360 1352.6
1220370 1356.6
1220380 1356.6
1220390 1362.4
1220400 1368.8
1220410 1368.8
1220420 1362.3
1220430 1366.9
1220440 1374.7
1220450 1374.7
1220460 1380.2
1220470 1386.1
1220480 1386.1
1220490 1391.3
1220500 1396.8
1220510 1396.8
1220520 1403.4
1220530 1410.2
1220540 1410.2
1220550 1416.0
1220560 1421.1
1220570 1421.1
1220580 1425.9
1220590 1431.6
1220600 1431.6
1220610 1439.4
1220620 1447.2
1220630 1447.2
1220640 1455.1
1220650 1464.2
1220660 1464.2
1220670 1474.8
1220680 1482.6
1220690 1482.6
1220700 1484.8
1220710 1486.8
1220720 1486.8
1220730 1492.3
1220740 1497.7
1220750 1502.2
1220760 1502.2
1220770 1506.1
1220780 1509.2
1220790 1509.2
1220800 1509.1
1220810 1505.6
1220820 1505.6
1220830 1498.4
1220840 1489.5
1220850 1489.5
1220860 1485.0
1220870 1484.8
1220880 1484.8
1220890 1485.8
1220900 1475.2
1220910 1475.2
1220920 1467.7
1220930 1462.8
1220940 1462.8
1220950 1460.8
1220960 1460.4
1220970 1460.4
1220980 1458.4
1220990 1453.3
1221000 1453.3
1221010 1447.3
1221020 1441.0
1221030 1434.9
1221040 1434.9
1221050 1430.9
1221060 1434.1
1221070 1434.1
1221080 1445.0
1221090 1452.7
1221100 1452.7
1221110 1457.2
1221120 1460.6
1221130 1460.6
1221140 1465.9
1221150 1471.1
1221160 1471.1
1221170 1476.2
1221180 1482.7
1221190 1482.7
1221200 1489.5
1221210 1496.0
1221220 1496.0
1221230 1502.3
1221240 1507.9
1221250 1507.9
1221260 1513.5
1221270 1518.3
1221280 1518.3
1221290 1520.3
1221300 1521.0
1221310 1520.2
1221320 1520.2
1221330 1517.9
1221340 1516.9
1221350 1516.9
1221360 1519.5
1221370 1524.0
1221380 1523.1
1221390 1526.6
1221400 1531.3
1221410 1531.3
1221420 1538.5
1221430 1546.6
1221440 1546.6
1221450 1554.5
1221460 1562.0
1221470 1562.0
1221480 1569.7
1221490 1576.8
1221500 1576.8
1221510 1583.6
1221520 1590.9
1221530 1590.9
1221540 1599.0
1221550 1606.9
1221560 1606.9
1221570 1614.7
1221580 1622.1
1221590 1628.3
1221600 1628.3
1221610 1634.6
1221620 1641.1
1221630 1641.1
1221640 1647.6
1221650 1654.3
1221660 1654.3
1221670 1661.0
1221680 1668.2
1221690 1668.2
1221700 1676.2
1221710 1684.8
1221720 1684.8
1221730 1692.7
1221740 1699.5
1221750 1699.5
1221760 1706.1
1221770 1713.0
1221780 1713.0
1221790 1720.8
1221800 1728.1
1221810 1728.1
1221820 1734.0
1221830 1740.0
1221840 1740.0
1221850 1745.1
1221860 1750.2
1221870 1753.2
1221880 1753.2
1221890 1756.4
1221900 1759.5
1221910 1759.5
1221920 1763.3
1221930 1767.3
1221940 1767.3
1221950 1770.5
1221960 1773.0
1221970 1773.0
1221980 1775.5
1221990 1778.1
1222000 1778.1
1222010 1780.1
1222020 1781.5
1222030 1781.5
1222040 1782.9
1222050 1784.9
1222060 1784.9
1222070 1787.6
1222080 1791.0
1222090 1791.0
1222100 1794.1
1222110 1794.3
1222120 1794.3
1222130 1791.1
1222140 1790.9
1222150 1791.3
1222160 1791.3
1222170 1785.5
1222180 1775.0
1222190 1775.0
1222200 1770.9
1222210 1768.6
1222220 1768.6
1222230 1770.2
1222240 1770.7
1222250 1770.7
1222260 1769.3
1222270 1764.9
1222280 1764.9
1222290 1758.2
1222300 1749.6
1222310 1749.6
1222320 1745.0
1222330 1742.0
1222340 1742.0
1222350 1725.7
1222360 1720.6
1222370 1720.6
1222380 1722.0
1222390 1725.0
1222400 1725.0
1222410 1721.1
1222420 1712.3
1222430 1712.3
1222440 1702.2
1222450 1699.0
1222460 1697.9
1222470 1697.9
1222480 1693.9
1222490 1687.8
1222500 1687.8
1222510 1677.7
1222520 1666.9
1222530 1666.9
1222540 1656.6
1222550 1649.2
1222560 1649.2
1222570 1648.8
1222580 1650.0
1222590 1650.0
1222600 1647.0
1222610 1641.9
1222620 1641.9
1222630 1633.8
1222640 1622.9
1222650 1622.9
1222660 1612.9
1222670 1607.3
1222680 1607.3
1222690 1594.6
1222700 1580.1
1222710 1580.1
1222720 1571.3
1222730 1560.0
1222740 1554.2
1222750 1554.2
1222760 1548.3
1222770 1542.6
1222780 1542.6
1222790 1553.5
1222800 1569.2
1222810 1569.2
1222820 1577.2
1222830 1584.5
1222840 1591.9
1222850 1600.3
1222860 1609.6
1222870 1609.6
1222880 1615.2
1222890 1612.5
1222900 1612.5
1222910 1613.4
1222920 1614.6
1222930 1614.6
1222940 1615.7
1222950 1611.3
1222960 1611.3
1222970 1604.6
1222980 1600.7
1222990 1600.7
1223000 1599.3
1223010 1595.3
1223020 1585.8
1223030 1585.8
1223040 1576.8
1223050 1572.9
1223060 1572.9
1223070 1567.1
1223080 1561.9
1223090 1561.9
1223100 1565.4
1223110 1575.7
1223120 1575.7
1223130 1570.0
1223140 1564.4
1223150 1564.4
1223160 1562.6
1223170 1559.8
1223180 1559.8
1223190 1558.0
1223200 1564.7
1223210 1564.7
1223220 1574.6
1223230 1584.5
1223240 1584.5
1223250 1594.5
1223260 1603.5
1223270 1603.5
1223280 1612.5
1223290 1623.0
1223300 1627.1
1223310 1627.1
1223320 1626.1
1223330 1610.6
1223340 1610.6
1223350 1613.9
1223360 1618.5
1223370 1618.5
1223380 1631.2
1223390 1645.5
1223400 1645.5
1223410 1654.7
1223420 1651.0
1223430 1651.0
1223440 1654.9
1223450 1661.0
1223460 1661.0
1223470 1666.6
1223480 1668.0
1223490 1668.0
1223500 1665.0
1223510 1659.5
1223520 1659.5
1223530 1655.9
1223540 1657.9
1223550 1657.9
1223560 1665.3
1223570 1673.8
1223580 1682.5
1223590 1682.5
1223600 1693.1
1223610 1700.4
1223620 1700.4
1223630 1704.1
1223640 1706.9
1223650 1706.9
1223660 1711.6
1223670 1713.0
1223680 1713.0
1223690 1712.1
1223700 1713.5
1223710 1713.5
1223720 1715.7
1223730 1720.3
1223740 1720.3
1223750 1727.0
1223760 1733.5
1223770 1733.5
1223780 1739.9
1223790 1747.2
1223800 1747.2
1223810 1763.9
1223820 1782.5
1223830 1782.5
1223840 1797.3
1223850 1797.1
1223860 1797.1
1223870 1815.2
1223880 1819.1
1223890 1820.2
1223900 1820.2
1223910 1831.3
1223920 1841.2
1223930 1841.2
1223940 1844.5
1223950 1846.0
1223960 1846.0
1223970 1844.5
1223980 1846.5
1223990 1846.5
1224000 1851.7
1224010 1857.9
1224020 1857.9
1224030 1862.4
1224040 1866.7
1224050 1866.7
1224060 1872.4
1224070 1879.4
1224080 1879.4
1224090 1894.3
1224100 1909.8
1224110 1909.8
1224120 1921.2
1224130 1923.4
1224140 1923.4
1224150 1925.5
1224160 1930.0
1224170 1933.4
1224180 1933.4
1224190 1938.5
1224200 1944.9
1224210 1944.9
1224220 1937.2
1224230 1926.8
1224240 1926.8
1224250 1920.1
1224260 1917.4
1224270 1917.4
1224280 1917.8
1224290 1914.7
1224300 1911.2
1224310 1907.9
1224320 1901.2
1224330 1901.2
1224340 1895.4
1224350 1893.1
1224360 1893.1
1224370 1892.3
1224380 1894.5
1224390 1894.5
1224400 1894.3
1224410 1895.2
1224420 1895.2
1224430 1896.9
1224440 1899.9
1224450 1903.4
1224460 1903.4
1224470 1902.6
1224480 1901.0
1224490 1901.0
1224500 1896.6
1224510 1893.4
1224520 1893.4
1224530 1893.5
1224540 1892.4
1224550 1892.4
1224560 1891.4
1224570 1891.6
1224580 1891.6
1224590 1886.1
1224600 1879.7
1224610 1879.7
1224620 1877.5
1224630 1880.8
1224640 1880.8
1224650 1879.6
1224660 1876.7
1224670 1876.7
1224680 1870.9
1224690 1876.6
1224700 1876.6
1224710 1878.8
1224720 1880.5
1224730 1889.5
1224740 1889.5
1224750 1898.7
1224760 1901.5
1224770 1901.5
1224780 1903.6
1224790 1900.0
1224800 1900.0
1224810 1901.2
1224820 1903.6
1224830 1903.6
1224840 1906.3
1224850 1920.4
1224860 1920.4
1224870 1923.4
1224880 1918.4
1224890 1918.4
1224900 1921.8
1224910 1922.8
1224920 1922.8
1224930 1929.3
1224940 1938.9
1224950 1938.9
1224960 1941.6
1224970 1944.0
1224980 1944.0
1224990 1949.6
1225000 1952.9
1225010 1944.6
1225020 1944.6
1225030 1933.0
1225040 1924.3
1225050 1924.3
1225060 1928.1
1225070 1929.0
1225080 1929.0
1225090 1925.7
1225100 1922.9
1225110 1922.9
1225120 1922.8
1225130 1922.1
1225140 1922.1
1225150 1924.4
1225160 1931.1
1225170 1931.1
1225180 1940.8
1225190 1951.3
1225200 1951.3
1225210 1961.8
1225220 1967.2
1225230 1967.2
1225240 1966.2
1225250 1960.5
1225260 1960.5
1225270 1946.4
1225280 1932.2
1225290 1941.3
1225300 1925.8
1225310 1919.0
1225320 1912.6
1225330 1912.6
1225340 1894.5
1225350 1875.3
1225360 1875.3
1225370 1865.4
1225380 1856.6
1225390 1856.6
1225400 1844.2
1225410 1834.6
1225420 1834.6
1225430 1830.4
1225440 1823.7
1225450 1823.7
1225460 1817.8
1225470 1805.6
1225480 1805.6
1225490 1791.3
1225500 1782.1
1225510 1782.1
1225520 1780.9
1225530 1774.5
1225540 1774.5
1225550 1761.6
1225560 1756.3
1225570 1756.3
1225580 1752.7
1225590 1744.8
1225600 1736.0
1225610 1736.0
1225620 1730.6
1225630 1725.2
1225640 1725.2
1225650 1723.9
1225660 1730.9
1225670 1730.9
1225680 1729.6
1225690 1721.3
1225700 1721.3
1225710 1706.9
1225720 1699.5
1225730 1699.5
1225740 1691.7
1225750 1684.2
1225760 1684.2
1225770 1673.9
1225780 1675.6
1225790 1675.6
1225800 1665.8
1225810 1659.8
1225820 1659.8
1225830 1653.7
1225840 1648.2
1225850 1648.2
1225860 1642.5
1225870 1636.4
1225880 1629.4
1225890 1629.4
1225900 1621.6
1225910 1615.1
1225920 1615.1
1225930 1612.3
1225940 1610.0
1225950 1610.0
1225960 1606.3
1225970 1602.5
1225980 1602.5
1225990 1597.7
1226000 1591.6
1226010 1591.6
1226020 1585.4
1226030 1579.3
1226040 1579.3
1226050 1572.8
1226060 1566.3
1226070 1566.3
1226080 1560.2
1226090 1554.8
1226100 1554.8
1226110 1551.2
1226120 1548.9
1226130 1548.9
1226140 1546.6
1226150 1543.8
1226160 1539.8
1226170 1539.8
1226180 1535.6
1226190 1532.4
1226200 1532.4
1226210 1530.1
1226220 1527.4
1226230 1527.4
1226240 1521.9
1226250 1513.8
1226260 1513.8
1226270 1505.3
1226280 1498.6
1226290 1498.6
1226300 1494.3
1226310 1488.5
1226320 1488.5
1226330 1480.8
1226340 1476.9
1226350 1476.9
1226360 1477.1
1226370 1476.0
1226380 1476.0
1226390 1473.3
1226400 1470.8
1226410 1470.8
1226420 1467.3
1226430 1463.2
1226440 1458.7
1226450 1458.7
1226460 1454.8
1226470 1451.0
1226480 1451.0
1226490 1446.9
1226500 1442.9
1226510 1442.9
1226520 1439.4
1226530 1436.3
1226540 1436.3
1226550 1433.3
1226560 1430.9
1226570 1430.9
1226580 1428.4
1226590 1426.8
1226600 1426.8
1226610 1425.8
1226620 1424.1
1226630 1424.1
1226640 1421.5
1226650 1419.0
1226660 1419.0
1226670 1416.6
1226680 1413.8
1226690 1413.8
1226700 1411.1
1226710 1408.8
1226720 1408.8
1226730 1406.4
1226740 1403.5
1226750 1400.5
1226760 1400.5
1226770 1404.5
1226780 1401.6
1226790 1401.6
1226800 1397.8
1226810 1394.0
1226820 1394.0
1226830 1391.0
1226840 1388.2
1226850 1388.2
1226860 1386.6
1226870 1384.8
1226880 1384.8
1226890 1383.5
1226900 1382.4
1226910 1382.4
1226920 1381.2
1226930 1380.3
1226940 1380.3
1226950 1379.8
1226960 1379.2
1226970 1379.2
1226980 1378.7
1226990 1378.1
1227000 1378.1
1227010 1377.0
1227020 1375.3
1227030 1373.5
1227040 1373.5
1227050 1372.5
1227060 1372.5
1227070 1372.5
1227080 1373.9
1227090 1375.9
1227100 1375.9
1227110 1376.6
1227120 1378.5
1227130 1378.5
1227140 1379.0
1227150 1378.7
1227160 1378.7
1227170 1379.5
1227180 1379.9
1227190 1379.9
1227200 1380.3
1227210 1380.6
1227220 1380.6
1227230 1381.5
1227240 1382.5
1227250 1382.5
1227260 1382.4
1227270 1385.1
1227280 1385.1
1227290 1385.8
1227300 1386.4
1227310 1386.7
1227320 1386.7
1227330 1386.6
1227340 1387.1
1227350 1387.1
1227360 1388.4
1227370 1390.0
1227380 1390.0
1227390 1391.0
1227400 1390.9
1227410 1390.9
1227420 1391.9
1227430 1392.7
1227440 1392.7
1227450 1393.9
1227460 1394.7
1227470 1394.7
1227480 1395.9
1227490 1398.3
1227500 1398.3
1227510 1401.2
1227520 1405.1
1227530 1405.1
1227540 1409.4
1227550 1414.5
1227560 1414.5
1227570 1419.0
1227580 1423.5
1227590 1428.1
1227600 1428.1
1227610 1431.7
1227620 1434.6
1227630 1434.6
1227640 1440.3
1227650 1446.1
1227660 1446.1
1227670 1449.1
1227680 1452.8
1227690 1452.8
1227700 1457.7
1227710 1461.2
1227720 1461.2
1227730 1465.3
1227740 1468.0
1227750 1468.0
1227760 1467.7
1227770 1476.0
1227780 1476.0
1227790 1483.5
1227800 1495.8
1227810 1495.8
1227820 1495.0
1227830 1493.3
1227840 1493.3
1227850 1487.7
1227860 1485.4
1227870 1487.7
1227880 1487.7
1227890 1488.1
1227900 1481.4
1227910 1481.4
1227920 1473.7
1227930 1467.7
1227940 1467.7
1227950 1466.3
1227960 1468.3
1227970 1468.3
1227980 1471.7
1227990 1475.5
1228000 1475.5
1228010 1479.5
1228020 1484.0
1228030 1484.0
1228040 1490.4
1228050 1496.2
1228060 1496.2
1228070 1499.6
1228080 1506.2
1228090 1506.2
1228100 1513.3
1228110 1511.0
1228120 1511.0
1228130 1506.6
1228140 1502.3
1228150 1498.5
1228160 1498.5
1228170 1494.9
1228180 1490.3
1228190 1490.3
1228200 1486.6
1228210 1483.2
1228220 1483.2
1228230 1479.8
1228240 1476.5
1228250 1475.8
1228260 1472.5
1228270 1469.6
1228280 1469.6
1228290 1466.0
1228300 1460.8
1228310 1460.8
1228320 1454.5
1228330 1448.3
1228340 1448.3
1228350 1442.3
1228360 1436.7
1228370 1436.7
1228380 1431.3
1228390 1425.1
1228400 1425.1
1228410 1419.1
1228420 1413.5
1228430 1413.5
1228440 1408.3
1228450 1402.2
1228460 1396.3
1228470 1396.3
1228480 1390.8
1228490 1386.0
1228500 1386.0
1228510 1381.4
1228520 1376.2
1228530 1376.2
1228540 1370.7
1228550 1365.7
1228560 1365.7
1228570 1360.2
1228580 1355.3
1228590 1355.3
1228600 1350.6
1228610 1346.1
1228620 1346.1
1228630 1340.9
1228640 1335.7
1228650 1335.7
1228660 1330.4
1228670 1325.9
1228680 1325.9
1228690 1322.2
1228700 1318.9
1228710 1318.9
1228720 1313.9
1228730 1307.1
1228740 1300.1
1228750 1302.7
1228760 1294.2
1228770 1286.0
1228780 1286.0
1228790 1277.9
1228800 1270.2
1228810 1270.2
1228820 1263.0
1228830 1256.6
1228840 1256.6
1228850 1250.6
1228860 1245.4
1228870 1245.4
1228880 1242.8
1228890 1241.4
1228900 1241.4
1228910 1240.4
1228920 1238.8
1228930 1238.8
1228940 1237.7
1228950 1237.5
1228960 1237.5
1228970 1237.6
1228980 1237.5
1228990 1237.5
1229000 1238.0
1229010 1239.2
1229020 1238.4
1229030 1238.4
1229040 1236.8
1229050 1235.4
1229060 1235.4
1229070 1234.5
1229080 1234.5
1229090 1234.5
1229100 1233.3
1229110 1232.1
1229120 1232.1
1229130 1231.3
1229140 1230.4
1229150 1230.4
1229160 1229.4
1229170 1228.6
1229180 1228.6
1229190 1228.6
1229200 1228.1
1229210 1228.1
1229220 1226.9
1229230 1225.4
1229240 1225.4
1229250 1223.0
1229260 1221.6
1229270 1221.6
1229280 1220.3
1229290 1218.4
1229300 1217.4
1229310 1217.4
1229320 1217.1
1229330 1217.5
1229340 1217.5
1229350 1220.6
1229360 1221.2
1229370 1221.2
1229380 1221.4
1229390 1222.6
1229400 1222.6
1229410 1222.8
1229420 1222.0
1229430 1222.0
1229440 1221.1
1229450 1219.9
1229460 1219.9
1229470 1219.6
1229480 1219.5
1229490 1219.5
1229500 1219.9
1229510 1220.9
1229520 1220.9
1229530 1221.7
1229540 1222.5
1229550 1222.5
1229560 1222.8
1229570 1223.2
1229580 1223.1
1229590 1223.1
1229600 1223.2
1229610 1223.3
1229620 1223.3
1229630 1223.6
1229640 1224.3
1229650 1224.3
1229660 1224.8
1229670 1225.3
1229680 1225.3
1229690 1225.7
1229700 1226.3
1229710 1226.3
1229720 1226.6
1229730 1226.9
1229740 1226.9
1229750 1225.3
1229760 1225.7
1229770 1225.7
1229780 1226.4
1229790 1227.1
1229800 1227.1
1229810 1227.3
1229820 1228.4
1229830 1228.4
1229840 1230.4
1229850 1232.1
1229860 1232.1
1229870 1234.1
1229880 1236.2
1229890 1237.9
1229900 1237.9
1229910 1239.9
1229920 1242.0
1229930 1242.0
1229940 1243.9
1229950 1245.6
1229960 1245.6
1229970 1247.8
1229980 1250.1
1229990 1250.1
1230000 1252.8
1230010 1255.6
1230020 1255.6
1230030 1258.6
1230040 1261.1
1230050 1261.1
1230060 1262.7
1230070 1265.2
1230080 1265.2
1230090 1267.3
1230100 1269.3
1230110 1269.3
1230120 1271.6
1230130 1273.6
1230140 1273.6
1230150 1275.1
1230160 1276.3
1230170 1277.5
1230180 1277.5
1230190 1279.6
1230200 1281.2
1230210 1281.2
1230220 1283.2
1230230 1286.3
1230240 1286.3
1230250 1284.4
1230260 1284.1
1230270 1284.1
1230280 1285.1
1230290 1285.3
1230300 1285.3
1230310 1284.9
1230320 1285.5
1230330 1285.5
1230340 1286.6
1230350 1288.4
1230360 1288.4
1230370 1291.4
1230380 1295.1
1230390 1295.1
1230400 1298.4
1230410 1300.9
1230420 1300.9
1230430 1303.4
1230440 1306.6
1230450 1309.8
1230460 1309.8
1230470 1312.1
1230480 1313.3
1230490 1313.3
1230500 1314.4
1230510 1315.6
1230520 1315.6
1230530 1317.2
1230540 1319.4
1230550 1319.4
1230560 1322.0
1230570 1325.1
1230580 1325.1
1230590 1328.2
1230600 1331.3
1230610 1331.3
1230620 1333.9
1230630 1335.9
1230640 1335.9
1230650 1336.1
1230660 1333.4
1230670 1333.4
1230680 1330.4
1230690 1329.9
1230700 1329.9
1230710 1331.4
1230720 1333.1
1230730 1330.3
1230740 1330.3
1230750 1323.5
1230760 1323.0
1230770 1323.0
1230780 1324.2
1230790 1324.7
1230800 1324.7
1230810 1325.0
1230820 1323.6
1230830 1323.6
1230840 1327.7
1230850 1335.0
1230860 1335.0
1230870 1341.9
1230880 1347.5
1230890 1347.5
1230900 1352.2
1230910 1356.6
1230920 1356.6
1230930 1361.8
1230940 1367.7
1230950 1367.7
1230960 1374.0
1230970 1380.6
1230980 1380.6
1230990 1387.2
1231000 1392.8
1231010 1396.2
1231020 1396.2
1231030 1400.0
1231040 1407.2
1231050 1407.2
1231060 1411.5
1231070 1414.4
1231080 1414.4
1231090 1417.9
1231100 1422.3
1231110 1422.3
1231120 1426.1
1231130 1429.4
1231140 1429.4
1231150 1432.4
1231160 1435.4
1231170 1435.4
1231180 1439.5
1231190 1446.8
1231200 1446.8
1231210 1454.9
1231220 1462.7
1231230 1462.7
1231240 1469.4
1231250 1473.7
1231260 1468.0
1231270 1471.2
1231280 1474.9
1231290 1474.9
1231300 1479.4
1231310 1484.6
1231320 1490.3
1231330 1490.3
1231340 1496.0
1231350 1501.7
1231360 1501.7
1231370 1506.1
1231380 1508.5
1231390 1508.5
1231400 1510.7
1231410 1514.0
1231420 1514.0
1231430 1518.6
1231440 1523.9
1231450 1523.9
1231460 1529.6
1231470 1535.3
1231480 1535.3
1231490 1539.3
1231500 1540.7
1231510 1540.7
1231520 1540.2
1231530 1536.6
1231540 1536.6
1231550 1533.0
1231560 1531.3
1231570 1531.3
1231580 1532.1
1231590 1533.4
1231600 1533.7
1231610 1533.7
1231620 1532.3
1231630 1530.6
1231640 1530.6
1231650 1530.7
1231660 1535.4
1231670 1535.4
1231680 1543.2
1231690 1552.9
1231700 1552.9
1231710 1567.4
1231720 1582.3
1231730 1582.3
1231740 1594.7
1231750 1609.8
1231760 1626.9
1231770 1636.0
1231780 1641.2
1231790 1641.2
1231800 1644.7
1231810 1647.2
1231820 1647.2
1231830 1649.6
1231840 1652.1
1231850 1652.1
1231860 1654.4
1231870 1655.2
1231880 1654.4
1231890 1654.4
1231900 1652.3
1231910 1650.4
1231920 1650.4
1231930 1652.8
1231940 1653.1
1231950 1653.1
1231960 1652.1
1231970 1653.5
1231980 1653.5
1231990 1660.0
1232000 1668.3
1232010 1668.3
1232020 1676.2
1232030 1682.7
1232040 1682.7
1232050 1690.2
1232060 1698.1
1232070 1698.1
1232080 1707.1
1232090 1716.6
1232100 1716.6
1232110 1727.5
1232120 1735.7
1232130 1735.7
1232140 1740.1
1232150 1744.2
1232160 1746.4
1232170 1746.4
1232180 1746.1
1232190 1746.7
1232200 1746.7
1232210 1748.2
1232220 1750.4
1232230 1750.4
1232240 1750.2
1232250 1747.9
1232260 1735.4
1232270 1731.6
1232280 1724.3
1232290 1724.3
1232300 1716.7
1232310 1708.3
1232320 1708.3
1232330 1704.6
1232340 1711.7
1232350 1711.7
1232360 1742.7
1232370 1769.0
1232380 1769.0
1232390 1774.4
1232400 1778.8
1232410 1778.8
1232420 1781.5
1232430 1785.5
1232440 1787.5
1232450 1787.5
1232460 1790.9
1232470 1798.1
1232480 1798.1
1232490 1806.1
1232500 1819.3
1232510 1819.3
1232520 1829.0
1232530 1832.9
1232540 1832.9
1232550 1833.5
1232560 1833.5
1232570 1833.5
1232580 1832.2
1232590 1828.4
1232600 1828.4
1232610 1826.2
1232620 1826.7
1232630 1826.7
1232640 1827.4
1232650 1827.3
1232660 1827.3
1232670 1827.2
1232680 1826.1
1232690 1826.1
1232700 1825.2
1232710 1823.5
1232720 1821.9
1232730 1821.9
1232740 1820.5
1232750 1820.0
1232760 1820.0
1232770 1813.1
1232780 1813.0
1232790 1813.0
1232800 1811.3
1232810 1810.0
1232820 1810.0
1232830 1808.7
1232840 1803.1
1232850 1803.1
1232860 1796.8
1232870 1792.6
1232880 1792.6
1232890 1783.0
1232900 1771.7
1232910 1771.7
1232920 1767.5
1232930 1771.5
1232940 1771.5
1232950 1759.0
1232960 1726.0
1232970 1726.0
1232980 1714.3
1232990 1746.1
1233000 1746.1
1233010 1770.4
1233020 1784.3
1233030 1797.7
1233040 1797.7
1233050 1810.3
1233060 1826.1
1233070 1826.1
1233080 1842.7
1233090 1851.2
1233100 1851.2
1233110 1853.0
1233120 1850.3
1233130 1850.3
1233140 1846.2
1233150 1848.2
1233160 1848.2
1233170 1857.3
1233180 1864.9
1233190 1864.9
1233200 1875.4
1233210 1885.2
1233220 1885.2
1233230 1894.2
1233240 1901.7
1233250 1901.7
1233260 1905.7
1233270 1907.9
1233280 1898.8
1233290 1897.7
1233300 1899.8
1233310 1908.0
1233320 1908.0
1233330 1917.6
1233340 1925.0
1233350 1925.0
1233360 1932.7
1233370 1942.8
1233380 1942.8
1233390 1956.3
1233400 1970.3
1233410 1970.3
1233420 1980.4
1233430 1985.4
1233440 1985.4
1233450 1989.6
1233460 1995.7
1233470 1995.7
1233480 1997.7
1233490 1996.8
1233500 1996.8
1233510 1996.6
1233520 1997.6
1233530 1997.6
1233540 1998.9
1233550 2000.5
1233560 2000.5
1233570 2002.1
1233580 2002.5
1233590 2001.5
1233600 2001.5
1233610 1998.7
1233620 1997.1
1233630 1997.1
1233640 1994.3
1233650 1989.0
1233660 1989.0
1233670 1983.6
1233680 1978.6
1233690 1978.6
1233700 1971.6
1233710 1964.7
1233720 1964.7
1233730 1957.7
1233740 1951.0
1233750 1951.0
1233760 1949.0
1233770 1941.7
1233780 1941.7
1233790 1922.5
1233800 1914.7
1233810 1914.7
1233820 1908.0
1233830 1896.4
1233840 1896.4
1233850 1881.4
1233860 1873.6
1233870 1866.0
1233880 1866.0
1233890 1852.7
1233900 1834.8
1233910 1834.8
1233920 1817.2
1233930 1800.5
1233940 1800.5
1233950 1790.3
1233960 1779.4
1233970 1779.4
1233980 1764.0
1233990 1739.7
1234000 1739.7
1234010 1717.6
1234020 1682.7
1234030 1682.7
1234040 1665.1
1234050 1655.5
1234060 1655.5
1234070 1660.0
1234080 1669.0
1234090 1669.0
1234100 1671.9
1234110 1671.7
1234120 1671.7
1234130 1675.4
1234140 1680.4
1234150 1678.7
1234160 1678.7
1234170 1691.5
1234180 1712.7
1234190 1712.7
1234200 1717.0
1234210 1717.3
1234220 1717.3
1234230 1720.4
1234240 1720.5
1234250 1720.5
1234260 1717.4
1234270 1715.3
1234280 1715.3
1234290 1702.0
1234300 1700.8
1234310 1700.8
1234320 1703.9
1234330 1708.5
1234340 1708.5
1234350 1711.2
1234360 1713.1
1234370 1713.1
1234380 1716.4
1234390 1718.4
1234400 1718.4
1234410 1716.3
1234420 1716.5
1234430 1714.8
1234440 1714.8
1234450 1710.2
1234460 1704.8
1234470 1704.8
1234480 1700.5
1234490 1696.9
1234500 1696.9
1234510 1693.7
1234520 1683.6
1234530 1683.6
1234540 1674.2
1234550 1667.9
1234560 1667.9
1234570 1662.3
1234580 1657.0
1234590 1657.0
1234600 1651.0
1234610 1642.9
1234620 1642.9
1234630 1635.4
1234640 1630.5
1234650 1630.5
1234660 1624.6
1234670 1618.5
1234680 1618.5
1234690 1614.0
1234700 1607.7
1234710 1607.7
1234720 1607.2
1234730 1602.7
1234740 1595.8
1234750 1595.8
1234760 1591.0
1234770 1588.5
1234780 1588.5
1234790 1585.1
1234800 1566.0
1234810 1566.0
1234820 1558.0
1234830 1550.4
1234840 1550.4
1234850 1544.5
1234860 1536.6
1234870 1536.6
1234880 1537.3
1234890 1537.5
1234900 1537.5
1234910 1536.9
1234920 1539.5
1234930 1539.5
1234940 1544.2
1234950 1548.8
1234960 1548.8
1234970 1550.4
1234980 1549.8
1234990 1549.8
1235000 1548.2
1235010 1543.7
1235020 1537.2
1235030 1537.2
1235040 1529.3
1235050 1522.7
1235060 1522.7
1235070 1516.6
1235080 1510.6
1235090 1510.6
1235100 1509.3
1235110 1507.3
1235120 1507.3
1235130 1503.1
1235140 1499.9
1235150 1499.9
1235160 1495.4
1235170 1490.7
1235180 1490.7
1235190 1487.8
1235200 1482.5
1235210 1482.5
1235220 1475.5
1235230 1463.7
1235240 1463.7
1235250 1431.8
1235260 1390.4
1235270 1390.4
1235280 1387.3
1235290 1387.9
1235300 1386.3
1235310 1377.6
1235320 1377.9
1235330 1376.5
1235340 1376.5
1235350 1374.0
1235360 1380.2
1235370 1380.2
1235380 1383.2
1235390 1385.2
1235400 1385.2
1235410 1391.3
1235420 1399.7
1235430 1399.7
1235440 1407.8
1235450 1412.6
1235460 1412.6
1235470 1415.6
1235480 1420.6
1235490 1420.6
1235500 1428.2
1235510 1430.0
1235520 1430.0
1235530 1427.8
1235540 1423.9
1235550 1423.9
1235560 1419.5
1235570 1413.3
1235580 1405.9
1235590 1405.9
1235600 1400.7
1235610 1394.0
1235620 1394.0
1235630 1386.2
1235640 1379.4
1235650 1379.4
1235660 1374.1
1235670 1369.3
1235680 1369.3
1235690 1363.5
1235700 1357.6
1235710 1357.6
1235720 1351.1
1235730 1343.6
1235740 1343.6
1235750 1337.4
1235760 1331.3
1235770 1331.3
1235780 1326.0
1235790 1333.1
1235800 1333.1
1235810 1341.8
1235820 1350.8
1235830 1344.8
1235840 1354.3
1235850 1362.8
1235860 1364.7
1235870 1364.7
1235880 1362.5
1235890 1359.7
1235900 1359.7
1235910 1355.7
1235920 1351.6
1235930 1351.6
1235940 1347.2
1235950 1342.8
1235960 1342.8
1235970 1339.9
1235980 1336.8
1235990 1336.8
1236000 1331.2
1236010 1324.0
1236020 1324.0
1236030 1315.6
1236040 1309.5
1236050 1309.5
1236060 1305.8
1236070 1302.9
1236080 1302.9
1236090 1300.3
1236100 1297.5
1236110 1297.5
1236120 1294.5
1236130 1293.8
1236140 1294.9
1236150 1294.9
1236160 1296.2
1236170 1296.6
1236180 1296.6
1236190 1295.5
1236200 1296.2
1236210 1296.2
1236220 1300.7
1236230 1305.4
1236240 1305.4
1236250 1306.9
1236260 1309.4
1236270 1309.4
1236280 1314.3
1236290 1318.4
1236300 1318.4
1236310 1321.4
1236320 1324.9
1236330 1324.9
1236340 1322.6
1236350 1321.0
1236360 1321.0
1236370 1322.9
1236380 1326.5
1236390 1326.5
1236400 1331.0
1236410 1334.2
1236420 1336.4
1236430 1336.4
1236440 1338.0
1236450 1338.6
1236460 1338.6
1236470 1338.7
1236480 1339.3
1236490 1339.3
1236500 1340.7
1236510 1342.4
1236520 1342.4
1236530 1343.7
1236540 1342.4
1236550 1342.4
1236560 1341.9
1236570 1344.5
1236580 1344.5
1236590 1347.4
1236600 1350.1
1236610 1350.1
1236620 1353.3
1236630 1356.5
1236640 1356.5
1236650 1360.1
1236660 1364.2
1236670 1364.2
1236680 1368.1
1236690 1370.3
1236700 1370.3
1236710 1371.3
1236720 1375.5
1236730 1379.3
1236740 1379.3
1236750 1380.7
1236760 1381.2
1236770 1381.2
1236780 1381.2
1236790 1380.3
1236800 1380.3
1236810 1378.7
1236820 1377.4
1236830 1377.4
1236840 1377.2
1236850 1372.9
1236860 1372.9
1236870 1372.6
1236880 1371.4
1236890 1371.4
1236900 1369.6
1236910 1368.5
1236920 1368.5
1236930 1367.9
1236940 1366.2
1236950 1366.2
1236960 1364.4
1236970 1362.2
1236980 1362.2
1236990 1359.6
1237000 1356.3
1237010 1353.4
1237020 1353.4
1237030 1350.7
1237040 1348.3
1237050 1348.3
1237060 1346.2
1237070 1341.7
1237080 1341.7
1237090 1337.1
1237100 1333.1
1237110 1333.1
1237120 1330.1
1237130 1326.4
1237140 1326.4
1237150 1321.4
1237160 1316.7
1237170 1316.7
1237180 1312.7
1237190 1309.7
1237200 1309.7
1237210 1307.3
1237220 1306.1
1237230 1306.1
1237240 1303.0
1237250 1298.8
1237260 1298.8
1237270 1296.3
1237280 1293.1
1237290 1290.4
1237300 1290.4
1237310 1287.7
1237320 1283.8
1237330 1283.8
1237340 1279.4
1237350 1276.5
1237360 1276.5
1237370 1270.3
1237380 1267.8
1237390 1267.8
1237400 1266.3
1237410 1265.5
1237420 1265.5
1237430 1264.1
1237440 1262.1
1237450 1262.1
1237460 1260.9
1237470 1259.7
1237480 1259.7
1237490 1258.9
1237500 1256.3
1237510 1256.3
1237520 1253.2
1237530 1249.4
1237540 1249.4
1237550 1243.8
1237560 1238.4
1237570 1233.5
1237580 1233.5
1237590 1230.4
1237600 1229.8
1237610 1229.8
1237620 1228.9
1237630 1228.4
1237640 1228.4
1237650 1227.0
1237660 1225.8
1237670 1225.8
1237680 1225.4
1237690 1225.2
1237700 1225.2
1237710 1225.8
1237720 1227.5
1237730 1227.5
1237740 1229.3
1237750 1231.0
1237760 1231.0
1237770 1231.7
1237780 1231.5
1237790 1231.5
1237800 1230.3
1237810 1228.7
1237820 1228.7
1237830 1227.4
1237840 1226.1
1237850 1225.1
1237860 1225.1
1237870 1224.3
1237880 1225.6
1237890 1225.6
1237900 1223.7
1237910 1222.5
1237920 1222.5
1237930 1221.4
1237940 1220.4
1237950 1220.4
1237960 1219.4
1237970 1218.7
1237980 1218.7
1237990 1218.5
1238000 1218.5
1238010 1218.5
1238020 1219.4
1238030 1221.3
1238040 1221.3
1238050 1222.6
1238060 1223.9
1238070 1223.9
1238080 1225.0
1238090 1226.6
1238100 1226.6
1238110 1227.8
1238120 1227.8
1238130 1229.6
1238140 1229.6
1238150 1231.9
1238160 1234.9
1238170 1234.9
1238180 1237.5
1238190 1238.2
1238200 1238.2
1238210 1238.7
1238220 1237.3
1238230 1237.3
1238240 1235.7
1238250 1234.6
1238260 1234.6
1238270 1233.4
1238280 1233.0
1238290 1233.0
1238300 1234.7
1238310 1240.4
1238320 1240.4
1238330 1247.0
1238340 1247.2
1238350 1247.2
1238360 1245.6
1238370 1247.0
1238380 1247.0
1238390 1250.6
1238400 1250.2
1238410 1250.2
1238420 1249.1
1238430 1246.7
1238440 1244.2
1238450 1244.2
1238460 1242.5
1238470 1241.4
1238480 1241.4
1238490 1239.9
1238500 1237.8
1238510 1237.8
1238520 1236.4
1238530 1235.1
1238540 1235.1
1238550 1233.7
1238560 1232.6
1238570 1232.6
1238580 1232.1
1238590 1231.8
1238600 1231.8
1238610 1231.8
1238620 1231.7
1238630 1231.7
1238640 1232.0
1238650 1231.7
1238660 1231.7
1238670 1230.4
1238680 1228.9
1238690 1228.9
1238700 1227.4
1238710 1225.7
1238720 1225.3
1238730 1225.3
1238740 1226.7
1238750 1228.6
1238760 1228.6
1238770 1230.1
1238780 1231.4
1238790 1231.4
1238800 1233.3
1238810 1234.5
1238820 1234.5
1238830 1235.1
1238840 1235.5
1238850 1235.5
1238860 1235.0
1238870 1234.4
1238880 1234.4
1238890 1236.0
1238900 1238.5
1238910 1238.5
1238920 1245.0
1238930 1247.7
1238940 1247.7
1238950 1247.8
1238960 1246.7
1238970 1246.7
1238980 1246.7
1238990 1245.9
1239000 1246.3
1239010 1246.3
1239020 1247.5
1239030 1248.1
1239040 1248.1
1239050 1249.0
1239060 1249.6
1239070 1249.6
1239080 1250.5
1239090 1252.7
1239100 1252.7
1239110 1254.7
1239120 1256.2
1239130 1256.2
1239140 1256.0
1239150 1254.3
1239160 1254.3
1239170 1252.6
1239180 1251.0
1239190 1251.0
1239200 1249.0
1239210 1246.4
1239220 1246.4
1239230 1244.0
1239240 1241.5
1239250 1241.5
1239260 1239.2
1239270 1237.1
1239280 1237.5
1239290 1237.5
1239300 1238.6
1239310 1240.3
1239320 1240.3
1239330 1242.7
1239340 1246.7
1239350 1246.7
1239360 1251.4
1239370 1255.6
1239380 1255.6
1239390 1259.1
1239400 1261.6
1239410 1261.6
1239420 1264.7
1239430 1268.8
1239440 1269.9
1239450 1273.2
1239460 1273.5
1239470 1273.5
1239480 1271.4
1239490 1270.2
1239500 1270.2
1239510 1269.4
1239520 1269.8
1239530 1269.8
1239540 1271.2
1239550 1272.3
1239560 1273.1
1239570 1273.1
1239580 1274.2
1239590 1275.1
1239600 1275.1
1239610 1276.5
1239620 1279.2
1239630 1279.2
1239640 1282.1
1239650 1284.3
1239660 1284.3
1239670 1286.0
1239680 1287.8
1239690 1287.8
1239700 1289.6
1239710 1291.6
1239720 1291.6
1239730 1293.7
1239740 1296.0
1239750 1296.0
1239760 1298.3
1239770 1301.0
1239780 1301.0
1239790 1304.2
1239800 1308.0
1239810 1308.0
1239820 1312.5
1239830 1317.0
1239840 1317.0
1239850 1321.7
1239860 1326.7
1239870 1331.1
1239880 1331.1
1239890 1334.6
1239900 1338.2
1239910 1338.2
1239920 1342.0
1239930 1345.6
1239940 1345.6
1239950 1349.0
1239960 1353.3
1239970 1353.3
1239980 1355.5
1239990 1356.2
