1220000 2500.0
1220010 2500.0
1220020 2495.9
1220030 2498.8
1220040 2498.8
1220050 2500.4
1220060 2490.4
1220070 2490.4
1220080 2480.5
1220090 2462.4
1220100 2462.4
1220110 2447.3
1220120 2450.5
1220130 2450.5
1220140 2455.8
1220150 2461.6
1220160 2460.0
1220170 2445.1
1220180 2440.5
1220190 2431.9
1220200 2431.9
1220210 2426.0
1220220 2421.3
1220230 2421.3
1220240 2419.0
1220250 2405.4
1220260 2405.4
1220270 2381.5
1220280 2378.2
1220290 2378.2
1220300 2376.7
1220310 2373.4
1220320 2373.4
1220330 2368.0
1220340 2363.9
1220350 2363.9
1220360 2362.9
1220370 2361.4
1220380 2361.4
1220390 2360.2
1220400 2359.6
1220410 2359.6
1220420 2361.6
1220430 2363.8
1220440 2363.8
1220450 2365.2
1220460 2367.8
1220470 2371.2
1220480 2371.2
1220490 2375.6
1220500 2379.6
1220510 2379.6
1220520 2381.7
1220530 2383.1
1220540 2383.1
1220550 2394.6
1220560 2408.3
1220570 2408.3
1220580 2428.6
1220590 2439.4
1220600 2439.4
1220610 2441.8
1220620 2438.2
1220630 2438.2
1220640 2433.8
1220650 2441.3
1220660 2435.3
1220670 2451.4
1220680 2465.2
1220690 2465.2
1220700 2477.5
1220710 2487.4
1220720 2487.4
1220730 2496.2
1220740 2504.2
1220750 2511.9
1220760 2511.9
1220770 2520.0
1220780 2527.7
1220790 2527.7
1220800 2537.6
1220810 2549.9
1220820 2549.9
1220830 2556.3
1220840 2552.5
1220850 2552.5
1220860 2545.1
1220870 2535.7
1220880 2535.7
1220890 2524.1
1220900 2503.4
1220910 2503.4
1220920 2488.9
1220930 2479.3
1220940 2479.3
1220950 2471.9
1220960 2465.6
1220970 2465.6
1220980 2459.8
1220990 2453.6
1221000 2453.6
1221010 2447.0
1221020 2439.9
1221030 2432.1
1221040 2432.1
1221050 2425.2
1221060 2419.1
1221070 2419.1
1221080 2414.1
1221090 2410.5
1221100 2410.5
1221110 2407.7
1221120 2405.4
1221130 2405.4
1221140 2396.7
1221150 2395.8
1221160 2395.8
1221170 2394.3
1221180 2393.6
1221190 2393.6
1221200 2393.1
1221210 2393.6
1221220 2393.6
1221230 2394.8
1221240 2397.3
1221250 2397.3
1221260 2401.9
1221270 2409.5
1221280 2409.5
1221290 2419.2
1221300 2430.5
1221310 2430.5
1221320 2436.8
1221330 2439.6
1221340 2437.8
1221350 2437.8
1221360 2436.2
1221370 2437.0
1221380 2437.0
1221390 2438.7
1221400 2440.8
1221410 2440.8
1221420 2443.0
1221430 2445.1
1221440 2445.1
1221450 2446.7
1221460 2440.9
1221470 2440.9
1221480 2437.5
1221490 2435.6
1221500 2435.6
1221510 2433.7
1221520 2429.0
1221530 2429.0
1221540 2423.7
1221550 2418.9
1221560 2418.9
1221570 2404.8
1221580 2387.2
1221590 2387.2
1221600 2370.7
1221610 2356.9
1221620 2342.6
1221630 2342.6
1221640 2325.4
1221650 2316.3
1221660 2316.3
1221670 2325.9
1221680 2335.4
1221690 2335.4
1221700 2324.2
1221710 2304.1
1221720 2304.1
1221730 2311.0
1221740 2324.0
1221750 2324.0
1221760 2337.0
1221770 2338.9
1221780 2338.9
1221790 2341.4
1221800 2331.1
1221810 2331.1
1221820 2315.9
1221830 2300.6
1221840 2300.6
1221850 2293.0
1221860 2290.4
1221870 2290.4
1221880 2289.8
1221890 2289.6
1221900 2289.7
1221910 2289.7
1221920 2293.4
1221930 2298.1
1221940 2298.1
1221950 2310.9
1221960 2330.1
1221970 2330.1
1221980 2342.0
1221990 2353.2
1222000 2353.2
1222010 2364.7
1222020 2377.1
1222030 2377.1
1222040 2381.6
1222050 2373.3
1222060 2373.3
1222070 2361.1
1222080 2353.8
1222090 2353.8
1222100 2352.0
1222110 2338.6
1222120 2338.6
1222130 2337.8
1222140 2334.4
1222150 2334.4
1222160 2336.3
1222170 2339.0
1222180 2339.0
1222190 2341.3
1222200 2344.8
1222210 2348.2
1222220 2348.2
1222230 2353.0
1222240 2358.4
1222250 2358.4
1222260 2363.8
1222270 2368.0
1222280 2368.0
1222290 2377.2
1222300 2405.7
1222310 2405.7
1222320 2412.8
1222330 2404.0
1222340 2404.0
1222350 2411.3
1222360 2426.3
1222370 2426.3
1222380 2451.2
1222390 2474.7
1222400 2474.7
1222410 2493.8
1222420 2508.2
1222430 2508.2
1222440 2521.7
1222450 2531.8
1222460 2531.8
1222470 2553.6
1222480 2585.1
1222490 2624.3
1222500 2624.3
1222510 2661.5
1222520 2664.4
1222530 2664.4
1222540 2664.9
1222550 2670.7
1222560 2670.7
1222570 2675.9
1222580 2666.1
1222590 2666.1
1222600 2646.2
1222610 2648.7
1222620 2648.7
1222630 2654.2
1222640 2649.8
1222650 2649.8
1222660 2637.8
1222670 2632.9
1222680 2632.9
1222690 2635.1
1222700 2629.5
1222710 2629.5
1222720 2622.1
1222730 2615.7
1222740 2615.7
1222750 2609.8
1222760 2604.5
1222770 2600.0
1222780 2600.0
1222790 2596.9
1222800 2595.4
1222810 2595.4
1222820 2595.2
1222830 2592.4
1222840 2592.4
1222850 2592.7
1222860 2596.0
1222870 2596.0
1222880 2594.2
1222890 2593.3
1222900 2593.3
1222910 2599.0
1222920 2602.9
1222930 2602.9
1222940 2605.3
1222950 2605.8
1222960 2605.8
1222970 2604.0
1222980 2605.6
1222990 2605.6
1223000 2609.7
1223010 2608.1
1223020 2608.1
1223030 2603.7
1223040 2599.3
1223050 2599.3
1223060 2601.9
1223070 2607.1
1223080 2594.8
1223090 2594.8
1223100 2594.8
1223110 2595.0
1223120 2595.0
1223130 2596.3
1223140 2598.4
1223150 2598.4
1223160 2598.0
1223170 2593.5
1223180 2593.5
1223190 2589.0
1223200 2587.3
1223210 2587.3
1223220 2581.6
1223230 2579.4
1223240 2579.4
1223250 2577.7
1223260 2576.2
1223270 2576.2
1223280 2574.0
1223290 2574.9
1223300 2574.9
1223310 2577.1
1223320 2579.1
1223330 2579.1
1223340 2579.2
1223350 2580.4
1223360 2578.0
1223370 2578.0
1223380 2583.2
1223390 2584.6
1223400 2584.6
1223410 2581.9
1223420 2578.2
1223430 2578.2
1223440 2577.8
1223450 2578.2
1223460 2578.2
1223470 2577.7
1223480 2578.1
1223490 2578.1
1223500 2579.3
1223510 2580.0
1223520 2580.0
1223530 2580.9
1223540 2580.5
1223550 2580.5
1223560 2579.9
1223570 2567.7
1223580 2567.7
1223590 2567.4
1223600 2568.3
1223610 2568.3
1223620 2568.6
1223630 2569.8
1223640 2572.6
1223650 2572.6
1223660 2577.5
1223670 2584.1
1223680 2584.1
1223690 2590.9
1223700 2597.7
1223710 2597.7
1223720 2604.2
1223730 2610.0
1223740 2610.0
1223750 2607.1
1223760 2599.9
1223770 2599.9
1223780 2597.1
1223790 2587.9
1223800 2587.9
1223810 2584.8
1223820 2580.9
1223830 2580.9
1223840 2570.7
1223850 2555.6
1223860 2555.6
1223870 2545.8
1223880 2530.0
1223890 2530.0
1223900 2511.5
1223910 2501.1
1223920 2501.1
1223930 2484.5
1223940 2466.9
1223950 2458.0
1223960 2458.0
1223970 2449.4
1223980 2444.3
1223990 2444.3
1224000 2449.8
1224010 2452.9
1224020 2452.9
1224030 2458.5
1224040 2468.5
1224050 2468.5
1224060 2451.0
1224070 2441.7
1224080 2441.7
1224090 2423.7
1224100 2408.9
1224110 2408.9
1224120 2408.7
1224130 2409.1
1224140 2409.1
1224150 2413.7
1224160 2402.2
1224170 2402.2
1224180 2397.2
1224190 2390.2
1224200 2390.2
1224210 2376.7
1224220 2361.1
1224230 2348.0
1224240 2348.0
1224250 2338.0
1224260 2317.1
1224270 2317.1
1224280 2294.9
1224290 2283.0
1224300 2283.0
1224310 2280.7
1224320 2280.9
1224330 2280.9
1224340 2285.7
1224350 2286.0
1224360 2286.0
1224370 2272.7
1224380 2258.4
1224390 2258.4
1224400 2245.2
1224410 2231.3
1224420 2231.3
1224430 2219.1
1224440 2208.3
1224450 2208.3
1224460 2196.7
1224470 2186.1
1224480 2186.1
1224490 2175.7
1224500 2166.2
1224510 2152.9
1224520 2152.9
1224530 2141.3
1224540 2137.9
1224550 2125.2
1224560 2120.9
1224570 2120.5
1224580 2120.5
1224590 2120.2
1224600 2118.9
1224610 2118.9
1224620 2112.6
1224630 2106.3
1224640 2106.3
1224650 2101.7
1224660 2097.9
1224670 2097.9
1224680 2096.7
1224690 2089.2
1224700 2089.2
1224710 2088.2
1224720 2088.9
1224730 2088.9
1224740 2085.5
1224750 2084.9
1224760 2084.9
1224770 2085.7
1224780 2090.7
1224790 2092.1
1224800 2092.1
1224810 2094.7
1224820 2097.2
1224830 2097.2
1224840 2101.3
1224850 2106.1
1224860 2106.1
1224870 2105.3
1224880 2102.6
1224890 2102.6
1224900 2094.7
1224910 2086.2
1224920 2086.2
1224930 2082.1
1224940 2082.0
1224950 2082.0
1224960 2078.1
1224970 2072.3
1224980 2072.3
1224990 2067.7
1225000 2061.5
1225010 2061.5
1225020 2055.4
1225030 2049.4
1225040 2044.3
1225050 2037.8
1225060 2030.4
1225070 2030.4
1225080 2021.5
1225090 2021.6
1225100 2024.8
1225110 2024.8
1225120 2024.5
1225130 2020.3
1225140 2020.3
1225150 2016.2
1225160 2016.9
1225170 2016.9
1225180 2016.0
1225190 2007.1
1225200 2007.1
1225210 1998.5
1225220 1995.0
1225230 1995.0
1225240 1996.3
1225250 1999.3
1225260 1999.3
1225270 2004.5
1225280 2011.5
1225290 2011.5
1225300 2019.8
1225310 2022.9
1225320 2022.9
1225330 2023.5
1225340 2039.2
1225350 2039.2
1225360 2061.3
1225370 2091.1
1225380 2095.1
1225390 2095.1
1225400 2097.9
1225410 2099.7
1225420 2099.7
1225430 2110.8
1225440 2114.6
1225450 2114.6
1225460 2113.9
1225470 2113.2
1225480 2113.2
1225490 2119.5
1225500 2120.1
1225510 2120.1
1225520 2092.8
1225530 2009.3
1225540 2009.3
1225550 1992.2
1225560 1980.5
1225570 1980.5
1225580 1972.4
1225590 1965.4
1225600 1965.4
1225610 1959.8
1225620 1959.0
1225630 1959.0
1225640 1960.9
1225650 1963.6
1225660 1968.1
1225670 1968.1
1225680 1971.9
1225690 1979.2
1225700 1979.2
1225710 1987.0
1225720 1998.2
1225730 1998.2
1225740 2006.3
1225750 1994.8
1225760 1994.8
1225770 1990.9
1225780 1993.4
1225790 1993.4
1225800 1994.0
1225810 2003.6
1225820 2003.6
1225830 2010.9
1225840 2012.5
1225850 2012.5
1225860 2016.1
1225870 2014.8
1225880 2014.8
1225890 2010.8
1225900 2013.4
1225910 2013.4
1225920 2020.5
1225930 2024.8
1225940 2024.8
1225950 2025.8
1225960 2026.9
1225970 2026.4
1225980 2026.4
1225990 2027.6
1226000 2035.9
1226010 2035.9
1226020 2037.8
1226030 2029.7
1226040 2029.7
1226050 2033.4
1226060 2047.1
1226070 2047.1
1226080 2055.9
1226090 2057.1
1226100 2057.1
1226110 2055.4
1226120 2056.1
1226130 2056.1
1226140 2059.0
1226150 2064.0
1226160 2064.0
1226170 2072.2
1226180 2079.7
1226190 2079.7
1226200 2084.4
1226210 2086.6
1226220 2086.6
1226230 2088.5
1226240 2090.8
1226250 2096.2
1226260 2096.2
1226270 2104.9
1226280 2110.9
1226290 2110.9
1226300 2109.4
1226310 2100.8
1226320 2100.8
1226330 2091.7
1226340 2083.1
1226350 2083.1
1226360 2071.9
1226370 2064.0
1226380 2064.0
1226390 2057.3
1226400 2050.8
1226410 2050.8
1226420 2044.5
1226430 2038.8
1226440 2038.8
1226450 2031.4
1226460 2020.6
1226470 2020.6
1226480 2008.0
1226490 2000.1
1226500 2000.1
1226510 1994.0
1226520 1984.8
1226530 1978.8
1226540 1978.8
1226550 1972.3
1226560 1968.6
1226570 1968.6
1226580 1966.8
1226590 1964.4
1226600 1964.4
1226610 1961.2
1226620 1957.8
1226630 1957.8
1226640 1955.5
1226650 1955.5
1226660 1955.5
1226670 1956.2
1226680 1957.2
1226690 1957.2
1226700 1956.7
1226710 1951.4
1226720 1951.4
1226730 1945.1
1226740 1945.1
1226750 1945.1
1226760 1948.8
1226770 1952.9
1226780 1952.9
1226790 1950.1
1226800 1944.6
1226810 1944.6
1226820 1949.6
1226830 1958.3
1226840 1962.5
1226850 1962.5
1226860 1966.1
1226870 1969.8
1226880 1969.8
1226890 1973.1
1226900 1978.5
1226910 1978.5
1226920 1979.8
1226930 1982.0
1226940 1982.0
1226950 1988.6
1226960 1994.1
1226970 1994.1
1226980 2000.1
1226990 2003.7
1227000 2003.7
1227010 2001.8
1227020 2005.3
1227030 2005.3
1227040 2008.9
1227050 2012.5
1227060 2012.5
1227070 2015.8
1227080 2015.0
1227090 2015.0
1227100 2019.2
1227110 2029.3
1227120 2035.7
1227130 2035.7
1227140 2042.7
1227150 2045.5
1227160 2045.5
1227170 2047.0
1227180 2048.2
1227190 2048.2
1227200 2052.1
1227210 2056.9
1227220 2056.9
1227230 2061.1
1227240 2066.6
1227250 2066.6
1227260 2071.3
1227270 2074.1
1227280 2074.1
1227290 2077.8
1227300 2077.1
1227310 2077.1
1227320 2077.3
1227330 2077.5
1227340 2077.5
1227350 2073.5
1227360 2078.0
1227370 2078.0
1227380 2089.1
1227390 2092.4
1227400 2086.1
1227410 2086.1
1227420 2092.2
1227430 2100.1
1227440 2100.1
1227450 2103.1
1227460 2103.4
1227470 2103.4
1227480 2108.6
1227490 2113.5
1227500 2113.5
1227510 2109.5
1227520 2110.4
1227530 2110.4
1227540 2108.9
1227550 2099.2
1227560 2099.2
1227570 2080.3
1227580 2100.1
1227590 2100.1
1227600 2104.3
1227610 2095.7
1227620 2095.7
1227630 2106.9
1227640 2118.5
1227650 2118.5
1227660 2130.7
1227670 2125.1
1227680 2125.1
1227690 2095.6
1227700 2092.0
1227710 2100.2
1227720 2100.2
1227730 2103.3
1227740 2093.7
1227750 2093.7
1227760 2071.1
1227770 2048.6
1227780 2048.6
1227790 2034.1
1227800 2028.1
1227810 2028.1
1227820 2029.2
1227830 2029.6
1227840 2029.6
1227850 2022.7
1227860 2022.4
1227870 2022.4
1227880 2029.7
1227890 2023.9
1227900 2023.9
1227910 2007.3
1227920 1994.1
1227930 1994.1
1227940 1989.6
1227950 1987.2
1227960 1987.2
1227970 1990.7
1227980 1993.2
1227990 1984.1
1228000 1984.1
1228010 1959.6
1228020 1957.4
1228030 1957.4
1228040 1959.3
1228050 1963.1
1228060 1963.1
1228070 1957.2
1228080 1946.2
1228090 1946.2
1228100 1946.0
1228110 1943.8
1228120 1943.8
1228130 1942.3
1228140 1941.2
1228150 1941.2
1228160 1940.5
1228170 1933.4
1228180 1933.4
1228190 1922.0
1228200 1908.0
1228210 1908.0
1228220 1893.4
1228230 1877.5
1228240 1877.5
1228250 1867.9
1228260 1860.7
1228270 1856.7
1228280 1856.7
1228290 1852.6
1228300 1856.3
1228310 1856.3
1228320 1848.5
1228330 1838.9
1228340 1838.9
1228350 1836.4
1228360 1838.5
1228370 1838.5
1228380 1841.6
1228390 1840.8
1228400 1840.8
1228410 1837.3
1228420 1834.5
1228430 1834.5
1228440 1830.5
1228450 1834.8
1228460 1834.8
1228470 1838.1
1228480 1842.7
1228490 1842.7
1228500 1837.3
1228510 1844.9
1228520 1844.9
1228530 1855.0
1228540 1863.4
1228550 1863.4
1228560 1863.2
1228570 1861.6
1228580 1864.1
1228590 1864.1
1228600 1870.3
1228610 1875.1
1228620 1875.1
1228630 1878.4
1228640 1886.4
1228650 1886.4
1228660 1891.9
1228670 1895.6
1228680 1895.6
1228690 1897.8
1228700 1899.3
1228710 1899.3
1228720 1900.5
1228730 1898.4
1228740 1898.4
1228750 1890.4
1228760 1884.3
1228770 1884.3
1228780 1883.9
1228790 1882.7
1228800 1882.7
1228810 1882.1
1228820 1883.8
1228830 1883.8
1228840 1885.6
1228850 1886.5
1228860 1886.9
1228870 1886.9
1228880 1887.6
1228890 1889.1
1228900 1889.1
1228910 1891.7
1228920 1893.5
1228930 1893.5
1228940 1893.7
1228950 1893.5
1228960 1893.5
1228970 1894.6
1228980 1897.0
1228990 1897.0
1229000 1897.5
1229010 1902.1
1229020 1902.1
1229030 1904.8
1229040 1906.7
1229050 1906.7
1229060 1906.2
1229070 1899.9
1229080 1899.9
1229090 1898.1
1229100 1903.4
1229110 1903.4
1229120 1906.8
1229130 1907.4
1229140 1906.9
1229150 1906.9
1229160 1906.3
1229170 1905.0
1229180 1905.0
1229190 1901.2
1229200 1894.9
1229210 1894.9
1229220 1894.8
1229230 1885.9
1229240 1885.9
1229250 1878.2
1229260 1874.0
1229270 1874.0
1229280 1870.6
1229290 1867.7
1229300 1867.7
1229310 1866.2
1229320 1867.1
1229330 1867.1
1229340 1866.5
1229350 1860.6
1229360 1860.6
1229370 1851.1
1229380 1845.7
1229390 1845.7
1229400 1842.9
1229410 1840.9
1229420 1839.4
1229430 1839.4
1229440 1832.5
1229450 1816.6
1229460 1816.6
1229470 1799.5
1229480 1791.3
1229490 1791.3
1229500 1782.4
1229510 1780.2
1229520 1780.2
1229530 1781.4
1229540 1783.6
1229550 1783.6
1229560 1785.9
1229570 1787.6
1229580 1787.6
1229590 1791.9
1229600 1797.9
1229610 1797.9
1229620 1801.1
1229630 1802.7
1229640 1802.7
1229650 1803.3
1229660 1804.1
1229670 1804.1
1229680 1805.9
1229690 1807.2
1229700 1807.2
1229710 1809.0
1229720 1816.7
1229730 1823.0
1229740 1823.0
1229750 1829.0
1229760 1836.7
1229770 1836.7
1229780 1844.5
1229790 1849.9
1229800 1849.9
1229810 1853.9
1229820 1856.9
1229830 1856.9
1229840 1860.0
1229850 1860.6
1229860 1860.6
1229870 1863.8
1229880 1870.7
1229890 1870.7
1229900 1877.0
1229910 1881.6
1229920 1881.6
1229930 1885.5
1229940 1885.5
1229950 1885.5
1229960 1882.6
1229970 1885.7
1229980 1885.7
1229990 1889.7
1230000 1888.9
1230010 1895.8
1230020 1895.8
1230030 1904.0
1230040 1912.8
1230050 1912.8
1230060 1920.2
1230070 1928.8
1230080 1928.8
1230090 1943.9
1230100 1951.5
1230110 1951.5
1230120 1938.8
1230130 1920.9
1230140 1920.9
1230150 1925.8
1230160 1927.1
1230170 1927.1
1230180 1931.3
1230190 1936.8
1230200 1936.8
1230210 1938.8
1230220 1940.6
1230230 1940.6
1230240 1944.8
1230250 1951.6
1230260 1951.6
1230270 1959.9
1230280 1966.2
1230290 1970.3
1230300 1970.3
1230310 1974.5
1230320 1982.1
1230330 1982.1
1230340 1990.5
1230350 1997.7
1230360 1997.7
1230370 2002.1
1230380 2006.8
1230390 2006.8
1230400 2010.4
1230410 2012.2
1230420 2012.2
1230430 2012.9
1230440 2013.7
1230450 2013.7
1230460 2015.7
1230470 2019.5
1230480 2019.5
1230490 2026.4
1230500 2024.7
1230510 2024.7
1230520 2028.8
1230530 2033.6
1230540 2033.6
1230550 2038.2
1230560 2040.4
1230570 2040.4
1230580 2039.3
1230590 2042.0
1230600 2044.9
1230610 2044.9
1230620 2047.1
1230630 2051.6
1230640 2051.6
1230650 2057.2
1230660 2062.0
1230670 2062.0
1230680 2066.5
1230690 2072.4
1230700 2072.4
1230710 2078.7
1230720 2085.0
1230730 2085.0
1230740 2092.3
1230750 2099.8
1230760 2099.8
1230770 2105.3
1230780 2106.9
1230790 2106.9
1230800 2117.8
1230810 2135.0
1230820 2135.0
1230830 2148.0
1230840 2159.8
1230850 2159.8
1230860 2167.4
1230870 2173.6
1230880 2177.8
1230890 2177.8
1230900 2181.8
1230910 2182.7
1230920 2182.7
1230930 2183.5
1230940 2191.7
1230950 2191.7
1230960 2199.4
1230970 2208.2
1230980 2208.2
1230990 2227.1
1231000 2247.8
1231010 2222.1
1231020 2242.4
1231030 2258.0
1231040 2258.0
1231050 2275.8
1231060 2307.3
1231070 2307.3
1231080 2327.8
1231090 2338.5
1231100 2338.5
1231110 2347.9
1231120 2354.0
1231130 2354.0
1231140 2359.2
1231150 2363.7
1231160 2367.7
1231170 2367.7
1231180 2371.6
1231190 2375.3
1231200 2375.3
1231210 2379.2
1231220 2382.9
1231230 2382.9
1231240 2386.5
1231250 2389.9
1231260 2389.9
1231270 2392.7
1231280 2395.1
1231290 2395.1
1231300 2397.2
1231310 2398.3
1231320 2398.3
1231330 2397.0
1231340 2394.2
1231350 2394.2
1231360 2392.8
1231370 2394.1
1231380 2394.1
1231390 2393.6
1231400 2391.5
1231410 2391.5
1231420 2391.1
1231430 2390.7
1231440 2390.7
1231450 2388.7
1231460 2384.8
1231470 2377.5
1231480 2377.5
1231490 2372.9
1231500 2371.4
1231510 2383.1
1231520 2381.4
1231530 2378.3
1231540 2378.3
1231550 2374.2
1231560 2372.8
1231570 2372.8
1231580 2372.6
1231590 2369.9
1231600 2369.9
1231610 2368.2
1231620 2368.7
1231630 2368.7
1231640 2370.8
1231650 2374.8
1231660 2374.8
1231670 2379.9
1231680 2386.9
1231690 2386.9
1231700 2389.3
1231710 2390.3
1231720 2390.3
1231730 2389.9
1231740 2388.9
1231750 2390.6
1231760 2390.6
1231770 2393.1
1231780 2395.5
1231790 2395.5
1231800 2397.7
1231810 2400.9
1231820 2400.9
1231830 2406.6
1231840 2413.0
1231850 2413.0
1231860 2417.4
1231870 2418.3
1231880 2418.3
1231890 2415.1
1231900 2416.6
1231910 2416.6
1231920 2421.3
1231930 2426.1
1231940 2426.1
1231950 2432.8
1231960 2438.0
1231970 2438.0
1231980 2437.9
1231990 2434.9
1232000 2434.9
1232010 2441.8
1232020 2437.0
1232030 2431.3
1232040 2431.3
1232050 2426.5
1232060 2424.7
1232070 2424.7
1232080 2425.1
1232090 2422.4
1232100 2422.4
1232110 2411.4
1232120 2402.2
1232130 2402.2
1232140 2392.3
1232150 2385.0
1232160 2385.0
1232170 2379.4
1232180 2374.4
1232190 2374.4
1232200 2371.0
1232210 2367.7
1232220 2367.7
1232230 2364.7
1232240 2362.2
1232250 2362.2
1232260 2360.8
1232270 2360.9
1232280 2360.9
1232290 2361.6
1232300 2365.5
1232310 2372.4
1232320 2372.4
1232330 2381.0
1232340 2391.9
1232350 2391.9
1232360 2405.0
1232370 2416.4
1232380 2416.4
1232390 2422.5
1232400 2418.9
1232410 2418.9
1232420 2404.0
1232430 2390.4
1232440 2390.4
1232450 2382.0
1232460 2380.0
1232470 2380.0
1232480 2382.0
1232490 2392.8
1232500 2392.8
1232510 2404.2
1232520 2407.2
1232530 2407.2
1232540 2392.3
1232550 2370.9
1232560 2370.9
1232570 2344.9
1232580 2324.7
1232590 2324.7
1232600 2304.8
1232610 2296.7
1232620 2293.7
1232630 2293.7
1232640 2298.5
1232650 2292.0
1232660 2292.0
1232670 2257.7
1232680 2233.7
1232690 2233.7
1232700 2213.7
1232710 2188.8
1232720 2188.8
1232730 2167.4
1232740 2157.2
1232750 2157.2
1232760 2149.2
1232770 2148.9
1232780 2148.9
1232790 2160.4
1232800 2152.3
1232810 2152.3
1232820 2118.8
1232830 2060.9
1232840 2060.9
1232850 2036.9
1232860 2019.2
1232870 2019.2
1232880 2003.4
1232890 1989.2
1232900 1980.0
1232910 1980.0
1232920 1976.8
1232930 1973.5
1232940 1973.5
1232950 1971.4
1232960 1972.6
1232970 1972.6
1232980 1973.8
1232990 1975.4
1233000 1975.4
1233010 1981.6
1233020 1992.3
1233030 2008.6
1233040 2022.6
1233050 2033.6
1233060 2033.6
1233070 2041.2
1233080 2046.5
1233090 2046.5
1233100 2050.0
1233110 2059.2
1233120 2059.2
1233130 2064.5
1233140 2060.8
1233150 2060.8
1233160 2062.0
1233170 2063.5
1233180 2066.2
1233190 2066.2
1233200 2078.6
1233210 2085.2
1233220 2085.2
1233230 2082.5
1233240 2097.7
1233250 2097.7
1233260 2147.1
1233270 2167.6
1233280 2167.6
1233290 2172.6
1233300 2185.7
1233310 2185.7
1233320 2187.9
1233330 2196.9
1233340 2196.9
1233350 2204.8
1233360 2206.6
1233370 2206.6
1233380 2192.5
1233390 2183.9
1233400 2183.9
1233410 2177.5
1233420 2174.3
1233430 2174.3
1233440 2174.6
1233450 2178.1
1233460 2178.1
1233470 2182.9
1233480 2189.5
1233490 2197.9
1233500 2197.9
1233510 2199.2
1233520 2190.0
1233530 2196.6
1233540 2181.2
1233550 2170.7
1233560 2170.7
1233570 2163.5
1233580 2157.2
1233590 2157.2
1233600 2149.8
1233610 2143.5
1233620 2143.5
1233630 2137.7
1233640 2132.0
1233650 2132.0
1233660 2130.6
1233670 2131.9
1233680 2131.9
1233690 2132.7
1233700 2124.4
1233710 2124.4
1233720 2113.7
1233730 2105.4
1233740 2105.4
1233750 2098.8
1233760 2093.5
1233770 2083.2
1233780 2083.2
1233790 2075.3
1233800 2068.1
1233810 2068.1
1233820 2061.6
1233830 2052.5
1233840 2052.5
1233850 2043.8
1233860 2035.3
1233870 2035.3
1233880 2031.3
1233890 2030.8
1233900 2030.8
1233910 2031.7
1233920 2030.5
1233930 2030.5
1233940 2026.0
1233950 2023.8
1233960 2023.8
1233970 2023.4
1233980 2027.5
1233990 2027.5
1234000 2027.9
1234010 2028.0
1234020 2028.0
1234030 2028.1
1234040 2038.8
1234050 2036.2
1234060 2036.2
1234070 2032.8
1234080 2029.2
1234090 2029.2
1234100 2031.3
1234110 2041.6
1234120 2041.6
1234130 2045.4
1234140 2045.2
1234150 2045.2
1234160 2045.5
1234170 2047.6
1234180 2047.6
1234190 2050.2
1234200 2056.9
1234210 2056.9
1234220 2062.2
1234230 2060.2
1234240 2060.2
1234250 2059.9
1234260 2052.4
1234270 2052.4
1234280 2046.5
1234290 2041.5
1234300 2041.5
1234310 2038.1
1234320 2036.4
1234330 2036.4
1234340 2033.9
1234350 2030.6
1234360 2027.1
1234370 2027.1
1234380 2020.8
1234390 2011.7
1234400 2011.7
1234410 2001.2
1234420 1989.4
1234430 1989.4
1234440 1984.0
1234450 1984.7
1234460 1984.7
1234470 1985.1
1234480 1986.3
1234490 1986.3
1234500 1988.6
1234510 1991.3
1234520 1991.3
1234530 1987.5
1234540 1978.7
1234550 1987.0
1234560 1974.4
1234570 1960.6
1234580 1960.6
1234590 1948.8
1234600 1942.4
1234610 1942.4
1234620 1935.6
1234630 1926.3
1234640 1918.7
1234650 1918.7
1234660 1909.9
1234670 1897.6
1234680 1897.6
1234690 1884.6
1234700 1878.5
1234710 1878.5
1234720 1873.5
1234730 1862.5
1234740 1862.5
1234750 1852.0
1234760 1845.2
1234770 1845.2
1234780 1836.8
1234790 1828.5
1234800 1828.5
1234810 1824.8
1234820 1816.0
1234830 1816.0
1234840 1806.6
1234850 1791.0
1234860 1791.0
1234870 1779.7
1234880 1773.9
1234890 1773.9
1234900 1766.9
1234910 1758.7
1234920 1751.9
1234930 1751.9
1234940 1747.9
1234950 1747.5
1234960 1747.5
1234970 1739.1
1234980 1728.7
1234990 1728.7
1235000 1719.5
1235010 1708.7
1235020 1708.7
1235030 1700.0
1235040 1691.5
1235050 1691.5
1235060 1691.8
1235070 1682.8
1235080 1682.8
1235090 1675.3
1235100 1668.0
1235110 1668.0
1235120 1657.6
1235130 1649.4
1235140 1649.4
1235150 1646.3
1235160 1642.8
1235170 1642.8
1235180 1637.9
1235190 1633.8
1235200 1628.8
1235210 1628.8
1235220 1623.4
1235230 1616.5
1235240 1616.5
1235250 1610.6
1235260 1607.0
1235270 1607.0
1235280 1603.4
1235290 1598.7
1235300 1598.7
1235310 1592.6
1235320 1585.7
1235330 1585.7
1235340 1578.9
1235350 1571.2
1235360 1571.2
1235370 1563.5
1235380 1559.6
1235390 1559.6
1235400 1559.4
1235410 1557.9
1235420 1557.9
1235430 1553.2
1235440 1549.0
1235450 1549.0
1235460 1545.5
1235470 1542.2
1235480 1542.2
1235490 1539.8
1235500 1536.4
1235510 1532.6
1235520 1532.6
1235530 1528.5
1235540 1524.6
1235550 1524.6
1235560 1521.0
1235570 1522.0
1235580 1522.0
1235590 1516.6
1235600 1512.1
1235610 1512.1
1235620 1508.2
1235630 1507.7
1235640 1507.7
1235650 1506.5
1235660 1504.5
1235670 1504.5
1235680 1502.8
1235690 1499.1
1235700 1499.1
1235710 1496.1
1235720 1493.7
1235730 1493.7
1235740 1490.5
1235750 1487.4
1235760 1487.4
1235770 1484.3
1235780 1480.9
1235790 1476.6
1235800 1476.6
1235810 1473.0
1235820 1469.0
1235830 1469.0
1235840 1465.9
1235850 1462.6
1235860 1462.6
1235870 1458.8
1235880 1455.3
1235890 1455.3
1235900 1451.8
1235910 1448.0
1235920 1448.0
1235930 1443.6
1235940 1439.0
1235950 1439.0
1235960 1434.7
1235970 1430.6
1235980 1430.6
1235990 1427.7
1236000 1424.7
1236010 1424.7
1236020 1421.7
1236030 1418.7
1236040 1418.7
1236050 1416.0
1236060 1413.1
1236070 1409.8
1236080 1409.8
1236090 1409.6
1236100 1406.1
1236110 1406.1
1236120 1402.4
1236130 1398.3
1236140 1398.3
1236150 1395.3
1236160 1392.3
1236170 1392.3
1236180 1389.1
1236190 1386.7
1236200 1386.7
1236210 1384.6
1236220 1382.5
1236230 1382.5
1236240 1379.5
1236250 1375.4
1236260 1375.4
1236270 1369.8
1236280 1364.7
1236290 1364.7
1236300 1361.2
1236310 1358.9
1236320 1358.9
1236330 1356.7
1236340 1354.1
1236350 1354.1
1236360 1352.2
1236370 1351.3
1236380 1350.3
1236390 1350.3
1236400 1348.5
1236410 1345.4
1236420 1345.4
1236430 1340.8
1236440 1337.8
1236450 1337.8
1236460 1338.6
1236470 1339.6
1236480 1339.6
1236490 1339.2
1236500 1337.7
1236510 1337.7
1236520 1336.1
1236530 1335.3
1236540 1335.3
1236550 1333.2
1236560 1328.5
1236570 1328.5
1236580 1323.9
1236590 1320.8
1236600 1324.5
1236610 1322.3
1236620 1321.1
1236630 1321.1
1236640 1321.6
1236650 1325.0
1236660 1326.8
1236670 1326.8
1236680 1325.8
1236690 1324.1
1236700 1324.1
1236710 1322.1
1236720 1320.3
1236730 1320.3
1236740 1318.7
1236750 1316.0
1236760 1316.0
1236770 1310.2
1236780 1303.9
1236790 1303.9
1236800 1299.7
1236810 1296.2
1236820 1296.2
1236830 1292.6
1236840 1289.4
1236850 1289.4
1236860 1287.0
1236870 1284.8
1236880 1284.8
1236890 1284.9
1236900 1281.3
1236910 1281.3
1236920 1278.8
1236930 1280.5
1236940 1282.4
1236950 1282.4
1236960 1283.8
1236970 1283.0
1236980 1283.0
1236990 1282.3
1237000 1280.3
1237010 1280.3
1237020 1281.5
1237030 1284.0
1237040 1284.0
1237050 1281.2
1237060 1274.3
1237070 1274.3
1237080 1268.0
1237090 1263.2
1237100 1263.2
1237110 1261.0
1237120 1256.5
1237130 1256.5
1237140 1252.7
1237150 1251.4
1237160 1251.4
1237170 1250.7
1237180 1247.2
1237190 1247.2
1237200 1244.3
1237210 1244.4
1237220 1244.2
1237230 1244.2
1237240 1241.7
1237250 1244.0
1237260 1244.0
1237270 1246.5
1237280 1245.6
1237290 1245.6
1237300 1241.5
1237310 1237.3
1237320 1237.3
1237330 1233.3
1237340 1229.2
1237350 1229.2
1237360 1225.1
1237370 1220.9
1237380 1220.9
1237390 1216.6
1237400 1212.6
1237410 1212.6
1237420 1208.8
1237430 1205.7
1237440 1205.7
1237450 1203.9
1237460 1203.0
1237470 1203.0
1237480 1202.0
1237490 1200.8
1237500 1200.8
1237510 1199.9
1237520 1198.6
1237530 1198.1
1237540 1198.1
1237550 1197.7
1237560 1197.1
1237570 1197.1
1237580 1196.7
1237590 1196.2
1237600 1196.2
1237610 1195.5
1237620 1194.8
1237630 1194.0
1237640 1193.3
1237650 1192.4
1237660 1192.4
1237670 1191.4
1237680 1190.5
1237690 1190.5
1237700 1189.7
1237710 1188.8
1237720 1188.8
1237730 1187.8
1237740 1186.9
1237750 1186.9
1237760 1185.9
1237770 1184.8
1237780 1184.8
1237790 1183.9
1237800 1182.9
1237810 1181.9
1237820 1181.9
1237830 1180.9
1237840 1180.0
1237850 1180.0
1237860 1179.0
1237870 1178.0
1237880 1178.0
1237890 1177.1
1237900 1176.2
1237910 1176.2
1237920 1175.3
1237930 1174.4
1237940 1174.4
1237950 1173.5
1237960 1172.6
1237970 1172.6
1237980 1171.7
1237990 1170.7
1238000 1170.7
1238010 1169.7
1238020 1168.9
1238030 1168.9
1238040 1168.1
1238050 1167.3
1238060 1167.3
1238070 1166.8
1238080 1166.2
1238090 1165.6
1238100 1165.6
1238110 1165.0
1238120 1164.2
1238130 1164.2
1238140 1163.5
1238150 1163.4
1238160 1163.4
1238170 1162.9
1238180 1162.3
1238190 1162.3
1238200 1161.7
1238210 1161.0
1238220 1161.0
1238230 1160.5
1238240 1160.1
1238250 1160.1
1238260 1159.7
1238270 1159.3
1238280 1159.3
1238290 1158.9
1238300 1158.6
1238310 1158.6
1238320 1158.4
1238330 1158.2
1238340 1158.2
1238350 1158.1
1238360 1158.1
1238370 1158.1
1238380 1158.0
1238390 1157.9
1238400 1157.9
1238410 1157.9
1238420 1157.9
1238430 1158.0
1238440 1158.0
1238450 1157.6
1238460 1157.9
1238470 1157.9
1238480 1157.9
1238490 1157.9
1238500 1157.9
1238510 1157.8
1238520 1157.9
1238530 1157.9
1238540 1158.0
1238550 1157.9
1238560 1157.9
1238570 1157.8
1238580 1157.8
1238590 1157.8
1238600 1157.7
1238610 1157.8
1238620 1157.8
1238630 1157.8
1238640 1157.7
1238650 1157.7
1238660 1157.7
1238670 1157.6
1238680 1157.5
1238690 1157.5
1238700 1157.4
1238710 1157.5
1238720 1157.5
1238730 1157.5
1238740 1157.5
1238750 1157.5
1238760 1157.6
1238770 1157.9
1238780 1157.9
1238790 1158.0
1238800 1158.6
1238810 1158.6
1238820 1158.5
1238830 1158.6
1238840 1158.6
1238850 1158.7
1238860 1159.0
1238870 1159.0
1238880 1159.1
1238890 1159.2
1238900 1159.2
1238910 1159.4
1238920 1159.7
1238930 1159.7
1238940 1160.0
1238950 1160.4
1238960 1160.9
1238970 1160.9
1238980 1161.4
1238990 1162.0
1239000 1162.0
1239010 1162.6
1239020 1163.2
1239030 1163.2
1239040 1163.7
1239050 1164.3
1239060 1164.3
1239070 1164.9
1239080 1165.5
1239090 1165.5
1239100 1166.2
1239110 1166.9
1239120 1166.9
1239130 1167.7
1239140 1168.5
1239150 1168.5
1239160 1169.4
1239170 1170.2
1239180 1170.7
1239190 1171.5
1239200 1172.3
1239210 1172.3
1239220 1173.1
1239230 1173.9
1239240 1174.7
1239250 1174.7
1239260 1175.6
1239270 1176.7
1239280 1176.7
1239290 1177.9
1239300 1179.1
1239310 1179.1
1239320 1180.4
1239330 1181.7
1239340 1181.7
1239350 1182.9
1239360 1183.9
1239370 1183.9
1239380 1185.1
1239390 1186.3
1239400 1186.3
1239410 1187.8
1239420 1189.2
1239430 1189.2
1239440 1190.4
1239450 1191.7
1239460 1191.7
1239470 1192.9
1239480 1194.0
1239490 1194.0
1239500 1195.1
1239510 1196.5
1239520 1196.5
1239530 1197.8
1239540 1198.9
1239550 1200.6
1239560 1200.6
1239570 1202.7
1239580 1205.2
1239590 1205.2
1239600 1207.5
1239610 1209.3
1239620 1209.3
1239630 1211.5
1239640 1214.2
1239650 1214.2
1239660 1216.7
1239670 1219.6
1239680 1219.6
1239690 1222.2
1239700 1224.2
1239710 1224.2
1239720 1225.3
1239730 1227.5
1239740 1227.5
1239750 1229.9
1239760 1232.0
1239770 1232.0
1239780 1234.4
1239790 1237.1
1239800 1237.1
1239810 1239.7
1239820 1244.3
1239830 1250.4
1239840 1250.4
1239850 1256.2
1239860 1261.5
1239870 1261.5
1239880 1265.8
1239890 1271.1
1239900 1271.1
1239910 1278.0
1239920 1282.7
1239930 1282.7
1239940 1285.8
1239950 1290.1
1239960 1290.1
1239970 1293.8
1239980 1297.1
1239990 1297.1
