1220000 2049.1
1220010 2049.7
1220020 2050.5
1220030 2050.5
1220040 2050.8
1220050 2050.4
1220060 2050.4
1220070 2049.8
1220080 2049.8
1220090 2055.9
1220100 2058.0
1220110 2060.6
1220120 2060.6
1220130 2063.1
1220140 2066.4
1220150 2066.4
1220160 2072.7
1220170 2072.2
1220180 2072.2
1220190 2063.1
1220200 2057.0
1220210 2057.0
1220220 2049.8
1220230 2042.2
1220240 2042.2
1220250 2035.9
1220260 2030.6
1220270 2027.3
1220280 2027.3
1220290 2026.2
1220300 2024.5
1220310 2024.5
1220320 2018.0
1220330 2012.4
1220340 2012.4
1220350 2011.5
1220360 2009.8
1220370 2009.8
1220380 2008.2
1220390 2008.4
1220400 2008.4
1220410 2007.9
1220420 2007.6
1220430 2007.6
1220440 2007.3
1220450 2007.4
1220460 2007.4
1220470 2009.3
1220480 2011.3
1220490 2011.3
1220500 2012.0
1220510 2012.6
1220520 2012.6
1220530 2013.2
1220540 2015.3
1220550 2018.2
1220560 2018.2
1220570 2019.6
1220580 2020.3
1220590 2020.3
1220600 2016.7
1220610 2015.3
1220620 2015.3
1220630 2014.9
1220640 2011.4
1220650 2011.4
1220660 2008.5
1220670 2007.5
1220680 2007.5
1220690 2007.4
1220700 2007.9
1220710 2007.9
1220720 2007.8
1220730 2006.9
1220740 2006.9
1220750 2005.3
1220760 2003.2
1220770 2003.2
1220780 2000.8
1220790 1999.6
1220800 1999.6
1220810 1999.9
1220820 2001.1
1220830 2003.0
1220840 2003.0
1220850 2005.0
1220860 2007.3
1220870 2007.3
1220880 2009.8
1220890 2012.3
1220900 2012.3
1220910 2015.3
1220920 2018.9
1220930 2018.9
1220940 2023.2
1220950 2028.2
1220960 2028.2
1220970 2033.9
1220980 2039.9
1220990 2039.9
1221000 2046.0
1221010 2051.7
1221020 2051.7
1221030 2057.5
1221040 2063.3
1221050 2063.3
1221060 2072.5
1221070 2078.4
1221080 2078.4
1221090 2084.3
1221100 2090.2
1221110 2090.2
1221120 2096.6
1221130 2103.6
1221140 2110.7
1221150 2110.7
1221160 2117.9
1221170 2129.1
1221180 2129.1
1221190 2158.5
1221200 2184.9
1221210 2184.9
1221220 2199.8
1221230 2208.7
1221240 2208.7
1221250 2221.3
1221260 2234.4
1221270 2234.4
1221280 2243.6
1221290 2251.8
1221300 2251.8
1221310 2249.6
1221320 2241.3
1221330 2241.3
1221340 2233.4
1221350 2222.7
1221360 2222.7
1221370 2207.1
1221380 2190.0
1221390 2190.0
1221400 2176.7
1221410 2166.9
1221420 2156.1
1221430 2156.1
1221440 2142.2
1221450 2128.8
1221460 2128.8
1221470 2116.3
1221480 2103.1
1221490 2103.1
1221500 2073.0
1221510 2059.0
1221520 2059.0
1221530 2054.2
1221540 2055.4
1221550 2055.4
1221560 2050.2
1221570 2045.3
1221580 2045.3
1221590 2041.4
1221600 2038.8
1221610 2038.8
1221620 2037.6
1221630 2036.5
1221640 2036.5
1221650 2035.3
1221660 2034.5
1221670 2034.5
1221680 2033.2
1221690 2031.4
1221700 2031.4
1221710 2029.4
1221720 2027.3
1221730 2024.8
1221740 2024.8
1221750 2021.9
1221760 2018.6
1221770 2018.6
1221780 2017.8
1221790 2019.7
1221800 2019.7
1221810 2022.2
1221820 2025.2
1221830 2025.2
1221840 2027.7
1221850 2029.9
1221860 2029.9
1221870 2031.4
1221880 2031.5
1221890 2031.5
1221900 2030.6
1221910 2029.9
1221920 2029.9
1221930 2029.4
1221940 2028.3
1221950 2028.3
1221960 2029.3
1221970 2031.8
1221980 2031.8
1221990 2034.7
1222000 2037.9
1222010 2040.0
1222020 2040.0
1222030 2037.8
1222040 2039.5
1222050 2039.5
1222060 2043.3
1222070 2047.9
1222080 2047.9
1222090 2052.5
1222100 2055.4
1222110 2055.4
1222120 2057.4
1222130 2056.3
1222140 2056.3
1222150 2057.2
1222160 2060.6
1222170 2060.6
1222180 2064.5
1222190 2068.3
1222200 2068.3
1222210 2071.8
1222220 2074.1
1222230 2074.1
1222240 2076.1
1222250 2077.2
1222260 2077.2
1222270 2077.6
1222280 2078.3
1222290 2078.3
1222300 2078.6
1222310 2079.2
1222320 2081.3
1222330 2081.3
1222340 2084.5
1222350 2087.8
1222360 2087.8
1222370 2090.7
1222380 2093.4
1222390 2093.4
1222400 2096.6
1222410 2100.2
1222420 2100.2
1222430 2104.3
1222440 2109.1
1222450 2109.1
1222460 2114.5
1222470 2120.1
1222480 2120.1
1222490 2126.0
1222500 2132.0
1222510 2135.4
1222520 2141.4
1222530 2147.1
1222540 2147.1
1222550 2153.2
1222560 2161.0
1222570 2161.0
1222580 2175.8
1222590 2188.9
1222600 2199.6
1222610 2199.6
1222620 2208.0
1222630 2214.4
1222640 2214.4
1222650 2223.0
1222660 2235.6
1222670 2235.6
1222680 2246.1
1222690 2257.3
1222700 2257.3
1222710 2266.6
1222720 2275.0
1222730 2275.0
1222740 2283.3
1222750 2291.0
1222760 2291.0
1222770 2298.7
1222780 2307.3
1222790 2307.3
1222800 2315.2
1222810 2322.6
1222820 2322.6
1222830 2329.9
1222840 2337.9
1222850 2337.9
1222860 2345.8
1222870 2353.3
1222880 2360.6
1222890 2360.6
1222900 2367.8
1222910 2375.6
1222920 2375.6
1222930 2384.5
1222940 2391.6
1222950 2391.6
1222960 2398.8
1222970 2405.7
1222980 2405.7
1222990 2408.1
1223000 2396.4
1223010 2396.4
1223020 2387.4
1223030 2378.5
1223040 2378.5
1223050 2368.1
1223060 2358.3
1223070 2358.3
1223080 2350.0
1223090 2338.4
1223100 2338.4
1223110 2323.9
1223120 2309.4
1223130 2309.4
1223140 2291.2
1223150 2282.4
1223160 2282.4
1223170 2274.1
1223180 2266.3
1223190 2259.0
1223200 2259.0
1223210 2252.1
1223220 2245.3
1223230 2245.3
1223240 2238.5
1223250 2231.8
1223260 2231.8
1223270 2225.0
1223280 2218.5
1223290 2218.5
1223300 2212.1
1223310 2205.7
1223320 2205.7
1223330 2199.3
1223340 2192.9
1223350 2192.9
1223360 2186.8
1223370 2181.1
1223380 2181.1
1223390 2175.4
1223400 2170.1
1223410 2170.1
1223420 2165.2
1223430 2160.8
1223440 2160.8
1223450 2156.9
1223460 2153.2
1223470 2149.7
1223480 2149.7
1223490 2141.7
1223500 2138.9
1223510 2138.9
1223520 2136.7
1223530 2134.8
1223540 2134.8
1223550 2133.8
1223560 2132.4
1223570 2132.4
1223580 2129.2
1223590 2125.8
1223600 2125.8
1223610 2122.5
1223620 2119.2
1223630 2119.2
1223640 2115.7
1223650 2112.3
1223660 2112.3
1223670 2108.8
1223680 2105.1
1223690 2105.1
1223700 2100.6
1223710 2096.5
1223720 2096.5
1223730 2094.1
1223740 2091.6
1223750 2091.6
1223760 2089.1
1223770 2086.3
1223780 2083.4
1223790 2083.4
1223800 2080.5
1223810 2077.2
1223820 2077.2
1223830 2073.9
1223840 2070.1
1223850 2070.1
1223860 2066.6
1223870 2063.3
1223880 2063.3
1223890 2060.0
1223900 2056.5
1223910 2056.5
1223920 2054.1
1223930 2052.6
1223940 2052.6
1223950 2050.2
1223960 2046.8
1223970 2046.8
1223980 2040.7
1223990 2038.3
1224000 2038.3
1224010 2035.5
1224020 2031.7
1224030 2031.7
1224040 2028.1
1224050 2024.3
1224060 2020.9
1224070 2020.9
1224080 2018.3
1224090 2016.0
1224100 2016.0
1224110 2014.4
1224120 2013.1
1224130 2013.1
1224140 2011.2
1224150 2008.8
1224160 2008.8
1224170 2007.5
1224180 2006.6
1224190 2006.6
1224200 2005.7
1224210 2005.1
1224220 2005.1
1224230 2003.1
1224240 2000.3
1224250 2000.3
1224260 1996.9
1224270 1993.3
1224280 1993.3
1224290 1991.0
1224300 1989.1
1224310 1989.1
1224320 1986.9
1224330 1984.2
1224340 1981.0
1224350 1981.0
1224360 1978.0
1224370 1975.3
1224380 1975.3
1224390 1973.0
1224400 1970.7
1224410 1970.7
1224420 1967.9
1224430 1964.7
1224440 1964.7
1224450 1961.6
1224460 1959.3
1224470 1961.0
1224480 1958.6
1224490 1956.0
1224500 1956.0
1224510 1953.1
1224520 1950.8
1224530 1950.8
1224540 1948.6
1224550 1946.1
1224560 1946.1
1224570 1943.3
1224580 1940.6
1224590 1940.6
1224600 1938.4
1224610 1936.4
1224620 1936.4
1224630 1934.5
1224640 1932.4
1224650 1931.0
1224660 1931.0
1224670 1930.2
1224680 1929.5
1224690 1929.5
1224700 1930.1
1224710 1931.1
1224720 1931.1
1224730 1932.0
1224740 1932.8
1224750 1932.8
1224760 1934.2
1224770 1936.2
1224780 1936.2
1224790 1938.4
1224800 1940.6
1224810 1940.6
1224820 1942.4
1224830 1944.0
1224840 1944.0
1224850 1945.4
1224860 1946.6
1224870 1946.6
1224880 1947.6
1224890 1948.5
1224900 1948.5
1224910 1949.1
1224920 1950.1
1224930 1951.8
1224940 1951.8
1224950 1954.4
1224960 1960.2
1224970 1960.2
1224980 1964.1
1224990 1968.4
1225000 1968.4
1225010 1975.9
1225020 2020.0
1225030 2020.0
1225040 2046.1
1225050 2064.3
1225060 2064.3
1225070 2076.1
1225080 2091.7
1225090 2091.7
1225100 2103.1
1225110 2110.3
1225120 2110.3
1225130 2116.1
1225140 2124.2
1225150 2124.2
1225160 2132.6
1225170 2139.5
1225180 2139.5
1225190 2148.4
1225200 2161.5
1225210 2161.5
1225220 2186.2
1225230 2209.1
1225240 2214.9
1225250 2214.9
1225260 2218.3
1225270 2221.3
1225280 2221.3
1225290 2223.2
1225300 2225.9
1225310 2225.9
1225320 2227.6
1225330 2229.7
1225340 2229.7
1225350 2232.8
1225360 2236.2
1225370 2236.2
1225380 2238.5
1225390 2240.4
1225400 2240.4
1225410 2243.4
1225420 2246.7
1225430 2246.7
1225440 2250.1
1225450 2260.5
1225460 2260.5
1225470 2264.2
1225480 2269.0
1225490 2269.0
1225500 2274.3
1225510 2280.9
1225520 2290.5
1225530 2290.5
1225540 2300.2
1225550 2320.1
1225560 2320.1
1225570 2350.6
1225580 2363.5
1225590 2363.5
1225600 2373.3
1225610 2381.8
1225620 2381.8
1225630 2389.4
1225640 2395.7
1225650 2395.7
1225660 2401.2
1225670 2406.0
1225680 2406.0
1225690 2410.2
1225700 2415.3
1225710 2415.3
1225720 2419.7
1225730 2425.2
1225740 2425.2
1225750 2429.9
1225760 2436.6
1225770 2436.6
1225780 2445.9
1225790 2449.4
1225800 2452.4
1225810 2452.4
1225820 2460.2
1225830 2466.3
1225840 2466.3
1225850 2469.9
1225860 2475.4
1225870 2475.4
1225880 2480.9
1225890 2486.4
1225900 2486.4
1225910 2492.7
1225920 2496.7
1225930 2496.7
1225940 2511.3
1225950 2518.1
1225960 2518.1
1225970 2523.5
1225980 2529.5
1225990 2529.5
1226000 2534.0
1226010 2541.7
1226020 2541.7
1226030 2550.5
1226040 2558.0
1226050 2558.0
1226060 2565.9
1226070 2573.9
1226080 2573.9
1226090 2582.2
1226100 2589.5
1226110 2596.4
1226120 2596.4
1226130 2603.7
1226140 2611.9
1226150 2611.9
1226160 2619.7
1226170 2628.5
1226180 2628.5
1226190 2637.1
1226200 2645.0
1226210 2645.0
1226220 2654.0
1226230 2663.4
1226240 2663.4
1226250 2670.6
1226260 2671.3
1226270 2671.3
1226280 2668.0
1226290 2663.4
1226300 2663.4
1226310 2661.4
1226320 2659.7
1226330 2659.7
1226340 2659.4
1226350 2657.1
1226360 2657.1
1226370 2662.8
1226380 2654.9
1226390 2644.0
1226400 2644.0
1226410 2631.0
1226420 2613.2
1226430 2613.2
1226440 2599.1
1226450 2588.6
1226460 2588.6
1226470 2576.8
1226480 2567.0
1226490 2567.0
1226500 2560.9
1226510 2547.6
1226520 2547.6
1226530 2534.7
1226540 2521.7
1226550 2521.7
1226560 2507.1
1226570 2494.3
1226580 2494.3
1226590 2480.8
1226600 2467.5
1226610 2467.5
1226620 2455.7
1226630 2444.5
1226640 2444.5
1226650 2434.4
1226660 2423.5
1226670 2414.4
1226680 2414.4
1226690 2407.8
1226700 2396.9
1226710 2396.9
1226720 2389.2
1226730 2384.8
1226740 2384.8
1226750 2377.6
1226760 2368.4
1226770 2368.4
1226780 2359.7
1226790 2353.3
1226800 2353.3
1226810 2347.3
1226820 2339.7
1226830 2339.7
1226840 2330.1
1226850 2320.3
1226860 2320.3
1226870 2312.2
1226880 2304.5
1226890 2304.5
1226900 2300.2
1226910 2295.3
1226920 2295.3
1226930 2298.6
1226940 2292.2
1226950 2292.2
1226960 2285.5
1226970 2275.8
1226980 2269.7
1226990 2269.7
1227000 2265.6
1227010 2260.1
1227020 2260.1
1227030 2254.9
1227040 2251.6
1227050 2251.6
1227060 2248.9
1227070 2246.4
1227080 2246.4
1227090 2242.0
1227100 2239.0
1227110 2239.0
1227120 2236.7
1227130 2232.4
1227140 2232.4
1227150 2227.7
1227160 2221.5
1227170 2221.5
1227180 2222.0
1227190 2221.4
1227200 2221.4
1227210 2215.0
1227220 2209.7
1227230 2209.7
1227240 2205.9
1227250 2204.1
1227260 2200.6
1227270 2200.6
1227280 2194.8
1227290 2188.2
1227300 2188.2
1227310 2180.1
1227320 2171.8
1227330 2171.8
1227340 2165.6
1227350 2160.8
1227360 2160.8
1227370 2154.8
1227380 2149.4
1227390 2149.4
1227400 2144.2
1227410 2139.1
1227420 2139.1
1227430 2141.0
1227440 2134.7
1227450 2134.7
1227460 2129.6
1227470 2124.4
1227480 2124.4
1227490 2119.6
1227500 2115.3
1227510 2115.3
1227520 2111.5
1227530 2108.9
1227540 2108.9
1227550 2107.2
1227560 2104.2
1227570 2099.6
1227580 2099.6
1227590 2095.6
1227600 2090.2
1227610 2090.2
1227620 2082.2
1227630 2070.0
1227640 2070.0
1227650 2050.9
1227660 2023.7
1227670 2023.7
1227680 2000.9
1227690 1985.5
1227700 1985.5
1227710 1972.3
1227720 1952.3
1227730 1952.3
1227740 1942.1
1227750 1935.5
1227760 1935.5
1227770 1931.7
1227780 1927.2
1227790 1927.2
1227800 1922.5
1227810 1918.5
1227820 1918.5
1227830 1914.5
1227840 1910.1
1227850 1905.1
1227860 1905.1
1227870 1900.0
1227880 1895.3
1227890 1895.3
1227900 1890.7
1227910 1888.8
1227920 1894.3
1227930 1892.1
1227940 1889.0
1227950 1889.0
1227960 1888.9
1227970 1892.3
1227980 1892.3
1227990 1898.1
1228000 1902.6
1228010 1902.6
1228020 1906.9
1228030 1913.7
1228040 1913.7
1228050 1923.9
1228060 1926.8
1228070 1926.8
1228080 1926.1
1228090 1923.5
1228100 1923.5
1228110 1920.8
1228120 1916.9
1228130 1909.6
1228140 1909.6
1228150 1901.4
1228160 1899.4
1228170 1899.4
1228180 1902.3
1228190 1903.1
1228200 1903.1
1228210 1898.3
1228220 1895.7
1228230 1895.7
1228240 1890.1
1228250 1885.7
1228260 1885.7
1228270 1882.1
1228280 1881.7
1228290 1881.7
1228300 1879.2
1228310 1872.8
1228320 1872.8
1228330 1868.9
1228340 1867.9
1228350 1867.9
1228360 1867.3
1228370 1868.9
1228380 1868.9
1228390 1870.1
1228400 1867.1
1228410 1867.1
1228420 1871.6
1228430 1868.4
1228440 1862.9
1228450 1862.9
1228460 1857.9
1228470 1853.0
1228480 1853.0
1228490 1851.0
1228500 1846.9
1228510 1846.9
1228520 1843.4
1228530 1839.3
1228540 1839.3
1228550 1839.4
1228560 1839.6
1228570 1839.6
1228580 1840.1
1228590 1839.0
1228600 1839.0
1228610 1839.2
1228620 1838.2
1228630 1838.2
1228640 1838.3
1228650 1837.8
1228660 1837.8
1228670 1836.5
1228680 1835.0
1228690 1835.0
1228700 1834.9
1228710 1836.5
1228720 1835.7
1228730 1835.7
1228740 1835.5
1228750 1834.7
1228760 1834.7
1228770 1831.6
1228780 1830.4
1228790 1830.4
1228800 1829.8
1228810 1830.1
1228820 1830.1
1228830 1828.3
1228840 1823.8
1228850 1823.8
1228860 1816.7
1228870 1810.8
1228880 1810.8
1228890 1802.4
1228900 1796.4
1228910 1796.4
1228920 1801.1
1228930 1797.0
1228940 1797.0
1228950 1794.7
1228960 1793.0
1228970 1793.0
1228980 1790.6
1228990 1790.1
1229000 1790.1
1229010 1789.8
1229020 1790.3
1229030 1789.8
1229040 1789.8
1229050 1787.1
1229060 1783.2
1229070 1783.2
1229080 1781.3
1229090 1780.0
1229100 1780.0
1229110 1778.9
1229120 1776.9
1229130 1776.9
1229140 1776.8
1229150 1776.3
1229160 1776.3
1229170 1776.6
1229180 1775.2
1229190 1775.2
1229200 1773.5
1229210 1771.7
1229220 1771.7
1229230 1767.4
1229240 1763.1
1229250 1763.1
1229260 1761.0
1229270 1760.6
1229280 1760.6
1229290 1758.7
1229300 1755.8
1229310 1749.9
1229320 1749.9
1229330 1745.2
1229340 1743.5
1229350 1743.5
1229360 1746.1
1229370 1745.5
1229380 1745.5
1229390 1744.6
1229400 1742.5
1229410 1742.5
1229420 1749.5
1229430 1748.2
1229440 1748.2
1229450 1744.4
1229460 1742.7
1229470 1742.7
1229480 1741.5
1229490 1739.5
1229500 1739.5
1229510 1738.1
1229520 1736.1
1229530 1736.1
1229540 1734.5
1229550 1734.4
1229560 1734.4
1229570 1731.7
1229580 1726.0
1229590 1720.2
1229600 1720.2
1229610 1717.3
1229620 1713.0
1229630 1713.0
1229640 1711.9
1229650 1710.6
1229660 1710.6
1229670 1708.3
1229680 1706.0
1229690 1706.0
1229700 1702.7
1229710 1700.5
1229720 1700.5
1229730 1699.5
1229740 1698.8
1229750 1698.8
1229760 1699.8
1229770 1700.3
1229780 1700.3
1229790 1700.3
1229800 1701.9
1229810 1701.9
1229820 1702.9
1229830 1703.2
1229840 1703.2
1229850 1703.5
1229860 1703.0
1229870 1703.0
1229880 1703.8
1229890 1704.4
1229900 1704.2
1229910 1704.2
1229920 1708.3
1229930 1708.0
1229940 1708.0
1229950 1707.7
1229960 1707.8
1229970 1707.8
1229980 1707.2
1229990 1706.6
1230000 1706.6
1230010 1706.7
1230020 1707.1
1230030 1707.1
1230040 1706.7
1230050 1706.1
1230060 1706.1
1230070 1705.2
1230080 1703.7
1230090 1703.7
1230100 1701.1
1230110 1698.1
1230120 1698.1
1230130 1695.1
1230140 1691.8
1230150 1691.8
1230160 1687.5
1230170 1685.6
1230180 1683.9
1230190 1683.9
1230200 1682.3
1230210 1682.5
1230220 1682.5
1230230 1682.6
1230240 1681.5
1230250 1681.5
1230260 1680.6
1230270 1678.8
1230280 1678.8
1230290 1677.3
1230300 1676.0
1230310 1676.0
1230320 1674.9
1230330 1674.5
1230340 1674.5
1230350 1674.6
1230360 1675.4
1230370 1675.4
1230380 1674.7
1230390 1673.1
1230400 1673.1
1230410 1671.1
1230420 1674.9
1230430 1674.9
1230440 1673.5
1230450 1675.5
1230460 1675.5
1230470 1678.7
1230480 1680.9
1230490 1681.6
1230500 1681.6
1230510 1678.8
1230520 1678.3
1230530 1678.3
1230540 1678.8
1230550 1679.5
1230560 1679.5
1230570 1678.5
1230580 1676.4
1230590 1676.4
1230600 1674.9
1230610 1672.6
1230620 1672.6
1230630 1666.4
1230640 1662.1
1230650 1662.1
1230660 1659.8
1230670 1657.9
1230680 1657.9
1230690 1656.4
1230700 1654.0
1230710 1654.0
1230720 1650.9
1230730 1647.2
1230740 1647.2
1230750 1640.8
1230760 1634.8
1230770 1631.6
1230780 1631.6
1230790 1630.6
1230800 1625.7
1230810 1625.7
1230820 1620.8
1230830 1624.3
1230840 1624.3
1230850 1630.1
1230860 1635.2
1230870 1635.2
1230880 1642.0
1230890 1646.1
1230900 1646.1
1230910 1650.2
1230920 1662.4
1230930 1662.4
1230940 1666.0
1230950 1668.5
1230960 1668.5
1230970 1670.6
1230980 1671.6
1230990 1671.6
1231000 1671.7
1231010 1674.6
1231020 1674.6
1231030 1674.8
1231040 1675.9
1231050 1676.0
1231060 1676.0
1231070 1675.8
1231080 1675.8
1231090 1675.8
1231100 1676.4
1231110 1675.8
1231120 1675.8
1231130 1673.2
1231140 1671.5
1231150 1671.5
1231160 1669.9
1231170 1668.5
1231180 1668.5
1231190 1669.6
1231200 1668.8
1231210 1668.8
1231220 1664.5
1231230 1660.8
1231240 1660.8
1231250 1656.0
1231260 1656.1
1231270 1656.1
1231280 1664.0
1231290 1666.6
1231300 1666.6
1231310 1666.4
1231320 1665.9
1231330 1665.9
1231340 1665.7
1231350 1664.1
1231360 1661.8
1231370 1661.8
1231380 1660.1
1231390 1657.7
1231400 1657.7
1231410 1654.4
1231420 1650.8
1231430 1659.6
1231440 1657.3
1231450 1656.2
1231460 1656.2
1231470 1655.6
1231480 1654.6
1231490 1654.6
1231500 1652.5
1231510 1651.1
1231520 1651.1
1231530 1653.6
1231540 1655.7
1231550 1655.7
1231560 1655.9
1231570 1654.4
1231580 1654.4
1231590 1653.4
1231600 1652.1
1231610 1652.1
1231620 1649.7
1231630 1648.7
1231640 1648.9
1231650 1648.9
1231660 1650.6
1231670 1653.6
1231680 1653.6
1231690 1655.4
1231700 1657.4
1231710 1657.4
1231720 1653.2
1231730 1645.4
1231740 1645.4
1231750 1639.0
1231760 1631.2
1231770 1631.2
1231780 1625.2
1231790 1631.0
1231800 1631.0
1231810 1638.0
1231820 1646.8
1231830 1646.8
1231840 1657.2
1231850 1660.4
1231860 1660.4
1231870 1659.5
1231880 1658.8
1231890 1658.8
1231900 1658.6
1231910 1657.2
1231920 1653.8
1231930 1664.5
1231940 1661.2
1231950 1655.4
1231960 1655.4
1231970 1646.8
1231980 1641.2
1231990 1641.2
1232000 1638.1
1232010 1636.9
1232020 1636.9
1232030 1636.2
1232040 1634.9
1232050 1634.9
1232060 1633.2
1232070 1631.3
1232080 1631.3
1232090 1628.9
1232100 1628.0
1232110 1628.0
1232120 1630.8
1232130 1633.0
1232140 1633.0
1232150 1635.3
1232160 1634.9
1232170 1634.9
1232180 1634.7
1232190 1635.8
1232200 1635.8
1232210 1634.4
1232220 1631.7
1232230 1629.0
1232240 1629.0
1232250 1625.5
1232260 1624.4
1232270 1624.4
1232280 1623.9
1232290 1623.6
1232300 1623.6
1232310 1623.7
1232320 1623.1
1232330 1623.1
1232340 1620.8
1232350 1618.2
1232360 1618.2
1232370 1614.6
1232380 1609.2
1232390 1609.2
1232400 1601.0
1232410 1590.4
1232420 1590.4
1232430 1578.3
1232440 1574.9
1232450 1574.9
1232460 1574.0
1232470 1580.5
1232480 1580.5
1232490 1583.6
1232500 1586.3
1232510 1587.8
1232520 1587.8
1232530 1588.0
1232540 1590.8
1232550 1590.8
1232560 1593.8
1232570 1595.1
1232580 1595.1
1232590 1595.2
1232600 1594.2
1232610 1594.2
1232620 1592.7
1232630 1595.2
1232640 1595.2
1232650 1596.7
1232660 1597.5
1232670 1597.5
1232680 1595.9
1232690 1594.1
1232700 1594.1
1232710 1590.4
1232720 1585.2
1232730 1585.2
1232740 1581.8
1232750 1577.9
1232760 1577.9
1232770 1573.0
1232780 1568.4
1232790 1568.4
1232800 1562.9
1232810 1557.6
1232820 1552.2
1232830 1552.2
1232840 1545.0
1232850 1538.0
1232860 1538.0
1232870 1531.6
1232880 1521.7
1232890 1521.7
1232900 1508.2
1232910 1497.3
1232920 1497.3
1232930 1493.4
1232940 1499.7
1232950 1499.7
1232960 1497.7
1232970 1493.1
1232980 1493.1
1232990 1488.3
1233000 1485.0
1233010 1485.0
1233020 1480.2
1233030 1473.0
1233040 1473.0
1233050 1471.6
1233060 1472.8
1233070 1472.8
1233080 1472.0
1233090 1471.1
1233100 1471.0
1233110 1471.0
1233120 1470.2
1233130 1469.9
1233140 1469.9
1233150 1470.9
1233160 1475.1
1233170 1475.1
1233180 1479.7
1233190 1484.8
1233200 1484.8
1233210 1494.8
1233220 1498.3
1233230 1498.3
1233240 1498.6
1233250 1498.5
1233260 1498.5
1233270 1499.6
1233280 1501.8
1233290 1501.8
1233300 1502.0
1233310 1502.2
1233320 1502.2
1233330 1504.1
1233340 1506.9
1233350 1506.9
1233360 1512.9
1233370 1517.1
1233380 1517.8
1233390 1517.8
1233400 1516.0
1233410 1513.3
1233420 1513.3
1233430 1506.2
1233440 1499.9
1233450 1509.1
1233460 1501.5
1233470 1497.4
1233480 1497.4
1233490 1493.9
1233500 1489.3
1233510 1489.3
1233520 1484.7
1233530 1483.0
1233540 1483.0
1233550 1482.0
1233560 1482.1
1233570 1482.1
1233580 1480.5
1233590 1478.7
1233600 1478.7
1233610 1477.5
1233620 1475.2
1233630 1475.2
1233640 1472.5
1233650 1469.8
1233660 1469.8
1233670 1466.9
1233680 1464.5
1233690 1462.2
1233700 1462.2
1233710 1459.9
1233720 1458.2
1233730 1458.2
1233740 1456.3
1233750 1454.3
1233760 1454.3
1233770 1452.3
1233780 1450.9
1233790 1450.9
1233800 1449.3
1233810 1447.5
1233820 1447.5
1233830 1445.6
1233840 1443.4
1233850 1443.4
1233860 1441.3
1233870 1437.7
1233880 1437.7
1233890 1431.3
1233900 1422.7
1233910 1422.7
1233920 1414.7
1233930 1420.7
1233940 1420.7
1233950 1421.4
1233960 1428.4
1233970 1430.1
1233980 1430.1
1233990 1431.5
1234000 1432.1
1234010 1432.1
1234020 1431.2
1234030 1430.3
1234040 1430.3
1234050 1429.2
1234060 1428.1
1234070 1428.1
1234080 1427.2
1234090 1426.2
1234100 1426.2
1234110 1424.1
1234120 1422.9
1234130 1422.9
1234140 1423.8
1234150 1423.3
1234160 1423.3
1234170 1422.2
1234180 1421.0
1234190 1421.0
1234200 1419.1
1234210 1414.7
1234220 1414.7
1234230 1409.8
1234240 1407.1
1234250 1405.9
1234260 1405.9
1234270 1404.0
1234280 1403.3
1234290 1403.3
1234300 1401.0
1234310 1396.9
1234320 1396.9
1234330 1395.5
1234340 1395.5
1234350 1395.5
1234360 1396.6
1234370 1397.6
1234380 1397.6
1234390 1397.8
1234400 1395.5
1234410 1395.5
1234420 1391.7
1234430 1388.8
1234440 1388.8
1234450 1385.7
1234460 1383.1
1234470 1386.3
1234480 1384.5
1234490 1382.3
1234500 1382.3
1234510 1380.9
1234520 1382.2
1234530 1382.2
1234540 1383.9
1234550 1383.4
1234560 1377.5
1234570 1377.5
1234580 1371.7
1234590 1368.2
1234600 1368.2
1234610 1365.5
1234620 1363.9
1234630 1363.9
1234640 1364.0
1234650 1363.0
1234660 1363.0
1234670 1360.8
1234680 1359.4
1234690 1359.4
1234700 1361.7
1234710 1368.0
1234720 1368.0
1234730 1371.1
1234740 1370.1
1234750 1370.1
1234760 1366.1
1234770 1361.5
1234780 1361.5
1234790 1360.2
1234800 1361.4
1234810 1361.4
1234820 1362.8
1234830 1364.3
1234840 1364.6
1234850 1364.6
1234860 1363.5
1234870 1361.0
1234880 1361.0
1234890 1355.9
1234900 1350.6
1234910 1350.6
1234920 1349.9
1234930 1353.2
1234940 1353.2
1234950 1354.7
1234960 1354.1
1234970 1354.1
1234980 1359.3
1234990 1360.9
1235000 1360.9
1235010 1360.8
1235020 1358.3
1235030 1358.3
1235040 1355.4
1235050 1352.1
1235060 1352.1
1235070 1350.8
1235080 1354.1
1235090 1354.1
1235100 1358.0
1235110 1359.7
1235120 1359.7
1235130 1358.7
1235140 1356.6
1235150 1354.6
1235160 1354.6
1235170 1353.5
1235180 1352.8
1235190 1352.8
1235200 1352.1
1235210 1352.0
1235220 1352.0
1235230 1351.8
1235240 1351.3
1235250 1351.3
1235260 1350.5
1235270 1348.6
1235280 1348.6
1235290 1347.0
1235300 1346.0
1235310 1346.0
1235320 1344.7
1235330 1343.1
1235340 1343.1
1235350 1341.5
1235360 1338.9
1235370 1338.9
1235380 1339.0
1235390 1340.7
1235400 1340.7
1235410 1340.7
1235420 1341.5
1235430 1341.9
1235440 1341.9
1235450 1341.7
1235460 1341.3
1235470 1341.3
1235480 1340.8
1235490 1340.7
1235500 1340.7
1235510 1339.6
1235520 1338.4
1235530 1338.4
1235540 1337.4
1235550 1338.1
1235560 1338.1
1235570 1336.2
1235580 1333.0
1235590 1333.0
1235600 1333.4
1235610 1334.3
1235620 1334.3
1235630 1335.0
1235640 1334.7
1235650 1334.7
1235660 1333.5
1235670 1331.8
1235680 1331.8
1235690 1330.3
1235700 1328.3
1235710 1326.7
1235720 1326.7
1235730 1325.3
1235740 1323.6
1235750 1323.6
1235760 1322.5
1235770 1321.6
1235780 1321.6
1235790 1320.2
1235800 1319.0
1235810 1319.0
1235820 1318.0
1235830 1316.7
1235840 1316.7
1235850 1315.5
1235860 1314.5
1235870 1314.5
1235880 1312.7
1235890 1310.7
1235900 1310.7
1235910 1309.2
1235920 1307.6
1235930 1307.6
1235940 1305.6
1235950 1304.0
1235960 1304.0
1235970 1302.8
1235980 1302.1
1235990 1302.1
1236000 1302.0
1236010 1301.4
1236020 1300.7
1236030 1300.7
1236040 1300.0
1236050 1299.3
1236060 1299.3
1236070 1298.6
1236080 1298.1
1236090 1298.1
1236100 1297.4
1236110 1296.7
1236120 1296.7
1236130 1296.1
1236140 1295.6
1236150 1295.6
1236160 1294.6
1236170 1293.5
1236180 1293.5
1236190 1291.3
1236200 1289.6
1236210 1289.6
1236220 1288.7
1236230 1288.0
1236240 1288.0
1236250 1287.0
1236260 1286.2
1236270 1286.2
1236280 1285.5
1236290 1284.6
1236300 1283.5
1236310 1283.5
1236320 1282.9
1236330 1281.9
1236340 1281.9
1236350 1280.9
1236360 1280.2
1236370 1280.2
1236380 1279.6
1236390 1278.7
1236400 1278.7
1236410 1278.7
1236420 1280.6
1236430 1280.6
1236440 1280.3
1236450 1279.3
1236460 1279.3
1236470 1278.2
1236480 1277.0
1236490 1277.0
1236500 1275.8
1236510 1273.9
1236520 1273.9
1236530 1272.4
1236540 1271.3
1236550 1271.3
1236560 1270.0
1236570 1268.6
1236580 1267.4
1236590 1267.4
1236600 1266.2
1236610 1265.1
1236620 1265.1
1236630 1263.9
1236640 1262.8
1236650 1262.8
1236660 1262.1
1236670 1261.3
1236680 1261.3
1236690 1260.5
1236700 1259.2
1236710 1259.2
1236720 1258.2
1236730 1257.9
1236740 1257.9
1236750 1256.4
1236760 1254.6
1236770 1254.6
1236780 1253.3
1236790 1252.1
1236800 1252.1
1236810 1251.0
1236820 1249.8
1236830 1249.8
1236840 1248.7
1236850 1247.7
1236860 1247.7
1236870 1247.0
1236880 1246.3
1236890 1245.6
1236900 1245.6
1236910 1245.0
1236920 1244.5
1236930 1244.5
1236940 1244.0
1236950 1243.6
1236960 1243.6
1236970 1243.2
1236980 1242.7
1236990 1242.7
1237000 1242.3
1237010 1242.0
1237020 1242.0
1237030 1241.5
1237040 1241.2
1237050 1241.2
1237060 1241.1
1237070 1241.5
1237080 1241.5
1237090 1241.5
1237100 1241.8
1237110 1241.8
1237120 1242.1
1237130 1241.5
1237140 1241.5
1237150 1241.1
1237160 1241.4
1237170 1241.4
1237180 1241.4
1237190 1237.7
1237200 1231.6
1237210 1231.6
1237220 1226.2
1237230 1223.1
1237240 1223.1
1237250 1224.8
1237260 1229.4
1237270 1229.4
1237280 1234.6
1237290 1238.4
1237300 1238.4
1237310 1238.7
1237320 1237.9
1237330 1237.9
1237340 1237.0
1237350 1236.0
1237360 1236.0
1237370 1235.3
1237380 1234.8
1237390 1234.8
1237400 1234.4
1237410 1233.8
1237420 1233.8
1237430 1233.0
1237440 1231.7
1237450 1231.7
1237460 1230.1
1237470 1228.1
1237480 1225.7
1237490 1225.7
1237500 1222.7
1237510 1217.8
1237520 1217.8
1237530 1211.9
1237540 1208.3
1237550 1208.3
1237560 1210.2
1237570 1214.0
1237580 1214.0
1237590 1214.9
1237600 1214.7
1237610 1214.7
1237620 1214.3
1237630 1213.2
1237640 1213.2
1237650 1211.4
1237660 1209.3
1237670 1209.3
1237680 1207.3
1237690 1205.4
1237700 1205.4
1237710 1203.8
1237720 1202.4
1237730 1202.4
1237740 1201.3
1237750 1200.5
1237760 1199.9
1237770 1199.9
1237780 1199.6
1237790 1199.5
1237800 1199.5
1237810 1199.4
1237820 1199.1
1237830 1199.1
1237840 1196.4
1237850 1195.2
1237860 1195.2
1237870 1198.0
1237880 1199.2
1237890 1199.2
1237900 1199.3
1237910 1199.6
1237920 1199.6
1237930 1199.8
1237940 1200.0
1237950 1200.0
1237960 1200.1
1237970 1200.2
1237980 1200.2
1237990 1200.2
1238000 1200.1
1238010 1200.1
1238020 1199.5
1238030 1198.7
1238040 1197.9
1238050 1197.9
1238060 1197.1
1238070 1196.2
1238080 1196.2
1238090 1195.3
1238100 1194.1
1238110 1194.1
1238120 1192.7
1238130 1190.8
1238140 1190.8
1238150 1187.9
1238160 1185.1
1238170 1185.1
1238180 1185.1
1238190 1184.4
1238200 1184.4
1238210 1182.7
1238220 1181.0
1238230 1181.0
1238240 1179.4
1238250 1177.9
1238260 1177.9
1238270 1176.2
1238280 1173.8
1238290 1173.8
1238300 1173.1
1238310 1173.2
1238320 1173.2
1238330 1173.1
1238340 1173.1
1238350 1173.0
1238360 1173.0
1238370 1172.8
1238380 1172.7
1238390 1172.7
1238400 1172.5
1238410 1172.4
1238420 1172.4
1238430 1172.3
1238440 1172.5
1238450 1172.5
1238460 1171.9
1238470 1171.7
1238480 1171.7
1238490 1171.5
1238500 1171.3
1238510 1171.3
1238520 1171.0
1238530 1170.7
1238540 1170.7
1238550 1170.5
1238560 1170.3
1238570 1170.3
1238580 1170.1
1238590 1170.0
1238600 1170.0
1238610 1169.9
1238620 1169.8
1238630 1169.7
1238640 1169.7
1238650 1169.5
1238660 1169.3
1238670 1169.3
1238680 1169.1
1238690 1168.8
1238700 1168.8
1238710 1168.6
1238720 1168.4
1238730 1168.4
1238740 1168.2
1238750 1167.9
1238760 1167.9
1238770 1167.6
1238780 1167.3
1238790 1167.3
1238800 1167.0
1238810 1166.6
1238820 1166.6
1238830 1166.4
1238840 1166.3
1238850 1166.3
1238860 1166.1
1238870 1165.9
1238880 1165.9
1238890 1165.5
1238900 1164.2
1238910 1163.9
1238920 1163.9
1238930 1164.6
1238940 1164.8
1238950 1164.8
1238960 1164.3
1238970 1164.1
1238980 1164.1
1238990 1163.9
1239000 1163.6
1239010 1163.6
1239020 1163.3
1239030 1163.1
1239040 1163.1
1239050 1163.5
1239060 1163.5
1239070 1163.5
1239080 1163.2
1239090 1162.9
1239100 1162.9
1239110 1162.7
1239120 1162.3
1239130 1162.3
1239140 1162.0
1239150 1161.7
1239160 1161.7
1239170 1161.0
1239180 1160.7
1239190 1160.7
1239200 1160.6
1239210 1160.5
1239220 1160.5
1239230 1160.5
1239240 1160.6
1239250 1160.6
1239260 1160.6
1239270 1160.7
1239280 1160.8
1239290 1160.8
1239300 1160.8
1239310 1160.7
1239320 1160.7
1239330 1160.5
1239340 1160.4
1239350 1160.4
1239360 1160.5
1239370 1160.7
1239380 1160.7
1239390 1161.0
1239400 1160.7
1239410 1160.7
1239420 1160.6
1239430 1160.6
1239440 1160.6
1239450 1160.9
1239460 1160.5
1239470 1160.5
1239480 1159.9
1239490 1159.9
1239500 1159.6
1239510 1159.6
1239520 1159.9
1239530 1159.5
1239540 1159.5
1239550 1159.3
1239560 1159.0
1239570 1159.0
1239580 1158.5
1239590 1158.5
1239600 1158.5
1239610 1158.6
1239620 1157.9
1239630 1157.9
1239640 1157.4
1239650 1156.9
1239660 1156.9
1239670 1156.7
1239680 1156.6
1239690 1156.6
1239700 1156.0
1239710 1155.8
1239720 1155.8
1239730 1155.7
1239740 1155.5
1239750 1155.5
1239760 1155.4
1239770 1155.1
1239780 1154.8
1239790 1154.8
1239800 1154.4
1239810 1154.1
1239820 1154.1
1239830 1154.0
1239840 1153.9
1239850 1153.9
1239860 1153.9
1239870 1153.8
1239880 1153.8
1239890 1153.6
1239900 1153.5
1239910 1153.5
1239920 1153.4
1239930 1153.2
1239940 1153.2
1239950 1153.4
1239960 1153.8
1239970 1153.8
1239980 1157.3
1239990 1158.1
