1220000 2008.4
1220010 2009.7
1220020 2009.7
1220030 2009.5
1220040 2007.3
1220050 2007.3
1220060 2005.8
1220070 2004.3
1220080 1999.4
1220090 1999.4
1220100 1995.3
1220110 1991.8
1220120 1991.8
1220130 1993.6
1220140 1987.3
1220150 1987.3
1220160 1980.4
1220170 1973.7
1220180 1973.7
1220190 1967.3
1220200 1962.0
1220210 1962.0
1220220 1958.1
1220230 1954.7
1220240 1954.7
1220250 1951.0
1220260 1946.0
1220270 1946.0
1220280 1940.5
1220290 1935.5
1220300 1935.5
1220310 1932.1
1220320 1929.0
1220330 1929.0
1220340 1925.8
1220350 1922.2
1220360 1919.7
1220370 1919.7
1220380 1919.0
1220390 1919.8
1220400 1919.8
1220410 1924.1
1220420 1930.2
1220430 1930.2
1220440 1936.2
1220450 1940.4
1220460 1940.4
1220470 1942.4
1220480 1940.1
1220490 1940.1
1220500 1934.8
1220510 1928.7
1220520 1928.7
1220530 1923.5
1220540 1920.2
1220550 1920.2
1220560 1919.0
1220570 1920.5
1220580 1920.5
1220590 1920.7
1220600 1919.4
1220610 1919.1
1220620 1918.8
1220630 1920.8
1220640 1924.8
1220650 1924.8
1220660 1927.6
1220670 1926.0
1220680 1926.0
1220690 1921.6
1220700 1920.1
1220710 1920.1
1220720 1920.9
1220730 1923.3
1220740 1923.3
1220750 1925.8
1220760 1926.9
1220770 1926.9
1220780 1928.6
1220790 1931.1
1220800 1931.1
1220810 1934.7
1220820 1939.3
1220830 1939.3
1220840 1944.1
1220850 1948.9
1220860 1948.9
1220870 1953.9
1220880 1959.3
1220890 1959.3
1220900 1965.0
1220910 1970.9
1220920 1970.9
1220930 1977.1
1220940 1983.6
1220950 1990.3
1220960 1990.3
1220970 1997.2
1220980 2004.0
1220990 2004.0
1221000 2010.8
1221010 2017.5
1221020 2017.5
1221030 2024.3
1221040 2031.0
1221050 2031.0
1221060 2037.8
1221070 2044.5
1221080 2044.5
1221090 2050.1
1221100 2068.6
1221110 2068.6
1221120 2076.5
1221130 2082.0
1221140 2082.0
1221150 2089.8
1221160 2105.0
1221170 2105.0
1221180 2119.3
1221190 2131.6
1221200 2131.6
1221210 2137.2
1221220 2125.9
1221230 2105.2
1221240 2105.2
1221250 2087.2
1221260 2077.3
1221270 2077.3
1221280 2069.2
1221290 2061.1
1221300 2061.1
1221310 2054.0
1221320 2047.0
1221330 2047.0
1221340 2040.1
1221350 2033.2
1221360 2033.2
1221370 2026.2
1221380 2019.0
1221390 2019.0
1221400 2012.0
1221410 2005.5
1221420 2005.5
1221430 1999.4
1221440 1994.0
1221450 1994.0
1221460 1989.5
1221470 1986.0
1221480 1986.0
1221490 1984.4
1221500 1984.9
1221510 1984.9
1221520 1987.3
1221530 1989.7
1221540 1989.7
1221550 1989.7
1221560 1989.7
1221570 1990.3
1221580 1986.2
1221590 1986.0
1221600 1984.9
1221610 1984.9
1221620 1985.0
1221630 1985.1
1221640 1985.1
1221650 1982.7
1221660 1980.5
1221670 1980.5
1221680 1978.2
1221690 1976.4
1221700 1976.4
1221710 1976.3
1221720 1977.3
1221730 1977.3
1221740 1978.4
1221750 1978.9
1221760 1978.9
1221770 1980.0
1221780 1981.5
1221790 1981.5
1221800 1983.3
1221810 1986.8
1221820 1989.5
1221830 1989.5
1221840 1989.2
1221850 1989.1
1221860 1989.1
1221870 1987.5
1221880 1985.4
1221890 1985.4
1221900 1983.2
1221910 1980.4
1221920 1980.4
1221930 1976.9
1221940 1973.1
1221950 1973.1
1221960 1970.2
1221970 1967.7
1221980 1967.7
1221990 1962.9
1222000 1957.8
1222010 1957.8
1222020 1955.0
1222030 1953.7
1222040 1953.7
1222050 1952.8
1222060 1953.4
1222070 1953.4
1222080 1951.0
1222090 1950.0
1222100 1950.0
1222110 1952.2
1222120 1954.4
1222130 1955.2
1222140 1955.2
1222150 1954.0
1222160 1954.9
1222170 1954.9
1222180 1956.0
1222190 1956.8
1222200 1956.8
1222210 1956.8
1222220 1956.4
1222230 1956.4
1222240 1957.3
1222250 1959.7
1222260 1959.7
1222270 1961.9
1222280 1963.4
1222290 1963.4
1222300 1964.8
1222310 1967.5
1222320 1967.5
1222330 1971.1
1222340 1975.5
1222350 1975.5
1222360 1980.6
1222370 1985.9
1222380 1985.9
1222390 1991.3
1222400 1996.8
1222410 2002.2
1222420 2002.2
1222430 2007.0
1222440 2011.4
1222450 2011.4
1222460 2015.1
1222470 2017.0
1222480 2017.0
1222490 2019.3
1222500 2022.2
1222510 2022.2
1222520 2026.1
1222530 2031.1
1222540 2031.1
1222550 2057.5
1222560 2087.1
1222570 2087.1
1222580 2101.5
1222590 2114.8
1222600 2114.8
1222610 2125.2
1222620 2133.3
1222630 2133.3
1222640 2140.1
1222650 2146.6
1222660 2146.6
1222670 2154.2
1222680 2161.8
1222690 2170.1
1222700 2170.1
1222710 2177.8
1222720 2182.4
1222730 2182.4
1222740 2185.7
1222750 2190.7
1222760 2190.7
1222770 2201.9
1222780 2216.3
1222790 2216.3
1222800 2227.3
1222810 2238.9
1222820 2238.9
1222830 2248.9
1222840 2258.1
1222850 2258.1
1222860 2268.8
1222870 2288.6
1222880 2288.6
1222890 2300.4
1222900 2314.5
1222910 2314.5
1222920 2331.1
1222930 2350.2
1222940 2350.2
1222950 2369.2
1222960 2384.0
1222970 2384.0
1222980 2399.9
1222990 2411.6
1223000 2419.1
1223010 2419.1
1223020 2427.6
1223030 2435.0
1223040 2435.0
1223050 2445.2
1223060 2453.7
1223070 2453.7
1223080 2459.8
1223090 2456.8
1223100 2456.8
1223110 2449.9
1223120 2444.9
1223130 2444.9
1223140 2442.1
1223150 2439.2
1223160 2439.2
1223170 2436.7
1223180 2430.4
1223190 2430.4
1223200 2423.6
1223210 2417.0
1223220 2417.0
1223230 2411.6
1223240 2410.0
1223250 2410.0
1223260 2404.4
1223270 2399.5
1223280 2398.0
1223290 2398.0
1223300 2393.8
1223310 2389.3
1223320 2389.3
1223330 2386.1
1223340 2383.9
1223350 2383.9
1223360 2379.7
1223370 2374.7
1223380 2374.7
1223390 2371.0
1223400 2369.1
1223410 2369.1
1223420 2366.1
1223430 2366.3
1223440 2366.3
1223450 2365.8
1223460 2356.9
1223470 2356.9
1223480 2348.3
1223490 2342.2
1223500 2342.2
1223510 2336.0
1223520 2323.0
1223530 2323.0
1223540 2324.5
1223550 2322.7
1223560 2322.7
1223570 2316.3
1223580 2305.6
1223590 2294.4
1223600 2294.4
1223610 2282.5
1223620 2268.9
1223630 2268.9
1223640 2259.0
1223650 2248.8
1223660 2248.8
1223670 2238.0
1223680 2229.0
1223690 2229.0
1223700 2214.0
1223710 2198.3
1223720 2198.3
1223730 2185.1
1223740 2173.7
1223750 2173.7
1223760 2162.7
1223770 2152.7
1223780 2152.7
1223790 2143.9
1223800 2135.9
1223810 2135.9
1223820 2126.9
1223830 2114.9
1223840 2114.9
1223850 2101.4
1223860 2087.0
1223870 2070.0
1223880 2070.0
1223890 2056.2
1223900 2044.0
1223910 2044.0
1223920 2023.9
1223930 2010.2
1223940 2010.2
1223950 2003.3
1223960 1996.9
1223970 1996.9
1223980 1990.4
1223990 1983.8
1224000 1983.8
1224010 1977.1
1224020 1971.0
1224030 1971.0
1224040 1965.0
1224050 1959.3
1224060 1959.3
1224070 1953.9
1224080 1949.7
1224090 1949.7
1224100 1947.5
1224110 1947.0
1224120 1947.0
1224130 1945.3
1224140 1941.2
1224150 1941.2
1224160 1936.9
1224170 1934.6
1224180 1932.9
1224190 1932.9
1224200 1930.4
1224210 1926.9
1224220 1926.9
1224230 1921.8
1224240 1917.7
1224250 1917.7
1224260 1914.2
1224270 1909.1
1224280 1909.1
1224290 1903.6
1224300 1899.2
1224310 1899.2
1224320 1895.5
1224330 1892.2
1224340 1892.2
1224350 1887.2
1224360 1880.6
1224370 1880.6
1224380 1875.1
1224390 1868.7
1224400 1868.7
1224410 1862.5
1224420 1855.2
1224430 1855.2
1224440 1850.7
1224450 1846.2
1224460 1841.4
1224470 1841.4
1224480 1837.1
1224490 1831.8
1224500 1834.8
1224510 1829.1
1224520 1825.8
1224530 1825.8
1224540 1822.1
1224550 1818.6
1224560 1818.6
1224570 1813.4
1224580 1810.6
1224590 1810.6
1224600 1811.6
1224610 1814.8
1224620 1814.8
1224630 1819.4
1224640 1825.5
1224650 1825.5
1224660 1830.4
1224670 1835.0
1224680 1835.0
1224690 1837.2
1224700 1841.1
1224710 1841.1
1224720 1845.3
1224730 1845.6
1224740 1844.9
1224750 1844.9
1224760 1844.7
1224770 1846.1
1224780 1846.1
1224790 1848.9
1224800 1851.8
1224810 1851.8
1224820 1853.4
1224830 1855.6
1224840 1855.6
1224850 1857.7
1224860 1857.1
1224870 1857.1
1224880 1857.8
1224890 1861.5
1224900 1861.5
1224910 1864.5
1224920 1867.1
1224930 1867.1
1224940 1867.8
1224950 1866.2
1224960 1866.2
1224970 1864.9
1224980 1860.5
1224990 1866.3
1225000 1863.1
1225010 1862.8
1225020 1862.8
1225030 1866.0
1225040 1875.5
1225050 1892.2
1225060 1892.2
1225070 1915.5
1225080 1935.8
1225090 1935.8
1225100 1950.4
1225110 1960.2
1225120 1960.2
1225130 1968.1
1225140 1974.7
1225150 1974.7
1225160 1981.7
1225170 1988.4
1225180 1988.4
1225190 1996.7
1225200 2004.7
1225210 2004.7
1225220 2013.6
1225230 2024.9
1225240 2024.9
1225250 2031.5
1225260 2034.3
1225270 2034.3
1225280 2037.4
1225290 2040.5
1225300 2040.5
1225310 2044.0
1225320 2047.9
1225330 2050.4
1225340 2050.4
1225350 2053.4
1225360 2060.4
1225370 2060.4
1225380 2067.8
1225390 2074.7
1225400 2074.7
1225410 2080.8
1225420 2087.8
1225430 2087.8
1225440 2092.3
1225450 2097.5
1225460 2097.5
1225470 2104.8
1225480 2114.6
1225490 2114.6
1225500 2120.6
1225510 2128.7
1225520 2128.7
1225530 2136.8
1225540 2144.6
1225550 2144.6
1225560 2152.3
1225570 2159.4
1225580 2159.4
1225590 2165.9
1225600 2172.6
1225610 2172.6
1225620 2181.6
1225630 2192.1
1225640 2201.8
1225650 2201.8
1225660 2212.1
1225670 2221.2
1225680 2221.2
1225690 2232.3
1225700 2245.6
1225710 2245.6
1225720 2265.5
1225730 2277.5
1225740 2277.5
1225750 2290.1
1225760 2303.4
1225770 2303.4
1225780 2315.3
1225790 2326.6
1225800 2326.6
1225810 2334.7
1225820 2344.6
1225830 2344.6
1225840 2353.4
1225850 2367.2
1225860 2367.2
1225870 2380.0
1225880 2384.2
1225890 2384.2
1225900 2391.9
1225910 2400.6
1225920 2405.6
1225930 2405.6
1225940 2388.0
1225950 2370.9
1225960 2370.9
1225970 2356.2
1225980 2362.5
1225990 2362.5
1226000 2359.9
1226010 2349.3
1226020 2349.3
1226030 2331.9
1226040 2318.4
1226050 2318.4
1226060 2306.4
1226070 2296.9
1226080 2296.9
1226090 2288.2
1226100 2285.8
1226110 2285.8
1226120 2286.3
1226130 2284.0
1226140 2284.0
1226150 2281.9
1226160 2282.0
1226170 2282.0
1226180 2283.3
1226190 2285.2
1226200 2285.2
1226210 2286.7
1226220 2285.5
1226230 2287.6
1226240 2287.6
1226250 2293.0
1226260 2295.4
1226270 2295.4
1226280 2295.8
1226290 2297.6
1226300 2297.6
1226310 2299.9
1226320 2305.6
1226330 2305.6
1226340 2310.8
1226350 2316.5
1226360 2316.5
1226370 2326.7
1226380 2326.8
1226390 2326.8
1226400 2310.0
1226410 2287.8
1226420 2287.8
1226430 2279.0
1226440 2290.5
1226450 2290.5
1226460 2298.5
1226470 2316.6
1226480 2316.6
1226490 2318.5
1226500 2318.1
1226510 2315.4
1226520 2315.4
1226530 2312.8
1226540 2312.0
1226550 2312.0
1226560 2321.0
1226570 2340.0
1226580 2340.0
1226590 2349.0
1226600 2339.6
1226610 2339.6
1226620 2336.1
1226630 2334.7
1226640 2334.7
1226650 2332.8
1226660 2332.4
1226670 2332.4
1226680 2343.2
1226690 2343.2
1226700 2343.2
1226710 2335.9
1226720 2338.4
1226730 2338.4
1226740 2342.4
1226750 2333.7
1226760 2333.7
1226770 2335.1
1226780 2333.3
1226790 2330.1
1226800 2330.1
1226810 2317.2
1226820 2304.5
1226830 2304.5
1226840 2297.1
1226850 2283.5
1226860 2283.5
1226870 2261.1
1226880 2241.1
1226890 2241.1
1226900 2225.0
1226910 2206.7
1226920 2206.7
1226930 2190.9
1226940 2180.9
1226950 2180.9
1226960 2185.2
1226970 2173.3
1226980 2173.3
1226990 2151.3
1227000 2126.4
1227010 2126.4
1227020 2080.1
1227030 2026.7
1227040 2026.7
1227050 1963.4
1227060 1886.5
1227070 1886.5
1227080 1868.6
1227090 1856.1
1227100 1849.5
1227110 1849.5
1227120 1842.7
1227130 1833.7
1227140 1833.7
1227150 1826.4
1227160 1822.3
1227170 1822.3
1227180 1823.1
1227190 1819.7
1227200 1819.7
1227210 1810.7
1227220 1798.6
1227230 1798.6
1227240 1790.1
1227250 1784.9
1227260 1784.9
1227270 1779.8
1227280 1773.9
1227290 1773.9
1227300 1768.6
1227310 1764.6
1227320 1764.6
1227330 1759.4
1227340 1754.4
1227350 1754.4
1227360 1754.4
1227370 1752.7
1227380 1753.0
1227390 1753.0
1227400 1753.4
1227410 1753.8
1227420 1753.8
1227430 1752.7
1227440 1756.8
1227450 1756.8
1227460 1771.8
1227470 1772.6
1227480 1772.6
1227490 1769.1
1227500 1776.5
1227510 1776.5
1227520 1786.4
1227530 1803.5
1227540 1803.5
1227550 1813.5
1227560 1829.4
1227570 1829.4
1227580 1840.0
1227590 1865.9
1227600 1865.9
1227610 1923.8
1227620 1918.0
1227630 1918.0
1227640 1912.5
1227650 1908.0
1227660 1908.0
1227670 1901.3
1227680 1895.5
1227690 1890.1
1227700 1890.1
1227710 1884.1
1227720 1879.0
1227730 1879.0
1227740 1874.1
1227750 1869.1
1227760 1869.1
1227770 1864.2
1227780 1859.2
1227790 1859.2
1227800 1854.9
1227810 1850.3
1227820 1850.3
1227830 1847.3
1227840 1843.1
1227850 1843.1
1227860 1836.6
1227870 1829.9
1227880 1829.9
1227890 1823.5
1227900 1818.1
1227910 1818.1
1227920 1812.4
1227930 1807.8
1227940 1807.8
1227950 1802.5
1227960 1801.5
1227970 1795.4
1227980 1795.4
1227990 1787.7
1228000 1776.0
1228010 1776.0
1228020 1759.5
1228030 1748.3
1228040 1748.3
1228050 1742.6
1228060 1737.6
1228070 1737.6
1228080 1732.2
1228090 1726.6
1228100 1726.6
1228110 1721.5
1228120 1717.1
1228130 1717.1
1228140 1713.2
1228150 1709.4
1228160 1709.4
1228170 1706.0
1228180 1703.6
1228190 1703.6
1228200 1701.5
1228210 1698.9
1228220 1698.9
1228230 1696.6
1228240 1694.3
1228250 1691.6
1228260 1691.6
1228270 1690.1
1228280 1689.4
1228290 1689.4
1228300 1690.0
1228310 1691.2
1228320 1691.2
1228330 1690.6
1228340 1687.6
1228350 1687.6
1228360 1684.1
1228370 1682.2
1228380 1682.2
1228390 1679.4
1228400 1675.1
1228410 1675.1
1228420 1672.6
1228430 1669.8
1228440 1669.8
1228450 1670.3
1228460 1665.8
1228470 1665.8
1228480 1661.7
1228490 1658.5
1228500 1658.5
1228510 1654.8
1228520 1652.5
1228530 1652.5
1228540 1650.7
1228550 1650.1
1228560 1649.6
1228570 1649.6
1228580 1648.6
1228590 1647.5
1228600 1647.5
1228610 1646.1
1228620 1643.5
1228630 1643.5
1228640 1641.0
1228650 1638.2
1228660 1638.2
1228670 1636.0
1228680 1635.7
1228690 1635.7
1228700 1634.7
1228710 1629.6
1228720 1629.6
1228730 1628.6
1228740 1630.1
1228750 1630.1
1228760 1631.5
1228770 1631.5
1228780 1631.5
1228790 1630.3
1228800 1629.2
1228810 1629.2
1228820 1628.6
1228830 1628.4
1228840 1627.5
1228850 1627.5
1228860 1626.2
1228870 1629.8
1228880 1629.8
1228890 1629.9
1228900 1629.5
1228910 1629.5
1228920 1629.1
1228930 1628.6
1228940 1628.6
1228950 1630.9
1228960 1629.2
1228970 1629.2
1228980 1628.4
1228990 1627.5
1229000 1627.5
1229010 1626.7
1229020 1627.5
1229030 1627.5
1229040 1627.5
1229050 1626.9
1229060 1626.9
1229070 1626.0
1229080 1624.6
1229090 1624.6
1229100 1622.2
1229110 1618.9
1229120 1618.9
1229130 1615.9
1229140 1612.7
1229150 1610.5
1229160 1610.5
1229170 1608.9
1229180 1606.3
1229190 1606.3
1229200 1603.3
1229210 1600.5
1229220 1600.5
1229230 1596.9
1229240 1594.2
1229250 1594.2
1229260 1591.9
1229270 1588.9
1229280 1588.9
1229290 1589.8
1229300 1592.3
1229310 1592.3
1229320 1592.6
1229330 1592.6
1229340 1592.6
1229350 1592.8
1229360 1593.0
1229370 1593.0
1229380 1593.3
1229390 1593.5
1229400 1593.5
1229410 1594.2
1229420 1595.2
1229430 1595.5
1229440 1595.5
1229450 1597.4
1229460 1596.4
1229470 1596.4
1229480 1596.4
1229490 1597.2
1229500 1597.2
1229510 1597.8
1229520 1597.5
1229530 1597.5
1229540 1596.6
1229550 1595.1
1229560 1595.1
1229570 1593.7
1229580 1592.0
1229590 1592.0
1229600 1590.0
1229610 1587.7
1229620 1587.7
1229630 1584.7
1229640 1582.9
1229650 1582.9
1229660 1580.7
1229670 1577.3
1229680 1577.3
1229690 1573.6
1229700 1569.4
1229710 1569.4
1229720 1564.5
1229730 1560.7
1229740 1563.1
1229750 1563.1
1229760 1565.6
1229770 1565.1
1229780 1565.1
1229790 1564.0
1229800 1562.7
1229810 1562.7
1229820 1561.4
1229830 1562.0
1229840 1562.0
1229850 1562.3
1229860 1562.1
1229870 1562.1
1229880 1561.3
1229890 1559.8
1229900 1559.8
1229910 1558.6
1229920 1559.0
1229930 1559.0
1229940 1560.7
1229950 1563.5
1229960 1563.5
1229970 1564.1
1229980 1563.2
1229990 1563.2
1230000 1561.3
1230010 1558.3
1230020 1555.6
1230030 1555.6
1230040 1553.7
1230050 1551.9
1230060 1551.9
1230070 1549.1
1230080 1546.0
1230090 1546.0
1230100 1542.7
1230110 1539.2
1230120 1539.2
1230130 1536.0
1230140 1532.8
1230150 1532.8
1230160 1530.5
1230170 1529.0
1230180 1529.0
1230190 1528.3
1230200 1528.1
1230210 1528.1
1230220 1527.7
1230230 1526.1
1230240 1526.1
1230250 1525.8
1230260 1526.8
1230270 1526.8
1230280 1526.6
1230290 1526.4
1230300 1526.7
1230310 1526.7
1230320 1527.1
1230330 1526.8
1230340 1526.8
1230350 1526.5
1230360 1526.4
1230370 1526.4
1230380 1525.8
1230390 1523.1
1230400 1523.1
1230410 1524.2
1230420 1525.5
1230430 1525.5
1230440 1524.9
1230450 1529.8
1230460 1529.8
1230470 1530.1
1230480 1529.5
1230490 1529.5
1230500 1529.2
1230510 1528.8
1230520 1528.8
1230530 1528.9
1230540 1529.2
1230550 1529.2
1230560 1529.1
1230570 1529.2
1230580 1529.2
1230590 1529.1
1230600 1528.8
1230610 1527.8
1230620 1527.8
1230630 1526.5
1230640 1525.4
1230650 1525.4
1230660 1523.1
1230670 1520.8
1230680 1520.8
1230690 1518.1
1230700 1516.0
1230710 1516.0
1230720 1514.9
1230730 1514.7
1230740 1514.7
1230750 1515.8
1230760 1517.1
1230770 1517.1
1230780 1517.6
1230790 1517.3
1230800 1517.3
1230810 1514.0
1230820 1510.3
1230830 1510.3
1230840 1506.9
1230850 1501.1
1230860 1501.1
1230870 1493.7
1230880 1497.7
1230890 1497.1
1230900 1497.1
1230910 1496.5
1230920 1496.3
1230930 1496.3
1230940 1495.8
1230950 1495.4
1230960 1506.0
1230970 1503.9
1230980 1502.0
1230990 1502.0
1231000 1500.9
1231010 1501.7
1231020 1501.7
1231030 1502.3
1231040 1501.4
1231050 1501.4
1231060 1499.8
1231070 1498.4
1231080 1498.4
1231090 1497.2
1231100 1492.2
1231110 1492.2
1231120 1484.9
1231130 1477.0
1231140 1477.0
1231150 1469.4
1231160 1464.0
1231170 1464.0
1231180 1459.7
1231190 1454.5
1231200 1450.3
1231210 1450.3
1231220 1460.1
1231230 1468.2
1231240 1468.2
1231250 1471.4
1231260 1474.3
1231270 1474.3
1231280 1477.9
1231290 1481.3
1231300 1481.3
1231310 1483.1
1231320 1484.7
1231330 1484.7
1231340 1485.3
1231350 1485.0
1231360 1485.0
1231370 1484.9
1231380 1485.0
1231390 1485.0
1231400 1485.2
1231410 1485.3
1231420 1485.3
1231430 1485.8
1231440 1486.1
1231450 1486.1
1231460 1488.9
1231470 1488.1
1231480 1488.0
1231490 1488.0
1231500 1485.1
1231510 1481.4
1231520 1481.4
1231530 1480.6
1231540 1479.9
1231550 1479.9
1231560 1477.3
1231570 1476.6
1231580 1476.6
1231590 1477.7
1231600 1478.1
1231610 1478.1
1231620 1477.6
1231630 1477.1
1231640 1477.1
1231650 1476.9
1231660 1476.0
1231670 1476.0
1231680 1474.3
1231690 1470.7
1231700 1470.7
1231710 1464.7
1231720 1459.6
1231730 1459.6
1231740 1457.0
1231750 1455.9
1231760 1455.2
1231770 1455.2
1231780 1453.2
1231790 1447.7
1231800 1447.7
1231810 1446.2
1231820 1452.4
1231830 1452.4
1231840 1453.5
1231850 1452.9
1231860 1452.9
1231870 1452.7
1231880 1452.7
1231890 1452.7
1231900 1452.0
1231910 1450.9
1231920 1450.9
1231930 1449.5
1231940 1448.6
1231950 1448.6
1231960 1452.8
1231970 1451.7
1231980 1451.7
1231990 1450.4
1232000 1448.8
1232010 1448.8
1232020 1447.0
1232030 1444.1
1232040 1444.1
1232050 1440.0
1232060 1437.1
1232070 1436.9
1232080 1436.9
1232090 1436.6
1232100 1436.8
1232110 1436.8
1232120 1437.0
1232130 1436.8
1232140 1436.8
1232150 1435.8
1232160 1435.1
1232170 1435.1
1232180 1434.4
1232190 1434.8
1232200 1434.8
1232210 1435.5
1232220 1434.7
1232230 1434.7
1232240 1433.5
1232250 1431.4
1232260 1431.4
1232270 1430.0
1232280 1434.2
1232290 1434.2
1232300 1434.5
1232310 1434.8
1232320 1434.8
1232330 1434.3
1232340 1433.0
1232350 1431.6
1232360 1431.6
1232370 1430.1
1232380 1428.3
1232390 1428.3
1232400 1426.4
1232410 1424.3
1232420 1424.3
1232430 1421.9
1232440 1419.6
1232450 1419.6
1232460 1418.1
1232470 1421.3
1232480 1421.3
1232490 1416.5
1232500 1419.6
1232510 1419.6
1232520 1422.3
1232530 1420.4
1232540 1420.4
1232550 1417.4
1232560 1414.4
1232570 1414.4
1232580 1411.7
1232590 1410.0
1232600 1410.0
1232610 1408.9
1232620 1408.3
1232630 1408.3
1232640 1408.0
1232650 1407.2
1232660 1406.7
1232670 1406.7
1232680 1406.4
1232690 1405.6
1232700 1405.6
1232710 1404.6
1232720 1402.7
1232730 1402.7
1232740 1399.8
1232750 1397.2
1232760 1397.2
1232770 1394.8
1232780 1391.9
1232790 1391.9
1232800 1387.8
1232810 1384.7
1232820 1384.7
1232830 1381.8
1232840 1379.6
1232850 1379.6
1232860 1377.0
1232870 1373.2
1232880 1373.2
1232890 1367.9
1232900 1363.3
1232910 1363.3
1232920 1356.3
1232930 1349.6
1232940 1343.7
1232950 1343.7
1232960 1342.4
1232970 1345.7
1232980 1353.4
1232990 1356.6
1233000 1358.1
1233010 1358.1
1233020 1356.6
1233030 1353.4
1233040 1353.4
1233050 1347.9
1233060 1342.7
1233070 1342.7
1233080 1336.2
1233090 1333.3
1233100 1333.3
1233110 1336.1
1233120 1338.9
1233130 1338.9
1233140 1341.0
1233150 1341.8
1233160 1341.8
1233170 1343.2
1233180 1346.7
1233190 1346.7
1233200 1349.9
1233210 1354.3
1233220 1354.3
1233230 1356.4
1233240 1356.8
1233250 1356.0
1233260 1356.0
1233270 1354.7
1233280 1350.1
1233290 1350.1
1233300 1346.5
1233310 1344.5
1233320 1344.5
1233330 1346.0
1233340 1348.1
1233350 1348.1
1233360 1349.3
1233370 1350.3
1233380 1350.3
1233390 1352.0
1233400 1353.8
1233410 1353.8
1233420 1354.8
1233430 1355.0
1233440 1355.0
1233450 1355.5
1233460 1355.1
1233470 1355.1
1233480 1358.7
1233490 1358.2
1233500 1358.2
1233510 1357.6
1233520 1355.9
1233530 1352.5
1233540 1352.5
1233550 1351.1
1233560 1351.7
1233570 1351.7
1233580 1351.8
1233590 1349.9
1233600 1349.9
1233610 1345.8
1233620 1345.3
1233630 1345.3
1233640 1347.0
1233650 1347.3
1233660 1347.3
1233670 1346.1
1233680 1345.8
1233690 1345.8
1233700 1345.3
1233710 1344.6
1233720 1344.6
1233730 1343.8
1233740 1342.2
1233750 1342.2
1233760 1340.1
1233770 1338.1
1233780 1338.1
1233790 1334.8
1233800 1330.3
1233810 1329.7
1233820 1329.7
1233830 1329.2
1233840 1326.7
1233850 1326.7
1233860 1322.5
1233870 1317.6
1233880 1317.6
1233890 1313.8
1233900 1312.5
1233910 1312.5
1233920 1309.5
1233930 1307.7
1233940 1307.7
1233950 1310.3
1233960 1303.8
1233970 1303.8
1233980 1292.3
1233990 1292.5
1234000 1292.5
1234010 1289.5
1234020 1281.0
1234030 1281.0
1234040 1281.3
1234050 1289.1
1234060 1289.1
1234070 1298.7
1234080 1309.6
1234090 1309.6
1234100 1320.6
1234110 1326.2
1234120 1327.9
1234130 1327.9
1234140 1327.5
1234150 1326.5
1234160 1326.5
1234170 1325.7
1234180 1324.8
1234190 1324.8
1234200 1323.9
1234210 1322.8
1234220 1322.8
1234230 1321.7
1234240 1320.4
1234250 1320.4
1234260 1319.1
1234270 1317.4
1234280 1317.4
1234290 1313.6
1234300 1312.0
1234310 1312.0
1234320 1312.0
1234330 1312.6
1234340 1312.6
1234350 1313.6
1234360 1314.8
1234370 1314.8
1234380 1315.5
1234390 1314.0
1234400 1308.3
1234410 1308.3
1234420 1302.0
1234430 1297.7
1234440 1297.7
1234450 1297.1
1234460 1300.1
1234470 1300.1
1234480 1304.0
1234490 1306.3
1234500 1309.6
1234510 1310.4
1234520 1310.2
1234530 1310.2
1234540 1309.9
1234550 1310.0
1234560 1310.0
1234570 1308.2
1234580 1304.1
1234590 1304.1
1234600 1300.7
1234610 1295.6
1234620 1295.6
1234630 1289.7
1234640 1289.1
1234650 1289.1
1234660 1291.7
1234670 1296.1
1234680 1296.1
1234690 1300.8
1234700 1305.4
1234710 1306.0
1234720 1306.0
1234730 1299.6
1234740 1292.8
1234750 1292.8
1234760 1286.5
1234770 1282.1
1234780 1282.1
1234790 1275.9
1234800 1272.9
1234810 1272.9
1234820 1275.2
1234830 1279.0
1234840 1279.0
1234850 1282.8
1234860 1285.7
1234870 1285.7
1234880 1287.1
1234890 1284.9
1234900 1284.9
1234910 1281.0
1234920 1283.4
1234930 1283.4
1234940 1286.5
1234950 1291.0
1234960 1291.0
1234970 1294.7
1234980 1293.6
1234990 1289.3
1235000 1289.3
1235010 1288.4
1235020 1287.6
1235030 1287.6
1235040 1286.9
1235050 1284.3
1235060 1284.3
1235070 1278.1
1235080 1273.1
1235090 1273.1
1235100 1274.1
1235110 1277.0
1235120 1277.0
1235130 1280.2
1235140 1282.6
1235150 1282.6
1235160 1284.0
1235170 1284.8
1235180 1284.8
1235190 1285.4
1235200 1285.6
1235210 1285.6
1235220 1284.7
1235230 1283.4
1235240 1283.4
1235250 1281.4
1235260 1277.2
1235270 1272.6
1235280 1272.6
1235290 1268.5
1235300 1264.1
1235310 1264.1
1235320 1268.6
1235330 1274.1
1235340 1274.1
1235350 1278.2
1235360 1281.8
1235370 1281.8
1235380 1283.9
1235390 1283.0
1235400 1283.0
1235410 1281.4
1235420 1281.8
1235430 1281.8
1235440 1282.2
1235450 1281.4
1235460 1281.4
1235470 1279.2
1235480 1276.4
1235490 1276.4
1235500 1272.7
1235510 1266.2
1235520 1267.9
1235530 1261.2
1235540 1258.6
1235550 1258.6
1235560 1262.1
1235570 1267.4
1235580 1271.9
1235590 1271.9
1235600 1273.4
1235610 1273.1
1235620 1273.1
1235630 1274.6
1235640 1274.9
1235650 1274.9
1235660 1269.9
1235670 1262.2
1235680 1262.2
1235690 1253.6
1235700 1246.3
1235710 1246.3
1235720 1242.1
1235730 1241.5
1235740 1241.5
1235750 1238.6
1235760 1236.0
1235770 1236.0
1235780 1233.7
1235790 1231.5
1235800 1231.5
1235810 1231.1
1235820 1231.5
1235830 1231.5
1235840 1230.1
1235850 1230.3
1235860 1229.2
1235870 1229.2
1235880 1227.6
1235890 1226.0
1235900 1226.0
1235910 1224.3
1235920 1222.6
1235930 1222.6
1235940 1220.9
1235950 1218.9
1235960 1218.9
1235970 1217.2
1235980 1216.4
1235990 1216.4
1236000 1215.3
1236010 1216.3
1236020 1216.3
1236030 1219.4
1236040 1228.2
1236050 1228.2
1236060 1226.2
1236070 1227.1
1236080 1227.1
1236090 1233.8
1236100 1240.8
1236110 1240.8
1236120 1247.7
1236130 1252.7
1236140 1252.7
1236150 1258.6
1236160 1263.9
1236170 1268.0
1236180 1268.0
1236190 1272.9
1236200 1275.0
1236210 1275.0
1236220 1274.5
1236230 1273.9
1236240 1273.9
1236250 1273.5
1236260 1273.3
1236270 1273.3
1236280 1272.9
1236290 1272.4
1236300 1272.4
1236310 1272.0
1236320 1271.7
1236330 1271.7
1236340 1271.7
1236350 1271.4
1236360 1271.4
1236370 1271.1
1236380 1270.8
1236390 1270.8
1236400 1270.4
1236410 1269.6
1236420 1269.6
1236430 1269.0
1236440 1267.7
1236450 1265.5
1236460 1265.5
1236470 1263.9
1236480 1263.2
1236490 1263.2
1236500 1262.6
1236510 1262.1
1236520 1262.1
1236530 1261.6
1236540 1261.2
1236550 1261.6
1236560 1261.0
1236570 1260.7
1236580 1260.7
1236590 1260.2
1236600 1259.7
1236610 1259.7
1236620 1259.2
1236630 1258.7
1236640 1258.7
1236650 1258.7
1236660 1259.8
1236670 1259.8
1236680 1259.8
1236690 1259.0
1236700 1259.0
1236710 1258.5
1236720 1258.4
1236730 1258.5
1236740 1258.5
1236750 1258.7
1236760 1259.2
1236770 1259.2
1236780 1259.5
1236790 1259.3
1236800 1259.3
1236810 1259.1
1236820 1258.9
1236830 1258.9
1236840 1258.5
1236850 1255.7
1236860 1255.7
1236870 1252.5
1236880 1248.7
1236890 1248.7
1236900 1245.8
1236910 1243.6
1236920 1243.6
1236930 1241.4
1236940 1239.8
1236950 1239.8
1236960 1236.9
1236970 1231.2
1236980 1231.2
1236990 1226.4
1237000 1220.6
1237010 1220.6
1237020 1213.3
1237030 1206.1
1237040 1200.9
1237050 1200.9
1237060 1200.8
1237070 1196.7
1237080 1196.7
1237090 1193.1
1237100 1189.2
1237110 1189.2
1237120 1186.9
1237130 1186.0
1237140 1186.0
1237150 1187.4
1237160 1189.9
1237170 1189.9
1237180 1191.3
1237190 1192.2
1237200 1192.2
1237210 1192.5
1237220 1191.6
1237230 1191.6
1237240 1190.0
1237250 1189.7
1237260 1189.7
1237270 1189.2
1237280 1189.0
1237290 1189.0
1237300 1189.4
1237310 1189.2
1237320 1188.1
1237330 1188.1
1237340 1186.3
1237350 1183.7
1237360 1183.7
1237370 1182.0
1237380 1181.1
1237390 1181.1
1237400 1180.1
1237410 1179.9
1237420 1179.9
1237430 1179.5
1237440 1178.4
1237450 1178.4
1237460 1177.5
1237470 1177.1
1237480 1177.1
1237490 1176.7
1237500 1176.7
1237510 1176.7
1237520 1177.2
1237530 1176.9
1237540 1176.9
1237550 1177.3
1237560 1178.1
1237570 1178.1
1237580 1177.2
1237590 1176.9
1237600 1176.5
1237610 1176.5
1237620 1176.1
1237630 1176.0
1237640 1176.0
1237650 1176.4
1237660 1176.9
1237670 1176.9
1237680 1177.2
1237690 1177.3
1237700 1177.3
1237710 1177.0
1237720 1176.7
1237730 1176.7
1237740 1176.3
1237750 1175.9
1237760 1175.9
1237770 1175.4
1237780 1175.2
1237790 1175.2
1237800 1175.1
1237810 1175.0
1237820 1175.0
1237830 1174.3
1237840 1174.2
1237850 1174.2
1237860 1174.1
1237870 1173.9
1237880 1173.9
1237890 1174.0
1237900 1174.9
1237910 1175.5
1237920 1175.5
1237930 1174.0
1237940 1173.4
1237950 1173.4
1237960 1174.0
1237970 1174.8
1237980 1174.8
1237990 1175.2
1238000 1176.4
1238010 1176.4
1238020 1175.1
1238030 1174.9
1238040 1174.9
1238050 1174.9
1238060 1174.8
1238070 1174.8
1238080 1174.6
1238090 1174.3
1238100 1174.4
1238110 1174.1
1238120 1174.1
1238130 1174.1
1238140 1174.0
1238150 1173.5
1238160 1173.5
1238170 1173.3
1238180 1174.0
1238190 1175.4
1238200 1175.4
1238210 1175.8
1238220 1175.6
1238230 1175.6
1238240 1175.5
1238250 1175.7
1238260 1175.7
1238270 1175.4
1238280 1174.7
1238290 1174.7
1238300 1174.5
1238310 1174.4
1238320 1174.4
1238330 1173.7
1238340 1173.3
1238350 1173.3
1238360 1173.1
1238370 1172.9
1238380 1172.9
1238390 1172.7
1238400 1172.5
1238410 1172.5
1238420 1172.1
1238430 1171.9
1238440 1171.9
1238450 1171.7
1238460 1171.8
1238470 1171.8
1238480 1171.3
1238490 1171.1
1238500 1171.3
1238510 1171.3
1238520 1170.6
1238530 1170.4
1238540 1170.4
1238550 1170.2
1238560 1170.0
1238570 1170.0
1238580 1169.9
1238590 1169.7
1238600 1169.7
1238610 1169.4
1238620 1169.0
1238630 1169.0
1238640 1168.7
1238650 1168.4
1238660 1168.4
1238670 1168.2
1238680 1168.0
1238690 1168.0
1238700 1167.8
1238710 1167.7
1238720 1167.7
1238730 1167.6
1238740 1167.5
1238750 1167.5
1238760 1167.5
1238770 1167.4
1238780 1167.2
1238790 1167.2
1238800 1166.8
1238810 1165.2
1238820 1165.2
1238830 1164.8
1238840 1164.7
1238850 1164.7
1238860 1163.8
1238870 1163.2
1238880 1163.2
1238890 1162.7
1238900 1162.2
1238910 1162.2
1238920 1161.9
1238930 1161.5
1238940 1161.5
1238950 1160.8
1238960 1160.4
1238970 1160.4
1238980 1160.0
1238990 1159.8
1239000 1159.8
1239010 1159.5
1239020 1159.0
1239030 1159.0
1239040 1158.4
1239050 1157.5
1239060 1156.6
1239070 1156.6
1239080 1156.1
1239090 1156.2
1239100 1156.2
1239110 1156.7
1239120 1157.2
1239130 1158.2
1239140 1158.0
1239150 1158.0
1239160 1158.0
1239170 1158.0
1239180 1157.9
1239190 1157.9
1239200 1157.8
1239210 1157.8
1239220 1157.8
1239230 1157.7
1239240 1157.5
1239250 1157.5
1239260 1157.3
1239270 1157.3
1239280 1157.3
1239290 1157.4
1239300 1157.4
1239310 1157.4
1239320 1157.6
1239330 1158.0
1239340 1158.0
1239350 1158.0
1239360 1157.3
1239370 1156.6
1239380 1156.6
1239390 1156.7
1239400 1156.9
1239410 1156.9
1239420 1156.7
1239430 1156.3
1239440 1156.3
1239450 1156.3
1239460 1156.2
1239470 1156.2
1239480 1156.1
1239490 1156.2
1239500 1156.2
1239510 1156.0
1239520 1155.5
1239530 1155.5
1239540 1155.4
1239550 1155.5
1239560 1155.5
1239570 1156.4
1239580 1156.2
1239590 1156.2
1239600 1157.4
1239610 1157.6
1239620 1157.6
1239630 1157.6
1239640 1157.4
1239650 1156.9
1239660 1156.9
1239670 1156.6
1239680 1156.3
1239690 1156.3
1239700 1156.0
1239710 1155.8
1239720 1155.8
1239730 1155.5
1239740 1155.1
1239750 1155.1
1239760 1155.2
1239770 1155.2
1239780 1155.2
1239790 1155.0
1239800 1154.6
1239810 1154.6
1239820 1154.2
1239830 1153.9
1239840 1153.9
1239850 1154.0
1239860 1153.7
1239870 1153.7
1239880 1153.7
1239890 1153.5
1239900 1153.5
1239910 1153.4
1239920 1153.1
1239930 1153.1
1239940 1152.9
1239950 1152.7
1239960 1152.4
1239970 1152.4
1239980 1152.1
1239990 1151.8
