1220000 2017.3
1220010 2017.3
1220020 2014.3
1220030 2011.2
1220040 2011.2
1220050 2008.5
1220060 2006.4
1220070 2006.4
1220080 2004.9
1220090 2003.7
1220100 2003.7
1220110 2002.5
1220120 2001.4
1220130 2001.4
1220140 1999.4
1220150 1997.7
1220160 1997.7
1220170 1998.0
1220180 1995.7
1220190 1995.7
1220200 1994.3
1220210 1994.4
1220220 1992.2
1220230 1992.2
1220240 1988.5
1220250 1984.2
1220260 1984.2
1220270 1981.1
1220280 1977.6
1220290 1977.6
1220300 1972.5
1220310 1967.0
1220320 1967.0
1220330 1961.5
1220340 1956.4
1220350 1956.4
1220360 1952.2
1220370 1947.8
1220380 1947.8
1220390 1946.0
1220400 1949.3
1220410 1949.3
1220420 1954.6
1220430 1956.1
1220440 1956.1
1220450 1953.7
1220460 1948.6
1220470 1948.6
1220480 1942.2
1220490 1936.2
1220500 1936.2
1220510 1931.6
1220520 1929.0
1220530 1926.8
1220540 1926.8
1220550 1924.0
1220560 1922.0
1220570 1922.0
1220580 1921.1
1220590 1922.5
1220600 1922.5
1220610 1925.6
1220620 1929.0
1220630 1929.0
1220640 1931.9
1220650 1934.2
1220660 1936.2
1220670 1938.7
1220680 1941.4
1220690 1941.4
1220700 1944.4
1220710 1946.9
1220720 1946.9
1220730 1948.9
1220740 1950.4
1220750 1950.4
1220760 1951.1
1220770 1951.6
1220780 1951.6
1220790 1952.5
1220800 1953.6
1220810 1955.1
1220820 1955.1
1220830 1957.6
1220840 1961.0
1220850 1961.0
1220860 1964.7
1220870 1968.4
1220880 1968.4
1220890 1972.6
1220900 1978.3
1220910 1978.3
1220920 1983.3
1220930 1988.4
1220940 1988.4
1220950 1993.7
1220960 1999.5
1220970 1999.5
1220980 2005.4
1220990 2011.3
1221000 2011.3
1221010 2017.1
1221020 2022.4
1221030 2022.4
1221040 2027.5
1221050 2033.5
1221060 2033.5
1221070 2044.2
1221080 2068.1
1221090 2094.5
1221100 2094.5
1221110 2111.5
1221120 2115.9
1221130 2115.9
1221140 2113.8
1221150 2127.7
1221160 2127.7
1221170 2142.6
1221180 2143.2
1221190 2143.2
1221200 2140.5
1221210 2132.9
1221220 2132.9
1221230 2124.7
1221240 2114.9
1221250 2114.9
1221260 2107.2
1221270 2100.7
1221280 2100.7
1221290 2095.1
1221300 2089.1
1221310 2089.1
1221320 2085.5
1221330 2081.6
1221340 2081.6
1221350 2073.9
1221360 2066.8
1221370 2066.8
1221380 2057.9
1221390 2049.3
1221400 2041.4
1221410 2041.4
1221420 2042.6
1221430 2042.6
1221440 2042.6
1221450 2040.9
1221460 2037.3
1221470 2037.3
1221480 2033.3
1221490 2028.9
1221500 2028.9
1221510 2024.5
1221520 2019.6
1221530 2019.6
1221540 2014.3
1221550 2008.9
1221560 2008.9
1221570 2003.4
1221580 1998.0
1221590 1998.0
1221600 1993.4
1221610 1991.1
1221620 1993.3
1221630 1993.5
1221640 1994.2
1221650 1994.2
1221660 1994.6
1221670 1994.8
1221680 1995.0
1221690 1995.0
1221700 1995.7
1221710 1996.8
1221720 1996.8
1221730 1997.9
1221740 1999.0
1221750 1999.0
1221760 2000.6
1221770 2001.5
1221780 2001.5
1221790 2001.7
1221800 2001.1
1221810 2001.1
1221820 2000.1
1221830 1999.0
1221840 1999.0
1221850 1998.2
1221860 1998.4
1221870 1998.4
1221880 1999.5
1221890 2000.5
1221900 2000.5
1221910 2001.4
1221920 2002.8
1221930 2002.8
1221940 2005.1
1221950 2007.7
1221960 2007.7
1221970 2010.2
1221980 2012.5
1221990 2014.4
1222000 2014.4
1222010 2016.1
1222020 2019.0
1222030 2019.0
1222040 2021.6
1222050 2022.9
1222060 2022.9
1222070 2021.7
1222080 2018.5
1222090 2018.5
1222100 2015.7
1222110 2020.8
1222120 2020.8
1222130 2020.1
1222140 2019.9
1222150 2019.9
1222160 2020.4
1222170 2021.9
1222180 2021.9
1222190 2021.8
1222200 2018.4
1222210 2018.4
1222220 2013.2
1222230 2010.0
1222240 2010.0
1222250 2009.9
1222260 2012.7
1222270 2016.1
1222280 2016.1
1222290 2019.9
1222300 2024.2
1222310 2024.2
1222320 2029.0
1222330 2034.1
1222340 2034.1
1222350 2039.1
1222360 2044.1
1222370 2044.1
1222380 2049.1
1222390 2053.9
1222400 2053.9
1222410 2058.7
1222420 2064.0
1222430 2064.0
1222440 2069.7
1222450 2076.4
1222460 2076.4
1222470 2086.1
1222480 2096.2
1222490 2096.2
1222500 2106.4
1222510 2119.2
1222520 2119.2
1222530 2129.3
1222540 2138.8
1222550 2138.8
1222560 2149.0
1222570 2160.1
1222580 2172.1
1222590 2172.1
1222600 2182.4
1222610 2196.6
1222620 2196.6
1222630 2208.7
1222640 2217.8
1222650 2217.8
1222660 2230.9
1222670 2241.7
1222680 2241.7
1222690 2250.4
1222700 2261.1
1222710 2261.1
1222720 2269.5
1222730 2277.3
1222740 2277.3
1222750 2286.3
1222760 2295.0
1222770 2295.0
1222780 2304.4
1222790 2315.6
1222800 2315.6
1222810 2327.5
1222820 2337.1
1222830 2337.1
1222840 2347.1
1222850 2355.5
1222860 2362.7
1222870 2362.7
1222880 2369.5
1222890 2376.0
1222900 2376.0
1222910 2381.4
1222920 2386.7
1222930 2386.7
1222940 2393.5
1222950 2401.0
1222960 2401.0
1222970 2408.5
1222980 2416.9
1222990 2416.9
1223000 2425.4
1223010 2433.1
1223020 2433.1
1223030 2439.5
1223040 2443.0
1223050 2443.0
1223060 2443.2
1223070 2439.8
1223080 2429.4
1223090 2425.8
1223100 2423.2
1223110 2423.2
1223120 2418.4
1223130 2410.0
1223140 2399.6
1223150 2399.6
1223160 2392.0
1223170 2384.8
1223180 2384.8
1223190 2375.7
1223200 2371.2
1223210 2371.2
1223220 2364.7
1223230 2362.2
1223240 2362.2
1223250 2344.7
1223260 2308.4
1223270 2308.4
1223280 2284.7
1223290 2270.8
1223300 2270.8
1223310 2263.4
1223320 2256.5
1223330 2256.5
1223340 2250.6
1223350 2245.0
1223360 2245.0
1223370 2239.6
1223380 2234.3
1223390 2234.3
1223400 2229.2
1223410 2225.6
1223420 2225.6
1223430 2222.6
1223440 2219.5
1223450 2215.3
1223460 2215.3
1223470 2211.2
1223480 2207.6
1223490 2207.6
1223500 2205.0
1223510 2202.8
1223520 2202.8
1223530 2199.5
1223540 2193.1
1223550 2193.1
1223560 2182.0
1223570 2160.6
1223580 2160.6
1223590 2146.3
1223600 2138.1
1223610 2138.1
1223620 2131.7
1223630 2126.2
1223640 2126.2
1223650 2120.4
1223660 2114.2
1223670 2114.2
1223680 2107.9
1223690 2101.7
1223700 2101.7
1223710 2095.6
1223720 2089.7
1223730 2084.0
1223740 2084.0
1223750 2078.5
1223760 2073.1
1223770 2073.1
1223780 2068.4
1223790 2064.3
1223800 2064.3
1223810 2061.3
1223820 2059.5
1223830 2059.5
1223840 2057.1
1223850 2053.9
1223860 2053.9
1223870 2050.8
1223880 2048.1
1223890 2048.1
1223900 2045.1
1223910 2041.2
1223920 2041.2
1223930 2036.6
1223940 2032.3
1223950 2032.3
1223960 2027.8
1223970 2023.3
1223980 2023.3
1223990 2017.9
1224000 2012.4
1224010 2012.4
1224020 2007.0
1224030 2002.6
1224040 1998.1
1224050 1998.1
1224060 1997.4
1224070 1994.6
1224080 1994.6
1224090 1991.6
1224100 1988.4
1224110 1988.4
1224120 1987.6
1224130 1988.4
1224140 1988.4
1224150 1986.8
1224160 1979.1
1224170 1979.1
1224180 1970.9
1224190 1965.2
1224200 1965.2
1224210 1960.5
1224220 1957.5
1224230 1957.5
1224240 1955.6
1224250 1954.4
1224260 1954.4
1224270 1954.0
1224280 1953.8
1224290 1953.8
1224300 1953.2
1224310 1951.6
1224320 1949.1
1224330 1949.1
1224340 1945.9
1224350 1941.9
1224360 1941.9
1224370 1937.1
1224380 1932.9
1224390 1932.9
1224400 1930.0
1224410 1927.6
1224420 1927.6
1224430 1924.8
1224440 1921.3
1224450 1921.3
1224460 1916.6
1224470 1911.5
1224480 1911.5
1224490 1907.4
1224500 1904.6
1224510 1904.6
1224520 1902.0
1224530 1899.4
1224540 1899.4
1224550 1902.9
1224560 1899.9
1224570 1899.9
1224580 1897.7
1224590 1896.5
1224600 1895.6
1224610 1895.6
1224620 1892.3
1224630 1890.4
1224640 1890.4
1224650 1890.0
1224660 1891.1
1224670 1891.1
1224680 1894.4
1224690 1899.4
1224700 1899.4
1224710 1904.2
1224720 1907.6
1224730 1907.6
1224740 1912.0
1224750 1916.8
1224760 1916.8
1224770 1921.1
1224780 1926.0
1224790 1926.0
1224800 1928.8
1224810 1928.6
1224820 1928.6
1224830 1927.2
1224840 1928.1
1224850 1928.1
1224860 1930.6
1224870 1932.2
1224880 1932.2
1224890 1931.2
1224900 1930.2
1224910 1930.1
1224920 1930.1
1224930 1928.9
1224940 1928.2
1224950 1928.2
1224960 1929.4
1224970 1931.8
1224980 1931.8
1224990 1935.9
1225000 1941.1
1225010 1941.1
1225020 1946.6
1225030 1952.6
1225040 1957.0
1225050 1967.1
1225060 1981.9
1225070 1981.9
1225080 2002.9
1225090 2019.2
1225100 2019.2
1225110 2029.3
1225120 2039.1
1225130 2039.1
1225140 2048.2
1225150 2059.1
1225160 2059.1
1225170 2069.8
1225180 2079.4
1225190 2088.3
1225200 2088.3
1225210 2095.9
1225220 2099.1
1225230 2099.1
1225240 2103.4
1225250 2109.1
1225260 2109.1
1225270 2116.9
1225280 2124.7
1225290 2124.7
1225300 2129.6
1225310 2133.0
1225320 2133.0
1225330 2138.6
1225340 2142.0
1225350 2142.0
1225360 2144.8
1225370 2150.5
1225380 2150.5
1225390 2157.8
1225400 2165.3
1225410 2165.3
1225420 2172.4
1225430 2180.8
1225440 2180.8
1225450 2189.3
1225460 2200.3
1225470 2200.3
1225480 2209.7
1225490 2216.3
1225500 2224.9
1225510 2224.9
1225520 2233.3
1225530 2246.4
1225540 2246.4
1225550 2252.9
1225560 2259.2
1225570 2259.2
1225580 2263.8
1225590 2268.5
1225600 2268.5
1225610 2274.1
1225620 2278.7
1225630 2278.7
1225640 2283.7
1225650 2289.0
1225660 2289.0
1225670 2295.7
1225680 2301.1
1225690 2301.1
1225700 2306.9
1225710 2315.0
1225720 2315.0
1225730 2322.8
1225740 2328.6
1225750 2328.6
1225760 2335.2
1225770 2341.3
1225780 2348.0
1225790 2348.0
1225800 2357.5
1225810 2367.9
1225820 2367.9
1225830 2379.7
1225840 2395.2
1225850 2395.2
1225860 2407.2
1225870 2418.2
1225880 2418.2
1225890 2426.0
1225900 2433.0
1225910 2433.0
1225920 2441.4
1225930 2448.4
1225940 2448.4
1225950 2456.5
1225960 2462.8
1225970 2462.8
1225980 2467.5
1225990 2473.5
1226000 2473.5
1226010 2479.5
1226020 2487.4
1226030 2496.1
1226040 2503.6
1226050 2509.1
1226060 2515.4
1226070 2515.4
1226080 2524.6
1226090 2530.3
1226100 2530.3
1226110 2534.3
1226120 2536.8
1226130 2536.8
1226140 2538.1
1226150 2544.5
1226160 2544.5
1226170 2534.6
1226180 2527.4
1226190 2527.4
1226200 2527.3
1226210 2524.2
1226220 2524.2
1226230 2524.6
1226240 2519.1
1226250 2519.1
1226260 2512.9
1226270 2507.8
1226280 2507.8
1226290 2510.6
1226300 2507.6
1226310 2507.6
1226320 2506.0
1226330 2508.7
1226340 2508.7
1226350 2509.1
1226360 2510.1
1226370 2511.4
1226380 2511.4
1226390 2517.8
1226400 2515.8
1226410 2515.8
1226420 2516.4
1226430 2517.7
1226440 2517.7
1226450 2512.9
1226460 2510.6
1226470 2510.6
1226480 2508.7
1226490 2510.8
1226500 2510.8
1226510 2513.5
1226520 2523.7
1226530 2523.7
1226540 2515.6
1226550 2505.5
1226560 2505.5
1226570 2496.1
1226580 2487.6
1226590 2487.6
1226600 2477.8
1226610 2467.5
1226620 2467.5
1226630 2458.4
1226640 2448.2
1226650 2437.7
1226660 2437.7
1226670 2428.7
1226680 2416.1
1226690 2416.1
1226700 2403.4
1226710 2389.3
1226720 2389.3
1226730 2374.9
1226740 2361.4
1226750 2361.4
1226760 2346.4
1226770 2331.3
1226780 2331.3
1226790 2315.1
1226800 2301.3
1226810 2301.3
1226820 2289.1
1226830 2276.6
1226840 2276.6
1226850 2264.9
1226860 2254.0
1226870 2254.0
1226880 2243.9
1226890 2232.1
1226900 2232.1
1226910 2221.2
1226920 2210.9
1226930 2210.9
1226940 2200.3
1226950 2189.7
1226960 2178.7
1226970 2178.7
1226980 2168.2
1226990 2157.5
1227000 2157.5
1227010 2156.6
1227020 2150.3
1227030 2150.3
1227040 2143.1
1227050 2137.1
1227060 2137.1
1227070 2130.8
1227080 2126.0
1227090 2126.0
1227100 2120.0
1227110 2113.0
1227120 2113.0
1227130 2108.1
1227140 2102.2
1227150 2102.2
1227160 2095.9
1227170 2090.8
1227180 2090.8
1227190 2086.3
1227200 2082.2
1227210 2082.2
1227220 2078.4
1227230 2074.8
1227240 2071.7
1227250 2071.7
1227260 2068.3
1227270 2064.2
1227280 2064.2
1227290 2060.0
1227300 2061.1
1227310 2061.1
1227320 2061.2
1227330 2061.0
1227340 2061.0
1227350 2064.6
1227360 2069.3
1227370 2069.3
1227380 2072.2
1227390 2073.2
1227400 2073.2
1227410 2073.1
1227420 2073.3
1227430 2073.3
1227440 2071.4
1227450 2064.7
1227460 2064.7
1227470 2057.5
1227480 2051.2
1227490 2051.2
1227500 2044.4
1227510 2042.4
1227520 2034.6
1227530 2034.6
1227540 2027.9
1227550 2021.1
1227560 2021.1
1227570 2013.9
1227580 2006.5
1227590 2006.5
1227600 2000.7
1227610 1995.9
1227620 1995.9
1227630 1992.0
1227640 1987.4
1227650 1987.4
1227660 1982.6
1227670 1978.3
1227680 1978.3
1227690 1974.1
1227700 1969.2
1227710 1969.2
1227720 1966.1
1227730 1960.5
1227740 1960.5
1227750 1948.7
1227760 1927.9
1227770 1927.9
1227780 1918.1
1227790 1903.8
1227800 1903.8
1227810 1895.8
1227820 1889.5
1227830 1883.3
1227840 1883.3
1227850 1877.7
1227860 1872.2
1227870 1872.2
1227880 1866.2
1227890 1861.5
1227900 1861.5
1227910 1857.3
1227920 1852.9
1227930 1852.9
1227940 1848.7
1227950 1844.7
1227960 1844.7
1227970 1840.6
1227980 1836.3
1227990 1836.3
1228000 1831.4
1228010 1832.0
1228020 1832.0
1228030 1830.4
1228040 1827.8
1228050 1827.8
1228060 1823.0
1228070 1818.4
1228080 1818.4
1228090 1811.8
1228100 1803.5
1228110 1795.4
1228120 1795.4
1228130 1786.5
1228140 1779.8
1228150 1779.8
1228160 1774.1
1228170 1769.1
1228180 1769.1
1228190 1764.5
1228200 1759.4
1228210 1759.4
1228220 1752.9
1228230 1750.2
1228240 1750.2
1228250 1750.3
1228260 1748.7
1228270 1748.7
1228280 1746.2
1228290 1744.3
1228300 1744.3
1228310 1742.7
1228320 1740.6
1228330 1740.6
1228340 1739.5
1228350 1739.1
1228360 1739.1
1228370 1737.6
1228380 1735.1
1228390 1735.1
1228400 1732.3
1228410 1728.2
1228420 1724.4
1228430 1724.4
1228440 1721.9
1228450 1719.2
1228460 1719.2
1228470 1715.7
1228480 1713.1
1228490 1713.1
1228500 1718.4
1228510 1717.9
1228520 1717.9
1228530 1716.9
1228540 1717.5
1228550 1717.5
1228560 1720.8
1228570 1722.9
1228580 1722.9
1228590 1725.1
1228600 1726.8
1228610 1726.8
1228620 1730.0
1228630 1731.5
1228640 1731.5
1228650 1730.4
1228660 1729.0
1228670 1729.0
1228680 1731.1
1228690 1732.1
1228700 1731.3
1228710 1731.3
1228720 1731.0
1228730 1730.6
1228740 1730.6
1228750 1730.5
1228760 1730.7
1228770 1730.7
1228780 1731.5
1228790 1731.3
1228800 1731.3
1228810 1733.4
1228820 1731.4
1228830 1731.4
1228840 1729.6
1228850 1727.9
1228860 1727.9
1228870 1727.4
1228880 1728.4
1228890 1728.4
1228900 1728.7
1228910 1727.6
1228920 1727.6
1228930 1725.9
1228940 1723.3
1228950 1723.3
1228960 1720.4
1228970 1718.2
1228980 1718.2
1228990 1715.3
1229000 1717.4
1229010 1714.0
1229020 1714.0
1229030 1711.9
1229040 1711.5
1229050 1711.5
1229060 1710.1
1229070 1706.9
1229080 1706.9
1229090 1702.5
1229100 1696.6
1229110 1696.6
1229120 1691.3
1229130 1685.9
1229140 1685.9
1229150 1682.2
1229160 1678.6
1229170 1678.6
1229180 1675.4
1229190 1675.0
1229200 1675.0
1229210 1674.1
1229220 1674.7
1229230 1674.7
1229240 1673.0
1229250 1672.6
1229260 1672.6
1229270 1671.9
1229280 1672.3
1229290 1672.7
1229300 1672.7
1229310 1671.5
1229320 1670.8
1229330 1670.8
1229340 1671.6
1229350 1672.2
1229360 1672.2
1229370 1672.2
1229380 1671.4
1229390 1671.4
1229400 1671.4
1229410 1674.3
1229420 1674.3
1229430 1676.7
1229440 1677.3
1229450 1677.3
1229460 1677.1
1229470 1676.1
1229480 1676.1
1229490 1674.0
1229500 1674.6
1229510 1674.6
1229520 1671.9
1229530 1669.9
1229540 1669.9
1229550 1668.1
1229560 1665.1
1229570 1661.8
1229580 1661.8
1229590 1658.1
1229600 1656.6
1229610 1656.6
1229620 1655.5
1229630 1653.1
1229640 1653.1
1229650 1650.8
1229660 1648.8
1229670 1648.8
1229680 1648.1
1229690 1646.9
1229700 1646.9
1229710 1646.7
1229720 1648.4
1229730 1648.4
1229740 1648.6
1229750 1649.2
1229760 1649.2
1229770 1650.4
1229780 1649.9
1229790 1649.9
1229800 1648.9
1229810 1648.3
1229820 1648.3
1229830 1646.9
1229840 1645.9
1229850 1645.9
1229860 1644.8
1229870 1644.5
1229880 1643.1
1229890 1643.1
1229900 1641.7
1229910 1640.3
1229920 1640.3
1229930 1639.2
1229940 1637.8
1229950 1637.8
1229960 1637.0
1229970 1635.7
1229980 1635.7
1229990 1636.4
1230000 1641.3
1230010 1641.3
1230020 1639.4
1230030 1636.8
1230040 1636.8
1230050 1635.1
1230060 1631.9
1230070 1631.9
1230080 1630.0
1230090 1628.1
1230100 1628.1
1230110 1626.3
1230120 1622.9
1230130 1622.9
1230140 1617.9
1230150 1613.2
1230160 1609.7
1230170 1609.7
1230180 1606.4
1230190 1602.7
1230200 1602.7
1230210 1599.7
1230220 1600.0
1230230 1600.0
1230240 1599.7
1230250 1600.6
1230260 1600.6
1230270 1600.1
1230280 1599.7
1230290 1599.7
1230300 1599.8
1230310 1599.2
1230320 1599.2
1230330 1598.0
1230340 1598.5
1230350 1598.5
1230360 1597.9
1230370 1594.0
1230380 1594.0
1230390 1593.6
1230400 1594.4
1230410 1594.4
1230420 1593.8
1230430 1594.8
1230440 1594.5
1230450 1594.5
1230460 1593.5
1230470 1593.6
1230480 1593.6
1230490 1595.3
1230500 1599.7
1230510 1599.7
1230520 1599.6
1230530 1600.2
1230540 1600.2
1230550 1601.0
1230560 1600.7
1230570 1600.7
1230580 1601.3
1230590 1601.5
1230600 1601.5
1230610 1601.4
1230620 1601.4
1230630 1601.4
1230640 1601.2
1230650 1601.0
1230660 1601.0
1230670 1599.1
1230680 1591.1
1230690 1591.1
1230700 1581.1
1230710 1572.9
1230720 1572.9
1230730 1570.4
1230740 1572.8
1230750 1574.6
1230760 1574.6
1230770 1577.6
1230780 1577.0
1230790 1577.0
1230800 1577.7
1230810 1583.4
1230820 1583.4
1230830 1588.3
1230840 1589.9
1230850 1589.9
1230860 1589.7
1230870 1588.0
1230880 1588.0
1230890 1586.2
1230900 1583.8
1230910 1583.8
1230920 1580.9
1230930 1579.4
1230940 1579.4
1230950 1578.8
1230960 1578.6
1230970 1578.6
1230980 1580.3
1230990 1582.7
1231000 1582.7
1231010 1590.4
1231020 1593.1
1231030 1595.9
1231040 1595.9
1231050 1597.6
1231060 1598.2
1231070 1598.2
1231080 1599.4
1231090 1599.6
1231100 1599.6
1231110 1599.2
1231120 1598.2
1231130 1598.2
1231140 1595.4
1231150 1593.6
1231160 1593.6
1231170 1593.0
1231180 1589.0
1231190 1589.0
1231200 1582.6
1231210 1573.6
1231220 1573.6
1231230 1569.1
1231240 1573.0
1231250 1573.0
1231260 1575.5
1231270 1578.4
1231280 1578.4
1231290 1579.5
1231300 1579.3
1231310 1579.3
1231320 1577.7
1231330 1576.2
1231340 1577.3
1231350 1577.3
1231360 1579.1
1231370 1579.8
1231380 1579.8
1231390 1579.7
1231400 1577.7
1231410 1577.7
1231420 1573.8
1231430 1569.9
1231440 1569.9
1231450 1567.7
1231460 1566.0
1231470 1566.0
1231480 1565.2
1231490 1564.8
1231500 1564.8
1231510 1570.5
1231520 1570.2
1231530 1570.2
1231540 1569.3
1231550 1568.6
1231560 1568.6
1231570 1566.6
1231580 1566.0
1231590 1566.0
1231600 1566.8
1231610 1566.3
1231620 1566.1
1231630 1566.1
1231640 1565.7
1231650 1564.4
1231660 1564.4
1231670 1562.3
1231680 1559.8
1231690 1559.8
1231700 1557.9
1231710 1557.3
1231720 1557.3
1231730 1557.0
1231740 1552.0
1231750 1552.0
1231760 1543.2
1231770 1540.6
1231780 1540.6
1231790 1547.4
1231800 1551.4
1231810 1551.4
1231820 1551.9
1231830 1551.9
1231840 1551.9
1231850 1553.5
1231860 1555.8
1231870 1555.8
1231880 1556.2
1231890 1556.4
1231900 1555.3
1231910 1555.3
1231920 1553.8
1231930 1552.5
1231940 1552.5
1231950 1550.9
1231960 1549.0
1231970 1549.0
1231980 1546.3
1231990 1543.1
1232000 1543.1
1232010 1539.9
1232020 1545.3
1232030 1545.3
1232040 1543.6
1232050 1540.1
1232060 1540.1
1232070 1536.9
1232080 1535.8
1232090 1535.8
1232100 1534.9
1232110 1535.4
1232120 1535.4
1232130 1536.2
1232140 1537.3
1232150 1537.3
1232160 1537.9
1232170 1538.0
1232180 1538.0
1232190 1538.0
1232200 1538.3
1232210 1538.7
1232220 1538.7
1232230 1538.4
1232240 1537.7
1232250 1537.7
1232260 1537.2
1232270 1539.1
1232280 1539.1
1232290 1543.4
1232300 1547.0
1232310 1547.0
1232320 1550.0
1232330 1550.8
1232340 1550.8
1232350 1549.4
1232360 1546.9
1232370 1546.9
1232380 1543.0
1232390 1537.6
1232400 1537.6
1232410 1532.6
1232420 1527.6
1232430 1527.6
1232440 1521.1
1232450 1515.2
1232460 1515.2
1232470 1511.4
1232480 1508.5
1232490 1503.2
1232500 1503.2
1232510 1496.9
1232520 1506.5
1232530 1506.5
1232540 1511.8
1232550 1512.1
1232560 1512.1
1232570 1511.8
1232580 1511.7
1232590 1511.7
1232600 1511.6
1232610 1511.6
1232620 1511.6
1232630 1511.8
1232640 1510.9
1232650 1510.9
1232660 1510.2
1232670 1509.3
1232680 1509.3
1232690 1508.7
1232700 1508.0
1232710 1508.0
1232720 1504.7
1232730 1501.4
1232740 1501.4
1232750 1497.3
1232760 1492.7
1232770 1492.7
1232780 1488.4
1232790 1484.8
1232800 1481.4
1232810 1481.4
1232820 1478.1
1232830 1475.1
1232840 1475.1
1232850 1472.0
1232860 1468.3
1232870 1468.3
1232880 1463.4
1232890 1456.5
1232900 1456.5
1232910 1449.1
1232920 1443.5
1232930 1443.5
1232940 1438.4
1232950 1433.8
1232960 1433.8
1232970 1429.5
1232980 1424.9
1232990 1424.9
1233000 1420.6
1233010 1417.4
1233020 1417.4
1233030 1419.2
1233040 1415.7
1233050 1415.7
1233060 1408.5
1233070 1400.5
1233080 1406.5
1233090 1406.5
1233100 1408.5
1233110 1411.2
1233120 1411.2
1233130 1412.5
1233140 1412.9
1233150 1412.9
1233160 1413.4
1233170 1414.5
1233180 1414.5
1233190 1415.7
1233200 1418.8
1233210 1418.8
1233220 1422.2
1233230 1425.5
1233240 1425.5
1233250 1428.2
1233260 1430.1
1233270 1430.1
1233280 1431.0
1233290 1431.6
1233300 1431.6
1233310 1431.7
1233320 1432.3
1233330 1432.3
1233340 1432.6
1233350 1432.3
1233360 1431.5
1233370 1431.5
1233380 1431.1
1233390 1430.6
1233400 1430.6
1233410 1429.8
1233420 1428.8
1233430 1428.8
1233440 1428.0
1233450 1427.5
1233460 1427.5
1233470 1426.6
1233480 1425.2
1233490 1425.2
1233500 1423.4
1233510 1421.6
1233520 1421.6
1233530 1425.5
1233540 1424.6
1233550 1424.6
1233560 1423.9
1233570 1423.3
1233580 1423.3
1233590 1422.5
1233600 1421.8
1233610 1421.8
1233620 1420.8
1233630 1419.2
1233640 1419.2
1233650 1418.0
1233660 1416.3
1233670 1414.4
1233680 1414.4
1233690 1412.1
1233700 1409.6
1233710 1409.6
1233720 1407.7
1233730 1405.8
1233740 1405.8
1233750 1404.9
1233760 1403.8
1233770 1403.8
1233780 1401.5
1233790 1399.0
1233800 1399.0
1233810 1397.6
1233820 1396.4
1233830 1396.4
1233840 1395.1
1233850 1393.0
1233860 1393.0
1233870 1391.5
1233880 1390.6
1233890 1390.6
1233900 1388.9
1233910 1384.6
1233920 1384.6
1233930 1381.2
1233940 1375.5
1233950 1368.2
1233960 1368.2
1233970 1361.2
1233980 1364.3
1233990 1364.3
1234000 1366.3
1234010 1368.1
1234020 1368.1
1234030 1369.5
1234040 1375.0
1234050 1375.0
1234060 1373.9
1234070 1373.7
1234080 1373.7
1234090 1372.2
1234100 1372.0
1234110 1372.0
1234120 1374.8
1234130 1377.2
1234140 1377.2
1234150 1377.1
1234160 1375.8
1234170 1375.8
1234180 1374.3
1234190 1373.1
1234200 1373.1
1234210 1372.1
1234220 1370.8
1234230 1370.8
1234240 1370.7
1234250 1370.3
1234260 1369.4
1234270 1369.4
1234280 1367.0
1234290 1362.1
1234300 1362.1
1234310 1358.7
1234320 1358.8
1234330 1358.8
1234340 1359.9
1234350 1358.9
1234360 1358.9
1234370 1354.8
1234380 1351.7
1234390 1351.7
1234400 1352.4
1234410 1355.2
1234420 1355.2
1234430 1357.6
1234440 1357.8
1234450 1357.8
1234460 1356.6
1234470 1355.6
1234480 1355.6
1234490 1354.4
1234500 1353.0
1234510 1353.0
1234520 1350.3
1234530 1344.9
1234540 1339.1
1234550 1340.7
1234560 1339.5
1234570 1338.3
1234580 1338.3
1234590 1337.1
1234600 1335.4
1234610 1335.4
1234620 1335.1
1234630 1338.4
1234640 1338.4
1234650 1339.9
1234660 1336.0
1234670 1336.0
1234680 1332.5
1234690 1327.6
1234700 1327.6
1234710 1323.2
1234720 1320.0
1234730 1320.0
1234740 1317.3
1234750 1316.8
1234760 1316.8
1234770 1318.3
1234780 1319.4
1234790 1319.4
1234800 1321.9
1234810 1325.7
1234820 1328.6
1234830 1328.6
1234840 1325.6
1234850 1323.1
1234860 1323.1
1234870 1324.9
1234880 1327.5
1234890 1327.5
1234900 1331.1
1234910 1332.3
1234920 1332.3
1234930 1331.2
1234940 1329.2
1234950 1329.2
1234960 1323.8
1234970 1317.7
1234980 1317.7
1234990 1315.2
1235000 1316.6
1235010 1316.6
1235020 1319.2
1235030 1321.3
1235040 1321.3
1235050 1321.0
1235060 1320.5
1235070 1320.5
1235080 1316.4
1235090 1316.4
1235100 1316.4
1235110 1318.6
1235120 1321.3
1235130 1323.6
1235140 1323.6
1235150 1326.3
1235160 1328.5
1235170 1328.5
1235180 1328.6
1235190 1328.6
1235200 1328.6
1235210 1327.8
1235220 1323.1
1235230 1323.1
1235240 1317.1
1235250 1312.9
1235260 1312.9
1235270 1310.9
1235280 1310.0
1235290 1310.0
1235300 1309.9
1235310 1310.2
1235320 1310.2
1235330 1310.8
1235340 1312.6
1235350 1312.6
1235360 1315.3
1235370 1317.6
1235380 1317.6
1235390 1319.3
1235400 1320.9
1235410 1320.0
1235420 1320.0
1235430 1314.7
1235440 1309.4
1235450 1309.4
1235460 1306.8
1235470 1304.6
1235480 1304.6
1235490 1301.5
1235500 1300.3
1235510 1300.3
1235520 1300.2
1235530 1300.8
1235540 1300.8
1235550 1301.9
1235560 1302.7
1235570 1304.6
1235580 1304.6
1235590 1305.6
1235600 1305.6
1235610 1306.6
1235620 1308.3
1235630 1308.3
1235640 1308.8
1235650 1307.4
1235660 1307.4
1235670 1306.0
1235680 1307.7
1235690 1307.7
1235700 1309.1
1235710 1308.7
1235720 1307.6
1235730 1307.6
1235740 1303.1
1235750 1297.1
1235760 1297.1
1235770 1292.5
1235780 1291.8
1235790 1291.8
1235800 1290.9
1235810 1290.3
1235820 1290.3
1235830 1290.9
1235840 1290.1
1235850 1290.1
1235860 1288.2
1235870 1286.8
1235880 1286.8
1235890 1286.1
1235900 1285.4
1235910 1285.4
1235920 1286.2
1235930 1289.8
1235940 1289.8
1235950 1294.0
1235960 1296.1
1235970 1296.1
1235980 1296.5
1235990 1295.6
1236000 1293.7
1236010 1293.7
1236020 1291.9
1236030 1290.9
1236040 1290.9
1236050 1290.6
1236060 1290.5
1236070 1290.5
1236080 1290.0
1236090 1289.7
1236100 1289.7
1236110 1289.1
1236120 1288.7
1236130 1288.7
1236140 1288.2
1236150 1287.5
1236160 1287.5
1236170 1286.9
1236180 1286.4
1236190 1286.4
1236200 1286.2
1236210 1285.8
1236220 1285.8
1236230 1285.2
1236240 1284.5
1236250 1284.5
1236260 1284.1
1236270 1284.0
1236280 1284.7
1236290 1284.7
1236300 1284.4
1236310 1282.0
1236320 1282.0
1236330 1280.1
1236340 1279.9
1236350 1279.9
1236360 1279.7
1236370 1279.1
1236380 1279.1
1236390 1278.1
1236400 1278.1
1236410 1278.1
1236420 1278.3
1236430 1277.4
1236440 1277.4
1236450 1274.9
1236460 1271.7
1236470 1271.7
1236480 1269.0
1236490 1267.1
1236500 1267.1
1236510 1266.0
1236520 1265.5
1236530 1265.5
1236540 1264.9
1236550 1264.5
1236560 1264.5
1236570 1265.9
1236580 1266.8
1236590 1265.3
1236600 1266.8
1236610 1265.9
1236620 1264.5
1236630 1264.5
1236640 1262.1
1236650 1260.4
1236660 1260.4
1236670 1259.9
1236680 1259.6
1236690 1259.6
1236700 1258.5
1236710 1256.1
1236720 1256.1
1236730 1253.7
1236740 1252.7
1236750 1252.7
1236760 1252.4
1236770 1252.1
1236780 1252.1
1236790 1251.6
1236800 1251.1
1236810 1251.1
1236820 1250.6
1236830 1250.1
1236840 1250.1
1236850 1249.9
1236860 1251.1
1236870 1252.4
1236880 1252.4
1236890 1253.7
1236900 1254.9
1236910 1254.9
1236920 1255.1
1236930 1255.3
1236940 1255.3
1236950 1255.7
1236960 1255.0
1236970 1255.0
1236980 1253.7
1236990 1253.3
1237000 1253.3
1237010 1252.3
1237020 1250.4
1237030 1250.4
1237040 1249.7
1237050 1248.6
1237060 1248.6
1237070 1247.1
1237080 1246.5
1237090 1246.5
1237100 1245.6
1237110 1243.9
1237120 1244.6
1237130 1242.6
1237140 1240.8
1237150 1239.3
1237160 1239.3
1237170 1237.9
1237180 1236.9
1237190 1236.9
1237200 1238.0
1237210 1237.6
1237220 1237.6
1237230 1232.7
1237240 1226.8
1237250 1226.8
1237260 1221.4
1237270 1217.3
1237280 1217.3
1237290 1216.3
1237300 1219.6
1237310 1219.6
1237320 1223.8
1237330 1224.7
1237340 1224.7
1237350 1223.8
1237360 1222.6
1237370 1222.6
1237380 1221.9
1237390 1220.5
1237400 1220.5
1237410 1219.7
1237420 1217.5
1237430 1217.5
1237440 1216.8
1237450 1216.7
1237460 1215.4
1237470 1215.4
1237480 1214.6
1237490 1214.8
1237500 1214.8
1237510 1214.4
1237520 1214.2
1237530 1214.2
1237540 1214.1
1237550 1213.7
1237560 1213.7
1237570 1212.3
1237580 1209.0
1237590 1209.0
1237600 1208.0
1237610 1208.6
1237620 1208.6
1237630 1208.6
1237640 1205.3
1237650 1205.3
1237660 1201.2
1237670 1198.9
1237680 1198.9
1237690 1199.5
1237700 1201.4
1237710 1201.4
1237720 1200.8
1237730 1199.3
1237740 1197.9
1237750 1197.9
1237760 1196.6
1237770 1195.4
1237780 1195.4
1237790 1194.7
1237800 1193.6
1237810 1193.6
1237820 1191.4
1237830 1186.4
1237840 1186.4
1237850 1182.5
1237860 1180.8
1237870 1180.8
1237880 1180.4
1237890 1180.2
1237900 1180.2
1237910 1180.1
1237920 1180.2
1237930 1180.2
1237940 1181.4
1237950 1184.5
1237960 1184.5
1237970 1188.1
1237980 1189.8
1237990 1189.8
1238000 1188.6
1238010 1188.2
1238020 1188.2
1238030 1189.5
1238040 1188.8
1238050 1186.5
1238060 1186.5
1238070 1186.6
1238080 1187.8
1238090 1187.8
1238100 1186.2
1238110 1183.9
1238120 1183.9
1238130 1182.9
1238140 1182.2
1238150 1187.1
1238160 1184.1
1238170 1178.0
1238180 1178.0
1238190 1175.8
1238200 1174.7
1238210 1174.7
1238220 1173.5
1238230 1171.5
1238240 1171.5
1238250 1170.7
1238260 1170.4
1238270 1170.4
1238280 1169.6
1238290 1169.2
1238300 1169.2
1238310 1168.9
1238320 1168.8
1238330 1168.8
1238340 1168.8
1238350 1168.7
1238360 1168.7
1238370 1168.7
1238380 1168.8
1238390 1168.6
1238400 1168.6
1238410 1168.4
1238420 1168.4
1238430 1168.4
1238440 1168.4
1238450 1168.4
1238460 1168.4
1238470 1168.2
1238480 1166.8
1238490 1166.8
1238500 1165.9
1238510 1165.6
1238520 1165.6
1238530 1165.2
1238540 1164.9
1238550 1164.9
1238560 1164.8
1238570 1164.6
1238580 1164.6
1238590 1164.6
1238600 1164.4
1238610 1164.3
1238620 1164.3
1238630 1164.1
1238640 1164.4
1238650 1164.4
1238660 1164.6
1238670 1168.0
1238680 1168.0
1238690 1169.1
1238700 1169.3
1238710 1169.3
1238720 1169.2
1238730 1169.1
1238740 1169.1
1238750 1168.8
1238760 1168.6
1238770 1168.6
1238780 1168.4
1238790 1168.2
1238800 1168.2
1238810 1167.9
1238820 1167.6
1238830 1167.6
1238840 1167.4
1238850 1167.2
1238860 1167.2
1238870 1166.8
1238880 1166.6
1238890 1166.6
1238900 1166.4
1238910 1166.1
1238920 1165.9
1238930 1165.9
1238940 1165.7
1238950 1165.6
1238960 1165.6
1238970 1165.5
1238980 1165.3
1238990 1165.3
1239000 1165.1
1239010 1165.0
1239020 1165.0
1239030 1164.7
1239040 1164.5
1239050 1164.5
1239060 1164.4
1239070 1164.4
1239080 1164.4
1239090 1164.3
1239100 1164.1
1239110 1164.1
1239120 1163.9
1239130 1163.7
1239140 1163.7
1239150 1163.6
1239160 1163.4
1239170 1163.4
1239180 1163.3
1239190 1163.2
1239200 1163.0
1239210 1163.0
1239220 1162.8
1239230 1162.6
1239240 1162.6
1239250 1162.4
1239260 1162.2
1239270 1162.2
1239280 1162.1
1239290 1161.9
1239300 1161.9
1239310 1161.6
1239320 1161.4
1239330 1161.4
1239340 1161.1
1239350 1160.8
1239360 1160.8
1239370 1160.4
1239380 1160.1
1239390 1160.1
1239400 1159.9
1239410 1160.4
1239420 1160.4
1239430 1160.3
1239440 1159.5
1239450 1159.5
1239460 1159.1
1239470 1158.9
1239480 1158.7
1239490 1158.7
1239500 1158.5
1239510 1158.3
1239520 1158.3
1239530 1158.1
1239540 1157.9
1239550 1157.9
1239560 1157.7
1239570 1157.4
1239580 1157.4
1239590 1157.2
1239600 1157.1
1239610 1157.1
1239620 1157.0
1239630 1156.9
1239640 1156.9
1239650 1156.8
1239660 1157.0
1239670 1157.0
1239680 1156.8
1239690 1156.5
1239700 1156.5
1239710 1156.3
1239720 1156.1
1239730 1156.1
1239740 1155.9
1239750 1155.6
1239760 1155.6
1239770 1155.3
1239780 1155.0
1239790 1154.8
1239800 1154.8
1239810 1154.4
1239820 1154.1
1239830 1154.1
1239840 1153.9
1239850 1153.6
1239860 1153.6
1239870 1153.4
1239880 1153.2
1239890 1153.2
1239900 1153.0
1239910 1152.9
1239920 1152.9
1239930 1152.5
1239940 1152.4
1239950 1152.4
1239960 1152.4
1239970 1152.2
1239980 1152.2
1239990 1152.0
