1220000 2002.1
1220010 2003.4
1220020 2003.0
1220030 2003.0
1220040 2000.4
1220050 1997.7
1220060 1997.7
1220070 1995.2
1220080 1991.6
1220090 1991.6
1220100 1988.1
1220110 1985.0
1220120 1985.0
1220130 1981.7
1220140 1977.9
1220150 1977.9
1220160 1973.5
1220170 1968.7
1220180 1968.7
1220190 1963.9
1220200 1960.3
1220210 1960.3
1220220 1957.5
1220230 1954.3
1220240 1954.3
1220250 1950.6
1220260 1945.5
1220270 1945.5
1220280 1940.5
1220290 1937.0
1220300 1935.5
1220310 1931.9
1220320 1928.0
1220330 1924.8
1220340 1924.8
1220350 1921.9
1220360 1920.4
1220370 1920.4
1220380 1920.2
1220390 1923.1
1220400 1923.1
1220410 1928.3
1220420 1933.2
1220430 1933.2
1220440 1938.6
1220450 1940.6
1220460 1940.6
1220470 1941.1
1220480 1938.7
1220490 1938.7
1220500 1932.6
1220510 1926.5
1220520 1926.5
1220530 1922.4
1220540 1919.9
1220550 1919.9
1220560 1918.9
1220570 1919.9
1220580 1919.9
1220590 1920.3
1220600 1919.9
1220610 1919.1
1220620 1919.1
1220630 1919.3
1220640 1920.8
1220650 1920.8
1220660 1924.3
1220670 1928.5
1220680 1928.5
1220690 1928.7
1220700 1926.4
1220710 1926.4
1220720 1925.7
1220730 1926.1
1220740 1926.1
1220750 1927.2
1220760 1928.8
1220770 1928.8
1220780 1929.7
1220790 1932.5
1220800 1932.5
1220810 1936.1
1220820 1940.4
1220830 1940.4
1220840 1945.2
1220850 1950.2
1220860 1950.2
1220870 1955.3
1220880 1960.6
1220890 1960.6
1220900 1966.3
1220910 1972.2
1220920 1978.3
1220930 1978.3
1220940 1984.6
1220950 1991.3
1220960 1991.3
1220970 1998.1
1220980 2004.9
1220990 2004.9
1221000 2011.8
1221010 2018.6
1221020 2018.6
1221030 2025.5
1221040 2032.5
1221050 2032.5
1221060 2039.4
1221070 2046.3
1221080 2046.3
1221090 2053.5
1221100 2061.2
1221110 2061.2
1221120 2068.9
1221130 2076.8
1221140 2076.8
1221150 2084.7
1221160 2096.0
1221170 2096.0
1221180 2114.3
1221190 2130.2
1221200 2136.3
1221210 2136.3
1221220 2123.1
1221230 2102.0
1221240 2102.0
1221250 2085.6
1221260 2078.0
1221270 2078.0
1221280 2069.4
1221290 2060.7
1221300 2060.7
1221310 2053.6
1221320 2046.6
1221330 2046.6
1221340 2039.7
1221350 2032.7
1221360 2032.7
1221370 2025.6
1221380 2018.4
1221390 2018.4
1221400 2011.5
1221410 2005.0
1221420 2005.0
1221430 1999.2
1221440 1994.4
1221450 1994.4
1221460 1990.1
1221470 1986.4
1221480 1984.7
1221490 1984.7
1221500 1986.1
1221510 1989.2
1221520 1989.2
1221530 1991.4
1221540 1992.5
1221550 1992.5
1221560 1991.8
1221570 1992.1
1221580 1992.1
1221590 1992.0
1221600 1991.2
1221610 1991.2
1221620 1990.4
1221630 1990.3
1221640 1990.3
1221650 1989.8
1221660 1987.1
1221670 1987.1
1221680 1981.8
1221690 1977.2
1221700 1977.2
1221710 1975.7
1221720 1975.2
1221730 1975.2
1221740 1974.7
1221750 1976.3
1221760 1976.3
1221770 1977.9
1221780 1980.2
1221790 1983.0
1221800 1983.0
1221810 1985.8
1221820 1988.3
1221830 1988.3
1221840 1988.1
1221850 1987.0
1221860 1987.0
1221870 1985.8
1221880 1983.7
1221890 1983.7
1221900 1980.0
1221910 1977.0
1221920 1977.0
1221930 1973.8
1221940 1968.5
1221950 1968.5
1221960 1965.3
1221970 1962.8
1221980 1962.8
1221990 1959.3
1222000 1955.2
1222010 1955.2
1222020 1952.7
1222030 1951.9
1222040 1951.9
1222050 1951.4
1222060 1949.9
1222070 1949.1
1222080 1949.1
1222090 1947.6
1222100 1947.4
1222110 1947.4
1222120 1948.1
1222130 1948.9
1222140 1948.9
1222150 1951.5
1222160 1952.9
1222170 1952.9
1222180 1952.5
1222190 1953.4
1222200 1953.4
1222210 1953.8
1222220 1954.7
1222230 1954.7
1222240 1956.6
1222250 1958.1
1222260 1958.1
1222270 1959.3
1222280 1960.4
1222290 1960.4
1222300 1962.0
1222310 1965.2
1222320 1965.2
1222330 1969.5
1222340 1974.6
1222350 1974.6
1222360 1980.0
1222370 1985.5
1222380 1990.7
1222390 1990.7
1222400 1996.0
1222410 2001.0
1222420 2001.0
1222430 2005.4
1222440 2009.4
1222450 2009.4
1222460 2011.9
1222470 2013.2
1222480 2013.2
1222490 2016.1
1222500 2019.8
1222510 2019.8
1222520 2023.4
1222530 2028.2
1222540 2028.2
1222550 2036.0
1222560 2064.9
1222570 2064.9
1222580 2093.4
1222590 2113.9
1222600 2113.9
1222610 2125.8
1222620 2135.3
1222630 2135.3
1222640 2142.1
1222650 2149.5
1222660 2158.3
1222670 2158.3
1222680 2166.6
1222690 2174.7
1222700 2174.7
1222710 2183.3
1222720 2189.6
1222730 2189.6
1222740 2193.4
1222750 2196.4
1222760 2196.4
1222770 2203.6
1222780 2216.1
1222790 2216.1
1222800 2226.4
1222810 2236.3
1222820 2236.3
1222830 2246.0
1222840 2255.6
1222850 2255.6
1222860 2264.5
1222870 2275.0
1222880 2275.0
1222890 2283.9
1222900 2292.8
1222910 2292.8
1222920 2305.0
1222930 2325.4
1222940 2325.4
1222950 2350.1
1222960 2373.5
1222970 2386.0
1222980 2386.0
1222990 2387.0
1223000 2401.3
1223010 2401.3
1223020 2419.8
1223030 2421.4
1223040 2421.4
1223050 2424.6
1223060 2422.1
1223070 2422.1
1223080 2427.4
1223090 2432.7
1223100 2432.7
1223110 2428.6
1223120 2422.7
1223130 2422.7
1223140 2420.1
1223150 2416.8
1223160 2416.8
1223170 2410.0
1223180 2405.5
1223190 2405.5
1223200 2399.3
1223210 2405.4
1223220 2405.4
1223230 2399.9
1223240 2399.4
1223250 2395.5
1223260 2395.5
1223270 2391.0
1223280 2389.5
1223290 2389.5
1223300 2386.8
1223310 2380.6
1223320 2380.6
1223330 2376.8
1223340 2376.8
1223350 2376.8
1223360 2376.1
1223370 2375.0
1223380 2375.0
1223390 2374.2
1223400 2374.4
1223410 2374.4
1223420 2373.8
1223430 2374.1
1223440 2374.1
1223450 2370.0
1223460 2362.8
1223470 2362.8
1223480 2354.9
1223490 2347.6
1223500 2347.6
1223510 2341.2
1223520 2338.1
1223530 2338.1
1223540 2335.7
1223550 2329.9
1223560 2318.2
1223570 2318.2
1223580 2308.1
1223590 2299.2
1223600 2299.2
1223610 2292.6
1223620 2290.0
1223630 2290.0
1223640 2286.2
1223650 2282.4
1223660 2282.4
1223670 2267.7
1223680 2234.7
1223690 2226.0
1223700 2215.7
1223710 2205.0
1223720 2205.0
1223730 2191.3
1223740 2179.2
1223750 2179.2
1223760 2167.9
1223770 2158.3
1223780 2158.3
1223790 2149.5
1223800 2140.3
1223810 2140.3
1223820 2131.3
1223830 2122.8
1223840 2112.9
1223850 2112.9
1223860 2098.8
1223870 2080.9
1223880 2080.9
1223890 2067.7
1223900 2054.7
1223910 2054.7
1223920 2035.6
1223930 2012.0
1223940 2012.0
1223950 2002.7
1223960 1996.2
1223970 1996.2
1223980 1989.8
1223990 1983.4
1224000 1983.4
1224010 1977.0
1224020 1970.9
1224030 1970.9
1224040 1965.1
1224050 1959.6
1224060 1959.6
1224070 1954.3
1224080 1948.6
1224090 1948.6
1224100 1943.0
1224110 1938.6
1224120 1936.9
1224130 1936.9
1224140 1935.1
1224150 1930.5
1224160 1930.5
1224170 1926.2
1224180 1928.4
1224190 1928.4
1224200 1926.9
1224210 1923.7
1224220 1923.7
1224230 1918.7
1224240 1914.6
1224250 1914.6
1224260 1911.5
1224270 1907.9
1224280 1907.9
1224290 1903.7
1224300 1899.0
1224310 1899.0
1224320 1894.3
1224330 1890.2
1224340 1890.2
1224350 1885.4
1224360 1879.2
1224370 1879.2
1224380 1873.2
1224390 1866.9
1224400 1866.9
1224410 1860.3
1224420 1853.0
1224430 1847.0
1224440 1847.0
1224450 1842.1
1224460 1837.4
1224470 1837.4
1224480 1832.6
1224490 1828.2
1224500 1828.2
1224510 1823.8
1224520 1819.3
1224530 1819.3
1224540 1815.5
1224550 1812.1
1224560 1812.1
1224570 1808.1
1224580 1803.3
1224590 1803.3
1224600 1800.6
1224610 1802.3
1224620 1802.3
1224630 1805.4
1224640 1809.4
1224650 1809.4
1224660 1813.7
1224670 1823.5
1224680 1823.5
1224690 1826.1
1224700 1830.2
1224710 1833.1
1224720 1833.1
1224730 1835.2
1224740 1836.4
1224750 1836.4
1224760 1837.7
1224770 1839.8
1224780 1839.8
1224790 1842.7
1224800 1844.5
1224810 1844.5
1224820 1846.3
1224830 1848.6
1224840 1848.6
1224850 1850.6
1224860 1851.6
1224870 1851.6
1224880 1855.7
1224890 1860.6
1224900 1860.6
1224910 1862.1
1224920 1864.2
1224930 1864.2
1224940 1863.2
1224950 1860.5
1224960 1860.5
1224970 1857.5
1224980 1852.1
1224990 1852.1
1225000 1847.5
1225010 1848.0
1225020 1857.6
1225030 1857.6
1225040 1874.2
1225050 1893.1
1225060 1893.1
1225070 1920.1
1225080 1936.4
1225090 1936.4
1225100 1945.7
1225110 1952.3
1225120 1952.3
1225130 1958.0
1225140 1964.8
1225150 1964.8
1225160 1977.3
1225170 1986.1
1225180 1986.1
1225190 1995.1
1225200 2002.5
1225210 2002.5
1225220 2010.9
1225230 2021.2
1225240 2021.2
1225250 2025.3
1225260 2027.7
1225270 2027.7
1225280 2030.6
1225290 2033.7
1225300 2037.4
1225310 2037.4
1225320 2040.5
1225330 2042.0
1225340 2042.0
1225350 2046.8
1225360 2054.7
1225370 2054.7
1225380 2061.6
1225390 2068.8
1225400 2068.8
1225410 2076.0
1225420 2082.4
1225430 2082.4
1225440 2087.0
1225450 2094.1
1225460 2094.1
1225470 2101.2
1225480 2107.3
1225490 2107.3
1225500 2113.4
1225510 2119.9
1225520 2119.9
1225530 2129.2
1225540 2138.2
1225550 2138.2
1225560 2145.2
1225570 2152.1
1225580 2159.9
1225590 2159.9
1225600 2169.0
1225610 2181.8
1225620 2181.8
1225630 2195.7
1225640 2211.0
1225650 2211.0
1225660 2218.2
1225670 2227.5
1225680 2227.5
1225690 2238.3
1225700 2250.5
1225710 2250.5
1225720 2265.5
1225730 2278.5
1225740 2278.5
1225750 2294.3
1225760 2310.0
1225770 2310.0
1225780 2322.4
1225790 2331.0
1225800 2331.0
1225810 2335.6
1225820 2343.6
1225830 2343.6
1225840 2355.2
1225850 2365.0
1225860 2365.0
1225870 2372.3
1225880 2382.9
1225890 2392.0
1225900 2392.0
1225910 2398.8
1225920 2402.5
1225930 2402.5
1225940 2385.9
1225950 2364.9
1225960 2364.9
1225970 2344.0
1225980 2337.6
1225990 2337.6
1226000 2336.3
1226010 2329.0
1226020 2329.0
1226030 2308.4
1226040 2293.4
1226050 2293.4
1226060 2285.3
1226070 2276.4
1226080 2276.4
1226090 2265.6
1226100 2260.2
1226110 2260.2
1226120 2259.5
1226130 2254.1
1226140 2254.1
1226150 2267.9
1226160 2268.9
1226170 2269.9
1226180 2269.9
1226190 2269.7
1226200 2270.7
1226210 2270.7
1226220 2276.6
1226230 2280.5
1226240 2280.5
1226250 2283.5
1226260 2284.8
1226270 2284.8
1226280 2282.6
1226290 2284.6
1226300 2284.6
1226310 2289.4
1226320 2294.7
1226330 2294.7
1226340 2298.1
1226350 2306.1
1226360 2306.1
1226370 2311.4
1226380 2304.8
1226390 2304.8
1226400 2286.4
1226410 2264.4
1226420 2264.4
1226430 2260.0
1226440 2273.8
1226450 2273.8
1226460 2285.4
1226470 2283.2
1226480 2280.8
1226490 2280.8
1226500 2279.4
1226510 2278.9
1226520 2278.9
1226530 2291.5
1226540 2312.3
1226550 2312.3
1226560 2321.5
1226570 2314.6
1226580 2314.6
1226590 2306.5
1226600 2301.2
1226610 2301.2
1226620 2300.3
1226630 2300.8
1226640 2318.0
1226650 2317.0
1226660 2326.5
1226670 2326.5
1226680 2331.2
1226690 2327.2
1226700 2327.2
1226710 2324.4
1226720 2330.0
1226730 2330.0
1226740 2322.4
1226750 2321.7
1226760 2329.6
1226770 2329.6
1226780 2322.8
1226790 2319.0
1226800 2319.0
1226810 2300.5
1226820 2286.8
1226830 2286.8
1226840 2281.5
1226850 2271.9
1226860 2271.9
1226870 2256.3
1226880 2240.8
1226890 2240.8
1226900 2229.4
1226910 2202.9
1226920 2202.9
1226930 2182.7
1226940 2171.0
1226950 2171.0
1226960 2163.8
1226970 2156.0
1226980 2156.0
1226990 2129.5
1227000 2103.3
1227010 2103.3
1227020 2078.7
1227030 2045.5
1227040 2045.5
1227050 2008.6
1227060 1967.5
1227070 1881.9
1227080 1881.9
1227090 1848.4
1227100 1840.0
1227110 1840.0
1227120 1833.6
1227130 1826.0
1227140 1829.6
1227150 1821.1
1227160 1814.3
1227170 1814.3
1227180 1811.7
1227190 1807.4
1227200 1807.4
1227210 1801.6
1227220 1788.1
1227230 1788.1
1227240 1776.4
1227250 1769.1
1227260 1769.1
1227270 1762.8
1227280 1756.7
1227290 1756.7
1227300 1752.4
1227310 1749.3
1227320 1749.3
1227330 1746.6
1227340 1744.1
1227350 1744.5
1227360 1744.5
1227370 1745.8
1227380 1746.8
1227390 1746.8
1227400 1747.1
1227410 1747.2
1227420 1747.2
1227430 1746.6
1227440 1746.0
1227450 1746.0
1227460 1744.4
1227470 1744.6
1227480 1744.6
1227490 1748.5
1227500 1753.3
1227510 1753.3
1227520 1757.8
1227530 1768.3
1227540 1768.3
1227550 1795.5
1227560 1812.2
1227570 1812.2
1227580 1821.3
1227590 1827.8
1227600 1827.8
1227610 1882.8
1227620 1894.1
1227630 1900.8
1227640 1900.8
1227650 1896.6
1227660 1891.2
1227670 1891.2
1227680 1885.7
1227690 1879.6
1227700 1879.6
1227710 1874.3
1227720 1870.3
1227730 1870.3
1227740 1865.8
1227750 1860.8
1227760 1860.8
1227770 1856.1
1227780 1852.1
1227790 1852.1
1227800 1848.7
1227810 1843.8
1227820 1843.8
1227830 1841.6
1227840 1838.8
1227850 1838.8
1227860 1833.3
1227870 1827.5
1227880 1827.5
1227890 1822.8
1227900 1816.1
1227910 1816.1
1227920 1809.1
1227930 1804.9
1227940 1800.2
1227950 1800.2
1227960 1794.4
1227970 1787.4
1227980 1787.4
1227990 1777.3
1228000 1768.3
1228010 1768.3
1228020 1762.1
1228030 1754.3
1228040 1754.3
1228050 1745.1
1228060 1737.4
1228070 1737.4
1228080 1731.3
1228090 1725.5
1228100 1725.5
1228110 1720.1
1228120 1714.9
1228130 1715.8
1228140 1711.4
1228150 1707.6
1228160 1707.6
1228170 1704.0
1228180 1700.7
1228190 1700.7
1228200 1698.1
1228210 1696.2
1228220 1693.5
1228230 1693.5
1228240 1691.3
1228250 1688.8
1228260 1688.8
1228270 1686.9
1228280 1685.5
1228290 1685.5
1228300 1684.8
1228310 1685.9
1228320 1685.9
1228330 1686.4
1228340 1684.4
1228350 1684.4
1228360 1680.7
1228370 1679.0
1228380 1679.0
1228390 1677.1
1228400 1673.9
1228410 1673.9
1228420 1670.3
1228430 1667.7
1228440 1667.7
1228450 1664.8
1228460 1661.7
1228470 1661.7
1228480 1659.0
1228490 1656.6
1228500 1656.6
1228510 1652.6
1228520 1649.6
1228530 1646.2
1228540 1646.2
1228550 1644.7
1228560 1644.1
1228570 1644.1
1228580 1643.1
1228590 1641.5
1228600 1641.5
1228610 1639.2
1228620 1636.4
1228630 1639.9
1228640 1637.0
1228650 1635.0
1228660 1635.0
1228670 1632.3
1228680 1630.8
1228690 1630.8
1228700 1629.4
1228710 1625.2
1228720 1625.2
1228730 1622.9
1228740 1623.4
1228750 1623.4
1228760 1624.1
1228770 1624.4
1228780 1624.4
1228790 1623.9
1228800 1623.8
1228810 1624.1
1228820 1624.1
1228830 1624.4
1228840 1623.6
1228850 1623.6
1228860 1622.4
1228870 1626.0
1228880 1626.0
1228890 1626.0
1228900 1625.5
1228910 1625.5
1228920 1625.3
1228930 1625.1
1228940 1625.1
1228950 1624.1
1228960 1624.0
1228970 1624.0
1228980 1624.6
1228990 1624.6
1229000 1624.6
1229010 1625.0
1229020 1625.2
1229030 1625.2
1229040 1624.5
1229050 1622.4
1229060 1622.4
1229070 1619.9
1229080 1615.9
1229090 1615.9
1229100 1611.6
1229110 1608.1
1229120 1605.8
1229130 1610.0
1229140 1607.9
1229150 1606.1
1229160 1606.1
1229170 1603.6
1229180 1601.8
1229190 1601.8
1229200 1599.3
1229210 1595.7
1229220 1595.7
1229230 1591.7
1229240 1589.8
1229250 1589.8
1229260 1585.9
1229270 1584.5
1229280 1584.5
1229290 1586.5
1229300 1589.3
1229310 1589.3
1229320 1589.7
1229330 1590.0
1229340 1590.0
1229350 1590.2
1229360 1590.1
1229370 1590.1
1229380 1590.1
1229390 1590.5
1229400 1591.3
1229410 1591.3
1229420 1591.8
1229430 1592.0
1229440 1592.0
1229450 1591.9
1229460 1591.3
1229470 1591.3
1229480 1591.8
1229490 1592.4
1229500 1592.4
1229510 1592.5
1229520 1592.0
1229530 1592.0
1229540 1590.9
1229550 1589.6
1229560 1589.6
1229570 1587.9
1229580 1586.2
1229590 1586.2
1229600 1583.8
1229610 1580.6
1229620 1580.6
1229630 1581.9
1229640 1578.6
1229650 1578.6
1229660 1576.1
1229670 1572.9
1229680 1569.7
1229690 1569.7
1229700 1566.8
1229710 1562.3
1229720 1562.3
1229730 1557.2
1229740 1559.0
1229750 1559.0
1229760 1562.1
1229770 1561.9
1229780 1561.9
1229790 1560.9
1229800 1559.8
1229810 1559.8
1229820 1558.5
1229830 1558.9
1229840 1558.9
1229850 1559.4
1229860 1559.3
1229870 1559.3
1229880 1558.8
1229890 1557.3
1229900 1557.3
1229910 1556.4
1229920 1557.9
1229930 1557.9
1229940 1558.9
1229950 1557.9
1229960 1557.9
1229970 1556.2
1229980 1553.7
1229990 1551.8
1230000 1551.8
1230010 1549.3
1230020 1546.3
1230030 1546.3
1230040 1544.1
1230050 1541.3
1230060 1541.3
1230070 1538.2
1230080 1535.3
1230090 1535.3
1230100 1532.7
1230110 1530.1
1230120 1530.1
1230130 1531.1
1230140 1528.3
1230150 1528.3
1230160 1526.5
1230170 1525.4
1230180 1525.4
1230190 1524.6
1230200 1524.9
1230210 1524.9
1230220 1524.4
1230230 1522.9
1230240 1522.9
1230250 1522.1
1230260 1522.5
1230270 1522.4
1230280 1522.4
1230290 1522.2
1230300 1522.4
1230310 1522.4
1230320 1522.6
1230330 1522.7
1230340 1522.7
1230350 1522.2
1230360 1522.1
1230370 1522.1
1230380 1519.9
1230390 1515.2
1230400 1515.2
1230410 1516.3
1230420 1520.6
1230430 1520.6
1230440 1520.5
1230450 1521.6
1230460 1521.6
1230470 1521.5
1230480 1521.2
1230490 1521.2
1230500 1520.8
1230510 1520.6
1230520 1520.6
1230530 1520.3
1230540 1520.1
1230550 1520.1
1230560 1519.9
1230570 1519.5
1230580 1519.1
1230590 1519.1
1230600 1518.2
1230610 1516.9
1230620 1516.9
1230630 1520.5
1230640 1518.9
1230650 1518.9
1230660 1516.7
1230670 1514.3
1230680 1514.3
1230690 1512.3
1230700 1511.2
1230710 1511.2
1230720 1511.0
1230730 1511.6
1230740 1511.6
1230750 1512.8
1230760 1514.1
1230770 1514.1
1230780 1514.1
1230790 1513.9
1230800 1513.9
1230810 1511.1
1230820 1506.8
1230830 1506.8
1230840 1502.2
1230850 1497.7
1230860 1491.9
1230870 1491.9
1230880 1488.8
1230890 1487.6
1230900 1487.6
1230910 1487.9
1230920 1487.2
1230930 1487.2
1230940 1486.5
1230950 1485.1
1230960 1485.1
1230970 1485.0
1230980 1486.1
1230990 1486.1
1231000 1487.5
1231010 1489.1
1231020 1489.1
1231030 1489.7
1231040 1490.6
1231050 1490.6
1231060 1490.5
1231070 1489.9
1231080 1489.9
1231090 1489.7
1231100 1488.1
1231110 1488.1
1231120 1481.5
1231130 1474.1
1231140 1465.7
1231150 1465.7
1231160 1457.5
1231170 1449.4
1231180 1449.4
1231190 1443.8
1231200 1445.9
1231210 1445.9
1231220 1452.1
1231230 1458.7
1231240 1458.7
1231250 1464.1
1231260 1468.6
1231270 1468.6
1231280 1472.6
1231290 1475.8
1231300 1475.8
1231310 1479.2
1231320 1481.4
1231330 1481.4
1231340 1482.0
1231350 1482.1
1231360 1482.1
1231370 1482.4
1231380 1482.6
1231390 1482.6
1231400 1482.7
1231410 1483.0
1231420 1483.0
1231430 1483.1
1231440 1482.7
1231450 1481.1
1231460 1481.1
1231470 1478.0
1231480 1478.0
1231490 1478.0
1231500 1477.1
1231510 1474.2
1231520 1474.2
1231530 1470.4
1231540 1467.1
1231550 1467.1
1231560 1464.1
1231570 1462.1
1231580 1462.1
1231590 1464.5
1231600 1466.7
1231610 1466.7
1231620 1468.3
1231630 1469.1
1231640 1473.0
1231650 1473.4
1231660 1472.8
1231670 1472.8
1231680 1471.2
1231690 1468.2
1231700 1468.2
1231710 1462.1
1231720 1455.9
1231730 1451.7
1231740 1451.7
1231750 1449.0
1231760 1447.5
1231770 1447.5
1231780 1445.3
1231790 1440.9
1231800 1440.9
1231810 1442.8
1231820 1448.5
1231830 1448.5
1231840 1448.8
1231850 1447.9
1231860 1447.9
1231870 1447.6
1231880 1447.8
1231890 1447.8
1231900 1447.2
1231910 1445.8
1231920 1445.8
1231930 1444.4
1231940 1443.6
1231950 1443.6
1231960 1442.2
1231970 1440.6
1231980 1440.6
1231990 1439.6
1232000 1438.5
1232010 1438.5
1232020 1436.8
1232030 1433.7
1232040 1429.8
1232050 1429.8
1232060 1426.3
1232070 1425.1
1232080 1425.1
1232090 1425.0
1232100 1424.6
1232110 1424.6
1232120 1424.4
1232130 1424.0
1232140 1430.9
1232150 1429.4
1232160 1428.9
1232170 1428.9
1232180 1427.4
1232190 1428.7
1232200 1428.7
1232210 1429.5
1232220 1428.1
1232230 1428.1
1232240 1426.8
1232250 1425.5
1232260 1425.5
1232270 1423.5
1232280 1427.7
1232290 1427.7
1232300 1428.8
1232310 1428.7
1232320 1428.4
1232330 1428.4
1232340 1427.3
1232350 1425.8
1232360 1425.8
1232370 1424.1
1232380 1422.3
1232390 1422.3
1232400 1420.2
1232410 1418.0
1232420 1418.0
1232430 1415.7
1232440 1413.1
1232450 1413.1
1232460 1411.3
1232470 1408.7
1232480 1408.7
1232490 1403.0
1232500 1406.6
1232510 1406.6
1232520 1407.5
1232530 1406.0
1232540 1406.0
1232550 1404.4
1232560 1401.2
1232570 1401.2
1232580 1399.2
1232590 1397.8
1232600 1397.8
1232610 1396.9
1232620 1396.6
1232630 1396.5
1232640 1396.5
1232650 1401.3
1232660 1400.6
1232670 1400.6
1232680 1399.8
1232690 1399.5
1232700 1399.5
1232710 1398.5
1232720 1396.6
1232730 1396.6
1232740 1394.2
1232750 1391.6
1232760 1391.6
1232770 1389.1
1232780 1386.3
1232790 1386.3
1232800 1381.8
1232810 1378.0
1232820 1378.0
1232830 1375.2
1232840 1373.0
1232850 1373.0
1232860 1370.3
1232870 1367.5
1232880 1367.5
1232890 1361.8
1232900 1356.7
1232910 1351.2
1232920 1351.2
1232930 1344.8
1232940 1339.0
1232950 1339.0
1232960 1336.5
1232970 1338.8
1232980 1338.8
1232990 1342.7
1233000 1346.3
1233010 1346.3
1233020 1346.0
1233030 1343.3
1233040 1343.3
1233050 1339.3
1233060 1335.9
1233070 1335.9
1233080 1331.9
1233090 1327.7
1233100 1327.7
1233110 1325.2
1233120 1325.7
1233130 1325.7
1233140 1331.7
1233150 1337.7
1233160 1337.7
1233170 1339.3
1233180 1342.0
1233190 1345.5
1233200 1345.5
1233210 1349.2
1233220 1351.8
1233230 1351.8
1233240 1351.8
1233250 1350.9
1233260 1350.9
1233270 1349.8
1233280 1345.7
1233290 1345.7
1233300 1341.2
1233310 1339.4
1233320 1339.4
1233330 1340.9
1233340 1343.2
1233350 1343.2
1233360 1344.3
1233370 1345.4
1233380 1345.4
1233390 1347.2
1233400 1349.2
1233410 1349.2
1233420 1350.3
1233430 1350.7
1233440 1350.7
1233450 1351.2
1233460 1350.7
1233470 1350.7
1233480 1350.1
1233490 1349.4
1233500 1348.6
1233510 1348.6
1233520 1347.5
1233530 1345.5
1233540 1345.5
1233550 1342.3
1233560 1341.8
1233570 1341.8
1233580 1342.1
1233590 1342.1
1233600 1342.1
1233610 1338.9
1233620 1335.6
1233630 1335.6
1233640 1337.4
1233650 1338.4
1233660 1342.8
1233670 1341.8
1233680 1341.0
1233690 1341.0
1233700 1340.2
1233710 1339.5
1233720 1339.5
1233730 1338.6
1233740 1337.3
1233750 1337.3
1233760 1335.5
1233770 1333.8
1233780 1331.5
1233790 1331.5
1233800 1327.3
1233810 1325.1
1233820 1325.1
1233830 1324.1
1233840 1321.2
1233850 1321.2
1233860 1316.9
1233870 1312.1
1233880 1312.1
1233890 1307.6
1233900 1305.7
1233910 1305.7
1233920 1303.2
1233930 1299.7
1233940 1299.7
1233950 1297.1
1233960 1290.5
1233970 1290.5
1233980 1282.0
1233990 1275.6
1234000 1275.6
1234010 1274.7
1234020 1273.5
1234030 1273.5
1234040 1277.5
1234050 1287.5
1234060 1287.5
1234070 1297.5
1234080 1313.1
1234090 1320.2
1234100 1320.2
1234110 1322.3
1234120 1322.5
1234130 1322.5
1234140 1321.8
1234150 1320.8
1234160 1320.8
1234170 1322.4
1234180 1321.7
1234190 1321.7
1234200 1320.9
1234210 1320.0
1234220 1320.0
1234230 1319.2
1234240 1318.2
1234250 1318.2
1234260 1317.2
1234270 1315.3
1234280 1315.3
1234290 1311.2
1234300 1308.1
1234310 1308.1
1234320 1307.2
1234330 1309.8
1234340 1309.8
1234350 1311.5
1234360 1313.0
1234370 1313.5
1234380 1313.5
1234390 1312.8
1234400 1308.1
1234410 1308.1
1234420 1300.9
1234430 1296.9
1234440 1296.9
1234450 1295.1
1234460 1296.3
1234470 1296.3
1234480 1299.6
1234490 1302.4
1234500 1302.4
1234510 1303.7
1234520 1305.0
1234530 1305.0
1234540 1305.7
1234550 1305.5
1234560 1305.5
1234570 1302.1
1234580 1298.8
1234590 1298.8
1234600 1295.5
1234610 1290.5
1234620 1290.5
1234630 1286.9
1234640 1283.2
1234650 1285.9
1234660 1285.9
1234670 1289.4
1234680 1296.7
1234690 1296.7
1234700 1301.8
1234710 1304.8
1234720 1304.8
1234730 1299.8
1234740 1292.6
1234750 1292.6
1234760 1286.3
1234770 1280.8
1234780 1280.8
1234790 1273.8
1234800 1270.9
1234810 1270.9
1234820 1272.0
1234830 1275.0
1234840 1275.0
1234850 1278.2
1234860 1281.5
1234870 1281.5
1234880 1283.9
1234890 1281.8
1234900 1281.8
1234910 1278.4
1234920 1281.2
1234930 1281.2
1234940 1285.4
1234950 1290.0
1234960 1293.5
1234970 1293.5
1234980 1291.6
1234990 1287.1
1235000 1287.1
1235010 1285.6
1235020 1284.9
1235030 1284.9
1235040 1284.8
1235050 1283.2
1235060 1283.2
1235070 1277.9
1235080 1271.3
1235090 1271.3
1235100 1268.0
1235110 1270.0
1235120 1270.0
1235130 1273.2
1235140 1275.9
1235150 1275.9
1235160 1278.5
1235170 1280.9
1235180 1280.9
1235190 1284.1
1235200 1284.3
1235210 1284.3
1235220 1283.1
1235230 1281.5
1235240 1279.5
1235250 1279.5
1235260 1275.8
1235270 1270.0
1235280 1270.0
1235290 1264.9
1235300 1262.0
1235310 1262.0
1235320 1267.2
1235330 1272.9
1235340 1272.9
1235350 1278.5
1235360 1281.0
1235370 1281.0
1235380 1280.7
1235390 1279.2
1235400 1279.2
1235410 1276.5
1235420 1277.5
1235430 1277.5
1235440 1278.8
1235450 1278.3
1235460 1278.3
1235470 1275.7
1235480 1271.6
1235490 1271.6
1235500 1269.1
1235510 1264.5
1235520 1264.5
1235530 1258.2
1235540 1253.8
1235550 1255.3
1235560 1255.3
1235570 1259.2
1235580 1262.0
1235590 1262.0
1235600 1264.1
1235610 1265.6
1235620 1265.6
1235630 1267.1
1235640 1267.2
1235650 1267.2
1235660 1262.7
1235670 1257.4
1235680 1257.4
1235690 1251.3
1235700 1246.3
1235710 1246.3
1235720 1238.7
1235730 1234.9
1235740 1234.9
1235750 1232.2
1235760 1228.7
1235770 1228.7
1235780 1226.6
1235790 1224.9
1235800 1224.9
1235810 1223.5
1235820 1223.6
1235830 1224.3
1235840 1224.3
1235850 1225.9
1235860 1226.2
1235870 1226.2
1235880 1224.1
1235890 1223.2
1235900 1223.2
1235910 1222.0
1235920 1219.9
1235930 1219.9
1235940 1219.0
1235950 1217.9
1235960 1217.9
1235970 1216.1
1235980 1215.1
1235990 1215.1
1236000 1213.8
1236010 1213.2
1236020 1213.2
1236030 1214.8
1236040 1217.1
1236050 1217.1
1236060 1219.2
1236070 1224.2
1236080 1224.2
1236090 1229.4
1236100 1233.1
1236110 1237.6
1236120 1237.6
1236130 1243.2
1236140 1249.8
1236150 1249.8
1236160 1257.2
1236170 1263.3
1236180 1263.3
1236190 1268.0
1236200 1272.1
1236210 1272.1
1236220 1273.4
1236230 1272.8
1236240 1272.8
1236250 1272.3
1236260 1272.1
1236270 1272.1
1236280 1271.9
1236290 1271.3
1236300 1271.3
1236310 1270.9
1236320 1270.7
1236330 1270.7
1236340 1270.7
1236350 1270.4
1236360 1270.4
1236370 1270.5
1236380 1270.6
1236390 1270.6
1236400 1270.2
1236410 1269.4
1236420 1268.8
1236430 1268.8
1236440 1268.3
1236450 1267.3
1236460 1267.3
1236470 1265.7
1236480 1264.1
1236490 1264.1
1236500 1262.6
1236510 1261.7
1236520 1261.7
1236530 1261.4
1236540 1261.0
1236550 1261.0
1236560 1260.4
1236570 1259.9
1236580 1259.9
1236590 1259.6
1236600 1259.3
1236610 1259.3
1236620 1258.9
1236630 1258.4
1236640 1258.4
1236650 1258.7
1236660 1259.5
1236670 1259.5
1236680 1259.4
1236690 1258.6
1236700 1257.9
1236710 1257.9
1236720 1257.5
1236730 1257.9
1236740 1257.9
1236750 1258.0
1236760 1258.4
1236770 1258.4
1236780 1258.9
1236790 1259.0
1236800 1259.0
1236810 1259.0
1236820 1258.7
1236830 1258.7
1236840 1258.6
1236850 1257.5
1236860 1257.5
1236870 1253.9
1236880 1248.6
1236890 1248.6
1236900 1244.9
1236910 1242.2
1236920 1242.2
1236930 1239.1
1236940 1235.1
1236950 1235.1
1236960 1231.6
1236970 1227.3
1236980 1227.3
1236990 1221.0
1237000 1215.4
1237010 1209.2
1237020 1209.2
1237030 1202.1
1237040 1197.2
1237050 1197.2
1237060 1192.1
1237070 1187.7
1237080 1187.7
1237090 1185.8
1237100 1185.3
1237110 1185.3
1237120 1185.0
1237130 1184.7
1237140 1184.7
1237150 1184.2
1237160 1183.8
1237170 1183.8
1237180 1183.5
1237190 1183.2
1237200 1183.2
1237210 1183.1
1237220 1183.1
1237230 1183.1
1237240 1182.8
1237250 1183.4
1237260 1183.4
1237270 1183.2
1237280 1183.6
1237290 1183.7
1237300 1183.7
1237310 1183.4
1237320 1182.9
1237330 1182.9
1237340 1182.0
1237350 1181.3
1237360 1181.3
1237370 1180.5
1237380 1179.8
1237390 1179.8
1237400 1179.2
1237410 1178.8
1237420 1178.8
1237430 1178.1
1237440 1177.5
1237450 1177.5
1237460 1177.6
1237470 1177.6
1237480 1177.6
1237490 1177.6
1237500 1178.5
1237510 1178.5
1237520 1178.9
1237530 1178.2
1237540 1178.2
1237550 1177.4
1237560 1178.7
1237570 1178.5
1237580 1178.5
1237590 1179.1
1237600 1179.5
1237610 1179.5
1237620 1179.5
1237630 1179.3
1237640 1179.3
1237650 1178.9
1237660 1178.4
1237670 1178.4
1237680 1178.0
1237690 1177.6
1237700 1177.6
1237710 1177.2
1237720 1176.8
1237730 1176.8
1237740 1176.5
1237750 1176.2
1237760 1176.0
1237770 1175.8
1237780 1175.8
1237790 1175.8
1237800 1175.5
1237810 1175.4
1237820 1175.4
1237830 1175.2
1237840 1175.8
1237850 1175.8
1237860 1176.2
1237870 1176.9
1237880 1177.6
1237890 1177.6
1237900 1178.2
1237910 1178.8
1237920 1178.8
1237930 1178.1
1237940 1178.2
1237950 1178.2
1237960 1178.7
1237970 1178.8
1237980 1178.8
1237990 1178.7
1238000 1177.7
1238010 1177.7
1238020 1175.5
1238030 1175.3
1238040 1175.3
1238050 1175.0
1238060 1174.7
1238070 1174.7
1238080 1174.6
1238090 1174.4
1238100 1174.4
1238110 1174.4
1238120 1174.4
1238130 1174.4
1238140 1174.4
1238150 1173.9
1238160 1174.7
1238170 1174.7
1238180 1175.9
1238190 1175.8
1238200 1175.8
1238210 1175.7
1238220 1175.6
1238230 1175.6
1238240 1175.3
1238250 1175.1
1238260 1175.1
1238270 1174.8
1238280 1174.7
1238290 1174.7
1238300 1174.2
1238310 1174.0
1238320 1174.0
1238330 1173.7
1238340 1173.3
1238350 1173.3
1238360 1173.0
1238370 1172.9
1238380 1172.9
1238390 1172.6
1238400 1172.4
1238410 1172.4
1238420 1172.0
1238430 1171.6
1238440 1171.6
1238450 1171.4
1238460 1171.3
1238470 1171.1
1238480 1171.1
1238490 1170.9
1238500 1171.2
1238510 1171.2
1238520 1171.1
1238530 1170.4
1238540 1170.4
1238550 1170.1
1238560 1170.0
1238570 1170.0
1238580 1169.7
1238590 1169.5
1238600 1169.5
1238610 1169.3
1238620 1169.2
1238630 1169.2
1238640 1168.9
1238650 1168.5
1238660 1168.5
1238670 1168.3
1238680 1168.2
1238690 1168.2
1238700 1168.0
1238710 1167.8
1238720 1167.8
1238730 1167.7
1238740 1167.4
1238750 1167.4
1238760 1167.4
1238770 1167.2
1238780 1166.8
1238790 1166.8
1238800 1166.8
1238810 1166.4
1238820 1166.4
1238830 1166.4
1238840 1166.5
1238850 1166.5
1238860 1165.9
1238870 1164.6
1238880 1164.6
1238890 1163.8
1238900 1163.1
1238910 1163.1
1238920 1162.1
1238930 1161.7
1238940 1161.7
1238950 1161.3
1238960 1161.1
1238970 1161.1
1238980 1160.8
1238990 1160.3
1239000 1160.3
1239010 1160.1
1239020 1160.0
1239030 1159.7
1239040 1159.7
1239050 1158.8
1239060 1158.1
1239070 1158.1
1239080 1157.0
1239090 1155.8
1239100 1155.8
1239110 1155.7
1239120 1155.8
1239130 1155.8
1239140 1156.0
1239150 1156.2
1239160 1156.2
1239170 1156.1
1239180 1156.0
1239190 1156.0
1239200 1156.1
1239210 1156.4
1239220 1156.4
1239230 1157.1
1239240 1157.9
1239250 1157.9
1239260 1157.9
1239270 1157.7
1239280 1157.7
1239290 1157.6
1239300 1157.6
1239310 1157.6
1239320 1157.1
1239330 1156.9
1239340 1156.8
1239350 1156.8
1239360 1156.7
1239370 1156.4
1239380 1156.4
1239390 1156.5
1239400 1156.5
1239410 1156.5
1239420 1156.2
1239430 1155.8
1239440 1155.8
1239450 1155.7
1239460 1155.7
1239470 1155.7
1239480 1155.7
1239490 1155.6
1239500 1155.6
1239510 1155.4
1239520 1155.5
1239530 1155.5
1239540 1155.5
1239550 1155.4
1239560 1155.4
1239570 1155.4
1239580 1154.9
1239590 1154.9
1239600 1155.2
1239610 1156.3
1239620 1157.1
1239630 1157.1
1239640 1157.4
1239650 1156.8
1239660 1156.8
1239670 1156.3
1239680 1155.2
1239690 1155.2
1239700 1153.8
1239710 1153.6
1239720 1153.6
1239730 1154.5
1239740 1155.2
1239750 1155.2
1239760 1155.4
1239770 1155.4
1239780 1155.4
1239790 1155.1
1239800 1154.6
1239810 1154.6
1239820 1154.4
1239830 1155.0
1239840 1154.6
1239850 1155.0
1239860 1153.9
1239870 1153.9
1239880 1153.7
1239890 1153.6
1239900 1153.6
1239910 1153.3
1239920 1153.1
1239930 1152.9
1239940 1152.9
1239950 1152.6
1239960 1152.3
1239970 1152.3
1239980 1152.1
1239990 1151.9
