1220000 1763.6
1220010 1763.6
1220020 1775.8
1220030 1780.8
1220040 1780.8
1220050 1784.8
1220060 1784.8
1220070 1784.8
1220080 1783.2
1220090 1782.5
1220100 1782.5
1220110 1784.3
1220120 1786.9
1220130 1786.9
1220140 1790.5
1220150 1792.8
1220160 1792.8
1220170 1794.5
1220180 1800.2
1220190 1800.2
1220200 1806.9
1220210 1812.6
1220220 1814.2
1220230 1814.2
1220240 1811.8
1220250 1808.7
1220260 1808.7
1220270 1807.3
1220280 1808.2
1220290 1808.2
1220300 1808.8
1220310 1809.2
1220320 1809.2
1220330 1810.5
1220340 1813.1
1220350 1813.1
1220360 1816.0
1220370 1820.3
1220380 1820.3
1220390 1827.0
1220400 1832.7
1220410 1832.7
1220420 1851.7
1220430 1862.9
1220440 1862.9
1220450 1873.6
1220460 1883.8
1220470 1883.8
1220480 1894.1
1220490 1903.3
1220500 1913.3
1220510 1920.8
1220520 1930.3
1220530 1942.8
1220540 1942.8
1220550 1959.7
1220560 1967.0
1220570 1967.0
1220580 1963.3
1220590 1955.2
1220600 1955.2
1220610 1942.5
1220620 1931.5
1220630 1931.5
1220640 1928.3
1220650 1927.7
1220660 1927.7
1220670 1931.2
1220680 1934.3
1220690 1934.3
1220700 1932.6
1220710 1933.6
1220720 1933.6
1220730 1938.0
1220740 1936.6
1220750 1936.6
1220760 1941.8
1220770 1943.0
1220780 1943.0
1220790 1943.8
1220800 1942.9
1220810 1941.0
1220820 1941.0
1220830 1939.5
1220840 1938.4
1220850 1938.4
1220860 1936.6
1220870 1933.4
1220880 1933.4
1220890 1928.0
1220900 1923.4
1220910 1923.4
1220920 1918.3
1220930 1915.4
1220940 1915.4
1220950 1914.3
1220960 1905.9
1220970 1905.9
1220980 1903.5
1220990 1922.0
1221000 1922.0
1221010 1920.4
1221020 1916.3
1221030 1916.3
1221040 1912.0
1221050 1910.6
1221060 1910.6
1221070 1907.5
1221080 1905.3
1221090 1904.1
1221100 1904.1
1221110 1903.2
1221120 1899.1
1221130 1899.1
1221140 1894.4
1221150 1888.9
1221160 1888.9
1221170 1883.9
1221180 1875.1
1221190 1875.1
1221200 1875.4
1221210 1880.1
1221220 1880.1
1221230 1881.8
1221240 1879.4
1221250 1879.4
1221260 1868.0
1221270 1863.7
1221280 1863.7
1221290 1861.2
1221300 1854.2
1221310 1854.2
1221320 1855.2
1221330 1854.7
1221340 1854.7
1221350 1855.9
1221360 1855.5
1221370 1855.5
1221380 1845.6
1221390 1834.7
1221400 1834.1
1221410 1834.1
1221420 1838.7
1221430 1840.2
1221440 1840.2
1221450 1839.7
1221460 1837.4
1221470 1844.9
1221480 1843.4
1221490 1838.1
1221500 1838.1
1221510 1831.5
1221520 1825.7
1221530 1825.7
1221540 1819.0
1221550 1811.5
1221560 1811.5
1221570 1804.5
1221580 1786.7
1221590 1786.7
1221600 1771.1
1221610 1765.2
1221620 1765.2
1221630 1760.4
1221640 1756.6
1221650 1756.6
1221660 1753.0
1221670 1751.2
1221680 1751.8
1221690 1751.8
1221700 1751.2
1221710 1747.6
1221720 1747.6
1221730 1742.9
1221740 1740.5
1221750 1740.5
1221760 1739.2
1221770 1737.4
1221780 1737.4
1221790 1734.0
1221800 1729.5
1221810 1729.5
1221820 1723.0
1221830 1717.0
1221840 1717.0
1221850 1712.0
1221860 1706.8
1221870 1706.8
1221880 1701.0
1221890 1696.4
1221900 1696.4
1221910 1692.2
1221920 1688.6
1221930 1688.6
1221940 1683.6
1221950 1678.3
1221960 1683.6
1221970 1679.4
1221980 1672.9
1221990 1667.7
1222000 1667.7
1222010 1663.3
1222020 1660.1
1222030 1660.1
1222040 1655.6
1222050 1650.4
1222060 1650.4
1222070 1650.4
1222080 1654.0
1222090 1654.0
1222100 1658.8
1222110 1664.1
1222120 1664.1
1222130 1669.6
1222140 1675.0
1222150 1675.0
1222160 1680.4
1222170 1687.1
1222180 1687.1
1222190 1694.9
1222200 1700.7
1222210 1700.7
1222220 1703.9
1222230 1705.8
1222240 1705.8
1222250 1705.8
1222260 1705.7
1222270 1708.1
1222280 1708.1
1222290 1709.8
1222300 1711.3
1222310 1711.3
1222320 1713.9
1222330 1717.1
1222340 1717.1
1222350 1720.8
1222360 1724.3
1222370 1724.3
1222380 1726.5
1222390 1727.9
1222400 1727.9
1222410 1728.8
1222420 1729.4
1222430 1729.4
1222440 1736.4
1222450 1736.3
1222460 1736.3
1222470 1736.3
1222480 1738.0
1222490 1738.0
1222500 1739.7
1222510 1740.9
1222520 1740.9
1222530 1743.0
1222540 1744.5
1222550 1744.5
1222560 1746.9
1222570 1750.9
1222580 1752.6
1222590 1752.6
1222600 1753.5
1222610 1758.3
1222620 1758.3
1222630 1758.6
1222640 1756.5
1222650 1756.5
1222660 1753.3
1222670 1750.9
1222680 1750.9
1222690 1750.3
1222700 1749.9
1222710 1749.9
1222720 1748.2
1222730 1748.4
1222740 1748.4
1222750 1747.9
1222760 1746.0
1222770 1746.0
1222780 1743.2
1222790 1740.6
1222800 1740.6
1222810 1738.3
1222820 1736.8
1222830 1736.8
1222840 1734.7
1222850 1733.1
1222860 1732.7
1222870 1732.7
1222880 1731.2
1222890 1730.1
1222900 1730.1
1222910 1729.5
1222920 1727.2
1222930 1735.4
1222940 1731.3
1222950 1728.2
1222960 1728.2
1222970 1725.2
1222980 1722.4
1222990 1722.4
1223000 1718.6
1223010 1715.2
1223020 1715.2
1223030 1710.8
1223040 1707.9
1223050 1707.9
1223060 1704.2
1223070 1698.4
1223080 1698.4
1223090 1692.3
1223100 1687.2
1223110 1687.2
1223120 1685.0
1223130 1685.0
1223140 1685.0
1223150 1680.9
1223160 1673.6
1223170 1670.2
1223180 1670.2
1223190 1668.3
1223200 1666.1
1223210 1666.1
1223220 1665.7
1223230 1668.8
1223240 1668.8
1223250 1672.1
1223260 1672.4
1223270 1672.4
1223280 1672.2
1223290 1670.0
1223300 1670.0
1223310 1667.1
1223320 1666.4
1223330 1666.4
1223340 1668.1
1223350 1667.1
1223360 1667.1
1223370 1665.0
1223380 1661.6
1223390 1661.6
1223400 1656.5
1223410 1653.8
1223420 1661.1
1223430 1661.2
1223440 1665.9
1223450 1670.3
1223460 1670.3
1223470 1670.0
1223480 1667.1
1223490 1667.1
1223500 1670.1
1223510 1678.5
1223520 1678.5
1223530 1685.4
1223540 1690.2
1223550 1690.2
1223560 1695.0
1223570 1701.5
1223580 1701.5
1223590 1715.5
1223600 1741.7
1223610 1741.7
1223620 1760.4
1223630 1774.7
1223640 1774.7
1223650 1783.8
1223660 1788.5
1223670 1788.5
1223680 1791.1
1223690 1793.9
1223700 1793.9
1223710 1794.5
1223720 1795.4
1223730 1795.4
1223740 1803.2
1223750 1810.6
1223760 1812.8
1223770 1812.8
1223780 1810.6
1223790 1807.5
1223800 1807.5
1223810 1803.2
1223820 1796.9
1223830 1796.9
1223840 1786.8
1223850 1770.4
1223860 1770.4
1223870 1749.1
1223880 1734.8
1223890 1734.8
1223900 1737.4
1223910 1746.2
1223920 1746.2
1223930 1747.9
1223940 1749.7
1223950 1749.7
1223960 1749.8
1223970 1750.7
1223980 1750.7
1223990 1751.8
1224000 1750.6
1224010 1750.6
1224020 1749.1
1224030 1748.0
1224040 1745.0
1224050 1745.0
1224060 1741.3
1224070 1739.6
1224080 1739.6
1224090 1736.8
1224100 1734.8
1224110 1734.8
1224120 1734.7
1224130 1735.0
1224140 1735.0
1224150 1733.8
1224160 1731.5
1224170 1731.5
1224180 1729.4
1224190 1727.9
1224200 1727.9
1224210 1725.6
1224220 1723.6
1224230 1723.6
1224240 1723.1
1224250 1721.1
1224260 1721.1
1224270 1718.3
1224280 1717.4
1224290 1717.4
1224300 1717.7
1224310 1719.5
1224320 1719.5
1224330 1722.1
1224340 1725.0
1224350 1726.9
1224360 1726.9
1224370 1726.7
1224380 1725.7
1224390 1725.7
1224400 1732.6
1224410 1730.4
1224420 1730.4
1224430 1726.7
1224440 1721.3
1224450 1721.3
1224460 1714.2
1224470 1696.1
1224480 1696.1
1224490 1679.4
1224500 1668.2
1224510 1668.2
1224520 1661.2
1224530 1656.6
1224540 1656.6
1224550 1651.3
1224560 1643.2
1224570 1643.2
1224580 1636.1
1224590 1630.2
1224600 1630.2
1224610 1623.7
1224620 1617.6
1224630 1611.8
1224640 1611.8
1224650 1608.3
1224660 1606.3
1224670 1606.3
1224680 1603.8
1224690 1601.7
1224700 1601.7
1224710 1599.6
1224720 1596.5
1224730 1596.5
1224740 1593.3
1224750 1589.6
1224760 1589.6
1224770 1585.5
1224780 1581.2
1224790 1581.2
1224800 1575.7
1224810 1566.2
1224820 1566.2
1224830 1558.5
1224840 1555.2
1224850 1555.2
1224860 1552.4
1224870 1549.9
1224880 1549.9
1224890 1552.5
1224900 1544.3
1224910 1544.3
1224920 1536.9
1224930 1531.7
1224940 1528.4
1224950 1528.4
1224960 1527.0
1224970 1526.4
1224980 1526.4
1224990 1525.5
1225000 1524.1
1225010 1524.1
1225020 1521.4
1225030 1519.3
1225040 1519.3
1225050 1519.6
1225060 1521.5
1225070 1521.5
1225080 1519.2
1225090 1513.7
1225100 1513.7
1225110 1507.8
1225120 1503.9
1225130 1503.9
1225140 1502.8
1225150 1503.5
1225160 1503.5
1225170 1506.6
1225180 1508.9
1225190 1508.9
1225200 1509.6
1225210 1509.0
1225220 1511.0
1225230 1511.0
1225240 1513.8
1225250 1514.7
1225260 1514.7
1225270 1517.8
1225280 1523.3
1225290 1523.3
1225300 1525.4
1225310 1526.5
1225320 1526.5
1225330 1529.3
1225340 1532.0
1225350 1532.0
1225360 1533.6
1225370 1534.7
1225380 1542.9
1225390 1544.3
1225400 1545.9
1225410 1545.9
1225420 1547.3
1225430 1548.7
1225440 1548.7
1225450 1550.1
1225460 1550.9
1225470 1550.9
1225480 1550.5
1225490 1548.3
1225500 1548.3
1225510 1547.4
1225520 1547.2
1225530 1546.7
1225540 1546.7
1225550 1545.6
1225560 1542.7
1225570 1542.7
1225580 1538.9
1225590 1536.9
1225600 1536.9
1225610 1534.3
1225620 1532.1
1225630 1532.1
1225640 1530.3
1225650 1527.4
1225660 1527.4
1225670 1526.1
1225680 1527.0
1225690 1527.0
1225700 1524.9
1225710 1522.4
1225720 1522.4
1225730 1521.0
1225740 1521.2
1225750 1521.2
1225760 1519.9
1225770 1517.8
1225780 1517.8
1225790 1516.5
1225800 1515.6
1225810 1513.5
1225820 1513.5
1225830 1513.4
1225840 1511.2
1225850 1511.2
1225860 1512.0
1225870 1517.5
1225880 1517.5
1225890 1516.3
1225900 1515.5
1225910 1515.5
1225920 1514.2
1225930 1511.4
1225940 1511.4
1225950 1510.1
1225960 1511.3
1225970 1511.3
1225980 1512.1
1225990 1511.7
1226000 1511.7
1226010 1511.1
1226020 1510.4
1226030 1510.4
1226040 1511.4
1226050 1511.2
1226060 1511.2
1226070 1509.7
1226080 1505.3
1226090 1505.3
1226100 1507.2
1226110 1507.5
1226120 1506.5
1226130 1506.5
1226140 1504.0
1226150 1500.9
1226160 1500.9
1226170 1499.0
1226180 1498.6
1226190 1498.6
1226200 1497.6
1226210 1495.1
1226220 1495.1
1226230 1494.6
1226240 1493.4
1226250 1493.4
1226260 1491.6
1226270 1489.7
1226280 1489.7
1226290 1487.3
1226300 1484.3
1226310 1484.3
1226320 1483.5
1226330 1480.9
1226340 1480.9
1226350 1478.5
1226360 1470.6
1226370 1477.5
1226380 1472.3
1226390 1468.1
1226400 1468.9
1226410 1468.9
1226420 1468.9
1226430 1468.7
1226440 1468.7
1226450 1467.9
1226460 1463.6
1226470 1463.6
1226480 1462.0
1226490 1461.0
1226500 1461.0
1226510 1463.8
1226520 1466.5
1226530 1466.5
1226540 1470.7
1226550 1477.0
1226560 1477.0
1226570 1479.7
1226580 1479.6
1226590 1479.6
1226600 1480.2
1226610 1479.6
1226620 1479.6
1226630 1478.9
1226640 1479.0
1226650 1479.0
1226660 1478.7
1226670 1477.9
1226680 1477.9
1226690 1477.0
1226700 1474.9
1226710 1474.0
1226720 1474.0
1226730 1473.5
1226740 1472.4
1226750 1472.4
1226760 1471.6
1226770 1471.6
1226780 1471.6
1226790 1471.3
1226800 1470.8
1226810 1470.8
1226820 1470.0
1226830 1468.7
1226840 1468.7
1226850 1467.6
1226860 1472.4
1226870 1472.4
1226880 1471.4
1226890 1469.6
1226900 1469.6
1226910 1468.6
1226920 1470.2
1226930 1470.2
1226940 1472.1
1226950 1473.5
1226960 1473.5
1226970 1473.5
1226980 1472.5
1226990 1471.6
1227000 1471.6
1227010 1470.8
1227020 1470.5
1227030 1470.5
1227040 1471.5
1227050 1472.5
1227060 1472.5
1227070 1472.2
1227080 1471.2
1227090 1471.2
1227100 1470.8
1227110 1470.7
1227120 1470.7
1227130 1471.1
1227140 1469.3
1227150 1469.3
1227160 1467.3
1227170 1466.3
1227180 1466.3
1227190 1465.1
1227200 1464.0
1227210 1464.0
1227220 1462.7
1227230 1461.3
1227240 1461.3
1227250 1460.1
1227260 1457.5
1227270 1457.5
1227280 1456.1
1227290 1455.0
1227300 1453.0
1227310 1453.0
1227320 1451.5
1227330 1450.8
1227340 1450.8
1227350 1451.8
1227360 1458.4
1227370 1458.4
1227380 1459.0
1227390 1457.4
1227400 1457.4
1227410 1456.9
1227420 1458.0
1227430 1458.0
1227440 1460.3
1227450 1459.5
1227460 1459.5
1227470 1455.0
1227480 1451.6
1227490 1451.6
1227500 1452.2
1227510 1454.1
1227520 1454.1
1227530 1454.9
1227540 1453.4
1227550 1453.4
1227560 1449.0
1227570 1442.8
1227580 1437.2
1227590 1437.2
1227600 1434.6
1227610 1434.2
1227620 1434.2
1227630 1435.1
1227640 1434.4
1227650 1434.4
1227660 1433.0
1227670 1432.9
1227680 1432.9
1227690 1431.7
1227700 1429.4
1227710 1429.4
1227720 1428.6
1227730 1429.2
1227740 1429.2
1227750 1427.9
1227760 1424.0
1227770 1424.0
1227780 1424.3
1227790 1422.9
1227800 1422.9
1227810 1418.4
1227820 1419.0
1227830 1419.0
1227840 1421.7
1227850 1428.2
1227860 1428.2
1227870 1429.9
1227880 1429.9
1227890 1428.7
1227900 1428.7
1227910 1427.3
1227920 1424.7
1227930 1424.7
1227940 1422.2
1227950 1420.5
1227960 1420.5
1227970 1418.0
1227980 1414.8
1227990 1414.8
1228000 1411.1
1228010 1407.8
1228020 1407.8
1228030 1404.3
1228040 1401.2
1228050 1401.2
1228060 1398.2
1228070 1395.7
1228080 1395.7
1228090 1393.9
1228100 1391.9
1228110 1391.9
1228120 1389.7
1228130 1387.7
1228140 1387.7
1228150 1385.5
1228160 1383.7
1228170 1382.1
1228180 1382.1
1228190 1382.1
1228200 1384.4
1228210 1384.4
1228220 1385.1
1228230 1383.3
1228240 1383.3
1228250 1379.8
1228260 1377.1
1228270 1377.1
1228280 1374.2
1228290 1372.4
1228300 1372.4
1228310 1371.0
1228320 1368.7
1228330 1368.7
1228340 1365.7
1228350 1366.5
1228360 1366.5
1228370 1364.9
1228380 1363.7
1228390 1363.7
1228400 1362.5
1228410 1362.0
1228420 1362.0
1228430 1362.3
1228440 1362.6
1228450 1362.6
1228460 1362.9
1228470 1362.6
1228480 1360.0
1228490 1360.0
1228500 1357.4
1228510 1356.9
1228520 1356.9
1228530 1356.5
1228540 1356.0
1228550 1356.0
1228560 1355.8
1228570 1355.7
1228580 1355.7
1228590 1355.4
1228600 1355.3
1228610 1355.3
1228620 1355.3
1228630 1355.4
1228640 1355.4
1228650 1355.0
1228660 1354.7
1228670 1354.7
1228680 1354.7
1228690 1354.7
1228700 1354.7
1228710 1354.4
1228720 1354.5
1228730 1354.5
1228740 1354.2
1228750 1353.8
1228760 1353.4
1228770 1353.4
1228780 1353.2
1228790 1352.9
1228800 1352.9
1228810 1352.8
1228820 1352.8
1228830 1352.8
1228840 1352.7
1228850 1352.6
1228860 1352.6
1228870 1352.3
1228880 1352.1
1228890 1352.1
1228900 1351.8
1228910 1351.6
1228920 1351.6
1228930 1351.5
1228940 1351.2
1228950 1351.2
1228960 1351.1
1228970 1350.9
1228980 1350.9
1228990 1350.2
1229000 1349.4
1229010 1349.4
1229020 1349.2
1229030 1349.3
1229040 1349.3
1229050 1349.8
1229060 1351.1
1229070 1353.3
1229080 1353.3
1229090 1354.5
1229100 1355.4
1229110 1355.4
1229120 1356.0
1229130 1356.6
1229140 1356.6
1229150 1357.3
1229160 1357.6
1229170 1357.6
1229180 1356.4
1229190 1357.7
1229200 1357.7
1229210 1358.2
1229220 1358.5
1229230 1358.5
1229240 1359.7
1229250 1360.5
1229260 1360.5
1229270 1360.9
1229280 1360.0
1229290 1360.0
1229300 1357.8
1229310 1358.1
1229320 1358.1
1229330 1361.4
1229340 1365.5
1229350 1366.6
1229360 1366.6
1229370 1369.2
1229380 1371.8
1229390 1371.8
1229400 1373.7
1229410 1375.2
1229420 1375.2
1229430 1375.6
1229440 1375.5
1229450 1375.5
1229460 1374.8
1229470 1374.4
1229480 1374.4
1229490 1373.8
1229500 1372.4
1229510 1372.4
1229520 1371.2
1229530 1370.2
1229540 1370.2
1229550 1369.2
1229560 1367.9
1229570 1367.9
1229580 1366.8
1229590 1365.8
1229600 1365.8
1229610 1364.6
1229620 1363.2
1229630 1363.2
1229640 1361.5
1229650 1359.8
1229660 1358.6
1229670 1358.6
1229680 1357.4
1229690 1356.2
1229700 1356.2
1229710 1355.0
1229720 1353.7
1229730 1353.7
1229740 1352.5
1229750 1351.4
1229760 1351.4
1229770 1350.4
1229780 1350.3
1229790 1350.3
1229800 1350.9
1229810 1351.0
1229820 1351.0
1229830 1350.9
1229840 1351.6
1229850 1350.7
1229860 1351.0
1229870 1351.5
1229880 1351.5
1229890 1352.2
1229900 1352.3
1229910 1352.3
1229920 1352.8
1229930 1353.5
1229940 1353.2
1229950 1353.2
1229960 1352.8
1229970 1353.1
1229980 1353.1
1229990 1353.0
1230000 1353.1
1230010 1353.1
1230020 1353.0
1230030 1352.5
1230040 1352.5
1230050 1351.9
1230060 1351.3
1230070 1351.3
1230080 1350.7
1230090 1350.2
1230100 1350.2
1230110 1349.9
1230120 1350.2
1230130 1350.2
1230140 1351.1
1230150 1352.2
1230160 1352.2
1230170 1353.5
1230180 1354.6
1230190 1354.6
1230200 1355.8
1230210 1356.9
1230220 1356.9
1230230 1357.7
1230240 1358.5
1230250 1359.4
1230260 1359.4
1230270 1360.2
1230280 1360.7
1230290 1360.7
1230300 1361.2
1230310 1362.1
1230320 1362.1
1230330 1363.2
1230340 1364.3
1230350 1360.6
1230360 1361.7
1230370 1362.5
1230380 1362.5
1230390 1363.1
1230400 1363.9
1230410 1363.9
1230420 1364.8
1230430 1365.3
1230440 1365.3
1230450 1365.8
1230460 1366.6
1230470 1366.6
1230480 1366.9
1230490 1367.4
1230500 1367.4
1230510 1368.4
1230520 1369.0
1230530 1369.5
1230540 1369.5
1230550 1370.3
1230560 1370.7
1230570 1370.7
1230580 1370.8
1230590 1371.5
1230600 1371.5
1230610 1367.6
1230620 1362.5
1230630 1362.5
1230640 1358.5
1230650 1361.6
1230660 1361.6
1230670 1368.3
1230680 1371.3
1230690 1371.3
1230700 1369.5
1230710 1372.1
1230720 1372.1
1230730 1376.1
1230740 1378.9
1230750 1378.9
1230760 1380.0
1230770 1380.5
1230780 1380.5
1230790 1381.7
1230800 1382.5
1230810 1382.5
1230820 1383.8
1230830 1386.1
1230840 1388.4
1230850 1383.7
1230860 1385.4
1230870 1387.2
1230880 1387.2
1230890 1389.4
1230900 1390.9
1230910 1390.9
1230920 1392.3
1230930 1393.3
1230940 1393.3
1230950 1394.0
1230960 1394.6
1230970 1394.6
1230980 1394.9
1230990 1395.0
1231000 1395.0
1231010 1395.0
1231020 1395.0
1231030 1395.0
1231040 1395.7
1231050 1395.8
1231060 1395.8
1231070 1395.4
1231080 1393.9
1231090 1393.9
1231100 1392.4
1231110 1391.4
1231120 1391.5
1231130 1391.5
1231140 1390.3
1231150 1390.3
1231160 1390.3
1231170 1389.6
1231180 1387.9
1231190 1387.9
1231200 1385.9
1231210 1384.0
1231220 1384.0
1231230 1382.0
1231240 1379.7
1231250 1379.7
1231260 1377.5
1231270 1378.6
1231280 1378.6
1231290 1379.5
1231300 1382.0
1231310 1382.0
1231320 1385.2
1231330 1385.3
1231340 1385.3
1231350 1376.9
1231360 1375.3
1231370 1375.3
1231380 1378.1
1231390 1379.7
1231400 1379.7
1231410 1382.9
1231420 1385.4
1231430 1385.0
1231440 1385.0
1231450 1383.8
1231460 1385.5
1231470 1385.5
1231480 1387.4
1231490 1389.3
1231500 1389.3
1231510 1390.2
1231520 1392.0
1231530 1392.0
1231540 1395.7
1231550 1399.6
1231560 1399.6
1231570 1403.0
1231580 1405.6
1231590 1405.6
1231600 1408.1
1231610 1410.5
1231620 1410.5
1231630 1412.4
1231640 1413.5
1231650 1413.5
1231660 1413.9
1231670 1414.2
1231680 1414.2
1231690 1413.9
1231700 1413.1
1231710 1412.3
1231720 1412.3
1231730 1411.5
1231740 1410.4
1231750 1410.4
1231760 1409.2
1231770 1408.4
1231780 1408.4
1231790 1407.3
1231800 1406.5
1231810 1406.5
1231820 1405.9
1231830 1406.0
1231840 1406.0
1231850 1405.9
1231860 1405.9
1231870 1405.9
1231880 1406.5
1231890 1406.0
1231900 1406.0
1231910 1404.0
1231920 1400.7
1231930 1400.7
1231940 1397.2
1231950 1390.4
1231960 1390.4
1231970 1384.1
1231980 1377.7
1231990 1377.7
1232000 1373.0
1232010 1370.6
1232020 1369.5
1232030 1369.5
1232040 1365.6
1232050 1359.1
1232060 1359.1
1232070 1355.1
1232080 1353.7
1232090 1353.7
1232100 1356.9
1232110 1365.9
1232120 1365.9
1232130 1367.3
1232140 1365.2
1232150 1365.2
1232160 1364.6
1232170 1365.5
1232180 1365.5
1232190 1368.1
1232200 1370.6
1232210 1370.6
1232220 1371.4
1232230 1374.6
1232240 1374.6
1232250 1379.4
1232260 1384.2
1232270 1384.2
1232280 1389.2
1232290 1393.4
1232300 1394.3
1232310 1394.3
1232320 1393.8
1232330 1396.4
1232340 1396.4
1232350 1400.7
1232360 1403.6
1232370 1403.6
1232380 1405.4
1232390 1406.7
1232400 1406.7
1232410 1408.4
1232420 1410.2
1232430 1410.2
1232440 1412.4
1232450 1414.8
1232460 1414.8
1232470 1417.4
1232480 1419.8
1232490 1419.8
1232500 1421.6
1232510 1422.9
1232520 1422.9
1232530 1423.8
1232540 1425.1
1232550 1425.1
1232560 1426.7
1232570 1428.4
1232580 1428.4
1232590 1430.0
1232600 1431.6
1232610 1432.8
1232620 1432.8
1232630 1433.9
1232640 1434.9
1232650 1434.9
1232660 1435.9
1232670 1437.1
1232680 1437.1
1232690 1438.4
1232700 1439.5
1232710 1439.5
1232720 1439.9
1232730 1439.9
1232740 1439.9
1232750 1439.9
1232760 1440.4
1232770 1440.4
1232780 1440.6
1232790 1440.2
1232800 1440.2
1232810 1439.5
1232820 1439.8
1232830 1439.8
1232840 1439.9
1232850 1439.5
1232860 1439.5
1232870 1436.0
1232880 1435.8
1232890 1435.2
1232900 1435.2
1232910 1434.4
1232920 1433.6
1232930 1433.6
1232940 1432.9
1232950 1433.0
1232960 1433.0
1232970 1432.8
1232980 1432.6
1232990 1432.6
1233000 1432.6
1233010 1432.4
1233020 1432.4
1233030 1432.0
1233040 1431.1
1233050 1431.1
1233060 1430.6
1233070 1430.4
1233080 1430.4
1233090 1430.1
1233100 1429.5
1233110 1429.5
1233120 1428.8
1233130 1428.9
1233140 1428.9
1233150 1428.3
1233160 1426.2
1233170 1426.2
1233180 1425.3
1233190 1425.1
1233200 1424.4
1233210 1424.4
1233220 1423.2
1233230 1422.3
1233240 1422.3
1233250 1420.7
1233260 1420.4
1233270 1420.4
1233280 1419.8
1233290 1417.5
1233300 1417.5
1233310 1416.4
1233320 1417.0
1233330 1417.0
1233340 1415.6
1233350 1415.4
1233360 1415.4
1233370 1414.9
1233380 1410.4
1233390 1410.4
1233400 1410.4
1233410 1410.6
1233420 1410.6
1233430 1409.7
1233440 1408.7
1233450 1408.7
1233460 1407.5
1233470 1405.3
1233480 1403.8
1233490 1403.8
1233500 1403.2
1233510 1402.0
1233520 1402.0
1233530 1400.7
1233540 1399.2
1233550 1399.2
1233560 1397.2
1233570 1396.3
1233580 1396.3
1233590 1395.4
1233600 1394.5
1233610 1394.5
1233620 1393.7
1233630 1392.5
1233640 1392.5
1233650 1390.8
1233660 1390.3
1233670 1390.3
1233680 1389.9
1233690 1388.6
1233700 1388.6
1233710 1387.2
1233720 1386.0
1233730 1386.0
1233740 1385.0
1233750 1383.8
1233760 1383.8
1233770 1382.9
1233780 1382.0
1233790 1380.8
1233800 1380.8
1233810 1378.5
1233820 1375.9
1233830 1375.9
1233840 1374.4
1233850 1373.3
1233860 1373.3
1233870 1371.9
1233880 1368.9
1233890 1368.9
1233900 1367.9
1233910 1367.5
1233920 1367.5
1233930 1366.7
1233940 1365.2
1233950 1365.2
1233960 1363.7
1233970 1365.5
1233980 1365.5
1233990 1369.1
1234000 1371.4
1234010 1371.4
1234020 1371.2
1234030 1370.8
1234040 1370.8
1234050 1370.4
1234060 1370.0
1234070 1369.5
1234080 1369.5
1234090 1368.7
1234100 1366.8
1234110 1366.8
1234120 1366.6
1234130 1364.9
1234140 1364.9
1234150 1360.5
1234160 1358.2
1234170 1358.2
1234180 1354.2
1234190 1350.8
1234200 1350.8
1234210 1345.5
1234220 1340.0
1234230 1340.0
1234240 1335.7
1234250 1329.8
1234260 1329.8
1234270 1322.0
1234280 1316.6
1234290 1316.6
1234300 1307.6
1234310 1300.1
1234320 1300.1
1234330 1300.2
1234340 1298.5
1234350 1298.5
1234360 1292.5
1234370 1290.5
1234380 1288.7
1234390 1287.3
1234400 1289.8
1234410 1297.6
1234420 1297.6
1234430 1306.7
1234440 1315.9
1234450 1315.9
1234460 1324.4
1234470 1330.2
1234480 1330.2
1234490 1332.9
1234500 1335.1
1234510 1335.1
1234520 1337.5
1234530 1339.5
1234540 1339.5
1234550 1341.6
1234560 1343.2
1234570 1343.2
1234580 1345.1
1234590 1347.1
1234600 1347.1
1234610 1348.9
1234620 1351.0
1234630 1351.0
1234640 1352.4
1234650 1353.8
1234660 1355.2
1234670 1355.2
1234680 1357.5
1234690 1359.8
1234700 1359.8
1234710 1361.5
1234720 1363.2
1234730 1363.2
1234740 1365.4
1234750 1367.2
1234760 1367.2
1234770 1369.0
1234780 1371.1
1234790 1371.1
1234800 1373.2
1234810 1375.2
1234820 1375.2
1234830 1376.9
1234840 1378.4
1234850 1378.4
1234860 1379.7
1234870 1380.9
1234880 1380.9
1234890 1381.7
1234900 1378.1
1234910 1378.1
1234920 1378.9
1234930 1379.5
1234940 1379.5
1234950 1381.0
1234960 1381.8
1234970 1383.4
1234980 1383.4
1234990 1384.0
1235000 1382.7
1235010 1382.7
1235020 1380.5
1235030 1378.0
1235040 1378.0
1235050 1379.7
1235060 1384.5
1235070 1384.5
1235080 1385.8
1235090 1388.5
1235100 1388.5
1235110 1391.8
1235120 1393.0
1235130 1393.0
1235140 1393.5
1235150 1394.5
1235160 1394.5
1235170 1394.9
1235180 1395.3
1235190 1395.3
1235200 1395.8
1235210 1395.8
1235220 1395.8
1235230 1395.3
1235240 1391.8
1235250 1392.1
1235260 1392.1
1235270 1392.9
1235280 1392.0
1235290 1392.0
1235300 1390.2
1235310 1390.5
1235320 1390.5
1235330 1393.0
1235340 1393.4
1235350 1393.4
1235360 1394.4
1235370 1394.5
1235380 1394.5
1235390 1394.8
1235400 1394.8
1235410 1394.8
1235420 1390.9
1235430 1390.8
1235440 1390.8
1235450 1390.2
1235460 1390.2
1235470 1390.2
1235480 1389.3
1235490 1390.6
1235500 1390.6
1235510 1391.6
1235520 1392.0
1235530 1392.0
1235540 1391.0
1235550 1391.9
1235560 1392.2
1235570 1392.2
1235580 1392.7
1235590 1392.9
1235600 1392.9
1235610 1393.1
1235620 1393.4
1235630 1393.4
1235640 1393.5
1235650 1393.6
1235660 1393.6
1235670 1393.4
1235680 1393.2
1235690 1393.2
1235700 1392.3
1235710 1389.8
1235720 1389.8
1235730 1385.1
1235740 1383.2
1235750 1383.2
1235760 1381.4
1235770 1372.3
1235780 1372.3
1235790 1363.4
1235800 1354.7
1235810 1354.7
1235820 1346.9
1235830 1339.5
1235840 1332.5
1235850 1332.5
1235860 1326.3
1235870 1320.8
1235880 1320.8
1235890 1315.7
1235900 1310.6
1235910 1310.6
1235920 1309.6
1235930 1305.5
1235940 1305.5
1235950 1307.2
1235960 1310.1
1235970 1310.1
1235980 1313.1
1235990 1317.9
1236000 1317.9
1236010 1324.5
1236020 1332.0
1236030 1332.0
1236040 1339.7
1236050 1347.7
1236060 1347.7
1236070 1355.1
1236080 1361.5
1236090 1361.5
1236100 1366.3
1236110 1369.0
1236120 1369.0
1236130 1370.3
1236140 1369.9
1236150 1369.6
1236160 1369.6
1236170 1372.2
1236180 1373.2
1236190 1373.2
1236200 1373.4
1236210 1373.4
1236220 1373.4
1236230 1372.9
1236240 1372.4
1236250 1372.4
1236260 1372.3
1236270 1372.1
1236280 1372.1
1236290 1372.0
1236300 1373.1
1236310 1373.1
1236320 1374.6
1236330 1375.2
1236340 1375.2
1236350 1375.0
1236360 1374.3
1236370 1374.3
1236380 1373.4
1236390 1372.0
1236400 1372.0
1236410 1370.4
1236420 1367.9
1236430 1366.4
1236440 1363.1
1236450 1363.2
1236460 1364.5
1236470 1364.5
1236480 1364.7
1236490 1364.2
1236500 1364.2
1236510 1363.9
1236520 1364.1
1236530 1364.1
1236540 1362.7
1236550 1362.1
1236560 1362.1
1236570 1362.3
1236580 1362.2
1236590 1362.2
1236600 1356.5
1236610 1346.9
1236620 1346.9
1236630 1337.7
1236640 1329.5
1236650 1329.5
1236660 1322.6
1236670 1317.2
1236680 1317.2
1236690 1312.0
1236700 1309.7
1236710 1309.7
1236720 1311.5
1236730 1316.0
1236740 1321.2
1236750 1321.2
1236760 1325.8
1236770 1329.8
1236780 1329.8
1236790 1333.0
1236800 1335.9
1236810 1335.9
1236820 1338.9
1236830 1341.2
1236840 1341.2
1236850 1341.5
1236860 1341.9
1236870 1341.9
1236880 1342.2
1236890 1341.6
1236900 1341.6
1236910 1341.3
1236920 1341.6
1236930 1341.6
1236940 1341.2
1236950 1340.8
1236960 1337.4
1236970 1336.6
1236980 1336.2
1236990 1336.2
1237000 1336.0
1237010 1336.2
1237020 1336.1
1237030 1336.1
1237040 1334.7
1237050 1335.0
1237060 1335.0
1237070 1335.8
1237080 1335.6
1237090 1335.6
1237100 1334.1
1237110 1334.2
1237120 1334.2
1237130 1335.6
1237140 1335.6
1237150 1335.6
1237160 1334.7
1237170 1333.5
1237180 1333.5
1237190 1333.1
1237200 1334.4
1237210 1334.4
1237220 1335.2
1237230 1334.6
1237240 1334.6
1237250 1333.0
1237260 1331.6
1237270 1331.6
1237280 1330.5
1237290 1329.9
1237300 1329.9
1237310 1328.8
1237320 1326.6
1237330 1324.4
1237340 1324.4
1237350 1322.5
1237360 1320.4
1237370 1320.4
1237380 1319.6
1237390 1318.6
1237400 1318.6
1237410 1318.2
1237420 1317.7
1237430 1317.7
1237440 1317.0
1237450 1317.1
1237460 1317.1
1237470 1312.7
1237480 1311.0
1237490 1311.0
1237500 1310.1
1237510 1308.9
1237520 1308.9
1237530 1307.2
1237540 1306.0
1237550 1306.0
1237560 1303.6
1237570 1299.9
1237580 1299.9
1237590 1297.4
1237600 1295.4
1237610 1293.8
1237620 1293.8
1237630 1294.1
1237640 1290.4
1237650 1290.4
1237660 1285.3
1237670 1284.2
1237680 1284.2
1237690 1285.8
1237700 1285.0
1237710 1285.0
1237720 1283.1
1237730 1280.4
1237740 1280.4
1237750 1276.9
1237760 1275.3
1237770 1275.3
1237780 1273.8
1237790 1272.9
1237800 1272.9
1237810 1271.8
1237820 1270.1
1237830 1270.1
1237840 1268.2
1237850 1266.0
1237860 1266.0
1237870 1264.6
1237880 1263.5
1237890 1263.5
1237900 1262.8
1237910 1262.0
1237920 1261.6
1237930 1261.6
1237940 1261.0
1237950 1260.2
1237960 1260.2
1237970 1259.4
1237980 1259.0
1237990 1257.4
1238000 1256.9
1238010 1256.4
1238020 1256.4
1238030 1257.4
1238040 1258.1
1238050 1258.1
1238060 1257.9
1238070 1256.6
1238080 1256.6
1238090 1253.9
1238100 1250.4
1238110 1250.4
1238120 1250.5
1238130 1250.7
1238140 1250.7
1238150 1250.7
1238160 1250.9
1238170 1250.9
1238180 1251.2
1238190 1251.5
1238200 1251.3
1238210 1251.3
1238220 1251.2
1238230 1250.3
1238240 1250.3
1238250 1249.8
1238260 1249.3
1238270 1249.3
1238280 1248.3
1238290 1247.5
1238300 1247.5
1238310 1247.4
1238320 1247.2
1238330 1247.2
1238340 1246.9
1238350 1246.5
1238360 1246.5
1238370 1246.3
1238380 1245.6
1238390 1245.6
1238400 1244.6
1238410 1243.8
1238420 1243.8
1238430 1243.0
1238440 1241.8
1238450 1241.8
1238460 1240.4
1238470 1239.3
1238480 1238.5
1238490 1238.5
1238500 1236.9
1238510 1234.4
1238520 1234.4
1238530 1233.1
1238540 1231.5
1238550 1231.5
1238560 1229.9
1238570 1228.5
1238580 1228.5
1238590 1227.3
1238600 1226.3
1238610 1226.3
1238620 1225.2
1238630 1223.9
1238640 1223.9
1238650 1222.5
1238660 1221.5
1238670 1221.5
1238680 1220.6
1238690 1219.8
1238700 1219.8
1238710 1219.2
1238720 1219.0
1238730 1219.0
1238740 1218.7
1238750 1218.0
1238760 1218.0
1238770 1217.5
1238780 1217.2
1238790 1216.2
1238800 1216.2
1238810 1215.3
1238820 1214.3
1238830 1214.3
1238840 1213.1
1238850 1212.3
1238860 1212.3
1238870 1212.5
1238880 1212.6
1238890 1212.6
1238900 1212.3
1238910 1211.5
1238920 1211.5
1238930 1210.8
1238940 1210.3
1238950 1210.3
1238960 1209.7
1238970 1209.8
1238980 1209.8
1238990 1209.6
1239000 1208.9
1239010 1208.9
1239020 1208.6
1239030 1206.1
1239040 1206.1
1239050 1205.4
1239060 1204.8
1239070 1203.8
1239080 1203.8
1239090 1202.5
1239100 1201.3
1239110 1201.3
1239120 1200.2
1239130 1199.3
1239140 1199.3
1239150 1198.6
1239160 1197.6
1239170 1197.6
1239180 1196.9
1239190 1196.2
1239200 1196.2
1239210 1195.3
1239220 1194.2
1239230 1194.2
1239240 1192.9
1239250 1191.5
1239260 1191.5
1239270 1189.9
1239280 1188.3
1239290 1188.3
1239300 1186.8
1239310 1185.5
1239320 1185.5
1239330 1184.4
1239340 1183.3
1239350 1183.3
1239360 1182.2
1239370 1181.2
1239380 1180.0
1239390 1180.0
1239400 1179.2
1239410 1178.8
1239420 1178.8
1239430 1178.9
1239440 1179.2
1239450 1179.2
1239460 1178.7
1239470 1176.9
1239480 1176.9
1239490 1174.9
1239500 1172.2
1239510 1172.2
1239520 1169.1
1239530 1167.7
1239540 1167.7
1239550 1167.2
1239560 1166.6
1239570 1166.6
1239580 1165.9
1239590 1165.2
1239600 1165.2
1239610 1164.4
1239620 1163.6
1239630 1163.6
1239640 1162.7
1239650 1161.8
1239660 1160.6
1239670 1160.6
1239680 1159.3
1239690 1157.9
1239700 1157.9
1239710 1156.8
1239720 1155.8
1239730 1155.8
1239740 1154.4
1239750 1153.1
1239760 1153.1
1239770 1152.2
1239780 1151.7
1239790 1151.7
1239800 1152.1
1239810 1152.3
1239820 1152.3
1239830 1151.9
1239840 1150.5
1239850 1150.5
1239860 1147.9
1239870 1145.7
1239880 1145.7
1239890 1143.6
1239900 1141.5
1239910 1141.5
1239920 1139.3
1239930 1137.6
1239940 1137.6
1239950 1137.1
1239960 1137.0
1239970 1137.0
1239980 1137.0
1239990 1138.9
