1220000 1566.2
1220010 1566.2
1220020 1566.6
1220030 1568.1
1220040 1568.1
1220050 1569.2
1220060 1568.7
1220070 1568.7
1220080 1566.8
1220090 1566.7
1220100 1566.7
1220110 1569.0
1220120 1570.0
1220130 1570.0
1220140 1570.5
1220150 1570.5
1220160 1570.5
1220170 1570.2
1220180 1570.7
1220190 1570.7
1220200 1571.4
1220210 1571.4
1220220 1571.4
1220230 1571.1
1220240 1571.2
1220250 1571.2
1220260 1571.5
1220270 1571.1
1220280 1571.1
1220290 1568.9
1220300 1567.3
1220310 1566.9
1220320 1566.9
1220330 1566.8
1220340 1567.0
1220350 1567.0
1220360 1567.0
1220370 1565.1
1220380 1565.1
1220390 1563.4
1220400 1562.1
1220410 1562.1
1220420 1560.9
1220430 1560.0
1220440 1560.0
1220450 1559.0
1220460 1558.3
1220470 1558.3
1220480 1557.5
1220490 1556.9
1220500 1556.9
1220510 1556.2
1220520 1555.4
1220530 1555.4
1220540 1555.3
1220550 1558.8
1220560 1558.8
1220570 1563.6
1220580 1566.9
1220590 1568.5
1220600 1568.5
1220610 1571.0
1220620 1571.5
1220630 1571.5
1220640 1571.0
1220650 1572.9
1220660 1572.9
1220670 1573.7
1220680 1575.6
1220690 1575.6
1220700 1579.3
1220710 1583.7
1220720 1583.7
1220730 1588.6
1220740 1593.5
1220750 1593.5
1220760 1597.4
1220770 1600.0
1220780 1600.0
1220790 1601.4
1220800 1601.9
1220810 1601.9
1220820 1602.0
1220830 1601.6
1220840 1601.6
1220850 1599.7
1220860 1597.1
1220870 1597.1
1220880 1594.0
1220890 1591.2
1220900 1589.3
1220910 1589.3
1220920 1587.8
1220930 1586.6
1220940 1586.6
1220950 1584.4
1220960 1583.8
1220970 1583.8
1220980 1582.7
1220990 1582.0
1221000 1582.0
1221010 1579.6
1221020 1577.0
1221030 1577.0
1221040 1577.1
1221050 1579.1
1221060 1579.1
1221070 1577.1
1221080 1574.4
1221090 1574.4
1221100 1572.2
1221110 1570.4
1221120 1570.4
1221130 1572.6
1221140 1575.8
1221150 1575.8
1221160 1577.8
1221170 1576.2
1221180 1575.1
1221190 1575.1
1221200 1573.7
1221210 1572.8
1221220 1572.8
1221230 1572.0
1221240 1570.7
1221250 1570.7
1221260 1569.9
1221270 1568.8
1221280 1568.8
1221290 1567.9
1221300 1566.1
1221310 1566.1
1221320 1564.8
1221330 1564.1
1221340 1564.1
1221350 1563.8
1221360 1561.7
1221370 1561.7
1221380 1559.2
1221390 1557.7
1221400 1557.7
1221410 1556.5
1221420 1554.6
1221430 1554.6
1221440 1552.3
1221450 1550.4
1221460 1550.4
1221470 1550.1
1221480 1550.0
1221490 1549.1
1221500 1549.1
1221510 1549.8
1221520 1549.8
1221530 1549.8
1221540 1548.2
1221550 1545.6
1221560 1544.8
1221570 1545.0
1221580 1545.7
1221590 1545.7
1221600 1545.7
1221610 1545.6
1221620 1545.6
1221630 1545.9
1221640 1545.8
1221650 1545.8
1221660 1545.2
1221670 1545.4
1221680 1545.4
1221690 1545.2
1221700 1545.0
1221710 1545.0
1221720 1545.2
1221730 1545.3
1221740 1545.3
1221750 1544.8
1221760 1542.0
1221770 1542.0
1221780 1540.5
1221790 1542.1
1221800 1542.1
1221810 1542.1
1221820 1542.0
1221830 1541.7
1221840 1541.7
1221850 1541.2
1221860 1541.3
1221870 1541.3
1221880 1541.3
1221890 1541.2
1221900 1541.2
1221910 1540.8
1221920 1540.7
1221930 1540.7
1221940 1540.5
1221950 1540.2
1221960 1540.2
1221970 1539.8
1221980 1539.4
1221990 1539.4
1222000 1539.8
1222010 1542.1
1222020 1542.1
1222030 1544.0
1222040 1544.3
1222050 1544.3
1222060 1544.2
1222070 1543.5
1222080 1540.5
1222090 1540.5
1222100 1539.5
1222110 1539.2
1222120 1539.2
1222130 1538.8
1222140 1540.5
1222150 1540.5
1222160 1544.0
1222170 1544.8
1222180 1544.8
1222190 1545.7
1222200 1546.2
1222210 1546.2
1222220 1546.5
1222230 1546.3
1222240 1546.3
1222250 1545.8
1222260 1545.1
1222270 1545.1
1222280 1543.9
1222290 1541.9
1222300 1541.9
1222310 1539.7
1222320 1537.6
1222330 1537.6
1222340 1536.4
1222350 1534.0
1222360 1534.0
1222370 1532.1
1222380 1530.6
1222390 1529.3
1222400 1529.3
1222410 1528.2
1222420 1528.2
1222430 1528.2
1222440 1528.1
1222450 1527.7
1222460 1527.7
1222470 1527.0
1222480 1526.8
1222490 1526.8
1222500 1526.5
1222510 1526.1
1222520 1526.1
1222530 1527.6
1222540 1527.1
1222550 1527.1
1222560 1527.7
1222570 1527.0
1222580 1527.0
1222590 1526.1
1222600 1526.2
1222610 1526.2
1222620 1527.3
1222630 1527.6
1222640 1527.6
1222650 1527.3
1222660 1526.6
1222670 1526.1
1222680 1526.1
1222690 1525.8
1222700 1524.9
1222710 1524.9
1222720 1524.5
1222730 1524.4
1222740 1524.4
1222750 1524.4
1222760 1523.9
1222770 1523.9
1222780 1523.6
1222790 1523.3
1222800 1523.3
1222810 1523.2
1222820 1522.9
1222830 1522.9
1222840 1522.4
1222850 1521.9
1222860 1521.9
1222870 1521.4
1222880 1520.9
1222890 1520.9
1222900 1520.5
1222910 1519.9
1222920 1519.9
1222930 1519.4
1222940 1518.9
1222950 1518.9
1222960 1518.5
1222970 1518.0
1222980 1517.5
1222990 1517.5
1223000 1516.4
1223010 1514.3
1223020 1517.3
1223030 1516.4
1223040 1516.0
1223050 1516.0
1223060 1516.2
1223070 1516.3
1223080 1516.3
1223090 1516.3
1223100 1516.4
1223110 1516.4
1223120 1515.6
1223130 1514.6
1223140 1514.6
1223150 1513.2
1223160 1512.1
1223170 1512.1
1223180 1511.3
1223190 1511.0
1223200 1511.0
1223210 1510.5
1223220 1512.1
1223230 1512.1
1223240 1514.9
1223250 1514.5
1223260 1514.2
1223270 1514.2
1223280 1514.5
1223290 1512.2
1223300 1512.2
1223310 1509.3
1223320 1507.4
1223330 1507.4
1223340 1509.0
1223350 1508.6
1223360 1508.6
1223370 1503.4
1223380 1498.1
1223390 1498.1
1223400 1496.2
1223410 1496.4
1223420 1496.4
1223430 1499.2
1223440 1502.3
1223450 1502.3
1223460 1506.0
1223470 1507.8
1223480 1507.8
1223490 1506.5
1223500 1505.7
1223510 1505.9
1223520 1505.4
1223530 1505.7
1223540 1505.7
1223550 1506.5
1223560 1505.8
1223570 1504.9
1223580 1504.9
1223590 1503.8
1223600 1502.5
1223610 1502.5
1223620 1502.7
1223630 1502.6
1223640 1502.6
1223650 1501.1
1223660 1499.9
1223670 1499.9
1223680 1498.8
1223690 1497.5
1223700 1497.5
1223710 1495.4
1223720 1493.6
1223730 1493.6
1223740 1491.2
1223750 1487.5
1223760 1487.5
1223770 1485.6
1223780 1484.7
1223790 1484.7
1223800 1484.1
1223810 1486.1
1223820 1486.1
1223830 1487.5
1223840 1487.7
1223850 1487.7
1223860 1487.5
1223870 1486.1
1223880 1482.9
1223890 1482.9
1223900 1479.8
1223910 1478.1
1223920 1478.1
1223930 1477.1
1223940 1476.1
1223950 1476.1
1223960 1475.3
1223970 1474.6
1223980 1474.6
1223990 1472.2
1224000 1471.6
1224010 1471.6
1224020 1471.0
1224030 1470.2
1224040 1470.2
1224050 1469.6
1224060 1469.1
1224070 1469.1
1224080 1468.8
1224090 1468.4
1224100 1468.4
1224110 1468.5
1224120 1468.9
1224130 1468.9
1224140 1469.7
1224150 1469.5
1224160 1469.1
1224170 1469.1
1224180 1469.0
1224190 1469.0
1224200 1469.0
1224210 1467.8
1224220 1466.5
1224230 1466.5
1224240 1465.7
1224250 1466.0
1224260 1466.0
1224270 1466.8
1224280 1466.7
1224290 1466.7
1224300 1466.1
1224310 1465.8
1224320 1465.8
1224330 1463.4
1224340 1460.6
1224350 1460.6
1224360 1457.8
1224370 1456.8
1224380 1456.8
1224390 1457.0
1224400 1457.1
1224410 1457.1
1224420 1456.0
1224430 1454.3
1224440 1454.3
1224450 1453.0
1224460 1452.3
1224470 1450.5
1224480 1448.3
1224490 1447.4
1224500 1446.1
1224510 1446.1
1224520 1445.0
1224530 1443.9
1224540 1443.9
1224550 1443.5
1224560 1444.1
1224570 1444.1
1224580 1445.3
1224590 1445.1
1224600 1445.1
1224610 1444.3
1224620 1441.8
1224630 1441.8
1224640 1440.2
1224650 1439.9
1224660 1439.9
1224670 1441.9
1224680 1444.0
1224690 1444.0
1224700 1444.5
1224710 1443.6
1224720 1443.6
1224730 1442.6
1224740 1441.5
1224750 1440.7
1224760 1440.7
1224770 1439.7
1224780 1438.9
1224790 1438.9
1224800 1437.9
1224810 1437.0
1224820 1437.0
1224830 1434.9
1224840 1434.3
1224850 1434.3
1224860 1433.8
1224870 1432.5
1224880 1432.5
1224890 1433.2
1224900 1433.8
1224910 1433.8
1224920 1434.2
1224930 1434.9
1224940 1434.9
1224950 1435.4
1224960 1435.6
1224970 1429.1
1224980 1428.4
1224990 1428.1
1225000 1428.1
1225010 1427.6
1225020 1427.4
1225030 1427.4
1225040 1427.9
1225050 1428.5
1225060 1430.4
1225070 1430.4
1225080 1430.9
1225090 1430.6
1225100 1430.6
1225110 1431.0
1225120 1432.5
1225130 1432.5
1225140 1431.1
1225150 1428.2
1225160 1428.2
1225170 1425.7
1225180 1422.3
1225190 1422.3
1225200 1419.5
1225210 1417.8
1225220 1417.8
1225230 1417.0
1225240 1417.3
1225250 1417.3
1225260 1417.7
1225270 1418.1
1225280 1418.1
1225290 1418.4
1225300 1418.6
1225310 1418.6
1225320 1417.7
1225330 1415.4
1225340 1415.7
1225350 1415.7
1225360 1417.9
1225370 1419.5
1225380 1419.5
1225390 1420.1
1225400 1420.7
1225410 1420.7
1225420 1421.0
1225430 1420.7
1225440 1420.7
1225450 1420.6
1225460 1421.0
1225470 1420.2
1225480 1420.4
1225490 1420.5
1225500 1420.5
1225510 1420.7
1225520 1420.2
1225530 1420.2
1225540 1419.7
1225550 1419.0
1225560 1419.0
1225570 1417.8
1225580 1417.4
1225590 1417.4
1225600 1416.4
1225610 1415.2
1225620 1415.2
1225630 1413.9
1225640 1413.2
1225650 1412.3
1225660 1412.3
1225670 1411.5
1225680 1410.7
1225690 1410.7
1225700 1410.1
1225710 1409.5
1225720 1409.5
1225730 1408.5
1225740 1407.6
1225750 1407.6
1225760 1407.0
1225770 1406.4
1225780 1406.4
1225790 1406.1
1225800 1406.0
1225810 1406.0
1225820 1407.8
1225830 1410.2
1225840 1410.2
1225850 1410.9
1225860 1410.7
1225870 1410.7
1225880 1409.3
1225890 1407.6
1225900 1407.6
1225910 1406.1
1225920 1404.9
1225930 1404.9
1225940 1403.9
1225950 1402.9
1225960 1401.7
1225970 1401.7
1225980 1400.9
1225990 1400.2
1226000 1400.2
1226010 1400.0
1226020 1400.8
1226030 1400.8
1226040 1401.5
1226050 1401.0
1226060 1401.0
1226070 1401.0
1226080 1400.6
1226090 1400.6
1226100 1400.7
1226110 1399.9
1226120 1399.9
1226130 1398.5
1226140 1397.4
1226150 1397.4
1226160 1396.9
1226170 1397.0
1226180 1397.0
1226190 1397.1
1226200 1397.0
1226210 1397.0
1226220 1397.2
1226230 1397.4
1226240 1397.4
1226250 1397.4
1226260 1397.1
1226270 1396.6
1226280 1396.6
1226290 1397.1
1226300 1397.1
1226310 1397.1
1226320 1397.4
1226330 1398.6
1226340 1398.6
1226350 1400.0
1226360 1401.2
1226370 1401.2
1226380 1401.6
1226390 1402.0
1226400 1402.0
1226410 1402.6
1226420 1402.3
1226430 1402.3
1226440 1401.8
1226450 1397.4
1226460 1397.4
1226470 1398.1
1226480 1398.3
1226490 1398.3
1226500 1398.6
1226510 1398.0
1226520 1398.0
1226530 1397.1
1226540 1397.8
1226550 1398.3
1226560 1398.3
1226570 1398.4
1226580 1397.7
1226590 1397.7
1226600 1396.1
1226610 1395.0
1226620 1395.0
1226630 1394.7
1226640 1395.5
1226650 1395.5
1226660 1396.7
1226670 1398.2
1226680 1398.2
1226690 1399.7
1226700 1400.1
1226710 1400.1
1226720 1399.8
1226730 1400.5
1226740 1400.5
1226750 1401.8
1226760 1402.6
1226770 1402.6
1226780 1403.8
1226790 1405.1
1226800 1405.1
1226810 1406.4
1226820 1407.7
1226830 1409.1
1226840 1409.1
1226850 1410.3
1226860 1411.0
1226870 1411.0
1226880 1412.1
1226890 1413.3
1226900 1413.3
1226910 1414.5
1226920 1415.4
1226930 1415.4
1226940 1416.1
1226950 1414.2
1226960 1414.2
1226970 1414.4
1226980 1415.0
1226990 1415.0
1227000 1415.1
1227010 1416.5
1227020 1416.5
1227030 1418.1
1227040 1418.7
1227050 1418.7
1227060 1419.5
1227070 1420.1
1227080 1420.1
1227090 1420.0
1227100 1419.7
1227110 1419.7
1227120 1419.1
1227130 1418.3
1227140 1417.9
1227150 1417.9
1227160 1418.1
1227170 1417.9
1227180 1417.9
1227190 1417.7
1227200 1417.3
1227210 1417.3
1227220 1416.0
1227230 1414.2
1227240 1414.2
1227250 1412.5
1227260 1411.6
1227270 1411.6
1227280 1411.4
1227290 1412.2
1227300 1412.2
1227310 1413.6
1227320 1414.7
1227330 1414.7
1227340 1415.2
1227350 1415.4
1227360 1415.4
1227370 1415.4
1227380 1415.8
1227390 1415.8
1227400 1416.4
1227410 1417.4
1227420 1417.4
1227430 1417.4
1227440 1415.4
1227450 1415.7
1227460 1415.7
1227470 1416.4
1227480 1418.1
1227490 1418.1
1227500 1419.5
1227510 1419.9
1227520 1419.9
1227530 1420.5
1227540 1421.3
1227550 1421.3
1227560 1421.8
1227570 1421.5
1227580 1421.5
1227590 1420.8
1227600 1420.5
1227610 1420.5
1227620 1420.3
1227630 1420.3
1227640 1420.3
1227650 1419.1
1227660 1417.8
1227670 1417.8
1227680 1417.2
1227690 1416.5
1227700 1416.5
1227710 1414.7
1227720 1413.2
1227730 1411.8
1227740 1411.8
1227750 1411.0
1227760 1411.6
1227770 1411.6
1227780 1412.8
1227790 1414.6
1227800 1414.6
1227810 1417.3
1227820 1420.4
1227830 1420.4
1227840 1422.9
1227850 1425.3
1227860 1425.3
1227870 1427.1
1227880 1430.2
1227890 1430.2
1227900 1431.6
1227910 1431.5
1227920 1431.5
1227930 1431.3
1227940 1427.9
1227950 1427.9
1227960 1427.0
1227970 1426.1
1227980 1426.1
1227990 1425.5
1228000 1425.7
1228010 1427.9
1228020 1427.9
1228030 1430.2
1228040 1432.6
1228050 1432.6
1228060 1435.3
1228070 1437.7
1228080 1437.7
1228090 1439.0
1228100 1440.0
1228110 1440.0
1228120 1440.4
1228130 1440.8
1228140 1440.8
1228150 1440.9
1228160 1440.6
1228170 1440.6
1228180 1440.4
1228190 1439.8
1228200 1439.8
1228210 1439.6
1228220 1440.4
1228230 1440.4
1228240 1441.4
1228250 1442.2
1228260 1442.2
1228270 1444.2
1228280 1447.9
1228290 1447.9
1228300 1450.6
1228310 1452.9
1228320 1455.3
1228330 1455.3
1228340 1456.8
1228350 1457.4
1228360 1457.4
1228370 1456.6
1228380 1455.9
1228390 1455.9
1228400 1455.3
1228410 1454.8
1228420 1454.8
1228430 1454.2
1228440 1448.9
1228450 1448.9
1228460 1447.2
1228470 1445.5
1228480 1445.5
1228490 1444.9
1228500 1449.2
1228510 1449.2
1228520 1454.6
1228530 1456.7
1228540 1456.7
1228550 1457.3
1228560 1458.2
1228570 1458.2
1228580 1459.3
1228590 1458.6
1228600 1458.6
1228610 1460.0
1228620 1461.1
1228630 1461.6
1228640 1461.6
1228650 1461.6
1228660 1462.8
1228670 1462.8
1228680 1464.4
1228690 1465.2
1228700 1465.2
1228710 1465.7
1228720 1466.2
1228730 1466.2
1228740 1466.6
1228750 1466.4
1228760 1466.4
1228770 1466.1
1228780 1465.2
1228790 1465.2
1228800 1464.4
1228810 1465.4
1228820 1465.4
1228830 1465.9
1228840 1465.5
1228850 1465.5
1228860 1465.1
1228870 1464.9
1228880 1464.9
1228890 1464.7
1228900 1465.2
1228910 1465.6
1228920 1465.6
1228930 1466.5
1228940 1462.5
1228950 1462.5
1228960 1463.5
1228970 1465.0
1228980 1465.0
1228990 1464.0
1229000 1463.7
1229010 1463.7
1229020 1467.2
1229030 1468.2
1229040 1468.2
1229050 1468.3
1229060 1468.2
1229070 1468.2
1229080 1468.1
1229090 1468.2
1229100 1468.2
1229110 1467.4
1229120 1467.3
1229130 1467.3
1229140 1468.5
1229150 1470.9
1229160 1470.9
1229170 1473.1
1229180 1474.9
1229190 1474.9
1229200 1475.8
1229210 1475.8
1229220 1478.0
1229230 1478.0
1229240 1480.1
1229250 1481.4
1229260 1481.4
1229270 1482.1
1229280 1483.1
1229290 1483.1
1229300 1481.7
1229310 1475.8
1229320 1475.8
1229330 1469.7
1229340 1464.4
1229350 1464.4
1229360 1463.2
1229370 1465.8
1229380 1465.8
1229390 1466.5
1229400 1463.1
1229410 1463.1
1229420 1457.4
1229430 1450.7
1229440 1445.1
1229450 1442.6
1229460 1449.8
1229470 1449.8
1229480 1460.1
1229490 1468.8
1229500 1476.1
1229510 1476.1
1229520 1481.3
1229530 1486.6
1229540 1486.6
1229550 1490.8
1229560 1493.6
1229570 1493.6
1229580 1495.9
1229590 1497.8
1229600 1497.8
1229610 1499.8
1229620 1502.0
1229630 1502.0
1229640 1503.5
1229650 1504.6
1229660 1504.6
1229670 1505.9
1229680 1508.2
1229690 1508.2
1229700 1510.3
1229710 1512.0
1229720 1512.0
1229730 1514.0
1229740 1516.6
1229750 1516.6
1229760 1519.2
1229770 1521.5
1229780 1521.5
1229790 1523.8
1229800 1526.0
1229810 1528.3
1229820 1528.3
1229830 1530.6
1229840 1532.4
1229850 1532.4
1229860 1532.5
1229870 1532.5
1229880 1532.5
1229890 1533.3
1229900 1535.0
1229910 1535.0
1229920 1536.5
1229930 1537.5
1229940 1535.9
1229950 1536.8
1229960 1537.3
1229970 1537.3
1229980 1538.0
1229990 1539.1
1230000 1539.1
1230010 1540.3
1230020 1541.3
1230030 1541.3
1230040 1542.2
1230050 1543.0
1230060 1543.0
1230070 1543.5
1230080 1544.1
1230090 1544.6
1230100 1544.6
1230110 1545.6
1230120 1547.2
1230130 1547.2
1230140 1548.9
1230150 1551.0
1230160 1551.0
1230170 1552.8
1230180 1553.5
1230190 1553.5
1230200 1553.6
1230210 1553.9
1230220 1553.9
1230230 1553.7
1230240 1551.6
1230250 1551.6
1230260 1552.6
1230270 1553.3
1230280 1553.3
1230290 1553.0
1230300 1555.5
1230310 1555.5
1230320 1559.7
1230330 1563.2
1230340 1563.2
1230350 1565.6
1230360 1567.3
1230370 1567.3
1230380 1568.0
1230390 1568.9
1230400 1570.6
1230410 1570.6
1230420 1572.4
1230430 1575.1
1230440 1572.1
1230450 1576.1
1230460 1580.1
1230470 1580.1
1230480 1584.1
1230490 1587.9
1230500 1587.9
1230510 1591.2
1230520 1594.2
1230530 1594.2
1230540 1597.2
1230550 1599.5
1230560 1599.5
1230570 1601.6
1230580 1603.9
1230590 1603.9
1230600 1606.2
1230610 1608.1
1230620 1608.1
1230630 1609.6
1230640 1610.8
1230650 1610.8
1230660 1612.1
1230670 1613.6
1230680 1613.6
1230690 1615.4
1230700 1616.8
1230710 1618.2
1230720 1618.2
1230730 1618.9
1230740 1619.7
1230750 1619.7
1230760 1620.6
1230770 1620.4
1230780 1620.4
1230790 1619.0
1230800 1619.2
1230810 1619.2
1230820 1617.0
1230830 1610.3
1230840 1610.3
1230850 1603.9
1230860 1601.9
1230870 1601.9
1230880 1604.9
1230890 1608.3
1230900 1608.3
1230910 1610.4
1230920 1613.2
1230930 1613.2
1230940 1619.7
1230950 1626.0
1230960 1626.0
1230970 1629.4
1230980 1631.0
1230990 1631.9
1231000 1631.9
1231010 1632.0
1231020 1632.0
1231030 1632.0
1231040 1631.8
1231050 1631.5
1231060 1631.5
1231070 1630.6
1231080 1629.9
1231090 1629.9
1231100 1631.8
1231110 1632.7
1231120 1632.7
1231130 1632.9
1231140 1632.5
1231150 1632.5
1231160 1631.9
1231170 1631.2
1231180 1631.2
1231190 1630.2
1231200 1629.1
1231210 1629.1
1231220 1628.3
1231230 1627.6
1231240 1627.6
1231250 1626.7
1231260 1625.7
1231270 1625.7
1231280 1624.7
1231290 1623.7
1231300 1622.6
1231310 1622.6
1231320 1621.3
1231330 1620.2
1231340 1620.2
1231350 1619.0
1231360 1617.0
1231370 1617.0
1231380 1614.9
1231390 1612.8
1231400 1612.8
1231410 1610.7
1231420 1608.6
1231430 1608.6
1231440 1602.9
1231450 1600.1
1231460 1600.1
1231470 1597.8
1231480 1595.6
1231490 1595.6
1231500 1593.2
1231510 1590.5
1231520 1590.5
1231530 1587.9
1231540 1585.6
1231550 1585.6
1231560 1581.9
1231570 1575.9
1231580 1570.8
1231590 1570.8
1231600 1566.7
1231610 1561.9
1231620 1561.9
1231630 1555.7
1231640 1552.8
1231650 1552.8
1231660 1551.7
1231670 1551.3
1231680 1551.3
1231690 1550.9
1231700 1550.1
1231710 1550.1
1231720 1547.8
1231730 1542.8
1231740 1542.8
1231750 1539.9
1231760 1539.2
1231770 1539.2
1231780 1538.6
1231790 1537.3
1231800 1537.3
1231810 1535.3
1231820 1533.5
1231830 1533.5
1231840 1531.9
1231850 1530.6
1231860 1530.6
1231870 1527.9
1231880 1523.5
1231890 1520.9
1231900 1520.9
1231910 1517.9
1231920 1512.6
1231930 1512.6
1231940 1507.2
1231950 1500.0
1231960 1500.0
1231970 1498.0
1231980 1496.5
1231990 1496.5
1232000 1490.8
1232010 1486.9
1232020 1486.9
1232030 1485.7
1232040 1484.1
1232050 1484.1
1232060 1480.4
1232070 1477.4
1232080 1477.4
1232090 1475.6
1232100 1474.1
1232110 1474.1
1232120 1472.7
1232130 1472.7
1232140 1472.7
1232150 1472.1
1232160 1471.8
1232170 1472.4
1232180 1472.4
1232190 1471.0
1232200 1466.2
1232210 1466.2
1232220 1464.6
1232230 1470.0
1232240 1470.0
1232250 1477.4
1232260 1484.4
1232270 1484.4
1232280 1491.6
1232290 1499.4
1232300 1499.4
1232310 1507.9
1232320 1519.2
1232330 1519.2
1232340 1526.6
1232350 1531.9
1232360 1531.9
1232370 1537.1
1232380 1548.4
1232390 1548.4
1232400 1556.4
1232410 1562.5
1232420 1562.5
1232430 1567.8
1232440 1573.7
1232450 1578.3
1232460 1583.3
1232470 1588.6
1232480 1594.0
1232490 1594.0
1232500 1599.6
1232510 1605.4
1232520 1605.4
1232530 1611.4
1232540 1617.7
1232550 1617.7
1232560 1624.1
1232570 1630.9
1232580 1630.9
1232590 1637.6
1232600 1644.4
1232610 1644.4
1232620 1651.1
1232630 1657.3
1232640 1657.3
1232650 1662.3
1232660 1666.9
1232670 1666.9
1232680 1671.0
1232690 1674.3
1232700 1674.3
1232710 1677.0
1232720 1679.2
1232730 1679.2
1232740 1681.3
1232750 1682.9
1232760 1683.0
1232770 1683.0
1232780 1681.5
1232790 1678.7
1232800 1678.7
1232810 1674.5
1232820 1669.5
1232830 1669.5
1232840 1664.2
1232850 1658.3
1232860 1658.3
1232870 1652.4
1232880 1647.3
1232890 1647.3
1232900 1641.9
1232910 1636.0
1232920 1636.0
1232930 1629.2
1232940 1622.6
1232950 1622.6
1232960 1618.5
1232970 1612.5
1232980 1612.5
1232990 1607.1
1233000 1602.2
1233010 1602.2
1233020 1597.9
1233030 1593.6
1233040 1593.6
1233050 1589.3
1233060 1585.1
1233070 1580.8
1233080 1580.8
1233090 1576.5
1233100 1572.3
1233110 1572.3
1233120 1568.1
1233130 1563.6
1233140 1563.6
1233150 1558.8
1233160 1554.4
1233170 1554.4
1233180 1550.2
1233190 1546.2
1233200 1546.2
1233210 1542.4
1233220 1538.1
1233230 1538.1
1233240 1533.6
1233250 1529.0
1233260 1529.0
1233270 1525.3
1233280 1521.7
1233290 1521.7
1233300 1517.9
1233310 1514.2
1233320 1514.2
1233330 1510.4
1233340 1506.9
1233350 1506.9
1233360 1503.4
1233370 1500.3
1233380 1497.6
1233390 1497.6
1233400 1494.8
1233410 1491.9
1233420 1491.9
1233430 1489.4
1233440 1487.1
1233450 1487.1
1233460 1485.0
1233470 1481.8
1233480 1481.8
1233490 1479.9
1233500 1478.0
1233510 1478.0
1233520 1476.5
1233530 1474.7
1233540 1474.7
1233550 1472.3
1233560 1467.6
1233570 1467.6
1233580 1463.1
1233590 1461.3
1233600 1461.3
1233610 1459.5
1233620 1455.5
1233630 1455.5
1233640 1452.0
1233650 1449.2
1233660 1447.6
1233670 1447.6
1233680 1444.2
1233690 1442.1
1233700 1442.1
1233710 1441.3
1233720 1438.8
1233730 1438.8
1233740 1435.7
1233750 1432.8
1233760 1432.8
1233770 1433.1
1233780 1431.5
1233790 1431.5
1233800 1430.1
1233810 1430.0
1233820 1430.0
1233830 1429.2
1233840 1428.6
1233850 1428.6
1233860 1428.8
1233870 1428.3
1233880 1428.3
1233890 1427.7
1233900 1427.9
1233910 1427.9
1233920 1425.4
1233930 1425.2
1233940 1425.2
1233950 1427.1
1233960 1430.2
1233970 1432.0
1233980 1427.5
1233990 1429.6
1234000 1430.3
1234010 1430.3
1234020 1431.9
1234030 1436.8
1234040 1436.8
1234050 1443.4
1234060 1448.9
1234070 1448.9
1234080 1453.8
1234090 1456.3
1234100 1456.3
1234110 1457.2
1234120 1458.1
1234130 1458.1
1234140 1459.2
1234150 1460.7
1234160 1460.7
1234170 1462.7
1234180 1464.7
1234190 1464.7
1234200 1465.8
1234210 1468.2
1234220 1468.2
1234230 1470.4
1234240 1472.7
1234250 1474.5
1234260 1474.5
1234270 1475.9
1234280 1478.1
1234290 1478.1
1234300 1480.3
1234310 1483.4
1234320 1483.4
1234330 1486.2
1234340 1488.8
1234350 1488.8
1234360 1491.3
1234370 1493.9
1234380 1493.9
1234390 1496.5
1234400 1499.1
1234410 1499.1
1234420 1501.9
1234430 1504.5
1234440 1504.5
1234450 1506.8
1234460 1508.9
1234470 1508.9
1234480 1510.7
1234490 1509.1
1234500 1509.1
1234510 1510.2
1234520 1511.0
1234530 1511.0
1234540 1511.9
1234550 1512.7
1234560 1513.3
1234570 1513.3
1234580 1513.8
1234590 1514.0
1234600 1514.0
1234610 1514.1
1234620 1513.7
1234630 1513.7
1234640 1513.7
1234650 1513.6
1234660 1513.6
1234670 1512.8
1234680 1511.4
1234690 1511.4
1234700 1509.3
1234710 1507.1
1234720 1507.1
1234730 1504.3
1234740 1500.0
1234750 1500.0
1234760 1495.7
1234770 1490.8
1234780 1490.8
1234790 1483.5
1234800 1475.8
1234810 1475.8
1234820 1467.2
1234830 1464.2
1234840 1472.2
1234850 1472.2
1234860 1481.7
1234870 1489.6
1234880 1489.6
1234890 1497.5
1234900 1504.9
1234910 1504.9
1234920 1511.8
1234930 1517.0
1234940 1517.0
1234950 1520.6
1234960 1523.4
1234970 1523.4
1234980 1527.9
1234990 1533.5
1235000 1532.3
1235010 1538.0
1235020 1543.9
1235030 1543.9
1235040 1549.9
1235050 1555.8
1235060 1555.8
1235070 1561.5
1235080 1567.1
1235090 1567.1
1235100 1573.0
1235110 1579.1
1235120 1579.1
1235130 1585.3
1235140 1591.3
1235150 1597.0
1235160 1597.0
1235170 1602.3
1235180 1606.6
1235190 1606.6
1235200 1608.7
1235210 1608.0
1235220 1608.0
1235230 1605.0
1235240 1599.4
1235250 1599.4
1235260 1592.0
1235270 1584.8
1235280 1584.8
1235290 1578.4
1235300 1572.3
1235310 1572.3
1235320 1566.6
1235330 1561.2
1235340 1561.2
1235350 1556.9
1235360 1553.2
1235370 1553.2
1235380 1549.7
1235390 1544.2
1235400 1544.2
1235410 1538.3
1235420 1534.5
1235430 1532.4
1235440 1532.4
1235450 1529.0
1235460 1523.1
1235470 1523.1
1235480 1517.1
1235490 1512.1
1235500 1512.1
1235510 1506.9
1235520 1506.9
1235530 1506.9
1235540 1507.1
1235550 1506.7
1235560 1506.7
1235570 1505.6
1235580 1506.3
1235590 1506.3
1235600 1510.4
1235610 1514.9
1235620 1514.9
1235630 1518.8
1235640 1518.4
1235650 1518.4
1235660 1512.5
1235670 1506.5
1235680 1506.5
1235690 1506.2
1235700 1510.6
1235710 1510.6
1235720 1515.2
1235730 1518.8
1235740 1521.2
1235750 1521.2
1235760 1522.1
1235770 1523.4
1235780 1523.4
1235790 1522.2
1235800 1523.3
1235810 1523.3
1235820 1521.3
1235830 1524.0
1235840 1524.0
1235850 1528.2
1235860 1527.1
1235870 1527.1
1235880 1526.9
1235890 1530.4
1235900 1530.4
1235910 1534.0
1235920 1535.8
1235930 1535.8
1235940 1536.4
1235950 1539.9
1235960 1539.9
1235970 1544.5
1235980 1547.9
1235990 1547.9
1236000 1550.7
1236010 1553.4
1236020 1550.3
1236030 1550.3
1236040 1553.3
1236050 1556.1
1236060 1556.1
1236070 1558.5
1236080 1560.2
1236090 1560.2
1236100 1560.7
1236110 1561.2
1236120 1561.2
1236130 1562.6
1236140 1563.2
1236150 1563.2
1236160 1563.5
1236170 1563.0
1236180 1563.0
1236190 1560.1
1236200 1555.8
1236210 1555.8
1236220 1551.4
1236230 1545.7
1236240 1545.7
1236250 1540.8
1236260 1535.0
1236270 1535.0
1236280 1528.4
1236290 1522.3
1236300 1522.3
1236310 1516.3
1236320 1510.6
1236330 1504.9
1236340 1504.9
1236350 1500.5
1236360 1497.7
1236370 1497.7
1236380 1495.2
1236390 1493.6
1236400 1493.6
1236410 1491.9
1236420 1489.0
1236430 1489.0
1236440 1488.2
1236450 1489.3
1236460 1489.3
1236470 1486.2
1236480 1483.5
1236490 1483.5
1236500 1483.7
1236510 1482.6
1236520 1482.6
1236530 1478.9
1236540 1478.1
1236550 1478.1
1236560 1477.8
1236570 1477.1
1236580 1477.1
1236590 1474.6
1236600 1472.6
1236610 1472.6
1236620 1472.3
1236630 1472.6
1236640 1472.5
1236650 1472.5
1236660 1470.2
1236670 1466.7
1236680 1466.7
1236690 1463.3
1236700 1462.3
1236710 1462.3
1236720 1468.6
1236730 1475.9
1236740 1475.9
1236750 1481.4
1236760 1487.5
1236770 1487.5
1236780 1493.2
1236790 1498.0
1236800 1498.0
1236810 1500.7
1236820 1502.9
1236830 1502.9
1236840 1505.3
1236850 1508.2
1236860 1508.2
1236870 1511.4
1236880 1514.9
1236890 1514.9
1236900 1519.2
1236910 1523.5
1236920 1527.6
1236930 1527.6
1236940 1531.7
1236950 1536.4
1236960 1536.4
1236970 1541.1
1236980 1545.7
1236990 1545.7
1237000 1550.2
1237010 1554.4
1237020 1554.4
1237030 1557.8
1237040 1560.4
1237050 1557.9
1237060 1560.8
1237070 1563.0
1237080 1563.0
1237090 1563.3
1237100 1562.2
1237110 1562.2
1237120 1560.9
1237130 1561.0
1237140 1561.0
1237150 1561.3
1237160 1561.6
1237170 1561.6
1237180 1562.6
1237190 1562.3
1237200 1562.3
1237210 1561.3
1237220 1563.5
1237230 1567.8
1237240 1567.8
1237250 1570.4
1237260 1572.4
1237270 1572.4
1237280 1572.6
1237290 1571.2
1237300 1571.2
1237310 1570.6
1237320 1572.2
1237330 1572.2
1237340 1576.7
1237350 1581.4
1237360 1581.4
1237370 1584.5
1237380 1585.8
1237390 1585.8
1237400 1586.2
1237410 1585.8
1237420 1585.8
1237430 1584.5
1237440 1584.8
1237450 1584.8
1237460 1585.7
1237470 1586.8
1237480 1586.8
1237490 1588.7
1237500 1590.6
1237510 1592.8
1237520 1592.8
1237530 1595.4
1237540 1598.7
1237550 1598.7
1237560 1600.2
1237570 1602.6
1237580 1602.6
1237590 1599.0
1237600 1592.7
1237610 1592.7
1237620 1585.4
1237630 1577.2
1237640 1577.2
1237650 1568.3
1237660 1559.4
1237670 1559.4
1237680 1549.3
1237690 1541.1
1237700 1541.1
1237710 1534.5
1237720 1528.9
1237730 1528.9
1237740 1523.8
1237750 1521.2
1237760 1521.2
1237770 1518.4
1237780 1514.7
1237790 1514.7
1237800 1511.1
1237810 1506.1
1237820 1499.3
1237830 1499.3
1237840 1491.9
1237850 1484.2
1237860 1484.2
1237870 1476.3
1237880 1467.9
1237890 1467.9
1237900 1459.9
1237910 1454.1
1237920 1454.1
1237930 1450.3
1237940 1446.0
1237950 1446.0
1237960 1444.1
1237970 1445.5
1237980 1445.5
1237990 1448.3
1238000 1448.2
1238010 1448.2
1238020 1445.9
1238030 1445.7
1238040 1445.7
1238050 1448.8
1238060 1450.8
1238070 1450.8
1238080 1443.6
1238090 1442.3
1238100 1439.8
1238110 1439.8
1238120 1435.9
1238130 1430.2
1238140 1430.2
1238150 1423.4
1238160 1418.2
1238170 1418.2
1238180 1417.7
1238190 1418.4
1238200 1418.4
1238210 1420.1
1238220 1420.2
1238230 1420.2
1238240 1421.5
1238250 1424.0
1238260 1424.0
1238270 1426.6
1238280 1426.8
1238290 1426.8
1238300 1427.1
1238310 1432.9
1238320 1432.9
1238330 1437.9
1238340 1439.6
1238350 1439.6
1238360 1440.5
1238370 1441.8
1238380 1441.8
1238390 1443.0
1238400 1444.0
1238410 1441.9
1238420 1441.9
1238430 1433.0
1238440 1425.0
1238450 1425.0
1238460 1420.5
1238470 1424.6
1238480 1424.6
1238490 1433.4
1238500 1441.4
1238510 1441.4
1238520 1448.1
1238530 1454.9
1238540 1454.9
1238550 1456.0
1238560 1450.3
1238570 1450.3
1238580 1442.3
1238590 1433.8
1238600 1426.9
1238610 1421.3
1238620 1418.1
1238630 1418.1
1238640 1413.2
1238650 1407.0
1238660 1407.0
1238670 1405.7
1238680 1412.8
1238690 1419.3
1238700 1419.3
1238710 1424.2
1238720 1427.8
1238730 1427.8
1238740 1428.7
1238750 1429.0
1238760 1429.0
1238770 1432.2
1238780 1438.5
1238790 1438.5
1238800 1444.5
1238810 1449.6
1238820 1449.6
1238830 1448.8
1238840 1443.5
1238850 1443.5
1238860 1441.8
1238870 1441.9
1238880 1441.9
1238890 1438.9
1238900 1435.8
1238910 1435.8
1238920 1438.0
1238930 1435.7
1238940 1435.7
1238950 1426.0
1238960 1418.1
1238970 1418.1
1238980 1412.0
1238990 1410.8
1239000 1411.9
1239010 1411.9
1239020 1414.3
1239030 1416.3
1239040 1416.3
1239050 1421.2
1239060 1429.3
1239070 1429.3
1239080 1442.6
1239090 1468.5
1239100 1468.5
1239110 1472.3
1239120 1465.5
1239130 1465.5
1239140 1466.6
1239150 1464.8
1239160 1464.8
1239170 1460.2
1239180 1453.3
1239190 1453.3
1239200 1446.6
1239210 1443.5
1239220 1443.5
1239230 1438.7
1239240 1433.6
1239250 1433.6
1239260 1435.3
1239270 1438.4
1239280 1440.7
1239290 1440.7
1239300 1445.2
1239310 1448.6
1239320 1448.6
1239330 1450.4
1239340 1452.4
1239350 1452.4
1239360 1450.8
1239370 1448.3
1239380 1448.3
1239390 1446.1
1239400 1444.4
1239410 1444.4
1239420 1441.2
1239430 1438.9
1239440 1438.9
1239450 1437.9
1239460 1436.2
1239470 1436.2
1239480 1435.3
1239490 1432.9
1239500 1432.9
1239510 1428.2
1239520 1429.2
1239530 1429.2
1239540 1430.6
1239550 1430.1
1239560 1430.1
1239570 1429.6
1239580 1427.4
1239590 1424.3
1239600 1424.3
1239610 1421.6
1239620 1419.2
1239630 1419.2
1239640 1413.6
1239650 1410.3
1239660 1410.3
1239670 1405.7
1239680 1403.7
1239690 1403.7
1239700 1403.7
1239710 1401.2
1239720 1401.2
1239730 1395.9
1239740 1391.7
1239750 1391.7
1239760 1387.8
1239770 1384.3
1239780 1384.3
1239790 1381.6
1239800 1376.6
1239810 1376.6
1239820 1375.1
1239830 1373.2
1239840 1373.2
1239850 1371.4
1239860 1370.7
1239870 1369.7
1239880 1369.7
1239890 1367.5
1239900 1364.4
1239910 1364.4
1239920 1362.2
1239930 1360.2
1239940 1360.2
1239950 1357.9
1239960 1355.1
1239970 1355.1
1239980 1353.5
1239990 1351.8
