1220000 1564.0
1220010 1562.0
1220020 1562.0
1220030 1561.4
1220040 1562.5
1220050 1563.7
1220060 1563.7
1220070 1563.8
1220080 1562.2
1220090 1562.2
1220100 1559.8
1220110 1558.1
1220120 1558.1
1220130 1559.5
1220140 1562.2
1220150 1562.2
1220160 1562.9
1220170 1561.1
1220180 1561.1
1220190 1558.3
1220200 1557.0
1220210 1557.0
1220220 1556.2
1220230 1555.3
1220240 1555.3
1220250 1554.8
1220260 1553.9
1220270 1553.9
1220280 1554.7
1220290 1554.7
1220300 1554.7
1220310 1556.4
1220320 1556.5
1220330 1556.5
1220340 1558.1
1220350 1559.2
1220360 1559.0
1220370 1559.0
1220380 1559.9
1220390 1563.5
1220400 1563.5
1220410 1564.9
1220420 1563.5
1220430 1563.5
1220440 1562.7
1220450 1566.6
1220460 1566.6
1220470 1568.4
1220480 1570.5
1220490 1570.5
1220500 1572.9
1220510 1574.3
1220520 1574.3
1220530 1574.6
1220540 1574.4
1220550 1574.4
1220560 1576.3
1220570 1577.6
1220580 1577.6
1220590 1577.7
1220600 1577.2
1220610 1577.2
1220620 1576.4
1220630 1576.2
1220640 1575.6
1220650 1575.6
1220660 1576.7
1220670 1578.6
1220680 1578.6
1220690 1580.7
1220700 1581.1
1220710 1581.1
1220720 1582.2
1220730 1583.7
1220740 1583.7
1220750 1585.3
1220760 1586.8
1220770 1586.8
1220780 1588.2
1220790 1589.0
1220800 1589.0
1220810 1589.6
1220820 1590.3
1220830 1590.3
1220840 1590.8
1220850 1591.3
1220860 1591.3
1220870 1592.5
1220880 1593.3
1220890 1593.3
1220900 1593.5
1220910 1593.0
1220920 1593.0
1220930 1592.7
1220940 1595.3
1220950 1595.6
1220960 1595.6
1220970 1596.2
1220980 1596.2
1220990 1596.2
1221000 1595.5
1221010 1595.3
1221020 1595.3
1221030 1594.0
1221040 1591.0
1221050 1591.0
1221060 1587.5
1221070 1584.8
1221080 1584.8
1221090 1583.3
1221100 1581.7
1221110 1581.7
1221120 1581.2
1221130 1581.2
1221140 1581.2
1221150 1582.1
1221160 1583.4
1221170 1583.4
1221180 1584.2
1221190 1585.1
1221200 1585.1
1221210 1584.9
1221220 1583.7
1221230 1583.7
1221240 1583.1
1221250 1582.9
1221260 1582.9
1221270 1582.9
1221280 1584.0
1221290 1584.8
1221300 1584.8
1221310 1586.1
1221320 1588.1
1221330 1588.1
1221340 1588.1
1221350 1588.8
1221360 1588.8
1221370 1589.8
1221380 1590.3
1221390 1590.3
1221400 1589.9
1221410 1588.1
1221420 1592.5
1221430 1590.7
1221440 1589.0
1221450 1589.0
1221460 1586.9
1221470 1585.2
1221480 1585.2
1221490 1582.8
1221500 1581.2
1221510 1581.2
1221520 1579.7
1221530 1578.0
1221540 1577.7
1221550 1577.7
1221560 1579.1
1221570 1578.8
1221580 1578.8
1221590 1577.7
1221600 1576.1
1221610 1576.1
1221620 1575.2
1221630 1574.7
1221640 1574.7
1221650 1575.5
1221660 1576.6
1221670 1576.6
1221680 1577.7
1221690 1579.4
1221700 1579.4
1221710 1580.4
1221720 1580.8
1221730 1580.8
1221740 1581.9
1221750 1584.4
1221760 1584.4
1221770 1588.1
1221780 1592.1
1221790 1592.1
1221800 1596.3
1221810 1601.0
1221820 1601.0
1221830 1606.0
1221840 1610.2
1221850 1612.7
1221860 1612.7
1221870 1613.9
1221880 1614.5
1221890 1614.5
1221900 1620.5
1221910 1621.7
1221920 1621.7
1221930 1622.5
1221940 1622.9
1221950 1622.9
1221960 1623.0
1221970 1622.9
1221980 1622.9
1221990 1622.9
1222000 1623.6
1222010 1623.6
1222020 1625.3
1222030 1627.5
1222040 1627.5
1222050 1629.6
1222060 1631.7
1222070 1631.7
1222080 1633.6
1222090 1635.6
1222100 1635.6
1222110 1637.1
1222120 1638.7
1222130 1639.9
1222140 1639.9
1222150 1640.5
1222160 1641.0
1222170 1641.0
1222180 1641.5
1222190 1642.1
1222200 1642.1
1222210 1643.0
1222220 1643.8
1222230 1643.8
1222240 1644.5
1222250 1644.6
1222260 1644.6
1222270 1644.4
1222280 1644.4
1222290 1644.4
1222300 1644.5
1222310 1645.0
1222320 1645.0
1222330 1645.3
1222340 1645.8
1222350 1645.8
1222360 1646.2
1222370 1648.6
1222380 1648.6
1222390 1646.8
1222400 1648.3
1222410 1648.3
1222420 1648.7
1222430 1647.5
1222440 1644.5
1222450 1644.5
1222460 1641.2
1222470 1638.7
1222480 1638.7
1222490 1636.1
1222500 1635.0
1222510 1635.0
1222520 1634.4
1222530 1633.0
1222540 1633.0
1222550 1633.4
1222560 1634.7
1222570 1634.7
1222580 1635.9
1222590 1635.9
1222600 1635.9
1222610 1635.3
1222620 1635.5
1222630 1635.5
1222640 1633.8
1222650 1631.6
1222660 1631.6
1222670 1627.9
1222680 1624.9
1222690 1624.9
1222700 1622.9
1222710 1621.0
1222720 1621.0
1222730 1618.3
1222740 1616.5
1222750 1616.0
1222760 1616.0
1222770 1615.5
1222780 1616.4
1222790 1616.4
1222800 1619.6
1222810 1622.3
1222820 1622.3
1222830 1624.1
1222840 1625.8
1222850 1625.8
1222860 1627.2
1222870 1628.4
1222880 1627.2
1222890 1627.9
1222900 1628.8
1222910 1628.8
1222920 1630.4
1222930 1632.4
1222940 1632.4
1222950 1634.5
1222960 1637.0
1222970 1637.0
1222980 1639.3
1222990 1641.3
1223000 1641.3
1223010 1643.2
1223020 1644.8
1223030 1645.9
1223040 1645.9
1223050 1647.4
1223060 1649.1
1223070 1649.1
1223080 1650.7
1223090 1652.9
1223100 1652.9
1223110 1655.6
1223120 1657.7
1223130 1657.7
1223140 1658.4
1223150 1658.6
1223160 1658.6
1223170 1657.2
1223180 1658.0
1223190 1658.0
1223200 1661.4
1223210 1664.4
1223220 1664.4
1223230 1665.5
1223240 1664.7
1223250 1664.7
1223260 1663.0
1223270 1665.7
1223280 1665.7
1223290 1667.4
1223300 1666.0
1223310 1666.0
1223320 1664.1
1223330 1667.1
1223340 1668.4
1223350 1668.4
1223360 1663.9
1223370 1664.7
1223380 1664.7
1223390 1664.7
1223400 1661.9
1223410 1661.9
1223420 1660.0
1223430 1663.1
1223440 1663.1
1223450 1665.4
1223460 1666.0
1223470 1666.0
1223480 1665.3
1223490 1665.4
1223500 1665.4
1223510 1665.3
1223520 1663.8
1223530 1663.8
1223540 1663.7
1223550 1663.3
1223560 1663.3
1223570 1661.8
1223580 1660.8
1223590 1660.8
1223600 1660.5
1223610 1660.0
1223620 1660.0
1223630 1659.0
1223640 1657.9
1223650 1656.7
1223660 1656.7
1223670 1656.0
1223680 1656.4
1223690 1656.4
1223700 1656.8
1223710 1657.0
1223720 1657.0
1223730 1657.1
1223740 1657.1
1223750 1657.1
1223760 1657.0
1223770 1656.7
1223780 1656.7
1223790 1656.5
1223800 1656.3
1223810 1656.3
1223820 1656.3
1223830 1656.1
1223840 1656.1
1223850 1652.7
1223860 1652.3
1223870 1652.3
1223880 1651.9
1223890 1651.2
1223900 1651.2
1223910 1650.2
1223920 1648.7
1223930 1646.9
1223940 1646.9
1223950 1645.8
1223960 1645.1
1223970 1645.1
1223980 1644.0
1223990 1643.0
1224000 1643.0
1224010 1641.8
1224020 1640.3
1224030 1640.3
1224040 1639.1
1224050 1638.1
1224060 1638.1
1224070 1636.7
1224080 1634.9
1224090 1634.9
1224100 1632.4
1224110 1627.6
1224120 1627.6
1224130 1623.8
1224140 1623.6
1224150 1623.6
1224160 1624.6
1224170 1624.3
1224180 1624.3
1224190 1620.1
1224200 1613.0
1224210 1613.0
1224220 1606.0
1224230 1599.6
1224240 1592.4
1224250 1592.4
1224260 1584.4
1224270 1576.8
1224280 1576.8
1224290 1575.4
1224300 1577.5
1224310 1577.5
1224320 1579.9
1224330 1584.0
1224340 1578.2
1224350 1583.8
1224360 1586.9
1224370 1586.9
1224380 1588.8
1224390 1591.0
1224400 1591.0
1224410 1593.4
1224420 1593.7
1224430 1593.7
1224440 1589.0
1224450 1592.9
1224460 1592.9
1224470 1596.0
1224480 1596.3
1224490 1596.3
1224500 1595.8
1224510 1594.1
1224520 1594.9
1224530 1594.9
1224540 1595.0
1224550 1592.5
1224560 1592.5
1224570 1589.4
1224580 1586.9
1224590 1586.9
1224600 1585.4
1224610 1589.8
1224620 1589.8
1224630 1593.1
1224640 1594.0
1224650 1594.0
1224660 1591.9
1224670 1585.8
1224680 1585.8
1224690 1579.1
1224700 1576.4
1224710 1576.4
1224720 1577.9
1224730 1580.7
1224740 1580.7
1224750 1582.8
1224760 1582.7
1224770 1582.7
1224780 1581.8
1224790 1580.8
1224800 1580.8
1224810 1580.1
1224820 1579.3
1224830 1576.1
1224840 1576.1
1224850 1575.9
1224860 1575.4
1224870 1575.4
1224880 1573.8
1224890 1571.4
1224900 1571.4
1224910 1568.6
1224920 1565.1
1224930 1565.1
1224940 1560.9
1224950 1557.8
1224960 1557.8
1224970 1555.9
1224980 1554.1
1224990 1554.1
1225000 1553.8
1225010 1559.3
1225020 1559.3
1225030 1564.7
1225040 1565.7
1225050 1565.7
1225060 1563.2
1225070 1563.8
1225080 1563.8
1225090 1562.9
1225100 1560.8
1225110 1560.8
1225120 1563.5
1225130 1566.7
1225140 1567.7
1225150 1567.7
1225160 1568.6
1225170 1569.7
1225180 1569.7
1225190 1570.1
1225200 1570.5
1225210 1570.5
1225220 1571.0
1225230 1570.1
1225240 1570.1
1225250 1565.3
1225260 1560.5
1225270 1560.5
1225280 1554.5
1225290 1546.2
1225300 1546.2
1225310 1538.1
1225320 1528.3
1225330 1528.3
1225340 1531.7
1225350 1534.8
1225360 1534.8
1225370 1538.9
1225380 1542.9
1225390 1542.9
1225400 1546.0
1225410 1548.4
1225420 1551.0
1225430 1551.0
1225440 1554.2
1225450 1555.6
1225460 1555.6
1225470 1554.5
1225480 1554.3
1225490 1554.3
1225500 1556.1
1225510 1559.1
1225520 1559.1
1225530 1563.0
1225540 1566.8
1225550 1566.8
1225560 1566.5
1225570 1565.9
1225580 1565.9
1225590 1565.3
1225600 1565.2
1225610 1565.2
1225620 1567.1
1225630 1569.6
1225640 1569.6
1225650 1572.7
1225660 1574.6
1225670 1574.6
1225680 1576.7
1225690 1579.1
1225700 1579.1
1225710 1581.7
1225720 1583.3
1225730 1584.2
1225740 1584.2
1225750 1584.7
1225760 1584.9
1225770 1584.9
1225780 1585.2
1225790 1585.7
1225800 1585.7
1225810 1585.8
1225820 1580.5
1225830 1580.5
1225840 1580.4
1225850 1579.8
1225860 1579.8
1225870 1578.7
1225880 1577.7
1225890 1577.7
1225900 1577.4
1225910 1579.8
1225920 1579.8
1225930 1582.3
1225940 1584.8
1225950 1584.8
1225960 1587.3
1225970 1589.3
1225980 1589.3
1225990 1591.6
1226000 1593.6
1226010 1593.6
1226020 1595.3
1226030 1596.7
1226040 1597.5
1226050 1597.5
1226060 1599.7
1226070 1600.5
1226080 1600.5
1226090 1600.0
1226100 1599.0
1226110 1599.0
1226120 1599.9
1226130 1602.0
1226140 1602.0
1226150 1603.7
1226160 1604.9
1226170 1604.9
1226180 1606.6
1226190 1610.2
1226200 1610.2
1226210 1613.5
1226220 1616.3
1226230 1616.3
1226240 1617.5
1226250 1617.5
1226260 1617.5
1226270 1619.2
1226280 1621.8
1226290 1621.8
1226300 1624.2
1226310 1616.7
1226320 1617.6
1226330 1617.6
1226340 1618.9
1226350 1621.3
1226360 1621.3
1226370 1626.5
1226380 1628.5
1226390 1628.5
1226400 1630.7
1226410 1637.1
1226420 1637.1
1226430 1644.6
1226440 1652.0
1226450 1652.0
1226460 1657.1
1226470 1660.0
1226480 1660.0
1226490 1664.0
1226500 1666.6
1226510 1666.6
1226520 1668.2
1226530 1668.6
1226540 1668.6
1226550 1667.3
1226560 1664.3
1226570 1664.3
1226580 1657.0
1226590 1652.7
1226600 1652.7
1226610 1659.6
1226620 1661.5
1226630 1660.7
1226640 1660.7
1226650 1658.6
1226660 1658.1
1226670 1658.1
1226680 1656.4
1226690 1653.1
1226700 1653.1
1226710 1650.4
1226720 1649.0
1226730 1649.0
1226740 1648.3
1226750 1648.5
1226760 1648.5
1226770 1648.9
1226780 1648.2
1226790 1648.2
1226800 1639.3
1226810 1634.9
1226820 1634.9
1226830 1630.5
1226840 1631.7
1226850 1631.7
1226860 1630.8
1226870 1630.3
1226880 1630.3
1226890 1631.9
1226900 1635.1
1226910 1639.5
1226920 1639.5
1226930 1643.5
1226940 1641.5
1226950 1641.5
1226960 1636.6
1226970 1631.8
1226980 1631.8
1226990 1624.5
1227000 1614.2
1227010 1614.2
1227020 1608.2
1227030 1612.3
1227040 1612.3
1227050 1622.9
1227060 1633.0
1227070 1633.0
1227080 1640.0
1227090 1646.9
1227100 1646.9
1227110 1651.5
1227120 1655.6
1227130 1655.6
1227140 1657.6
1227150 1662.7
1227160 1662.7
1227170 1668.6
1227180 1669.8
1227190 1669.8
1227200 1670.8
1227210 1672.8
1227220 1675.4
1227230 1675.4
1227240 1677.8
1227250 1676.6
1227260 1676.6
1227270 1676.5
1227280 1676.9
1227290 1676.9
1227300 1669.7
1227310 1670.4
1227320 1670.4
1227330 1671.0
1227340 1672.4
1227350 1672.4
1227360 1674.2
1227370 1675.0
1227380 1675.0
1227390 1675.1
1227400 1676.1
1227410 1676.1
1227420 1677.9
1227430 1680.6
1227440 1680.6
1227450 1684.5
1227460 1688.4
1227470 1688.4
1227480 1691.0
1227490 1690.0
1227500 1690.0
1227510 1691.0
1227520 1694.6
1227530 1696.3
1227540 1696.3
1227550 1698.2
1227560 1701.3
1227570 1701.3
1227580 1703.9
1227590 1705.8
1227600 1705.8
1227610 1707.7
1227620 1708.9
1227630 1708.9
1227640 1710.7
1227650 1717.6
1227660 1717.6
1227670 1723.8
1227680 1725.2
1227690 1725.2
1227700 1729.1
1227710 1733.0
1227720 1733.0
1227730 1738.3
1227740 1740.8
1227750 1740.8
1227760 1739.0
1227770 1736.9
1227780 1736.9
1227790 1734.8
1227800 1723.2
1227810 1722.7
1227820 1722.7
1227830 1723.6
1227840 1722.9
1227850 1722.9
1227860 1722.5
1227870 1721.1
1227880 1721.1
1227890 1720.3
1227900 1723.4
1227910 1723.4
1227920 1724.3
1227930 1728.7
1227940 1728.7
1227950 1730.2
1227960 1721.3
1227970 1721.3
1227980 1712.3
1227990 1706.8
1228000 1706.8
1228010 1710.6
1228020 1716.6
1228030 1716.6
1228040 1720.7
1228050 1720.8
1228060 1720.8
1228070 1721.6
1228080 1727.0
1228090 1727.0
1228100 1734.5
1228110 1737.0
1228120 1736.2
1228130 1736.2
1228140 1733.8
1228150 1731.8
1228160 1731.8
1228170 1731.9
1228180 1732.4
1228190 1732.4
1228200 1732.8
1228210 1734.6
1228220 1734.6
1228230 1736.1
1228240 1737.2
1228250 1737.2
1228260 1737.4
1228270 1736.0
1228280 1736.0
1228290 1727.4
1228300 1725.9
1228310 1725.9
1228320 1724.5
1228330 1723.2
1228340 1723.2
1228350 1722.4
1228360 1721.6
1228370 1721.6
1228380 1720.1
1228390 1718.2
1228400 1718.2
1228410 1716.5
1228420 1715.1
1228430 1716.0
1228440 1716.0
1228450 1717.7
1228460 1720.1
1228470 1720.1
1228480 1724.2
1228490 1730.7
1228500 1730.7
1228510 1740.6
1228520 1749.2
1228530 1749.2
1228540 1757.5
1228550 1763.5
1228560 1763.5
1228570 1764.3
1228580 1762.5
1228590 1762.5
1228600 1760.1
1228610 1757.8
1228620 1757.8
1228630 1756.7
1228640 1756.1
1228650 1756.1
1228660 1755.7
1228670 1755.4
1228680 1755.4
1228690 1755.3
1228700 1753.9
1228710 1751.7
1228720 1751.7
1228730 1749.9
1228740 1748.9
1228750 1748.9
1228760 1747.9
1228770 1745.5
1228780 1745.5
1228790 1734.1
1228800 1733.7
1228810 1733.7
1228820 1732.7
1228830 1732.4
1228840 1732.4
1228850 1732.0
1228860 1730.7
1228870 1730.7
1228880 1729.6
1228890 1728.2
1228900 1728.2
1228910 1726.7
1228920 1725.2
1228930 1725.2
1228940 1723.7
1228950 1722.3
1228960 1722.3
1228970 1720.1
1228980 1719.1
1228990 1719.1
1229000 1719.3
1229010 1719.5
1229020 1717.8
1229030 1717.8
1229040 1715.0
1229050 1712.5
1229060 1712.5
1229070 1709.7
1229080 1707.5
1229090 1707.5
1229100 1705.4
1229110 1702.8
1229120 1702.8
1229130 1699.0
1229140 1694.2
1229150 1694.2
1229160 1689.0
1229170 1683.2
1229180 1683.2
1229190 1678.1
1229200 1672.8
1229210 1672.8
1229220 1667.4
1229230 1661.1
1229240 1661.1
1229250 1654.0
1229260 1646.8
1229270 1646.8
1229280 1638.0
1229290 1627.2
1229300 1617.8
1229310 1617.8
1229320 1609.6
1229330 1601.3
1229340 1601.3
1229350 1593.6
1229360 1584.3
1229370 1584.3
1229380 1570.5
1229390 1573.6
1229400 1573.6
1229410 1587.6
1229420 1592.6
1229430 1592.6
1229440 1596.4
1229450 1600.9
1229460 1600.9
1229470 1603.3
1229480 1605.5
1229490 1605.5
1229500 1607.2
1229510 1608.0
1229520 1608.0
1229530 1610.1
1229540 1613.1
1229550 1613.1
1229560 1616.9
1229570 1621.3
1229580 1621.3
1229590 1626.0
1229600 1630.8
1229610 1635.4
1229620 1635.4
1229630 1639.5
1229640 1642.5
1229650 1642.5
1229660 1644.7
1229670 1645.7
1229680 1645.7
1229690 1646.0
1229700 1645.2
1229710 1645.2
1229720 1643.1
1229730 1638.7
1229740 1638.7
1229750 1632.0
1229760 1625.4
1229770 1625.4
1229780 1620.2
1229790 1609.1
1229800 1609.1
1229810 1602.7
1229820 1596.0
1229830 1596.0
1229840 1592.3
1229850 1593.5
1229860 1593.5
1229870 1599.6
1229880 1606.9
1229890 1606.9
1229900 1614.3
1229910 1621.1
1229920 1627.9
1229930 1627.9
1229940 1635.6
1229950 1643.4
1229960 1643.4
1229970 1651.0
1229980 1658.7
1229990 1658.7
1230000 1666.2
1230010 1673.1
1230020 1673.1
1230030 1679.0
1230040 1683.5
1230050 1683.5
1230060 1688.2
1230070 1694.1
1230080 1694.1
1230090 1699.4
1230100 1705.2
1230110 1705.2
1230120 1711.6
1230130 1716.7
1230140 1716.7
1230150 1723.2
1230160 1730.5
1230170 1730.5
1230180 1737.7
1230190 1743.5
1230200 1749.0
1230210 1749.0
1230220 1753.6
1230230 1757.6
1230240 1757.6
1230250 1762.9
1230260 1768.7
1230270 1768.7
1230280 1773.7
1230290 1773.4
1230300 1773.4
1230310 1778.1
1230320 1783.4
1230330 1783.4
1230340 1788.8
1230350 1794.1
1230360 1794.1
1230370 1799.6
1230380 1805.2
1230390 1805.2
1230400 1810.5
1230410 1816.0
1230420 1816.0
1230430 1821.6
1230440 1826.3
1230450 1826.3
1230460 1830.4
1230470 1836.0
1230480 1836.0
1230490 1842.4
1230500 1848.8
1230510 1854.9
1230520 1854.9
1230530 1860.8
1230540 1867.1
1230550 1867.1
1230560 1872.6
1230570 1878.4
1230580 1878.4
1230590 1884.1
1230600 1889.7
1230610 1889.7
1230620 1894.6
1230630 1899.0
1230640 1899.0
1230650 1903.0
1230660 1905.9
1230670 1905.9
1230680 1908.8
1230690 1910.8
1230700 1910.8
1230710 1912.1
1230720 1913.0
1230730 1913.0
1230740 1913.8
1230750 1914.1
1230760 1914.1
1230770 1913.5
1230780 1912.3
1230790 1907.2
1230800 1907.2
1230810 1909.8
1230820 1912.0
1230830 1912.0
1230840 1915.1
1230850 1918.3
1230860 1918.3
1230870 1920.4
1230880 1921.6
1230890 1921.6
1230900 1921.8
1230910 1921.8
1230920 1921.8
1230930 1921.4
1230940 1919.6
1230950 1919.6
1230960 1916.9
1230970 1915.8
1230980 1915.8
1230990 1918.7
1231000 1926.6
1231010 1926.6
1231020 1934.7
1231030 1936.9
1231040 1936.9
1231050 1937.5
1231060 1938.5
1231070 1938.5
1231080 1941.7
1231090 1942.1
1231100 1941.3
1231110 1941.3
1231120 1936.9
1231130 1927.7
1231140 1927.7
1231150 1918.3
1231160 1909.2
1231170 1909.2
1231180 1904.0
1231190 1905.4
1231200 1905.4
1231210 1910.8
1231220 1913.2
1231230 1913.2
1231240 1908.2
1231250 1904.5
1231260 1904.5
1231270 1901.9
1231280 1900.2
1231290 1900.2
1231300 1889.2
1231310 1883.7
1231320 1883.7
1231330 1878.8
1231340 1873.7
1231350 1873.7
1231360 1869.6
1231370 1865.5
1231380 1865.5
1231390 1861.5
1231400 1857.7
1231410 1855.7
1231420 1855.7
1231430 1853.8
1231440 1851.3
1231450 1851.3
1231460 1848.9
1231470 1847.1
1231480 1847.1
1231490 1844.0
1231500 1839.6
1231510 1839.6
1231520 1834.9
1231530 1829.2
1231540 1829.2
1231550 1823.6
1231560 1818.4
1231570 1818.4
1231580 1812.6
1231590 1808.8
1231600 1808.8
1231610 1808.4
1231620 1805.5
1231630 1805.5
1231640 1801.2
1231650 1796.4
1231660 1796.4
1231670 1791.3
1231680 1786.5
1231690 1779.8
1231700 1779.8
1231710 1771.9
1231720 1763.4
1231730 1763.4
1231740 1754.2
1231750 1746.8
1231760 1746.8
1231770 1741.7
1231780 1736.7
1231790 1736.7
1231800 1726.1
1231810 1722.2
1231820 1722.2
1231830 1720.3
1231840 1717.7
1231850 1717.7
1231860 1712.8
1231870 1706.9
1231880 1706.9
1231890 1700.8
1231900 1695.5
1231910 1695.5
1231920 1690.5
1231930 1685.7
1231940 1685.7
1231950 1680.9
1231960 1676.5
1231970 1676.5
1231980 1672.4
1231990 1668.3
1232000 1664.7
1232010 1664.7
1232020 1660.7
1232030 1654.7
1232040 1654.7
1232050 1647.3
1232060 1640.6
1232070 1640.6
1232080 1635.3
1232090 1632.0
1232100 1632.0
1232110 1630.1
1232120 1626.4
1232130 1626.4
1232140 1620.9
1232150 1615.0
1232160 1615.0
1232170 1608.6
1232180 1601.9
1232190 1601.9
1232200 1598.1
1232210 1595.1
1232220 1595.1
1232230 1593.9
1232240 1596.3
1232250 1596.3
1232260 1599.4
1232270 1602.1
1232280 1602.1
1232290 1602.5
1232300 1603.3
1232310 1604.9
1232320 1604.9
1232330 1610.8
1232340 1618.0
1232350 1618.0
1232360 1625.4
1232370 1631.9
1232380 1631.9
1232390 1637.5
1232400 1642.2
1232410 1642.2
1232420 1646.6
1232430 1651.1
1232440 1651.1
1232450 1655.7
1232460 1660.4
1232470 1660.4
1232480 1664.4
1232490 1669.1
1232500 1669.1
1232510 1673.7
1232520 1678.1
1232530 1678.1
1232540 1682.4
1232550 1686.8
1232560 1686.8
1232570 1690.8
1232580 1693.9
1232590 1695.3
1232600 1695.3
1232610 1696.8
1232620 1700.0
1232630 1700.0
1232640 1703.6
1232650 1707.8
1232660 1707.8
1232670 1713.2
1232680 1719.3
1232690 1719.3
1232700 1724.1
1232710 1729.5
1232720 1729.5
1232730 1735.2
1232740 1740.7
1232750 1740.7
1232760 1745.9
1232770 1751.5
1232780 1751.5
1232790 1757.3
1232800 1762.7
1232810 1759.0
1232820 1764.1
1232830 1769.1
1232840 1769.1
1232850 1773.2
1232860 1776.4
1232870 1776.4
1232880 1777.0
1232890 1771.8
1232900 1766.1
1232910 1766.1
1232920 1761.3
1232930 1757.7
1232940 1757.7
1232950 1753.2
1232960 1748.7
1232970 1748.7
1232980 1743.5
1232990 1737.7
1233000 1737.7
1233010 1733.2
1233020 1731.9
1233030 1731.9
1233040 1730.7
1233050 1725.9
1233060 1725.9
1233070 1718.9
1233080 1712.6
1233090 1712.6
1233100 1708.6
1233110 1706.3
1233120 1706.3
1233130 1704.2
1233140 1701.1
1233150 1701.1
1233160 1699.2
1233170 1700.0
1233180 1698.4
1233190 1698.4
1233200 1694.8
1233210 1691.2
1233220 1691.2
1233230 1690.0
1233240 1688.5
1233250 1688.5
1233260 1686.9
1233270 1685.6
1233280 1685.6
1233290 1681.3
1233300 1676.5
1233310 1676.5
1233320 1668.7
1233330 1665.2
1233340 1665.2
1233350 1659.5
1233360 1654.4
1233370 1654.4
1233380 1651.9
1233390 1649.4
1233400 1649.4
1233410 1649.2
1233420 1648.6
1233430 1648.6
1233440 1646.0
1233450 1641.6
1233460 1641.6
1233470 1634.5
1233480 1627.7
1233490 1622.7
1233500 1622.7
1233510 1617.0
1233520 1611.8
1233530 1611.8
1233540 1613.8
1233550 1615.0
1233560 1615.0
1233570 1610.9
1233580 1603.5
1233590 1603.5
1233600 1595.4
1233610 1587.8
1233620 1587.8
1233630 1582.0
1233640 1580.0
1233650 1580.0
1233660 1578.6
1233670 1576.8
1233680 1576.8
1233690 1575.8
1233700 1577.8
1233710 1577.8
1233720 1576.5
1233730 1575.1
1233740 1575.1
1233750 1576.6
1233760 1578.7
1233770 1578.7
1233780 1581.2
1233790 1583.9
1233800 1585.1
1233810 1585.1
1233820 1584.4
1233830 1578.0
1233840 1578.0
1233850 1574.9
1233860 1570.1
1233870 1570.1
1233880 1564.3
1233890 1558.4
1233900 1558.4
1233910 1554.2
1233920 1553.5
1233930 1553.5
1233940 1552.2
1233950 1550.4
1233960 1550.4
1233970 1549.5
1233980 1550.5
1233990 1550.5
1234000 1554.9
1234010 1559.6
1234020 1559.6
1234030 1564.2
1234040 1568.6
1234050 1568.6
1234060 1569.4
1234070 1565.5
1234080 1560.0
1234090 1560.0
1234100 1554.9
1234110 1549.7
1234120 1549.7
1234130 1545.8
1234140 1544.0
1234150 1544.0
1234160 1545.5
1234170 1546.3
1234180 1546.3
1234190 1544.7
1234200 1543.4
1234210 1543.4
1234220 1542.3
1234230 1544.0
1234240 1544.0
1234250 1545.7
1234260 1547.2
1234270 1547.2
1234280 1549.0
1234290 1553.1
1234300 1553.1
1234310 1556.8
1234320 1560.8
1234330 1560.8
1234340 1567.7
1234350 1574.2
1234360 1574.2
1234370 1579.9
1234380 1582.8
1234390 1584.2
1234400 1584.2
1234410 1586.8
1234420 1591.1
1234430 1591.1
1234440 1596.1
1234450 1601.0
1234460 1601.0
1234470 1605.8
1234480 1610.7
1234490 1610.7
1234500 1615.6
1234510 1620.5
1234520 1620.5
1234530 1625.3
1234540 1629.9
1234550 1629.9
1234560 1634.4
1234570 1638.8
1234580 1638.8
1234590 1643.2
1234600 1647.6
1234610 1647.6
1234620 1652.0
1234630 1656.4
1234640 1656.4
1234650 1661.0
1234660 1665.4
1234670 1669.6
1234680 1669.6
1234690 1673.7
1234700 1678.1
1234710 1678.1
1234720 1682.3
1234730 1686.3
1234740 1686.3
1234750 1690.0
1234760 1693.0
1234770 1693.0
1234780 1694.9
1234790 1694.9
1234800 1694.9
1234810 1694.2
1234820 1693.9
1234830 1693.9
1234840 1692.5
1234850 1681.8
1234860 1681.8
1234870 1679.3
1234880 1679.9
1234890 1679.9
1234900 1679.8
1234910 1681.1
1234920 1681.1
1234930 1684.4
1234940 1688.3
1234950 1688.3
1234960 1691.7
1234970 1694.4
1234980 1696.0
1234990 1696.0
1235000 1696.6
1235010 1696.9
1235020 1696.9
1235030 1699.4
1235040 1702.5
1235050 1702.5
1235060 1705.5
1235070 1704.9
1235080 1704.9
1235090 1704.8
1235100 1705.4
1235110 1705.4
1235120 1707.4
1235130 1710.9
1235140 1710.9
1235150 1714.7
1235160 1719.3
1235170 1719.3
1235180 1725.7
1235190 1734.0
1235200 1734.0
1235210 1743.5
1235220 1754.3
1235230 1754.3
1235240 1758.7
1235250 1755.9
1235260 1755.9
1235270 1751.0
1235280 1746.6
1235290 1742.4
1235300 1742.4
1235310 1738.5
1235320 1735.4
1235330 1735.4
1235340 1732.3
1235350 1730.1
1235360 1723.5
1235370 1722.2
1235380 1722.1
1235390 1722.1
1235400 1722.6
1235410 1723.6
1235420 1723.6
1235430 1724.4
1235440 1726.3
1235450 1726.3
1235460 1729.7
1235470 1732.1
1235480 1732.1
1235490 1734.2
1235500 1736.5
1235510 1736.5
1235520 1737.7
1235530 1737.2
1235540 1737.2
1235550 1738.7
1235560 1741.0
1235570 1743.0
1235580 1743.0
1235590 1745.3
1235600 1747.7
1235610 1747.7
1235620 1750.2
1235630 1752.3
1235640 1752.3
1235650 1754.1
1235660 1756.0
1235670 1756.0
1235680 1758.4
1235690 1760.7
1235700 1760.7
1235710 1763.0
1235720 1765.8
1235730 1765.8
1235740 1768.9
1235750 1772.0
1235760 1772.0
1235770 1775.1
1235780 1779.0
1235790 1779.0
1235800 1782.7
1235810 1787.6
1235820 1787.6
1235830 1794.8
1235840 1798.4
1235850 1798.4
1235860 1796.3
1235870 1788.2
1235880 1783.1
1235890 1783.1
1235900 1778.5
1235910 1775.0
1235920 1775.0
1235930 1770.0
1235940 1766.9
1235950 1766.9
1235960 1767.0
1235970 1766.8
1235980 1766.8
1235990 1764.8
1236000 1762.5
1236010 1762.5
1236020 1761.5
1236030 1760.8
1236040 1760.8
1236050 1759.6
1236060 1757.5
1236070 1757.5
1236080 1755.0
1236090 1753.6
1236100 1753.6
1236110 1751.1
1236120 1746.5
1236130 1746.5
1236140 1740.5
1236150 1734.3
1236160 1729.0
1236170 1729.0
1236180 1725.6
1236190 1722.0
1236200 1722.0
1236210 1718.9
1236220 1717.1
1236230 1717.1
1236240 1715.9
1236250 1714.7
1236260 1714.7
1236270 1713.0
1236280 1710.5
1236290 1710.5
1236300 1706.5
1236310 1703.1
1236320 1703.1
1236330 1698.7
1236340 1693.8
1236350 1693.8
1236360 1689.0
1236370 1684.4
1236380 1684.4
1236390 1675.3
1236400 1670.7
1236410 1670.7
1236420 1665.5
1236430 1660.6
1236440 1660.6
1236450 1657.0
1236460 1657.8
1236470 1662.0
1236480 1662.0
1236490 1667.0
1236500 1672.0
1236510 1672.0
1236520 1676.9
1236530 1681.9
1236540 1681.9
1236550 1687.6
1236560 1688.9
1236570 1688.9
1236580 1685.4
1236590 1683.1
1236600 1683.1
1236610 1682.3
1236620 1681.5
1236630 1681.5
1236640 1680.2
1236650 1676.2
1236660 1676.2
1236670 1669.2
1236680 1661.7
1236690 1661.7
1236700 1654.3
1236710 1646.8
1236720 1646.8
1236730 1638.7
1236740 1631.6
1236750 1631.6
1236760 1628.3
1236770 1631.5
1236780 1638.5
1236790 1638.5
1236800 1645.9
1236810 1651.1
1236820 1651.1
1236830 1652.7
1236840 1651.1
1236850 1651.1
1236860 1649.5
1236870 1647.5
1236880 1647.5
1236890 1644.5
1236900 1640.7
1236910 1640.7
1236920 1648.1
1236930 1654.7
1236940 1654.7
1236950 1660.8
1236960 1667.2
1236970 1667.2
1236980 1673.6
1236990 1680.1
1237000 1680.1
1237010 1686.4
1237020 1691.8
1237030 1691.8
1237040 1697.7
1237050 1703.8
1237060 1709.9
1237070 1709.9
1237080 1716.4
1237090 1722.6
1237100 1722.6
1237110 1728.8
1237120 1734.7
1237130 1734.7
1237140 1740.3
1237150 1746.3
1237160 1746.3
1237170 1752.0
1237180 1757.4
1237190 1757.4
1237200 1762.8
1237210 1768.8
1237220 1768.8
1237230 1775.7
1237240 1782.4
1237250 1782.4
1237260 1789.3
1237270 1796.7
1237280 1796.7
1237290 1803.8
1237300 1804.1
1237310 1804.1
1237320 1802.0
1237330 1799.3
1237340 1799.3
1237350 1796.2
1237360 1793.0
1237370 1789.9
1237380 1789.9
1237390 1786.7
1237400 1783.9
1237410 1783.9
1237420 1778.6
1237430 1780.0
1237440 1780.0
1237450 1783.4
1237460 1788.9
1237470 1788.9
1237480 1795.1
1237490 1801.9
1237500 1801.9
1237510 1808.0
1237520 1813.6
1237530 1813.6
1237540 1819.6
1237550 1826.0
1237560 1826.0
1237570 1831.6
1237580 1836.5
1237590 1836.5
1237600 1839.9
1237610 1844.7
1237620 1844.7
1237630 1849.7
1237640 1854.1
1237650 1860.4
1237660 1860.4
1237670 1865.9
1237680 1870.7
1237690 1870.7
1237700 1874.2
1237710 1873.8
1237720 1873.8
1237730 1872.2
1237740 1877.9
1237750 1877.9
1237760 1882.4
1237770 1883.6
1237780 1883.6
1237790 1882.0
1237800 1877.8
1237810 1877.8
1237820 1868.9
1237830 1859.2
1237840 1859.2
1237850 1857.4
1237860 1859.7
1237870 1859.7
1237880 1863.0
1237890 1868.1
1237900 1868.1
1237910 1873.7
1237920 1875.0
1237930 1870.0
1237940 1866.9
1237950 1864.5
1237960 1864.0
1237970 1864.0
1237980 1864.5
1237990 1863.7
1238000 1863.7
1238010 1855.5
1238020 1843.4
1238030 1843.4
1238040 1830.9
1238050 1822.7
1238060 1822.7
1238070 1814.0
1238080 1815.8
1238090 1815.8
1238100 1821.4
1238110 1827.5
1238120 1827.5
1238130 1836.1
1238140 1841.2
1238150 1841.2
1238160 1846.0
1238170 1856.2
1238180 1856.2
1238190 1866.6
1238200 1875.0
1238210 1875.0
1238220 1882.9
1238230 1886.3
1238240 1886.3
1238250 1886.7
1238260 1885.0
1238270 1883.0
1238280 1883.0
1238290 1880.0
1238300 1874.2
1238310 1874.2
1238320 1863.9
1238330 1849.7
1238340 1849.7
1238350 1838.6
1238360 1833.1
1238370 1833.1
1238380 1829.9
1238390 1834.7
1238400 1834.7
1238410 1841.3
1238420 1848.3
1238430 1848.3
1238440 1859.3
1238450 1860.2
1238460 1860.2
1238470 1866.8
1238480 1868.6
1238490 1868.6
1238500 1868.3
1238510 1867.2
1238520 1867.2
1238530 1864.1
1238540 1861.0
1238550 1859.2
1238560 1859.2
1238570 1859.2
1238580 1860.7
1238590 1860.7
1238600 1865.8
1238610 1873.1
1238620 1873.1
1238630 1878.0
1238640 1880.0
1238650 1880.0
1238660 1881.1
1238670 1880.7
1238680 1880.7
1238690 1881.1
1238700 1882.2
1238710 1882.2
1238720 1881.0
1238730 1879.3
1238740 1879.3
1238750 1876.9
1238760 1873.5
1238770 1873.5
1238780 1869.2
1238790 1862.3
1238800 1862.3
1238810 1854.2
1238820 1848.2
1238830 1848.2
1238840 1843.9
1238850 1839.0
1238860 1830.6
1238870 1830.6
1238880 1818.9
1238890 1806.7
1238900 1806.7
1238910 1794.8
1238920 1778.5
1238930 1778.5
1238940 1769.0
1238950 1769.1
1238960 1769.1
1238970 1765.7
1238980 1766.7
1238990 1766.7
1239000 1764.3
1239010 1763.8
1239020 1763.8
1239030 1764.7
1239040 1765.0
1239050 1765.0
1239060 1766.1
1239070 1768.0
1239080 1768.0
1239090 1771.0
1239100 1771.2
1239110 1771.2
1239120 1767.5
1239130 1763.5
1239140 1757.4
1239150 1757.4
1239160 1754.0
1239170 1752.0
1239180 1752.0
1239190 1750.3
1239200 1750.0
1239210 1750.0
1239220 1757.9
1239230 1774.0
1239240 1774.0
1239250 1779.9
1239260 1784.9
1239270 1784.9
1239280 1790.0
1239290 1791.7
1239300 1791.7
1239310 1792.9
1239320 1798.3
1239330 1798.3
1239340 1803.5
1239350 1809.5
1239360 1809.5
1239370 1813.4
1239380 1816.7
1239390 1816.7
1239400 1818.9
1239410 1821.1
1239420 1821.1
1239430 1819.9
1239440 1818.5
1239450 1820.2
1239460 1820.2
1239470 1826.6
1239480 1828.9
1239490 1820.8
1239500 1818.1
1239510 1823.2
1239520 1823.2
1239530 1828.6
1239540 1831.0
1239550 1831.0
1239560 1830.4
1239570 1832.1
1239580 1832.1
1239590 1836.3
1239600 1836.4
1239610 1836.4
1239620 1836.8
1239630 1838.7
1239640 1838.7
1239650 1838.7
1239660 1837.2
1239670 1837.2
1239680 1835.8
1239690 1833.7
1239700 1833.7
1239710 1830.7
1239720 1828.3
1239730 1828.3
1239740 1825.0
1239750 1822.1
1239760 1821.0
1239770 1821.0
1239780 1820.3
1239790 1819.4
1239800 1819.4
1239810 1817.9
1239820 1816.8
1239830 1816.8
1239840 1814.9
1239850 1812.2
1239860 1812.2
1239870 1808.0
1239880 1800.1
1239890 1800.1
1239900 1790.5
1239910 1779.3
1239920 1779.3
1239930 1766.6
1239940 1755.8
1239950 1755.8
1239960 1744.4
1239970 1731.3
1239980 1731.3
1239990 1720.5
