1220000 1361.3
1220010 1361.3
1220020 1363.2
1220030 1366.8
1220040 1366.8
1220050 1371.4
1220060 1375.0
1220070 1375.0
1220080 1378.9
1220090 1383.3
1220100 1383.3
1220110 1381.2
1220120 1383.5
1220130 1383.5
1220140 1386.4
1220150 1389.6
1220160 1389.6
1220170 1394.1
1220180 1400.0
1220190 1400.0
1220200 1405.9
1220210 1412.0
1220220 1412.0
1220230 1417.2
1220240 1420.1
1220250 1422.0
1220260 1422.0
1220270 1423.4
1220280 1423.6
1220290 1423.6
1220300 1425.7
1220310 1428.0
1220320 1428.0
1220330 1430.1
1220340 1431.7
1220350 1431.7
1220360 1433.8
1220370 1435.5
1220380 1435.5
1220390 1437.8
1220400 1435.7
1220410 1435.7
1220420 1430.7
1220430 1429.1
1220440 1429.1
1220450 1429.6
1220460 1431.4
1220470 1431.4
1220480 1433.1
1220490 1434.6
1220500 1434.6
1220510 1435.9
1220520 1437.7
1220530 1437.7
1220540 1439.5
1220550 1442.2
1220560 1445.5
1220570 1445.5
1220580 1450.4
1220590 1455.8
1220600 1450.7
1220610 1456.5
1220620 1460.9
1220630 1460.9
1220640 1463.3
1220650 1466.0
1220660 1466.0
1220670 1468.0
1220680 1468.2
1220690 1468.2
1220700 1469.6
1220710 1471.9
1220720 1471.9
1220730 1474.1
1220740 1476.0
1220750 1476.0
1220760 1477.3
1220770 1477.5
1220780 1477.5
1220790 1477.5
1220800 1478.0
1220810 1478.0
1220820 1479.2
1220830 1480.4
1220840 1481.1
1220850 1481.1
1220860 1481.1
1220870 1480.9
1220880 1480.9
1220890 1481.6
1220900 1482.5
1220910 1482.5
1220920 1483.1
1220930 1483.8
1220940 1483.8
1220950 1484.5
1220960 1485.5
1220970 1485.5
1220980 1486.3
1220990 1487.2
1221000 1487.2
1221010 1488.0
1221020 1489.0
1221030 1489.0
1221040 1490.0
1221050 1491.4
1221060 1491.4
1221070 1492.6
1221080 1493.7
1221090 1493.7
1221100 1494.8
1221110 1495.9
1221120 1495.9
1221130 1497.0
1221140 1498.2
1221150 1499.2
1221160 1499.2
1221170 1500.2
1221180 1501.2
1221190 1501.2
1221200 1502.4
1221210 1503.6
1221220 1503.6
1221230 1504.7
1221240 1505.8
1221250 1505.8
1221260 1506.7
1221270 1507.5
1221280 1507.5
1221290 1508.6
1221300 1509.9
1221310 1509.9
1221320 1511.0
1221330 1512.0
1221340 1512.0
1221350 1513.1
1221360 1514.1
1221370 1514.1
1221380 1514.9
1221390 1515.0
1221400 1515.0
1221410 1514.0
1221420 1515.7
1221430 1515.7
1221440 1517.7
1221450 1519.4
1221460 1520.7
1221470 1520.7
1221480 1522.3
1221490 1523.5
1221500 1523.5
1221510 1524.9
1221520 1526.4
1221530 1526.4
1221540 1528.1
1221550 1529.9
1221560 1529.3
1221570 1531.0
1221580 1532.6
1221590 1532.6
1221600 1533.9
1221610 1535.3
1221620 1535.3
1221630 1536.9
1221640 1538.6
1221650 1538.6
1221660 1540.4
1221670 1542.3
1221680 1542.3
1221690 1544.1
1221700 1546.3
1221710 1546.3
1221720 1548.4
1221730 1550.5
1221740 1552.4
1221750 1552.4
1221760 1554.7
1221770 1558.0
1221780 1558.0
1221790 1560.8
1221800 1561.6
1221810 1561.6
1221820 1563.8
1221830 1566.7
1221840 1566.7
1221850 1568.7
1221860 1570.9
1221870 1570.9
1221880 1573.6
1221890 1575.8
1221900 1575.8
1221910 1577.9
1221920 1579.1
1221930 1579.1
1221940 1580.6
1221950 1584.0
1221960 1584.0
1221970 1588.5
1221980 1591.5
1221990 1591.5
1222000 1594.2
1222010 1598.7
1222020 1598.7
1222030 1604.5
1222040 1609.4
1222050 1617.4
1222060 1617.4
1222070 1621.3
1222080 1625.8
1222090 1625.8
1222100 1632.0
1222110 1636.2
1222120 1636.2
1222130 1635.9
1222140 1634.5
1222150 1634.5
1222160 1634.4
1222170 1635.2
1222180 1635.2
1222190 1636.6
1222200 1638.6
1222210 1638.6
1222220 1641.5
1222230 1644.5
1222240 1644.5
1222250 1647.9
1222260 1650.9
1222270 1650.9
1222280 1654.5
1222290 1660.1
1222300 1660.1
1222310 1666.8
1222320 1674.0
1222330 1674.0
1222340 1683.4
1222350 1694.2
1222360 1702.8
1222370 1702.8
1222380 1710.1
1222390 1718.0
1222400 1718.0
1222410 1725.5
1222420 1729.6
1222430 1729.6
1222440 1732.3
1222450 1737.1
1222460 1737.1
1222470 1742.6
1222480 1746.8
1222490 1746.8
1222500 1749.6
1222510 1754.4
1222520 1754.4
1222530 1758.9
1222540 1758.9
1222550 1758.9
1222560 1763.7
1222570 1768.9
1222580 1768.9
1222590 1775.5
1222600 1785.0
1222610 1785.0
1222620 1793.2
1222630 1800.2
1222640 1805.5
1222650 1805.5
1222660 1801.7
1222670 1798.1
1222680 1798.1
1222690 1795.3
1222700 1793.2
1222710 1793.2
1222720 1791.4
1222730 1790.2
1222740 1790.2
1222750 1788.9
1222760 1787.3
1222770 1787.3
1222780 1786.3
1222790 1785.1
1222800 1785.1
1222810 1783.6
1222820 1782.0
1222830 1782.0
1222840 1780.8
1222850 1777.5
1222860 1777.5
1222870 1774.7
1222880 1776.0
1222890 1776.0
1222900 1780.4
1222910 1782.4
1222920 1782.4
1222930 1782.0
1222940 1781.1
1222950 1779.8
1222960 1779.8
1222970 1777.7
1222980 1775.2
1222990 1775.2
1223000 1775.0
1223010 1773.9
1223020 1771.5
1223030 1770.4
1223040 1769.7
1223050 1769.7
1223060 1771.4
1223070 1772.4
1223080 1772.4
1223090 1772.7
1223100 1773.3
1223110 1773.3
1223120 1774.0
1223130 1774.4
1223140 1774.4
1223150 1774.6
1223160 1773.9
1223170 1773.9
1223180 1772.7
1223190 1771.7
1223200 1771.7
1223210 1770.5
1223220 1769.3
1223230 1769.3
1223240 1768.2
1223250 1766.8
1223260 1765.5
1223270 1765.5
1223280 1765.3
1223290 1766.2
1223300 1766.2
1223310 1767.5
1223320 1768.7
1223330 1768.7
1223340 1769.2
1223350 1769.5
1223360 1769.5
1223370 1769.9
1223380 1770.1
1223390 1770.1
1223400 1768.8
1223410 1766.2
1223420 1766.2
1223430 1765.4
1223440 1765.9
1223450 1765.9
1223460 1765.0
1223470 1763.2
1223480 1763.2
1223490 1761.2
1223500 1759.6
1223510 1758.4
1223520 1756.5
1223530 1754.0
1223540 1751.3
1223550 1751.3
1223560 1748.6
1223570 1746.1
1223580 1746.1
1223590 1743.7
1223600 1740.8
1223610 1740.8
1223620 1736.5
1223630 1732.1
1223640 1732.1
1223650 1729.0
1223660 1726.0
1223670 1726.0
1223680 1725.1
1223690 1727.8
1223700 1727.8
1223710 1730.2
1223720 1732.4
1223730 1732.4
1223740 1733.7
1223750 1734.1
1223760 1734.1
1223770 1733.9
1223780 1734.2
1223790 1734.2
1223800 1734.1
1223810 1732.9
1223820 1732.9
1223830 1732.2
1223840 1731.5
1223850 1731.0
1223860 1731.0
1223870 1730.8
1223880 1730.1
1223890 1730.1
1223900 1729.6
1223910 1729.3
1223920 1729.3
1223930 1729.0
1223940 1728.7
1223950 1728.7
1223960 1728.3
1223970 1728.1
1223980 1728.1
1223990 1727.9
1224000 1725.3
1224010 1725.3
1224020 1725.2
1224030 1725.6
1224040 1725.6
1224050 1726.2
1224060 1726.5
1224070 1726.5
1224080 1727.2
1224090 1728.1
1224100 1728.1
1224110 1728.5
1224120 1729.0
1224130 1729.0
1224140 1730.4
1224150 1731.2
1224160 1731.4
1224170 1731.4
1224180 1731.4
1224190 1731.0
1224200 1731.0
1224210 1730.7
1224220 1730.9
1224230 1730.9
1224240 1730.9
1224250 1730.3
1224260 1730.3
1224270 1729.4
1224280 1729.2
1224290 1729.2
1224300 1729.0
1224310 1730.4
1224320 1730.4
1224330 1731.3
1224340 1731.3
1224350 1731.3
1224360 1731.9
1224370 1732.5
1224380 1732.5
1224390 1731.7
1224400 1730.4
1224410 1730.4
1224420 1729.6
1224430 1729.2
1224440 1728.2
1224450 1728.2
1224460 1727.9
1224470 1728.3
1224480 1728.3
1224490 1724.4
1224500 1722.5
1224510 1722.5
1224520 1719.6
1224530 1720.5
1224540 1720.5
1224550 1722.1
1224560 1722.6
1224570 1722.6
1224580 1721.7
1224590 1721.4
1224600 1721.4
1224610 1720.9
1224620 1720.1
1224630 1720.1
1224640 1718.9
1224650 1719.1
1224660 1719.1
1224670 1719.5
1224680 1718.4
1224690 1718.4
1224700 1718.3
1224710 1718.8
1224720 1718.8
1224730 1718.4
1224740 1717.5
1224750 1717.3
1224760 1717.3
1224770 1716.2
1224780 1714.4
1224790 1714.4
1224800 1715.7
1224810 1715.4
1224820 1715.4
1224830 1713.5
1224840 1712.2
1224850 1712.2
1224860 1710.1
1224870 1709.3
1224880 1709.3
1224890 1709.9
1224900 1712.4
1224910 1712.4
1224920 1714.4
1224930 1717.7
1224940 1717.7
1224950 1722.4
1224960 1726.6
1224970 1726.6
1224980 1724.9
1224990 1729.4
1225000 1729.4
1225010 1733.7
1225020 1738.3
1225030 1738.3
1225040 1742.9
1225050 1746.7
1225060 1750.1
1225070 1750.1
1225080 1753.3
1225090 1756.0
1225100 1756.0
1225110 1759.2
1225120 1762.1
1225130 1762.1
1225140 1765.0
1225150 1768.9
1225160 1768.9
1225170 1773.1
1225180 1776.3
1225190 1776.3
1225200 1778.6
1225210 1780.1
1225220 1780.1
1225230 1780.9
1225240 1777.1
1225250 1777.1
1225260 1765.5
1225270 1746.7
1225280 1746.7
1225290 1728.2
1225300 1718.8
1225310 1718.8
1225320 1712.4
1225330 1705.4
1225340 1705.2
1225350 1705.2
1225360 1708.6
1225370 1713.5
1225380 1713.5
1225390 1720.2
1225400 1731.4
1225410 1731.4
1225420 1741.0
1225430 1748.0
1225440 1748.0
1225450 1754.3
1225460 1760.1
1225470 1754.5
1225480 1756.8
1225490 1760.1
1225500 1760.1
1225510 1766.3
1225520 1774.8
1225530 1774.8
1225540 1797.2
1225550 1812.4
1225560 1812.4
1225570 1808.0
1225580 1807.9
1225590 1807.9
1225600 1812.5
1225610 1817.6
1225620 1817.6
1225630 1823.6
1225640 1830.9
1225650 1836.9
1225660 1836.9
1225670 1842.4
1225680 1848.3
1225690 1848.3
1225700 1854.5
1225710 1860.9
1225720 1860.9
1225730 1868.5
1225740 1875.2
1225750 1875.2
1225760 1879.8
1225770 1879.3
1225780 1879.3
1225790 1883.4
1225800 1895.6
1225810 1895.6
1225820 1900.0
1225830 1900.4
1225840 1900.4
1225850 1900.5
1225860 1903.2
1225870 1903.2
1225880 1906.2
1225890 1906.0
1225900 1906.0
1225910 1907.5
1225920 1912.3
1225930 1912.3
1225940 1915.8
1225950 1920.1
1225960 1923.0
1225970 1911.5
1225980 1915.6
1225990 1916.9
1226000 1916.9
1226010 1917.3
1226020 1919.5
1226030 1919.5
1226040 1924.2
1226050 1928.1
1226060 1928.1
1226070 1931.4
1226080 1937.0
1226090 1937.0
1226100 1942.9
1226110 1944.0
1226120 1944.0
1226130 1947.0
1226140 1950.4
1226150 1950.4
1226160 1951.3
1226170 1953.0
1226180 1953.0
1226190 1956.4
1226200 1959.8
1226210 1959.8
1226220 1967.7
1226230 1975.7
1226240 1983.7
1226250 1983.7
1226260 1999.5
1226270 2027.7
1226280 2027.7
1226290 2049.1
1226300 2065.8
1226310 2065.8
1226320 2077.7
1226330 2086.2
1226340 2086.2
1226350 2090.3
1226360 2094.2
1226370 2094.2
1226380 2096.1
1226390 2095.9
1226400 2095.9
1226410 2091.5
1226420 2085.9
1226430 2085.9
1226440 2083.2
1226450 2079.4
1226460 2073.0
1226470 2067.9
1226480 2059.6
1226490 2059.6
1226500 2053.9
1226510 2051.1
1226520 2051.1
1226530 2049.6
1226540 2049.8
1226550 2049.5
1226560 2049.5
1226570 2049.1
1226580 2047.8
1226590 2047.8
1226600 2045.0
1226610 2040.9
1226620 2040.9
1226630 2038.2
1226640 2036.1
1226650 2036.1
1226660 2031.1
1226670 2027.5
1226680 2027.5
1226690 2024.0
1226700 2019.9
1226710 2019.9
1226720 2016.3
1226730 2012.9
1226740 2012.9
1226750 2009.6
1226760 2006.1
1226770 2006.1
1226780 2002.7
1226790 1997.8
1226800 1997.8
1226810 1992.0
1226820 1983.2
1226830 1983.2
1226840 1973.4
1226850 1963.5
1226860 1954.3
1226870 1954.3
1226880 1944.9
1226890 1934.8
1226900 1934.8
1226910 1927.3
1226920 1921.8
1226930 1921.8
1226940 1917.3
1226950 1906.1
1226960 1906.1
1226970 1900.2
1226980 1891.7
1226990 1891.7
1227000 1877.7
1227010 1866.4
1227020 1866.4
1227030 1861.8
1227040 1857.6
1227050 1857.6
1227060 1855.7
1227070 1855.7
1227080 1855.7
1227090 1855.7
1227100 1857.1
1227110 1857.1
1227120 1862.3
1227130 1873.9
1227140 1885.2
1227150 1885.2
1227160 1896.4
1227170 1907.9
1227180 1907.9
1227190 1922.4
1227200 1925.8
1227210 1925.8
1227220 1924.1
1227230 1921.9
1227240 1921.9
1227250 1919.7
1227260 1917.8
1227270 1917.8
1227280 1914.6
1227290 1914.3
1227300 1914.3
1227310 1915.9
1227320 1917.4
1227330 1917.4
1227340 1919.2
1227350 1920.1
1227360 1920.1
1227370 1923.6
1227380 1928.1
1227390 1928.1
1227400 1935.1
1227410 1944.8
1227420 1944.8
1227430 1955.9
1227440 1969.7
1227450 1980.5
1227460 1980.5
1227470 1992.6
1227480 2007.3
1227490 2007.3
1227500 2024.8
1227510 2037.5
1227520 2037.5
1227530 2049.0
1227540 2058.2
1227550 2058.2
1227560 2063.7
1227570 2068.1
1227580 2068.1
1227590 2074.1
1227600 2079.7
1227610 2079.7
1227620 2083.6
1227630 2088.2
1227640 2088.2
1227650 2092.6
1227660 2096.2
1227670 2096.2
1227680 2099.4
1227690 2102.0
1227700 2102.0
1227710 2102.8
1227720 2104.6
1227730 2104.6
1227740 2110.3
1227750 2114.1
1227760 2118.4
1227770 2118.4
1227780 2125.7
1227790 2135.2
1227800 2135.2
1227810 2145.4
1227820 2153.5
1227830 2153.5
1227840 2157.6
1227850 2167.8
1227860 2167.8
1227870 2187.0
1227880 2185.2
1227890 2185.2
1227900 2179.3
1227910 2173.8
1227920 2173.8
1227930 2169.3
1227940 2165.0
1227950 2154.0
1227960 2157.0
1227970 2162.3
1227980 2162.3
1227990 2157.2
1228000 2152.1
1228010 2152.1
1228020 2148.5
1228030 2145.6
1228040 2142.6
1228050 2142.6
1228060 2139.2
1228070 2135.3
1228080 2135.3
1228090 2130.8
1228100 2126.3
1228110 2126.3
1228120 2122.1
1228130 2118.7
1228140 2118.7
1228150 2116.3
1228160 2115.3
1228170 2115.3
1228180 2115.3
1228190 2115.8
1228200 2115.8
1228210 2115.8
1228220 2114.8
1228230 2114.8
1228240 2113.2
1228250 2110.6
1228260 2110.6
1228270 2109.2
1228280 2108.3
1228290 2108.3
1228300 2106.4
1228310 2106.6
1228320 2106.6
1228330 2112.5
1228340 2112.5
1228350 2110.9
1228360 2110.9
1228370 2108.6
1228380 2105.0
1228390 2105.0
1228400 2102.8
1228410 2113.1
1228420 2113.1
1228430 2114.9
1228440 2116.2
1228450 2116.2
1228460 2113.4
1228470 2109.4
1228480 2109.4
1228490 2097.9
1228500 2085.8
1228510 2085.8
1228520 2074.2
1228530 2063.5
1228540 2063.5
1228550 2055.3
1228560 2047.9
1228570 2047.9
1228580 2040.5
1228590 2026.6
1228600 2026.6
1228610 2012.5
1228620 2000.2
1228630 2000.2
1228640 1991.6
1228650 1988.1
1228660 1984.5
1228670 1984.5
1228680 1979.7
1228690 1970.7
1228700 1970.7
1228710 1961.6
1228720 1950.6
1228730 1950.6
1228740 1935.2
1228750 1923.8
1228760 1923.8
1228770 1914.6
1228780 1902.6
1228790 1902.6
1228800 1888.4
1228810 1874.6
1228820 1874.6
1228830 1866.1
1228840 1859.3
1228850 1859.3
1228860 1853.0
1228870 1846.5
1228880 1846.5
1228890 1840.0
1228900 1833.3
1228910 1833.3
1228920 1826.7
1228930 1820.1
1228940 1810.3
1228950 1810.3
1228960 1803.5
1228970 1799.0
1228980 1799.0
1228990 1798.0
1229000 1792.3
1229010 1792.3
1229020 1785.4
1229030 1781.6
1229040 1781.6
1229050 1775.0
1229060 1774.1
1229070 1774.1
1229080 1779.6
1229090 1784.2
1229100 1784.2
1229110 1789.3
1229120 1792.9
1229130 1792.9
1229140 1796.3
1229150 1798.9
1229160 1798.9
1229170 1802.1
1229180 1807.6
1229190 1807.6
1229200 1812.8
1229210 1817.3
1229220 1817.3
1229230 1823.3
1229240 1829.2
1229250 1834.6
1229260 1834.6
1229270 1839.4
1229280 1847.5
1229290 1847.5
1229300 1859.7
1229310 1869.7
1229320 1869.7
1229330 1879.5
1229340 1891.2
1229350 1891.2
1229360 1907.2
1229370 1917.1
1229380 1917.1
1229390 1925.1
1229400 1931.0
1229410 1931.0
1229420 1935.6
1229430 1938.9
1229440 1929.6
1229450 1933.9
1229460 1939.7
1229470 1939.7
1229480 1947.3
1229490 1955.6
1229500 1955.6
1229510 1962.4
1229520 1965.0
1229530 1965.0
1229540 1962.8
1229550 1960.4
1229560 1957.1
1229570 1957.1
1229580 1957.6
1229590 1959.2
1229600 1959.2
1229610 1963.4
1229620 1966.3
1229630 1966.3
1229640 1965.8
1229650 1963.3
1229660 1963.3
1229670 1957.1
1229680 1948.4
1229690 1948.4
1229700 1939.9
1229710 1933.8
1229720 1933.8
1229730 1930.7
1229740 1929.2
1229750 1929.2
1229760 1927.5
1229770 1926.6
1229780 1926.6
1229790 1921.9
1229800 1916.2
1229810 1916.2
1229820 1910.1
1229830 1904.3
1229840 1900.1
1229850 1900.1
1229860 1897.7
1229870 1898.6
1229880 1898.6
1229890 1898.1
1229900 1897.7
1229910 1897.7
1229920 1896.1
1229930 1894.4
1229940 1887.4
1229950 1886.0
1229960 1882.8
1229970 1882.8
1229980 1876.9
1229990 1870.8
1230000 1870.8
1230010 1866.1
1230020 1864.5
1230030 1864.5
1230040 1864.3
1230050 1862.7
1230060 1862.7
1230070 1859.8
1230080 1855.8
1230090 1855.8
1230100 1851.3
1230110 1846.9
1230120 1846.9
1230130 1841.3
1230140 1837.7
1230150 1834.1
1230160 1834.1
1230170 1827.9
1230180 1825.9
1230190 1825.9
1230200 1831.1
1230210 1838.7
1230220 1838.7
1230230 1846.7
1230240 1854.7
1230250 1854.7
1230260 1862.0
1230270 1868.5
1230280 1868.5
1230290 1875.2
1230300 1882.3
1230310 1882.3
1230320 1889.8
1230330 1897.8
1230340 1897.8
1230350 1905.7
1230360 1914.1
1230370 1914.1
1230380 1922.0
1230390 1930.4
1230400 1930.4
1230410 1939.3
1230420 1947.3
1230430 1947.3
1230440 1955.3
1230450 1963.6
1230460 1975.1
1230470 1975.1
1230480 1986.3
1230490 1995.0
1230500 1995.0
1230510 2001.1
1230520 2009.1
1230530 2009.1
1230540 2014.7
1230550 2020.2
1230560 2020.2
1230570 2027.4
1230580 2036.0
1230590 2036.0
1230600 2045.3
1230610 2052.4
1230620 2052.4
1230630 2058.5
1230640 2074.8
1230650 2074.8
1230660 2094.9
1230670 2107.9
1230680 2107.9
1230690 2117.2
1230700 2125.4
1230710 2125.4
1230720 2133.2
1230730 2141.3
1230740 2149.2
1230750 2149.2
1230760 2157.7
1230770 2165.5
1230780 2165.5
1230790 2173.2
1230800 2180.1
1230810 2180.1
1230820 2187.5
1230830 2197.0
1230840 2197.0
1230850 2205.3
1230860 2212.7
1230870 2212.7
1230880 2219.5
1230890 2219.0
1230900 2219.0
1230910 2212.8
1230920 2201.8
1230930 2201.8
1230940 2191.6
1230950 2198.4
1230960 2198.4
1230970 2197.7
1230980 2194.0
1230990 2194.0
1231000 2189.5
1231010 2185.0
1231020 2185.0
1231030 2174.1
1231040 2156.8
1231050 2152.2
1231060 2152.2
1231070 2144.2
1231080 2130.1
1231090 2130.1
1231100 2124.6
1231110 2127.4
1231120 2127.4
1231130 2125.8
1231140 2122.1
1231150 2122.1
1231160 2116.6
1231170 2114.2
1231180 2114.2
1231190 2113.2
1231200 2110.3
1231210 2110.3
1231220 2106.4
1231230 2101.6
1231240 2101.6
1231250 2096.4
1231260 2087.8
1231270 2087.8
1231280 2077.2
1231290 2069.0
1231300 2069.0
1231310 2063.5
1231320 2057.8
1231330 2057.8
1231340 2048.0
1231350 2043.4
1231360 2039.1
1231370 2039.1
1231380 2034.2
1231390 2030.4
1231400 2030.4
1231410 2028.5
1231420 2026.9
1231430 2026.9
1231440 2026.3
1231450 2032.8
1231460 2032.8
1231470 2030.7
1231480 2023.6
1231490 2023.6
1231500 2021.6
1231510 2020.6
1231520 2020.6
1231530 2017.9
1231540 2014.4
1231550 2014.4
1231560 2012.2
1231570 2005.6
1231580 2005.6
1231590 1996.9
1231600 1990.8
1231610 1990.8
1231620 1986.2
1231630 1977.2
1231640 1969.4
1231650 1969.4
1231660 1962.7
1231670 1955.4
1231680 1955.4
1231690 1946.2
1231700 1939.8
1231710 1939.8
1231720 1936.0
1231730 1933.0
1231740 1933.0
1231750 1929.4
1231760 1922.7
1231770 1922.7
1231780 1913.7
1231790 1905.2
1231800 1905.2
1231810 1895.3
1231820 1884.7
1231830 1884.7
1231840 1877.0
1231850 1870.7
1231860 1870.7
1231870 1863.1
1231880 1854.9
1231890 1854.9
1231900 1845.8
1231910 1837.3
1231920 1837.3
1231930 1830.3
1231940 1824.6
1231950 1813.6
1231960 1813.6
1231970 1810.1
1231980 1805.8
1231990 1805.8
1232000 1799.5
1232010 1793.7
1232020 1793.7
1232030 1789.2
1232040 1782.9
1232050 1782.9
1232060 1775.4
1232070 1767.3
1232080 1767.3
1232090 1760.5
1232100 1755.9
1232110 1755.9
1232120 1752.3
1232130 1749.6
1232140 1749.6
1232150 1748.3
1232160 1752.6
1232170 1752.6
1232180 1758.6
1232190 1767.4
1232200 1767.4
1232210 1775.8
1232220 1783.6
1232230 1783.6
1232240 1791.2
1232250 1798.2
1232260 1804.6
1232270 1804.6
1232280 1810.1
1232290 1813.9
1232300 1813.9
1232310 1817.2
1232320 1819.9
1232330 1819.9
1232340 1820.8
1232350 1820.0
1232360 1820.0
1232370 1820.5
1232380 1822.3
1232390 1822.3
1232400 1824.9
1232410 1826.9
1232420 1826.9
1232430 1827.3
1232440 1825.0
1232450 1825.0
1232460 1816.0
1232470 1810.4
1232480 1810.4
1232490 1810.2
1232500 1813.5
1232510 1813.5
1232520 1814.6
1232530 1816.6
1232540 1820.9
1232550 1820.9
1232560 1828.9
1232570 1837.9
1232580 1837.9
1232590 1845.2
1232600 1851.9
1232610 1851.9
1232620 1857.4
1232630 1863.1
1232640 1863.1
1232650 1868.1
1232660 1873.2
1232670 1873.2
1232680 1879.1
1232690 1886.1
1232700 1886.1
1232710 1893.5
1232720 1900.9
1232730 1900.9
1232740 1906.8
1232750 1912.4
1232760 1912.4
1232770 1918.0
1232780 1923.2
1232790 1923.2
1232800 1928.8
1232810 1934.5
1232820 1934.5
1232830 1940.3
1232840 1946.1
1232850 1952.6
1232860 1952.6
1232870 1958.7
1232880 1964.5
1232890 1964.5
1232900 1970.1
1232910 1975.8
1232920 1975.8
1232930 1981.6
1232940 1987.0
1232950 1987.0
1232960 1991.5
1232970 1998.6
1232980 1998.6
1232990 2001.5
1233000 2004.3
1233010 2004.3
1233020 2007.4
1233030 2012.9
1233040 2012.9
1233050 2019.3
1233060 2025.1
1233070 2025.1
1233080 2029.2
1233090 2032.0
1233100 2032.0
1233110 2033.2
1233120 2031.9
1233130 2031.9
1233140 2028.5
1233150 2023.9
1233160 2017.9
1233170 2017.9
1233180 2010.7
1233190 2006.7
1233200 2006.7
1233210 2003.7
1233220 2000.6
1233230 2000.6
1233240 1999.1
1233250 1995.8
1233260 1995.8
1233270 1992.4
1233280 1989.9
1233290 1989.9
1233300 1987.5
1233310 1986.1
1233320 1986.1
1233330 1986.2
1233340 1987.3
1233350 1987.3
1233360 1989.7
1233370 1992.8
1233380 1992.8
1233390 1995.9
1233400 1998.8
1233410 1998.8
1233420 1999.9
1233430 1997.6
1233440 1995.3
1233450 1995.3
1233460 1993.4
1233470 1989.1
1233480 1989.1
1233490 1986.2
1233500 1978.4
1233510 1978.4
1233520 1967.1
1233530 1955.1
1233540 1955.1
1233550 1946.9
1233560 1943.8
1233570 1943.8
1233580 1934.2
1233590 1917.2
1233600 1917.2
1233610 1900.0
1233620 1882.7
1233630 1882.7
1233640 1871.8
1233650 1866.4
1233660 1866.4
1233670 1861.9
1233680 1852.0
1233690 1852.0
1233700 1831.9
1233710 1816.7
1233720 1816.7
1233730 1803.8
1233740 1793.1
1233750 1786.8
1233760 1786.8
1233770 1780.9
1233780 1775.1
1233790 1775.1
1233800 1769.5
1233810 1765.1
1233820 1765.1
1233830 1760.3
1233840 1756.0
1233850 1756.0
1233860 1752.6
1233870 1749.5
1233880 1749.5
1233890 1746.1
1233900 1740.8
1233910 1740.8
1233920 1735.3
1233930 1729.3
1233940 1729.3
1233950 1724.0
1233960 1722.0
1233970 1722.0
1233980 1717.1
1233990 1716.6
1234000 1716.6
1234010 1718.3
1234020 1721.1
1234030 1721.1
1234040 1725.8
1234050 1731.7
1234060 1738.0
1234070 1738.0
1234080 1743.0
1234090 1747.4
1234100 1747.4
1234110 1751.1
1234120 1752.1
1234130 1752.1
1234140 1747.7
1234150 1740.0
1234160 1740.0
1234170 1733.4
1234180 1727.9
1234190 1727.9
1234200 1722.2
1234210 1716.1
1234220 1716.1
1234230 1710.5
1234240 1704.4
1234250 1704.4
1234260 1699.3
1234270 1695.2
1234280 1695.2
1234290 1690.7
1234300 1687.3
1234310 1687.3
1234320 1686.3
1234330 1689.8
1234340 1691.7
1234350 1691.7
1234360 1692.3
1234370 1692.2
1234380 1692.2
1234390 1696.4
1234400 1703.3
1234410 1703.3
1234420 1710.6
1234430 1716.0
1234440 1716.0
1234450 1720.6
1234460 1724.1
1234470 1724.1
1234480 1725.6
1234490 1713.4
1234500 1713.4
1234510 1711.9
1234520 1711.3
1234530 1711.3
1234540 1711.0
1234550 1710.1
1234560 1710.1
1234570 1707.5
1234580 1703.4
1234590 1703.4
1234600 1701.9
1234610 1699.8
1234620 1699.8
1234630 1698.0
1234640 1698.3
1234650 1696.5
1234660 1696.5
1234670 1696.4
1234680 1696.6
1234690 1696.6
1234700 1695.0
1234710 1693.5
1234720 1693.5
1234730 1688.8
1234740 1684.1
1234750 1684.1
1234760 1681.9
1234770 1685.3
1234780 1685.3
1234790 1692.6
1234800 1700.2
1234810 1700.2
1234820 1707.4
1234830 1714.3
1234840 1714.3
1234850 1721.3
1234860 1728.2
1234870 1728.2
1234880 1734.8
1234890 1743.0
1234900 1743.0
1234910 1750.8
1234920 1759.4
1234930 1759.4
1234940 1771.4
1234950 1780.3
1234960 1787.9
1234970 1787.9
1234980 1798.6
1234990 1810.1
1235000 1808.4
1235010 1816.1
1235020 1823.8
1235030 1823.8
1235040 1830.4
1235050 1837.6
1235060 1837.6
1235070 1840.6
1235080 1846.0
1235090 1846.0
1235100 1852.4
1235110 1858.4
1235120 1858.4
1235130 1862.3
1235140 1868.1
1235150 1868.1
1235160 1874.5
1235170 1880.8
1235180 1880.8
1235190 1887.3
1235200 1894.0
1235210 1894.0
1235220 1901.5
1235230 1909.1
1235240 1915.8
1235250 1915.8
1235260 1923.8
1235270 1931.9
1235280 1931.9
1235290 1939.2
1235300 1945.1
1235310 1945.1
1235320 1951.3
1235330 1958.2
1235340 1958.2
1235350 1965.6
1235360 1972.8
1235370 1972.8
1235380 1980.0
1235390 1986.5
1235400 1986.5
1235410 1993.6
1235420 2000.6
1235430 2000.6
1235440 2007.8
1235450 2015.3
1235460 2015.3
1235470 2023.1
1235480 2031.3
1235490 2031.3
1235500 2039.3
1235510 2044.8
1235520 2044.8
1235530 2051.2
1235540 2058.3
1235550 2062.8
1235560 2062.8
1235570 2063.1
1235580 2063.3
1235590 2063.3
1235600 2062.0
1235610 2061.6
1235620 2061.6
1235630 2062.0
1235640 2064.6
1235650 2064.6
1235660 2068.7
1235670 2073.2
1235680 2073.2
1235690 2079.0
1235700 2085.1
1235710 2085.1
1235720 2090.2
1235730 2093.6
1235740 2093.6
1235750 2094.0
1235760 2088.6
1235770 2088.6
1235780 2081.8
1235790 2074.3
1235800 2074.3
1235810 2066.2
1235820 2057.6
1235830 2057.6
1235840 2049.8
1235850 2042.1
1235860 2034.0
1235870 2034.0
1235880 2025.9
1235890 2017.6
1235900 2017.6
1235910 2009.3
1235920 2001.9
1235930 2001.9
1235940 1995.2
1235950 1988.3
1235960 1988.3
1235970 1981.3
1235980 1974.7
1235990 1974.7
1236000 1969.1
1236010 1963.4
1236020 1963.4
1236030 1958.2
1236040 1950.1
1236050 1950.1
1236060 1942.4
1236070 1937.2
1236080 1937.2
1236090 1933.8
1236100 1931.4
1236110 1931.4
1236120 1929.6
1236130 1927.0
1236140 1920.1
1236150 1920.1
1236160 1912.8
1236170 1906.9
1236180 1906.9
1236190 1901.5
1236200 1896.5
1236210 1896.5
1236220 1890.3
1236230 1886.2
1236240 1886.2
1236250 1882.5
1236260 1879.4
1236270 1879.4
1236280 1875.5
1236290 1871.3
1236300 1871.3
1236310 1867.7
1236320 1863.7
1236330 1863.7
1236340 1860.2
1236350 1855.5
1236360 1855.5
1236370 1848.7
1236380 1839.7
1236390 1839.7
1236400 1831.5
1236410 1823.9
1236420 1823.9
1236430 1816.2
1236440 1807.4
1236450 1798.6
1236460 1798.6
1236470 1789.5
1236480 1788.9
1236490 1788.9
1236500 1793.6
1236510 1797.2
1236520 1797.2
1236530 1796.1
1236540 1784.2
1236550 1784.2
1236560 1778.7
1236570 1776.5
1236580 1776.5
1236590 1778.5
1236600 1784.6
1236610 1784.6
1236620 1792.2
1236630 1800.2
1236640 1800.2
1236650 1804.1
1236660 1805.9
1236670 1805.9
1236680 1808.5
1236690 1811.7
1236700 1811.7
1236710 1816.4
1236720 1820.5
1236730 1820.5
1236740 1824.3
1236750 1829.0
1236760 1834.0
1236770 1834.0
1236780 1839.5
1236790 1845.3
1236800 1845.3
1236810 1851.9
1236820 1858.3
1236830 1858.3
1236840 1864.9
1236850 1872.6
1236860 1872.6
1236870 1880.5
1236880 1890.1
1236890 1890.1
1236900 1903.3
1236910 1912.7
1236920 1912.7
1236930 1920.7
1236940 1927.1
1236950 1927.1
1236960 1930.5
1236970 1933.0
1236980 1933.0
1236990 1937.3
1237000 1943.2
1237010 1943.2
1237020 1948.8
1237030 1953.5
1237040 1957.1
1237050 1957.1
1237060 1944.7
1237070 1939.3
1237080 1939.3
1237090 1937.5
1237100 1934.1
1237110 1934.1
1237120 1922.8
1237130 1910.6
1237140 1910.6
1237150 1911.1
1237160 1917.1
1237170 1917.1
1237180 1922.2
1237190 1927.9
1237200 1927.9
1237210 1935.1
1237220 1941.6
1237230 1941.6
1237240 1946.1
1237250 1949.8
1237260 1949.8
1237270 1953.3
1237280 1957.7
1237290 1957.7
1237300 1962.1
1237310 1965.7
1237320 1965.7
1237330 1969.6
1237340 1974.1
1237350 1979.9
1237360 1979.9
1237370 1987.5
1237380 1995.2
1237390 1995.2
1237400 2003.2
1237410 2011.2
1237420 2011.2
1237430 2021.1
1237440 2031.4
1237450 2031.4
1237460 2039.9
1237470 2046.9
1237480 2046.9
1237490 2050.6
1237500 2052.9
1237510 2052.9
1237520 2055.2
1237530 2058.4
1237540 2058.4
1237550 2060.6
1237560 2061.2
1237570 2052.7
1237580 2052.3
1237590 2049.8
1237600 2049.8
1237610 2048.8
1237620 2051.4
1237630 2051.4
1237640 2050.5
1237650 2044.9
1237660 2038.9
1237670 2038.9
1237680 2035.2
1237690 2033.3
1237700 2033.3
1237710 2034.1
1237720 2038.3
1237730 2038.3
1237740 2043.0
1237750 2048.8
1237760 2048.8
1237770 2055.6
1237780 2062.9
1237790 2062.9
1237800 2069.1
1237810 2074.0
1237820 2074.0
1237830 2079.4
1237840 2085.6
1237850 2085.6
1237860 2091.0
1237870 2095.5
1237880 2095.5
1237890 2100.3
1237900 2104.8
1237910 2104.8
1237920 2108.7
1237930 2112.0
1237940 2115.3
1237950 2115.3
1237960 2117.6
1237970 2119.9
1237980 2119.9
1237990 2122.8
1238000 2125.3
1238010 2125.3
1238020 2126.1
1238030 2124.5
1238040 2124.5
1238050 2123.8
1238060 2125.8
1238070 2125.8
1238080 2127.1
1238090 2119.1
1238100 2119.1
1238110 2121.1
1238120 2125.0
1238130 2125.0
1238140 2129.3
1238150 2133.5
1238160 2133.5
1238170 2137.9
1238180 2141.9
1238190 2141.9
1238200 2145.1
1238210 2147.8
1238220 2147.8
1238230 2151.0
1238240 2153.8
1238250 2156.6
1238260 2156.6
1238270 2158.8
1238280 2160.6
1238290 2160.6
1238300 2162.3
1238310 2164.1
1238320 2164.1
1238330 2166.3
1238340 2168.7
1238350 2168.7
1238360 2171.1
1238370 2173.6
1238380 2173.6
1238390 2175.3
1238400 2174.8
1238410 2174.8
1238420 2169.4
1238430 2162.4
1238440 2162.4
1238450 2156.3
1238460 2148.9
1238470 2148.9
1238480 2141.4
1238490 2137.0
1238500 2137.0
1238510 2134.3
1238520 2131.1
1238530 2129.0
1238540 2129.0
1238550 2127.4
1238560 2125.8
1238570 2125.8
1238580 2128.3
1238590 2128.4
1238600 2128.4
1238610 2118.9
1238620 2121.0
1238630 2121.0
1238640 2126.7
1238650 2131.1
1238660 2131.1
1238670 2130.7
1238680 2126.8
1238690 2126.8
1238700 2121.3
1238710 2118.8
1238720 2118.8
1238730 2119.2
1238740 2117.9
1238750 2117.9
1238760 2112.0
1238770 2107.7
1238780 2107.7
1238790 2102.4
1238800 2097.1
1238810 2097.1
1238820 2093.8
1238830 2091.2
1238840 2087.4
1238850 2087.4
1238860 2083.7
1238870 2080.0
1238880 2080.0
1238890 2078.6
1238900 2080.9
1238910 2080.9
1238920 2082.8
1238930 2086.9
1238940 2086.9
1238950 2090.8
1238960 2095.2
1238970 2095.2
1238980 2098.4
1238990 2103.1
1239000 2103.1
1239010 2108.6
1239020 2113.5
1239030 2113.5
1239040 2120.2
1239050 2127.5
1239060 2127.5
1239070 2131.0
1239080 2126.3
1239090 2126.3
1239100 2119.6
1239110 2113.2
1239120 2113.2
1239130 2101.1
1239140 2099.8
1239150 2098.6
1239160 2098.6
1239170 2102.1
1239180 2106.4
1239190 2106.4
1239200 2111.1
1239210 2113.0
1239220 2113.0
1239230 2108.7
1239240 2101.2
1239250 2101.2
1239260 2094.7
1239270 2093.1
1239280 2093.1
1239290 2094.6
1239300 2099.8
1239310 2099.8
1239320 2108.5
1239330 2117.4
1239340 2117.4
1239350 2123.8
1239360 2128.4
1239370 2128.4
1239380 2130.9
1239390 2136.5
1239400 2136.5
1239410 2139.9
1239420 2141.4
1239430 2141.9
1239440 2141.9
1239450 2147.0
1239460 2153.4
1239470 2153.4
1239480 2159.3
1239490 2156.0
1239500 2156.0
1239510 2147.4
1239520 2138.8
1239530 2138.8
1239540 2133.5
1239550 2129.5
1239560 2129.5
1239570 2127.5
1239580 2124.4
1239590 2124.4
1239600 2117.4
1239610 2109.3
1239620 2109.3
1239630 2109.5
1239640 2119.2
1239650 2108.6
1239660 2109.7
1239670 2102.5
1239680 2102.5
1239690 2106.5
1239700 2105.1
1239710 2105.1
1239720 2104.2
1239730 2102.0
1239740 2099.1
1239750 2099.1
1239760 2104.1
1239770 2103.8
1239780 2103.8
1239790 2102.8
1239800 2102.5
1239810 2102.5
1239820 2095.7
1239830 2088.8
1239840 2088.8
1239850 2083.2
1239860 2076.2
1239870 2076.2
1239880 2066.9
1239890 2058.6
1239900 2058.6
1239910 2053.1
1239920 2047.4
1239930 2047.4
1239940 2042.1
1239950 2046.0
1239960 2046.0
1239970 2053.2
1239980 2058.8
1239990 2058.8
