1220000 1345.7
1220010 1350.7
1220020 1350.7
1220030 1356.6
1220040 1359.9
1220050 1359.9
1220060 1363.4
1220070 1368.5
1220080 1368.5
1220090 1374.8
1220100 1379.1
1220110 1379.1
1220120 1383.0
1220130 1386.7
1220140 1386.7
1220150 1389.1
1220160 1390.8
1220170 1390.8
1220180 1392.1
1220190 1392.8
1220200 1392.8
1220210 1392.6
1220220 1388.9
1220230 1385.8
1220240 1385.8
1220250 1386.1
1220260 1388.5
1220270 1388.5
1220280 1391.5
1220290 1395.7
1220300 1396.1
1220310 1399.5
1220320 1403.8
1220330 1403.8
1220340 1408.5
1220350 1413.1
1220360 1413.1
1220370 1418.2
1220380 1424.4
1220390 1424.4
1220400 1429.8
1220410 1435.0
1220420 1435.0
1220430 1438.0
1220440 1438.8
1220450 1438.8
1220460 1441.7
1220470 1446.1
1220480 1446.1
1220490 1447.0
1220500 1449.1
1220510 1449.1
1220520 1452.3
1220530 1455.3
1220540 1458.1
1220550 1458.1
1220560 1457.5
1220570 1458.2
1220580 1458.2
1220590 1460.2
1220600 1463.2
1220610 1463.2
1220620 1465.3
1220630 1462.2
1220640 1462.2
1220650 1456.9
1220660 1452.6
1220670 1452.6
1220680 1450.4
1220690 1448.4
1220700 1448.4
1220710 1448.0
1220720 1448.7
1220730 1448.7
1220740 1452.3
1220750 1461.3
1220760 1461.3
1220770 1469.5
1220780 1472.2
1220790 1472.2
1220800 1474.4
1220810 1476.0
1220820 1476.0
1220830 1475.8
1220840 1474.8
1220850 1474.5
1220860 1474.5
1220870 1473.3
1220880 1471.3
1220890 1471.3
1220900 1471.7
1220910 1472.8
1220920 1472.8
1220930 1471.6
1220940 1472.5
1220950 1472.5
1220960 1471.3
1220970 1469.5
1220980 1469.5
1220990 1471.1
1221000 1474.5
1221010 1474.5
1221020 1477.7
1221030 1479.2
1221040 1479.2
1221050 1481.3
1221060 1485.2
1221070 1485.2
1221080 1488.4
1221090 1489.6
1221100 1489.6
1221110 1488.8
1221120 1487.4
1221130 1486.7
1221140 1486.7
1221150 1488.1
1221160 1491.8
1221170 1491.8
1221180 1494.0
1221190 1495.3
1221200 1495.3
1221210 1496.0
1221220 1496.4
1221230 1496.4
1221240 1496.8
1221250 1497.1
1221260 1496.4
1221270 1496.6
1221280 1496.7
1221290 1496.7
1221300 1496.4
1221310 1496.3
1221320 1496.3
1221330 1496.4
1221340 1496.9
1221350 1496.9
1221360 1497.5
1221370 1497.5
1221380 1497.5
1221390 1498.2
1221400 1498.6
1221410 1498.6
1221420 1498.3
1221430 1498.2
1221440 1498.9
1221450 1498.9
1221460 1499.3
1221470 1499.9
1221480 1499.9
1221490 1500.9
1221500 1502.1
1221510 1502.1
1221520 1503.1
1221530 1503.8
1221540 1503.8
1221550 1504.7
1221560 1505.5
1221570 1505.5
1221580 1506.1
1221590 1506.9
1221600 1506.9
1221610 1507.9
1221620 1509.3
1221630 1509.3
1221640 1511.0
1221650 1512.6
1221660 1512.6
1221670 1514.0
1221680 1515.2
1221690 1515.2
1221700 1517.1
1221710 1518.6
1221720 1518.6
1221730 1519.8
1221740 1521.3
1221750 1522.9
1221760 1522.9
1221770 1525.0
1221780 1527.7
1221790 1527.7
1221800 1529.6
1221810 1531.5
1221820 1531.5
1221830 1533.2
1221840 1535.5
1221850 1535.5
1221860 1537.9
1221870 1540.0
1221880 1540.0
1221890 1542.0
1221900 1543.8
1221910 1543.8
1221920 1545.9
1221930 1549.3
1221940 1549.3
1221950 1552.7
1221960 1554.7
1221970 1554.7
1221980 1556.2
1221990 1559.3
1222000 1559.3
1222010 1562.6
1222020 1565.6
1222030 1568.0
1222040 1568.0
1222050 1571.3
1222060 1574.2
1222070 1574.2
1222080 1578.2
1222090 1581.1
1222100 1581.1
1222110 1583.7
1222120 1588.8
1222130 1588.8
1222140 1594.2
1222150 1598.5
1222160 1598.5
1222170 1602.8
1222180 1607.2
1222190 1607.2
1222200 1610.8
1222210 1613.6
1222220 1613.6
1222230 1616.4
1222240 1622.0
1222250 1622.0
1222260 1626.7
1222270 1628.8
1222280 1628.8
1222290 1630.8
1222300 1633.4
1222310 1633.4
1222320 1636.5
1222330 1639.0
1222340 1641.5
1222350 1641.5
1222360 1644.3
1222370 1647.3
1222380 1647.3
1222390 1649.0
1222400 1651.2
1222410 1651.2
1222420 1652.9
1222430 1653.7
1222440 1653.7
1222450 1655.7
1222460 1657.9
1222470 1657.9
1222480 1658.9
1222490 1658.9
1222500 1658.9
1222510 1658.5
1222520 1658.9
1222530 1658.9
1222540 1659.1
1222550 1659.3
1222560 1659.3
1222570 1660.1
1222580 1661.2
1222590 1661.2
1222600 1662.8
1222610 1664.1
1222620 1664.1
1222630 1666.6
1222640 1668.3
1222650 1668.2
1222660 1668.2
1222670 1669.6
1222680 1671.4
1222690 1671.4
1222700 1674.9
1222710 1679.8
1222720 1672.8
1222730 1674.7
1222740 1676.8
1222750 1676.8
1222760 1676.8
1222770 1677.3
1222780 1677.3
1222790 1680.8
1222800 1684.3
1222810 1684.3
1222820 1687.1
1222830 1690.2
1222840 1690.2
1222850 1693.7
1222860 1697.1
1222870 1697.1
1222880 1699.6
1222890 1702.6
1222900 1702.6
1222910 1705.3
1222920 1709.5
1222930 1715.0
1222940 1715.0
1222950 1718.5
1222960 1719.0
1222970 1719.0
1222980 1716.6
1222990 1713.2
1223000 1713.2
1223010 1713.0
1223020 1713.8
1223030 1713.8
1223040 1714.9
1223050 1716.6
1223060 1716.6
1223070 1718.6
1223080 1720.0
1223090 1720.0
1223100 1721.1
1223110 1721.1
1223120 1721.1
1223130 1722.4
1223140 1723.3
1223150 1723.3
1223160 1723.7
1223170 1723.9
1223180 1723.9
1223190 1724.1
1223200 1724.3
1223210 1722.6
1223220 1722.1
1223230 1721.6
1223240 1721.4
1223250 1721.4
1223260 1721.2
1223270 1721.2
1223280 1721.2
1223290 1721.4
1223300 1721.0
1223310 1721.0
1223320 1720.8
1223330 1720.4
1223340 1720.4
1223350 1719.9
1223360 1719.3
1223370 1719.3
1223380 1718.4
1223390 1717.3
1223400 1717.3
1223410 1716.4
1223420 1715.2
1223430 1715.2
1223440 1714.4
1223450 1713.8
1223460 1713.8
1223470 1713.4
1223480 1712.8
1223490 1712.8
1223500 1712.1
1223510 1710.9
1223520 1710.9
1223530 1709.5
1223540 1708.3
1223550 1707.9
1223560 1707.9
1223570 1707.2
1223580 1705.8
1223590 1705.8
1223600 1704.2
1223610 1702.7
1223620 1702.7
1223630 1701.3
1223640 1700.5
1223650 1700.5
1223660 1699.8
1223670 1698.9
1223680 1698.9
1223690 1697.7
1223700 1694.8
1223710 1694.8
1223720 1693.7
1223730 1692.4
1223740 1692.4
1223750 1691.2
1223760 1690.1
1223770 1690.1
1223780 1689.4
1223790 1688.8
1223800 1688.8
1223810 1687.7
1223820 1686.1
1223830 1685.7
1223840 1685.7
1223850 1685.8
1223860 1684.3
1223870 1684.3
1223880 1680.4
1223890 1677.0
1223900 1677.0
1223910 1675.1
1223920 1675.8
1223930 1675.8
1223940 1677.1
1223950 1676.0
1223960 1676.0
1223970 1675.7
1223980 1675.9
1223990 1675.9
1224000 1676.3
1224010 1677.8
1224020 1677.8
1224030 1679.5
1224040 1680.5
1224050 1680.5
1224060 1680.3
1224070 1679.4
1224080 1679.4
1224090 1679.1
1224100 1678.6
1224110 1678.6
1224120 1677.7
1224130 1676.5
1224140 1676.2
1224150 1676.2
1224160 1675.9
1224170 1676.0
1224180 1676.0
1224190 1673.5
1224200 1672.6
1224210 1672.6
1224220 1671.8
1224230 1671.2
1224240 1671.2
1224250 1670.3
1224260 1669.3
1224270 1669.3
1224280 1668.1
1224290 1668.4
1224300 1668.4
1224310 1668.5
1224320 1668.7
1224330 1668.7
1224340 1668.3
1224350 1668.0
1224360 1668.0
1224370 1668.0
1224380 1667.8
1224390 1667.8
1224400 1667.6
1224410 1666.2
1224420 1666.2
1224430 1664.4
1224440 1661.0
1224450 1658.4
1224460 1658.4
1224470 1659.2
1224480 1661.9
1224490 1661.9
1224500 1664.2
1224510 1664.7
1224520 1664.7
1224530 1662.8
1224540 1658.9
1224550 1658.9
1224560 1656.9
1224570 1655.9
1224580 1655.9
1224590 1655.4
1224600 1656.5
1224610 1656.5
1224620 1658.9
1224630 1659.2
1224640 1659.2
1224650 1658.8
1224660 1660.0
1224670 1660.0
1224680 1656.9
1224690 1657.0
1224700 1657.0
1224710 1656.5
1224720 1655.6
1224730 1655.1
1224740 1655.1
1224750 1654.4
1224760 1652.4
1224770 1652.4
1224780 1652.7
1224790 1650.3
1224800 1650.3
1224810 1648.5
1224820 1648.6
1224830 1648.6
1224840 1647.2
1224850 1645.3
1224860 1645.3
1224870 1641.9
1224880 1640.8
1224890 1640.8
1224900 1643.1
1224910 1642.5
1224920 1642.5
1224930 1639.4
1224940 1638.3
1224950 1638.3
1224960 1637.0
1224970 1635.6
1224980 1635.6
1224990 1635.2
1225000 1635.9
1225010 1635.9
1225020 1638.9
1225030 1643.2
1225040 1646.6
1225050 1646.6
1225060 1648.7
1225070 1650.0
1225080 1650.0
1225090 1651.1
1225100 1651.5
1225110 1651.5
1225120 1651.9
1225130 1652.2
1225140 1652.2
1225150 1652.3
1225160 1651.6
1225170 1648.3
1225180 1643.7
1225190 1638.7
1225200 1638.7
1225210 1634.0
1225220 1631.2
1225230 1631.2
1225240 1628.9
1225250 1625.4
1225260 1625.4
1225270 1621.6
1225280 1618.6
1225290 1618.6
1225300 1616.4
1225310 1611.6
1225320 1611.6
1225330 1606.0
1225340 1603.5
1225350 1603.1
1225360 1603.1
1225370 1601.5
1225380 1605.4
1225390 1605.4
1225400 1612.4
1225410 1618.5
1225420 1618.5
1225430 1624.8
1225440 1631.8
1225450 1631.8
1225460 1638.8
1225470 1645.7
1225480 1645.7
1225490 1652.2
1225500 1658.2
1225510 1658.2
1225520 1663.6
1225530 1668.4
1225540 1668.4
1225550 1672.4
1225560 1675.4
1225570 1675.4
1225580 1676.7
1225590 1679.9
1225600 1679.9
1225610 1684.7
1225620 1689.8
1225630 1695.3
1225640 1695.3
1225650 1699.6
1225660 1697.0
1225670 1697.0
1225680 1699.3
1225690 1702.3
1225700 1702.3
1225710 1705.2
1225720 1708.8
1225730 1708.8
1225740 1712.8
1225750 1715.7
1225760 1715.7
1225770 1717.7
1225780 1719.6
1225790 1719.6
1225800 1720.2
1225810 1720.8
1225820 1720.8
1225830 1721.2
1225840 1721.4
1225850 1721.4
1225860 1722.4
1225870 1729.9
1225880 1729.9
1225890 1742.6
1225900 1752.9
1225910 1752.9
1225920 1761.1
1225930 1767.3
1225940 1771.9
1225950 1771.9
1225960 1775.7
1225970 1779.8
1225980 1779.8
1225990 1785.9
1226000 1790.5
1226010 1790.5
1226020 1795.3
1226030 1800.5
1226040 1800.5
1226050 1804.0
1226060 1807.0
1226070 1807.0
1226080 1809.5
1226090 1811.3
1226100 1811.3
1226110 1816.3
1226120 1823.5
1226130 1823.5
1226140 1838.9
1226150 1832.8
1226160 1832.8
1226170 1833.0
1226180 1845.8
1226190 1845.8
1226200 1850.9
1226210 1849.0
1226220 1849.0
1226230 1843.4
1226240 1839.9
1226250 1840.6
1226260 1840.6
1226270 1851.0
1226280 1868.6
1226290 1868.6
1226300 1876.2
1226310 1882.1
1226320 1882.1
1226330 1889.4
1226340 1898.2
1226350 1898.2
1226360 1906.9
1226370 1915.1
1226380 1915.1
1226390 1924.1
1226400 1927.3
1226410 1927.3
1226420 1930.8
1226430 1930.9
1226440 1930.9
1226450 1930.7
1226460 1931.2
1226470 1931.2
1226480 1929.9
1226490 1929.2
1226500 1929.2
1226510 1928.8
1226520 1927.6
1226530 1925.7
1226540 1925.7
1226550 1922.1
1226560 1918.6
1226570 1918.6
1226580 1914.7
1226590 1911.8
1226600 1911.8
1226610 1909.4
1226620 1907.5
1226630 1907.5
1226640 1906.2
1226650 1895.6
1226660 1895.6
1226670 1890.6
1226680 1884.4
1226690 1884.4
1226700 1877.6
1226710 1871.0
1226720 1871.0
1226730 1863.3
1226740 1854.7
1226750 1854.7
1226760 1847.0
1226770 1841.5
1226780 1841.5
1226790 1835.6
1226800 1826.5
1226810 1826.5
1226820 1818.9
1226830 1814.1
1226840 1809.9
1226850 1809.9
1226860 1805.7
1226870 1802.2
1226880 1802.2
1226890 1801.8
1226900 1800.6
1226910 1800.6
1226920 1795.7
1226930 1789.9
1226940 1789.9
1226950 1785.2
1226960 1780.9
1226970 1780.9
1226980 1776.8
1226990 1772.3
1227000 1772.3
1227010 1765.9
1227020 1760.4
1227030 1760.4
1227040 1754.7
1227050 1748.0
1227060 1748.0
1227070 1742.6
1227080 1736.1
1227090 1736.1
1227100 1734.9
1227110 1737.0
1227120 1744.8
1227130 1744.8
1227140 1745.1
1227150 1750.3
1227160 1750.3
1227170 1756.2
1227180 1759.2
1227190 1759.2
1227200 1760.0
1227210 1763.1
1227220 1763.1
1227230 1766.9
1227240 1779.8
1227250 1779.8
1227260 1797.1
1227270 1803.8
1227280 1803.8
1227290 1810.3
1227300 1817.3
1227310 1817.3
1227320 1823.8
1227330 1830.0
1227340 1830.0
1227350 1837.1
1227360 1845.3
1227370 1845.3
1227380 1853.3
1227390 1861.8
1227400 1861.8
1227410 1872.6
1227420 1896.1
1227430 1917.8
1227440 1917.8
1227450 1930.4
1227460 1937.5
1227470 1937.5
1227480 1942.3
1227490 1949.6
1227500 1949.6
1227510 1956.2
1227520 1961.9
1227530 1961.9
1227540 1965.6
1227550 1967.6
1227560 1967.6
1227570 1967.6
1227580 1966.8
1227590 1966.8
1227600 1966.0
1227610 1958.6
1227620 1958.6
1227630 1951.4
1227640 1947.4
1227650 1947.4
1227660 1950.0
1227670 1944.9
1227680 1944.9
1227690 1939.2
1227700 1934.6
1227710 1934.6
1227720 1935.0
1227730 1938.4
1227740 1948.6
1227750 1948.6
1227760 1963.0
1227770 1970.5
1227780 1970.5
1227790 1978.6
1227800 1986.8
1227810 1986.8
1227820 1993.9
1227830 2005.3
1227840 2005.3
1227850 2015.3
1227860 2022.1
1227870 2022.1
1227880 2022.4
1227890 2017.3
1227900 2017.3
1227910 2011.5
1227920 2005.9
1227930 2005.9
1227940 2001.5
1227950 1997.5
1227960 1997.5
1227970 1992.8
1227980 1988.8
1227990 1988.8
1228000 1986.4
1228010 1986.8
1228020 1989.0
1228030 1989.0
1228040 1991.2
1228050 1993.5
1228060 1993.5
1228070 1995.6
1228080 1997.6
1228090 1997.6
1228100 2000.6
1228110 2004.7
1228120 2004.7
1228130 2002.8
1228140 2006.9
1228150 2006.9
1228160 2011.2
1228170 2014.7
1228180 2014.7
1228190 2018.4
1228200 2022.4
1228210 2022.4
1228220 2025.1
1228230 2023.9
1228240 2023.9
1228250 2024.7
1228260 2025.8
1228270 2025.8
1228280 2024.8
1228290 2024.6
1228300 2024.6
1228310 2023.7
1228320 2021.2
1228330 2018.3
1228340 2018.3
1228350 2016.6
1228360 2014.5
1228370 2014.5
1228380 2012.6
1228390 2009.6
1228400 2009.6
1228410 2006.6
1228420 2004.2
1228430 2004.2
1228440 2001.9
1228450 1999.2
1228460 1999.2
1228470 1996.5
1228480 1993.8
1228490 1993.8
1228500 1991.1
1228510 1987.8
1228520 1987.8
1228530 1985.8
1228540 1983.8
1228550 1983.8
1228560 1981.7
1228570 1979.8
1228580 1979.8
1228590 1976.1
1228600 1971.2
1228610 1971.2
1228620 1967.2
1228630 1959.9
1228640 1956.7
1228650 1956.7
1228660 1953.1
1228670 1949.2
1228680 1949.2
1228690 1945.8
1228700 1941.5
1228710 1941.5
1228720 1937.7
1228730 1932.4
1228740 1932.4
1228750 1927.3
1228760 1923.3
1228770 1923.3
1228780 1918.0
1228790 1912.2
1228800 1912.2
1228810 1905.2
1228820 1897.3
1228830 1897.3
1228840 1889.3
1228850 1882.2
1228860 1882.2
1228870 1871.6
1228880 1861.6
1228890 1861.6
1228900 1851.6
1228910 1840.6
1228920 1828.9
1228930 1828.9
1228940 1817.1
1228950 1804.0
1228960 1804.0
1228970 1792.6
1228980 1783.0
1228990 1783.0
1229000 1774.4
1229010 1766.3
1229020 1766.3
1229030 1759.7
1229040 1753.3
1229050 1753.3
1229060 1745.3
1229070 1736.5
1229080 1736.5
1229090 1727.6
1229100 1719.7
1229110 1719.7
1229120 1711.8
1229130 1705.4
1229140 1705.4
1229150 1696.2
1229160 1688.2
1229170 1688.2
1229180 1678.9
1229190 1672.2
1229200 1672.2
1229210 1677.7
1229220 1683.9
1229230 1690.4
1229240 1690.4
1229250 1697.0
1229260 1702.7
1229270 1702.7
1229280 1710.1
1229290 1716.3
1229300 1716.3
1229310 1721.4
1229320 1726.0
1229330 1726.0
1229340 1730.8
1229350 1735.9
1229360 1735.9
1229370 1740.3
1229380 1742.8
1229390 1742.8
1229400 1744.6
1229410 1745.4
1229420 1745.4
1229430 1745.8
1229440 1747.3
1229450 1747.3
1229460 1750.0
1229470 1752.2
1229480 1752.2
1229490 1756.4
1229500 1761.1
1229510 1761.1
1229520 1765.3
1229530 1770.8
1229540 1775.9
1229550 1775.9
1229560 1781.5
1229570 1787.2
1229580 1787.2
1229590 1791.9
1229600 1796.7
1229610 1796.7
1229620 1801.5
1229630 1800.1
1229640 1800.1
1229650 1800.1
1229660 1797.2
1229670 1797.2
1229680 1791.8
1229690 1786.3
1229700 1786.3
1229710 1781.6
1229720 1777.6
1229730 1777.6
1229740 1773.5
1229750 1769.2
1229760 1769.2
1229770 1765.4
1229780 1760.5
1229790 1760.5
1229800 1755.4
1229810 1751.1
1229820 1748.1
1229830 1748.1
1229840 1745.8
1229850 1744.9
1229860 1744.9
1229870 1741.4
1229880 1737.6
1229890 1737.6
1229900 1735.0
1229910 1732.3
1229920 1732.3
1229930 1728.7
1229940 1726.6
1229950 1726.6
1229960 1724.9
1229970 1722.7
1229980 1722.7
1229990 1719.3
1230000 1716.0
1230010 1716.0
1230020 1709.3
1230030 1702.1
1230040 1702.1
1230050 1703.5
1230060 1710.3
1230070 1710.3
1230080 1719.3
1230090 1727.4
1230100 1727.4
1230110 1735.3
1230120 1742.7
1230130 1744.6
1230140 1744.6
1230150 1751.5
1230160 1759.4
1230170 1759.4
1230180 1767.6
1230190 1775.4
1230200 1775.4
1230210 1786.1
1230220 1798.9
1230230 1798.9
1230240 1809.2
1230250 1819.4
1230260 1819.4
1230270 1828.2
1230280 1838.8
1230290 1838.8
1230300 1849.4
1230310 1857.3
1230320 1857.3
1230330 1865.2
1230340 1874.8
1230350 1874.8
1230360 1888.7
1230370 1902.3
1230380 1902.3
1230390 1911.7
1230400 1919.6
1230410 1919.6
1230420 1926.1
1230430 1932.6
1230440 1939.4
1230450 1939.4
1230460 1947.1
1230470 1955.0
1230480 1955.0
1230490 1963.4
1230500 1971.7
1230510 1971.7
1230520 1980.3
1230530 1989.2
1230540 1989.2
1230550 1998.9
1230560 2006.8
1230570 2006.8
1230580 2013.7
1230590 2020.0
1230600 2020.0
1230610 2026.5
1230620 2032.5
1230630 2026.9
1230640 2030.9
1230650 2035.2
1230660 2035.2
1230670 2039.1
1230680 2043.0
1230690 2043.0
1230700 2049.4
1230710 2055.5
1230720 2061.2
1230730 2061.2
1230740 2067.4
1230750 2073.5
1230760 2073.5
1230770 2078.8
1230780 2084.4
1230790 2084.4
1230800 2090.4
1230810 2094.5
1230820 2094.5
1230830 2096.0
1230840 2097.2
1230850 2097.2
1230860 2099.0
1230870 2101.7
1230880 2101.7
1230890 2104.9
1230900 2108.4
1230910 2108.4
1230920 2111.4
1230930 2111.5
1230940 2111.5
1230950 2109.6
1230960 2108.5
1230970 2108.5
1230980 2112.2
1230990 2118.6
1231000 2118.6
1231010 2123.4
1231020 2124.4
1231030 2124.9
1231040 2124.9
1231050 2129.8
1231060 2131.3
1231070 2131.3
1231080 2128.7
1231090 2125.2
1231100 2125.2
1231110 2123.8
1231120 2128.0
1231130 2128.0
1231140 2122.3
1231150 2120.8
1231160 2120.8
1231170 2120.6
1231180 2120.5
1231190 2120.5
1231200 2117.2
1231210 2112.1
1231220 2112.1
1231230 2105.1
1231240 2097.8
1231250 2097.8
1231260 2092.0
1231270 2088.7
1231280 2088.7
1231290 2086.5
1231300 2084.7
1231310 2084.3
1231320 2084.3
1231330 2083.2
1231340 2077.4
1231350 2077.4
1231360 2073.6
1231370 2069.4
1231380 2069.4
1231390 2062.7
1231400 2054.4
1231410 2054.4
1231420 2045.9
1231430 2037.5
1231440 2037.5
1231450 2030.2
1231460 2024.3
1231470 2024.3
1231480 2018.4
1231490 2008.9
1231500 2008.9
1231510 1996.4
1231520 1984.8
1231530 1984.8
1231540 1975.3
1231550 1969.5
1231560 1969.5
1231570 1962.6
1231580 1951.6
1231590 1951.6
1231600 1940.3
1231610 1931.1
1231620 1923.9
1231630 1923.9
1231640 1913.1
1231650 1904.7
1231660 1904.7
1231670 1899.3
1231680 1895.6
1231690 1895.6
1231700 1892.0
1231710 1887.2
1231720 1887.2
1231730 1885.3
1231740 1884.8
1231750 1884.8
1231760 1882.5
1231770 1874.3
1231780 1874.3
1231790 1863.4
1231800 1855.7
1231810 1855.7
1231820 1848.8
1231830 1843.1
1231840 1843.1
1231850 1836.6
1231860 1829.4
1231870 1829.4
1231880 1821.6
1231890 1813.9
1231900 1813.9
1231910 1807.0
1231920 1800.1
1231930 1793.0
1231940 1793.0
1231950 1784.7
1231960 1776.5
1231970 1776.5
1231980 1768.3
1231990 1761.6
1232000 1761.6
1232010 1755.7
1232020 1749.6
1232030 1749.6
1232040 1743.3
1232050 1736.9
1232060 1736.9
1232070 1730.4
1232080 1723.0
1232090 1723.0
1232100 1714.9
1232110 1707.4
1232120 1707.4
1232130 1701.8
1232140 1692.9
1232150 1692.9
1232160 1685.8
1232170 1678.2
1232180 1678.2
1232190 1669.6
1232200 1667.1
1232210 1670.9
1232220 1670.9
1232230 1675.0
1232240 1679.3
1232250 1679.3
1232260 1684.0
1232270 1688.0
1232280 1688.0
1232290 1694.1
1232300 1699.3
1232310 1699.3
1232320 1700.6
1232330 1694.8
1232340 1694.8
1232350 1693.9
1232360 1701.0
1232370 1701.0
1232380 1707.9
1232390 1714.6
1232400 1714.6
1232410 1721.5
1232420 1729.7
1232430 1729.7
1232440 1736.7
1232450 1743.6
1232460 1743.6
1232470 1750.0
1232480 1756.5
1232490 1756.5
1232500 1763.4
1232510 1770.5
1232520 1778.8
1232530 1778.8
1232540 1789.2
1232550 1800.5
1232560 1800.5
1232570 1813.6
1232580 1824.4
1232590 1824.4
1232600 1833.5
1232610 1852.6
1232620 1852.6
1232630 1868.1
1232640 1874.1
1232650 1861.1
1232660 1858.7
1232670 1853.3
1232680 1853.3
1232690 1855.2
1232700 1860.6
1232710 1860.6
1232720 1865.3
1232730 1869.5
1232740 1869.5
1232750 1878.7
1232760 1896.9
1232770 1896.9
1232780 1905.6
1232790 1909.0
1232800 1909.0
1232810 1911.9
1232820 1915.6
1232830 1918.4
1232840 1918.4
1232850 1919.6
1232860 1922.6
1232870 1922.6
1232880 1928.5
1232890 1934.3
1232900 1934.3
1232910 1939.4
1232920 1942.5
1232930 1942.5
1232940 1945.0
1232950 1949.1
1232960 1949.1
1232970 1948.7
1232980 1944.4
1232990 1944.4
1233000 1941.2
1233010 1934.0
1233020 1934.0
1233030 1925.7
1233040 1918.5
1233050 1918.5
1233060 1911.4
1233070 1905.3
1233080 1905.3
1233090 1900.2
1233100 1896.3
1233110 1891.8
1233120 1891.8
1233130 1888.9
1233140 1886.3
1233150 1886.3
1233160 1876.4
1233170 1874.9
1233180 1874.9
1233190 1871.2
1233200 1864.9
1233210 1864.9
1233220 1859.3
1233230 1854.6
1233240 1854.6
1233250 1850.9
1233260 1849.3
1233270 1849.3
1233280 1846.2
1233290 1839.2
1233300 1839.2
1233310 1831.4
1233320 1824.0
1233330 1824.0
1233340 1817.5
1233350 1810.8
1233360 1810.8
1233370 1804.1
1233380 1798.2
1233390 1798.2
1233400 1792.4
1233410 1784.9
1233420 1779.9
1233430 1779.9
1233440 1784.9
1233450 1790.5
1233460 1790.5
1233470 1787.6
1233480 1780.6
1233490 1780.6
1233500 1775.3
1233510 1769.7
1233520 1769.7
1233530 1766.4
1233540 1764.5
1233550 1764.5
1233560 1760.7
1233570 1757.1
1233580 1757.1
1233590 1752.3
1233600 1746.5
1233610 1746.5
1233620 1740.7
1233630 1735.3
1233640 1735.3
1233650 1730.4
1233660 1726.3
1233670 1719.9
1233680 1714.8
1233690 1710.4
1233700 1710.4
1233710 1705.9
1233720 1700.0
1233730 1694.4
1233740 1694.4
1233750 1689.9
1233760 1685.0
1233770 1685.0
1233780 1681.2
1233790 1677.3
1233800 1677.3
1233810 1673.2
1233820 1669.0
1233830 1669.0
1233840 1665.6
1233850 1664.5
1233860 1664.5
1233870 1665.4
1233880 1664.3
1233890 1664.3
1233900 1659.5
1233910 1654.0
1233920 1654.0
1233930 1648.7
1233940 1645.8
1233950 1645.8
1233960 1647.0
1233970 1648.3
1233980 1648.3
1233990 1646.9
1234000 1642.2
1234010 1638.7
1234020 1638.7
1234030 1634.0
1234040 1631.7
1234050 1631.7
1234060 1630.5
1234070 1628.0
1234080 1628.0
1234090 1626.2
1234100 1626.0
1234110 1626.0
1234120 1626.1
1234130 1624.7
1234140 1624.7
1234150 1622.9
1234160 1621.2
1234170 1617.9
1234180 1615.2
1234190 1612.6
1234200 1612.6
1234210 1613.0
1234220 1613.9
1234230 1613.9
1234240 1615.7
1234250 1616.2
1234260 1616.2
1234270 1617.3
1234280 1621.4
1234290 1621.4
1234300 1625.2
1234310 1624.1
1234320 1620.8
1234330 1620.8
1234340 1616.5
1234350 1610.2
1234360 1610.2
1234370 1607.3
1234380 1603.9
1234390 1603.9
1234400 1598.5
1234410 1590.9
1234420 1590.9
1234430 1586.3
1234440 1588.6
1234450 1588.6
1234460 1592.2
1234470 1597.3
1234480 1597.3
1234490 1604.0
1234500 1611.1
1234510 1611.1
1234520 1617.1
1234530 1622.6
1234540 1622.6
1234550 1628.5
1234560 1634.4
1234570 1634.4
1234580 1639.8
1234590 1644.9
1234600 1648.6
1234610 1648.6
1234620 1652.4
1234630 1657.2
1234640 1657.2
1234650 1662.0
1234660 1667.1
1234670 1667.1
1234680 1671.6
1234690 1676.1
1234700 1676.1
1234710 1680.2
1234720 1684.3
1234730 1684.3
1234740 1688.0
1234750 1690.9
1234760 1690.9
1234770 1693.4
1234780 1696.1
1234790 1696.1
1234800 1699.4
1234810 1703.4
1234820 1703.4
1234830 1708.2
1234840 1714.1
1234850 1714.1
1234860 1720.8
1234870 1727.0
1234880 1727.0
1234890 1733.5
1234900 1740.1
1234910 1746.5
1234920 1746.5
1234930 1752.6
1234940 1759.0
1234950 1759.0
1234960 1765.4
1234970 1771.2
1234980 1771.2
1234990 1777.7
1235000 1784.1
1235010 1784.1
1235020 1790.5
1235030 1796.1
1235040 1796.1
1235050 1801.4
1235060 1807.1
1235070 1807.1
1235080 1813.2
1235090 1819.4
1235100 1819.4
1235110 1825.6
1235120 1831.5
1235130 1831.5
1235140 1837.2
1235150 1842.8
1235160 1842.8
1235170 1849.3
1235180 1856.3
1235190 1858.9
1235200 1866.2
1235210 1872.8
1235220 1876.6
1235230 1876.6
1235240 1881.0
1235250 1886.9
1235260 1886.9
1235270 1892.8
1235280 1899.0
1235290 1899.0
1235300 1905.2
1235310 1911.6
1235320 1911.6
1235330 1917.8
1235340 1924.0
1235350 1924.0
1235360 1930.4
1235370 1937.5
1235380 1937.5
1235390 1944.4
1235400 1951.3
1235410 1951.3
1235420 1957.9
1235430 1963.3
1235440 1963.3
1235450 1967.1
1235460 1971.6
1235470 1971.6
1235480 1975.8
1235490 1979.4
1235500 1980.2
1235510 1980.2
1235520 1971.1
1235530 1964.6
1235540 1964.6
1235550 1959.7
1235560 1950.5
1235570 1950.5
1235580 1940.0
1235590 1932.7
1235600 1932.7
1235610 1927.1
1235620 1925.7
1235630 1925.7
1235640 1928.8
1235650 1933.9
1235660 1933.9
1235670 1939.1
1235680 1943.3
1235690 1943.3
1235700 1947.7
1235710 1949.4
1235720 1949.4
1235730 1957.0
1235740 1964.7
1235750 1964.7
1235760 1971.7
1235770 1978.0
1235780 1978.0
1235790 1980.6
1235800 1980.0
1235810 1979.5
1235820 1979.5
1235830 1980.4
1235840 1980.4
1235850 1980.4
1235860 1980.7
1235870 1983.1
1235880 1983.1
1235890 1987.0
1235900 1991.2
1235910 1991.2
1235920 1993.5
1235930 1990.4
1235940 1990.4
1235950 1986.3
1235960 1982.0
1235970 1982.0
1235980 1977.3
1235990 1971.6
1236000 1971.6
1236010 1961.8
1236020 1950.0
1236030 1950.0
1236040 1940.7
1236050 1935.1
1236060 1935.1
1236070 1931.8
1236080 1926.4
1236090 1926.4
1236100 1919.9
1236110 1912.3
1236120 1903.7
1236130 1903.7
1236140 1896.0
1236150 1889.3
1236160 1889.3
1236170 1882.5
1236180 1874.7
1236190 1874.7
1236200 1867.5
1236210 1860.7
1236220 1859.1
1236230 1851.9
1236240 1844.7
1236250 1844.7
1236260 1837.8
1236270 1831.0
1236280 1831.0
1236290 1824.3
1236300 1818.2
1236310 1818.2
1236320 1810.9
1236330 1802.8
1236340 1802.8
1236350 1794.3
1236360 1785.8
1236370 1785.8
1236380 1778.8
1236390 1772.4
1236400 1767.3
1236410 1767.3
1236420 1762.9
1236430 1757.6
1236440 1757.6
1236450 1750.4
1236460 1743.6
1236470 1743.6
1236480 1736.9
1236490 1730.8
1236500 1730.8
1236510 1725.6
1236520 1720.6
1236530 1720.6
1236540 1717.1
1236550 1718.6
1236560 1718.6
1236570 1720.7
1236580 1721.9
1236590 1721.9
1236600 1725.3
1236610 1729.6
1236620 1729.6
1236630 1731.7
1236640 1735.5
1236650 1735.5
1236660 1742.1
1236670 1748.8
1236680 1748.8
1236690 1755.0
1236700 1760.0
1236710 1761.4
1236720 1761.4
1236730 1761.3
1236740 1762.7
1236750 1762.7
1236760 1764.3
1236770 1765.2
1236780 1765.2
1236790 1765.6
1236800 1766.0
1236810 1766.0
1236820 1764.9
1236830 1762.8
1236840 1762.8
1236850 1759.1
1236860 1754.9
1236870 1754.9
1236880 1751.5
1236890 1751.8
1236900 1751.8
1236910 1753.4
1236920 1753.7
1236930 1753.7
1236940 1755.9
1236950 1763.3
1236960 1763.3
1236970 1768.7
1236980 1773.5
1236990 1779.1
1237000 1779.1
1237010 1784.7
1237020 1790.5
1237030 1790.5
1237040 1796.2
1237050 1802.3
1237060 1802.3
1237070 1808.9
1237080 1815.9
1237090 1815.9
1237100 1822.6
1237110 1829.8
1237120 1829.8
1237130 1837.0
1237140 1844.0
1237150 1844.0
1237160 1851.0
1237170 1858.7
1237180 1858.7
1237190 1867.4
1237200 1876.1
1237210 1876.1
1237220 1884.0
1237230 1891.9
1237240 1891.9
1237250 1903.2
1237260 1910.5
1237270 1910.5
1237280 1918.5
1237290 1926.4
1237300 1929.6
1237310 1929.6
1237320 1929.9
1237330 1927.2
1237340 1927.2
1237350 1923.9
1237360 1920.7
1237370 1920.7
1237380 1917.4
1237390 1915.1
1237400 1915.1
1237410 1913.8
1237420 1912.6
1237430 1912.6
1237440 1911.2
1237450 1908.6
1237460 1908.6
1237470 1906.1
1237480 1904.7
1237490 1904.7
1237500 1906.5
1237510 1908.3
1237520 1908.3
1237530 1910.9
1237540 1914.3
1237550 1914.3
1237560 1919.3
1237570 1925.2
1237580 1925.2
1237590 1931.1
1237600 1937.1
1237610 1943.8
1237620 1943.8
1237630 1950.2
1237640 1957.5
1237650 1957.5
1237660 1964.8
1237670 1972.6
1237680 1972.6
1237690 1980.5
1237700 1988.6
1237710 1988.6
1237720 1996.5
1237730 2004.2
1237740 2004.2
1237750 2011.2
1237760 2018.9
1237770 2018.0
1237780 2023.3
1237790 2028.8
1237800 2028.8
1237810 2035.4
1237820 2039.5
1237830 2039.5
1237840 2040.5
1237850 2037.6
1237860 2037.6
1237870 2034.3
1237880 2030.0
1237890 2024.9
1237900 2024.9
1237910 2017.5
1237920 2011.2
1237930 2011.2
1237940 2007.1
1237950 2002.6
1237960 2002.6
1237970 1997.2
1237980 1994.0
1237990 1994.0
1238000 1991.7
1238010 1989.2
1238020 1989.2
1238030 1987.2
1238040 1986.1
1238050 1986.1
1238060 1988.0
1238070 1992.2
1238080 1992.2
1238090 1995.5
1238100 1999.1
1238110 1999.1
1238120 2002.3
1238130 2004.4
1238140 2004.4
1238150 2006.5
1238160 2007.4
1238170 2007.4
1238180 2005.4
1238190 2006.4
1238200 2008.4
1238210 2008.4
1238220 2011.6
1238230 2015.7
1238240 2015.7
1238250 2019.2
1238260 2023.4
1238270 2023.4
1238280 2021.3
1238290 2019.9
1238300 2019.9
1238310 2022.3
1238320 2026.9
1238330 2026.9
1238340 2030.1
1238350 2035.6
1238360 2035.6
1238370 2041.1
1238380 2048.6
1238390 2048.6
1238400 2058.1
1238410 2074.0
1238420 2074.0
1238430 2079.7
1238440 2072.9
1238450 2072.9
1238460 2064.7
1238470 2058.2
1238480 2058.2
1238490 2052.1
1238500 2043.9
1238510 2033.0
1238520 2033.0
1238530 2026.8
1238540 2023.4
1238550 2023.4
1238560 2021.2
1238570 2019.5
1238580 2019.5
1238590 2014.2
1238600 2007.1
1238610 2007.1
1238620 2000.0
1238630 1991.7
1238640 1991.7
1238650 1984.7
1238660 1977.5
1238670 1977.5
1238680 1970.2
1238690 1965.7
1238700 1965.7
1238710 1960.6
1238720 1954.6
1238730 1954.6
1238740 1952.7
1238750 1954.4
1238760 1954.4
1238770 1951.2
1238780 1951.2
1238790 1950.1
1238800 1942.9
1238810 1940.9
1238820 1938.8
1238830 1938.8
1238840 1939.7
1238850 1941.3
1238860 1941.3
1238870 1941.0
1238880 1944.6
1238890 1944.6
1238900 1949.9
1238910 1955.9
1238920 1955.9
1238930 1962.4
1238940 1968.8
1238950 1968.8
1238960 1976.1
1238970 1979.7
1238980 1979.7
1238990 1979.3
1239000 1975.5
1239010 1975.5
1239020 1969.4
1239030 1959.3
1239040 1959.3
1239050 1951.4
1239060 1944.1
1239070 1944.1
1239080 1939.3
1239090 1938.4
1239100 1938.5
1239110 1938.5
1239120 1936.9
1239130 1933.9
1239140 1933.9
1239150 1929.1
1239160 1923.6
1239170 1923.6
1239180 1926.0
1239190 1925.4
1239200 1925.4
1239210 1921.6
1239220 1917.7
1239230 1917.7
1239240 1922.3
1239250 1932.0
1239260 1932.0
1239270 1945.2
1239280 1958.4
1239290 1958.4
1239300 1961.3
1239310 1958.4
1239320 1949.3
1239330 1958.4
1239340 1973.5
1239350 1973.5
1239360 1984.5
1239370 1990.2
1239380 1991.1
1239390 1991.1
1239400 1991.3
1239410 1991.4
1239420 1991.4
1239430 1993.1
1239440 1996.9
1239450 1996.9
1239460 2003.1
1239470 2011.1
1239480 2011.1
1239490 2018.4
1239500 2025.4
1239510 2025.4
1239520 2029.6
1239530 2029.9
1239540 2029.9
1239550 2026.1
1239560 2020.3
1239570 2020.3
1239580 2011.3
1239590 2003.0
1239600 2003.0
1239610 1995.2
1239620 1987.3
1239630 1987.3
1239640 1979.5
1239650 1971.8
1239660 1971.8
1239670 1963.6
1239680 1956.0
1239690 1948.2
1239700 1948.2
1239710 1939.6
1239720 1932.7
1239730 1932.7
1239740 1931.8
1239750 1931.3
1239760 1931.3
1239770 1929.6
1239780 1929.7
1239790 1929.7
1239800 1927.3
1239810 1930.7
1239820 1930.7
1239830 1927.5
1239840 1911.5
1239850 1911.5
1239860 1908.0
1239870 1908.0
1239880 1908.0
1239890 1907.6
1239900 1905.3
1239910 1905.3
1239920 1905.6
1239930 1906.9
1239940 1906.9
1239950 1908.0
1239960 1908.3
1239970 1908.3
1239980 1907.2
1239990 1905.1
