1220000 1359.0
1220010 1357.8
1220020 1357.8
1220030 1359.8
1220040 1363.0
1220050 1363.0
1220060 1366.6
1220070 1371.2
1220080 1371.2
1220090 1376.1
1220100 1381.6
1220110 1381.6
1220120 1387.4
1220130 1392.9
1220140 1392.9
1220150 1397.8
1220160 1402.7
1220170 1402.7
1220180 1408.2
1220190 1413.1
1220200 1413.1
1220210 1417.3
1220220 1421.6
1220230 1421.6
1220240 1422.9
1220250 1422.9
1220260 1422.9
1220270 1422.9
1220280 1423.5
1220290 1423.5
1220300 1424.4
1220310 1425.5
1220320 1426.5
1220330 1426.5
1220340 1427.3
1220350 1428.0
1220360 1428.0
1220370 1428.7
1220380 1430.7
1220390 1430.7
1220400 1432.2
1220410 1431.7
1220420 1431.7
1220430 1429.3
1220440 1428.7
1220450 1428.7
1220460 1431.6
1220470 1435.3
1220480 1435.3
1220490 1436.2
1220500 1440.9
1220510 1440.9
1220520 1442.5
1220530 1441.0
1220540 1441.0
1220550 1443.5
1220560 1448.6
1220570 1448.6
1220580 1452.3
1220590 1453.6
1220600 1454.4
1220610 1454.4
1220620 1456.0
1220630 1457.3
1220640 1457.3
1220650 1458.4
1220660 1459.9
1220670 1459.9
1220680 1462.6
1220690 1465.3
1220700 1465.3
1220710 1467.2
1220720 1469.1
1220730 1469.1
1220740 1470.9
1220750 1472.5
1220760 1472.5
1220770 1474.1
1220780 1475.5
1220790 1475.5
1220800 1476.6
1220810 1477.7
1220820 1477.7
1220830 1479.1
1220840 1480.2
1220850 1480.2
1220860 1481.0
1220870 1481.9
1220880 1481.9
1220890 1483.3
1220900 1484.2
1220910 1485.2
1220920 1485.2
1220930 1486.1
1220940 1487.1
1220950 1487.1
1220960 1488.2
1220970 1489.2
1220980 1488.9
1220990 1489.8
1221000 1490.7
1221010 1490.7
1221020 1491.8
1221030 1493.0
1221040 1493.0
1221050 1494.0
1221060 1495.4
1221070 1495.4
1221080 1496.7
1221090 1498.0
1221100 1498.0
1221110 1499.3
1221120 1500.7
1221130 1500.7
1221140 1501.9
1221150 1503.3
1221160 1503.3
1221170 1504.6
1221180 1505.9
1221190 1505.9
1221200 1507.2
1221210 1508.6
1221220 1509.9
1221230 1509.9
1221240 1511.2
1221250 1512.5
1221260 1512.5
1221270 1513.9
1221280 1515.4
1221290 1515.4
1221300 1516.8
1221310 1518.5
1221320 1518.5
1221330 1520.0
1221340 1521.7
1221350 1521.7
1221360 1523.2
1221370 1524.2
1221380 1524.2
1221390 1525.4
1221400 1526.8
1221410 1526.8
1221420 1527.8
1221430 1528.7
1221440 1528.7
1221450 1529.8
1221460 1530.2
1221470 1530.2
1221480 1531.2
1221490 1532.2
1221500 1532.4
1221510 1532.4
1221520 1533.0
1221530 1534.8
1221540 1534.8
1221550 1535.5
1221560 1536.2
1221570 1536.2
1221580 1537.0
1221590 1537.9
1221600 1537.9
1221610 1538.9
1221620 1540.6
1221630 1540.6
1221640 1542.5
1221650 1544.6
1221660 1544.6
1221670 1547.1
1221680 1550.2
1221690 1550.2
1221700 1553.0
1221710 1555.1
1221720 1555.1
1221730 1556.9
1221740 1559.4
1221750 1559.4
1221760 1561.9
1221770 1564.1
1221780 1564.1
1221790 1566.3
1221800 1568.8
1221810 1571.2
1221820 1571.2
1221830 1573.5
1221840 1575.9
1221850 1575.9
1221860 1578.6
1221870 1581.0
1221880 1581.0
1221890 1584.0
1221900 1587.2
1221910 1587.2
1221920 1590.8
1221930 1594.2
1221940 1592.4
1221950 1594.9
1221960 1598.4
1221970 1598.4
1221980 1601.6
1221990 1604.5
1222000 1604.5
1222010 1607.5
1222020 1610.6
1222030 1610.6
1222040 1613.5
1222050 1616.7
1222060 1616.7
1222070 1620.0
1222080 1624.1
1222090 1624.1
1222100 1627.3
1222110 1630.7
1222120 1634.8
1222130 1634.8
1222140 1638.3
1222150 1642.8
1222160 1642.8
1222170 1647.3
1222180 1650.6
1222190 1650.6
1222200 1653.7
1222210 1657.0
1222220 1657.0
1222230 1661.3
1222240 1666.6
1222250 1666.6
1222260 1671.7
1222270 1677.1
1222280 1677.1
1222290 1683.5
1222300 1690.5
1222310 1690.5
1222320 1697.3
1222330 1704.9
1222340 1704.9
1222350 1712.3
1222360 1720.0
1222370 1720.0
1222380 1728.3
1222390 1736.7
1222400 1744.8
1222410 1744.8
1222420 1754.3
1222430 1765.0
1222440 1765.0
1222450 1772.3
1222460 1777.4
1222470 1777.4
1222480 1782.3
1222490 1786.3
1222500 1786.3
1222510 1789.1
1222520 1791.3
1222530 1791.3
1222540 1793.0
1222550 1793.7
1222560 1793.7
1222570 1795.7
1222580 1801.3
1222590 1801.3
1222600 1803.5
1222610 1805.0
1222620 1805.0
1222630 1806.2
1222640 1807.7
1222650 1807.7
1222660 1809.1
1222670 1810.5
1222680 1810.5
1222690 1812.1
1222700 1813.9
1222710 1816.1
1222720 1816.1
1222730 1818.1
1222740 1819.2
1222750 1819.2
1222760 1820.2
1222770 1820.4
1222780 1820.4
1222790 1820.6
1222800 1820.7
1222810 1820.7
1222820 1820.3
1222830 1818.8
1222840 1818.8
1222850 1815.7
1222860 1813.1
1222870 1813.1
1222880 1811.4
1222890 1809.9
1222900 1809.9
1222910 1809.1
1222920 1805.2
1222930 1805.2
1222940 1802.5
1222950 1802.1
1222960 1802.1
1222970 1802.7
1222980 1802.4
1222990 1802.4
1223000 1802.3
1223010 1802.3
1223020 1802.4
1223030 1802.4
1223040 1802.3
1223050 1801.9
1223060 1801.9
1223070 1801.4
1223080 1800.7
1223090 1800.7
1223100 1799.7
1223110 1798.5
1223120 1798.5
1223130 1796.8
1223140 1793.3
1223150 1793.3
1223160 1794.0
1223170 1794.6
1223180 1794.6
1223190 1793.3
1223200 1791.9
1223210 1791.9
1223220 1790.3
1223230 1789.3
1223240 1789.3
1223250 1791.0
1223260 1792.4
1223270 1792.4
1223280 1793.6
1223290 1794.6
1223300 1795.1
1223310 1795.1
1223320 1795.5
1223330 1795.4
1223340 1795.4
1223350 1794.4
1223360 1790.8
1223370 1790.8
1223380 1786.2
1223390 1782.7
1223400 1782.7
1223410 1779.3
1223420 1776.8
1223430 1776.8
1223440 1774.9
1223450 1773.5
1223460 1773.5
1223470 1772.0
1223480 1770.6
1223490 1770.6
1223500 1769.1
1223510 1768.3
1223520 1768.3
1223530 1767.4
1223540 1764.9
1223550 1764.9
1223560 1763.7
1223570 1763.2
1223580 1763.2
1223590 1762.4
1223600 1761.2
1223610 1759.6
1223620 1759.6
1223630 1756.7
1223640 1754.9
1223650 1754.9
1223660 1752.9
1223670 1751.4
1223680 1751.4
1223690 1748.5
1223700 1745.7
1223710 1745.7
1223720 1748.5
1223730 1752.2
1223740 1752.2
1223750 1753.6
1223760 1754.7
1223770 1754.7
1223780 1755.6
1223790 1755.9
1223800 1755.9
1223810 1756.4
1223820 1757.8
1223830 1757.8
1223840 1758.3
1223850 1758.4
1223860 1758.4
1223870 1758.6
1223880 1758.7
1223890 1755.2
1223900 1755.7
1223910 1755.8
1223920 1754.8
1223930 1754.8
1223940 1754.5
1223950 1754.3
1223960 1754.3
1223970 1754.1
1223980 1753.2
1223990 1753.2
1224000 1752.5
1224010 1752.5
1224020 1752.5
1224030 1753.2
1224040 1753.9
1224050 1753.9
1224060 1754.7
1224070 1755.9
1224080 1755.9
1224090 1757.5
1224100 1758.4
1224110 1758.4
1224120 1759.0
1224130 1760.3
1224140 1760.3
1224150 1762.1
1224160 1764.4
1224170 1764.4
1224180 1764.9
1224190 1763.2
1224200 1763.2
1224210 1761.0
1224220 1759.9
1224230 1759.4
1224240 1759.4
1224250 1758.9
1224260 1758.1
1224270 1758.1
1224280 1758.3
1224290 1758.7
1224300 1758.7
1224310 1759.0
1224320 1760.1
1224330 1760.1
1224340 1760.9
1224350 1759.8
1224360 1759.8
1224370 1760.1
1224380 1757.4
1224390 1757.4
1224400 1758.4
1224410 1757.0
1224420 1757.0
1224430 1754.9
1224440 1754.2
1224450 1754.2
1224460 1753.6
1224470 1751.7
1224480 1751.7
1224490 1749.9
1224500 1748.3
1224510 1748.2
1224520 1748.2
1224530 1749.2
1224540 1750.4
1224550 1750.4
1224560 1751.4
1224570 1752.2
1224580 1752.2
1224590 1752.7
1224600 1752.9
1224610 1752.9
1224620 1752.9
1224630 1752.7
1224640 1752.7
1224650 1751.8
1224660 1751.3
1224670 1751.3
1224680 1751.2
1224690 1751.1
1224700 1751.1
1224710 1751.4
1224720 1753.1
1224730 1753.1
1224740 1753.0
1224750 1752.7
1224760 1752.7
1224770 1751.7
1224780 1746.2
1224790 1746.2
1224800 1747.5
1224810 1747.8
1224820 1747.5
1224830 1747.5
1224840 1749.5
1224850 1752.0
1224860 1752.0
1224870 1748.7
1224880 1751.6
1224890 1751.6
1224900 1755.0
1224910 1758.7
1224920 1758.7
1224930 1762.2
1224940 1765.8
1224950 1765.8
1224960 1769.9
1224970 1774.0
1224980 1774.0
1224990 1778.8
1225000 1783.8
1225010 1783.8
1225020 1788.2
1225030 1792.7
1225040 1792.7
1225050 1797.9
1225060 1802.1
1225070 1802.1
1225080 1806.4
1225090 1810.4
1225100 1810.4
1225110 1814.2
1225120 1817.3
1225130 1820.0
1225140 1820.0
1225150 1822.9
1225160 1825.8
1225170 1825.8
1225180 1828.6
1225190 1831.6
1225200 1831.6
1225210 1831.4
1225220 1828.2
1225230 1828.2
1225240 1820.9
1225250 1806.1
1225260 1806.1
1225270 1791.3
1225280 1779.2
1225290 1779.2
1225300 1774.2
1225310 1771.9
1225320 1771.9
1225330 1770.4
1225340 1767.8
1225350 1767.8
1225360 1767.2
1225370 1760.5
1225380 1760.5
1225390 1757.7
1225400 1753.5
1225410 1760.1
1225420 1760.1
1225430 1768.0
1225440 1778.5
1225450 1778.5
1225460 1788.3
1225470 1796.7
1225480 1796.7
1225490 1804.6
1225500 1812.2
1225510 1812.2
1225520 1819.8
1225530 1828.2
1225540 1828.2
1225550 1841.0
1225560 1855.9
1225570 1855.9
1225580 1871.1
1225590 1883.0
1225600 1883.0
1225610 1893.1
1225620 1902.7
1225630 1902.7
1225640 1910.5
1225650 1913.7
1225660 1913.7
1225670 1916.0
1225680 1923.1
1225690 1923.1
1225700 1930.4
1225710 1936.4
1225720 1940.7
1225730 1940.7
1225740 1944.7
1225750 1948.7
1225760 1948.7
1225770 1952.3
1225780 1955.7
1225790 1955.7
1225800 1961.1
1225810 1966.8
1225820 1966.8
1225830 1971.8
1225840 1975.1
1225850 1975.1
1225860 1976.3
1225870 1975.3
1225880 1975.3
1225890 1976.2
1225900 1980.3
1225910 1980.3
1225920 1985.7
1225930 1989.8
1225940 1989.8
1225950 1990.5
1225960 1987.3
1225970 1987.3
1225980 1984.1
1225990 1983.5
1226000 1983.5
1226010 1984.4
1226020 1986.8
1226030 1989.8
1226040 1989.8
1226050 1991.9
1226060 1995.7
1226070 1995.7
1226080 1999.9
1226090 2003.1
1226100 2003.1
1226110 2005.5
1226120 2011.1
1226130 2011.1
1226140 2019.8
1226150 2033.7
1226160 2033.7
1226170 2046.3
1226180 2052.8
1226190 2052.8
1226200 2048.1
1226210 2040.7
1226220 2040.7
1226230 2035.0
1226240 2031.6
1226250 2031.6
1226260 2031.2
1226270 2036.5
1226280 2036.5
1226290 2045.0
1226300 2054.4
1226310 2067.3
1226320 2067.3
1226330 2080.6
1226340 2090.1
1226350 2098.2
1226360 2106.3
1226370 2115.6
1226380 2115.6
1226390 2122.0
1226400 2126.8
1226410 2126.8
1226420 2130.5
1226430 2135.1
1226440 2135.1
1226450 2137.7
1226460 2138.7
1226470 2138.7
1226480 2138.4
1226490 2137.1
1226500 2137.1
1226510 2135.1
1226520 2131.6
1226530 2131.6
1226540 2126.8
1226550 2121.1
1226560 2121.1
1226570 2116.6
1226580 2112.6
1226590 2112.6
1226600 2108.8
1226610 2103.8
1226620 2096.0
1226630 2096.0
1226640 2088.2
1226650 2079.3
1226660 2079.3
1226670 2070.3
1226680 2061.2
1226690 2061.2
1226700 2053.2
1226710 2044.9
1226720 2044.9
1226730 2036.4
1226740 2027.5
1226750 2027.5
1226760 2018.5
1226770 2008.7
1226780 2008.7
1226790 1999.7
1226800 1992.8
1226810 1992.8
1226820 1986.7
1226830 1981.0
1226840 1981.0
1226850 1971.3
1226860 1965.7
1226870 1965.7
1226880 1960.2
1226890 1955.8
1226900 1955.8
1226910 1949.9
1226920 1943.2
1226930 1938.6
1226940 1938.6
1226950 1937.0
1226960 1935.8
1226970 1935.8
1226980 1932.5
1226990 1928.9
1227000 1928.9
1227010 1926.5
1227020 1923.7
1227030 1923.7
1227040 1924.7
1227050 1926.1
1227060 1926.1
1227070 1927.7
1227080 1929.1
1227090 1929.1
1227100 1931.4
1227110 1935.3
1227120 1935.3
1227130 1948.7
1227140 1964.0
1227150 1964.0
1227160 1977.1
1227170 1985.4
1227180 1985.4
1227190 1990.3
1227200 1992.3
1227210 1991.5
1227220 1991.5
1227230 1988.7
1227240 1985.0
1227250 1985.0
1227260 1982.0
1227270 1979.5
1227280 1979.5
1227290 1977.1
1227300 1977.1
1227310 1977.1
1227320 1980.1
1227330 1983.5
1227340 1975.9
1227350 1979.3
1227360 1982.1
1227370 1982.1
1227380 1987.7
1227390 1993.2
1227400 1993.2
1227410 1997.4
1227420 2001.1
1227430 2001.1
1227440 2004.0
1227450 2008.7
1227460 2008.7
1227470 2012.3
1227480 2014.6
1227490 2014.6
1227500 2017.2
1227510 2022.0
1227520 2028.9
1227530 2028.9
1227540 2036.3
1227550 2044.5
1227560 2044.5
1227570 2056.4
1227580 2068.3
1227590 2068.3
1227600 2078.7
1227610 2089.6
1227620 2089.6
1227630 2099.6
1227640 2109.2
1227650 2109.2
1227660 2118.3
1227670 2127.4
1227680 2127.4
1227690 2136.9
1227700 2145.1
1227710 2145.1
1227720 2152.2
1227730 2158.9
1227740 2158.9
1227750 2166.0
1227760 2171.7
1227770 2171.7
1227780 2176.1
1227790 2178.2
1227800 2178.2
1227810 2179.6
1227820 2181.0
1227830 2180.6
1227840 2182.6
1227850 2180.6
1227860 2177.6
1227870 2177.6
1227880 2177.2
1227890 2180.7
1227900 2180.7
1227910 2184.2
1227920 2184.3
1227930 2184.3
1227940 2180.7
1227950 2172.3
1227960 2172.3
1227970 2163.2
1227980 2153.8
1227990 2153.8
1228000 2145.3
1228010 2139.8
1228020 2139.8
1228030 2134.7
1228040 2128.5
1228050 2128.5
1228060 2122.6
1228070 2116.8
1228080 2116.8
1228090 2111.5
1228100 2106.3
1228110 2101.0
1228120 2101.0
1228130 2095.7
1228140 2090.7
1228150 2090.7
1228160 2086.2
1228170 2081.9
1228180 2081.9
1228190 2077.5
1228200 2073.0
1228210 2073.0
1228220 2068.8
1228230 2064.9
1228240 2064.9
1228250 2060.9
1228260 2056.7
1228270 2056.7
1228280 2052.5
1228290 2048.8
1228300 2048.8
1228310 2047.0
1228320 2045.7
1228330 2045.7
1228340 2046.7
1228350 2042.4
1228360 2042.4
1228370 2039.2
1228380 2037.6
1228390 2037.6
1228400 2036.0
1228410 2034.3
1228420 2034.1
1228430 2034.1
1228440 2035.5
1228450 2037.7
1228460 2037.7
1228470 2038.8
1228480 2038.8
1228490 2038.8
1228500 2033.6
1228510 2028.7
1228520 2028.7
1228530 2026.0
1228540 2020.3
1228550 2020.3
1228560 2013.4
1228570 2006.1
1228580 2006.1
1228590 2000.3
1228600 1997.4
1228610 1997.4
1228620 1993.1
1228630 1988.9
1228640 1988.9
1228650 1984.5
1228660 1980.5
1228670 1980.5
1228680 1977.0
1228690 1971.1
1228700 1971.1
1228710 1965.2
1228720 1959.1
1228730 1952.3
1228740 1952.3
1228750 1943.4
1228760 1934.7
1228770 1934.7
1228780 1927.6
1228790 1921.0
1228800 1921.0
1228810 1914.3
1228820 1905.8
1228830 1903.3
1228840 1891.9
1228850 1882.4
1228860 1882.4
1228870 1874.1
1228880 1866.3
1228890 1866.3
1228900 1858.8
1228910 1852.7
1228920 1852.7
1228930 1847.5
1228940 1843.3
1228950 1843.3
1228960 1838.2
1228970 1832.2
1228980 1832.2
1228990 1829.0
1229000 1823.7
1229010 1817.2
1229020 1817.2
1229030 1809.8
1229040 1811.6
1229050 1811.6
1229060 1813.7
1229070 1818.9
1229080 1818.9
1229090 1819.4
1229100 1819.3
1229110 1819.3
1229120 1824.1
1229130 1830.8
1229140 1830.8
1229150 1835.6
1229160 1840.5
1229170 1840.5
1229180 1846.1
1229190 1853.4
1229200 1853.4
1229210 1861.8
1229220 1869.7
1229230 1869.7
1229240 1876.6
1229250 1883.0
1229260 1883.0
1229270 1890.1
1229280 1897.1
1229290 1897.1
1229300 1904.6
1229310 1911.8
1229320 1920.0
1229330 1917.5
1229340 1926.3
1229350 1935.0
1229360 1935.0
1229370 1944.0
1229380 1952.3
1229390 1952.3
1229400 1963.1
1229410 1975.9
1229420 1975.9
1229430 1984.6
1229440 1992.3
1229450 1992.3
1229460 2000.0
1229470 2008.2
1229480 2008.2
1229490 2021.0
1229500 2031.5
1229510 2031.5
1229520 2036.5
1229530 2040.8
1229540 2040.8
1229550 2045.2
1229560 2047.3
1229570 2047.3
1229580 2045.9
1229590 2043.7
1229600 2043.7
1229610 2038.1
1229620 2032.4
1229630 2024.0
1229640 2024.0
1229650 2020.8
1229660 2020.8
1229670 2020.8
1229680 2020.4
1229690 2020.0
1229700 2020.0
1229710 2012.9
1229720 2000.6
1229730 2000.6
1229740 1993.7
1229750 1989.7
1229760 1989.7
1229770 1986.6
1229780 1984.9
1229790 1984.9
1229800 1981.5
1229810 1977.7
1229820 1977.7
1229830 1966.9
1229840 1965.6
1229850 1965.6
1229860 1965.0
1229870 1963.2
1229880 1963.2
1229890 1958.4
1229900 1954.0
1229910 1951.4
1229920 1951.4
1229930 1948.8
1229940 1945.0
1229950 1945.0
1229960 1941.7
1229970 1938.5
1229980 1938.5
1229990 1935.1
1230000 1929.8
1230010 1929.8
1230020 1924.4
1230030 1919.1
1230040 1919.1
1230050 1915.9
1230060 1915.6
1230070 1915.6
1230080 1914.4
1230090 1914.0
1230100 1914.0
1230110 1911.6
1230120 1908.0
1230130 1908.0
1230140 1903.8
1230150 1899.9
1230160 1899.9
1230170 1896.6
1230180 1894.0
1230190 1894.0
1230200 1891.4
1230210 1888.4
1230220 1884.6
1230230 1884.6
1230240 1880.2
1230250 1874.6
1230260 1874.6
1230270 1876.7
1230280 1886.0
1230290 1886.0
1230300 1895.4
1230310 1903.6
1230320 1903.6
1230330 1911.4
1230340 1917.5
1230350 1917.5
1230360 1929.1
1230370 1938.9
1230380 1938.9
1230390 1946.2
1230400 1953.0
1230410 1953.0
1230420 1958.6
1230430 1962.1
1230440 1962.1
1230450 1966.5
1230460 1968.8
1230470 1968.8
1230480 1971.7
1230490 1977.1
1230500 1977.1
1230510 1982.9
1230520 1990.2
1230530 1997.1
1230540 1997.1
1230550 2003.3
1230560 2012.6
1230570 2012.6
1230580 2022.0
1230590 2028.8
1230600 2028.8
1230610 2037.7
1230620 2046.6
1230630 2046.6
1230640 2054.7
1230650 2063.6
1230660 2063.6
1230670 2072.0
1230680 2080.5
1230690 2080.5
1230700 2089.1
1230710 2095.1
1230720 2095.1
1230730 2102.4
1230740 2107.8
1230750 2107.8
1230760 2116.6
1230770 2126.9
1230780 2126.9
1230790 2134.5
1230800 2140.6
1230810 2146.6
1230820 2146.6
1230830 2152.1
1230840 2165.8
1230850 2165.8
1230860 2161.9
1230870 2150.1
1230880 2150.1
1230890 2145.2
1230900 2142.1
1230910 2142.1
1230920 2135.7
1230930 2127.5
1230940 2127.5
1230950 2121.6
1230960 2115.2
1230970 2115.2
1230980 2109.7
1230990 2106.4
1231000 2106.4
1231010 2105.1
1231020 2100.3
1231030 2100.3
1231040 2091.7
1231050 2082.8
1231060 2082.8
1231070 2074.9
1231080 2069.7
1231090 2069.7
1231100 2065.9
1231110 2063.2
1231120 2061.6
1231130 2061.6
1231140 2060.0
1231150 2058.1
1231160 2058.1
1231170 2056.0
1231180 2053.3
1231190 2053.3
1231200 2047.6
1231210 2043.7
1231220 2043.7
1231230 2040.1
1231240 2036.8
1231250 2036.8
1231260 2033.7
1231270 2034.4
1231280 2034.4
1231290 2032.6
1231300 2027.3
1231310 2027.3
1231320 2020.0
1231330 2009.2
1231340 2023.3
1231350 2015.0
1231360 2014.3
1231370 2014.3
1231380 2010.8
1231390 2004.4
1231400 2004.4
1231410 1998.7
1231420 1995.1
1231430 1991.9
1231440 1991.9
1231450 1987.9
1231460 1982.5
1231470 1982.5
1231480 1977.5
1231490 1973.7
1231500 1973.7
1231510 1969.8
1231520 1967.0
1231530 1967.0
1231540 1963.5
1231550 1958.0
1231560 1958.0
1231570 1952.3
1231580 1946.4
1231590 1946.4
1231600 1940.2
1231610 1933.8
1231620 1933.8
1231630 1928.0
1231640 1922.8
1231650 1922.8
1231660 1918.0
1231670 1913.6
1231680 1913.6
1231690 1909.5
1231700 1905.8
1231710 1900.7
1231720 1900.7
1231730 1893.9
1231740 1886.3
1231750 1886.3
1231760 1879.2
1231770 1873.6
1231780 1873.6
1231790 1868.9
1231800 1865.8
1231810 1865.8
1231820 1862.5
1231830 1857.9
1231840 1860.4
1231850 1857.2
1231860 1853.8
1231870 1853.8
1231880 1850.4
1231890 1846.2
1231900 1846.2
1231910 1842.4
1231920 1837.7
1231930 1837.7
1231940 1833.2
1231950 1829.9
1231960 1829.9
1231970 1826.2
1231980 1821.8
1231990 1821.8
1232000 1818.0
1232010 1813.4
1232020 1808.6
1232030 1808.6
1232040 1804.3
1232050 1799.2
1232060 1799.2
1232070 1792.6
1232080 1788.3
1232090 1788.3
1232100 1784.3
1232110 1781.5
1232120 1781.5
1232130 1784.4
1232140 1790.9
1232150 1790.9
1232160 1796.4
1232170 1800.2
1232180 1800.2
1232190 1801.2
1232200 1806.9
1232210 1806.9
1232220 1815.6
1232230 1820.9
1232240 1820.9
1232250 1817.9
1232260 1813.4
1232270 1813.4
1232280 1810.0
1232290 1810.4
1232300 1810.4
1232310 1818.2
1232320 1825.8
1232330 1832.8
1232340 1832.8
1232350 1835.0
1232360 1839.1
1232370 1839.1
1232380 1844.3
1232390 1851.0
1232400 1851.0
1232410 1857.9
1232420 1863.5
1232430 1863.5
1232440 1868.6
1232450 1872.1
1232460 1872.1
1232470 1873.8
1232480 1875.5
1232490 1875.5
1232500 1876.6
1232510 1878.2
1232520 1878.2
1232530 1881.0
1232540 1882.0
1232550 1882.0
1232560 1882.8
1232570 1884.8
1232580 1884.8
1232590 1885.6
1232600 1887.2
1232610 1889.3
1232620 1889.3
1232630 1889.3
1232640 1887.8
1232650 1887.8
1232660 1889.2
1232670 1892.3
1232680 1892.3
1232690 1894.3
1232700 1896.4
1232710 1896.4
1232720 1899.3
1232730 1904.2
1232740 1904.2
1232750 1909.0
1232760 1913.2
1232770 1913.2
1232780 1918.8
1232790 1925.1
1232800 1925.1
1232810 1931.6
1232820 1939.0
1232830 1939.0
1232840 1945.9
1232850 1950.8
1232860 1949.8
1232870 1955.2
1232880 1959.3
1232890 1959.3
1232900 1962.0
1232910 1965.6
1232920 1970.0
1232930 1970.0
1232940 1974.4
1232950 1978.7
1232960 1978.7
1232970 1983.3
1232980 1988.9
1232990 1988.9
1233000 1995.3
1233010 2001.8
1233020 2001.8
1233030 2008.1
1233040 2015.3
1233050 2015.3
1233060 2022.9
1233070 2032.1
1233080 2032.1
1233090 2042.2
1233100 2052.3
1233110 2052.3
1233120 2061.4
1233130 2065.0
1233140 2065.0
1233150 2063.9
1233160 2061.8
1233170 2061.8
1233180 2059.6
1233190 2057.2
1233200 2057.2
1233210 2055.0
1233220 2052.4
1233230 2050.2
1233240 2050.2
1233250 2049.5
1233260 2049.4
1233270 2049.4
1233280 2048.6
1233290 2047.8
1233300 2047.8
1233310 2046.0
1233320 2043.6
1233330 2043.6
1233340 2040.7
1233350 2037.6
1233360 2040.2
1233370 2037.3
1233380 2033.6
1233390 2033.6
1233400 2029.0
1233410 2022.8
1233420 2022.8
1233430 2015.7
1233440 2008.1
1233450 2008.1
1233460 2000.3
1233470 1993.3
1233480 1993.3
1233490 1987.1
1233500 1980.1
1233510 1974.2
1233520 1974.2
1233530 1969.8
1233540 1968.3
1233550 1968.3
1233560 1957.7
1233570 1949.0
1233580 1949.0
1233590 1935.8
1233600 1910.5
1233610 1910.5
1233620 1895.4
1233630 1886.3
1233640 1886.3
1233650 1878.6
1233660 1871.9
1233670 1871.9
1233680 1866.3
1233690 1864.6
1233700 1864.6
1233710 1865.1
1233720 1867.6
1233730 1867.6
1233740 1865.8
1233750 1865.4
1233760 1865.4
1233770 1865.8
1233780 1854.3
1233790 1854.3
1233800 1839.9
1233810 1829.3
1233820 1820.9
1233830 1820.9
1233840 1810.9
1233850 1803.0
1233860 1803.0
1233870 1788.6
1233880 1779.4
1233890 1779.4
1233900 1771.3
1233910 1763.8
1233920 1763.8
1233930 1758.4
1233940 1757.8
1233950 1757.8
1233960 1758.9
1233970 1760.3
1233980 1760.3
1233990 1763.7
1234000 1767.4
1234010 1767.4
1234020 1770.2
1234030 1773.8
1234040 1773.8
1234050 1778.0
1234060 1783.3
1234070 1783.3
1234080 1790.0
1234090 1795.9
1234100 1795.9
1234110 1801.6
1234120 1805.1
1234130 1804.2
1234140 1804.2
1234150 1802.1
1234160 1802.4
1234170 1802.4
1234180 1798.6
1234190 1792.4
1234200 1792.4
1234210 1785.7
1234220 1776.6
1234230 1776.6
1234240 1768.3
1234250 1759.4
1234260 1759.4
1234270 1751.4
1234280 1745.4
1234290 1745.4
1234300 1739.9
1234310 1734.3
1234320 1734.3
1234330 1727.4
1234340 1723.4
1234350 1723.4
1234360 1726.6
1234370 1730.8
1234380 1730.5
1234390 1745.2
1234400 1755.3
1234410 1761.6
1234420 1761.6
1234430 1767.6
1234440 1776.4
1234450 1776.4
1234460 1785.2
1234470 1787.8
1234480 1787.8
1234490 1790.9
1234500 1796.9
1234510 1796.9
1234520 1803.8
1234530 1809.3
1234540 1809.3
1234550 1808.7
1234560 1805.9
1234570 1805.9
1234580 1805.8
1234590 1805.4
1234600 1805.4
1234610 1803.7
1234620 1800.4
1234630 1800.4
1234640 1794.9
1234650 1789.5
1234660 1789.5
1234670 1786.5
1234680 1783.6
1234690 1783.6
1234700 1778.4
1234710 1775.1
1234720 1777.5
1234730 1777.5
1234740 1781.6
1234750 1777.8
1234760 1777.8
1234770 1768.8
1234780 1760.7
1234790 1760.7
1234800 1755.8
1234810 1753.5
1234820 1753.5
1234830 1751.8
1234840 1750.6
1234850 1750.6
1234860 1749.9
1234870 1747.5
1234880 1747.5
1234890 1731.0
1234900 1730.1
1234910 1730.1
1234920 1741.0
1234930 1751.0
1234940 1751.0
1234950 1760.0
1234960 1768.5
1234970 1768.5
1234980 1779.1
1234990 1788.2
1235000 1788.2
1235010 1797.5
1235020 1806.0
1235030 1813.5
1235040 1813.5
1235050 1818.4
1235060 1822.3
1235070 1822.3
1235080 1827.8
1235090 1834.6
1235100 1834.6
1235110 1843.2
1235120 1849.6
1235130 1849.6
1235140 1855.5
1235150 1860.7
1235160 1860.7
1235170 1866.8
1235180 1875.6
1235190 1875.6
1235200 1883.7
1235210 1890.3
1235220 1890.3
1235230 1897.2
1235240 1903.9
1235250 1903.9
1235260 1910.3
1235270 1917.3
1235280 1917.3
1235290 1924.5
1235300 1930.2
1235310 1936.8
1235320 1936.8
1235330 1944.3
1235340 1953.0
1235350 1953.0
1235360 1961.0
1235370 1969.1
1235380 1969.1
1235390 1977.0
1235400 1985.9
1235410 1985.9
1235420 1990.7
1235430 1997.7
1235440 1997.7
1235450 2000.4
1235460 2001.6
1235470 2001.6
1235480 2001.5
1235490 1999.9
1235500 1999.9
1235510 1998.5
1235520 1998.8
1235530 1998.8
1235540 2001.4
1235550 2005.0
1235560 2005.0
1235570 2009.6
1235580 2016.0
1235590 2016.0
1235600 2020.7
1235610 2024.6
1235620 2028.6
1235630 2028.6
1235640 2032.1
1235650 2036.3
1235660 2036.3
1235670 2040.8
1235680 2044.5
1235690 2044.5
1235700 2047.8
1235710 2051.4
1235720 2051.4
1235730 2054.5
1235740 2057.8
1235750 2057.8
1235760 2061.4
1235770 2065.4
1235780 2065.4
1235790 2069.2
1235800 2072.4
1235810 2072.4
1235820 2074.6
1235830 2075.2
1235840 2075.2
1235850 2073.3
1235860 2068.4
1235870 2068.4
1235880 2060.4
1235890 2051.1
1235900 2051.1
1235910 2042.6
1235920 2042.9
1235930 2032.3
1235940 2032.3
1235950 2020.8
1235960 2012.7
1235970 2012.7
1235980 2004.3
1235990 1996.8
1236000 1996.8
1236010 1992.2
1236020 1987.1
1236030 1987.1
1236040 1981.7
1236050 1976.4
1236060 1976.4
1236070 1971.8
1236080 1967.4
1236090 1967.4
1236100 1963.2
1236110 1958.6
1236120 1958.6
1236130 1953.0
1236140 1946.1
1236150 1946.1
1236160 1938.8
1236170 1933.1
1236180 1933.1
1236190 1927.8
1236200 1921.3
1236210 1913.9
1236220 1913.9
1236230 1906.2
1236240 1898.9
1236250 1898.9
1236260 1892.3
1236270 1885.8
1236280 1885.8
1236290 1878.3
1236300 1870.9
1236310 1870.9
1236320 1863.3
1236330 1856.7
1236340 1856.7
1236350 1851.3
1236360 1846.3
1236370 1846.3
1236380 1840.3
1236390 1834.5
1236400 1834.5
1236410 1831.8
1236420 1834.0
1236430 1826.6
1236440 1826.0
1236450 1826.5
1236460 1826.5
1236470 1830.8
1236480 1832.3
1236490 1832.3
1236500 1830.4
1236510 1826.8
1236520 1822.6
1236530 1822.6
1236540 1816.5
1236550 1810.5
1236560 1810.5
1236570 1803.7
1236580 1798.9
1236590 1798.9
1236600 1804.0
1236610 1811.1
1236620 1811.1
1236630 1816.5
1236640 1819.4
1236650 1819.4
1236660 1822.4
1236670 1824.5
1236680 1824.5
1236690 1827.1
1236700 1829.7
1236710 1829.7
1236720 1833.3
1236730 1839.4
1236740 1839.4
1236750 1847.2
1236760 1858.5
1236770 1858.5
1236780 1869.1
1236790 1882.3
1236800 1882.3
1236810 1896.4
1236820 1910.3
1236830 1916.5
1236840 1916.5
1236850 1921.7
1236860 1925.8
1236870 1925.8
1236880 1928.1
1236890 1930.1
1236900 1930.1
1236910 1932.0
1236920 1934.9
1236930 1934.9
1236940 1936.3
1236950 1941.6
1236960 1941.6
1236970 1947.5
1236980 1952.9
1236990 1952.9
1237000 1958.9
1237010 1964.0
1237020 1964.0
1237030 1970.4
1237040 1974.8
1237050 1974.8
1237060 1982.5
1237070 1987.6
1237080 1987.6
1237090 1986.0
1237100 1981.4
1237110 1979.0
1237120 1979.0
1237130 1976.6
1237140 1974.6
1237150 1974.6
1237160 1978.3
1237170 1984.3
1237180 1984.3
1237190 1991.2
1237200 1999.5
1237210 1999.5
1237220 2010.0
1237230 2019.0
1237240 2019.0
1237250 2024.0
1237260 2028.4
1237270 2028.4
1237280 2032.8
1237290 2036.4
1237300 2036.4
1237310 2040.4
1237320 2043.3
1237330 2043.3
1237340 2045.3
1237350 2048.5
1237360 2048.5
1237370 2051.6
1237380 2053.0
1237390 2053.0
1237400 2052.3
1237410 2054.7
1237420 2059.1
1237430 2059.1
1237440 2062.1
1237450 2065.0
1237460 2058.3
1237470 2062.4
1237480 2066.6
1237490 2066.6
1237500 2070.8
1237510 2075.1
1237520 2075.1
1237530 2078.7
1237540 2081.6
1237550 2081.6
1237560 2084.1
1237570 2086.8
1237580 2086.8
1237590 2088.2
1237600 2088.3
1237610 2088.3
1237620 2086.8
1237630 2083.5
1237640 2083.5
1237650 2080.9
1237660 2078.7
1237670 2078.7
1237680 2076.2
1237690 2074.8
1237700 2074.8
1237710 2074.8
1237720 2075.4
1237730 2076.4
1237740 2076.4
1237750 2078.2
1237760 2081.2
1237770 2081.2
1237780 2085.0
1237790 2088.9
1237800 2088.9
1237810 2092.8
1237820 2097.2
1237830 2097.2
1237840 2101.7
1237850 2106.0
1237860 2106.0
1237870 2110.5
1237880 2115.3
1237890 2115.3
1237900 2119.9
1237910 2124.7
1237920 2124.7
1237930 2129.5
1237940 2134.3
1237950 2134.3
1237960 2139.3
1237970 2143.6
1237980 2141.5
1237990 2146.1
1238000 2149.1
1238010 2149.2
1238020 2149.2
1238030 2145.1
1238040 2141.7
1238050 2141.7
1238060 2144.4
1238070 2150.1
1238080 2150.1
1238090 2148.4
1238100 2144.1
1238110 2144.1
1238120 2145.0
1238130 2148.4
1238140 2148.4
1238150 2154.1
1238160 2160.5
1238170 2160.5
1238180 2167.4
1238190 2176.2
1238200 2176.2
1238210 2191.3
1238220 2206.6
1238230 2206.6
1238240 2216.1
1238250 2219.1
1238260 2219.1
1238270 2223.6
1238280 2226.2
1238290 2226.2
1238300 2225.9
1238310 2224.4
1238320 2225.8
1238330 2225.8
1238340 2229.0
1238350 2232.9
1238360 2232.9
1238370 2237.4
1238380 2234.4
1238390 2234.4
1238400 2229.5
1238410 2226.8
1238420 2226.8
1238430 2224.4
1238440 2222.6
1238450 2222.6
1238460 2220.7
1238470 2217.8
1238480 2217.8
1238490 2207.3
1238500 2205.5
1238510 2205.5
1238520 2199.5
1238530 2195.2
1238540 2195.2
1238550 2191.1
1238560 2188.9
1238570 2188.9
1238580 2188.6
1238590 2190.3
1238600 2190.3
1238610 2191.6
1238620 2191.6
1238630 2191.2
1238640 2191.2
1238650 2192.4
1238660 2196.9
1238670 2196.9
1238680 2199.8
1238690 2196.5
1238700 2196.5
1238710 2191.0
1238720 2186.5
1238730 2186.5
1238740 2183.8
1238750 2185.3
1238760 2185.3
1238770 2183.1
1238780 2175.9
1238790 2175.9
1238800 2167.4
1238810 2160.9
1238820 2160.9
1238830 2154.6
1238840 2148.6
1238850 2148.6
1238860 2144.2
1238870 2141.6
1238880 2141.6
1238890 2142.8
1238900 2145.6
1238910 2148.6
1238920 2148.6
1238930 2152.2
1238940 2158.4
1238950 2158.4
1238960 2166.0
1238970 2166.8
1238980 2166.8
1238990 2168.9
1239000 2174.3
1239010 2166.8
1239020 2172.3
1239030 2175.3
1239040 2175.3
1239050 2176.3
1239060 2177.7
1239070 2177.7
1239080 2177.3
1239090 2173.3
1239100 2173.3
1239110 2172.7
1239120 2170.1
1239130 2170.1
1239140 2172.8
1239150 2179.3
1239160 2179.3
1239170 2184.2
1239180 2180.8
1239190 2180.8
1239200 2175.7
1239210 2173.4
1239220 2173.7
1239230 2173.7
1239240 2170.8
1239250 2167.8
1239260 2167.8
1239270 2163.3
1239280 2160.5
1239290 2160.5
1239300 2156.3
1239310 2153.8
1239320 2153.8
1239330 2157.7
1239340 2163.7
1239350 2163.7
1239360 2170.0
1239370 2176.1
1239380 2176.1
1239390 2182.3
1239400 2188.6
1239410 2188.6
1239420 2193.8
1239430 2202.3
1239440 2202.3
1239450 2211.6
1239460 2219.8
1239470 2219.8
1239480 2232.0
1239490 2231.9
1239500 2231.9
1239510 2218.5
1239520 2208.5
1239530 2195.3
1239540 2195.3
1239550 2190.3
1239560 2185.9
1239570 2185.9
1239580 2180.3
1239590 2182.3
1239600 2182.3
1239610 2177.3
1239620 2179.0
1239630 2179.0
1239640 2185.5
1239650 2186.4
1239660 2186.4
1239670 2188.2
1239680 2192.3
1239690 2192.3
1239700 2185.2
1239710 2180.4
1239720 2180.4
1239730 2180.4
1239740 2180.8
1239750 2180.8
1239760 2186.6
1239770 2185.3
1239780 2185.3
1239790 2174.0
1239800 2162.6
1239810 2153.9
1239820 2153.9
1239830 2145.5
1239840 2136.7
1239850 2136.7
1239860 2128.2
1239870 2125.3
1239880 2125.3
1239890 2127.5
1239900 2130.8
1239910 2130.8
1239920 2134.4
1239930 2141.8
1239940 2141.8
1239950 2147.7
1239960 2147.5
1239970 2147.5
1239980 2141.7
1239990 2133.9
