1220000 1391.6
1220010 1392.2
1220020 1392.0
1220030 1392.0
1220040 1390.1
1220050 1390.4
1220060 1390.4
1220070 1393.6
1220080 1395.4
1220090 1395.4
1220100 1396.4
1220110 1397.3
1220120 1397.3
1220130 1398.0
1220140 1398.2
1220150 1397.7
1220160 1397.7
1220170 1397.3
1220180 1397.5
1220190 1397.5
1220200 1397.3
1220210 1397.9
1220220 1397.9
1220230 1399.6
1220240 1401.6
1220250 1401.6
1220260 1403.2
1220270 1405.0
1220280 1405.0
1220290 1407.0
1220300 1409.0
1220310 1409.0
1220320 1410.7
1220330 1414.7
1220340 1414.7
1220350 1420.3
1220360 1427.7
1220370 1427.7
1220380 1434.3
1220390 1441.7
1220400 1441.7
1220410 1449.0
1220420 1453.6
1220430 1455.9
1220440 1454.1
1220450 1455.2
1220460 1456.3
1220470 1456.3
1220480 1457.8
1220490 1458.9
1220500 1458.9
1220510 1460.0
1220520 1461.1
1220530 1461.1
1220540 1462.6
1220550 1464.0
1220560 1464.0
1220570 1465.5
1220580 1466.8
1220590 1466.8
1220600 1468.3
1220610 1469.6
1220620 1469.6
1220630 1471.3
1220640 1473.0
1220650 1473.0
1220660 1474.9
1220670 1477.3
1220680 1477.3
1220690 1479.1
1220700 1481.5
1220710 1481.5
1220720 1483.7
1220730 1485.4
1220740 1487.0
1220750 1487.0
1220760 1488.8
1220770 1491.4
1220780 1491.4
1220790 1494.4
1220800 1497.1
1220810 1497.1
1220820 1500.0
1220830 1503.0
1220840 1503.0
1220850 1506.0
1220860 1508.7
1220870 1508.7
1220880 1510.6
1220890 1511.9
1220900 1511.9
1220910 1512.6
1220920 1512.2
1220930 1512.2
1220940 1512.1
1220950 1512.8
1220960 1512.8
1220970 1514.2
1220980 1515.8
1220990 1515.8
1221000 1517.4
1221010 1517.4
1221020 1517.4
1221030 1518.9
1221040 1520.1
1221050 1520.8
1221060 1520.8
1221070 1521.9
1221080 1523.1
1221090 1523.1
1221100 1524.5
1221110 1526.3
1221120 1526.3
1221130 1528.4
1221140 1531.1
1221150 1531.1
1221160 1533.6
1221170 1536.0
1221180 1536.0
1221190 1538.8
1221200 1541.0
1221210 1541.0
1221220 1543.0
1221230 1545.5
1221240 1545.5
1221250 1547.6
1221260 1548.9
1221270 1548.9
1221280 1550.6
1221290 1552.1
1221300 1552.1
1221310 1553.6
1221320 1555.6
1221330 1555.6
1221340 1555.9
1221350 1557.0
1221360 1558.0
1221370 1558.0
1221380 1558.7
1221390 1558.7
1221400 1558.7
1221410 1555.0
1221420 1556.0
1221430 1556.0
1221440 1558.0
1221450 1560.9
1221460 1560.9
1221470 1560.8
1221480 1559.7
1221490 1559.7
1221500 1560.0
1221510 1560.4
1221520 1560.4
1221530 1561.0
1221540 1562.8
1221550 1562.8
1221560 1564.8
1221570 1566.3
1221580 1566.3
1221590 1568.0
1221600 1569.6
1221610 1569.6
1221620 1571.0
1221630 1572.6
1221640 1573.7
1221650 1573.7
1221660 1575.4
1221670 1577.5
1221680 1577.5
1221690 1578.5
1221700 1579.2
1221710 1579.2
1221720 1580.1
1221730 1581.5
1221740 1581.5
1221750 1583.0
1221760 1584.5
1221770 1584.5
1221780 1585.7
1221790 1587.5
1221800 1587.5
1221810 1590.1
1221820 1592.7
1221830 1592.7
1221840 1595.4
1221850 1598.5
1221860 1598.5
1221870 1602.0
1221880 1605.4
1221890 1603.0
1221900 1606.3
1221910 1609.7
1221920 1609.7
1221930 1612.4
1221940 1615.1
1221950 1618.3
1221960 1618.3
1221970 1622.0
1221980 1625.7
1221990 1625.7
1222000 1628.3
1222010 1631.6
1222020 1631.6
1222030 1636.4
1222040 1642.3
1222050 1642.3
1222060 1648.2
1222070 1653.5
1222080 1653.5
1222090 1659.0
1222100 1665.5
1222110 1665.5
1222120 1671.7
1222130 1675.6
1222140 1675.6
1222150 1678.9
1222160 1683.5
1222170 1683.5
1222180 1687.5
1222190 1687.1
1222200 1687.1
1222210 1689.8
1222220 1694.4
1222230 1694.4
1222240 1702.0
1222250 1706.7
1222260 1708.9
1222270 1708.9
1222280 1710.9
1222290 1714.4
1222300 1714.4
1222310 1718.3
1222320 1721.5
1222330 1721.5
1222340 1726.2
1222350 1730.5
1222360 1730.5
1222370 1736.2
1222380 1745.1
1222390 1745.1
1222400 1752.5
1222410 1759.5
1222420 1759.5
1222430 1767.9
1222440 1778.5
1222450 1778.5
1222460 1785.2
1222470 1792.4
1222480 1792.4
1222490 1796.7
1222500 1796.7
1222510 1796.7
1222520 1798.6
1222530 1804.8
1222540 1812.6
1222550 1812.6
1222560 1819.4
1222570 1824.7
1222580 1824.7
1222590 1830.1
1222600 1837.2
1222610 1837.2
1222620 1844.5
1222630 1849.6
1222640 1849.6
1222650 1856.7
1222660 1864.7
1222670 1864.7
1222680 1872.8
1222690 1880.9
1222700 1880.9
1222710 1891.9
1222720 1899.9
1222730 1899.9
1222740 1902.8
1222750 1904.5
1222760 1904.5
1222770 1905.3
1222780 1905.1
1222790 1905.1
1222800 1903.6
1222810 1900.4
1222820 1900.4
1222830 1898.6
1222840 1897.4
1222850 1895.2
1222860 1889.7
1222870 1887.0
1222880 1883.9
1222890 1883.9
1222900 1880.4
1222910 1877.0
1222920 1877.0
1222930 1874.3
1222940 1871.7
1222950 1871.7
1222960 1869.1
1222970 1866.5
1222980 1866.5
1222990 1864.0
1223000 1861.8
1223010 1861.8
1223020 1860.7
1223030 1860.9
1223040 1860.9
1223050 1861.6
1223060 1861.9
1223070 1861.9
1223080 1862.4
1223090 1862.7
1223100 1862.7
1223110 1863.2
1223120 1864.1
1223130 1864.1
1223140 1865.3
1223150 1866.7
1223160 1867.6
1223170 1867.6
1223180 1868.1
1223190 1867.3
1223200 1867.3
1223210 1865.7
1223220 1864.1
1223230 1864.1
1223240 1861.5
1223250 1858.1
1223260 1858.1
1223270 1854.4
1223280 1851.3
1223290 1851.3
1223300 1849.1
1223310 1847.4
1223320 1847.4
1223330 1845.6
1223340 1843.6
1223350 1841.5
1223360 1839.5
1223370 1836.3
1223380 1836.3
1223390 1831.5
1223400 1826.8
1223410 1826.8
1223420 1823.5
1223430 1820.9
1223440 1819.6
1223450 1819.6
1223460 1818.0
1223470 1814.8
1223480 1814.8
1223490 1809.2
1223500 1803.6
1223510 1803.6
1223520 1799.0
1223530 1799.7
1223540 1799.7
1223550 1799.9
1223560 1798.8
1223570 1798.8
1223580 1796.9
1223590 1798.0
1223600 1798.0
1223610 1803.3
1223620 1808.4
1223630 1808.4
1223640 1810.5
1223650 1806.4
1223660 1806.4
1223670 1804.1
1223680 1805.3
1223690 1805.3
1223700 1808.5
1223710 1811.0
1223720 1811.0
1223730 1812.7
1223740 1814.1
1223750 1815.6
1223760 1815.6
1223770 1817.4
1223780 1819.6
1223790 1819.6
1223800 1822.0
1223810 1824.3
1223820 1824.3
1223830 1826.3
1223840 1824.6
1223850 1824.6
1223860 1825.8
1223870 1827.3
1223880 1827.3
1223890 1828.3
1223900 1828.4
1223910 1828.4
1223920 1828.8
1223930 1829.8
1223940 1829.8
1223950 1830.2
1223960 1830.5
1223970 1830.5
1223980 1830.9
1223990 1831.0
1224000 1831.0
1224010 1831.0
1224020 1830.8
1224030 1830.8
1224040 1830.5
1224050 1830.3
1224060 1830.2
1224070 1830.2
1224080 1830.9
1224090 1831.3
1224100 1831.3
1224110 1832.0
1224120 1831.6
1224130 1831.6
1224140 1826.4
1224150 1826.6
1224160 1826.6
1224170 1829.9
1224180 1828.7
1224190 1828.7
1224200 1828.3
1224210 1828.3
1224220 1828.3
1224230 1828.3
1224240 1827.0
1224250 1827.0
1224260 1825.3
1224270 1823.7
1224280 1823.7
1224290 1823.0
1224300 1822.2
1224310 1822.2
1224320 1820.0
1224330 1816.8
1224340 1816.8
1224350 1816.4
1224360 1815.1
1224370 1815.9
1224380 1815.9
1224390 1817.5
1224400 1818.3
1224410 1818.3
1224420 1815.9
1224430 1815.2
1224440 1815.2
1224450 1816.9
1224460 1817.4
1224470 1817.4
1224480 1818.0
1224490 1818.9
1224500 1818.9
1224510 1819.5
1224520 1819.8
1224530 1819.8
1224540 1820.7
1224550 1821.6
1224560 1821.6
1224570 1822.7
1224580 1823.6
1224590 1823.6
1224600 1824.7
1224610 1825.5
1224620 1825.5
1224630 1826.0
1224640 1827.2
1224650 1828.1
1224660 1828.1
1224670 1828.9
1224680 1829.6
1224690 1829.6
1224700 1830.7
1224710 1831.3
1224720 1831.3
1224730 1832.4
1224740 1828.9
1224750 1828.9
1224760 1824.3
1224770 1822.1
1224780 1822.1
1224790 1824.6
1224800 1830.6
1224810 1830.6
1224820 1829.2
1224830 1834.6
1224840 1834.6
1224850 1840.8
1224860 1846.3
1224870 1846.3
1224880 1851.1
1224890 1855.1
1224900 1855.1
1224910 1858.2
1224920 1861.5
1224930 1861.5
1224940 1865.0
1224950 1868.0
1224960 1870.8
1224970 1870.8
1224980 1874.1
1224990 1877.6
1225000 1877.6
1225010 1880.5
1225020 1883.0
1225030 1883.0
1225040 1885.6
1225050 1888.9
1225060 1888.9
1225070 1892.5
1225080 1896.7
1225090 1896.7
1225100 1899.9
1225110 1902.0
1225120 1902.0
1225130 1903.8
1225140 1906.2
1225150 1906.2
1225160 1909.1
1225170 1911.6
1225180 1911.6
1225190 1914.5
1225200 1918.0
1225210 1918.0
1225220 1921.9
1225230 1925.5
1225240 1925.5
1225250 1928.0
1225260 1929.2
1225270 1930.0
1225280 1930.0
1225290 1928.7
1225300 1924.4
1225310 1915.9
1225320 1908.7
1225330 1900.9
1225340 1900.9
1225350 1890.0
1225360 1878.3
1225370 1878.3
1225380 1872.3
1225390 1867.7
1225400 1867.7
1225410 1863.2
1225420 1860.5
1225430 1860.5
1225440 1858.4
1225450 1857.2
1225460 1857.2
1225470 1856.8
1225480 1855.6
1225490 1855.6
1225500 1853.6
1225510 1851.3
1225520 1851.3
1225530 1850.5
1225540 1849.2
1225550 1846.6
1225560 1846.6
1225570 1847.6
1225580 1848.9
1225590 1848.9
1225600 1847.8
1225610 1846.2
1225620 1846.2
1225630 1846.0
1225640 1847.4
1225650 1847.4
1225660 1847.6
1225670 1846.8
1225680 1846.8
1225690 1845.1
1225700 1844.2
1225710 1844.2
1225720 1845.5
1225730 1848.5
1225740 1848.5
1225750 1855.3
1225760 1862.6
1225770 1862.6
1225780 1869.6
1225790 1875.5
1225800 1875.5
1225810 1883.6
1225820 1889.6
1225830 1889.6
1225840 1895.4
1225850 1901.5
1225860 1907.8
1225870 1907.8
1225880 1913.8
1225890 1919.8
1225900 1919.8
1225910 1925.9
1225920 1932.9
1225930 1932.9
1225940 1940.4
1225950 1948.3
1225960 1948.3
1225970 1957.5
1225980 1974.9
1225990 1974.9
1226000 1993.5
1226010 2007.0
1226020 2007.0
1226030 2019.7
1226040 2029.7
1226050 2029.7
1226060 2036.7
1226070 2046.0
1226080 2046.0
1226090 2054.8
1226100 2064.4
1226110 2064.4
1226120 2070.2
1226130 2075.3
1226140 2075.3
1226150 2082.6
1226160 2092.4
1226170 2105.0
1226180 2105.0
1226190 2124.5
1226200 2137.6
1226210 2137.6
1226220 2148.2
1226230 2148.3
1226240 2148.3
1226250 2137.7
1226260 2134.9
1226270 2134.9
1226280 2138.1
1226290 2145.5
1226300 2157.1
1226310 2161.8
1226320 2167.1
1226330 2167.1
1226340 2173.2
1226350 2176.8
1226360 2176.8
1226370 2175.0
1226380 2178.0
1226390 2178.0
1226400 2184.0
1226410 2189.0
1226420 2189.0
1226430 2192.2
1226440 2197.3
1226450 2201.7
1226460 2201.7
1226470 2207.1
1226480 2213.3
1226490 2213.3
1226500 2220.7
1226510 2228.1
1226520 2228.1
1226530 2224.3
1226540 2218.2
1226550 2218.2
1226560 2214.3
1226570 2208.3
1226580 2208.3
1226590 2197.9
1226600 2186.2
1226610 2186.2
1226620 2180.3
1226630 2168.0
1226640 2168.0
1226650 2157.4
1226660 2147.2
1226670 2147.2
1226680 2136.7
1226690 2128.9
1226700 2128.9
1226710 2121.5
1226720 2115.9
1226730 2115.9
1226740 2109.4
1226750 2101.5
1226760 2093.3
1226770 2093.3
1226780 2089.6
1226790 2076.0
1226800 2076.0
1226810 2067.6
1226820 2059.0
1226830 2059.0
1226840 2052.1
1226850 2047.7
1226860 2047.7
1226870 2043.8
1226880 2040.8
1226890 2040.8
1226900 2038.3
1226910 2035.6
1226920 2035.6
1226930 2032.3
1226940 2030.1
1226950 2030.1
1226960 2028.4
1226970 2026.5
1226980 2026.5
1226990 2024.5
1227000 2022.9
1227010 2022.9
1227020 2022.2
1227030 2022.1
1227040 2022.1
1227050 2022.0
1227060 2023.3
1227070 2025.3
1227080 2025.3
1227090 2028.5
1227100 2032.9
1227110 2032.9
1227120 2036.5
1227130 2040.4
1227140 2040.4
1227150 2045.2
1227160 2050.7
1227170 2050.7
1227180 2056.8
1227190 2064.0
1227200 2064.0
1227210 2072.6
1227220 2081.9
1227230 2081.9
1227240 2088.7
1227250 2093.6
1227260 2093.6
1227270 2098.5
1227280 2104.8
1227290 2096.2
1227300 2105.2
1227310 2111.3
1227320 2111.3
1227330 2116.4
1227340 2122.7
1227350 2122.7
1227360 2125.4
1227370 2130.9
1227380 2137.9
1227390 2137.9
1227400 2141.3
1227410 2146.4
1227420 2146.4
1227430 2150.4
1227440 2151.8
1227450 2151.8
1227460 2152.0
1227470 2151.1
1227480 2151.1
1227490 2150.8
1227500 2152.0
1227510 2152.0
1227520 2157.8
1227530 2169.2
1227540 2169.2
1227550 2180.8
1227560 2183.8
1227570 2183.8
1227580 2182.5
1227590 2180.5
1227600 2180.5
1227610 2178.2
1227620 2175.9
1227630 2175.9
1227640 2173.9
1227650 2172.5
1227660 2172.2
1227670 2172.2
1227680 2173.2
1227690 2174.6
1227700 2174.6
1227710 2176.6
1227720 2178.7
1227730 2178.7
1227740 2180.2
1227750 2180.5
1227760 2180.5
1227770 2180.7
1227780 2180.8
1227790 2180.8
1227800 2181.0
1227810 2181.5
1227820 2181.5
1227830 2182.5
1227840 2181.7
1227850 2181.7
1227860 2178.2
1227870 2173.4
1227880 2173.4
1227890 2168.4
1227900 2162.7
1227910 2162.7
1227920 2156.8
1227930 2150.8
1227940 2150.8
1227950 2141.4
1227960 2133.7
1227970 2127.8
1227980 2127.8
1227990 2121.6
1228000 2111.2
1228010 2111.2
1228020 2096.0
1228030 2083.6
1228040 2083.6
1228050 2075.5
1228060 2071.2
1228070 2071.2
1228080 2068.0
1228090 2064.0
1228100 2064.0
1228110 2058.9
1228120 2053.3
1228130 2053.3
1228140 2048.3
1228150 2043.6
1228160 2043.6
1228170 2039.9
1228180 2035.8
1228190 2035.8
1228200 2031.4
1228210 2027.7
1228220 2027.7
1228230 2024.2
1228240 2020.8
1228250 2020.8
1228260 2017.6
1228270 2014.8
1228280 2015.3
1228290 2015.3
1228300 2010.4
1228310 2005.7
1228320 2005.7
1228330 2001.1
1228340 1997.2
1228350 1997.2
1228360 1994.0
1228370 1990.5
1228380 1990.5
1228390 1987.6
1228400 1985.1
1228410 1985.1
1228420 1982.2
1228430 1979.3
1228440 1979.3
1228450 1977.4
1228460 1977.3
1228470 1977.3
1228480 1977.0
1228490 1975.1
1228500 1975.1
1228510 1971.7
1228520 1967.3
1228530 1967.3
1228540 1962.5
1228550 1958.5
1228560 1954.5
1228570 1954.5
1228580 1950.1
1228590 1946.7
1228600 1946.7
1228610 1943.4
1228620 1939.4
1228630 1939.4
1228640 1935.9
1228650 1933.6
1228660 1933.6
1228670 1931.6
1228680 1930.4
1228690 1930.4
1228700 1929.2
1228710 1929.6
1228720 1929.6
1228730 1928.9
1228740 1928.0
1228750 1928.0
1228760 1927.1
1228770 1926.0
1228780 1920.5
1228790 1918.7
1228800 1916.0
1228810 1916.0
1228820 1911.2
1228830 1904.5
1228840 1904.5
1228850 1896.5
1228860 1888.6
1228870 1881.0
1228880 1881.0
1228890 1871.5
1228900 1861.1
1228910 1861.1
1228920 1858.4
1228930 1864.1
1228940 1864.1
1228950 1873.2
1228960 1878.5
1228970 1878.5
1228980 1882.5
1228990 1883.9
1229000 1883.9
1229010 1884.8
1229020 1886.5
1229030 1886.5
1229040 1890.3
1229050 1895.3
1229060 1895.3
1229070 1900.1
1229080 1904.2
1229090 1904.2
1229100 1907.8
1229110 1911.1
1229120 1911.1
1229130 1914.4
1229140 1916.3
1229150 1916.3
1229160 1917.4
1229170 1917.8
1229180 1920.3
1229190 1920.3
1229200 1924.7
1229210 1927.3
1229220 1927.3
1229230 1926.5
1229240 1926.6
1229250 1926.6
1229260 1926.9
1229270 1930.6
1229280 1933.4
1229290 1940.6
1229300 1945.2
1229310 1945.2
1229320 1948.8
1229330 1954.0
1229340 1954.0
1229350 1960.8
1229360 1965.9
1229370 1965.9
1229380 1970.0
1229390 1974.7
1229400 1974.7
1229410 1977.2
1229420 1979.1
1229430 1979.1
1229440 1984.1
1229450 1990.2
1229460 1996.2
1229470 1996.2
1229480 2002.8
1229490 2009.8
1229500 2009.8
1229510 2018.6
1229520 2026.2
1229530 2026.2
1229540 2032.7
1229550 2038.2
1229560 2038.2
1229570 2043.0
1229580 2047.8
1229590 2047.8
1229600 2052.9
1229610 2057.3
1229620 2057.3
1229630 2061.1
1229640 2064.6
1229650 2064.6
1229660 2067.5
1229670 2071.2
1229680 2071.2
1229690 2074.4
1229700 2076.5
1229710 2076.5
1229720 2078.2
1229730 2080.4
1229740 2080.4
1229750 2082.2
1229760 2082.9
1229770 2082.0
1229780 2083.1
1229790 2080.5
1229800 2075.7
1229810 2075.7
1229820 2071.1
1229830 2066.0
1229840 2066.0
1229850 2060.4
1229860 2053.9
1229870 2053.9
1229880 2047.6
1229890 2042.8
1229900 2042.8
1229910 2038.6
1229920 2035.6
1229930 2035.6
1229940 2033.3
1229950 2029.7
1229960 2029.7
1229970 2025.7
1229980 2021.2
1229990 2021.2
1230000 2016.3
1230010 2011.8
1230020 2011.8
1230030 2007.0
1230040 2003.0
1230050 2003.0
1230060 2000.8
1230070 1998.1
1230080 1993.9
1230090 1993.9
1230100 1989.6
1230110 1984.6
1230120 1984.6
1230130 1980.7
1230140 1982.1
1230150 1982.1
1230160 1986.2
1230170 1985.1
1230180 1985.1
1230190 1979.3
1230200 1972.7
1230210 1972.7
1230220 1966.2
1230230 1964.2
1230240 1964.2
1230250 1962.8
1230260 1965.0
1230270 1965.0
1230280 1960.3
1230290 1959.7
1230300 1959.7
1230310 1959.4
1230320 1960.5
1230330 1960.5
1230340 1964.3
1230350 1968.5
1230360 1973.7
1230370 1973.7
1230380 1978.8
1230390 1983.0
1230400 1983.0
1230410 1987.0
1230420 1991.7
1230430 1991.7
1230440 1996.1
1230450 2001.3
1230460 2001.3
1230470 2006.6
1230480 2010.5
1230490 2010.5
1230500 2015.4
1230510 2021.6
1230520 2021.6
1230530 2029.4
1230540 2034.7
1230550 2034.7
1230560 2038.4
1230570 2042.2
1230580 2042.2
1230590 2045.7
1230600 2048.9
1230610 2048.9
1230620 2052.4
1230630 2055.3
1230640 2055.3
1230650 2057.8
1230660 2060.4
1230670 2064.3
1230680 2064.3
1230690 2068.3
1230700 2072.2
1230710 2072.2
1230720 2076.7
1230730 2082.2
1230740 2082.2
1230750 2087.3
1230760 2091.6
1230770 2091.6
1230780 2092.9
1230790 2095.5
1230800 2095.5
1230810 2097.9
1230820 2101.7
1230830 2101.7
1230840 2104.2
1230850 2105.0
1230860 2105.0
1230870 2101.2
1230880 2092.9
1230890 2092.9
1230900 2085.1
1230910 2078.4
1230920 2078.4
1230930 2073.0
1230940 2067.2
1230950 2067.2
1230960 2061.6
1230970 2056.7
1230980 2052.5
1230990 2052.5
1231000 2047.9
1231010 2042.4
1231020 2042.4
1231030 2037.5
1231040 2031.8
1231050 2031.8
1231060 2026.5
1231070 2022.6
1231080 2022.6
1231090 2019.7
1231100 2016.7
1231110 2016.7
1231120 2013.2
1231130 2009.2
1231140 2009.2
1231150 2004.7
1231160 2000.1
1231170 2000.1
1231180 1996.2
1231190 1992.4
1231200 1992.4
1231210 1987.1
1231220 1982.3
1231230 1982.3
1231240 1978.5
1231250 1975.6
1231260 1975.6
1231270 1972.1
1231280 1968.3
1231290 1962.1
1231300 1962.1
1231310 1959.1
1231320 1958.8
1231330 1958.8
1231340 1959.6
1231350 1957.8
1231360 1957.8
1231370 1954.5
1231380 1948.3
1231390 1948.3
1231400 1942.7
1231410 1936.8
1231420 1936.8
1231430 1930.1
1231440 1924.7
1231450 1924.7
1231460 1920.2
1231470 1916.7
1231480 1916.7
1231490 1913.5
1231500 1911.1
1231510 1911.1
1231520 1908.8
1231530 1906.1
1231540 1906.1
1231550 1903.7
1231560 1901.2
1231570 1898.7
1231580 1898.7
1231590 1896.5
1231600 1894.4
1231610 1894.4
1231620 1892.9
1231630 1891.4
1231640 1891.4
1231650 1889.6
1231660 1887.4
1231670 1887.4
1231680 1885.2
1231690 1882.6
1231700 1882.6
1231710 1879.9
1231720 1877.8
1231730 1877.8
1231740 1875.7
1231750 1874.1
1231760 1874.1
1231770 1871.7
1231780 1869.1
1231790 1868.7
1231800 1866.4
1231810 1863.9
1231820 1863.9
1231830 1861.4
1231840 1857.9
1231850 1857.9
1231860 1855.7
1231870 1855.0
1231880 1855.3
1231890 1855.3
1231900 1855.4
1231910 1854.1
1231920 1854.1
1231930 1852.2
1231940 1851.7
1231950 1851.7
1231960 1851.8
1231970 1852.5
1231980 1852.5
1231990 1853.5
1232000 1857.6
1232010 1857.6
1232020 1860.4
1232030 1862.0
1232040 1862.0
1232050 1861.7
1232060 1862.0
1232070 1862.0
1232080 1864.3
1232090 1866.6
1232100 1866.6
1232110 1868.4
1232120 1870.8
1232130 1870.8
1232140 1873.0
1232150 1875.4
1232160 1875.4
1232170 1877.3
1232180 1878.7
1232190 1880.0
1232200 1880.0
1232210 1880.7
1232220 1880.1
1232230 1880.1
1232240 1879.9
1232250 1879.4
1232260 1879.4
1232270 1879.4
1232280 1880.0
1232290 1880.0
1232300 1876.8
1232310 1877.0
1232320 1877.0
1232330 1878.0
1232340 1878.1
1232350 1878.1
1232360 1877.4
1232370 1876.2
1232380 1876.2
1232390 1875.3
1232400 1875.7
1232410 1875.7
1232420 1879.3
1232430 1884.9
1232440 1884.9
1232450 1889.2
1232460 1892.3
1232470 1895.6
1232480 1895.6
1232490 1899.3
1232500 1902.9
1232510 1902.9
1232520 1905.9
1232530 1909.3
1232540 1909.3
1232550 1913.6
1232560 1917.1
1232570 1917.1
1232580 1921.1
1232590 1926.1
1232600 1926.1
1232610 1931.0
1232620 1936.2
1232630 1936.2
1232640 1941.1
1232650 1946.2
1232660 1946.2
1232670 1951.0
1232680 1955.8
1232690 1955.8
1232700 1961.0
1232710 1965.9
1232720 1965.9
1232730 1970.9
1232740 1976.5
1232750 1976.5
1232760 1982.3
1232770 1988.3
1232780 1993.9
1232790 1993.9
1232800 1995.2
1232810 1999.5
1232820 1999.5
1232830 2004.8
1232840 2011.7
1232850 2011.7
1232860 2019.2
1232870 2024.9
1232880 2024.9
1232890 2030.4
1232900 2036.1
1232910 2036.1
1232920 2042.1
1232930 2047.8
1232940 2047.8
1232950 2053.3
1232960 2059.5
1232970 2059.5
1232980 2065.6
1232990 2070.2
1233000 2070.2
1233010 2074.6
1233020 2078.7
1233030 2078.7
1233040 2082.1
1233050 2084.9
1233060 2084.9
1233070 2086.9
1233080 2088.2
1233090 2088.5
1233100 2088.5
1233110 2087.7
1233120 2086.0
1233130 2086.0
1233140 2083.6
1233150 2081.0
1233160 2081.0
1233170 2078.2
1233180 2074.5
1233190 2074.5
1233200 2070.5
1233210 2066.5
1233220 2066.5
1233230 2062.5
1233240 2058.4
1233250 2058.4
1233260 2054.0
1233270 2049.4
1233280 2049.4
1233290 2044.9
1233300 2040.4
1233310 2040.9
1233320 2036.5
1233330 2031.3
1233340 2031.3
1233350 2026.4
1233360 2022.3
1233370 2018.5
1233380 2018.5
1233390 2014.5
1233400 2009.8
1233410 2009.8
1233420 2004.4
1233430 1999.5
1233440 1999.5
1233450 1994.8
1233460 1990.2
1233470 1990.2
1233480 1985.4
1233490 1980.8
1233500 1980.8
1233510 1976.4
1233520 1970.1
1233530 1970.1
1233540 1965.1
1233550 1964.1
1233560 1964.1
1233570 1961.9
1233580 1956.9
1233590 1956.9
1233600 1951.4
1233610 1944.6
1233620 1944.6
1233630 1940.5
1233640 1936.3
1233650 1936.3
1233660 1931.4
1233670 1926.6
1233680 1922.8
1233690 1922.8
1233700 1920.3
1233710 1915.4
1233720 1915.4
1233730 1908.9
1233740 1901.8
1233750 1901.8
1233760 1894.5
1233770 1887.8
1233780 1887.8
1233790 1881.1
1233800 1875.1
1233810 1875.1
1233820 1865.8
1233830 1860.7
1233840 1860.7
1233850 1856.2
1233860 1851.9
1233870 1851.9
1233880 1847.9
1233890 1844.8
1233900 1844.8
1233910 1842.3
1233920 1840.6
1233930 1840.6
1233940 1838.7
1233950 1837.9
1233960 1837.9
1233970 1838.3
1233980 1839.0
1233990 1840.1
1234000 1840.1
1234010 1843.4
1234020 1847.6
1234030 1847.6
1234040 1851.4
1234050 1855.0
1234060 1855.0
1234070 1860.1
1234080 1864.8
1234090 1864.8
1234100 1868.9
1234110 1871.3
1234120 1871.3
1234130 1870.1
1234140 1864.7
1234150 1864.7
1234160 1859.6
1234170 1855.8
1234180 1855.8
1234190 1851.1
1234200 1844.7
1234210 1844.7
1234220 1837.5
1234230 1831.6
1234240 1831.6
1234250 1825.8
1234260 1818.6
1234270 1810.9
1234280 1810.9
1234290 1806.8
1234300 1810.3
1234310 1810.3
1234320 1814.9
1234330 1815.8
1234340 1815.8
1234350 1821.6
1234360 1825.9
1234370 1825.9
1234380 1830.3
1234390 1834.4
1234400 1834.4
1234410 1838.8
1234420 1843.2
1234430 1843.2
1234440 1847.8
1234450 1851.6
1234460 1851.6
1234470 1854.1
1234480 1857.6
1234490 1857.6
1234500 1861.0
1234510 1864.7
1234520 1864.7
1234530 1866.2
1234540 1869.0
1234550 1869.0
1234560 1873.0
1234570 1877.1
1234580 1880.9
1234590 1880.9
1234600 1885.2
1234610 1890.1
1234620 1890.1
1234630 1894.5
1234640 1897.7
1234650 1897.7
1234660 1899.2
1234670 1899.2
1234680 1899.2
1234690 1897.3
1234700 1894.0
1234710 1894.0
1234720 1888.8
1234730 1883.4
1234740 1883.4
1234750 1878.0
1234760 1871.4
1234770 1871.4
1234780 1865.4
1234790 1861.1
1234800 1861.1
1234810 1857.2
1234820 1853.3
1234830 1853.3
1234840 1844.2
1234850 1841.3
1234860 1841.3
1234870 1837.7
1234880 1833.9
1234890 1829.5
1234900 1829.5
1234910 1822.6
1234920 1818.6
1234930 1818.6
1234940 1826.9
1234950 1835.9
1234960 1835.9
1234970 1840.8
1234980 1844.2
1234990 1844.2
1235000 1845.6
1235010 1841.5
1235020 1841.5
1235030 1837.3
1235040 1836.0
1235050 1836.0
1235060 1837.1
1235070 1837.7
1235080 1837.7
1235090 1835.9
1235100 1835.5
1235110 1835.5
1235120 1835.9
1235130 1833.5
1235140 1833.5
1235150 1829.5
1235160 1828.9
1235170 1834.9
1235180 1834.9
1235190 1841.8
1235200 1849.1
1235210 1849.1
1235220 1853.8
1235230 1858.6
1235240 1858.6
1235250 1863.6
1235260 1868.5
1235270 1868.5
1235280 1874.0
1235290 1879.7
1235300 1879.7
1235310 1884.6
1235320 1889.3
1235330 1889.3
1235340 1893.2
1235350 1902.8
1235360 1902.8
1235370 1906.6
1235380 1909.6
1235390 1909.6
1235400 1913.2
1235410 1917.0
1235420 1917.0
1235430 1919.5
1235440 1922.2
1235450 1922.2
1235460 1927.1
1235470 1932.0
1235480 1936.2
1235490 1936.2
1235500 1940.2
1235510 1944.8
1235520 1944.8
1235530 1949.1
1235540 1952.5
1235550 1952.5
1235560 1957.6
1235570 1962.4
1235580 1962.4
1235590 1966.9
1235600 1971.5
1235610 1971.5
1235620 1976.5
1235630 1980.9
1235640 1980.9
1235650 1985.4
1235660 1989.8
1235670 1989.8
1235680 1994.0
1235690 1998.1
1235700 1998.1
1235710 2002.4
1235720 2006.5
1235730 2006.5
1235740 2009.8
1235750 2012.9
1235760 2012.9
1235770 2016.3
1235780 2020.0
1235790 2023.6
1235800 2023.6
1235810 2027.6
1235820 2031.9
1235830 2031.9
1235840 2035.5
1235850 2038.9
1235860 2041.6
1235870 2044.9
1235880 2048.2
1235890 2048.2
1235900 2051.1
1235910 2053.5
1235920 2053.5
1235930 2054.1
1235940 2047.9
1235950 2047.9
1235960 2038.5
1235970 2030.6
1235980 2030.6
1235990 2023.1
1236000 2015.6
1236010 2015.6
1236020 2008.5
1236030 2001.7
1236040 2001.7
1236050 1995.1
1236060 1988.3
1236070 1988.3
1236080 1982.0
1236090 1975.4
1236100 1968.1
1236110 1968.1
1236120 1960.9
1236130 1954.3
1236140 1954.3
1236150 1948.0
1236160 1942.3
1236170 1942.3
1236180 1936.8
1236190 1931.8
1236200 1931.8
1236210 1926.7
1236220 1921.6
1236230 1921.6
1236240 1917.0
1236250 1914.3
1236260 1914.3
1236270 1912.7
1236280 1911.7
1236290 1911.7
1236300 1909.8
1236310 1906.4
1236320 1906.4
1236330 1902.0
1236340 1897.1
1236350 1897.1
1236360 1892.7
1236370 1888.9
1236380 1884.3
1236390 1884.3
1236400 1878.4
1236410 1872.8
1236420 1872.8
1236430 1869.3
1236440 1866.4
1236450 1866.4
1236460 1864.5
1236470 1865.4
1236480 1865.4
1236490 1866.3
1236500 1862.5
1236510 1862.5
1236520 1858.0
1236530 1851.3
1236540 1851.3
1236550 1846.8
1236560 1842.9
1236570 1842.9
1236580 1839.2
1236590 1840.8
1236600 1840.8
1236610 1846.7
1236620 1853.1
1236630 1853.1
1236640 1860.4
1236650 1866.2
1236660 1866.2
1236670 1868.1
1236680 1868.8
1236690 1871.6
1236700 1871.6
1236710 1875.0
1236720 1878.8
1236730 1878.8
1236740 1882.9
1236750 1887.1
1236760 1887.1
1236770 1891.5
1236780 1896.2
1236790 1896.2
1236800 1901.5
1236810 1907.0
1236820 1907.0
1236830 1912.6
1236840 1920.1
1236850 1920.1
1236860 1928.3
1236870 1936.4
1236880 1936.4
1236890 1943.6
1236900 1951.3
1236910 1951.3
1236920 1958.8
1236930 1966.1
1236940 1966.1
1236950 1973.2
1236960 1978.6
1236970 1978.6
1236980 1983.5
1236990 1989.1
1237000 1995.9
1237010 1995.9
1237020 2003.5
1237030 2010.0
1237040 2010.0
1237050 2017.0
1237060 2024.3
1237070 2024.3
1237080 2031.0
1237090 2037.4
1237100 2037.4
1237110 2044.3
1237120 2051.8
1237130 2051.8
1237140 2059.5
1237150 2066.0
1237160 2066.0
1237170 2071.6
1237180 2077.2
1237190 2077.2
1237200 2082.9
1237210 2087.5
1237220 2087.5
1237230 2091.3
1237240 2093.3
1237250 2093.3
1237260 2093.4
1237270 2094.3
1237280 2097.3
1237290 2097.3
1237300 2100.2
1237310 2103.9
1237320 2103.9
1237330 2107.3
1237340 2110.3
1237350 2110.3
1237360 2113.4
1237370 2115.8
1237380 2115.8
1237390 2116.2
1237400 2118.6
1237410 2118.6
1237420 2117.8
1237430 2115.7
1237440 2115.7
1237450 2111.1
1237460 2107.3
1237470 2107.3
1237480 2105.6
1237490 2105.1
1237500 2105.1
1237510 2104.0
1237520 2101.5
1237530 2101.5
1237540 2097.9
1237550 2095.0
1237560 2095.0
1237570 2092.9
1237580 2088.4
1237590 2081.7
1237600 2081.7
1237610 2078.3
1237620 2075.2
1237630 2075.2
1237640 2071.5
1237650 2068.4
1237660 2068.4
1237670 2065.8
1237680 2065.6
1237690 2065.6
1237700 2067.5
1237710 2069.3
1237720 2069.3
1237730 2068.7
1237740 2062.9
1237750 2062.9
1237760 2056.6
1237770 2052.4
1237780 2052.4
1237790 2048.9
1237800 2044.0
1237810 2044.0
1237820 2040.6
1237830 2036.5
1237840 2036.5
1237850 2031.2
1237860 2027.4
1237870 2027.4
1237880 2020.9
1237890 2017.7
1237900 2016.7
1237910 2016.7
1237920 2024.9
1237930 2021.9
1237940 2021.9
1237950 2018.1
1237960 2017.9
1237970 2017.9
1237980 2019.2
1237990 2022.1
1238000 2022.1
1238010 2025.3
1238020 2028.7
1238030 2028.7
1238040 2032.2
1238050 2036.0
1238060 2036.0
1238070 2040.9
1238080 2048.0
1238090 2048.0
1238100 2057.1
1238110 2065.8
1238120 2065.8
1238130 2072.8
1238140 2076.6
1238150 2076.6
1238160 2078.6
1238170 2081.1
1238180 2081.7
1238190 2081.7
1238200 2083.9
1238210 2088.0
1238220 2088.0
1238230 2088.2
1238240 2090.0
1238250 2090.0
1238260 2096.7
1238270 2100.4
1238280 2100.4
1238290 2101.1
1238300 2103.9
1238310 2103.9
1238320 2105.8
1238330 2106.4
1238340 2106.4
1238350 2108.0
1238360 2110.3
1238370 2110.3
1238380 2111.7
1238390 2111.0
1238400 2111.0
1238410 2106.3
1238420 2100.4
1238430 2100.4
1238440 2099.2
1238450 2094.3
1238460 2094.3
1238470 2088.9
1238480 2084.9
1238490 2083.6
1238500 2083.6
1238510 2082.1
1238520 2082.1
1238530 2082.1
1238540 2087.4
1238550 2094.9
1238560 2094.9
1238570 2095.6
1238580 2098.0
1238590 2098.0
1238600 2105.4
1238610 2105.2
1238620 2105.2
1238630 2108.5
1238640 2114.3
1238650 2114.3
1238660 2122.1
1238670 2128.6
1238680 2128.6
1238690 2125.3
1238700 2123.0
1238710 2123.0
1238720 2125.9
1238730 2128.7
1238740 2128.7
1238750 2133.5
1238760 2138.6
1238770 2138.6
1238780 2148.3
1238790 2161.1
1238800 2169.9
1238810 2169.9
1238820 2176.1
1238830 2182.4
1238840 2182.4
1238850 2196.6
1238860 2216.7
1238870 2216.7
1238880 2234.5
1238890 2249.3
1238900 2249.3
1238910 2259.5
1238920 2265.0
1238930 2265.0
1238940 2268.3
1238950 2272.1
1238960 2265.6
1238970 2270.6
1238980 2277.0
1238990 2277.0
1239000 2279.1
1239010 2282.6
1239020 2282.6
1239030 2288.9
1239040 2295.9
1239050 2295.9
1239060 2310.0
1239070 2322.4
1239080 2330.1
1239090 2330.1
1239100 2330.7
1239110 2327.7
1239120 2327.7
1239130 2325.0
1239140 2316.3
1239150 2316.3
1239160 2309.1
1239170 2306.4
1239180 2306.4
1239190 2302.5
1239200 2299.0
1239210 2299.0
1239220 2295.5
1239230 2290.5
1239240 2290.5
1239250 2285.4
1239260 2282.1
1239270 2282.1
1239280 2279.0
1239290 2275.4
1239300 2275.4
1239310 2272.0
1239320 2269.4
1239330 2269.4
1239340 2268.5
1239350 2269.9
1239360 2269.9
1239370 2272.0
1239380 2275.4
1239390 2278.5
1239400 2278.5
1239410 2282.6
1239420 2287.9
1239430 2287.9
1239440 2293.9
1239450 2300.0
1239460 2300.0
1239470 2306.0
1239480 2311.0
1239490 2311.0
1239500 2319.9
1239510 2329.1
1239520 2329.1
1239530 2336.8
1239540 2335.5
1239550 2335.5
1239560 2332.9
1239570 2331.3
1239580 2331.3
1239590 2330.0
1239600 2324.3
1239610 2324.3
1239620 2316.0
1239630 2308.4
1239640 2308.4
1239650 2301.6
1239660 2294.3
1239670 2294.3
1239680 2288.0
1239690 2282.4
1239700 2276.6
1239710 2276.6
1239720 2271.2
1239730 2268.0
1239740 2268.0
1239750 2266.1
1239760 2262.1
1239770 2262.1
1239780 2259.2
1239790 2261.1
1239800 2261.1
1239810 2264.5
1239820 2266.0
1239830 2266.0
1239840 2266.8
1239850 2267.4
1239860 2267.4
1239870 2265.1
1239880 2262.3
1239890 2262.3
1239900 2262.7
1239910 2265.4
1239920 2265.4
1239930 2262.5
1239940 2253.2
1239950 2253.2
1239960 2243.8
1239970 2234.9
1239980 2227.5
1239990 2227.5
