1220000 1363.5
1220010 1364.8
1220020 1364.8
1220030 1366.0
1220040 1367.2
1220050 1367.2
1220060 1368.1
1220070 1369.0
1220080 1369.0
1220090 1370.9
1220100 1373.2
1220110 1373.2
1220120 1375.8
1220130 1379.0
1220140 1379.0
1220150 1382.1
1220160 1385.1
1220170 1388.5
1220180 1388.5
1220190 1392.0
1220200 1395.6
1220210 1395.6
1220220 1399.4
1220230 1403.4
1220240 1403.4
1220250 1406.8
1220260 1410.2
1220270 1410.2
1220280 1413.7
1220290 1417.1
1220300 1417.1
1220310 1420.3
1220320 1423.5
1220330 1423.5
1220340 1426.2
1220350 1428.3
1220360 1428.8
1220370 1430.8
1220380 1432.7
1220390 1432.7
1220400 1434.5
1220410 1436.4
1220420 1436.4
1220430 1438.3
1220440 1439.7
1220450 1439.7
1220460 1440.1
1220470 1440.8
1220480 1441.4
1220490 1441.4
1220500 1441.5
1220510 1441.5
1220520 1441.5
1220530 1442.2
1220540 1443.0
1220550 1443.0
1220560 1444.6
1220570 1445.7
1220580 1445.7
1220590 1447.5
1220600 1450.2
1220610 1450.2
1220620 1452.4
1220630 1454.5
1220640 1454.5
1220650 1456.3
1220660 1457.7
1220670 1457.7
1220680 1459.0
1220690 1460.5
1220700 1460.5
1220710 1462.0
1220720 1463.6
1220730 1463.6
1220740 1465.4
1220750 1467.5
1220760 1467.5
1220770 1469.7
1220780 1471.7
1220790 1473.5
1220800 1473.5
1220810 1475.5
1220820 1477.7
1220830 1477.7
1220840 1478.7
1220850 1480.8
1220860 1480.8
1220870 1482.8
1220880 1486.0
1220890 1486.0
1220900 1488.6
1220910 1489.5
1220920 1489.5
1220930 1490.0
1220940 1491.3
1220950 1491.3
1220960 1492.5
1220970 1493.6
1220980 1493.6
1220990 1494.6
1221000 1495.3
1221010 1495.3
1221020 1495.9
1221030 1497.1
1221040 1497.1
1221050 1498.4
1221060 1498.5
1221070 1499.0
1221080 1499.0
1221090 1500.1
1221100 1501.5
1221110 1501.5
1221120 1502.2
1221130 1502.9
1221140 1502.9
1221150 1504.3
1221160 1505.8
1221170 1505.8
1221180 1507.3
1221190 1508.9
1221200 1508.9
1221210 1510.4
1221220 1512.0
1221230 1512.0
1221240 1513.5
1221250 1515.1
1221260 1515.1
1221270 1516.9
1221280 1518.7
1221290 1518.7
1221300 1520.7
1221310 1522.5
1221320 1522.5
1221330 1523.4
1221340 1525.2
1221350 1525.2
1221360 1527.0
1221370 1528.8
1221380 1530.5
1221390 1530.5
1221400 1531.9
1221410 1533.3
1221420 1533.3
1221430 1534.9
1221440 1535.9
1221450 1535.9
1221460 1536.8
1221470 1538.0
1221480 1538.0
1221490 1539.1
1221500 1540.5
1221510 1540.5
1221520 1541.5
1221530 1542.8
1221540 1542.8
1221550 1543.9
1221560 1544.1
1221570 1544.1
1221580 1545.2
1221590 1547.1
1221600 1547.1
1221610 1548.0
1221620 1548.9
1221630 1548.9
1221640 1549.3
1221650 1550.1
1221660 1550.1
1221670 1551.1
1221680 1552.5
1221690 1554.3
1221700 1554.3
1221710 1556.6
1221720 1558.6
1221730 1558.6
1221740 1561.1
1221750 1563.6
1221760 1563.6
1221770 1565.8
1221780 1568.1
1221790 1568.1
1221800 1570.2
1221810 1572.0
1221820 1572.0
1221830 1574.5
1221840 1577.0
1221850 1577.0
1221860 1579.9
1221870 1583.1
1221880 1583.1
1221890 1586.6
1221900 1589.9
1221910 1589.9
1221920 1592.8
1221930 1596.1
1221940 1596.1
1221950 1599.0
1221960 1602.0
1221970 1605.2
1221980 1605.2
1221990 1608.4
1222000 1611.7
1222010 1611.7
1222020 1614.9
1222030 1618.2
1222040 1618.2
1222050 1621.5
1222060 1624.8
1222070 1624.8
1222080 1627.7
1222090 1629.9
1222100 1629.9
1222110 1632.1
1222120 1634.4
1222130 1634.4
1222140 1638.8
1222150 1642.7
1222160 1642.7
1222170 1647.0
1222180 1651.2
1222190 1651.2
1222200 1655.1
1222210 1659.4
1222220 1659.4
1222230 1663.8
1222240 1668.6
1222250 1668.6
1222260 1673.3
1222270 1678.3
1222280 1683.9
1222290 1683.9
1222300 1689.0
1222310 1696.2
1222320 1696.2
1222330 1703.4
1222340 1708.8
1222350 1708.8
1222360 1714.1
1222370 1720.4
1222380 1720.4
1222390 1727.6
1222400 1736.1
1222410 1736.1
1222420 1745.7
1222430 1753.6
1222440 1753.6
1222450 1761.1
1222460 1767.7
1222470 1767.7
1222480 1774.1
1222490 1782.0
1222500 1782.0
1222510 1790.5
1222520 1799.7
1222530 1799.7
1222540 1806.7
1222550 1813.2
1222560 1813.2
1222570 1820.1
1222580 1825.2
1222590 1829.5
1222600 1829.5
1222610 1831.7
1222620 1833.4
1222630 1833.4
1222640 1835.1
1222650 1836.7
1222660 1836.7
1222670 1838.7
1222680 1839.8
1222690 1839.8
1222700 1840.2
1222710 1840.5
1222720 1840.5
1222730 1841.8
1222740 1841.7
1222750 1841.7
1222760 1841.7
1222770 1841.7
1222780 1841.7
1222790 1836.6
1222800 1836.0
1222810 1836.0
1222820 1835.0
1222830 1833.0
1222840 1833.0
1222850 1830.6
1222860 1828.4
1222870 1825.4
1222880 1825.4
1222890 1825.2
1222900 1824.6
1222910 1824.6
1222920 1822.8
1222930 1822.5
1222940 1822.5
1222950 1822.0
1222960 1822.2
1222970 1822.2
1222980 1822.1
1222990 1821.8
1223000 1821.8
1223010 1821.2
1223020 1820.2
1223030 1820.2
1223040 1819.1
1223050 1817.6
1223060 1817.6
1223070 1816.0
1223080 1815.2
1223090 1815.2
1223100 1814.3
1223110 1813.4
1223120 1813.4
1223130 1812.1
1223140 1810.2
1223150 1810.2
1223160 1808.8
1223170 1808.3
1223180 1807.8
1223190 1807.8
1223200 1807.3
1223210 1806.0
1223220 1806.0
1223230 1804.9
1223240 1804.2
1223250 1804.2
1223260 1802.8
1223270 1797.3
1223280 1797.3
1223290 1797.0
1223300 1796.3
1223310 1796.3
1223320 1795.7
1223330 1795.1
1223340 1795.1
1223350 1794.7
1223360 1794.3
1223370 1794.3
1223380 1793.7
1223390 1793.0
1223400 1793.0
1223410 1791.4
1223420 1791.0
1223430 1791.0
1223440 1789.6
1223450 1787.5
1223460 1787.5
1223470 1785.2
1223480 1782.9
1223490 1780.1
1223500 1780.1
1223510 1779.4
1223520 1778.5
1223530 1778.5
1223540 1777.2
1223550 1775.2
1223560 1775.2
1223570 1773.3
1223580 1772.9
1223590 1772.9
1223600 1770.4
1223610 1768.4
1223620 1768.4
1223630 1767.6
1223640 1767.0
1223650 1767.0
1223660 1764.0
1223670 1762.7
1223680 1762.7
1223690 1768.5
1223700 1770.2
1223710 1770.2
1223720 1770.8
1223730 1770.2
1223740 1770.2
1223750 1770.8
1223760 1767.4
1223770 1767.4
1223780 1768.1
1223790 1768.4
1223800 1769.0
1223810 1769.0
1223820 1769.7
1223830 1770.6
1223840 1770.6
1223850 1771.3
1223860 1772.1
1223870 1772.1
1223880 1773.3
1223890 1774.5
1223900 1774.5
1223910 1775.3
1223920 1775.7
1223930 1775.7
1223940 1775.9
1223950 1775.3
1223960 1775.3
1223970 1775.1
1223980 1776.1
1223990 1776.1
1224000 1776.9
1224010 1777.7
1224020 1777.7
1224030 1777.9
1224040 1778.4
1224050 1778.4
1224060 1778.6
1224070 1778.8
1224080 1779.1
1224090 1779.1
1224100 1779.1
1224110 1779.5
1224120 1779.5
1224130 1780.4
1224140 1781.8
1224150 1781.8
1224160 1782.4
1224170 1781.7
1224180 1781.7
1224190 1781.4
1224200 1779.5
1224210 1779.5
1224220 1778.3
1224230 1778.1
1224240 1778.1
1224250 1773.9
1224260 1773.5
1224270 1773.5
1224280 1773.1
1224290 1772.9
1224300 1772.9
1224310 1773.4
1224320 1774.4
1224330 1774.4
1224340 1774.6
1224350 1772.6
1224360 1772.6
1224370 1772.4
1224380 1775.6
1224390 1776.1
1224400 1776.1
1224410 1774.8
1224420 1772.3
1224430 1772.3
1224440 1769.7
1224450 1767.7
1224460 1767.7
1224470 1766.0
1224480 1765.9
1224490 1765.9
1224500 1766.4
1224510 1767.1
1224520 1767.1
1224530 1768.0
1224540 1768.9
1224550 1768.9
1224560 1769.7
1224570 1770.6
1224580 1770.6
1224590 1771.4
1224600 1772.0
1224610 1772.0
1224620 1772.4
1224630 1772.8
1224640 1772.8
1224650 1773.2
1224660 1773.3
1224670 1773.3
1224680 1773.7
1224690 1773.7
1224700 1772.4
1224710 1772.4
1224720 1772.4
1224730 1772.4
1224740 1768.1
1224750 1767.6
1224760 1762.7
1224770 1762.7
1224780 1764.8
1224790 1764.9
1224800 1764.9
1224810 1764.6
1224820 1766.3
1224830 1766.3
1224840 1770.0
1224850 1773.3
1224860 1773.3
1224870 1775.7
1224880 1778.4
1224890 1778.4
1224900 1781.8
1224910 1785.6
1224920 1785.6
1224930 1790.1
1224940 1794.4
1224950 1794.4
1224960 1798.8
1224970 1803.9
1224980 1809.7
1224990 1809.7
1225000 1814.4
1225010 1818.9
1225020 1818.9
1225030 1823.3
1225040 1828.1
1225050 1828.1
1225060 1832.3
1225070 1834.7
1225080 1834.7
1225090 1835.8
1225100 1837.6
1225110 1837.6
1225120 1840.3
1225130 1842.8
1225140 1842.8
1225150 1847.7
1225160 1851.8
1225170 1851.8
1225180 1853.7
1225190 1856.1
1225200 1856.1
1225210 1856.8
1225220 1856.7
1225230 1848.9
1225240 1847.9
1225250 1845.6
1225260 1845.6
1225270 1836.2
1225280 1819.7
1225290 1808.0
1225300 1808.0
1225310 1801.9
1225320 1800.6
1225330 1800.6
1225340 1797.7
1225350 1794.7
1225360 1794.7
1225370 1790.9
1225380 1788.3
1225390 1788.3
1225400 1786.9
1225410 1784.9
1225420 1784.9
1225430 1782.3
1225440 1781.8
1225450 1781.8
1225460 1783.9
1225470 1789.0
1225480 1789.0
1225490 1794.9
1225500 1800.8
1225510 1800.8
1225520 1807.9
1225530 1813.8
1225540 1813.8
1225550 1818.3
1225560 1821.7
1225570 1821.7
1225580 1825.8
1225590 1831.3
1225600 1836.5
1225610 1836.5
1225620 1841.8
1225630 1846.4
1225640 1846.4
1225650 1850.4
1225660 1854.4
1225670 1854.4
1225680 1857.4
1225690 1862.4
1225700 1862.4
1225710 1868.9
1225720 1873.2
1225730 1892.5
1225740 1893.7
1225750 1898.6
1225760 1898.6
1225770 1911.4
1225780 1921.6
1225790 1921.6
1225800 1929.6
1225810 1932.9
1225820 1932.9
1225830 1932.7
1225840 1933.1
1225850 1933.1
1225860 1944.7
1225870 1953.8
1225880 1959.2
1225890 1959.2
1225900 1965.7
1225910 1972.7
1225920 1972.7
1225930 1978.4
1225940 1990.6
1225950 1990.6
1225960 1999.3
1225970 2006.9
1225980 2006.9
1225990 2016.6
1226000 2025.4
1226010 2025.4
1226020 2032.5
1226030 2037.7
1226040 2037.7
1226050 2040.2
1226060 2042.2
1226070 2042.2
1226080 2046.1
1226090 2056.6
1226100 2056.6
1226110 2068.7
1226120 2073.2
1226130 2073.2
1226140 2073.2
1226150 2072.2
1226160 2072.2
1226170 2072.7
1226180 2078.4
1226190 2086.1
1226200 2086.1
1226210 2088.5
1226220 2088.5
1226230 2088.5
1226240 2084.3
1226250 2073.5
1226260 2073.5
1226270 2068.2
1226280 2067.0
1226290 2067.0
1226300 2069.5
1226310 2074.0
1226320 2074.0
1226330 2079.2
1226340 2085.1
1226350 2085.1
1226360 2091.2
1226370 2097.8
1226380 2097.8
1226390 2104.6
1226400 2111.8
1226410 2111.8
1226420 2119.2
1226430 2126.7
1226440 2126.7
1226450 2134.1
1226460 2141.6
1226470 2141.6
1226480 2149.0
1226490 2156.3
1226500 2162.3
1226510 2162.3
1226520 2160.9
1226530 2152.8
1226540 2152.8
1226550 2144.6
1226560 2136.4
1226570 2136.4
1226580 2128.1
1226590 2120.7
1226600 2120.7
1226610 2114.3
1226620 2109.6
1226630 2109.6
1226640 2104.9
1226650 2096.2
1226660 2096.2
1226670 2086.2
1226680 2078.2
1226690 2078.2
1226700 2069.0
1226710 2057.7
1226720 2057.7
1226730 2049.1
1226740 2039.8
1226750 2039.8
1226760 2030.0
1226770 2019.6
1226780 2009.8
1226790 2009.8
1226800 2003.8
1226810 1999.1
1226820 1999.1
1226830 1994.5
1226840 1990.1
1226850 1990.1
1226860 1985.5
1226870 1981.6
1226880 1981.6
1226890 1978.0
1226900 1974.2
1226910 1974.2
1226920 1970.7
1226930 1967.3
1226940 1967.3
1226950 1964.5
1226960 1962.9
1226970 1962.9
1226980 1961.7
1226990 1960.8
1227000 1960.8
1227010 1960.4
1227020 1961.0
1227030 1961.0
1227040 1964.1
1227050 1969.0
1227060 1969.0
1227070 1973.5
1227080 1977.6
1227090 1983.2
1227100 1983.2
1227110 1992.7
1227120 2003.8
1227130 2003.8
1227140 2011.8
1227150 2016.7
1227160 2016.7
1227170 2020.6
1227180 2023.0
1227190 2023.0
1227200 2023.6
1227210 2016.9
1227220 2016.9
1227230 2013.6
1227240 2010.2
1227250 2010.2
1227260 2007.3
1227270 2005.8
1227280 2005.8
1227290 2005.4
1227300 2005.5
1227310 2005.5
1227320 2008.7
1227330 2013.0
1227340 2013.0
1227350 2016.5
1227360 2019.4
1227370 2019.4
1227380 2021.6
1227390 2023.1
1227400 2024.8
1227410 2024.8
1227420 2028.7
1227430 2035.8
1227440 2035.8
1227450 2044.7
1227460 2049.4
1227470 2049.4
1227480 2051.3
1227490 2053.9
1227500 2053.9
1227510 2058.0
1227520 2061.8
1227530 2061.8
1227540 2069.5
1227550 2077.5
1227560 2077.5
1227570 2084.4
1227580 2090.5
1227590 2090.5
1227600 2094.1
1227610 2098.0
1227620 2098.0
1227630 2102.7
1227640 2108.4
1227650 2108.4
1227660 2115.9
1227670 2123.5
1227680 2129.1
1227690 2129.1
1227700 2134.0
1227710 2141.9
1227720 2141.9
1227730 2149.3
1227740 2157.7
1227750 2157.7
1227760 2165.9
1227770 2172.7
1227780 2172.7
1227790 2177.2
1227800 2179.5
1227810 2179.5
1227820 2181.5
1227830 2182.4
1227840 2182.4
1227850 2181.4
1227860 2180.9
1227870 2180.9
1227880 2179.8
1227890 2174.7
1227900 2174.7
1227910 2168.2
1227920 2161.8
1227930 2161.8
1227940 2155.1
1227950 2148.4
1227960 2148.4
1227970 2142.4
1227980 2136.3
1227990 2130.5
1228000 2130.5
1228010 2126.2
1228020 2123.3
1228030 2123.3
1228040 2119.4
1228050 2114.2
1228060 2114.2
1228070 2108.8
1228080 2103.5
1228090 2103.5
1228100 2098.9
1228110 2094.3
1228120 2094.3
1228130 2089.1
1228140 2083.7
1228150 2083.7
1228160 2078.9
1228170 2074.8
1228180 2074.8
1228190 2070.6
1228200 2066.8
1228210 2066.8
1228220 2061.7
1228230 2057.1
1228240 2057.1
1228250 2053.5
1228260 2050.6
1228270 2050.6
1228280 2048.4
1228290 2046.7
1228300 2044.9
1228310 2044.9
1228320 2041.6
1228330 2038.0
1228340 2038.0
1228350 2034.0
1228360 2028.3
1228370 2028.3
1228380 2021.4
1228390 2015.0
1228400 2015.0
1228410 2010.0
1228420 2006.0
1228430 2006.0
1228440 2002.4
1228450 2001.3
1228460 2001.3
1228470 2002.3
1228480 2003.1
1228490 2003.1
1228500 2001.5
1228510 1998.8
1228520 1998.8
1228530 1998.0
1228540 1995.0
1228550 1995.0
1228560 1989.6
1228570 1983.1
1228580 1983.1
1228590 1976.6
1228600 1970.6
1228610 1965.1
1228620 1965.1
1228630 1962.2
1228640 1960.7
1228650 1960.7
1228660 1956.2
1228670 1952.9
1228680 1952.9
1228690 1950.8
1228700 1956.6
1228710 1956.6
1228720 1950.4
1228730 1943.8
1228740 1943.8
1228750 1937.7
1228760 1931.1
1228770 1931.1
1228780 1925.7
1228790 1915.5
1228800 1915.5
1228810 1906.4
1228820 1900.5
1228830 1900.5
1228840 1894.9
1228850 1889.5
1228860 1889.5
1228870 1884.4
1228880 1877.7
1228890 1869.8
1228900 1869.8
1228910 1861.1
1228920 1849.4
1228930 1849.4
1228940 1838.4
1228950 1831.4
1228960 1831.4
1228970 1827.5
1228980 1824.4
1228990 1824.4
1229000 1821.7
1229010 1819.2
1229020 1819.2
1229030 1819.1
1229040 1823.3
1229050 1823.3
1229060 1828.3
1229070 1835.1
1229080 1835.1
1229090 1842.7
1229100 1845.9
1229110 1845.9
1229120 1844.4
1229130 1845.5
1229140 1845.5
1229150 1851.3
1229160 1857.9
1229170 1857.9
1229180 1865.0
1229190 1872.0
1229200 1875.3
1229210 1875.3
1229220 1882.5
1229230 1889.5
1229240 1889.5
1229250 1896.9
1229260 1904.5
1229270 1904.5
1229280 1911.6
1229290 1918.9
1229300 1918.9
1229310 1925.6
1229320 1933.5
1229330 1933.5
1229340 1942.9
1229350 1955.1
1229360 1955.1
1229370 1964.2
1229380 1973.0
1229390 1973.0
1229400 1980.2
1229410 1985.8
1229420 1985.8
1229430 1993.6
1229440 2002.9
1229450 2002.9
1229460 2011.0
1229470 2018.6
1229480 2018.6
1229490 2026.3
1229500 2035.4
1229510 2043.7
1229520 2043.7
1229530 2049.8
1229540 2055.8
1229550 2055.8
1229560 2061.8
1229570 2067.7
1229580 2067.7
1229590 2070.9
1229600 2069.9
1229610 2069.9
1229620 2068.4
1229630 2067.6
1229640 2067.6
1229650 2065.7
1229660 2063.6
1229670 2063.6
1229680 2060.7
1229690 2055.8
1229700 2048.0
1229710 2041.1
1229720 2035.0
1229730 2035.0
1229740 2028.6
1229750 2024.0
1229760 2024.0
1229770 2020.9
1229780 2016.2
1229790 2011.2
1229800 2011.2
1229810 2007.3
1229820 2007.2
1229830 2007.2
1229840 2008.3
1229850 2007.7
1229860 2007.7
1229870 2006.0
1229880 2001.8
1229890 2001.8
1229900 1998.9
1229910 1997.1
1229920 1997.1
1229930 1994.6
1229940 1989.8
1229950 1989.8
1229960 1984.7
1229970 1978.9
1229980 1978.9
1229990 1973.8
1230000 1972.3
1230010 1972.3
1230020 1971.0
1230030 1968.0
1230040 1968.0
1230050 1964.9
1230060 1962.4
1230070 1962.4
1230080 1960.4
1230090 1957.0
1230100 1950.2
1230110 1950.2
1230120 1943.9
1230130 1940.0
1230140 1940.0
1230150 1937.3
1230160 1934.4
1230170 1934.4
1230180 1929.5
1230190 1922.3
1230200 1919.1
1230210 1911.0
1230220 1904.2
1230230 1904.2
1230240 1904.8
1230250 1903.0
1230260 1903.0
1230270 1899.7
1230280 1904.8
1230290 1904.8
1230300 1912.7
1230310 1921.0
1230320 1921.0
1230330 1928.4
1230340 1934.6
1230350 1934.6
1230360 1939.9
1230370 1944.3
1230380 1944.3
1230390 1950.2
1230400 1956.0
1230410 1963.1
1230420 1963.1
1230430 1969.9
1230440 1977.4
1230450 1977.4
1230460 1984.0
1230470 1990.4
1230480 1990.4
1230490 1996.7
1230500 2002.8
1230510 2002.8
1230520 2008.7
1230530 2013.9
1230540 2013.9
1230550 2019.7
1230560 2026.1
1230570 2026.1
1230580 2033.2
1230590 2040.0
1230600 2040.0
1230610 2047.2
1230620 2054.6
1230630 2054.6
1230640 2061.8
1230650 2068.5
1230660 2068.5
1230670 2074.6
1230680 2081.5
1230690 2086.4
1230700 2080.6
1230710 2086.5
1230720 2093.9
1230730 2093.9
1230740 2100.3
1230750 2105.3
1230760 2105.3
1230770 2110.2
1230780 2114.5
1230790 2114.5
1230800 2117.7
1230810 2120.3
1230820 2120.3
1230830 2121.7
1230840 2121.1
1230850 2121.1
1230860 2120.5
1230870 2120.4
1230880 2120.4
1230890 2121.8
1230900 2124.1
1230910 2124.1
1230920 2124.6
1230930 2118.3
1230940 2118.3
1230950 2111.5
1230960 2105.1
1230970 2105.1
1230980 2099.6
1230990 2094.0
1231000 2088.8
1231010 2088.8
1231020 2081.5
1231030 2072.5
1231040 2072.5
1231050 2067.0
1231060 2061.5
1231070 2061.5
1231080 2054.5
1231090 2047.8
1231100 2047.8
1231110 2042.6
1231120 2034.6
1231130 2034.6
1231140 2027.4
1231150 2022.3
1231160 2022.3
1231170 2020.5
1231180 2017.9
1231190 2017.9
1231200 2021.5
1231210 2017.5
1231220 2017.5
1231230 2013.5
1231240 2009.9
1231250 2009.9
1231260 2005.8
1231270 2004.7
1231280 2004.7
1231290 1999.9
1231300 1993.8
1231310 1987.9
1231320 1987.9
1231330 1982.7
1231340 1977.9
1231350 1977.9
1231360 1973.4
1231370 1968.8
1231380 1968.8
1231390 1964.3
1231400 1961.1
1231410 1961.1
1231420 1959.6
1231430 1959.7
1231440 1959.7
1231450 1959.0
1231460 1957.1
1231470 1957.1
1231480 1953.8
1231490 1950.3
1231500 1950.3
1231510 1948.9
1231520 1947.4
1231530 1947.4
1231540 1945.3
1231550 1940.0
1231560 1940.0
1231570 1934.9
1231580 1930.3
1231590 1926.1
1231600 1926.1
1231610 1922.6
1231620 1918.9
1231630 1918.9
1231640 1915.7
1231650 1912.4
1231660 1912.4
1231670 1909.3
1231680 1905.9
1231690 1905.9
1231700 1902.5
1231710 1900.8
1231720 1900.8
1231730 1896.7
1231740 1892.6
1231750 1892.6
1231760 1888.0
1231770 1883.1
1231780 1883.1
1231790 1877.6
1231800 1872.3
1231810 1872.3
1231820 1867.7
1231830 1862.8
1231840 1862.8
1231850 1857.9
1231860 1853.5
1231870 1853.5
1231880 1849.9
1231890 1845.6
1231900 1841.7
1231910 1841.7
1231920 1838.0
1231930 1833.7
1231940 1833.7
1231950 1830.1
1231960 1826.6
1231970 1826.6
1231980 1823.4
1231990 1817.2
1232000 1817.2
1232010 1810.4
1232020 1804.8
1232030 1804.8
1232040 1798.5
1232050 1796.4
1232060 1796.4
1232070 1799.8
1232080 1801.7
1232090 1801.7
1232100 1806.3
1232110 1813.5
1232120 1813.5
1232130 1818.0
1232140 1822.0
1232150 1822.0
1232160 1826.1
1232170 1831.1
1232180 1831.1
1232190 1835.0
1232200 1839.1
1232210 1832.8
1232220 1832.8
1232230 1836.0
1232240 1842.5
1232250 1842.5
1232260 1842.8
1232270 1838.0
1232280 1838.0
1232290 1833.6
1232300 1830.8
1232310 1830.8
1232320 1828.8
1232330 1831.6
1232340 1831.6
1232350 1838.7
1232360 1844.7
1232370 1844.7
1232380 1850.8
1232390 1856.0
1232400 1856.0
1232410 1860.4
1232420 1865.4
1232430 1865.4
1232440 1868.6
1232450 1873.1
1232460 1873.1
1232470 1877.1
1232480 1880.7
1232490 1885.0
1232500 1885.0
1232510 1889.4
1232520 1893.6
1232530 1893.6
1232540 1897.5
1232550 1900.8
1232560 1900.8
1232570 1904.8
1232580 1907.9
1232590 1907.9
1232600 1909.6
1232610 1911.9
1232620 1911.9
1232630 1914.7
1232640 1917.8
1232650 1917.8
1232660 1921.0
1232670 1924.2
1232680 1924.2
1232690 1927.5
1232700 1931.0
1232710 1931.0
1232720 1926.9
1232730 1927.7
1232740 1927.7
1232750 1929.3
1232760 1931.7
1232770 1931.7
1232780 1935.8
1232790 1941.2
1232800 1946.1
1232810 1946.1
1232820 1950.3
1232830 1955.4
1232840 1955.4
1232850 1961.5
1232860 1967.4
1232870 1967.4
1232880 1973.4
1232890 1979.5
1232900 1979.5
1232910 1986.7
1232920 1994.6
1232930 1994.6
1232940 2001.6
1232950 2006.2
1232960 2006.2
1232970 2010.3
1232980 2014.4
1232990 2014.4
1233000 2019.3
1233010 2024.3
1233020 2024.3
1233030 2029.4
1233040 2036.3
1233050 2036.3
1233060 2044.5
1233070 2052.4
1233080 2052.4
1233090 2059.5
1233100 2062.8
1233110 2063.0
1233120 2063.0
1233130 2063.0
1233140 2062.4
1233150 2062.4
1233160 2060.6
1233170 2058.1
1233180 2058.1
1233190 2055.7
1233200 2053.3
1233210 2053.3
1233220 2050.5
1233230 2050.3
1233240 2050.3
1233250 2047.9
1233260 2042.0
1233270 2042.0
1233280 2036.0
1233290 2034.4
1233300 2034.4
1233310 2032.5
1233320 2029.8
1233330 2029.8
1233340 2026.7
1233350 2021.6
1233360 2021.6
1233370 2016.3
1233380 2010.5
1233390 2006.3
1233400 2006.3
1233410 2002.7
1233420 1996.7
1233430 1996.7
1233440 1991.2
1233450 1988.4
1233460 1988.4
1233470 1987.1
1233480 1985.6
1233490 1985.6
1233500 1983.1
1233510 1978.8
1233520 1978.8
1233530 1974.4
1233540 1971.5
1233550 1971.5
1233560 1964.3
1233570 1958.2
1233580 1958.2
1233590 1961.1
1233600 1957.6
1233610 1957.6
1233620 1948.7
1233630 1939.2
1233640 1939.2
1233650 1932.5
1233660 1923.2
1233670 1923.2
1233680 1915.4
1233690 1909.5
1233700 1905.9
1233710 1905.9
1233720 1900.8
1233730 1896.6
1233740 1896.6
1233750 1886.1
1233760 1874.2
1233770 1874.2
1233780 1867.6
1233790 1854.0
1233800 1854.0
1233810 1842.1
1233820 1838.0
1233830 1838.0
1233840 1834.2
1233850 1828.9
1233860 1828.9
1233870 1823.8
1233880 1813.8
1233890 1813.8
1233900 1800.0
1233910 1791.9
1233920 1791.9
1233930 1787.4
1233940 1784.4
1233950 1784.4
1233960 1783.2
1233970 1785.4
1233980 1785.4
1233990 1788.6
1234000 1792.7
1234010 1797.0
1234020 1797.0
1234030 1801.2
1234040 1806.4
1234050 1806.4
1234060 1812.2
1234070 1818.4
1234080 1818.4
1234090 1824.5
1234100 1827.7
1234110 1827.7
1234120 1830.7
1234130 1832.3
1234140 1832.3
1234150 1832.7
1234160 1831.1
1234170 1831.1
1234180 1826.2
1234190 1818.5
1234200 1818.5
1234210 1809.2
1234220 1798.7
1234230 1798.7
1234240 1785.4
1234250 1776.5
1234260 1776.5
1234270 1768.7
1234280 1762.1
1234290 1755.1
1234300 1755.1
1234310 1747.8
1234320 1743.1
1234330 1743.1
1234340 1744.8
1234350 1751.0
1234360 1751.0
1234370 1756.6
1234380 1761.0
1234390 1761.0
1234400 1760.3
1234410 1760.7
1234420 1760.7
1234430 1766.8
1234440 1775.3
1234450 1775.3
1234460 1783.7
1234470 1792.8
1234480 1792.8
1234490 1800.0
1234500 1807.6
1234510 1807.6
1234520 1815.2
1234530 1823.0
1234540 1823.0
1234550 1830.3
1234560 1835.4
1234570 1835.4
1234580 1838.9
1234590 1839.4
1234600 1836.1
1234610 1836.1
1234620 1831.6
1234630 1827.5
1234640 1827.5
1234650 1822.9
1234660 1818.5
1234670 1818.5
1234680 1815.2
1234690 1812.1
1234700 1812.1
1234710 1809.7
1234720 1809.3
1234730 1809.3
1234740 1810.5
1234750 1802.4
1234760 1802.4
1234770 1799.0
1234780 1796.4
1234790 1796.4
1234800 1795.0
1234810 1793.7
1234820 1793.7
1234830 1791.1
1234840 1785.5
1234850 1785.5
1234860 1780.5
1234870 1775.0
1234880 1775.0
1234890 1768.7
1234900 1763.9
1234910 1758.2
1234920 1758.2
1234930 1754.7
1234940 1758.1
1234950 1758.1
1234960 1763.8
1234970 1770.8
1234980 1770.8
1234990 1778.4
1235000 1784.9
1235010 1784.9
1235020 1790.9
1235030 1797.2
1235040 1797.2
1235050 1803.1
1235060 1809.2
1235070 1809.2
1235080 1815.1
1235090 1820.9
1235100 1820.9
1235110 1826.8
1235120 1833.0
1235130 1833.0
1235140 1840.1
1235150 1846.8
1235160 1846.8
1235170 1852.9
1235180 1859.3
1235190 1866.6
1235200 1866.6
1235210 1873.6
1235220 1880.6
1235230 1880.6
1235240 1888.6
1235250 1896.6
1235260 1898.1
1235270 1906.7
1235280 1915.6
1235290 1915.6
1235300 1922.9
1235310 1931.2
1235320 1931.2
1235330 1939.1
1235340 1946.2
1235350 1946.2
1235360 1951.9
1235370 1955.5
1235380 1955.5
1235390 1959.1
1235400 1962.3
1235410 1962.3
1235420 1966.0
1235430 1967.3
1235440 1967.3
1235450 1968.7
1235460 1971.8
1235470 1971.8
1235480 1975.1
1235490 1979.1
1235500 1981.5
1235510 1981.5
1235520 1984.2
1235530 1987.7
1235540 1987.7
1235550 1991.5
1235560 1995.3
1235570 1995.3
1235580 1998.7
1235590 2001.8
1235600 2001.8
1235610 2003.9
1235620 2006.0
1235630 2006.0
1235640 2009.3
1235650 2014.5
1235660 2014.5
1235670 2020.0
1235680 2025.7
1235690 2025.7
1235700 2030.5
1235710 2035.1
1235720 2035.1
1235730 2039.2
1235740 2043.1
1235750 2043.1
1235760 2046.4
1235770 2049.8
1235780 2052.9
1235790 2056.6
1235800 2059.9
1235810 2062.2
1235820 2062.2
1235830 2064.1
1235840 2065.7
1235850 2065.7
1235860 2064.5
1235870 2057.5
1235880 2057.5
1235890 2048.6
1235900 2040.1
1235910 2040.1
1235920 2033.3
1235930 2027.1
1235940 2027.1
1235950 2021.6
1235960 2017.8
1235970 2017.8
1235980 2014.3
1235990 2009.0
1236000 2009.0
1236010 2002.4
1236020 1995.9
1236030 1995.9
1236040 1987.9
1236050 1980.9
1236060 1980.9
1236070 1975.2
1236080 1967.7
1236090 1963.0
1236100 1963.0
1236110 1958.7
1236120 1953.9
1236130 1953.9
1236140 1949.9
1236150 1945.1
1236160 1945.1
1236170 1939.1
1236180 1932.8
1236190 1932.8
1236200 1924.7
1236210 1916.2
1236220 1916.2
1236230 1907.2
1236240 1899.4
1236250 1899.4
1236260 1893.4
1236270 1889.3
1236280 1889.3
1236290 1885.2
1236300 1879.4
1236310 1879.4
1236320 1874.7
1236330 1870.1
1236340 1870.1
1236350 1864.8
1236360 1857.9
1236370 1857.9
1236380 1851.1
1236390 1850.4
1236400 1851.9
1236410 1851.9
1236420 1850.0
1236430 1847.7
1236440 1847.7
1236450 1844.8
1236460 1841.4
1236470 1841.4
1236480 1837.5
1236490 1834.0
1236500 1834.0
1236510 1829.6
1236520 1825.0
1236530 1825.0
1236540 1820.8
1236550 1817.2
1236560 1817.2
1236570 1813.3
1236580 1810.0
1236590 1810.0
1236600 1814.1
1236610 1821.3
1236620 1821.3
1236630 1827.4
1236640 1830.0
1236650 1830.0
1236660 1832.7
1236670 1836.9
1236680 1836.9
1236690 1841.5
1236700 1845.5
1236710 1849.7
1236720 1849.7
1236730 1854.6
1236740 1859.5
1236750 1859.5
1236760 1864.8
1236770 1874.4
1236780 1874.4
1236790 1885.5
1236800 1898.2
1236810 1898.2
1236820 1903.2
1236830 1906.4
1236840 1906.4
1236850 1910.9
1236860 1918.4
1236870 1918.4
1236880 1928.2
1236890 1937.1
1236900 1937.1
1236910 1944.8
1236920 1952.5
1236930 1952.5
1236940 1960.2
1236950 1966.7
1236960 1966.7
1236970 1972.2
1236980 1978.2
1236990 1982.4
1237000 1982.4
1237010 1985.8
1237020 1991.0
1237030 1991.0
1237040 1996.2
1237050 1999.6
1237060 1999.6
1237070 2006.1
1237080 2010.2
1237090 2010.2
1237100 2012.0
1237110 2011.7
1237120 2011.7
1237130 2009.9
1237140 2007.5
1237150 2007.5
1237160 2003.5
1237170 2004.9
1237180 2004.9
1237190 2009.7
1237200 2014.5
1237210 2014.5
1237220 2017.7
1237230 2023.3
1237240 2023.3
1237250 2029.0
1237260 2034.5
1237270 2034.5
1237280 2040.4
1237290 2047.1
1237300 2053.5
1237310 2053.5
1237320 2057.4
1237330 2063.6
1237340 2063.6
1237350 2068.7
1237360 2073.7
1237370 2073.7
1237380 2077.8
1237390 2080.8
1237400 2080.8
1237410 2083.0
1237420 2085.3
1237430 2085.3
1237440 2088.2
1237450 2091.3
1237460 2091.3
1237470 2095.0
1237480 2097.9
1237490 2097.9
1237500 2100.8
1237510 2102.9
1237520 2102.9
1237530 2104.9
1237540 2106.5
1237550 2106.5
1237560 2108.5
1237570 2109.9
1237580 2109.9
1237590 2111.1
1237600 2111.7
1237610 2111.1
1237620 2111.1
1237630 2110.0
1237640 2107.7
1237650 2107.7
1237660 2105.0
1237670 2102.8
1237680 2102.8
1237690 2101.0
1237700 2099.9
1237710 2099.9
1237720 2099.5
1237730 2100.1
1237740 2100.1
1237750 2102.0
1237760 2104.3
1237770 2104.3
1237780 2106.5
1237790 2108.7
1237800 2108.7
1237810 2110.8
1237820 2113.2
1237830 2113.2
1237840 2113.1
1237850 2117.6
1237860 2117.6
1237870 2122.4
1237880 2126.9
1237890 2129.9
1237900 2129.9
1237910 2128.1
1237920 2125.2
1237930 2125.2
1237940 2122.9
1237950 2122.3
1237960 2122.3
1237970 2117.3
1237980 2110.3
1237990 2110.3
1238000 2103.5
1238010 2100.8
1238020 2100.8
1238030 2099.6
1238040 2102.1
1238050 2102.1
1238060 2105.8
1238070 2103.7
1238080 2103.7
1238090 2105.5
1238100 2111.6
1238110 2111.6
1238120 2116.8
1238130 2121.5
1238140 2121.5
1238150 2126.8
1238160 2131.3
1238170 2131.3
1238180 2135.2
1238190 2145.1
1238200 2162.5
1238210 2162.5
1238220 2164.3
1238230 2161.5
1238240 2161.5
1238250 2164.3
1238260 2173.7
1238270 2173.7
1238280 2179.1
1238290 2185.3
1238300 2185.3
1238310 2192.2
1238320 2197.4
1238330 2197.4
1238340 2197.6
1238350 2216.7
1238360 2216.7
1238370 2215.8
1238380 2215.6
1238390 2215.6
1238400 2210.6
1238410 2210.2
1238420 2210.2
1238430 2219.1
1238440 2220.7
1238450 2220.7
1238460 2224.1
1238470 2233.1
1238480 2233.1
1238490 2238.2
1238500 2235.9
1238510 2233.4
1238520 2233.4
1238530 2228.6
1238540 2226.5
1238550 2226.5
1238560 2225.8
1238570 2226.8
1238580 2226.8
1238590 2230.0
1238600 2233.1
1238610 2233.1
1238620 2232.8
1238630 2229.9
1238640 2229.9
1238650 2228.3
1238660 2229.2
1238670 2229.2
1238680 2232.7
1238690 2235.0
1238700 2235.0
1238710 2229.5
1238720 2223.0
1238730 2223.0
1238740 2216.5
1238750 2209.8
1238760 2209.8
1238770 2202.9
1238780 2196.4
1238790 2190.3
1238800 2190.3
1238810 2185.3
1238820 2181.4
1238830 2181.4
1238840 2178.4
1238850 2175.9
1238860 2175.9
1238870 2168.2
1238880 2168.1
1238890 2168.1
1238900 2170.9
1238910 2174.2
1238920 2174.2
1238930 2177.4
1238940 2180.8
1238950 2180.8
1238960 2184.8
1238970 2189.2
1238980 2189.2
1238990 2194.0
1239000 2199.4
1239010 2199.4
1239020 2206.4
1239030 2214.6
1239040 2214.6
1239050 2219.9
1239060 2220.6
1239070 2220.6
1239080 2221.6
1239090 2220.3
1239100 2218.6
1239110 2218.6
1239120 2219.2
1239130 2218.5
1239140 2218.5
1239150 2220.7
1239160 2220.2
1239170 2220.2
1239180 2216.5
1239190 2214.9
1239200 2214.9
1239210 2214.9
1239220 2209.1
1239230 2209.1
1239240 2203.9
1239250 2202.0
1239260 2202.0
1239270 2199.5
1239280 2195.8
1239290 2195.8
1239300 2192.6
1239310 2190.6
1239320 2190.6
1239330 2189.2
1239340 2193.4
1239350 2193.4
1239360 2198.5
1239370 2206.5
1239380 2206.5
1239390 2207.8
1239400 2214.8
1239410 2221.9
1239420 2221.9
1239430 2239.2
1239440 2250.5
1239450 2250.5
1239460 2262.4
1239470 2260.9
1239480 2260.9
1239490 2250.1
1239500 2242.0
1239510 2242.0
1239520 2234.9
1239530 2230.7
1239540 2230.7
1239550 2228.3
1239560 2226.7
1239570 2226.7
1239580 2225.0
1239590 2220.6
1239600 2220.6
1239610 2216.3
1239620 2220.4
1239630 2220.4
1239640 2224.8
1239650 2231.9
1239660 2231.9
1239670 2237.4
1239680 2236.3
1239690 2231.3
1239700 2231.3
1239710 2224.2
1239720 2216.4
1239730 2216.4
1239740 2208.1
1239750 2199.4
1239760 2199.4
1239770 2190.2
1239780 2181.3
1239790 2181.3
1239800 2174.5
1239810 2169.5
1239820 2169.5
1239830 2166.8
1239840 2167.3
1239850 2167.3
1239860 2168.7
1239870 2172.6
1239880 2172.6
1239890 2172.2
1239900 2170.1
1239910 2161.7
1239920 2162.1
1239930 2164.6
1239940 2164.6
1239950 2169.2
1239960 2167.8
1239970 2167.8
1239980 2159.8
1239990 2152.1
