1220000 1473.5
1220010 1463.4
1220020 1463.4
1220030 1461.4
1220040 1460.6
1220050 1460.7
1220060 1460.7
1220070 1462.7
1220080 1464.2
1220090 1464.2
1220100 1468.6
1220110 1469.9
1220120 1469.9
1220130 1464.5
1220140 1459.4
1220150 1459.4
1220160 1456.7
1220170 1456.7
1220180 1456.7
1220190 1458.8
1220200 1461.3
1220210 1461.3
1220220 1466.3
1220230 1472.4
1220240 1472.4
1220250 1479.7
1220260 1485.5
1220270 1485.5
1220280 1485.8
1220290 1489.9
1220300 1489.9
1220310 1491.9
1220320 1494.4
1220330 1500.2
1220340 1500.2
1220350 1504.4
1220360 1505.8
1220370 1505.8
1220380 1506.0
1220390 1506.3
1220400 1506.3
1220410 1506.2
1220420 1504.9
1220430 1504.9
1220440 1505.7
1220450 1509.3
1220460 1509.3
1220470 1513.8
1220480 1518.6
1220490 1518.1
1220500 1522.4
1220510 1526.1
1220520 1526.1
1220530 1530.3
1220540 1534.2
1220550 1534.2
1220560 1538.0
1220570 1541.5
1220580 1541.5
1220590 1544.6
1220600 1548.0
1220610 1548.0
1220620 1552.0
1220630 1554.8
1220640 1558.5
1220650 1558.5
1220660 1562.9
1220670 1566.6
1220680 1566.6
1220690 1570.5
1220700 1574.6
1220710 1574.6
1220720 1579.2
1220730 1584.3
1220740 1584.3
1220750 1589.5
1220760 1594.1
1220770 1594.1
1220780 1598.0
1220790 1601.5
1220800 1601.5
1220810 1605.3
1220820 1609.7
1220830 1609.7
1220840 1615.5
1220850 1621.1
1220860 1621.1
1220870 1626.9
1220880 1633.4
1220890 1633.4
1220900 1634.4
1220910 1634.1
1220920 1634.1
1220930 1636.0
1220940 1638.8
1220950 1641.8
1220960 1641.8
1220970 1644.0
1220980 1646.9
1220990 1646.9
1221000 1650.1
1221010 1653.3
1221020 1653.3
1221030 1656.1
1221040 1659.1
1221050 1659.1
1221060 1662.1
1221070 1665.1
1221080 1665.1
1221090 1667.0
1221100 1666.7
1221110 1666.7
1221120 1666.1
1221130 1666.2
1221140 1666.2
1221150 1667.7
1221160 1669.5
1221170 1669.5
1221180 1670.2
1221190 1671.5
1221200 1671.5
1221210 1672.5
1221220 1673.2
1221230 1673.2
1221240 1672.8
1221250 1672.6
1221260 1672.6
1221270 1672.6
1221280 1674.7
1221290 1674.5
1221300 1674.5
1221310 1675.5
1221320 1676.9
1221330 1676.9
1221340 1677.9
1221350 1678.5
1221360 1678.5
1221370 1679.5
1221380 1682.2
1221390 1682.2
1221400 1685.0
1221410 1687.9
1221420 1687.9
1221430 1690.9
1221440 1692.5
1221450 1692.5
1221460 1690.2
1221470 1692.5
1221480 1692.5
1221490 1694.3
1221500 1696.7
1221510 1696.7
1221520 1699.4
1221530 1701.6
1221540 1701.6
1221550 1703.9
1221560 1706.9
1221570 1709.4
1221580 1709.4
1221590 1711.4
1221600 1714.0
1221610 1714.0
1221620 1716.7
1221630 1719.4
1221640 1719.4
1221650 1722.6
1221660 1725.2
1221670 1725.2
1221680 1727.3
1221690 1728.8
1221700 1728.8
1221710 1730.2
1221720 1731.6
1221730 1731.6
1221740 1732.4
1221750 1734.7
1221760 1734.7
1221770 1736.5
1221780 1739.1
1221790 1739.1
1221800 1740.7
1221810 1742.0
1221820 1742.0
1221830 1743.1
1221840 1745.0
1221850 1747.6
1221860 1747.6
1221870 1751.0
1221880 1754.6
1221890 1754.6
1221900 1758.4
1221910 1762.4
1221920 1762.4
1221930 1766.7
1221940 1767.6
1221950 1767.6
1221960 1771.6
1221970 1774.6
1221980 1774.6
1221990 1777.7
1222000 1781.8
1222010 1781.8
1222020 1786.5
1222030 1791.1
1222040 1791.1
1222050 1795.4
1222060 1799.7
1222070 1799.7
1222080 1804.1
1222090 1808.4
1222100 1808.4
1222110 1812.6
1222120 1816.8
1222130 1816.8
1222140 1821.1
1222150 1825.5
1222160 1829.8
1222170 1829.8
1222180 1834.4
1222190 1839.2
1222200 1839.2
1222210 1844.4
1222220 1849.2
1222230 1849.2
1222240 1853.6
1222250 1857.7
1222260 1857.7
1222270 1862.0
1222280 1866.5
1222290 1866.5
1222300 1871.2
1222310 1875.8
1222320 1875.8
1222330 1880.0
1222340 1884.5
1222350 1884.5
1222360 1889.1
1222370 1893.9
1222380 1893.9
1222390 1898.9
1222400 1903.6
1222410 1903.6
1222420 1908.7
1222430 1908.5
1222440 1908.5
1222450 1913.3
1222460 1918.0
1222470 1922.7
1222480 1922.7
1222490 1927.0
1222500 1931.3
1222510 1931.3
1222520 1936.1
1222530 1941.2
1222540 1941.2
1222550 1946.2
1222560 1950.8
1222570 1950.8
1222580 1955.0
1222590 1959.7
1222600 1959.7
1222610 1964.1
1222620 1968.2
1222630 1968.2
1222640 1972.5
1222650 1975.8
1222660 1975.8
1222670 1979.0
1222680 1983.1
1222690 1983.1
1222700 1987.5
1222710 1992.1
1222720 1992.1
1222730 1997.0
1222740 2001.9
1222750 2001.9
1222760 2006.6
1222770 2011.9
1222780 2017.8
1222790 2017.8
1222800 2024.5
1222810 2031.4
1222820 2031.4
1222830 2039.0
1222840 2045.1
1222850 2045.1
1222860 2052.4
1222870 2059.6
1222880 2059.6
1222890 2067.4
1222900 2074.8
1222910 2074.8
1222920 2079.5
1222930 2085.3
1222940 2085.3
1222950 2091.6
1222960 2094.0
1222970 2094.0
1222980 2103.8
1222990 2125.9
1223000 2125.9
1223010 2142.3
1223020 2152.0
1223030 2152.0
1223040 2158.8
1223050 2166.6
1223060 2170.0
1223070 2170.0
1223080 2172.3
1223090 2166.4
1223100 2166.4
1223110 2134.8
1223120 2058.4
1223130 2058.4
1223140 2028.2
1223150 2022.1
1223160 2022.1
1223170 2019.3
1223180 2016.9
1223190 2016.9
1223200 2014.5
1223210 2012.4
1223220 2012.4
1223230 2010.5
1223240 2010.5
1223250 2010.5
1223260 2011.5
1223270 2012.1
1223280 2012.1
1223290 2011.4
1223300 2009.1
1223310 2009.1
1223320 2006.0
1223330 2005.2
1223340 2005.2
1223350 2004.2
1223360 2005.3
1223370 2007.4
1223380 2007.4
1223390 2009.0
1223400 2005.5
1223410 2005.5
1223420 2008.5
1223430 2011.3
1223440 2011.3
1223450 2013.6
1223460 2014.7
1223470 2014.7
1223480 2014.9
1223490 2014.4
1223500 2014.4
1223510 2013.0
1223520 2010.9
1223530 2010.9
1223540 2013.9
1223550 2019.6
1223560 2019.6
1223570 2024.2
1223580 2027.8
1223590 2027.8
1223600 2031.2
1223610 2033.5
1223620 2033.5
1223630 2031.7
1223640 2027.3
1223650 2027.3
1223660 2023.7
1223670 2021.5
1223680 2020.9
1223690 2020.9
1223700 2021.2
1223710 2022.1
1223720 2022.1
1223730 2023.3
1223740 2024.4
1223750 2024.4
1223760 2027.9
1223770 2035.5
1223780 2035.5
1223790 2044.0
1223800 2053.2
1223810 2053.2
1223820 2063.4
1223830 2074.0
1223840 2074.0
1223850 2083.0
1223860 2089.7
1223870 2089.7
1223880 2094.7
1223890 2094.1
1223900 2094.1
1223910 2101.2
1223920 2105.2
1223930 2105.2
1223940 2106.7
1223950 2105.5
1223960 2105.5
1223970 2104.8
1223980 2103.4
1223990 2101.4
1224000 2101.4
1224010 2099.8
1224020 2098.5
1224030 2098.5
1224040 2098.8
1224050 2099.3
1224060 2099.3
1224070 2101.1
1224080 2103.8
1224090 2103.8
1224100 2105.1
1224110 2104.3
1224120 2104.3
1224130 2103.6
1224140 2105.3
1224150 2105.3
1224160 2104.5
1224170 2103.2
1224180 2103.2
1224190 2101.0
1224200 2098.1
1224210 2098.1
1224220 2096.2
1224230 2096.3
1224240 2096.3
1224250 2094.7
1224260 2094.6
1224270 2097.0
1224280 2097.0
1224290 2098.6
1224300 2102.7
1224310 2102.7
1224320 2120.1
1224330 2124.9
1224340 2124.9
1224350 2125.3
1224360 2123.1
1224370 2123.1
1224380 2105.1
1224390 2104.3
1224400 2104.3
1224410 2105.3
1224420 2106.0
1224430 2106.0
1224440 2107.1
1224450 2108.3
1224460 2108.3
1224470 2112.1
1224480 2118.8
1224490 2118.8
1224500 2126.1
1224510 2130.1
1224520 2130.1
1224530 2131.6
1224540 2135.0
1224550 2135.0
1224560 2137.4
1224570 2139.7
1224580 2141.5
1224590 2141.5
1224600 2142.3
1224610 2144.1
1224620 2144.1
1224630 2146.4
1224640 2150.4
1224650 2150.4
1224660 2154.2
1224670 2155.5
1224680 2155.5
1224690 2152.3
1224700 2145.9
1224710 2145.9
1224720 2139.0
1224730 2135.5
1224740 2135.5
1224750 2135.6
1224760 2139.4
1224770 2139.4
1224780 2145.5
1224790 2151.0
1224800 2151.0
1224810 2157.3
1224820 2163.1
1224830 2163.1
1224840 2166.2
1224850 2171.0
1224860 2171.0
1224870 2169.4
1224880 2172.9
1224890 2175.0
1224900 2175.0
1224910 2175.3
1224920 2176.8
1224930 2176.8
1224940 2183.1
1224950 2191.3
1224960 2191.3
1224970 2198.7
1224980 2201.3
1224990 2201.3
1225000 2200.2
1225010 2197.8
1225020 2197.8
1225030 2195.2
1225040 2193.3
1225050 2193.3
1225060 2190.3
1225070 2189.1
1225080 2189.1
1225090 2189.7
1225100 2190.4
1225110 2190.4
1225120 2194.2
1225130 2198.4
1225140 2198.4
1225150 2195.7
1225160 2195.3
1225170 2195.3
1225180 2196.2
1225190 2197.8
1225200 2201.2
1225210 2201.2
1225220 2197.5
1225230 2194.9
1225240 2194.9
1225250 2193.6
1225260 2192.4
1225270 2192.4
1225280 2189.1
1225290 2182.5
1225300 2182.5
1225310 2175.1
1225320 2168.2
1225330 2168.2
1225340 2160.3
1225350 2153.0
1225360 2152.6
1225370 2145.6
1225380 2139.2
1225390 2139.2
1225400 2133.5
1225410 2128.2
1225420 2128.2
1225430 2122.6
1225440 2117.3
1225450 2117.3
1225460 2112.3
1225470 2107.3
1225480 2107.3
1225490 2102.8
1225500 2099.1
1225510 2095.5
1225520 2095.5
1225530 2092.1
1225540 2088.7
1225550 2088.7
1225560 2085.2
1225570 2082.0
1225580 2082.0
1225590 2078.8
1225600 2077.4
1225610 2077.4
1225620 2075.8
1225630 2072.3
1225640 2072.3
1225650 2066.6
1225660 2059.6
1225670 2059.6
1225680 2052.3
1225690 2044.7
1225700 2044.7
1225710 2037.8
1225720 2031.9
1225730 2031.9
1225740 2026.1
1225750 2021.0
1225760 2021.0
1225770 2017.0
1225780 2013.1
1225790 2009.6
1225800 2009.6
1225810 2006.3
1225820 2003.6
1225830 2003.6
1225840 2001.1
1225850 1999.1
1225860 1999.8
1225870 1998.0
1225880 1996.3
1225890 1996.3
1225900 1994.3
1225910 1993.2
1225920 1993.2
1225930 1992.6
1225940 1992.1
1225950 1992.1
1225960 1992.5
1225970 1993.3
1225980 1993.3
1225990 1994.3
1226000 1995.4
1226010 1995.4
1226020 1997.6
1226030 2001.7
1226040 2001.7
1226050 2006.3
1226060 2009.9
1226070 2009.9
1226080 2013.4
1226090 2017.3
1226100 2021.6
1226110 2021.6
1226120 2024.5
1226130 2027.5
1226140 2027.5
1226150 2030.9
1226160 2034.7
1226170 2034.7
1226180 2038.6
1226190 2042.5
1226200 2042.5
1226210 2047.0
1226220 2051.3
1226230 2051.3
1226240 2056.0
1226250 2060.8
1226260 2060.8
1226270 2065.5
1226280 2069.8
1226290 2069.8
1226300 2073.7
1226310 2077.7
1226320 2077.7
1226330 2081.7
1226340 2084.5
1226350 2083.7
1226360 2086.5
1226370 2084.9
1226380 2084.9
1226390 2080.9
1226400 2077.7
1226410 2077.1
1226420 2077.1
1226430 2078.3
1226440 2079.9
1226450 2079.9
1226460 2079.0
1226470 2076.7
1226480 2076.7
1226490 2076.6
1226500 2079.2
1226510 2079.2
1226520 2084.5
1226530 2088.6
1226540 2088.6
1226550 2089.0
1226560 2083.1
1226570 2083.1
1226580 2075.1
1226590 2067.9
1226600 2067.9
1226610 2063.2
1226620 2065.5
1226630 2065.5
1226640 2069.3
1226650 2074.1
1226660 2074.1
1226670 2079.0
1226680 2085.2
1226690 2085.2
1226700 2089.4
1226710 2090.3
1226720 2092.9
1226730 2092.9
1226740 2096.4
1226750 2094.5
1226760 2094.5
1226770 2089.1
1226780 2089.8
1226790 2089.8
1226800 2091.2
1226810 2088.1
1226820 2088.1
1226830 2085.4
1226840 2093.0
1226850 2093.0
1226860 2091.2
1226870 2089.1
1226880 2089.1
1226890 2090.6
1226900 2094.9
1226910 2094.9
1226920 2098.2
1226930 2102.7
1226940 2102.7
1226950 2105.1
1226960 2105.2
1226970 2105.2
1226980 2106.0
1226990 2109.2
1227000 2112.5
1227010 2112.5
1227020 2116.0
1227030 2121.9
1227040 2121.9
1227050 2129.2
1227060 2136.9
1227070 2136.9
1227080 2142.9
1227090 2146.7
1227100 2146.7
1227110 2152.6
1227120 2159.9
1227130 2159.9
1227140 2165.4
1227150 2171.5
1227160 2171.5
1227170 2176.9
1227180 2180.2
1227190 2180.2
1227200 2184.0
1227210 2188.3
1227220 2188.3
1227230 2192.5
1227240 2197.3
1227250 2197.3
1227260 2203.2
1227270 2208.6
1227280 2208.6
1227290 2214.3
1227300 2221.1
1227310 2228.8
1227320 2228.8
1227330 2237.0
1227340 2248.6
1227350 2248.6
1227360 2256.5
1227370 2264.0
1227380 2264.0
1227390 2270.8
1227400 2276.5
1227410 2276.5
1227420 2278.0
1227430 2274.6
1227440 2274.6
1227450 2271.3
1227460 2270.6
1227470 2270.6
1227480 2270.4
1227490 2266.3
1227500 2266.3
1227510 2258.0
1227520 2249.6
1227530 2249.6
1227540 2241.3
1227550 2233.4
1227560 2233.4
1227570 2225.7
1227580 2218.5
1227590 2218.5
1227600 2211.4
1227610 2206.1
1227620 2203.2
1227630 2203.2
1227640 2200.0
1227650 2196.8
1227660 2196.8
1227670 2199.9
1227680 2197.7
1227690 2197.7
1227700 2192.1
1227710 2194.2
1227720 2194.2
1227730 2192.7
1227740 2188.2
1227750 2188.2
1227760 2192.7
1227770 2199.0
1227780 2199.0
1227790 2205.7
1227800 2212.1
1227810 2212.1
1227820 2212.9
1227830 2205.6
1227840 2199.7
1227850 2192.7
1227860 2188.5
1227870 2188.5
1227880 2186.2
1227890 2181.3
1227900 2181.3
1227910 2173.4
1227920 2170.0
1227930 2175.5
1227940 2175.5
1227950 2182.5
1227960 2188.6
1227970 2188.6
1227980 2192.7
1227990 2193.0
1228000 2193.0
1228010 2190.4
1228020 2188.3
1228030 2188.3
1228040 2189.6
1228050 2195.0
1228060 2195.0
1228070 2201.4
1228080 2208.1
1228090 2208.1
1228100 2214.5
1228110 2218.2
1228120 2218.2
1228130 2215.1
1228140 2207.3
1228150 2207.3
1228160 2199.4
1228170 2191.8
1228180 2191.8
1228190 2184.9
1228200 2178.8
1228210 2173.2
1228220 2173.2
1228230 2166.1
1228240 2161.4
1228250 2161.4
1228260 2159.0
1228270 2157.7
1228280 2157.7
1228290 2155.2
1228300 2148.6
1228310 2148.6
1228320 2139.9
1228330 2137.9
1228340 2137.9
1228350 2135.1
1228360 2131.4
1228370 2131.4
1228380 2126.1
1228390 2119.9
1228400 2119.9
1228410 2113.3
1228420 2106.9
1228430 2106.9
1228440 2100.9
1228450 2100.2
1228460 2100.2
1228470 2104.0
1228480 2106.0
1228490 2106.0
1228500 2104.0
1228510 2106.3
1228520 2113.9
1228530 2113.9
1228540 2119.3
1228550 2121.1
1228560 2121.1
1228570 2121.6
1228580 2121.7
1228590 2121.7
1228600 2121.5
1228610 2120.9
1228620 2120.9
1228630 2120.8
1228640 2121.1
1228650 2121.1
1228660 2121.0
1228670 2117.8
1228680 2117.8
1228690 2114.3
1228700 2111.9
1228710 2111.9
1228720 2109.8
1228730 2109.8
1228740 2109.8
1228750 2110.4
1228760 2111.8
1228770 2111.8
1228780 2114.2
1228790 2116.9
1228800 2116.9
1228810 2120.0
1228820 2120.3
1228830 2111.7
1228840 2111.7
1228850 2109.9
1228860 2114.9
1228870 2114.9
1228880 2124.7
1228890 2132.6
1228900 2132.6
1228910 2140.8
1228920 2147.1
1228930 2147.1
1228940 2150.2
1228950 2152.4
1228960 2152.4
1228970 2154.7
1228980 2156.7
1228990 2156.7
1229000 2159.1
1229010 2160.8
1229020 2160.8
1229030 2162.6
1229040 2164.5
1229050 2164.5
1229060 2167.8
1229070 2172.0
1229080 2172.0
1229090 2174.3
1229100 2173.1
1229110 2173.1
1229120 2171.0
1229130 2170.2
1229140 2170.2
1229150 2170.2
1229160 2170.5
1229170 2170.2
1229180 2170.2
1229190 2169.1
1229200 2168.6
1229210 2168.6
1229220 2169.5
1229230 2171.2
1229240 2171.2
1229250 2172.8
1229260 2173.9
1229270 2173.9
1229280 2174.4
1229290 2175.4
1229300 2175.4
1229310 2177.5
1229320 2179.6
1229330 2174.3
1229340 2176.7
1229350 2179.6
1229360 2179.6
1229370 2182.6
1229380 2185.4
1229390 2185.4
1229400 2188.3
1229410 2190.9
1229420 2193.5
1229430 2193.5
1229440 2196.6
1229450 2200.0
1229460 2200.0
1229470 2203.6
1229480 2207.0
1229490 2207.0
1229500 2209.8
1229510 2212.6
1229520 2212.6
1229530 2215.4
1229540 2218.7
1229550 2218.7
1229560 2223.0
1229570 2228.0
1229580 2228.0
1229590 2233.0
1229600 2237.6
1229610 2237.6
1229620 2242.3
1229630 2247.4
1229640 2247.4
1229650 2252.7
1229660 2258.0
1229670 2258.0
1229680 2263.5
1229690 2268.8
1229700 2268.8
1229710 2273.9
1229720 2278.6
1229730 2282.9
1229740 2282.9
1229750 2287.3
1229760 2291.6
1229770 2291.6
1229780 2294.6
1229790 2295.0
1229800 2295.0
1229810 2294.2
1229820 2296.8
1229830 2290.7
1229840 2294.8
1229850 2300.4
1229860 2300.4
1229870 2306.6
1229880 2308.6
1229890 2308.6
1229900 2301.5
1229910 2293.5
1229920 2293.5
1229930 2292.7
1229940 2295.2
1229950 2295.2
1229960 2303.3
1229970 2310.0
1229980 2310.0
1229990 2303.0
1230000 2295.5
1230010 2295.5
1230020 2287.2
1230030 2281.6
1230040 2277.8
1230050 2277.8
1230060 2274.4
1230070 2271.7
1230080 2271.7
1230090 2270.1
1230100 2266.6
1230110 2266.6
1230120 2262.8
1230130 2261.9
1230140 2261.9
1230150 2261.1
1230160 2257.7
1230170 2257.7
1230180 2252.5
1230190 2251.8
1230200 2251.8
1230210 2252.1
1230220 2255.0
1230230 2255.0
1230240 2261.0
1230250 2264.5
1230260 2264.5
1230270 2266.3
1230280 2267.2
1230290 2267.2
1230300 2266.2
1230310 2268.9
1230320 2268.9
1230330 2265.1
1230340 2264.6
1230350 2262.5
1230360 2262.5
1230370 2263.3
1230380 2262.8
1230390 2262.8
1230400 2263.6
1230410 2265.0
1230420 2265.0
1230430 2266.0
1230440 2268.1
1230450 2268.1
1230460 2270.8
1230470 2274.1
1230480 2274.1
1230490 2279.6
1230500 2285.4
1230510 2285.4
1230520 2289.6
1230530 2283.0
1230540 2283.0
1230550 2277.8
1230560 2273.8
1230570 2273.8
1230580 2267.7
1230590 2261.0
1230600 2261.0
1230610 2254.3
1230620 2248.3
1230630 2242.5
1230640 2242.5
1230650 2237.2
1230660 2232.7
1230670 2232.7
1230680 2229.8
1230690 2227.6
1230700 2227.6
1230710 2224.9
1230720 2221.6
1230730 2221.6
1230740 2218.1
1230750 2214.6
1230760 2214.6
1230770 2211.0
1230780 2207.2
1230790 2207.2
1230800 2203.2
1230810 2198.8
1230820 2198.8
1230830 2194.5
1230840 2186.7
1230850 2186.7
1230860 2182.3
1230870 2178.0
1230880 2178.0
1230890 2173.8
1230900 2169.9
1230910 2169.9
1230920 2166.8
1230930 2163.8
1230940 2161.6
1230950 2161.6
1230960 2159.5
1230970 2156.9
1230980 2156.9
1230990 2153.9
1231000 2150.0
1231010 2150.0
1231020 2145.9
1231030 2141.8
1231040 2141.8
1231050 2137.4
1231060 2133.8
1231070 2133.8
1231080 2131.6
1231090 2130.3
1231100 2130.3
1231110 2129.2
1231120 2128.3
1231130 2128.3
1231140 2128.1
1231150 2127.4
1231160 2127.4
1231170 2125.8
1231180 2124.5
1231190 2124.5
1231200 2122.8
1231210 2121.0
1231220 2121.0
1231230 2118.9
1231240 2116.6
1231250 2114.4
1231260 2114.4
1231270 2112.0
1231280 2108.6
1231290 2108.6
1231300 2104.1
1231310 2100.1
1231320 2100.1
1231330 2096.6
1231340 2088.9
1231350 2088.9
1231360 2085.7
1231370 2083.4
1231380 2083.4
1231390 2082.5
1231400 2083.1
1231410 2083.1
1231420 2084.3
1231430 2085.1
1231440 2085.1
1231450 2086.5
1231460 2087.2
1231470 2087.2
1231480 2087.1
1231490 2086.6
1231500 2086.6
1231510 2085.9
1231520 2085.5
1231530 2085.5
1231540 2084.8
1231550 2084.3
1231560 2081.5
1231570 2081.5
1231580 2079.8
1231590 2080.5
1231600 2080.5
1231610 2082.0
1231620 2083.2
1231630 2083.2
1231640 2083.8
1231650 2084.9
1231660 2084.9
1231670 2086.7
1231680 2088.1
1231690 2088.1
1231700 2087.2
1231710 2087.8
1231720 2087.8
1231730 2089.8
1231740 2091.5
1231750 2091.5
1231760 2094.0
1231770 2095.9
1231780 2095.9
1231790 2097.8
1231800 2100.4
1231810 2100.4
1231820 2102.1
1231830 2105.0
1231840 2107.0
1231850 2107.0
1231860 2111.1
1231870 2111.1
1231880 2111.1
1231890 2110.5
1231900 2108.9
1231910 2108.9
1231920 2111.9
1231930 2113.7
1231940 2113.7
1231950 2114.5
1231960 2114.1
1231970 2114.1
1231980 2115.1
1231990 2114.3
1232000 2114.3
1232010 2113.5
1232020 2115.2
1232030 2115.2
1232040 2117.8
1232050 2119.4
1232060 2119.4
1232070 2119.1
1232080 2117.7
1232090 2117.7
1232100 2118.6
1232110 2120.6
1232120 2120.6
1232130 2123.0
1232140 2128.0
1232150 2131.4
1232160 2131.4
1232170 2135.6
1232180 2141.0
1232190 2141.0
1232200 2148.6
1232210 2156.1
1232220 2156.1
1232230 2162.6
1232240 2168.3
1232250 2168.3
1232260 2171.7
1232270 2172.0
1232280 2172.0
1232290 2171.7
1232300 2172.1
1232310 2172.1
1232320 2173.0
1232330 2172.4
1232340 2172.4
1232350 2164.5
1232360 2164.0
1232370 2164.0
1232380 2166.1
1232390 2169.7
1232400 2169.7
1232410 2171.0
1232420 2169.3
1232430 2169.3
1232440 2165.4
1232450 2162.2
1232460 2162.7
1232470 2162.7
1232480 2164.6
1232490 2168.8
1232500 2168.8
1232510 2172.2
1232520 2174.1
1232530 2174.1
1232540 2175.9
1232550 2177.5
1232560 2177.5
1232570 2179.0
1232580 2181.4
1232590 2181.4
1232600 2184.0
1232610 2186.5
1232620 2186.5
1232630 2188.7
1232640 2190.4
1232650 2190.4
1232660 2191.5
1232670 2192.4
1232680 2192.4
1232690 2193.6
1232700 2194.8
1232710 2194.8
1232720 2195.2
1232730 2195.0
1232740 2195.0
1232750 2190.8
1232760 2183.7
1232770 2177.0
1232780 2177.0
1232790 2170.8
1232800 2164.5
1232810 2164.5
1232820 2158.3
1232830 2153.1
1232840 2153.1
1232850 2143.3
1232860 2138.2
1232870 2138.2
1232880 2135.1
1232890 2131.3
1232900 2131.3
1232910 2127.7
1232920 2124.3
1232930 2124.3
1232940 2121.1
1232950 2117.1
1232960 2117.1
1232970 2113.4
1232980 2109.9
1232990 2109.9
1233000 2106.7
1233010 2103.7
1233020 2103.7
1233030 2100.9
1233040 2098.6
1233050 2096.4
1233060 2096.4
1233070 2094.0
1233080 2091.6
1233090 2091.6
1233100 2089.0
1233110 2085.9
1233120 2085.9
1233130 2082.7
1233140 2079.4
1233150 2079.4
1233160 2075.9
1233170 2072.4
1233180 2072.4
1233190 2067.2
1233200 2062.8
1233210 2062.8
1233220 2062.1
1233230 2062.5
1233240 2062.5
1233250 2061.5
1233260 2057.8
1233270 2057.8
1233280 2054.1
1233290 2050.9
1233300 2050.9
1233310 2047.5
1233320 2044.6
1233330 2044.6
1233340 2042.4
1233350 2041.2
1233360 2038.3
1233370 2038.3
1233380 2036.7
1233390 2035.9
1233400 2035.9
1233410 2035.7
1233420 2036.1
1233430 2036.1
1233440 2035.9
1233450 2034.6
1233460 2034.6
1233470 2033.2
1233480 2032.2
1233490 2032.2
1233500 2031.3
1233510 2030.4
1233520 2030.4
1233530 2028.9
1233540 2029.2
1233550 2029.2
1233560 2030.0
1233570 2031.3
1233580 2031.3
1233590 2032.8
1233600 2033.6
1233610 2033.6
1233620 2033.6
1233630 2034.3
1233640 2034.3
1233650 2034.2
1233660 2034.1
1233670 2035.0
1233680 2035.0
1233690 2034.3
1233700 2035.2
1233710 2035.2
1233720 2037.7
1233730 2041.1
1233740 2041.1
1233750 2044.6
1233760 2047.4
1233770 2047.4
1233780 2050.1
1233790 2053.1
1233800 2053.1
1233810 2056.1
1233820 2057.9
1233830 2057.9
1233840 2059.9
1233850 2061.5
1233860 2061.5
1233870 2059.0
1233880 2063.2
1233890 2063.2
1233900 2067.8
1233910 2072.4
1233920 2072.4
1233930 2076.7
1233940 2080.8
1233950 2080.8
1233960 2084.7
1233970 2088.2
1233980 2091.1
1233990 2091.1
1234000 2093.9
1234010 2096.8
1234020 2096.8
1234030 2099.6
1234040 2100.9
1234050 2100.9
1234060 2101.3
1234070 2102.6
1234080 2102.6
1234090 2106.0
1234100 2111.5
1234110 2111.5
1234120 2119.4
1234130 2127.8
1234140 2127.8
1234150 2135.9
1234160 2143.0
1234170 2143.0
1234180 2149.1
1234190 2150.0
1234200 2150.0
1234210 2150.5
1234220 2149.8
1234230 2149.8
1234240 2146.0
1234250 2141.9
1234260 2137.6
1234270 2137.6
1234280 2132.9
1234290 2132.2
1234300 2132.2
1234310 2133.5
1234320 2135.2
1234330 2135.2
1234340 2136.7
1234350 2139.1
1234360 2139.1
1234370 2139.0
1234380 2131.9
1234390 2131.9
1234400 2137.1
1234410 2139.6
1234420 2139.6
1234430 2140.5
1234440 2139.7
1234450 2139.7
1234460 2138.1
1234470 2140.2
1234480 2140.2
1234490 2142.5
1234500 2144.4
1234510 2144.4
1234520 2146.3
1234530 2148.1
1234540 2148.1
1234550 2151.3
1234560 2153.1
1234570 2146.7
1234580 2146.7
1234590 2141.4
1234600 2140.8
1234610 2140.8
1234620 2139.1
1234630 2138.7
1234640 2138.7
1234650 2137.1
1234660 2136.0
1234670 2136.0
1234680 2136.9
1234690 2133.2
1234700 2133.2
1234710 2127.5
1234720 2123.1
1234730 2123.1
1234740 2121.1
1234750 2118.3
1234760 2118.3
1234770 2114.7
1234780 2111.6
1234790 2111.6
1234800 2105.2
1234810 2103.2
1234820 2103.2
1234830 2104.1
1234840 2100.6
1234850 2100.6
1234860 2097.6
1234870 2096.0
1234880 2094.1
1234890 2088.3
1234900 2087.1
1234910 2085.9
1234920 2085.9
1234930 2085.0
1234940 2084.6
1234950 2084.6
1234960 2084.6
1234970 2084.1
1234980 2084.1
1234990 2084.4
1235000 2084.9
1235010 2084.9
1235020 2085.0
1235030 2085.7
1235040 2085.7
1235050 2086.8
1235060 2088.3
1235070 2088.3
1235080 2090.0
1235090 2091.9
1235100 2091.9
1235110 2094.3
1235120 2099.1
1235130 2099.1
1235140 2103.8
1235150 2110.2
1235160 2110.2
1235170 2113.4
1235180 2109.3
1235190 2111.5
1235200 2111.5
1235210 2110.2
1235220 2110.9
1235230 2110.9
1235240 2108.0
1235250 2104.2
1235260 2104.2
1235270 2103.4
1235280 2103.4
1235290 2103.4
1235300 2106.2
1235310 2104.3
1235320 2104.3
1235330 2102.0
1235340 2100.8
1235350 2100.8
1235360 2102.9
1235370 2106.8
1235380 2106.8
1235390 2112.1
1235400 2114.2
1235410 2114.2
1235420 2117.6
1235430 2118.4
1235440 2118.4
1235450 2120.2
1235460 2125.4
1235470 2132.5
1235480 2132.5
1235490 2140.8
1235500 2148.9
1235510 2148.9
1235520 2155.4
1235530 2158.9
1235540 2158.9
1235550 2161.5
1235560 2163.8
1235570 2163.8
1235580 2166.3
1235590 2168.3
1235600 2168.3
1235610 2170.5
1235620 2173.2
1235630 2173.2
1235640 2175.5
1235650 2178.1
1235660 2178.1
1235670 2181.0
1235680 2183.4
1235690 2183.4
1235700 2185.1
1235710 2186.8
1235720 2186.8
1235730 2188.6
1235740 2187.8
1235750 2187.8
1235760 2182.1
1235770 2173.3
1235780 2164.6
1235790 2164.6
1235800 2156.7
1235810 2150.5
1235820 2150.5
1235830 2145.2
1235840 2141.0
1235850 2141.0
1235860 2137.2
1235870 2133.7
1235880 2133.7
1235890 2128.7
1235900 2124.1
1235910 2118.7
1235920 2115.6
1235930 2111.8
1235940 2111.8
1235950 2108.0
1235960 2104.4
1235970 2104.4
1235980 2101.1
1235990 2097.8
1236000 2097.8
1236010 2093.4
1236020 2089.0
1236030 2089.0
1236040 2084.2
1236050 2080.1
1236060 2080.1
1236070 2076.1
1236080 2072.7
1236090 2069.4
1236100 2069.4
1236110 2066.4
1236120 2062.9
1236130 2062.9
1236140 2059.4
1236150 2056.0
1236160 2056.0
1236170 2053.2
1236180 2050.2
1236190 2050.2
1236200 2045.9
1236210 2041.8
1236220 2041.8
1236230 2037.8
1236240 2033.7
1236250 2033.7
1236260 2029.9
1236270 2026.4
1236280 2026.4
1236290 2022.4
1236300 2017.9
1236310 2017.9
1236320 2014.1
1236330 2010.9
1236340 2010.9
1236350 2007.8
1236360 2004.7
1236370 2004.7
1236380 2001.0
1236390 1997.5
1236400 1994.2
1236410 1994.2
1236420 1991.2
1236430 1984.4
1236440 1984.4
1236450 1981.8
1236460 1979.0
1236470 1979.0
1236480 1977.2
1236490 1975.7
1236500 1975.7
1236510 1975.1
1236520 1974.4
1236530 1974.4
1236540 1972.9
1236550 1971.3
1236560 1971.3
1236570 1970.3
1236580 1971.4
1236590 1971.4
1236600 1971.0
1236610 1971.6
1236620 1971.6
1236630 1973.4
1236640 1976.2
1236650 1976.2
1236660 1979.0
1236670 1980.9
1236680 1982.7
1236690 1982.7
1236700 1984.8
1236710 1986.2
1236720 1986.2
1236730 1985.6
1236740 1986.9
1236750 1986.9
1236760 1988.9
1236770 1992.3
1236780 1992.3
1236790 1994.7
1236800 1997.7
1236810 1997.7
1236820 2001.3
1236830 2002.3
1236840 2002.3
1236850 2003.1
1236860 2004.4
1236870 2004.4
1236880 2007.4
1236890 2014.7
1236900 2014.7
1236910 2022.9
1236920 2033.2
1236930 2033.2
1236940 2042.5
1236950 2052.6
1236960 2052.6
1236970 2063.1
1236980 2071.5
1236990 2079.4
1237000 2079.4
1237010 2086.5
1237020 2095.5
1237030 2095.5
1237040 2106.0
1237050 2116.7
1237060 2116.7
1237070 2126.6
1237080 2135.3
1237090 2135.3
1237100 2143.3
1237110 2150.4
1237120 2150.4
1237130 2152.5
1237140 2146.7
1237150 2146.7
1237160 2139.8
1237170 2135.7
1237180 2135.7
1237190 2135.3
1237200 2136.2
1237210 2136.2
1237220 2134.5
1237230 2135.6
1237240 2135.6
1237250 2136.1
1237260 2135.2
1237270 2135.2
1237280 2134.1
1237290 2132.5
1237300 2125.2
1237310 2125.2
1237320 2115.7
1237330 2106.5
1237340 2106.5
1237350 2102.2
1237360 2102.7
1237370 2102.7
1237380 2096.9
1237390 2090.3
1237400 2090.3
1237410 2086.0
1237420 2080.5
1237430 2080.5
1237440 2073.0
1237450 2066.2
1237460 2063.8
1237470 2056.1
1237480 2053.2
1237490 2053.2
1237500 2051.6
1237510 2047.7
1237520 2047.7
1237530 2043.1
1237540 2039.1
1237550 2039.1
1237560 2034.5
1237570 2029.4
1237580 2025.9
1237590 2025.9
1237600 2024.4
1237610 2021.7
1237620 2021.7
1237630 2017.8
1237640 2010.9
1237650 2010.9
1237660 2007.1
1237670 2006.4
1237680 2006.4
1237690 2003.7
1237700 1999.5
1237710 1999.5
1237720 1994.5
1237730 1990.7
1237740 1990.7
1237750 1986.5
1237760 1982.2
1237770 1982.2
1237780 1978.6
1237790 1975.1
1237800 1975.1
1237810 1971.7
1237820 1967.5
1237830 1967.5
1237840 1963.2
1237850 1960.7
1237860 1960.7
1237870 1958.3
1237880 1955.5
1237890 1951.3
1237900 1951.3
1237910 1946.9
1237920 1943.1
1237930 1943.1
1237940 1939.6
1237950 1936.2
1237960 1936.2
1237970 1930.1
1237980 1925.6
1237990 1925.6
1238000 1919.4
1238010 1915.6
1238020 1915.6
1238030 1914.0
1238040 1911.6
1238050 1911.6
1238060 1909.3
1238070 1907.1
1238080 1907.1
1238090 1904.5
1238100 1901.8
1238110 1901.8
1238120 1899.7
1238130 1898.1
1238140 1898.1
1238150 1897.6
1238160 1897.4
1238170 1897.4
1238180 1897.0
1238190 1898.2
1238200 1899.5
1238210 1899.5
1238220 1903.4
1238230 1906.7
1238240 1906.7
1238250 1904.8
1238260 1902.5
1238270 1902.5
1238280 1900.0
1238290 1898.2
1238300 1898.2
1238310 1895.5
1238320 1892.9
1238330 1892.9
1238340 1890.2
1238350 1886.9
1238360 1886.9
1238370 1883.8
1238380 1881.0
1238390 1881.0
1238400 1878.0
1238410 1874.8
1238420 1874.8
1238430 1871.7
1238440 1868.8
1238450 1868.8
1238460 1866.3
1238470 1864.2
1238480 1864.2
1238490 1859.4
1238500 1857.4
1238510 1855.1
1238520 1855.1
1238530 1852.9
1238540 1850.6
1238550 1850.6
1238560 1847.7
1238570 1843.4
1238580 1843.4
1238590 1838.8
1238600 1834.0
1238610 1834.0
1238620 1828.9
1238630 1824.0
1238640 1824.0
1238650 1820.1
1238660 1818.6
1238670 1818.6
1238680 1817.1
1238690 1814.8
1238700 1814.8
1238710 1812.2
1238720 1809.9
1238730 1809.9
1238740 1807.6
1238750 1805.3
1238760 1805.3
1238770 1802.8
1238780 1800.8
1238790 1799.8
1238800 1799.8
1238810 1798.2
1238820 1797.0
1238830 1797.0
1238840 1796.1
1238850 1794.5
1238860 1794.5
1238870 1793.5
1238880 1792.5
1238890 1792.5
1238900 1792.2
1238910 1791.3
1238920 1791.3
1238930 1789.9
1238940 1788.7
1238950 1788.7
1238960 1787.5
1238970 1786.9
1238980 1786.9
1238990 1786.3
1239000 1786.0
1239010 1784.6
1239020 1785.2
1239030 1785.6
1239040 1785.6
1239050 1786.5
1239060 1786.9
1239070 1786.9
1239080 1788.0
1239090 1789.1
1239100 1789.6
1239110 1789.6
1239120 1789.6
1239130 1788.2
1239140 1788.2
1239150 1785.6
1239160 1781.6
1239170 1781.6
1239180 1777.7
1239190 1773.7
1239200 1773.7
1239210 1769.3
1239220 1764.5
1239230 1764.5
1239240 1759.2
1239250 1753.3
1239260 1753.3
1239270 1748.1
1239280 1742.9
1239290 1742.9
1239300 1738.2
1239310 1733.4
1239320 1733.4
1239330 1728.2
1239340 1722.6
1239350 1722.6
1239360 1717.4
1239370 1712.3
1239380 1712.3
1239390 1706.7
1239400 1700.6
1239410 1696.7
1239420 1696.7
1239430 1693.6
1239440 1689.8
1239450 1689.8
1239460 1686.1
1239470 1683.1
1239480 1683.1
1239490 1680.8
1239500 1678.0
1239510 1678.0
1239520 1675.5
1239530 1678.4
1239540 1678.4
1239550 1677.4
1239560 1675.1
1239570 1675.1
1239580 1672.3
1239590 1669.0
1239600 1669.0
1239610 1667.0
1239620 1666.1
1239630 1666.1
1239640 1664.4
1239650 1662.8
1239660 1662.8
1239670 1661.6
1239680 1661.1
1239690 1661.1
1239700 1660.1
1239710 1659.3
1239720 1658.8
1239730 1658.8
1239740 1658.5
1239750 1658.3
1239760 1658.3
1239770 1658.2
1239780 1657.7
1239790 1657.7
1239800 1659.1
1239810 1659.6
1239820 1659.6
1239830 1659.1
1239840 1659.4
1239850 1659.4
1239860 1659.7
1239870 1658.7
1239880 1658.7
1239890 1657.5
1239900 1658.0
1239910 1658.0
1239920 1658.4
1239930 1658.0
1239940 1658.0
1239950 1657.4
1239960 1656.4
1239970 1656.4
1239980 1655.3
1239990 1653.9
