1220000 1568.7
1220010 1568.7
1220020 1576.2
1220030 1583.4
1220040 1589.6
1220050 1589.6
1220060 1594.4
1220070 1599.4
1220080 1599.4
1220090 1603.5
1220100 1604.3
1220110 1604.3
1220120 1598.4
1220130 1592.8
1220140 1592.8
1220150 1582.6
1220160 1579.0
1220170 1579.0
1220180 1574.6
1220190 1569.6
1220200 1569.6
1220210 1567.2
1220220 1573.0
1220230 1573.0
1220240 1577.4
1220250 1572.3
1220260 1572.3
1220270 1567.2
1220280 1563.9
1220290 1563.9
1220300 1563.3
1220310 1567.1
1220320 1574.0
1220330 1574.0
1220340 1581.1
1220350 1588.9
1220360 1588.9
1220370 1590.7
1220380 1586.9
1220390 1586.9
1220400 1586.5
1220410 1590.0
1220420 1590.0
1220430 1594.4
1220440 1597.0
1220450 1597.0
1220460 1599.4
1220470 1601.9
1220480 1601.9
1220490 1605.6
1220500 1609.7
1220510 1609.7
1220520 1613.8
1220530 1618.1
1220540 1618.1
1220550 1623.7
1220560 1630.6
1220570 1630.6
1220580 1638.0
1220590 1645.7
1220600 1645.7
1220610 1652.4
1220620 1657.8
1220630 1652.3
1220640 1652.3
1220650 1653.2
1220660 1655.3
1220670 1655.3
1220680 1655.5
1220690 1653.0
1220700 1653.0
1220710 1652.7
1220720 1654.7
1220730 1654.7
1220740 1658.2
1220750 1661.8
1220760 1661.8
1220770 1663.4
1220780 1664.1
1220790 1664.1
1220800 1666.7
1220810 1669.7
1220820 1669.7
1220830 1672.2
1220840 1675.2
1220850 1675.2
1220860 1678.6
1220870 1684.0
1220880 1684.0
1220890 1689.2
1220900 1693.0
1220910 1693.0
1220920 1693.6
1220930 1693.4
1220940 1693.9
1220950 1693.9
1220960 1695.6
1220970 1698.4
1220980 1698.4
1220990 1702.8
1221000 1705.6
1221010 1705.6
1221020 1710.3
1221030 1718.5
1221040 1718.5
1221050 1726.5
1221060 1735.0
1221070 1735.0
1221080 1742.2
1221090 1744.1
1221100 1744.1
1221110 1741.0
1221120 1742.1
1221130 1742.1
1221140 1742.4
1221150 1742.7
1221160 1742.7
1221170 1743.4
1221180 1744.9
1221190 1744.9
1221200 1748.2
1221210 1751.6
1221220 1751.6
1221230 1754.5
1221240 1757.7
1221250 1760.8
1221260 1760.8
1221270 1764.5
1221280 1768.3
1221290 1768.3
1221300 1770.3
1221310 1772.1
1221320 1772.1
1221330 1773.6
1221340 1776.7
1221350 1776.7
1221360 1779.7
1221370 1781.9
1221380 1781.9
1221390 1783.7
1221400 1785.1
1221410 1785.1
1221420 1787.3
1221430 1791.3
1221440 1791.3
1221450 1795.0
1221460 1798.0
1221470 1798.0
1221480 1800.4
1221490 1802.6
1221500 1802.6
1221510 1804.2
1221520 1806.2
1221530 1806.2
1221540 1808.1
1221550 1808.8
1221560 1809.5
1221570 1809.5
1221580 1810.4
1221590 1812.8
1221600 1808.5
1221610 1812.0
1221620 1816.5
1221630 1816.5
1221640 1820.4
1221650 1823.7
1221660 1823.7
1221670 1827.3
1221680 1831.1
1221690 1831.1
1221700 1834.8
1221710 1838.7
1221720 1838.7
1221730 1841.9
1221740 1845.0
1221750 1845.0
1221760 1847.1
1221770 1849.5
1221780 1849.5
1221790 1851.8
1221800 1854.1
1221810 1854.1
1221820 1855.4
1221830 1856.8
1221840 1859.5
1221850 1859.5
1221860 1862.1
1221870 1865.5
1221880 1865.5
1221890 1868.6
1221900 1871.3
1221910 1871.3
1221920 1874.3
1221930 1877.0
1221940 1877.0
1221950 1880.9
1221960 1884.8
1221970 1884.8
1221980 1888.4
1221990 1892.3
1222000 1892.3
1222010 1896.4
1222020 1900.6
1222030 1900.6
1222040 1904.4
1222050 1908.2
1222060 1908.2
1222070 1911.3
1222080 1907.7
1222090 1907.7
1222100 1909.8
1222110 1912.3
1222120 1912.3
1222130 1913.4
1222140 1917.1
1222150 1922.8
1222160 1922.8
1222170 1928.3
1222180 1934.2
1222190 1934.2
1222200 1940.2
1222210 1946.1
1222220 1946.1
1222230 1952.2
1222240 1958.2
1222250 1958.2
1222260 1963.9
1222270 1969.2
1222280 1969.2
1222290 1973.9
1222300 1978.1
1222310 1978.1
1222320 1981.7
1222330 1984.6
1222340 1984.6
1222350 1986.8
1222360 1989.0
1222370 1989.0
1222380 1990.9
1222390 1991.8
1222400 1991.8
1222410 1991.9
1222420 1993.8
1222430 1993.8
1222440 1999.0
1222450 2005.5
1222460 2011.6
1222470 2011.6
1222480 2017.0
1222490 2021.7
1222500 2021.7
1222510 2026.0
1222520 2031.8
1222530 2031.8
1222540 2039.4
1222550 2045.8
1222560 2045.8
1222570 2046.1
1222580 2051.5
1222590 2051.5
1222600 2057.5
1222610 2063.1
1222620 2063.1
1222630 2068.0
1222640 2071.8
1222650 2071.8
1222660 2074.9
1222670 2077.8
1222680 2077.8
1222690 2081.5
1222700 2086.0
1222710 2086.0
1222720 2090.7
1222730 2096.0
1222740 2096.0
1222750 2101.7
1222760 2106.1
1222770 2114.2
1222780 2114.2
1222790 2123.6
1222800 2134.5
1222810 2134.5
1222820 2144.8
1222830 2162.0
1222840 2162.0
1222850 2178.1
1222860 2185.6
1222870 2185.6
1222880 2190.9
1222890 2195.8
1222900 2195.8
1222910 2203.5
1222920 2215.0
1222930 2215.0
1222940 2225.8
1222950 2235.5
1222960 2235.5
1222970 2247.1
1222980 2260.4
1222990 2260.4
1223000 2278.0
1223010 2289.1
1223020 2289.1
1223030 2307.2
1223040 2332.1
1223050 2342.9
1223060 2335.2
1223070 2335.5
1223080 2335.7
1223090 2335.7
1223100 2337.5
1223110 2344.7
1223120 2344.7
1223130 2357.2
1223140 2366.4
1223150 2366.4
1223160 2376.6
1223170 2385.2
1223180 2385.2
1223190 2387.7
1223200 2366.5
1223210 2366.5
1223220 2355.7
1223230 2362.3
1223240 2362.3
1223250 2365.3
1223260 2359.0
1223270 2359.0
1223280 2347.9
1223290 2329.2
1223300 2329.2
1223310 2323.2
1223320 2324.6
1223330 2324.6
1223340 2333.6
1223350 2334.0
1223360 2332.6
1223370 2332.6
1223380 2332.8
1223390 2330.8
1223400 2330.8
1223410 2331.6
1223420 2324.3
1223430 2324.3
1223440 2314.9
1223450 2318.8
1223460 2318.8
1223470 2327.8
1223480 2334.4
1223490 2334.4
1223500 2337.1
1223510 2328.2
1223520 2328.2
1223530 2318.4
1223540 2329.5
1223550 2312.6
1223560 2305.2
1223570 2288.2
1223580 2288.2
1223590 2283.3
1223600 2282.4
1223610 2282.4
1223620 2281.8
1223630 2283.2
1223640 2283.2
1223650 2291.1
1223660 2304.8
1223670 2311.6
1223680 2311.6
1223690 2310.6
1223700 2314.1
1223710 2314.1
1223720 2318.2
1223730 2321.3
1223740 2321.3
1223750 2323.4
1223760 2317.5
1223770 2317.5
1223780 2310.4
1223790 2303.5
1223800 2303.5
1223810 2298.4
1223820 2293.2
1223830 2293.2
1223840 2292.8
1223850 2294.5
1223860 2294.5
1223870 2298.0
1223880 2297.8
1223890 2297.8
1223900 2295.5
1223910 2298.3
1223920 2298.3
1223930 2301.6
1223940 2305.6
1223950 2305.6
1223960 2309.4
1223970 2306.6
1223980 2304.2
1223990 2304.2
1224000 2303.1
1224010 2301.4
1224020 2301.4
1224030 2302.0
1224040 2296.1
1224050 2296.1
1224060 2296.1
1224070 2294.9
1224080 2294.9
1224090 2292.6
1224100 2293.7
1224110 2293.7
1224120 2295.7
1224130 2292.1
1224140 2292.1
1224150 2286.0
1224160 2286.7
1224170 2286.7
1224180 2290.4
1224190 2295.7
1224200 2295.7
1224210 2303.2
1224220 2315.2
1224230 2315.2
1224240 2331.3
1224250 2337.4
1224260 2337.4
1224270 2331.2
1224280 2324.4
1224290 2320.3
1224300 2320.3
1224310 2314.4
1224320 2311.4
1224330 2311.4
1224340 2303.5
1224350 2302.0
1224360 2302.0
1224370 2301.8
1224380 2301.4
1224390 2301.4
1224400 2301.2
1224410 2305.4
1224420 2305.4
1224430 2303.6
1224440 2298.0
1224450 2298.0
1224460 2296.1
1224470 2295.4
1224480 2295.4
1224490 2292.8
1224500 2291.5
1224510 2291.5
1224520 2294.3
1224530 2287.4
1224540 2287.4
1224550 2285.7
1224560 2286.1
1224570 2289.0
1224580 2289.0
1224590 2291.7
1224600 2295.2
1224610 2295.2
1224620 2299.3
1224630 2302.5
1224640 2302.5
1224650 2304.2
1224660 2302.2
1224670 2302.2
1224680 2298.1
1224690 2295.4
1224700 2295.4
1224710 2295.4
1224720 2296.4
1224730 2296.4
1224740 2297.6
1224750 2297.9
1224760 2297.9
1224770 2298.8
1224780 2301.1
1224790 2301.1
1224800 2305.1
1224810 2309.9
1224820 2309.9
1224830 2312.6
1224840 2311.4
1224850 2311.4
1224860 2312.7
1224870 2315.9
1224880 2318.3
1224890 2318.3
1224900 2322.5
1224910 2326.9
1224920 2326.9
1224930 2331.8
1224940 2336.0
1224950 2336.0
1224960 2340.5
1224970 2346.0
1224980 2346.0
1224990 2356.0
1225000 2363.3
1225010 2363.3
1225020 2357.3
1225030 2365.6
1225040 2365.6
1225050 2375.3
1225060 2382.4
1225070 2382.4
1225080 2391.9
1225090 2401.9
1225100 2401.9
1225110 2407.8
1225120 2415.7
1225130 2415.7
1225140 2418.5
1225150 2412.6
1225160 2412.6
1225170 2398.6
1225180 2385.9
1225190 2378.6
1225200 2378.6
1225210 2377.3
1225220 2375.6
1225230 2375.6
1225240 2377.9
1225250 2377.8
1225260 2377.8
1225270 2366.8
1225280 2355.6
1225290 2355.6
1225300 2348.0
1225310 2342.3
1225320 2342.3
1225330 2338.1
1225340 2337.6
1225350 2337.6
1225360 2338.0
1225370 2340.9
1225380 2340.9
1225390 2343.1
1225400 2338.5
1225410 2338.5
1225420 2336.8
1225430 2334.0
1225440 2334.0
1225450 2329.1
1225460 2317.4
1225470 2317.4
1225480 2301.1
1225490 2289.4
1225500 2280.5
1225510 2267.4
1225520 2261.0
1225530 2257.0
1225540 2257.0
1225550 2248.3
1225560 2233.5
1225570 2233.5
1225580 2221.5
1225590 2207.9
1225600 2207.9
1225610 2196.3
1225620 2188.4
1225630 2188.4
1225640 2184.7
1225650 2177.9
1225660 2177.9
1225670 2170.1
1225680 2166.1
1225690 2166.1
1225700 2158.3
1225710 2145.7
1225720 2145.7
1225730 2134.2
1225740 2124.8
1225750 2124.8
1225760 2115.8
1225770 2107.2
1225780 2107.2
1225790 2102.8
1225800 2098.6
1225810 2092.7
1225820 2092.7
1225830 2083.9
1225840 2080.1
1225850 2080.1
1225860 2076.9
1225870 2075.0
1225880 2075.0
1225890 2072.0
1225900 2069.5
1225910 2069.5
1225920 2067.6
1225930 2064.7
1225940 2064.7
1225950 2061.5
1225960 2059.2
1225970 2059.2
1225980 2057.7
1225990 2056.0
1226000 2052.7
1226010 2051.6
1226020 2052.0
1226030 2052.0
1226040 2054.1
1226050 2055.9
1226060 2055.9
1226070 2056.4
1226080 2056.1
1226090 2055.1
1226100 2055.1
1226110 2053.4
1226120 2050.3
1226130 2050.3
1226140 2043.1
1226150 2035.9
1226160 2035.9
1226170 2029.6
1226180 2023.3
1226190 2023.3
1226200 2017.3
1226210 2012.0
1226220 2012.0
1226230 2007.1
1226240 2003.7
1226250 2003.7
1226260 2000.9
1226270 1996.6
1226280 1996.6
1226290 1991.6
1226300 1985.8
1226310 1985.8
1226320 1981.2
1226330 1977.3
1226340 1977.3
1226350 1972.5
1226360 1968.2
1226370 1968.2
1226380 1964.1
1226390 1959.9
1226400 1957.7
1226410 1957.7
1226420 1956.7
1226430 1956.7
1226440 1956.7
1226450 1957.6
1226460 1959.1
1226470 1959.1
1226480 1960.6
1226490 1961.5
1226500 1964.3
1226510 1965.6
1226520 1966.5
1226530 1966.5
1226540 1967.3
1226550 1967.9
1226560 1967.9
1226570 1968.2
1226580 1968.5
1226590 1968.5
1226600 1968.1
1226610 1967.3
1226620 1967.3
1226630 1966.6
1226640 1965.5
1226650 1965.5
1226660 1964.7
1226670 1964.2
1226680 1964.2
1226690 1965.6
1226700 1967.8
1226710 1970.2
1226720 1970.2
1226730 1972.8
1226740 1974.9
1226750 1974.9
1226760 1977.5
1226770 1980.5
1226780 1980.5
1226790 1982.9
1226800 1985.4
1226810 1985.4
1226820 1987.2
1226830 1989.5
1226840 1989.5
1226850 1992.9
1226860 1996.7
1226870 1996.7
1226880 2000.5
1226890 2004.5
1226900 2004.5
1226910 2008.6
1226920 2012.8
1226930 2012.8
1226940 2016.6
1226950 2020.9
1226960 2020.9
1226970 2025.7
1226980 2030.4
1226990 2032.8
1227000 2037.5
1227010 2042.8
1227020 2047.9
1227030 2047.9
1227040 2052.9
1227050 2057.9
1227060 2057.9
1227070 2063.0
1227080 2068.6
1227090 2068.6
1227100 2074.1
1227110 2079.8
1227120 2079.8
1227130 2086.1
1227140 2092.7
1227150 2092.7
1227160 2099.4
1227170 2107.3
1227180 2107.3
1227190 2115.2
1227200 2121.7
1227210 2121.7
1227220 2127.8
1227230 2133.7
1227240 2133.7
1227250 2139.9
1227260 2147.0
1227270 2147.0
1227280 2153.7
1227290 2160.0
1227300 2166.8
1227310 2166.8
1227320 2174.1
1227330 2181.7
1227340 2181.7
1227350 2188.8
1227360 2195.8
1227370 2195.8
1227380 2204.2
1227390 2213.4
1227400 2213.4
1227410 2221.9
1227420 2229.8
1227430 2229.8
1227440 2237.9
1227450 2247.1
1227460 2247.1
1227470 2257.0
1227480 2266.8
1227490 2261.2
1227500 2270.0
1227510 2278.9
1227520 2278.9
1227530 2287.6
1227540 2296.8
1227550 2296.8
1227560 2306.6
1227570 2316.2
1227580 2316.2
1227590 2325.0
1227600 2332.9
1227610 2340.1
1227620 2340.1
1227630 2346.4
1227640 2352.1
1227650 2352.1
1227660 2357.6
1227670 2361.4
1227680 2361.4
1227690 2362.5
1227700 2364.4
1227710 2364.4
1227720 2364.3
1227730 2359.5
1227740 2359.5
1227750 2353.6
1227760 2350.4
1227770 2350.4
1227780 2348.9
1227790 2348.1
1227800 2348.1
1227810 2348.2
1227820 2347.9
1227830 2347.9
1227840 2348.2
1227850 2349.4
1227860 2349.4
1227870 2349.5
1227880 2349.2
1227890 2349.2
1227900 2349.4
1227910 2349.5
1227920 2351.6
1227930 2351.6
1227940 2352.6
1227950 2350.5
1227960 2350.5
1227970 2349.7
1227980 2342.0
1227990 2342.0
1228000 2344.7
1228010 2345.7
1228020 2345.7
1228030 2340.4
1228040 2333.7
1228050 2333.7
1228060 2327.3
1228070 2321.2
1228080 2321.2
1228090 2314.8
1228100 2308.2
1228110 2308.2
1228120 2302.3
1228130 2297.6
1228140 2297.6
1228150 2290.6
1228160 2284.6
1228170 2284.6
1228180 2281.0
1228190 2276.3
1228200 2276.3
1228210 2274.9
1228220 2276.7
1228230 2273.1
1228240 2273.1
1228250 2271.8
1228260 2274.9
1228270 2274.9
1228280 2274.0
1228290 2268.8
1228300 2268.8
1228310 2260.7
1228320 2257.7
1228330 2257.7
1228340 2259.5
1228350 2258.7
1228360 2258.7
1228370 2251.6
1228380 2244.1
1228390 2244.1
1228400 2236.5
1228410 2227.1
1228420 2227.1
1228430 2220.6
1228440 2223.0
1228450 2223.0
1228460 2223.7
1228470 2226.8
1228480 2220.1
1228490 2223.4
1228500 2224.1
1228510 2224.1
1228520 2226.1
1228530 2227.2
1228540 2225.6
1228550 2225.6
1228560 2225.2
1228570 2225.4
1228580 2225.4
1228590 2226.8
1228600 2229.0
1228610 2229.0
1228620 2228.6
1228630 2227.7
1228640 2227.7
1228650 2226.6
1228660 2225.7
1228670 2225.7
1228680 2224.8
1228690 2224.5
1228700 2224.5
1228710 2224.8
1228720 2225.6
1228730 2225.6
1228740 2225.8
1228750 2225.9
1228760 2225.9
1228770 2226.2
1228780 2227.1
1228790 2227.1
1228800 2226.7
1228810 2226.2
1228820 2225.7
1228830 2225.7
1228840 2223.9
1228850 2221.5
1228860 2221.5
1228870 2220.9
1228880 2222.2
1228890 2222.2
1228900 2225.1
1228910 2228.3
1228920 2228.3
1228930 2231.3
1228940 2234.8
1228950 2234.8
1228960 2239.1
1228970 2243.9
1228980 2240.5
1228990 2245.9
1229000 2251.4
1229010 2251.4
1229020 2256.9
1229030 2262.0
1229040 2262.0
1229050 2267.0
1229060 2271.9
1229070 2271.9
1229080 2276.4
1229090 2280.9
1229100 2280.9
1229110 2285.5
1229120 2289.7
1229130 2294.0
1229140 2294.0
1229150 2298.6
1229160 2302.9
1229170 2302.9
1229180 2306.8
1229190 2310.5
1229200 2310.5
1229210 2314.2
1229220 2318.6
1229230 2318.6
1229240 2321.3
1229250 2318.7
1229260 2318.7
1229270 2314.9
1229280 2312.6
1229290 2312.6
1229300 2311.2
1229310 2310.8
1229320 2310.8
1229330 2312.0
1229340 2313.6
1229350 2313.6
1229360 2315.9
1229370 2318.8
1229380 2318.8
1229390 2321.9
1229400 2325.9
1229410 2325.9
1229420 2332.7
1229430 2338.6
1229440 2340.9
1229450 2340.9
1229460 2345.5
1229470 2349.5
1229480 2342.0
1229490 2345.8
1229500 2347.0
1229510 2347.0
1229520 2348.1
1229530 2350.3
1229540 2350.3
1229550 2355.0
1229560 2361.9
1229570 2361.9
1229580 2369.9
1229590 2377.6
1229600 2377.6
1229610 2385.2
1229620 2394.0
1229630 2394.0
1229640 2400.9
1229650 2403.9
1229660 2403.9
1229670 2401.8
1229680 2404.7
1229690 2404.7
1229700 2410.8
1229710 2417.5
1229720 2417.5
1229730 2425.7
1229740 2443.9
1229750 2447.5
1229760 2447.5
1229770 2461.7
1229780 2474.7
1229790 2474.7
1229800 2479.2
1229810 2477.0
1229820 2477.0
1229830 2474.0
1229840 2470.7
1229850 2470.7
1229860 2469.5
1229870 2468.8
1229880 2468.8
1229890 2465.9
1229900 2467.7
1229910 2467.7
1229920 2470.5
1229930 2472.2
1229940 2472.2
1229950 2475.5
1229960 2477.6
1229970 2477.6
1229980 2470.1
1229990 2469.2
1230000 2469.2
1230010 2467.8
1230020 2465.7
1230030 2465.7
1230040 2463.2
1230050 2462.7
1230060 2462.5
1230070 2462.5
1230080 2457.7
1230090 2452.4
1230100 2452.4
1230110 2446.6
1230120 2445.4
1230130 2445.4
1230140 2444.7
1230150 2442.8
1230160 2442.8
1230170 2448.8
1230180 2455.1
1230190 2455.1
1230200 2461.8
1230210 2468.4
1230220 2468.4
1230230 2475.0
1230240 2481.5
1230250 2481.5
1230260 2489.7
1230270 2494.7
1230280 2494.7
1230290 2500.3
1230300 2507.8
1230310 2507.8
1230320 2490.8
1230330 2480.9
1230340 2479.5
1230350 2479.5
1230360 2481.6
1230370 2478.1
1230380 2478.1
1230390 2472.0
1230400 2471.7
1230410 2471.7
1230420 2469.9
1230430 2473.2
1230440 2473.2
1230450 2471.2
1230460 2470.7
1230470 2470.7
1230480 2449.9
1230490 2437.1
1230500 2437.1
1230510 2424.7
1230520 2425.3
1230530 2425.3
1230540 2436.0
1230550 2435.2
1230560 2435.2
1230570 2443.8
1230580 2459.9
1230590 2459.9
1230600 2473.3
1230610 2480.0
1230620 2480.0
1230630 2487.2
1230640 2497.0
1230650 2499.7
1230660 2499.7
1230670 2491.7
1230680 2472.4
1230690 2472.4
1230700 2468.3
1230710 2482.9
1230720 2482.9
1230730 2501.7
1230740 2511.7
1230750 2511.7
1230760 2508.0
1230770 2504.7
1230780 2504.7
1230790 2499.3
1230800 2498.6
1230810 2498.6
1230820 2498.7
1230830 2497.7
1230840 2497.7
1230850 2501.4
1230860 2505.9
1230870 2505.9
1230880 2506.0
1230890 2505.4
1230900 2505.4
1230910 2508.8
1230920 2512.9
1230930 2512.9
1230940 2508.1
1230950 2496.0
1230960 2483.1
1230970 2483.1
1230980 2478.9
1230990 2464.1
1231000 2464.1
1231010 2445.7
1231020 2437.3
1231030 2437.3
1231040 2430.7
1231050 2407.5
1231060 2407.5
1231070 2393.0
1231080 2389.8
1231090 2389.8
1231100 2383.1
1231110 2374.0
1231120 2374.0
1231130 2359.8
1231140 2363.0
1231150 2363.0
1231160 2363.9
1231170 2359.8
1231180 2359.8
1231190 2352.3
1231200 2369.0
1231210 2369.0
1231220 2376.3
1231230 2371.4
1231240 2371.4
1231250 2363.9
1231260 2360.3
1231270 2356.6
1231280 2356.6
1231290 2352.1
1231300 2350.5
1231310 2350.5
1231320 2340.9
1231330 2321.5
1231340 2321.5
1231350 2305.0
1231360 2292.4
1231370 2292.4
1231380 2281.0
1231390 2282.7
1231400 2282.7
1231410 2289.3
1231420 2294.5
1231430 2294.5
1231440 2297.8
1231450 2299.4
1231460 2299.4
1231470 2298.0
1231480 2303.6
1231490 2275.1
1231500 2261.2
1231510 2260.8
1231520 2260.8
1231530 2272.4
1231540 2277.1
1231550 2268.3
1231560 2268.3
1231570 2264.1
1231580 2264.2
1231590 2264.2
1231600 2267.0
1231610 2268.8
1231620 2268.8
1231630 2276.1
1231640 2277.5
1231650 2277.5
1231660 2281.2
1231670 2295.8
1231680 2295.8
1231690 2298.4
1231700 2301.3
1231710 2301.3
1231720 2306.0
1231730 2309.6
1231740 2309.6
1231750 2314.6
1231760 2317.1
1231770 2317.1
1231780 2319.1
1231790 2321.1
1231800 2321.1
1231810 2322.8
1231820 2322.9
1231830 2322.9
1231840 2321.7
1231850 2313.8
1231860 2301.6
1231870 2301.6
1231880 2295.2
1231890 2288.0
1231900 2288.0
1231910 2288.6
1231920 2292.8
1231930 2292.8
1231940 2302.4
1231950 2310.9
1231960 2310.9
1231970 2315.1
1231980 2315.4
1231990 2309.0
1232000 2307.1
1232010 2307.9
1232020 2307.9
1232030 2313.3
1232040 2314.5
1232050 2314.5
1232060 2317.3
1232070 2313.7
1232080 2313.7
1232090 2311.3
1232100 2313.5
1232110 2313.5
1232120 2318.0
1232130 2324.7
1232140 2324.7
1232150 2329.2
1232160 2328.0
1232170 2322.0
1232180 2322.0
1232190 2318.1
1232200 2314.9
1232210 2314.9
1232220 2314.2
1232230 2322.0
1232240 2322.0
1232250 2332.9
1232260 2338.3
1232270 2338.3
1232280 2341.7
1232290 2330.7
1232300 2330.7
1232310 2324.4
1232320 2320.7
1232330 2320.7
1232340 2317.3
1232350 2314.8
1232360 2314.8
1232370 2315.9
1232380 2316.5
1232390 2316.5
1232400 2314.6
1232410 2312.6
1232420 2312.6
1232430 2311.2
1232440 2310.4
1232450 2310.4
1232460 2307.3
1232470 2307.4
1232480 2310.5
1232490 2310.5
1232500 2301.2
1232510 2303.4
1232520 2303.4
1232530 2304.5
1232540 2306.7
1232550 2306.7
1232560 2309.7
1232570 2311.8
1232580 2311.8
1232590 2316.0
1232600 2320.4
1232610 2320.4
1232620 2322.1
1232630 2326.4
1232640 2326.4
1232650 2336.4
1232660 2344.4
1232670 2344.4
1232680 2347.6
1232690 2343.8
1232700 2343.8
1232710 2342.7
1232720 2343.5
1232730 2343.5
1232740 2333.3
1232750 2309.5
1232760 2299.6
1232770 2299.6
1232780 2296.1
1232790 2281.3
1232800 2281.3
1232810 2269.1
1232820 2266.8
1232830 2266.8
1232840 2273.2
1232850 2281.3
1232860 2281.3
1232870 2291.0
1232880 2302.6
1232890 2302.6
1232900 2321.5
1232910 2327.9
1232920 2327.9
1232930 2306.5
1232940 2295.6
1232950 2295.6
1232960 2269.4
1232970 2244.1
1232980 2244.1
1232990 2232.9
1233000 2216.8
1233010 2216.8
1233020 2216.7
1233030 2213.9
1233040 2213.9
1233050 2211.4
1233060 2207.6
1233070 2204.3
1233080 2204.3
1233090 2201.9
1233100 2200.4
1233110 2200.4
1233120 2199.5
1233130 2199.1
1233140 2199.1
1233150 2197.6
1233160 2195.5
1233170 2195.5
1233180 2192.1
1233190 2188.3
1233200 2188.3
1233210 2187.4
1233220 2186.5
1233230 2186.5
1233240 2182.1
1233250 2174.9
1233260 2174.9
1233270 2168.8
1233280 2163.4
1233290 2163.4
1233300 2159.9
1233310 2157.9
1233320 2157.9
1233330 2151.0
1233340 2144.7
1233350 2144.7
1233360 2149.5
1233370 2163.1
1233380 2180.1
1233390 2180.1
1233400 2188.3
1233410 2185.2
1233420 2185.2
1233430 2187.9
1233440 2196.3
1233450 2196.3
1233460 2202.8
1233470 2205.0
1233480 2205.0
1233490 2205.8
1233500 2206.7
1233510 2182.2
1233520 2188.2
1233530 2188.4
1233540 2188.4
1233550 2185.3
1233560 2181.3
1233570 2181.3
1233580 2176.1
1233590 2171.3
1233600 2171.3
1233610 2170.4
1233620 2169.6
1233630 2169.6
1233640 2174.9
1233650 2189.3
1233660 2189.3
1233670 2219.8
1233680 2242.2
1233690 2263.1
1233700 2263.1
1233710 2300.3
1233720 2335.0
1233730 2335.0
1233740 2337.3
1233750 2336.6
1233760 2336.6
1233770 2338.8
1233780 2342.4
1233790 2342.4
1233800 2346.3
1233810 2343.3
1233820 2343.3
1233830 2338.2
1233840 2336.8
1233850 2336.8
1233860 2335.9
1233870 2335.7
1233880 2335.7
1233890 2338.9
1233900 2340.9
1233910 2340.9
1233920 2347.9
1233930 2345.6
1233940 2345.6
1233950 2335.7
1233960 2332.8
1233970 2332.8
1233980 2325.7
1233990 2317.0
1234000 2316.9
1234010 2316.9
1234020 2309.9
1234030 2320.7
1234040 2320.7
1234050 2334.3
1234060 2330.8
1234070 2330.8
1234080 2324.0
1234090 2318.9
1234100 2318.9
1234110 2321.5
1234120 2328.3
1234130 2328.3
1234140 2328.0
1234150 2325.1
1234160 2325.1
1234170 2315.2
1234180 2308.0
1234190 2308.0
1234200 2303.7
1234210 2300.2
1234220 2300.2
1234230 2291.4
1234240 2280.3
1234250 2280.3
1234260 2281.9
1234270 2287.3
1234280 2291.2
1234290 2291.2
1234300 2293.5
1234310 2296.3
1234320 2296.3
1234330 2299.2
1234340 2300.6
1234350 2300.6
1234360 2301.3
1234370 2301.2
1234380 2301.2
1234390 2300.7
1234400 2301.0
1234410 2301.0
1234420 2300.2
1234430 2297.7
1234440 2297.7
1234450 2296.3
1234460 2297.4
1234470 2297.4
1234480 2299.0
1234490 2300.8
1234500 2300.8
1234510 2302.1
1234520 2303.3
1234530 2296.5
1234540 2297.3
1234550 2298.7
1234560 2298.7
1234570 2299.2
1234580 2298.6
1234590 2297.7
1234600 2297.7
1234610 2296.2
1234620 2294.6
1234630 2294.6
1234640 2292.4
1234650 2289.6
1234660 2289.6
1234670 2285.7
1234680 2282.8
1234690 2282.8
1234700 2284.1
1234710 2282.8
1234720 2282.8
1234730 2278.2
1234740 2280.0
1234750 2280.0
1234760 2289.1
1234770 2290.3
1234780 2290.3
1234790 2296.4
1234800 2302.3
1234810 2302.3
1234820 2303.0
1234830 2296.3
1234840 2296.3
1234850 2293.7
1234860 2291.1
1234870 2291.1
1234880 2283.5
1234890 2278.2
1234900 2274.3
1234910 2274.3
1234920 2269.5
1234930 2269.9
1234940 2269.9
1234950 2273.1
1234960 2274.6
1234970 2274.6
1234980 2273.3
1234990 2274.0
1235000 2274.0
1235010 2275.9
1235020 2274.4
1235030 2274.4
1235040 2271.9
1235050 2274.3
1235060 2274.3
1235070 2275.3
1235080 2276.6
1235090 2276.6
1235100 2277.6
1235110 2278.2
1235120 2278.2
1235130 2278.7
1235140 2279.8
1235150 2279.8
1235160 2281.5
1235170 2283.0
1235180 2283.0
1235190 2283.0
1235200 2281.9
1235210 2280.5
1235220 2280.5
1235230 2282.8
1235240 2286.5
1235250 2286.5
1235260 2287.9
1235270 2286.7
1235280 2286.7
1235290 2285.2
1235300 2284.9
1235310 2284.9
1235320 2282.4
1235330 2276.6
1235340 2276.6
1235350 2278.1
1235360 2284.4
1235370 2284.4
1235380 2289.6
1235390 2291.1
1235400 2291.1
1235410 2290.7
1235420 2293.3
1235430 2293.3
1235440 2298.5
1235450 2301.1
1235460 2301.1
1235470 2302.8
1235480 2309.4
1235490 2317.6
1235500 2317.6
1235510 2326.8
1235520 2336.7
1235530 2336.7
1235540 2344.0
1235550 2349.6
1235560 2349.6
1235570 2354.5
1235580 2357.4
1235590 2357.4
1235600 2353.7
1235610 2345.8
1235620 2345.8
1235630 2340.6
1235640 2338.7
1235650 2338.7
1235660 2339.0
1235670 2341.1
1235680 2341.1
1235690 2345.1
1235700 2350.1
1235710 2350.1
1235720 2355.6
1235730 2359.8
1235740 2359.8
1235750 2351.8
1235760 2339.9
1235770 2339.9
1235780 2337.7
1235790 2333.0
1235800 2323.1
1235810 2323.1
1235820 2315.7
1235830 2310.9
1235840 2310.9
1235850 2303.4
1235860 2296.0
1235870 2296.0
1235880 2282.6
1235890 2271.1
1235900 2271.1
1235910 2260.9
1235920 2242.4
1235930 2242.4
1235940 2234.8
1235950 2229.8
1235960 2229.8
1235970 2225.4
1235980 2219.3
1235990 2219.3
1236000 2213.6
1236010 2208.1
1236020 2208.1
1236030 2203.3
1236040 2198.3
1236050 2198.3
1236060 2193.1
1236070 2184.8
1236080 2184.8
1236090 2179.3
1236100 2174.1
1236110 2169.1
1236120 2169.1
1236130 2164.4
1236140 2160.5
1236150 2160.5
1236160 2157.6
1236170 2154.6
1236180 2154.6
1236190 2151.4
1236200 2148.5
1236210 2148.5
1236220 2145.4
1236230 2142.3
1236240 2142.3
1236250 2139.2
1236260 2136.4
1236270 2136.4
1236280 2134.9
1236290 2134.1
1236300 2134.1
1236310 2133.0
1236320 2131.6
1236330 2131.6
1236340 2129.6
1236350 2127.5
1236360 2127.5
1236370 2124.7
1236380 2121.6
1236390 2121.6
1236400 2118.8
1236410 2116.5
1236420 2114.9
1236430 2114.9
1236440 2113.8
1236450 2112.4
1236460 2112.4
1236470 2110.8
1236480 2108.8
1236490 2108.8
1236500 2107.2
1236510 2106.3
1236520 2106.3
1236530 2106.7
1236540 2106.7
1236550 2106.7
1236560 2106.7
1236570 2106.8
1236580 2100.3
1236590 2100.4
1236600 2100.8
1236610 2100.8
1236620 2101.2
1236630 2101.6
1236640 2101.6
1236650 2101.9
1236660 2102.3
1236670 2102.3
1236680 2103.1
1236690 2103.0
1236700 2103.2
1236710 2103.2
1236720 2103.1
1236730 2103.7
1236740 2103.7
1236750 2105.1
1236760 2105.6
1236770 2105.6
1236780 2105.4
1236790 2105.4
1236800 2105.4
1236810 2105.1
1236820 2104.3
1236830 2104.3
1236840 2103.9
1236850 2103.8
1236860 2103.8
1236870 2103.9
1236880 2103.7
1236890 2103.7
1236900 2106.3
1236910 2108.9
1236920 2108.9
1236930 2109.5
1236940 2110.5
1236950 2110.5
1236960 2112.0
1236970 2112.9
1236980 2112.9
1236990 2114.3
1237000 2116.2
1237010 2116.9
1237020 2116.9
1237030 2118.8
1237040 2120.6
1237050 2120.6
1237060 2123.2
1237070 2129.6
1237080 2129.6
1237090 2128.4
1237100 2136.7
1237110 2136.7
1237120 2144.2
1237130 2149.4
1237140 2149.4
1237150 2152.4
1237160 2155.0
1237170 2155.0
1237180 2160.6
1237190 2166.6
1237200 2166.6
1237210 2173.5
1237220 2180.8
1237230 2180.8
1237240 2188.8
1237250 2197.1
1237260 2197.1
1237270 2205.7
1237280 2215.2
1237290 2215.2
1237300 2224.7
1237310 2230.8
1237320 2224.7
1237330 2224.7
1237340 2214.1
1237350 2205.0
1237360 2205.0
1237370 2201.3
1237380 2203.9
1237390 2203.9
1237400 2200.4
1237410 2194.9
1237420 2194.9
1237430 2193.7
1237440 2195.1
1237450 2195.1
1237460 2186.7
1237470 2182.0
1237480 2182.0
1237490 2180.2
1237500 2173.1
1237510 2173.1
1237520 2169.2
1237530 2160.0
1237540 2160.0
1237550 2147.7
1237560 2136.4
1237570 2136.4
1237580 2128.7
1237590 2128.3
1237600 2128.3
1237610 2119.2
1237620 2120.9
1237630 2121.7
1237640 2121.7
1237650 2120.6
1237660 2116.3
1237670 2116.3
1237680 2109.9
1237690 2098.4
1237700 2098.4
1237710 2088.3
1237720 2080.0
1237730 2080.0
1237740 2073.8
1237750 2068.3
1237760 2068.3
1237770 2059.8
1237780 2055.2
1237790 2055.2
1237800 2054.8
1237810 2057.8
1237820 2057.8
1237830 2060.5
1237840 2062.4
1237850 2062.4
1237860 2062.6
1237870 2057.0
1237880 2057.0
1237890 2049.4
1237900 2041.4
1237910 2033.4
1237920 2033.4
1237930 2030.8
1237940 2029.9
1237950 2029.9
1237960 2025.0
1237970 2019.5
1237980 2019.5
1237990 2015.1
1238000 2009.7
1238010 2009.7
1238020 2004.9
1238030 2001.2
1238040 2001.2
1238050 1998.9
1238060 1996.7
1238070 1996.7
1238080 1995.6
1238090 1997.0
1238100 1997.0
1238110 1995.6
1238120 1995.4
1238130 1990.4
1238140 1988.4
1238150 1985.6
1238160 1985.6
1238170 1982.3
1238180 1979.2
1238190 1979.2
1238200 1977.6
1238210 1977.2
1238220 1976.8
1238230 1976.8
1238240 1975.6
1238250 1973.9
1238260 1973.9
1238270 1972.4
1238280 1970.6
1238290 1970.6
1238300 1972.1
1238310 1972.9
1238320 1972.9
1238330 1971.7
1238340 1971.6
1238350 1971.6
1238360 1974.2
1238370 1976.7
1238380 1976.7
1238390 1979.6
1238400 1980.7
1238410 1980.7
1238420 1978.2
1238430 1972.3
1238440 1972.3
1238450 1964.2
1238460 1955.9
1238470 1955.9
1238480 1948.4
1238490 1942.3
1238500 1942.3
1238510 1939.2
1238520 1938.2
1238530 1936.3
1238540 1936.3
1238550 1934.3
1238560 1933.1
1238570 1933.1
1238580 1930.0
1238590 1923.8
1238600 1923.8
1238610 1917.0
1238620 1911.3
1238630 1911.3
1238640 1906.1
1238650 1895.8
1238660 1895.8
1238670 1890.6
1238680 1885.2
1238690 1885.2
1238700 1880.4
1238710 1875.9
1238720 1875.9
1238730 1871.5
1238740 1866.9
1238750 1866.9
1238760 1862.3
1238770 1858.0
1238780 1858.0
1238790 1853.6
1238800 1849.3
1238810 1849.3
1238820 1845.7
1238830 1842.2
1238840 1838.8
1238850 1838.8
1238860 1836.9
1238870 1835.1
1238880 1835.1
1238890 1833.6
1238900 1831.7
1238910 1831.7
1238920 1829.1
1238930 1826.2
1238940 1826.2
1238950 1824.2
1238960 1822.3
1238970 1822.3
1238980 1820.6
1238990 1819.7
1239000 1819.7
1239010 1818.7
1239020 1816.9
1239030 1816.9
1239040 1814.9
1239050 1813.5
1239060 1813.5
1239070 1812.0
1239080 1810.0
1239090 1810.0
1239100 1807.9
1239110 1806.0
1239120 1806.0
1239130 1803.9
1239140 1802.0
1239150 1799.7
1239160 1799.7
1239170 1798.5
1239180 1794.5
1239190 1794.5
1239200 1790.8
1239210 1785.5
1239220 1785.5
1239230 1781.4
1239240 1778.4
1239250 1778.4
1239260 1774.4
1239270 1770.5
1239280 1770.5
1239290 1767.1
1239300 1763.1
1239310 1763.1
1239320 1760.3
1239330 1757.5
1239340 1757.5
1239350 1754.9
1239360 1751.6
1239370 1751.6
1239380 1748.7
1239390 1746.8
1239400 1746.8
1239410 1745.0
1239420 1741.7
1239430 1738.9
1239440 1738.9
1239450 1736.0
1239460 1734.0
1239470 1734.0
1239480 1733.4
1239490 1732.3
1239500 1732.3
1239510 1730.8
1239520 1729.3
1239530 1729.3
1239540 1728.3
1239550 1726.0
1239560 1726.0
1239570 1722.8
1239580 1720.3
1239590 1720.3
1239600 1719.6
1239610 1717.1
1239620 1717.1
1239630 1711.9
1239640 1706.2
1239650 1706.2
1239660 1700.6
1239670 1696.4
1239680 1696.4
1239690 1691.9
1239700 1690.0
1239710 1690.0
1239720 1688.5
1239730 1687.2
1239740 1685.2
1239750 1685.2
1239760 1681.7
1239770 1678.7
1239780 1678.7
1239790 1676.0
1239800 1673.3
1239810 1673.3
1239820 1670.8
1239830 1669.8
1239840 1669.8
1239850 1668.8
1239860 1665.6
1239870 1665.6
1239880 1661.8
1239890 1658.3
1239900 1658.3
1239910 1655.8
1239920 1653.1
1239930 1653.1
1239940 1651.0
1239950 1650.8
1239960 1650.8
1239970 1652.4
1239980 1653.0
1239990 1653.0
