1220000 1594.9
1220010 1599.1
1220020 1602.2
1220030 1602.2
1220040 1607.3
1220050 1613.0
1220060 1613.0
1220070 1619.5
1220080 1624.8
1220090 1624.8
1220100 1630.2
1220110 1636.2
1220120 1636.2
1220130 1639.3
1220140 1641.9
1220150 1641.9
1220160 1643.8
1220170 1646.0
1220180 1646.0
1220190 1649.8
1220200 1655.0
1220210 1655.0
1220220 1659.6
1220230 1650.4
1220240 1650.4
1220250 1648.5
1220260 1644.8
1220270 1644.8
1220280 1643.3
1220290 1642.1
1220300 1642.9
1220310 1642.9
1220320 1638.9
1220330 1634.4
1220340 1634.4
1220350 1635.6
1220360 1640.6
1220370 1640.6
1220380 1644.7
1220390 1647.1
1220400 1647.1
1220410 1648.5
1220420 1650.5
1220430 1650.5
1220440 1652.5
1220450 1654.5
1220460 1654.5
1220470 1656.3
1220480 1659.8
1220490 1659.8
1220500 1663.7
1220510 1666.6
1220520 1666.6
1220530 1667.9
1220540 1668.8
1220550 1668.8
1220560 1671.2
1220570 1673.4
1220580 1673.4
1220590 1675.3
1220600 1678.3
1220610 1681.5
1220620 1681.5
1220630 1685.9
1220640 1690.5
1220650 1690.5
1220660 1694.9
1220670 1699.3
1220680 1699.3
1220690 1703.6
1220700 1708.2
1220710 1703.4
1220720 1708.5
1220730 1715.0
1220740 1715.0
1220750 1722.0
1220760 1727.3
1220770 1727.3
1220780 1730.1
1220790 1733.0
1220800 1733.0
1220810 1736.5
1220820 1739.9
1220830 1739.9
1220840 1743.2
1220850 1746.2
1220860 1746.2
1220870 1749.2
1220880 1752.1
1220890 1754.6
1220900 1754.6
1220910 1757.5
1220920 1760.2
1220930 1760.2
1220940 1762.9
1220950 1765.6
1220960 1765.6
1220970 1767.7
1220980 1769.0
1220990 1769.0
1221000 1770.6
1221010 1770.6
1221020 1770.6
1221030 1768.3
1221040 1770.1
1221050 1770.1
1221060 1776.4
1221070 1780.8
1221080 1780.8
1221090 1782.7
1221100 1788.0
1221110 1788.0
1221120 1795.8
1221130 1800.9
1221140 1800.9
1221150 1798.6
1221160 1796.4
1221170 1796.4
1221180 1796.5
1221190 1792.1
1221200 1797.7
1221210 1797.7
1221220 1804.9
1221230 1809.9
1221240 1809.9
1221250 1815.6
1221260 1821.7
1221270 1821.7
1221280 1826.7
1221290 1830.2
1221300 1830.2
1221310 1835.8
1221320 1840.7
1221330 1840.7
1221340 1843.2
1221350 1846.4
1221360 1846.4
1221370 1851.5
1221380 1855.3
1221390 1855.3
1221400 1858.3
1221410 1860.3
1221420 1860.3
1221430 1862.0
1221440 1863.5
1221450 1863.5
1221460 1864.2
1221470 1864.1
1221480 1864.1
1221490 1864.2
1221500 1865.1
1221510 1866.8
1221520 1866.8
1221530 1868.7
1221540 1871.4
1221550 1871.4
1221560 1875.2
1221570 1878.3
1221580 1878.3
1221590 1880.5
1221600 1881.9
1221610 1881.9
1221620 1884.1
1221630 1886.6
1221640 1886.6
1221650 1888.7
1221660 1891.1
1221670 1891.1
1221680 1887.4
1221690 1890.2
1221700 1890.2
1221710 1892.8
1221720 1894.5
1221730 1894.5
1221740 1895.6
1221750 1898.1
1221760 1898.1
1221770 1903.8
1221780 1908.6
1221790 1908.6
1221800 1915.0
1221810 1914.5
1221820 1914.8
1221830 1914.8
1221840 1916.3
1221850 1917.7
1221860 1917.7
1221870 1921.1
1221880 1925.6
1221890 1925.6
1221900 1930.4
1221910 1934.9
1221920 1934.9
1221930 1939.8
1221940 1944.4
1221950 1944.4
1221960 1948.6
1221970 1951.2
1221980 1951.2
1221990 1952.9
1222000 1954.9
1222010 1954.9
1222020 1954.8
1222030 1960.6
1222040 1960.6
1222050 1966.0
1222060 1970.4
1222070 1970.4
1222080 1974.7
1222090 1979.2
1222100 1979.2
1222110 1984.9
1222120 1989.4
1222130 1992.4
1222140 1992.4
1222150 1994.1
1222160 1999.4
1222170 1999.4
1222180 2006.5
1222190 2013.5
1222200 2013.5
1222210 2020.1
1222220 2026.6
1222230 2026.6
1222240 2033.0
1222250 2038.8
1222260 2038.8
1222270 2042.6
1222280 2045.2
1222290 2045.2
1222300 2048.9
1222310 2054.0
1222320 2054.0
1222330 2060.8
1222340 2068.6
1222350 2068.6
1222360 2076.7
1222370 2077.7
1222380 2077.7
1222390 2069.3
1222400 2071.6
1222410 2071.6
1222420 2075.4
1222430 2082.1
1222440 2093.4
1222450 2093.4
1222460 2104.1
1222470 2112.9
1222480 2112.9
1222490 2121.3
1222500 2130.6
1222510 2130.6
1222520 2139.5
1222530 2148.6
1222540 2148.6
1222550 2159.0
1222560 2168.8
1222570 2168.8
1222580 2178.9
1222590 2189.3
1222600 2189.3
1222610 2195.9
1222620 2193.7
1222630 2193.7
1222640 2179.4
1222650 2161.9
1222660 2161.9
1222670 2156.9
1222680 2156.4
1222690 2156.4
1222700 2157.1
1222710 2157.7
1222720 2157.7
1222730 2157.7
1222740 2162.3
1222750 2174.7
1222760 2174.7
1222770 2187.5
1222780 2198.4
1222790 2198.4
1222800 2212.5
1222810 2226.5
1222820 2226.5
1222830 2239.1
1222840 2249.2
1222850 2249.2
1222860 2256.8
1222870 2264.6
1222880 2264.6
1222890 2274.3
1222900 2287.1
1222910 2287.1
1222920 2301.2
1222930 2310.0
1222940 2310.0
1222950 2317.0
1222960 2333.1
1222970 2333.1
1222980 2361.5
1222990 2383.9
1223000 2383.9
1223010 2400.5
1223020 2407.0
1223030 2413.6
1223040 2413.6
1223050 2433.1
1223060 2455.1
1223070 2455.1
1223080 2470.6
1223090 2488.5
1223100 2488.5
1223110 2495.9
1223120 2502.7
1223130 2502.7
1223140 2490.5
1223150 2483.0
1223160 2483.0
1223170 2479.3
1223180 2488.9
1223190 2488.9
1223200 2503.5
1223210 2525.5
1223220 2525.5
1223230 2531.3
1223240 2531.9
1223250 2531.9
1223260 2528.3
1223270 2517.2
1223280 2517.2
1223290 2480.3
1223300 2466.5
1223310 2466.5
1223320 2484.3
1223330 2493.2
1223340 2506.0
1223350 2506.0
1223360 2517.0
1223370 2527.2
1223380 2527.2
1223390 2532.2
1223400 2494.5
1223410 2494.5
1223420 2471.2
1223430 2478.6
1223440 2478.6
1223450 2484.5
1223460 2498.7
1223470 2498.7
1223480 2515.1
1223490 2529.7
1223500 2529.7
1223510 2525.4
1223520 2517.2
1223530 2517.2
1223540 2502.0
1223550 2491.1
1223560 2491.1
1223570 2488.6
1223580 2479.0
1223590 2479.0
1223600 2465.6
1223610 2457.3
1223620 2457.3
1223630 2444.2
1223640 2453.2
1223650 2461.8
1223660 2461.8
1223670 2454.1
1223680 2449.7
1223690 2449.7
1223700 2451.6
1223710 2456.6
1223720 2456.6
1223730 2449.0
1223740 2439.8
1223750 2439.8
1223760 2440.8
1223770 2447.0
1223780 2447.0
1223790 2456.8
1223800 2456.9
1223810 2456.9
1223820 2455.4
1223830 2462.5
1223840 2462.5
1223850 2465.3
1223860 2454.8
1223870 2454.8
1223880 2443.0
1223890 2436.6
1223900 2436.6
1223910 2434.2
1223920 2431.3
1223930 2431.3
1223940 2421.9
1223950 2413.1
1223960 2407.8
1223970 2407.8
1223980 2406.4
1223990 2399.8
1224000 2399.8
1224010 2397.6
1224020 2395.9
1224030 2395.9
1224040 2396.3
1224050 2397.5
1224060 2397.5
1224070 2398.9
1224080 2399.7
1224090 2399.7
1224100 2402.2
1224110 2395.3
1224120 2395.3
1224130 2396.2
1224140 2400.6
1224150 2400.6
1224160 2404.6
1224170 2399.9
1224180 2399.9
1224190 2401.1
1224200 2403.2
1224210 2403.2
1224220 2405.8
1224230 2408.4
1224240 2410.8
1224250 2410.8
1224260 2415.1
1224270 2416.1
1224280 2416.1
1224290 2419.3
1224300 2419.3
1224310 2419.3
1224320 2416.8
1224330 2417.5
1224340 2417.5
1224350 2423.5
1224360 2432.8
1224370 2432.8
1224380 2441.1
1224390 2430.8
1224400 2430.8
1224410 2414.3
1224420 2409.4
1224430 2409.4
1224440 2409.4
1224450 2412.3
1224460 2412.3
1224470 2416.1
1224480 2411.1
1224490 2411.1
1224500 2407.9
1224510 2409.0
1224520 2409.0
1224530 2414.6
1224540 2421.7
1224550 2431.1
1224560 2431.1
1224570 2445.6
1224580 2451.6
1224590 2451.6
1224600 2433.1
1224610 2436.1
1224620 2436.1
1224630 2432.5
1224640 2421.9
1224650 2421.9
1224660 2410.1
1224670 2401.8
1224680 2401.8
1224690 2395.0
1224700 2396.2
1224710 2396.2
1224720 2401.0
1224730 2403.4
1224740 2403.4
1224750 2406.1
1224760 2413.0
1224770 2413.0
1224780 2420.1
1224790 2420.7
1224800 2420.7
1224810 2425.5
1224820 2429.4
1224830 2429.4
1224840 2435.2
1224850 2442.1
1224860 2452.1
1224870 2452.1
1224880 2460.4
1224890 2456.0
1224900 2456.0
1224910 2435.3
1224920 2421.1
1224930 2421.1
1224940 2417.5
1224950 2412.6
1224960 2412.6
1224970 2399.8
1224980 2395.9
1224990 2395.9
1225000 2391.1
1225010 2390.3
1225020 2390.3
1225030 2393.2
1225040 2399.2
1225050 2399.2
1225060 2399.3
1225070 2403.7
1225080 2403.7
1225090 2400.0
1225100 2429.1
1225110 2429.1
1225120 2413.7
1225130 2405.6
1225140 2405.6
1225150 2381.9
1225160 2374.7
1225170 2378.2
1225180 2378.2
1225190 2381.1
1225200 2384.5
1225210 2384.5
1225220 2386.8
1225230 2388.6
1225240 2388.6
1225250 2393.3
1225260 2396.1
1225270 2396.1
1225280 2399.2
1225290 2404.5
1225300 2404.5
1225310 2409.6
1225320 2413.3
1225330 2413.3
1225340 2416.4
1225350 2420.0
1225360 2420.0
1225370 2420.8
1225380 2415.9
1225390 2415.9
1225400 2405.8
1225410 2395.8
1225420 2395.8
1225430 2385.8
1225440 2370.0
1225450 2370.0
1225460 2358.8
1225470 2349.3
1225480 2330.7
1225490 2330.7
1225500 2330.1
1225510 2329.0
1225520 2329.0
1225530 2328.5
1225540 2325.0
1225550 2325.0
1225560 2316.2
1225570 2304.0
1225580 2304.0
1225590 2295.3
1225600 2285.3
1225610 2285.3
1225620 2276.4
1225630 2267.1
1225640 2267.1
1225650 2260.5
1225660 2255.0
1225670 2255.0
1225680 2249.4
1225690 2243.9
1225700 2243.9
1225710 2239.7
1225720 2235.0
1225730 2235.0
1225740 2226.4
1225750 2225.0
1225760 2228.5
1225770 2228.5
1225780 2225.6
1225790 2215.4
1225800 2215.4
1225810 2204.9
1225820 2196.8
1225830 2196.8
1225840 2189.3
1225850 2179.3
1225860 2179.3
1225870 2170.1
1225880 2162.8
1225890 2162.8
1225900 2155.4
1225910 2147.5
1225920 2147.5
1225930 2139.8
1225940 2132.2
1225950 2132.2
1225960 2125.7
1225970 2119.6
1225980 2119.6
1225990 2113.5
1226000 2105.6
1226010 2105.6
1226020 2096.8
1226030 2088.2
1226040 2088.2
1226050 2080.6
1226060 2072.3
1226070 2063.9
1226080 2058.8
1226090 2050.2
1226100 2042.4
1226110 2042.4
1226120 2035.9
1226130 2030.2
1226140 2030.2
1226150 2023.9
1226160 2017.4
1226170 2017.4
1226180 2010.9
1226190 2004.5
1226200 2004.5
1226210 1998.5
1226220 1993.7
1226230 1993.7
1226240 1989.6
1226250 1984.1
1226260 1984.1
1226270 1978.0
1226280 1972.4
1226290 1972.4
1226300 1967.7
1226310 1963.3
1226320 1963.3
1226330 1959.1
1226340 1955.1
1226350 1955.1
1226360 1951.0
1226370 1946.8
1226380 1942.9
1226390 1942.9
1226400 1938.9
1226410 1935.3
1226420 1935.3
1226430 1932.1
1226440 1927.6
1226450 1927.6
1226460 1927.1
1226470 1928.0
1226480 1928.0
1226490 1928.1
1226500 1928.6
1226510 1928.6
1226520 1929.0
1226530 1929.1
1226540 1929.1
1226550 1929.2
1226560 1929.2
1226570 1931.8
1226580 1932.0
1226590 1932.4
1226600 1932.4
1226610 1933.9
1226620 1935.5
1226630 1935.5
1226640 1937.4
1226650 1939.0
1226660 1939.0
1226670 1940.8
1226680 1942.5
1226690 1944.0
1226700 1944.0
1226710 1945.2
1226720 1946.7
1226730 1946.7
1226740 1948.1
1226750 1949.7
1226760 1949.7
1226770 1952.7
1226780 1955.8
1226790 1955.8
1226800 1958.7
1226810 1962.0
1226820 1962.0
1226830 1965.2
1226840 1968.6
1226850 1968.6
1226860 1972.7
1226870 1977.0
1226880 1977.0
1226890 1981.6
1226900 1986.2
1226910 1986.2
1226920 1991.0
1226930 1996.1
1226940 1996.1
1226950 2001.1
1226960 2006.1
1226970 2011.1
1226980 2011.1
1226990 2016.1
1227000 2021.4
1227010 2021.4
1227020 2026.6
1227030 2031.9
1227040 2031.9
1227050 2037.3
1227060 2042.8
1227070 2045.0
1227080 2050.6
1227090 2056.2
1227100 2056.2
1227110 2061.9
1227120 2067.4
1227130 2067.4
1227140 2073.3
1227150 2079.3
1227160 2079.3
1227170 2085.3
1227180 2091.1
1227190 2091.1
1227200 2097.3
1227210 2103.5
1227220 2103.5
1227230 2109.8
1227240 2116.7
1227250 2116.7
1227260 2124.0
1227270 2131.4
1227280 2139.4
1227290 2139.4
1227300 2148.2
1227310 2156.4
1227320 2156.4
1227330 2163.7
1227340 2171.1
1227350 2171.1
1227360 2178.5
1227370 2186.6
1227380 2186.6
1227390 2195.0
1227400 2201.8
1227410 2201.8
1227420 2206.0
1227430 2209.9
1227440 2209.9
1227450 2215.8
1227460 2221.5
1227470 2221.5
1227480 2227.1
1227490 2234.5
1227500 2234.5
1227510 2242.1
1227520 2244.0
1227530 2244.0
1227540 2243.1
1227550 2241.6
1227560 2241.6
1227570 2249.5
1227580 2251.7
1227590 2253.5
1227600 2253.5
1227610 2255.3
1227620 2257.6
1227630 2257.6
1227640 2265.7
1227650 2273.5
1227660 2273.5
1227670 2281.8
1227680 2283.6
1227690 2283.6
1227700 2283.1
1227710 2283.7
1227720 2283.7
1227730 2285.2
1227740 2288.6
1227750 2288.6
1227760 2293.9
1227770 2298.8
1227780 2298.8
1227790 2304.5
1227800 2309.2
1227810 2309.2
1227820 2312.6
1227830 2308.6
1227840 2308.6
1227850 2303.6
1227860 2302.3
1227870 2302.3
1227880 2301.7
1227890 2301.6
1227900 2298.1
1227910 2298.1
1227920 2291.3
1227930 2284.3
1227940 2284.3
1227950 2280.1
1227960 2279.3
1227970 2279.3
1227980 2280.0
1227990 2281.4
1228000 2281.4
1228010 2281.1
1228020 2281.9
1228030 2281.9
1228040 2283.9
1228050 2280.8
1228060 2283.9
1228070 2277.3
1228080 2272.8
1228090 2272.8
1228100 2271.9
1228110 2272.1
1228120 2272.1
1228130 2273.1
1228140 2277.3
1228150 2277.3
1228160 2282.5
1228170 2286.7
1228180 2286.7
1228190 2289.9
1228200 2292.3
1228210 2294.6
1228220 2294.6
1228230 2297.7
1228240 2301.3
1228250 2301.3
1228260 2305.3
1228270 2310.2
1228280 2310.2
1228290 2314.1
1228300 2312.4
1228310 2312.4
1228320 2307.1
1228330 2303.0
1228340 2303.0
1228350 2298.1
1228360 2296.2
1228370 2296.2
1228380 2299.5
1228390 2303.6
1228400 2303.6
1228410 2305.6
1228420 2302.5
1228430 2302.5
1228440 2303.4
1228450 2307.6
1228460 2307.6
1228470 2311.6
1228480 2311.4
1228490 2307.3
1228500 2307.3
1228510 2303.1
1228520 2298.3
1228530 2298.3
1228540 2293.6
1228550 2290.8
1228560 2286.2
1228570 2283.9
1228580 2280.8
1228590 2280.8
1228600 2277.7
1228610 2274.7
1228620 2274.7
1228630 2272.2
1228640 2271.5
1228650 2271.5
1228660 2271.1
1228670 2269.9
1228680 2269.9
1228690 2267.7
1228700 2265.4
1228710 2265.4
1228720 2262.5
1228730 2260.7
1228740 2260.7
1228750 2258.8
1228760 2256.5
1228770 2256.5
1228780 2254.4
1228790 2252.9
1228800 2252.4
1228810 2252.4
1228820 2253.5
1228830 2256.2
1228840 2256.2
1228850 2260.0
1228860 2264.7
1228870 2264.7
1228880 2269.4
1228890 2274.1
1228900 2274.1
1228910 2279.0
1228920 2284.4
1228930 2284.4
1228940 2289.9
1228950 2295.1
1228960 2295.1
1228970 2299.9
1228980 2304.6
1228990 2304.6
1229000 2309.3
1229010 2314.0
1229020 2314.0
1229030 2318.8
1229040 2323.7
1229050 2323.7
1229060 2323.1
1229070 2328.2
1229080 2328.2
1229090 2333.5
1229100 2338.7
1229110 2343.2
1229120 2343.2
1229130 2347.7
1229140 2352.6
1229150 2352.6
1229160 2358.7
1229170 2365.1
1229180 2365.1
1229190 2370.3
1229200 2377.7
1229210 2377.7
1229220 2382.0
1229230 2386.6
1229240 2386.6
1229250 2393.4
1229260 2398.8
1229270 2398.8
1229280 2403.2
1229290 2407.2
1229300 2407.2
1229310 2411.2
1229320 2413.6
1229330 2413.6
1229340 2420.0
1229350 2427.4
1229360 2427.4
1229370 2433.4
1229380 2440.5
1229390 2440.5
1229400 2449.6
1229410 2457.3
1229420 2462.1
1229430 2462.1
1229440 2473.1
1229450 2472.2
1229460 2472.2
1229470 2462.5
1229480 2455.4
1229490 2455.4
1229500 2457.3
1229510 2461.1
1229520 2461.1
1229530 2464.1
1229540 2466.0
1229550 2466.0
1229560 2456.5
1229570 2462.8
1229580 2462.8
1229590 2470.4
1229600 2479.1
1229610 2479.1
1229620 2491.3
1229630 2497.4
1229640 2497.4
1229650 2497.7
1229660 2493.9
1229670 2493.9
1229680 2491.2
1229690 2490.8
1229700 2490.8
1229710 2491.6
1229720 2493.0
1229730 2492.9
1229740 2492.9
1229750 2492.1
1229760 2490.8
1229770 2490.8
1229780 2489.1
1229790 2486.1
1229800 2486.1
1229810 2481.2
1229820 2485.2
1229830 2485.2
1229840 2492.7
1229850 2497.2
1229860 2497.2
1229870 2501.1
1229880 2502.7
1229890 2502.7
1229900 2501.1
1229910 2501.9
1229920 2501.9
1229930 2499.7
1229940 2501.6
1229950 2501.6
1229960 2503.0
1229970 2504.6
1229980 2504.6
1229990 2507.8
1230000 2512.3
1230010 2517.3
1230020 2517.3
1230030 2523.6
1230040 2528.6
1230050 2528.6
1230060 2542.9
1230070 2550.5
1230080 2550.5
1230090 2546.8
1230100 2541.0
1230110 2541.0
1230120 2536.6
1230130 2532.5
1230140 2532.5
1230150 2530.4
1230160 2528.7
1230170 2528.7
1230180 2527.5
1230190 2527.2
1230200 2527.2
1230210 2527.2
1230220 2527.7
1230230 2527.7
1230240 2529.3
1230250 2531.7
1230260 2531.7
1230270 2534.8
1230280 2538.6
1230290 2538.6
1230300 2543.3
1230310 2547.3
1230320 2550.9
1230330 2550.9
1230340 2556.5
1230350 2563.1
1230360 2563.1
1230370 2569.6
1230380 2576.0
1230390 2576.0
1230400 2582.2
1230410 2587.6
1230420 2587.6
1230430 2584.5
1230440 2579.0
1230450 2579.0
1230460 2575.8
1230470 2572.5
1230480 2572.5
1230490 2570.6
1230500 2570.7
1230510 2570.7
1230520 2571.7
1230530 2575.1
1230540 2575.1
1230550 2580.2
1230560 2579.2
1230570 2579.2
1230580 2579.6
1230590 2579.4
1230600 2579.4
1230610 2580.5
1230620 2584.9
1230630 2592.9
1230640 2592.9
1230650 2599.8
1230660 2606.5
1230670 2606.5
1230680 2612.7
1230690 2616.7
1230700 2616.7
1230710 2614.4
1230720 2611.5
1230730 2611.5
1230740 2610.2
1230750 2610.6
1230760 2610.6
1230770 2607.1
1230780 2602.0
1230790 2602.0
1230800 2597.5
1230810 2593.4
1230820 2593.4
1230830 2591.6
1230840 2594.1
1230850 2594.1
1230860 2597.7
1230870 2600.8
1230880 2600.8
1230890 2598.1
1230900 2598.7
1230910 2598.7
1230920 2598.1
1230930 2596.3
1230940 2594.3
1230950 2594.3
1230960 2592.1
1230970 2590.2
1230980 2590.2
1230990 2588.5
1231000 2588.8
1231010 2588.8
1231020 2593.5
1231030 2594.3
1231040 2594.3
1231050 2583.3
1231060 2564.0
1231070 2564.0
1231080 2563.0
1231090 2558.4
1231100 2558.4
1231110 2550.5
1231120 2545.8
1231130 2545.8
1231140 2550.3
1231150 2553.4
1231160 2553.4
1231170 2546.1
1231180 2531.2
1231190 2531.2
1231200 2522.5
1231210 2511.9
1231220 2511.9
1231230 2501.3
1231240 2491.7
1231250 2473.4
1231260 2473.4
1231270 2419.0
1231280 2406.7
1231290 2406.7
1231300 2410.1
1231310 2414.7
1231320 2414.7
1231330 2422.6
1231340 2430.6
1231350 2430.6
1231360 2441.1
1231370 2441.4
1231380 2441.4
1231390 2432.3
1231400 2423.3
1231410 2423.3
1231420 2414.9
1231430 2409.8
1231440 2409.8
1231450 2406.5
1231460 2407.0
1231470 2407.0
1231480 2406.1
1231490 2410.9
1231500 2410.9
1231510 2416.7
1231520 2419.8
1231530 2420.7
1231540 2420.7
1231550 2421.7
1231560 2420.3
1231570 2408.0
1231580 2410.1
1231590 2410.5
1231600 2410.5
1231610 2413.1
1231620 2408.5
1231630 2408.5
1231640 2400.4
1231650 2395.8
1231660 2395.8
1231670 2391.7
1231680 2389.1
1231690 2389.1
1231700 2389.7
1231710 2390.9
1231720 2390.9
1231730 2394.2
1231740 2395.9
1231750 2395.9
1231760 2399.2
1231770 2399.7
1231780 2399.7
1231790 2397.7
1231800 2401.9
1231810 2401.9
1231820 2407.7
1231830 2410.4
1231840 2410.2
1231850 2410.2
1231860 2412.1
1231870 2418.0
1231880 2418.0
1231890 2421.6
1231900 2423.7
1231910 2423.7
1231920 2426.0
1231930 2426.9
1231940 2426.9
1231950 2432.5
1231960 2435.8
1231970 2435.8
1231980 2427.9
1231990 2423.7
1232000 2423.7
1232010 2427.1
1232020 2430.6
1232030 2430.6
1232040 2426.8
1232050 2430.4
1232060 2430.4
1232070 2430.8
1232080 2426.8
1232090 2426.8
1232100 2421.6
1232110 2421.5
1232120 2421.5
1232130 2422.2
1232140 2417.6
1232150 2416.5
1232160 2416.5
1232170 2420.4
1232180 2425.6
1232190 2425.6
1232200 2425.4
1232210 2424.4
1232220 2424.4
1232230 2423.2
1232240 2424.7
1232250 2424.7
1232260 2428.7
1232270 2428.6
1232280 2428.6
1232290 2430.1
1232300 2432.2
1232310 2432.2
1232320 2435.6
1232330 2435.4
1232340 2435.4
1232350 2435.1
1232360 2436.0
1232370 2436.0
1232380 2440.0
1232390 2445.5
1232400 2445.5
1232410 2450.8
1232420 2454.4
1232430 2454.4
1232440 2452.6
1232450 2449.5
1232460 2448.1
1232470 2448.1
1232480 2450.2
1232490 2456.4
1232500 2456.4
1232510 2460.8
1232520 2467.3
1232530 2467.3
1232540 2470.1
1232550 2467.8
1232560 2467.8
1232570 2468.5
1232580 2469.9
1232590 2469.9
1232600 2473.2
1232610 2473.6
1232620 2473.6
1232630 2473.0
1232640 2473.8
1232650 2473.8
1232660 2470.7
1232670 2465.4
1232680 2465.4
1232690 2464.6
1232700 2468.0
1232710 2468.0
1232720 2471.6
1232730 2468.7
1232740 2470.5
1232750 2470.5
1232760 2469.6
1232770 2462.3
1232780 2462.3
1232790 2462.0
1232800 2454.4
1232810 2454.4
1232820 2446.5
1232830 2446.9
1232840 2446.9
1232850 2453.1
1232860 2459.2
1232870 2459.2
1232880 2465.7
1232890 2469.7
1232900 2469.7
1232910 2473.2
1232920 2477.1
1232930 2477.1
1232940 2481.8
1232950 2486.6
1232960 2486.6
1232970 2481.1
1232980 2476.1
1232990 2476.1
1233000 2475.8
1233010 2476.5
1233020 2476.5
1233030 2478.7
1233040 2481.4
1233050 2479.0
1233060 2479.0
1233070 2474.5
1233080 2470.5
1233090 2461.8
1233100 2458.7
1233110 2454.8
1233120 2454.8
1233130 2449.3
1233140 2431.3
1233150 2431.3
1233160 2410.5
1233170 2394.4
1233180 2394.4
1233190 2380.5
1233200 2375.7
1233210 2375.7
1233220 2372.5
1233230 2380.5
1233240 2380.5
1233250 2396.1
1233260 2399.5
1233270 2399.5
1233280 2398.3
1233290 2383.0
1233300 2383.0
1233310 2361.6
1233320 2356.0
1233330 2356.0
1233340 2366.1
1233350 2374.6
1233360 2385.9
1233370 2385.9
1233380 2387.2
1233390 2380.9
1233400 2380.9
1233410 2382.4
1233420 2375.7
1233430 2375.7
1233440 2372.5
1233450 2378.3
1233460 2378.3
1233470 2385.7
1233480 2386.1
1233490 2386.1
1233500 2384.0
1233510 2387.2
1233520 2387.2
1233530 2390.6
1233540 2389.0
1233550 2389.0
1233560 2384.4
1233570 2378.6
1233580 2378.6
1233590 2347.4
1233600 2333.5
1233610 2333.5
1233620 2327.2
1233630 2330.3
1233640 2330.3
1233650 2336.4
1233660 2342.9
1233670 2346.4
1233680 2346.4
1233690 2353.5
1233700 2360.9
1233710 2360.9
1233720 2367.7
1233730 2375.1
1233740 2375.1
1233750 2381.2
1233760 2400.7
1233770 2400.7
1233780 2431.3
1233790 2440.6
1233800 2440.6
1233810 2448.0
1233820 2447.0
1233830 2447.0
1233840 2445.5
1233850 2445.5
1233860 2445.5
1233870 2439.5
1233880 2440.4
1233890 2440.4
1233900 2444.0
1233910 2450.9
1233920 2450.9
1233930 2451.6
1233940 2444.6
1233950 2444.6
1233960 2441.1
1233970 2438.7
1233980 2444.8
1233990 2444.8
1234000 2456.2
1234010 2457.3
1234020 2457.3
1234030 2450.5
1234040 2449.9
1234050 2449.9
1234060 2456.8
1234070 2458.8
1234080 2458.8
1234090 2447.3
1234100 2428.9
1234110 2428.9
1234120 2428.7
1234130 2425.8
1234140 2425.8
1234150 2418.0
1234160 2415.0
1234170 2415.0
1234180 2412.0
1234190 2405.1
1234200 2405.1
1234210 2402.6
1234220 2397.5
1234230 2397.5
1234240 2396.3
1234250 2399.6
1234260 2396.2
1234270 2396.2
1234280 2392.5
1234290 2392.1
1234300 2392.1
1234310 2393.0
1234320 2398.7
1234330 2398.7
1234340 2401.4
1234350 2401.3
1234360 2401.3
1234370 2402.8
1234380 2403.1
1234390 2403.1
1234400 2405.8
1234410 2409.7
1234420 2409.7
1234430 2411.5
1234440 2415.4
1234450 2415.4
1234460 2421.7
1234470 2425.3
1234480 2425.3
1234490 2429.6
1234500 2429.9
1234510 2429.9
1234520 2425.8
1234530 2425.2
1234540 2425.2
1234550 2429.1
1234560 2429.6
1234570 2427.4
1234580 2427.4
1234590 2420.4
1234600 2417.9
1234610 2410.1
1234620 2404.0
1234630 2398.9
1234640 2398.9
1234650 2397.0
1234660 2394.1
1234670 2394.1
1234680 2397.7
1234690 2398.1
1234700 2398.1
1234710 2394.6
1234720 2393.3
1234730 2393.3
1234740 2394.0
1234750 2392.8
1234760 2392.8
1234770 2389.7
1234780 2386.1
1234790 2386.1
1234800 2388.6
1234810 2391.0
1234820 2391.0
1234830 2389.6
1234840 2389.3
1234850 2389.3
1234860 2387.8
1234870 2385.4
1234880 2384.1
1234890 2384.1
1234900 2381.7
1234910 2378.3
1234920 2378.3
1234930 2380.6
1234940 2383.1
1234950 2383.1
1234960 2381.9
1234970 2377.5
1234980 2377.5
1234990 2377.8
1235000 2379.6
1235010 2379.6
1235020 2384.7
1235030 2387.0
1235040 2387.0
1235050 2383.9
1235060 2381.6
1235070 2381.6
1235080 2383.9
1235090 2388.4
1235100 2388.4
1235110 2390.7
1235120 2382.9
1235130 2382.9
1235140 2381.1
1235150 2379.1
1235160 2379.1
1235170 2379.8
1235180 2382.7
1235190 2384.1
1235200 2384.1
1235210 2385.7
1235220 2385.2
1235230 2385.2
1235240 2383.9
1235250 2385.2
1235260 2385.2
1235270 2386.8
1235280 2387.9
1235290 2387.9
1235300 2389.2
1235310 2389.4
1235320 2389.4
1235330 2387.4
1235340 2383.9
1235350 2383.9
1235360 2381.5
1235370 2382.0
1235380 2382.0
1235390 2382.2
1235400 2383.1
1235410 2383.1
1235420 2383.6
1235430 2384.1
1235440 2384.1
1235450 2388.8
1235460 2391.0
1235470 2391.0
1235480 2389.7
1235490 2390.2
1235500 2392.5
1235510 2392.5
1235520 2396.0
1235530 2400.6
1235540 2400.6
1235550 2405.0
1235560 2403.2
1235570 2403.2
1235580 2395.1
1235590 2388.0
1235600 2388.0
1235610 2385.6
1235620 2390.4
1235630 2412.9
1235640 2419.5
1235650 2422.7
1235660 2422.7
1235670 2420.6
1235680 2422.7
1235690 2422.7
1235700 2420.8
1235710 2410.2
1235720 2410.2
1235730 2405.1
1235740 2395.9
1235750 2395.9
1235760 2387.1
1235770 2386.5
1235780 2381.2
1235790 2381.2
1235800 2381.0
1235810 2382.1
1235820 2382.1
1235830 2387.4
1235840 2392.3
1235850 2392.3
1235860 2398.7
1235870 2408.6
1235880 2408.6
1235890 2408.3
1235900 2405.9
1235910 2405.9
1235920 2403.9
1235930 2396.9
1235940 2396.9
1235950 2391.0
1235960 2390.8
1235970 2390.8
1235980 2379.4
1235990 2377.3
1236000 2377.3
1236010 2383.6
1236020 2394.6
1236030 2394.6
1236040 2396.1
1236050 2399.6
1236060 2399.6
1236070 2402.1
1236080 2403.1
1236090 2397.7
1236100 2397.7
1236110 2389.4
1236120 2377.1
1236130 2377.1
1236140 2356.4
1236150 2329.8
1236160 2329.8
1236170 2314.2
1236180 2285.4
1236190 2285.4
1236200 2245.3
1236210 2228.4
1236220 2228.4
1236230 2221.2
1236240 2219.7
1236250 2219.7
1236260 2217.2
1236270 2213.1
1236280 2213.1
1236290 2211.0
1236300 2209.3
1236310 2209.3
1236320 2205.8
1236330 2202.2
1236340 2202.2
1236350 2199.0
1236360 2196.8
1236370 2196.8
1236380 2197.9
1236390 2199.1
1236400 2198.5
1236410 2198.5
1236420 2196.0
1236430 2193.2
1236440 2193.2
1236450 2191.0
1236460 2190.1
1236470 2190.1
1236480 2189.0
1236490 2188.4
1236500 2188.4
1236510 2189.5
1236520 2191.3
1236530 2191.3
1236540 2193.1
1236550 2193.1
1236560 2193.1
1236570 2192.2
1236580 2191.1
1236590 2191.1
1236600 2189.9
1236610 2189.0
1236620 2189.0
1236630 2188.9
1236640 2189.0
1236650 2189.0
1236660 2182.1
1236670 2182.5
1236680 2182.5
1236690 2183.7
1236700 2184.2
1236710 2183.8
1236720 2183.8
1236730 2184.1
1236740 2185.1
1236750 2185.1
1236760 2186.1
1236770 2186.4
1236780 2186.4
1236790 2186.0
1236800 2184.9
1236810 2184.9
1236820 2184.0
1236830 2184.4
1236840 2184.4
1236850 2184.6
1236860 2184.1
1236870 2184.1
1236880 2185.3
1236890 2187.8
1236900 2187.8
1236910 2190.9
1236920 2192.3
1236930 2192.3
1236940 2192.1
1236950 2192.5
1236960 2192.5
1236970 2193.2
1236980 2194.0
1236990 2194.8
1237000 2194.8
1237010 2195.7
1237020 2196.9
1237030 2196.9
1237040 2198.5
1237050 2199.2
1237060 2199.2
1237070 2198.9
1237080 2198.9
1237090 2198.9
1237100 2198.9
1237110 2199.7
1237120 2199.7
1237130 2202.7
1237140 2207.3
1237150 2207.3
1237160 2210.8
1237170 2210.2
1237180 2202.8
1237190 2205.9
1237200 2211.2
1237210 2211.2
1237220 2217.9
1237230 2225.1
1237240 2225.1
1237250 2232.3
1237260 2240.1
1237270 2240.1
1237280 2248.0
1237290 2256.4
1237300 2264.9
1237310 2264.9
1237320 2271.8
1237330 2276.0
1237340 2276.0
1237350 2277.8
1237360 2277.3
1237370 2277.3
1237380 2277.8
1237390 2276.5
1237400 2276.5
1237410 2268.1
1237420 2260.4
1237430 2260.4
1237440 2253.7
1237450 2246.8
1237460 2246.8
1237470 2239.8
1237480 2231.6
1237490 2231.6
1237500 2221.9
1237510 2210.5
1237520 2210.5
1237530 2202.9
1237540 2196.2
1237550 2196.2
1237560 2190.7
1237570 2184.7
1237580 2184.7
1237590 2176.0
1237600 2168.5
1237610 2161.8
1237620 2161.8
1237630 2156.0
1237640 2152.1
1237650 2152.1
1237660 2150.4
1237670 2148.9
1237680 2148.9
1237690 2143.6
1237700 2145.2
1237710 2145.2
1237720 2145.7
1237730 2150.3
1237740 2150.3
1237750 2145.4
1237760 2137.0
1237770 2137.0
1237780 2128.9
1237790 2121.3
1237800 2121.3
1237810 2114.0
1237820 2107.2
1237830 2107.2
1237840 2101.8
1237850 2096.6
1237860 2096.6
1237870 2092.7
1237880 2089.7
1237890 2089.7
1237900 2086.9
1237910 2084.1
1237920 2081.6
1237930 2081.6
1237940 2079.4
1237950 2078.0
1237960 2078.0
1237970 2077.3
1237980 2077.8
1237990 2077.8
1238000 2078.0
1238010 2079.6
1238020 2079.6
1238030 2078.6
1238040 2073.8
1238050 2073.8
1238060 2071.5
1238070 2072.7
1238080 2072.7
1238090 2074.3
1238100 2069.6
1238110 2069.6
1238120 2060.8
1238130 2052.3
1238140 2052.3
1238150 2044.9
1238160 2037.8
1238170 2037.8
1238180 2030.7
1238190 2023.2
1238200 2023.2
1238210 2018.7
1238220 2012.1
1238230 2006.0
1238240 2006.0
1238250 2000.9
1238260 1996.1
1238270 1996.1
1238280 1991.5
1238290 1986.9
1238300 1986.9
1238310 1981.9
1238320 1976.9
1238330 1976.9
1238340 1972.0
1238350 1967.3
1238360 1967.3
1238370 1962.3
1238380 1957.0
1238390 1957.0
1238400 1951.8
1238410 1947.6
1238420 1947.6
1238430 1943.7
1238440 1939.8
1238450 1939.8
1238460 1936.8
1238470 1935.1
1238480 1935.1
1238490 1931.3
1238500 1927.3
1238510 1923.1
1238520 1923.1
1238530 1919.0
1238540 1914.9
1238550 1914.9
1238560 1910.9
1238570 1907.2
1238580 1907.2
1238590 1904.1
1238600 1900.7
1238610 1900.7
1238620 1896.8
1238630 1893.4
1238640 1893.4
1238650 1890.3
1238660 1887.5
1238670 1887.5
1238680 1885.0
1238690 1882.6
1238700 1882.6
1238710 1880.1
1238720 1877.7
1238730 1877.2
1238740 1875.1
1238750 1873.3
1238760 1873.3
1238770 1871.6
1238780 1869.7
1238790 1869.7
1238800 1867.6
1238810 1865.4
1238820 1863.4
1238830 1863.4
1238840 1861.7
1238850 1859.6
1238860 1859.6
1238870 1857.4
1238880 1855.4
1238890 1855.4
1238900 1853.6
1238910 1852.8
1238920 1852.8
1238930 1851.9
1238940 1849.9
1238950 1849.9
1238960 1847.9
1238970 1846.3
1238980 1846.3
1238990 1844.6
1239000 1842.6
1239010 1842.6
1239020 1840.5
1239030 1838.1
1239040 1838.1
1239050 1836.4
1239060 1835.3
1239070 1835.3
1239080 1833.5
1239090 1830.4
1239100 1830.4
1239110 1827.1
1239120 1823.9
1239130 1821.1
1239140 1821.1
1239150 1819.0
1239160 1816.8
1239170 1816.8
1239180 1814.3
1239190 1812.7
1239200 1812.7
1239210 1810.9
1239220 1808.8
1239230 1808.8
1239240 1803.9
1239250 1795.2
1239260 1795.2
1239270 1790.3
1239280 1788.8
1239290 1788.8
1239300 1787.0
1239310 1784.3
1239320 1784.3
1239330 1781.2
1239340 1777.4
1239350 1777.4
1239360 1773.2
1239370 1768.7
1239380 1768.7
1239390 1763.3
1239400 1758.0
1239410 1758.0
1239420 1752.9
1239430 1747.9
1239440 1742.8
1239450 1742.8
1239460 1738.3
1239470 1735.0
1239480 1735.0
1239490 1732.5
1239500 1729.0
1239510 1729.0
1239520 1724.3
1239530 1720.9
1239540 1720.9
1239550 1718.5
1239560 1716.4
1239570 1716.4
1239580 1714.8
1239590 1713.6
1239600 1713.6
1239610 1712.3
1239620 1710.9
1239630 1710.9
1239640 1709.6
1239650 1708.6
1239660 1708.6
1239670 1709.1
1239680 1711.7
1239690 1711.7
1239700 1714.0
1239710 1714.8
1239720 1714.4
1239730 1714.4
1239740 1713.4
1239750 1712.5
1239760 1712.5
1239770 1707.7
1239780 1706.2
1239790 1706.2
1239800 1705.4
1239810 1703.1
1239820 1703.1
1239830 1702.5
1239840 1701.9
1239850 1701.9
1239860 1701.6
1239870 1701.9
1239880 1701.9
1239890 1701.3
1239900 1701.0
1239910 1701.0
1239920 1701.3
1239930 1701.2
1239940 1701.2
1239950 1700.1
1239960 1699.4
1239970 1699.4
1239980 1698.3
1239990 1697.3
