1220000 1887.8
1220010 1887.8
1220020 1892.3
1220030 1906.2
1220040 1906.2
1220050 1918.0
1220060 1927.1
1220070 1927.1
1220080 1936.3
1220090 1944.1
1220100 1948.7
1220110 1912.1
1220120 1916.2
1220130 1923.2
1220140 1923.2
1220150 1920.5
1220160 1923.0
1220170 1923.0
1220180 1934.9
1220190 1948.2
1220200 1948.2
1220210 1959.1
1220220 1970.2
1220230 1970.2
1220240 1980.3
1220250 1986.9
1220260 1986.9
1220270 1992.4
1220280 1997.6
1220290 1997.6
1220300 2003.3
1220310 2010.4
1220320 2010.4
1220330 2023.0
1220340 2036.6
1220350 2036.6
1220360 2044.7
1220370 2052.0
1220380 2060.9
1220390 2060.9
1220400 2071.7
1220410 2081.2
1220420 2081.2
1220430 2086.6
1220440 2091.4
1220450 2091.4
1220460 2096.1
1220470 2102.5
1220480 2102.5
1220490 2114.2
1220500 2126.9
1220510 2126.9
1220520 2138.7
1220530 2147.9
1220540 2147.9
1220550 2154.5
1220560 2169.2
1220570 2169.2
1220580 2188.2
1220590 2227.9
1220600 2227.9
1220610 2239.2
1220620 2247.8
1220630 2247.8
1220640 2247.6
1220650 2255.1
1220660 2255.1
1220670 2256.9
1220680 2271.1
1220690 2312.3
1220700 2312.3
1220710 2347.0
1220720 2355.4
1220730 2355.4
1220740 2349.3
1220750 2346.2
1220760 2346.2
1220770 2348.6
1220780 2361.3
1220790 2361.3
1220800 2375.9
1220810 2385.4
1220820 2385.4
1220830 2401.0
1220840 2409.4
1220850 2409.4
1220860 2415.5
1220870 2424.5
1220880 2424.5
1220890 2438.2
1220900 2445.4
1220910 2445.4
1220920 2456.4
1220930 2477.0
1220940 2477.0
1220950 2489.3
1220960 2497.5
1220970 2497.5
1220980 2504.4
1220990 2510.8
1221000 2521.9
1221010 2521.9
1221020 2538.0
1221030 2552.4
1221040 2552.4
1221050 2565.5
1221060 2573.0
1221070 2573.0
1221080 2586.6
1221090 2590.3
1221100 2590.3
1221110 2599.0
1221120 2609.8
1221130 2609.8
1221140 2621.7
1221150 2629.1
1221160 2629.1
1221170 2636.6
1221180 2644.2
1221190 2644.2
1221200 2651.3
1221210 2665.9
1221220 2665.9
1221230 2678.7
1221240 2692.6
1221250 2692.6
1221260 2710.3
1221270 2704.3
1221280 2704.3
1221290 2687.6
1221300 2673.3
1221310 2662.4
1221320 2662.4
1221330 2652.8
1221340 2643.5
1221350 2643.5
1221360 2634.3
1221370 2625.5
1221380 2625.5
1221390 2617.0
1221400 2610.3
1221410 2610.3
1221420 2605.1
1221430 2599.7
1221440 2599.7
1221450 2594.9
1221460 2590.8
1221470 2590.8
1221480 2585.6
1221490 2579.5
1221500 2579.5
1221510 2573.6
1221520 2569.2
1221530 2569.2
1221540 2565.5
1221550 2562.2
1221560 2564.3
1221570 2562.7
1221580 2561.8
1221590 2561.8
1221600 2561.6
1221610 2560.0
1221620 2556.5
1221630 2556.5
1221640 2554.0
1221650 2553.8
1221660 2553.8
1221670 2554.2
1221680 2553.0
1221690 2553.0
1221700 2550.7
1221710 2548.1
1221720 2548.1
1221730 2545.1
1221740 2542.2
1221750 2542.2
1221760 2540.1
1221770 2538.2
1221780 2538.2
1221790 2535.6
1221800 2532.4
1221810 2532.4
1221820 2530.2
1221830 2529.5
1221840 2529.5
1221850 2527.4
1221860 2523.6
1221870 2523.6
1221880 2518.8
1221890 2515.1
1221900 2515.1
1221910 2514.2
1221920 2513.6
1221930 2512.7
1221940 2512.7
1221950 2511.9
1221960 2511.1
1221970 2511.1
1221980 2511.9
1221990 2513.7
1222000 2513.7
1222010 2512.4
1222020 2509.2
1222030 2509.2
1222040 2505.4
1222050 2508.6
1222060 2508.6
1222070 2507.9
1222080 2507.8
1222090 2507.8
1222100 2508.4
1222110 2508.3
1222120 2508.3
1222130 2507.3
1222140 2505.6
1222150 2505.6
1222160 2505.4
1222170 2507.6
1222180 2507.6
1222190 2509.3
1222200 2509.3
1222210 2509.3
1222220 2508.8
1222230 2507.8
1222240 2506.5
1222250 2506.5
1222260 2505.4
1222270 2504.6
1222280 2504.6
1222290 2503.6
1222300 2502.2
1222310 2502.2
1222320 2501.5
1222330 2501.7
1222340 2501.7
1222350 2502.8
1222360 2500.5
1222370 2500.5
1222380 2496.3
1222390 2493.4
1222400 2493.4
1222410 2490.4
1222420 2489.0
1222430 2489.0
1222440 2488.5
1222450 2487.2
1222460 2487.2
1222470 2484.2
1222480 2479.8
1222490 2479.8
1222500 2474.7
1222510 2469.8
1222520 2469.8
1222530 2463.5
1222540 2462.2
1222550 2460.6
1222560 2460.6
1222570 2456.9
1222580 2452.5
1222590 2452.5
1222600 2448.3
1222610 2445.3
1222620 2445.3
1222630 2443.6
1222640 2442.2
1222650 2442.2
1222660 2441.2
1222670 2442.3
1222680 2442.3
1222690 2442.6
1222700 2440.3
1222710 2440.3
1222720 2436.7
1222730 2434.5
1222740 2434.5
1222750 2432.9
1222760 2432.0
1222770 2432.0
1222780 2433.1
1222790 2435.0
1222800 2435.0
1222810 2435.5
1222820 2434.4
1222830 2434.4
1222840 2432.6
1222850 2430.9
1222860 2428.2
1222870 2428.2
1222880 2423.8
1222890 2419.0
1222900 2419.0
1222910 2416.5
1237510 2220.5
1237520 2256.4
1237530 2256.4
1237540 2267.0
1237550 2272.7
1237560 2280.4
1237570 2285.8
1237580 2295.1
1237590 2300.3
1237600 2300.3
1237610 2307.1
1237620 2310.9
1237630 2310.9
1237640 2314.5
1237650 2320.1
1237660 2320.1
1237670 2326.8
1237680 2333.7
1237690 2333.7
1237700 2340.6
1237710 2347.5
1237720 2347.5
1237730 2354.7
1237740 2362.2
1237750 2362.2
1237760 2369.5
1237770 2376.1
1237780 2376.1
1237790 2382.2
1237800 2387.8
1237810 2387.8
1237820 2393.7
1237830 2399.4
1237840 2399.4
1237850 2404.3
1237860 2409.6
1237870 2415.7
1237880 2415.7
1237890 2421.6
1237900 2427.5
1237910 2427.5
1237920 2433.3
1237930 2439.5
1237940 2439.5
1237950 2445.7
1237960 2451.9
1237970 2451.9
1237980 2460.6
1237990 2471.5
1238000 2471.5
1238010 2478.9
1238020 2485.5
1238030 2485.5
1238040 2493.5
1238050 2502.7
1238060 2502.7
1238070 2511.5
1238080 2520.2
1238090 2521.6
1238100 2531.2
1238110 2542.7
1238120 2542.7
1238130 2553.0
1238140 2560.7
1238150 2560.7
1238160 2574.8
1238170 2594.7
1238180 2621.7
1238190 2621.7
1238200 2630.4
1238210 2631.5
1238220 2631.5
1238230 2624.6
1238240 2614.3
1238250 2614.3
1238260 2607.6
1238270 2601.0
1238280 2601.0
1238290 2592.1
1238300 2585.1
1238310 2585.1
1238320 2570.9
1238330 2544.2
1238340 2544.2
1238350 2519.0
1238360 2509.5
1238370 2509.5
1238380 2506.2
1238390 2503.5
1238400 2503.5
1238410 2499.5
1238420 2494.7
1238430 2494.7
1238440 2489.6
1238450 2484.1
1238460 2478.6
1238470 2478.6
1238480 2473.0
1238490 2467.5
1238500 2467.5
1238510 2462.0
1238520 2457.2
1238530 2457.2
1238540 2455.7
1238550 2455.0
1238560 2455.0
1238570 2455.0
1238580 2454.4
1238590 2454.4
1238600 2452.3
1238610 2453.3
1238620 2453.3
1238630 2450.2
1238640 2446.6
1238650 2446.6
1238660 2443.4
1238670 2441.3
1238680 2441.3
1238690 2444.2
1238700 2446.1
1238710 2446.1
1238720 2445.1
1238730 2442.6
1238740 2442.6
1238750 2438.7
1238760 2435.8
1238770 2428.6
1238780 2428.6
1238790 2421.3
1238800 2421.6
1238810 2421.6
1238820 2417.9
1238830 2415.4
1238840 2415.4
1238850 2413.9
1238860 2415.0
1238870 2415.0
1238880 2414.1
1238890 2411.1
1238900 2411.1
1238910 2406.1
1238920 2401.2
1238930 2401.2
1238940 2398.2
1238950 2394.5
1238960 2394.5
1238970 2394.1
1238980 2394.4
1238990 2394.4
1239000 2389.6
1239010 2384.1
1239020 2384.1
1239030 2378.7
1239040 2371.3
1239050 2371.3
1239060 2364.0
1239070 2359.9
1239080 2355.2
1239090 2355.2
1239100 2351.2
1239110 2346.0
1239120 2346.0
1239130 2344.4
1239140 2340.9
1239150 2340.9
1239160 2338.5
1239170 2337.4
1239180 2337.4
1239190 2336.1
1239200 2335.6
1239210 2335.6
1239220 2335.1
1239230 2334.7
1239240 2334.7
1239250 2334.1
1239260 2333.8
1239270 2333.8
1239280 2334.1
1239290 2334.6
1239300 2334.6
1239310 2335.3
1239320 2336.7
1239330 2336.7
1239340 2339.8
1239350 2342.4
1239360 2342.4
1239370 2343.4
1239380 2346.3
1239390 2349.2
1239400 2349.2
1239410 2349.3
1239420 2347.9
1239430 2347.9
1239440 2345.6
1239450 2344.6
1239460 2344.6
1239470 2343.7
1239480 2344.9
1239490 2344.9
1239500 2344.9
1239510 2342.7
1239520 2342.7
1239530 2340.3
1239540 2339.9
1239550 2339.9
1239560 2338.9
1239570 2336.3
1239580 2336.3
1239590 2335.2
1239600 2335.1
1239610 2335.1
1239620 2334.7
1239630 2334.6
1239640 2334.6
1239650 2338.7
1239660 2338.3
1239670 2338.3
1239680 2339.0
1239690 2339.2
1239700 2340.2
1239710 2340.2
1239720 2341.9
1239730 2340.2
1239740 2340.2
1239750 2334.8
1239760 2327.9
1239770 2327.9
1239780 2323.1
1239790 2319.8
1239800 2319.8
1239810 2316.8
1239820 2315.5
1239830 2315.5
1239840 2311.9
1239850 2302.1
1239860 2302.1
1239870 2291.5
1239880 2280.3
1239890 2280.3
1239900 2272.6
1239910 2268.0
1239920 2268.0
1239930 2266.4
1239940 2259.6
1239950 2259.6
1239960 2253.2
1239970 2244.5
1239980 2244.5
1239990 2238.9
