1220000 1816.8
1220010 1816.8
1220020 1823.4
1220030 1830.0
1220040 1830.0
1220050 1838.6
1220060 1845.1
1220070 1845.1
1220080 1851.8
1220090 1858.7
1220100 1858.7
1220110 1864.5
1220120 1868.9
1220130 1868.9
1220140 1873.3
1220150 1877.1
1220160 1879.6
1220170 1879.6
1220180 1881.6
1220190 1884.3
1220200 1884.3
1220210 1888.5
1220220 1893.4
1220230 1893.4
1220240 1896.8
1220250 1900.8
1220260 1900.8
1220270 1906.5
1220280 1913.4
1220290 1913.4
1220300 1917.3
1220310 1921.5
1220320 1921.5
1220330 1926.7
1220340 1932.2
1220350 1932.2
1220360 1941.9
1220370 1949.7
1220380 1949.7
1220390 1959.3
1220400 1973.2
1220410 1973.2
1220420 1995.9
1220430 2009.6
1220440 2009.6
1220450 2039.4
1220460 2059.5
1220470 2075.0
1220480 2075.0
1220490 2086.2
1220500 2098.9
1220510 2098.9
1220520 2107.2
1220530 2119.8
1220540 2119.8
1220550 2120.2
1220560 2131.2
1220570 2131.2
1220580 2142.2
1220590 2148.3
1220600 2148.3
1220610 2156.6
1220620 2165.5
1220630 2165.5
1220640 2172.0
1220650 2178.2
1220660 2178.2
1220670 2186.1
1220680 2195.5
1220690 2195.5
1220700 2203.0
1220710 2211.3
1220720 2211.3
1220730 2225.4
1220740 2264.5
1220750 2264.5
1220760 2303.9
1220770 2316.7
1220780 2326.6
1220790 2326.6
1220800 2314.8
1220810 2306.3
1220820 2306.3
1220830 2304.5
1220840 2311.4
1220850 2311.4
1220860 2314.6
1220870 2320.3
1220880 2320.3
1220890 2325.4
1220900 2331.4
1220910 2331.4
1220920 2338.2
1220930 2346.0
1220940 2346.0
1220950 2354.6
1220960 2362.6
1220970 2362.6
1220980 2370.1
1220990 2379.1
1221000 2379.1
1221010 2390.3
1221020 2395.3
1221030 2395.3
1221040 2399.6
1221050 2402.8
1221060 2412.6
1221070 2412.6
1221080 2424.6
1221090 2438.4
1221100 2438.4
1221110 2433.7
1221120 2421.7
1221130 2421.7
1221140 2408.7
1221150 2391.3
1221160 2391.3
1221170 2378.0
1221180 2374.9
1221190 2374.9
1221200 2387.9
1221210 2400.9
1221220 2400.9
1221230 2417.7
1221240 2438.8
1221250 2438.8
1221260 2458.9
1221270 2455.7
1221280 2455.7
1221290 2433.9
1221300 2422.1
1221310 2422.1
1221320 2423.1
1221330 2430.8
1221340 2430.8
1221350 2444.4
1221360 2449.9
1221370 2445.3
1221380 2445.3
1221390 2443.2
1221400 2449.4
1221410 2449.4
1221420 2457.1
1221430 2466.4
1221440 2466.4
1221450 2469.2
1221460 2463.0
1221470 2463.0
1221480 2465.2
1221490 2478.0
1221500 2454.6
1221510 2458.2
1221520 2480.9
1221530 2480.9
1221540 2523.9
1221550 2565.7
1221560 2565.7
1221570 2605.7
1221580 2628.6
1221590 2628.6
1221600 2641.9
1221610 2646.0
1221620 2646.0
1221630 2643.6
1221640 2648.4
1221650 2648.4
1221660 2658.9
1221670 2667.2
1221680 2676.6
1221690 2676.6
1221700 2676.8
1221710 2667.0
1221720 2667.0
1221730 2658.4
1221740 2651.0
1221750 2651.0
1221760 2643.6
1221770 2637.2
1221780 2637.2
1221790 2631.9
1221800 2628.1
1221810 2628.1
1221820 2624.7
1221830 2622.0
1221840 2622.0
1221850 2620.7
1221860 2620.4
1221870 2620.4
1221880 2620.2
1221890 2620.4
1221900 2620.4
1221910 2621.9
1221920 2623.4
1221930 2623.4
1221940 2623.2
1221950 2625.6
1221960 2625.6
1221970 2630.0
1221980 2633.4
1221990 2642.2
1222000 2642.2
1222010 2638.4
1222020 2628.8
1222030 2628.8
1222040 2621.0
1222050 2614.5
1222060 2614.5
1222070 2608.2
1222080 2601.5
1222090 2601.5
1222100 2595.0
1222110 2588.9
1222120 2588.9
1222130 2582.7
1222140 2576.3
1222150 2576.3
1222160 2572.2
1222170 2568.0
1222180 2568.0
1222190 2562.6
1222200 2557.1
1222210 2557.1
1222220 2551.6
1222230 2546.0
1222240 2546.0
1222250 2540.4
1222260 2534.7
1222270 2534.7
1222280 2528.8
1222290 2523.5
1222300 2519.3
1222310 2519.3
1222320 2515.6
1222330 2511.6
1222340 2511.6
1222350 2507.2
1222360 2502.5
1222370 2502.5
1222380 2497.5
1222390 2491.9
1222400 2491.9
1222410 2486.0
1222420 2479.5
1222430 2479.5
1222440 2472.4
1222450 2465.3
1222460 2465.3
1222470 2452.2
1222480 2447.4
1222490 2447.4
1222500 2442.4
1222510 2437.8
1222520 2437.8
1222530 2433.0
1222540 2428.1
1222550 2428.1
1222560 2423.3
1222570 2419.0
1222580 2419.0
1222590 2415.1
1222600 2411.7
1222610 2408.5
1222620 2408.5
1222630 2404.7
1222640 2400.8
1222650 2400.8
1222660 2398.5
1222670 2396.7
1222680 2396.7
1222690 2396.2
1222700 2395.4
1222710 2395.4
1222720 2393.4
1222730 2391.6
1222740 2391.6
1222750 2391.2
1222760 2391.2
1222770 2391.2
1222780 2392.5
1222790 2393.5
1222800 2393.5
1222810 2393.4
1222820 2393.8
1222830 2393.8
1222840 2393.5
1222850 2393.5
1222860 2393.5
1222870 2395.1
1222880 2397.7
1222890 2397.7
1222900 2397.8
1222910 2400.2
1222920 2401.0
1222930 2401.0
1222940 2400.8
1222950 2400.0
1222960 2402.5
1222970 2403.8
1222980 2406.5
1222990 2406.5
1223000 2408.7
1223010 2409.7
1223020 2409.7
1223030 2412.9
1223040 2415.8
1223050 2415.8
1223060 2417.2
1223070 2417.2
1223080 2417.2
1223090 2415.5
1223100 2411.6
1223110 2411.6
1223120 2409.1
1223130 2409.3
1223140 2409.3
1223150 2412.2
1223160 2412.1
1223170 2412.1
1223180 2410.7
1223190 2408.2
1223200 2403.3
1223210 2403.3
1223220 2398.7
1223230 2395.0
1223240 2395.0
1223250 2390.7
1223260 2386.6
1223270 2386.6
1223280 2387.6
1223290 2388.0
1223300 2388.0
1223310 2385.6
1223320 2383.9
1223330 2383.9
1223340 2384.1
1223350 2383.1
1223360 2383.1
1223370 2381.6
1223380 2380.1
1223390 2380.1
1223400 2379.5
1223410 2380.4
1223420 2380.4
1223430 2382.0
1223440 2383.6
1223450 2388.3
1223460 2390.4
1223470 2390.9
1223480 2390.9
1223490 2390.7
1223500 2390.6
1223510 2391.8
1223520 2391.8
1223530 2393.6
1223540 2395.0
1223550 2395.0
1223560 2395.8
1223570 2396.1
1223580 2396.1
1223590 2395.9
1223600 2395.9
1223610 2395.9
1223620 2395.5
1223630 2394.1
1223640 2394.1
1223650 2394.2
1223660 2396.0
1223670 2396.0
1223680 2397.3
1223690 2402.4
1223700 2402.4
1223710 2407.4
1223720 2407.9
1223730 2407.9
1223740 2406.1
1223750 2401.5
1223760 2401.5
1223770 2397.8
1223780 2391.2
1223790 2391.2
1223800 2382.9
1223810 2374.2
1223820 2367.4
1223830 2367.4
1223840 2362.7
1223850 2359.1
1223860 2359.1
1223870 2354.0
1223880 2347.2
1223890 2347.2
1223900 2341.5
1223910 2337.9
1223920 2337.9
1223930 2334.6
1223940 2338.9
1223950 2338.9
1223960 2338.8
1223970 2337.7
1223980 2337.7
1223990 2337.2
1224000 2336.4
1224010 2336.4
1224020 2331.0
1224030 2320.6
1224040 2320.6
1224050 2311.3
1224060 2304.6
1224070 2304.6
1224080 2297.5
1224090 2290.3
1224100 2290.3
1224110 2284.2
1224120 2279.6
1224130 2276.9
1224140 2276.9
1224150 2275.2
1224160 2271.1
1224170 2271.1
1224180 2267.1
1224190 2265.3
1224200 2265.3
1224210 2262.8
1224220 2259.5
1224230 2259.5
1224240 2255.3
1224250 2251.7
1224260 2251.7
1224270 2249.4
1224280 2246.7
1224290 2246.7
1224300 2243.3
1224310 2239.3
1224320 2239.3
1224330 2234.7
1224340 2229.5
1224350 2229.5
1224360 2224.6
1224370 2219.9
1224380 2219.9
1224390 2215.6
1224400 2213.2
1224410 2213.2
1224420 2213.7
1224430 2212.5
1224440 2209.5
1224450 2209.5
1224460 2207.5
1224470 2204.3
1224480 2204.3
1224490 2200.6
1224500 2198.9
1224510 2198.9
1224520 2197.4
1224530 2195.3
1224540 2195.3
1224550 2193.9
1224560 2193.8
1224570 2193.8
1224580 2192.9
1224590 2191.6
1224600 2191.6
1224610 2190.9
1224620 2190.1
1224630 2190.1
1224640 2188.8
1224650 2185.7
1224660 2185.7
1224670 2181.5
1224680 2176.9
1224690 2176.9
1224700 2173.5
1224710 2169.3
1224720 2169.3
1224730 2166.0
1224740 2165.4
1224750 2165.2
1224760 2165.2
1224770 2163.1
1224780 2159.5
1224790 2159.5
1224800 2155.3
1224810 2152.7
1224820 2152.7
1224830 2152.3
1224840 2151.7
1224850 2151.7
1224860 2148.0
1224870 2143.4
1224880 2143.4
1224890 2139.2
1224900 2136.6
1224910 2136.6
1224920 2133.0
1224930 2128.3
1224940 2128.3
1224950 2123.7
1224960 2120.1
1224970 2120.1
1224980 2117.6
1224990 2115.1
1225000 2115.1
1225010 2113.2
1225020 2110.8
1225030 2110.8
1225040 2108.2
1225050 2107.3
1225060 2107.0
1225070 2107.0
1225080 2106.6
1225090 2104.9
1225100 2104.9
1225110 2102.8
1225120 2101.4
1225130 2101.4
1225140 2100.9
1225150 2101.6
1225160 2101.6
1225170 2102.2
1225180 2101.8
1225190 2101.8
1225200 2099.5
1225210 2096.0
1225220 2096.0
1225230 2092.2
1225240 2087.7
1225250 2087.7
1225260 2082.9
1225270 2078.1
1225280 2078.1
1225290 2073.7
1225300 2069.4
1225310 2069.4
1225320 2065.4
1225330 2061.4
1225340 2057.9
1225350 2057.9
1225360 2055.3
1225370 2053.8
1225380 2053.8
1225390 2052.8
1225400 2050.9
1225410 2049.1
1225420 2047.1
1225430 2045.4
1225440 2045.4
1225450 2043.9
1225460 2043.0
1225470 2043.0
1225480 2041.8
1225490 2040.6
1225500 2040.6
1225510 2040.5
1225520 2039.3
1225530 2039.3
1225540 2036.2
1225550 2032.1
1225560 2032.1
1225570 2027.9
1225580 2024.4
1225590 2024.4
1225600 2021.9
1225610 2019.5
1225620 2019.5
1225630 2015.4
1225640 2010.8
1225650 2006.8
1225660 2006.8
1225670 2002.9
1225680 1999.5
1225690 1999.5
1225700 1995.9
1225710 1993.3
1225720 1993.3
1225730 1991.7
1225740 1990.9
1225750 1990.9
1225760 1989.6
1225770 1987.5
1225780 1987.5
1225790 1984.5
1225800 1980.4
1225810 1980.4
1225820 1975.5
1225830 1970.6
1225840 1970.6
1225850 1966.6
1225860 1963.2
1225870 1963.2
1225880 1960.7
1225890 1959.4
1225900 1961.4
1225910 1959.6
1225920 1958.1
1225930 1958.1
1225940 1955.2
1225950 1953.9
1225960 1951.8
1225970 1951.8
1225980 1948.9
1225990 1945.6
1226000 1945.6
1226010 1942.1
1226020 1938.8
1226030 1938.8
1226040 1935.5
1226050 1931.0
1226060 1931.0
1226070 1926.7
1226080 1923.6
1226090 1923.6
1226100 1921.0
1226110 1917.6
1226120 1917.6
1226130 1914.6
1226140 1912.0
1226150 1912.0
1226160 1909.1
1226170 1905.5
1226180 1905.5
1226190 1901.7
1226200 1898.1
1226210 1898.1
1226220 1895.3
1226230 1891.8
1226240 1891.8
1226250 1889.8
1226260 1886.7
1226270 1883.8
1226280 1883.8
1226290 1882.6
1226300 1882.2
1226310 1882.2
1226320 1882.9
1226330 1880.9
1226340 1880.9
1226350 1875.9
1226360 1871.0
1226370 1871.0
1226380 1867.6
1226390 1863.8
1226400 1866.9
1226410 1860.1
1226420 1853.4
1226430 1853.4
1226440 1846.7
1226450 1840.2
1226460 1840.2
1226470 1834.7
1226480 1829.1
1226490 1829.1
1226500 1824.2
1226510 1820.3
1226520 1820.3
1226530 1815.8
1226540 1811.3
1226550 1811.3
1226560 1807.1
1226570 1801.7
1226580 1796.2
1226590 1796.2
1226600 1789.8
1226610 1783.6
1226620 1783.6
1226630 1777.7
1226640 1771.1
1226650 1771.1
1226660 1765.1
1226670 1758.5
1226680 1758.5
1226690 1751.5
1226700 1745.0
1226710 1745.0
1226720 1738.6
1226730 1732.2
1226740 1732.2
1226750 1727.4
1226760 1723.1
1226770 1723.1
1226780 1718.7
1226790 1715.0
1226800 1715.0
1226810 1709.2
1226820 1699.4
1226830 1699.4
1226840 1688.8
1226850 1681.0
1226860 1681.0
1226870 1675.0
1226880 1677.0
1226890 1688.9
1226900 1688.9
1226910 1688.2
1226920 1684.6
1226930 1684.6
1226940 1682.8
1226950 1680.2
1226960 1680.2
1226970 1673.2
1226980 1666.7
1226990 1666.7
1227000 1664.0
1227010 1662.7
1227020 1662.7
1227030 1663.1
1227040 1676.7
1227050 1676.7
1227060 1682.3
1227070 1683.7
1227080 1683.7
1227090 1685.7
1227100 1685.1
1227110 1685.1
1227120 1684.3
1227130 1683.6
1227140 1683.6
1227150 1684.0
1227160 1687.1
1227170 1687.1
1227180 1691.1
1227190 1690.5
1227200 1689.3
1227210 1689.3
1227220 1685.2
1227230 1687.1
1227240 1687.1
1227250 1694.3
1227260 1701.5
1227270 1701.5
1227280 1704.4
1227290 1721.1
1227300 1721.1
1227310 1754.7
1227320 1771.1
1227330 1771.1
1227340 1783.7
1227350 1795.3
1227360 1795.3
1227370 1782.7
1227380 1778.5
1227390 1801.7
1227400 1802.3
1227410 1807.8
1227420 1807.8
1227430 1820.6
1227440 1834.0
1227450 1834.0
1227460 1841.3
1227470 1847.8
1227480 1851.0
1227490 1851.0
1227500 1849.7
1227510 1853.0
1227520 1853.0
1227530 1857.2
1227540 1863.6
1227550 1863.6
1227560 1878.3
1227570 1891.1
1227580 1891.1
1227590 1899.1
1227600 1906.7
1227610 1906.7
1227620 1908.9
1227630 1907.1
1227640 1907.1
1227650 1912.2
1227660 1917.6
1227670 1917.6
1227680 1928.5
1227690 1913.1
1227700 1913.1
1227710 1894.9
1227720 1866.4
1227730 1866.4
1227740 1847.6
1227750 1833.6
1227760 1833.6
1227770 1819.6
1227780 1802.1
1227790 1799.0
1227800 1799.0
1227810 1808.1
1227820 1818.8
1227830 1818.8
1227840 1825.5
1227850 1835.9
1227860 1835.9
1227870 1849.4
1227880 1874.3
1227890 1874.3
1227900 1886.4
1227910 1897.7
1227920 1897.7
1227930 1911.3
1227940 1922.9
1227950 1922.9
1227960 1931.2
1227970 1929.4
1227980 1929.4
1227990 1923.9
1228000 1923.9
1228010 1923.9
1228020 1931.7
1228030 1936.3
1228040 1936.3
1228050 1926.7
1228060 1918.0
1228070 1918.0
1228080 1913.0
1228090 1925.3
1228100 1932.9
1228110 1932.9
1228120 1938.3
1228130 1939.4
1228140 1939.4
1228150 1952.8
1228160 1969.6
1228170 1969.6
1228180 1970.6
1228190 1974.2
1228200 1974.2
1228210 1980.9
1228220 1984.6
1228230 1984.6
1228240 1995.4
1228250 2011.0
1228260 2011.0
1228270 2025.0
1228280 2032.2
1228290 2032.2
1228300 2040.7
1228310 2051.4
1228320 2051.4
1228330 2054.8
1228340 2054.1
1228350 2054.1
1228360 2052.0
1228370 2053.2
1228380 2062.6
1228390 2064.6
1228400 2070.3
1228410 2083.1
1228420 2083.1
1228430 2088.9
1228440 2087.3
1228450 2087.3
1228460 2081.9
1228470 2075.3
1228480 2075.3
1228490 2074.6
1228500 2070.7
1228510 2070.7
1228520 2066.3
1228530 2062.9
1228540 2062.9
1228550 2063.7
1228560 2067.4
1228570 2067.4
1228580 2057.9
1228590 2049.2
1228600 2049.2
1228610 2021.8
1228620 1986.0
1228630 1986.0
1228640 1965.2
1228650 1974.8
1228660 1974.8
1228670 1986.2
1228680 1999.2
1228690 1999.2
1228700 2012.4
1228710 2027.4
1228720 2039.0
1228730 2039.0
1228740 2051.4
1228750 2066.7
1228760 2066.7
1228770 2077.7
1228780 2092.9
1228790 2092.9
1228800 2099.8
1228810 2096.9
1228820 2096.9
1228830 2097.7
1228840 2100.2
1228850 2100.2
1228860 2105.1
1228870 2114.7
1228880 2135.3
1228890 2160.1
1228900 2165.8
1228910 2165.8
1228920 2153.0
1228930 2154.3
1228940 2154.3
1228950 2168.3
1228960 2172.9
1228970 2172.9
1228980 2187.2
1228990 2198.4
1229000 2198.4
1229010 2195.4
1229020 2191.2
1229030 2191.6
1229040 2191.6
1229050 2203.1
1229060 2219.6
1229070 2219.6
1229080 2227.5
1229090 2241.5
1229100 2241.5
1229110 2242.9
1229120 2247.3
1229130 2247.3
1229140 2241.8
1229150 2242.0
1229160 2242.0
1229170 2248.8
1229180 2254.9
1229190 2254.9
1229200 2266.2
1229210 2253.3
1229220 2253.3
1229230 2230.1
1229240 2216.9
1229250 2216.9
1229260 2196.8
1229270 2187.5
1229280 2187.5
1229290 2181.8
1229300 2175.1
1229310 2168.5
1229320 2168.5
1229330 2158.7
1229340 2140.4
1229350 2140.4
1229360 2132.6
1229370 2120.3
1229380 2124.6
1229390 2111.7
1229400 2099.1
1229410 2099.1
1229420 2086.5
1229430 2071.5
1229440 2071.5
1229450 2049.4
1229460 2018.8
1229470 2018.8
1229480 2003.5
1229490 1997.0
1229500 1997.0
1229510 1993.4
1229520 1991.5
1229530 1991.5
1229540 1991.8
1229550 1995.2
1229560 1995.2
1229570 2000.9
1229580 2008.5
1229590 2008.5
1229600 2018.3
1229610 2027.6
1229620 2038.7
1229630 2038.7
1229640 2050.7
1229650 2075.3
1229660 2075.3
1229670 2108.7
1229680 2128.8
1229690 2128.8
1229700 2143.3
1229710 2161.9
1229720 2161.9
1229730 2174.7
1229740 2185.1
1229750 2185.1
1229760 2190.7
1229770 2196.8
1229780 2196.8
1229790 2202.9
1229800 2190.6
1229810 2190.6
1229820 2185.1
1229830 2176.6
1229840 2176.6
1229850 2186.7
1229860 2199.8
1229870 2199.8
1229880 2253.8
1229890 2252.0
1229900 2252.0
1229910 2258.0
1230010 2293.0
1230020 2307.4
1230030 2307.4
1230040 2326.5
1230050 2339.7
1230060 2339.7
1230070 2352.4
1230080 2361.2
1230090 2361.2
1230100 2365.7
1230110 2365.2
1230120 2365.2
1230130 2367.8
1230140 2363.4
1230150 2363.4
1230160 2352.6
1230170 2353.8
1230180 2353.8
1230190 2346.3
1230200 2345.7
1230210 2345.7
1230220 2353.2
1230230 2356.9
1230240 2355.5
1230250 2355.5
1230260 2349.5
1230270 2353.0
1230280 2353.0
1230290 2360.3
1230300 2359.5
1230310 2359.5
1230320 2361.9
1230330 2365.7
1230340 2365.7
1230350 2360.1
1230360 2327.0
1230370 2327.0
1230380 2345.7
1230390 2342.7
1230400 2342.7
1230410 2331.8
1230420 2326.2
1230430 2326.2
1230440 2324.4
1230450 2316.2
1230460 2316.2
1230470 2309.2
1230480 2310.1
1230490 2310.1
1230500 2313.4
1230510 2315.4
1230520 2315.4
1230530 2312.8
1230540 2316.4
1230550 2320.1
1230560 2320.1
1230570 2318.1
1230580 2312.5
1230590 2312.5
1230600 2302.9
1230610 2297.8
1230620 2297.8
1230630 2291.0
1230640 2289.4
1230650 2289.4
1230660 2289.2
1230670 2293.4
1230680 2293.4
1230690 2298.4
1230700 2296.8
1230710 2296.8
1230720 2296.5
1230730 2284.9
1230740 2284.9
1230750 2269.9
1230760 2263.8
1230770 2263.8
1230780 2269.7
1230790 2271.6
1230800 2271.6
1230810 2268.7
1230820 2258.8
1230830 2258.8
1230840 2252.2
1230850 2249.2
1230860 2249.2
1230870 2249.2
1230880 2255.5
1230890 2246.2
1230900 2246.2
1230910 2247.7
1230920 2252.6
1230930 2252.6
1230940 2257.5
1230950 2254.6
1230960 2254.6
1230970 2223.5
1230980 2206.3
1230990 2206.3
1231000 2201.3
1231010 2202.8
1231020 2202.8
1231030 2201.7
1231040 2194.0
1231050 2194.0
1231060 2189.5
1231070 2200.2
1231080 2200.2
1231090 2209.5
1231100 2218.5
1231110 2218.5
1231120 2225.8
1231130 2231.9
1231140 2238.3
1231150 2238.3
1231160 2243.8
1231170 2248.2
1231180 2248.2
1231190 2254.2
1231200 2261.0
1231210 2261.0
1231220 2270.8
1231230 2276.1
1231240 2276.1
1231250 2282.9
1231260 2291.4
1231270 2291.4
1231280 2298.9
1231290 2306.1
1231300 2306.1
1231310 2314.5
1231320 2323.2
1231330 2323.2
1231340 2331.2
1231350 2338.8
1231360 2338.8
1231370 2346.3
1231380 2354.0
1231390 2355.7
1231400 2365.3
1231410 2374.1
1231420 2374.1
1231430 2381.9
1231440 2390.3
1231450 2397.8
1231460 2397.8
1231470 2404.0
1231480 2395.4
1231490 2395.4
1231500 2383.4
1231510 2374.5
1231520 2374.5
1231530 2365.9
1231540 2360.9
1231550 2360.9
1231560 2349.0
1231570 2332.9
1231580 2332.9
1231590 2317.7
1231600 2305.3
1231610 2305.3
1231620 2292.6
1231630 2279.1
1231640 2279.1
1231650 2266.4
1231660 2250.9
1231670 2250.9
1231680 2243.2
1231690 2243.9
1231700 2243.9
1231710 2237.7
1231720 2216.5
1231730 2216.5
1231740 2208.9
1231750 2203.3
1231760 2204.1
1231770 2204.1
1231780 2208.1
1231790 2210.1
1231800 2210.1
1231810 2215.4
1231820 2215.8
1231830 2215.8
1231840 2218.9
1231850 2225.7
1231860 2225.7
1231870 2206.4
1231880 2187.2
1231890 2197.1
1231900 2197.4
1231910 2203.5
1231920 2203.5
1231930 2203.8
1231940 2212.5
1231950 2212.5
1231960 2223.5
1231970 2227.3
1231980 2227.3
1231990 2206.3
1232000 2160.4
1232010 2160.4
1232020 2127.0
1232030 2108.1
1232040 2108.1
1232050 2089.8
1232060 2078.3
1232070 2073.5
1232080 2073.5
1232090 2069.0
1232100 2064.2
1232110 2064.2
1232120 2060.5
1232130 2058.8
1232140 2058.8
1232150 2056.7
1232160 2055.2
1232170 2055.2
1232180 2054.1
1232190 2053.5
1232200 2053.5
1232210 2052.8
1232220 2050.1
1232230 2050.1
1232240 2058.3
1232250 2073.8
1232260 2073.8
1232270 2087.7
1232280 2107.5
1232290 2107.5
1232300 2128.6
1232310 2140.4
1232320 2140.4
1232330 2148.5
1232340 2150.3
1232350 2150.3
1232360 2143.5
1232370 2135.0
1232380 2137.2
1232390 2137.2
1232400 2167.8
1232410 2175.7
1232420 2175.7
1232430 2183.7
1232440 2193.5
1232450 2193.5
1232460 2200.3
1232470 2201.5
1232480 2201.5
1232490 2205.7
1232500 2217.0
1232510 2217.0
1232520 2230.9
1232530 2244.4
1232540 2244.4
1232550 2253.0
1232560 2262.1
1232570 2262.1
1232580 2270.8
1232590 2277.1
1232600 2277.1
1232610 2283.1
1232620 2291.3
1232630 2291.3
1232640 2297.8
1232650 2304.1
1232660 2304.1
1232670 2312.0
1232680 2322.3
1232690 2329.5
1232700 2329.5
1232710 2336.7
1232720 2342.8
1232730 2342.8
1232740 2345.2
1232750 2347.6
1232760 2347.6
1232770 2339.8
1232780 2332.4
1232790 2332.4
1232800 2328.5
1232810 2323.5
1232820 2323.5
1232830 2323.5
1232840 2323.3
1232850 2323.3
1232860 2319.0
1232870 2309.8
1232880 2309.8
1232890 2298.9
1232900 2305.1
1232910 2305.1
1232920 2301.5
1232930 2290.6
1232940 2290.6
1232950 2282.6
1232960 2280.1
1232970 2275.4
1232980 2275.4
1232990 2268.8
1233000 2262.3
1233010 2262.3
1233020 2253.2
1233030 2244.7
1233040 2244.7
1233050 2235.7
1233060 2227.0
1233070 2227.0
1233080 2214.2
1233090 2195.1
1233100 2195.1
1233110 2193.6
1233120 2187.6
1233130 2187.6
1233140 2182.3
1233150 2177.7
1233160 2177.7
1233170 2172.2
1233180 2164.4
1233190 2164.4
1233200 2155.8
1233210 2151.1
1233220 2151.1
1233230 2152.5
1233240 2155.8
1233250 2155.8
1233260 2157.6
1233270 2156.2
1233280 2152.6
1233290 2152.6
1233300 2152.6
1233310 2154.1
1233320 2154.1
1233330 2156.9
1233340 2161.5
1233350 2161.5
1233360 2166.1
1233370 2169.3
1233380 2169.3
1233390 2173.0
1233400 2185.1
1233410 2209.2
1233420 2213.4
1233430 2225.2
1233440 2225.2
1233450 2238.3
1233460 2240.3
1233470 2240.3
1233480 2243.2
1233490 2247.7
1233500 2247.7
1233510 2254.4
1233520 2257.8
1233530 2257.8
1233540 2262.7
1233550 2272.1
1233560 2272.1
1233570 2280.7
1233580 2290.2
1233590 2301.5
1233600 2301.5
1233610 2311.6
1233620 2317.8
1233630 2317.8
1233640 2334.3
1233650 2339.9
1233660 2339.9
1233670 2330.1
1233680 2320.0
1233690 2320.0
1233700 2309.3
1233710 2291.7
1233720 2291.7
1233730 2253.6
1233740 2228.0
1233750 2228.0
1233760 2212.9
1233770 2202.7
1233780 2202.7
1233790 2195.3
1233800 2190.3
1233810 2190.3
1233820 2186.8
1233830 2183.7
1233840 2183.7
1233850 2180.9
1233860 2179.0
1233870 2179.0
1233880 2177.6
1233890 2176.5
1233900 2175.7
1233910 2175.7
1233920 2178.2
1233930 2179.1
1233940 2179.1
1233950 2180.4
1233960 2182.4
1233970 2182.4
1233980 2187.2
1233990 2190.1
1234000 2190.1
1234010 2188.7
1234020 2190.9
1234030 2190.9
1234040 2195.9
1234050 2205.4
1234060 2205.4
1234070 2219.3
1234080 2230.1
1234090 2230.1
1234100 2249.0
1234110 2274.9
1234120 2274.9
1234130 2287.7
1234140 2293.9
1234150 2293.9
1234160 2287.4
1234170 2278.4
1234180 2278.4
1234190 2265.1
1234200 2254.8
1234210 2246.1
1234220 2246.1
1234230 2227.9
1234240 2203.1
1234250 2203.1
1234260 2186.3
1234270 2174.3
1234280 2174.3
1234290 2166.1
1234300 2159.7
1234310 2159.7
1234320 2154.8
1234330 2151.4
1234340 2151.4
1234350 2147.7
1234360 2143.5
1234370 2143.5
1234380 2139.8
1234390 2135.8
1234400 2135.8
1234410 2131.3
1234420 2130.0
1234430 2137.0
1234440 2136.9
1234450 2135.1
1234460 2135.1
1234470 2133.2
1234480 2130.7
1234490 2130.7
1234500 2128.0
1234510 2126.1
1234520 2125.1
1234530 2125.1
1234540 2124.4
1234550 2125.3
1234560 2125.3
1234570 2127.1
1234580 2130.4
1234590 2130.4
1234600 2134.1
1234610 2135.3
1234620 2135.3
1234630 2137.0
1234640 2138.1
1234650 2138.1
1234660 2140.3
1234670 2145.3
1234680 2145.3
1234690 2149.4
1234700 2152.7
1234710 2152.7
1234720 2156.4
1234730 2159.6
1234740 2159.6
1234750 2161.8
1234760 2162.8
1234770 2162.8
1234780 2163.3
1234790 2164.3
1234800 2167.3
1234810 2167.3
1234820 2171.1
1234830 2175.1
1234840 2175.1
1234850 2178.0
1234860 2181.2
1234870 2181.2
1234880 2195.0
1234890 2224.1
1234900 2224.1
1234910 2238.2
1234920 2252.0
1234930 2252.0
1234940 2269.1
1234950 2289.1
1234960 2289.1
1234970 2309.8
1234980 2311.7
1234990 2311.7
1235000 2313.0
1235010 2316.4
1235020 2316.4
1235030 2321.8
1235040 2327.4
1235050 2327.4
1235060 2334.2
1235070 2341.8
1235080 2341.8
1235090 2344.4
1235100 2336.5
1235110 2331.3
1235120 2331.3
1235130 2313.8
1235140 2296.2
1235150 2296.2
1235160 2284.0
1235170 2272.9
1235180 2272.9
1235190 2265.2
1235200 2255.0
1235210 2255.0
1235220 2250.6
1235230 2251.3
1235240 2251.3
1235250 2245.2
1235260 2234.8
1235270 2234.8
1235280 2206.2
1235290 2179.4
1235300 2179.4
1235310 2150.3
1235320 2113.1
1235330 2113.1
1235340 2069.1
1235350 2048.1
1235360 2048.1
1235370 2042.5
1235380 2039.6
1235390 2039.6
1235400 2034.5
1235410 2030.7
1235420 2026.2
1235430 2026.2
1235440 2015.9
1235450 2023.6
1235460 2023.6
1235470 2019.1
1235480 2023.4
1235490 2023.4
1235500 2025.3
1235510 2025.0
1235520 2025.0
1235530 2028.8
1235540 2039.6
1235550 2039.6
1235560 2044.5
1235570 2041.7
1235580 2041.7
1235590 2043.3
1235600 2046.9
1235610 2046.9
1235620 2050.4
1235630 2064.0
1235640 2064.0
1235650 2071.8
1235660 2076.9
1235670 2076.9
1235680 2079.0
1235690 2083.6
1235700 2083.6
1235710 2086.2
1235720 2087.3
1235730 2090.2
1235740 2090.2
1235750 2095.0
1235760 2097.9
1235770 2097.9
1235780 2101.7
1235790 2109.2
1235800 2109.2
1235810 2120.9
1235820 2124.1
1235830 2124.1
1235840 2123.6
1235850 2125.9
1235860 2125.9
1235870 2124.9
1235880 2142.3
1235890 2142.3
1235900 2172.8
1235910 2187.1
1235920 2187.1
1235930 2198.4
1235940 2225.0
1235950 2225.0
1235960 2281.1
1235970 2284.4
1235980 2284.4
1235990 2288.6
1236000 2285.6
1236010 2285.6
1236020 2284.3
1236030 2281.3
1236040 2274.9
1236050 2274.9
1236060 2264.6
1236070 2250.1
1236080 2250.1
1236090 2236.0
1236100 2226.1
1236110 2226.1
1236120 2219.0
1236130 2219.3
1236140 2219.3
1236150 2218.6
1236160 2215.5
1236170 2215.5
1236180 2214.5
1236190 2216.6
1236200 2216.6
1236210 2219.1
1236220 2223.6
1236230 2223.6
1236240 2232.2
1236250 2247.8
1236260 2247.8
1236270 2260.1
1236280 2263.2
1236290 2263.2
1236300 2265.7
1236310 2265.0
1236320 2265.0
1236330 2246.6
1236340 2215.9
1236350 2182.5
1236360 2182.5
1236370 2162.1
1236380 2147.3
1236390 2147.3
1236400 2136.4
1236410 2127.1
1236420 2127.1
1236430 2111.3
1236440 2087.2
1236450 2087.2
1236460 2064.2
1236470 2035.8
1236480 2048.7
1236490 2022.1
1236500 2011.1
1236510 2011.1
1236520 2005.6
1236530 2000.9
1236540 2000.9
1236550 1995.0
1236560 1989.8
1236570 1989.8
1236580 1987.2
1236590 1985.4
1236600 1985.4
1236610 1985.0
1236620 1986.2
1236630 1987.5
1236640 1987.5
1236650 1988.9
1236660 1991.5
1236670 1991.5
1236680 1995.1
1236690 2000.3
1236700 2000.3
1236710 2007.2
1236720 2015.6
1236730 2015.6
1236740 2027.7
1236750 2035.0
1236760 2035.0
1236770 2041.8
1236780 2049.0
1236790 2049.0
1236800 2055.8
1236810 2062.7
1236820 2062.7
1236830 2071.2
1236840 2078.0
1236850 2078.0
1236860 2082.6
1236870 2086.6
1236880 2086.6
1236890 2092.3
1236900 2099.0
1236910 2099.0
1236920 2105.6
1236930 2112.1
1236940 2119.2
1236950 2119.2
1236960 2132.3
1236970 2137.6
1236980 2137.6
1236990 2144.4
1237000 2135.5
1237010 2135.5
1237020 2130.7
1237030 2123.0
1237040 2123.0
1237050 2124.8
1237060 2136.8
1237070 2136.8
1237080 2176.5
1237090 2199.5
1237100 2199.5
1237110 2193.0
1237120 2172.9
1237130 2172.9
1237140 2148.5
1237150 2130.9
1237160 2130.9
1237170 2122.0
1237180 2105.0
1237190 2105.0
1237200 2105.6
1237210 2094.7
1237220 2094.7
1237230 2081.9
1237240 2080.4
1237250 2077.1
1237260 2077.1
1237270 2073.3
1237280 2067.8
1237290 2067.8
1237300 2061.1
1237310 2057.4
1237320 2057.4
1237330 2055.3
1237340 2054.3
1237350 2054.3
1237360 2054.4
1237370 2055.5
1237380 2055.5
1237390 2057.4
1237400 2059.9
1237410 2059.9
1237420 2063.9
1237430 2067.7
1237440 2067.7
1237450 2072.6
1237460 2078.7
1237470 2078.7
1237480 2088.7
1237490 2108.1
1237500 2108.1
1237510 2135.2
1237520 2146.2
1237530 2146.2
1237540 2158.4
1237550 2172.5
1237560 2184.6
1237570 2184.6
1237580 2200.1
1237590 2210.9
1237600 2210.9
1237610 2217.1
1237620 2224.6
1237630 2224.6
1237640 2231.2
1237650 2238.3
1237660 2238.3
1237670 2247.4
1237680 2257.4
1237690 2257.4
1237700 2265.0
1237710 2273.2
1237720 2273.2
1237730 2286.4
1237740 2300.5
1237750 2300.5
1237760 2307.4
1237770 2336.6
1237780 2336.6
1237790 2352.7
1237800 2342.9
1237810 2342.9
1237820 2340.4
1237830 2342.2
1237840 2342.2
1237850 2345.4
1237860 2352.4
1237870 2358.9
1237880 2358.9
1237890 2363.4
1237900 2369.3
1237910 2369.3
1237920 2373.2
1237930 2379.4
1237940 2379.4
1237950 2384.1
1237960 2389.9
1237970 2389.9
1237980 2400.6
1237990 2409.6
1238000 2409.6
1238010 2418.2
1238020 2428.2
1238030 2428.2
1238040 2439.3
1238050 2450.0
1238060 2450.0
1238070 2457.7
1238080 2467.2
1238090 2467.2
1238100 2476.7
1238110 2486.4
1238120 2486.4
1238130 2497.8
1238140 2506.0
1238150 2506.0
1238160 2487.7
1238170 2444.6
1238180 2429.7
1238190 2429.7
1238200 2419.8
1238210 2410.9
1238220 2410.9
1238230 2400.0
1238240 2390.4
1238250 2390.4
1238260 2383.6
1238270 2376.1
1238280 2376.1
1238290 2372.0
1238300 2361.2
1238310 2361.2
1238320 2350.2
1238330 2343.7
1238340 2343.7
1238350 2345.4
1238360 2352.6
1238370 2352.6
1238380 2364.2
1238390 2360.2
1238400 2360.2
1238410 2358.0
1238420 2346.2
1238430 2346.2
1238440 2347.3
1238450 2354.4
1238460 2359.4
1238470 2359.4
1238480 2368.3
1238490 2394.2
1238500 2394.2
1238510 2390.6
1238520 2374.4
1238530 2374.4
1238540 2325.2
1238550 2317.7
1238560 2317.7
1238570 2309.5
1238580 2313.6
1238590 2313.6
1238600 2324.2
1238610 2326.2
1238620 2326.2
1238630 2315.9
1238640 2307.0
1238650 2307.0
1238660 2293.9
1238670 2277.1
1238680 2277.1
1238690 2266.3
1238700 2245.7
1238710 2245.7
1238720 2224.4
1238730 2177.9
1238740 2177.9
1238750 2153.9
1238760 2125.5
1238770 2108.1
1238780 2108.1
1238790 2096.7
1238800 2086.2
1238810 2086.2
1238820 2076.0
1238830 2066.3
1238840 2066.3
1238850 2057.3
1238860 2048.9
1238870 2048.9
1238880 2038.5
1238890 2026.0
1238900 2026.0
1238910 2013.2
1238920 2000.5
1238930 2000.5
1238940 1990.6
1238950 1989.2
1238960 1989.2
1238970 1990.5
1238980 1989.0
1238990 1989.0
1239000 1989.4
1239010 1988.9
1239020 1988.9
1239030 1985.0
1239040 1984.9
1239050 1984.9
1239060 1964.7
1239070 1955.3
1239080 1950.4
1239090 1950.4
1239100 1948.3
1239110 1945.5
1239120 1945.5
1239130 1941.0
1239140 1938.3
1239150 1938.3
1239160 1936.9
1239170 1935.7
1239180 1935.7
1239190 1933.0
1239200 1930.8
1239210 1930.8
1239220 1927.6
1239230 1924.5
1239240 1924.5
1239250 1923.9
1239260 1922.5
1239270 1922.5
1239280 1917.6
1239290 1908.2
1239300 1908.2
1239310 1897.7
1239320 1893.8
1239330 1893.8
1239340 1894.5
1239350 1894.3
1239360 1894.3
1239370 1890.2
1239380 1887.5
1239390 1887.2
1239400 1887.2
1239410 1887.1
1239420 1887.6
1239430 1887.6
1239440 1886.1
1239450 1882.8
1239460 1882.8
1239470 1882.0
1239480 1882.6
1239490 1882.6
1239500 1882.0
1239510 1880.5
1239520 1880.5
1239530 1878.0
1239540 1877.1
1239550 1877.1
1239560 1875.1
1239570 1874.3
1239580 1867.7
1239590 1866.7
1239600 1864.5
1239610 1864.5
1239620 1860.3
1239630 1855.2
1239640 1855.2
1239650 1850.3
1239660 1846.9
1239670 1846.9
1239680 1845.3
1239690 1845.5
1239700 1844.8
1239710 1844.8
1239720 1849.1
1239730 1858.5
1239740 1858.5
1239750 1867.3
1239760 1874.7
1239770 1874.7
1239780 1880.6
1239790 1883.0
1239800 1883.0
1239810 1883.6
1239820 1884.1
1239830 1884.1
1239840 1880.5
1239850 1873.9
1239860 1873.9
1239870 1870.3
1239880 1871.6
1239890 1871.6
1239900 1874.6
1239910 1879.8
1239920 1879.8
1239930 1881.1
1239940 1881.5
1239950 1881.5
1239960 1880.5
1239970 1879.8
1239980 1879.8
1239990 1881.6
