1220000 2059.1
1220010 2059.1
1220020 2066.7
1220030 2053.8
1220040 2053.8
1220050 2045.6
1220060 2056.7
1220070 2056.7
1220080 2070.1
1220090 2085.2
1220100 2085.2
1220110 2097.7
1220120 2114.2
1220130 2114.2
1220140 2128.3
1220150 2146.1
1220160 2154.1
1220170 2178.3
1220180 2215.5
1220190 2215.5
1220200 2238.2
1220210 2240.4
1220220 2240.4
1220230 2251.9
1220240 2265.6
1220250 2299.8
1220260 2299.8
1220270 2340.9
1220280 2375.8
1220290 2375.8
1220300 2439.7
1220310 2483.2
1220320 2483.2
1220330 2490.9
1220340 2488.1
1220350 2488.1
1220360 2484.4
1220370 2482.1
1220380 2482.1
1220390 2483.1
1220400 2484.9
1220410 2484.9
1220420 2486.1
1220430 2487.7
1220440 2487.7
1220450 2488.9
1220460 2490.4
1220470 2490.4
1220480 2491.5
1220490 2491.6
1220500 2491.6
1220510 2491.7
1220520 2494.2
1220530 2502.2
1220540 2502.2
1220550 2510.8
1220560 2516.0
1220570 2516.0
1220580 2517.2
1220590 2525.1
1220600 2525.1
1220610 2531.0
1220620 2535.8
1220630 2535.8
1220640 2541.5
1220650 2540.6
1220660 2540.6
1220670 2546.2
1220680 2550.8
1220690 2550.8
1220700 2549.0
1220710 2545.9
1220720 2545.9
1220730 2542.7
1220740 2540.2
1220750 2540.2
1220760 2538.2
1220770 2537.8
1220780 2537.8
1220790 2538.4
1220800 2538.3
1220810 2538.3
1220820 2538.3
1220830 2537.6
1220840 2541.8
1220850 2541.8
1220860 2549.8
1220870 2553.7
1220880 2553.7
1220890 2561.3
1220900 2574.8
1220910 2574.8
1220920 2587.4
1220930 2597.5
1220940 2597.5
1220950 2609.0
1220960 2626.1
1220970 2626.1
1220980 2642.1
1220990 2646.5
1221000 2646.5
1221010 2650.3
1221020 2658.7
1221030 2658.7
1221040 2668.6
1221050 2675.7
1221060 2675.7
1221070 2681.5
1221080 2694.2
1221090 2694.2
1221100 2710.8
1221110 2731.4
1221120 2731.4
1221130 2744.0
1221140 2759.9
1221150 2772.5
1221160 2772.5
1221170 2786.9
1221180 2809.1
1221190 2809.1
1221200 2818.9
1221210 2825.8
1221220 2825.8
1221230 2829.2
1221240 2834.4
1221250 2834.4
1221260 2841.8
1221270 2839.5
1221280 2839.5
1221290 2825.6
1221300 2804.0
1221310 2804.0
1221320 2788.7
1221330 2774.9
1221340 2774.9
1221350 2756.5
1221360 2744.1
1221370 2744.1
1221380 2731.5
1221390 2716.2
1221400 2716.2
1221410 2701.4
1221420 2689.8
1221430 2689.8
1221440 2681.0
1221450 2673.3
1221460 2660.1
1221470 2660.1
1221480 2645.3
1221490 2630.8
1221500 2630.8
1221510 2617.6
1221520 2599.2
1221530 2599.2
1221540 2590.0
1221550 2583.5
1221560 2583.5
1221570 2577.4
1221580 2571.4
1221590 2571.4
1221600 2565.1
1221610 2557.4
1221620 2557.4
1221630 2551.7
1221640 2546.4
1221650 2546.4
1221660 2541.2
1221670 2536.0
1221680 2536.0
1221690 2530.3
1221700 2524.8
1221710 2524.8
1221720 2519.8
1221730 2515.8
1221740 2515.8
1221750 2511.3
1221760 2506.7
1221770 2502.6
1221780 2502.6
1221790 2499.7
1221800 2497.7
1221810 2497.7
1221820 2495.5
1221830 2492.0
1221840 2492.0
1221850 2489.8
1221860 2488.8
1221870 2488.8
1221880 2487.5
1237450 2097.6
1237460 2097.6
1237470 2110.7
1237480 2123.0
1237490 2123.0
1237500 2138.2
1237510 2170.4
1237520 2184.4
1237530 2184.4
1237540 2191.6
1237550 2196.2
1237560 2196.2
1237570 2195.9
1237580 2204.0
1237590 2204.0
1237600 2270.4
1237610 2340.0
1237620 2340.0
1237630 2370.5
1237640 2374.6
1237650 2374.6
1237660 2377.5
1237670 2380.9
1237680 2380.9
1237690 2379.8
1237700 2380.3
1237710 2380.3
1237720 2380.7
1237730 2382.7
1237740 2382.7
1237750 2390.0
1237760 2398.9
1237770 2398.9
1237780 2413.0
1237790 2427.8
1237800 2427.8
1237810 2434.5
1237820 2439.0
1237830 2441.1
1237840 2441.1
1237850 2440.4
1237860 2438.7
1237870 2438.7
1237880 2435.1
1237890 2430.2
1237900 2430.2
1237910 2428.3
1237920 2428.1
1237930 2428.1
1237940 2430.3
1237950 2433.6
1237960 2433.6
1237970 2433.4
1237980 2433.3
1237990 2433.3
1238000 2433.8
1238010 2436.1
1238020 2436.1
1238030 2445.9
1238040 2460.7
1238050 2460.7
1238060 2470.5
1238070 2473.4
1238080 2473.4
1238090 2479.9
1238100 2490.0
1238110 2490.0
1238120 2497.7
1238130 2506.2
1238140 2515.4
1238150 2522.8
1238160 2532.5
1238170 2542.6
1238180 2542.6
1238190 2548.3
1238200 2555.6
1238210 2555.6
1238220 2564.3
1238230 2575.5
1238240 2575.5
1238250 2586.4
1238260 2598.8
1238270 2598.8
1238280 2608.2
1238290 2601.8
1238300 2601.8
1238310 2592.4
1238320 2588.5
1238330 2588.5
1238340 2575.0
1238350 2553.0
1238360 2553.0
1238370 2538.0
1238380 2525.0
1238390 2525.0
1238400 2510.6
1238410 2497.7
1238420 2485.0
1238430 2485.0
1238440 2469.3
1238450 2452.3
1238460 2452.3
1238470 2430.9
1238480 2415.7
1238490 2415.7
1238500 2407.5
1238510 2401.0
1238520 2401.0
1238530 2394.5
1238540 2387.8
1238550 2387.8
1238560 2381.1
1238570 2374.1
1238580 2374.1
1238590 2367.3
1238600 2360.8
1238610 2360.8
1238620 2354.6
1238630 2348.3
1238640 2348.3
1238650 2342.4
1238660 2337.8
1238670 2339.7
1238680 2337.1
1238690 2335.7
1238700 2335.7
1238710 2333.8
1238720 2329.9
1238730 2327.9
1238740 2327.9
1238750 2326.0
1238760 2323.2
1238770 2323.2
1238780 2320.1
1238790 2317.3
1238800 2317.3
1238810 2314.6
1238820 2311.5
1238830 2311.5
1238840 2309.4
1238850 2309.1
1238860 2309.1
1238870 2306.8
1238880 2303.8
1238890 2303.8
1238900 2301.4
1238910 2302.5
1238920 2302.5
1238930 2300.9
1238940 2298.7
1238950 2298.7
1238960 2297.1
1238970 2296.2
1238980 2296.2
1238990 2293.8
1239000 2287.2
1239010 2287.2
1239020 2269.4
1239030 2255.9
1239040 2248.3
1239050 2248.3
1239060 2242.1
1239070 2236.5
1239080 2236.5
1239090 2231.1
1239100 2225.9
1239110 2225.9
1239120 2223.1
1239130 2223.2
1239140 2223.2
1239150 2225.2
1239160 2228.4
1239170 2228.4
1239180 2232.8
1239190 2248.2
1239200 2248.2
1239210 2256.0
1239220 2261.7
1239230 2261.7
1239240 2266.0
1239250 2270.0
1239260 2270.0
1239270 2270.4
1239280 2270.4
1239290 2270.4
1239300 2269.5
1239310 2267.4
1239320 2267.4
1239330 2265.3
1239340 2265.5
1239350 2266.3
1239360 2266.3
1239370 2266.3
1239380 2266.0
1239390 2266.0
1239400 2264.9
1239410 2263.8
1239420 2263.8
1239430 2264.1
1239440 2264.7
1239450 2264.7
1239460 2264.8
1239470 2263.9
1239480 2263.9
1239490 2262.5
1239500 2259.7
1239510 2259.7
1239520 2256.9
1239530 2254.2
1239540 2254.2
1239550 2251.9
1239560 2249.3
1239570 2249.3
1239580 2246.3
1239590 2243.2
1239600 2243.2
1239610 2240.3
1239620 2238.3
1239630 2238.3
1239640 2236.1
1239650 2232.7
1239660 2229.1
1239670 2229.1
1239680 2226.3
1239690 2224.3
1239700 2224.3
1239710 2224.7
1239720 2220.4
1239730 2220.4
1239740 2214.3
1239750 2208.3
1239760 2208.3
1239770 2203.5
1239780 2198.2
1239790 2198.2
1239800 2192.8
1239810 2188.1
1239820 2188.1
1239830 2182.1
1239840 2174.2
1239850 2174.2
1239860 2168.6
1239870 2166.5
1239880 2166.5
1239890 2166.8
1239900 2166.1
1239910 2166.1
1239920 2162.8
1239930 2161.6
1239940 2161.6
1239950 2163.2
1239960 2162.8
1239970 2160.5
1239980 2160.5
1239990 2157.0
