1220000 2022.4
1220010 2034.6
1220020 2042.5
1220030 2059.0
1220040 2059.0
1220050 2075.0
1220060 2092.6
1220070 2092.6
1220080 2109.7
1220090 2121.1
1220100 2121.1
1220110 2133.5
1220120 2143.8
1220130 2143.8
1220140 2154.0
1220150 2164.9
1220160 2164.9
1220170 2188.2
1220180 2215.6
1220190 2215.6
1220200 2239.3
1220210 2255.3
1220220 2255.3
1220230 2269.3
1220240 2285.9
1220250 2285.9
1220260 2301.0
1220270 2322.0
1220280 2322.0
1220290 2347.2
1220300 2418.3
1220310 2418.3
1220320 2471.8
1220330 2478.6
1220340 2474.2
1220350 2474.2
1220360 2469.7
1220370 2468.1
1220380 2468.1
1220390 2468.3
1220400 2468.7
1220410 2468.7
1220420 2468.0
1220430 2467.9
1220440 2467.9
1220450 2469.0
1220460 2463.1
1220470 2463.1
1220480 2463.1
1220490 2464.0
1220500 2464.0
1220510 2466.3
1220520 2468.5
1220530 2468.5
1220540 2470.1
1220550 2470.0
1220560 2470.0
1220570 2469.4
1220580 2471.1
1220590 2471.1
1220600 2474.7
1220610 2482.9
1220620 2482.9
1220630 2491.0
1220640 2499.1
1220650 2505.2
1220660 2505.2
1220670 2509.1
1220680 2512.1
1220690 2512.1
1220700 2515.5
1220710 2519.0
1220720 2519.0
1220730 2521.7
1220740 2519.9
1220750 2519.9
1220760 2518.6
1220770 2516.5
1220780 2516.5
1220790 2515.5
1220800 2513.1
1220810 2513.1
1220820 2513.8
1220830 2515.9
1220840 2515.9
1220850 2517.8
1220860 2522.5
1220870 2522.5
1220880 2532.6
1220890 2539.9
1220900 2539.9
1220910 2555.1
1220920 2575.9
1220930 2575.9
1220940 2593.0
1220950 2598.7
1220960 2614.0
1220970 2614.0
1220980 2633.0
1220990 2643.0
1221000 2643.0
1221010 2648.8
1221020 2656.5
1221030 2656.5
1221040 2666.4
1221050 2673.3
1221060 2673.3
1221070 2680.0
1221080 2699.3
1221090 2699.3
1221100 2718.7
1221110 2735.4
1221120 2735.4
1221130 2745.0
1221140 2757.5
1221150 2757.5
1221160 2768.9
1221170 2781.5
1221180 2781.5
1221190 2789.2
1221200 2798.1
1221210 2798.1
1221220 2806.2
1221230 2814.2
1221240 2814.2
1221250 2823.3
1221260 2823.2
1221270 2807.8
1221280 2807.8
1221290 2796.5
1221300 2780.1
1221310 2780.1
1221320 2765.1
1221330 2756.6
1221340 2756.6
1221350 2747.8
1221360 2733.6
1221370 2733.6
1221380 2715.4
1221390 2702.4
1221400 2702.4
1221410 2690.1
1221420 2677.4
1221430 2672.3
1221440 2654.8
1221450 2644.9
1221460 2644.9
1221470 2635.2
1221480 2625.2
1221490 2625.2
1221500 2612.2
1221510 2599.4
1221520 2599.4
1221530 2592.3
1221540 2585.5
1221550 2585.5
1221560 2578.7
1221570 2572.1
1221580 2565.7
1221590 2565.7
1221600 2559.4
1221610 2553.6
1221620 2553.6
1221630 2547.9
1221640 2542.2
1221650 2542.2
1221660 2536.1
1221670 2530.2
1221680 2530.2
1221690 2524.2
1221700 2518.5
1221710 2518.5
1221720 2513.0
1221730 2507.6
1221740 2507.6
1221750 2502.4
1221760 2498.0
1221770 2498.0
1221780 2494.0
1221790 2491.2
1221800 2491.2
1221810 2489.2
1221820 2487.0
1221830 2487.0
1221840 2484.1
1221850 2481.3
1221860 2481.3
1221870 2480.1
1221880 2479.0
1221890 2476.5
1221900 2476.5
1237440 2089.0
1237450 2094.4
1237460 2094.4
1237470 2102.3
1237480 2111.3
1237490 2111.3
1237500 2123.1
1237510 2136.2
1237520 2136.2
1237530 2151.8
1237540 2162.5
1237550 2162.5
1237560 2172.8
1237570 2183.7
1237580 2183.7
1237590 2193.0
1237600 2200.3
1237610 2215.7
1237620 2215.7
1237630 2312.5
1237640 2372.5
1237650 2372.5
1237660 2379.4
1237670 2395.2
1237680 2395.2
1237690 2413.4
1237700 2420.3
1237710 2420.3
1237720 2420.5
1237730 2430.0
1237740 2430.0
1237750 2440.7
1237760 2449.0
1237770 2449.0
1237780 2452.5
1237790 2454.2
1237800 2454.2
1237810 2458.0
1237820 2464.8
1237830 2464.8
1237840 2475.1
1237850 2478.7
1237860 2478.7
1237870 2477.4
1237880 2474.9
1237890 2474.9
1237900 2473.6
1237910 2474.2
1237920 2477.9
1237930 2477.9
1237940 2480.3
1237950 2491.6
1237960 2491.6
1237970 2489.9
1237980 2488.6
1237990 2488.6
1238000 2490.1
1238010 2500.2
1238020 2500.2
1238030 2506.1
1238040 2511.4
1238050 2511.4
1238060 2514.2
1238070 2515.6
1238080 2515.6
1238090 2516.6
1238100 2521.6
1238110 2521.6
1238120 2529.3
1238130 2535.4
1238140 2535.4
1238150 2541.4
1238160 2551.0
1238170 2551.0
1238180 2559.0
1238190 2568.4
1238200 2580.5
1238210 2580.5
1238220 2587.7
1238230 2594.1
1238240 2594.1
1238250 2601.1
1238260 2603.0
1238270 2603.0
1238280 2596.1
1238290 2585.5
1238300 2585.5
1238310 2571.7
1238320 2560.9
1238330 2560.9
1238340 2551.6
1238350 2536.6
1238360 2536.6
1238370 2517.8
1238380 2500.7
1238390 2500.7
1238400 2489.4
1238410 2479.9
1238420 2479.9
1238430 2470.4
1238440 2464.3
1238450 2464.3
1238460 2449.8
1238470 2417.5
1238480 2417.5
1238490 2410.5
1238500 2403.9
1238510 2397.3
1238520 2397.3
1238530 2390.7
1238540 2384.3
1238550 2384.3
1238560 2378.2
1238570 2372.4
1238580 2372.4
1238590 2366.9
1238600 2361.3
1238610 2361.3
1238620 2355.7
1238630 2351.8
1238640 2351.8
1238650 2350.2
1238660 2346.8
1238670 2346.8
1238680 2343.7
1238690 2341.2
1238700 2341.2
1238710 2337.9
1238720 2333.6
1238730 2333.6
1238740 2329.4
1238750 2325.5
1238760 2325.5
1238770 2320.9
1238780 2318.7
1238790 2318.7
1238800 2318.4
1238810 2316.6
1238820 2315.3
1238830 2315.3
1238840 2316.8
1238850 2315.7
1238860 2315.7
1238870 2313.9
1238880 2313.2
1238890 2313.2
1238900 2312.7
1238910 2311.2
1238920 2311.2
1238930 2308.8
1238940 2308.2
1238950 2308.2
1238960 2306.0
1238970 2301.8
1238980 2301.8
1238990 2299.6
1239000 2295.4
1239010 2295.4
1239020 2290.2
1239030 2285.5
1239040 2285.5
1239050 2276.8
1239060 2265.4
1239070 2265.4
1239080 2258.3
1239090 2254.7
1239100 2254.7
1239110 2252.2
1239120 2252.8
1239130 2259.4
1239140 2259.4
1239150 2270.8
1239160 2274.8
1239170 2274.8
1239180 2277.1
1239190 2281.8
1239200 2281.8
1239210 2285.3
1239220 2287.3
1239230 2287.3
1239240 2287.3
1239250 2285.7
1239260 2285.7
1239270 2284.6
1239280 2283.6
1239290 2283.6
1239300 2281.1
1239310 2279.2
1239320 2279.2
1239330 2278.6
1239340 2277.9
1239350 2277.9
1239360 2276.0
1239370 2274.0
1239380 2274.0
1239390 2274.0
1239400 2274.4
1239410 2274.4
1239420 2274.3
1239430 2273.7
1239440 2272.3
1239450 2272.3
1239460 2270.7
1239470 2269.3
1239480 2269.3
1239490 2266.9
1239500 2263.8
1239510 2266.1
1239520 2262.7
1239530 2259.0
1239540 2259.0
1239550 2256.2
1239560 2253.7
1239570 2253.7
1239580 2251.3
1239590 2248.8
1239600 2248.8
1239610 2245.8
1239620 2241.3
1239630 2241.3
1239640 2240.2
1239650 2239.0
1239660 2239.0
1239670 2237.1
1239680 2236.0
1239690 2236.0
1239700 2234.7
1239710 2230.5
1239720 2230.5
1239730 2225.5
1239740 2221.0
1239750 2216.1
1239760 2216.1
1239770 2211.5
1239780 2207.1
1239790 2207.1
1239800 2202.6
1239810 2197.2
1239820 2197.2
1239830 2192.0
1239840 2186.9
1239850 2186.9
1239860 2181.1
1239870 2174.3
1239880 2174.3
1239890 2171.1
1239900 2168.5
1239910 2168.5
1239920 2165.9
1239930 2165.9
1239940 2165.9
1239950 2165.5
1239960 2165.4
1239970 2165.4
1239980 2166.9
1239990 2166.3
