1220000 1786.5
1220010 1785.3
1220020 1785.3
1220030 1788.2
1220040 1792.0
1220050 1792.0
1220060 1796.0
1220070 1799.2
1220080 1799.2
1220090 1801.5
1220100 1804.8
1220110 1804.8
1220120 1808.4
1220130 1812.2
1220140 1812.2
1220150 1815.8
1220160 1818.9
1220170 1818.9
1220180 1820.8
1220190 1821.3
1220200 1820.7
1220210 1820.7
1220220 1819.4
1220230 1817.9
1220240 1817.9
1220250 1818.6
1220260 1822.9
1220270 1822.9
1220280 1829.2
1220290 1841.5
1220300 1841.5
1220310 1858.3
1220320 1869.6
1220330 1869.6
1220340 1880.6
1220350 1885.8
1220360 1885.8
1220370 1887.6
1220380 1893.9
1220390 1893.9
1220400 1916.3
1220410 1940.2
1220420 1940.2
1220430 1955.2
1220440 1960.5
1220450 1960.5
1220460 1971.8
1220470 1985.6
1220480 1994.6
1220490 2006.1
1220500 2011.5
1220510 2012.6
1220520 2012.6
1220530 2019.3
1220540 2030.6
1220550 2030.6
1220560 2043.9
1220570 2053.9
1220580 2053.9
1220590 2061.2
1220600 2069.4
1220610 2069.4
1220620 2080.3
1220630 2088.8
1220640 2088.8
1220650 2097.2
1220660 2106.8
1220670 2106.8
1220680 2114.9
1220690 2125.4
1220700 2125.4
1220710 2132.0
1220720 2139.5
1220730 2139.5
1220740 2145.4
1220750 2153.6
1220760 2153.6
1220770 2166.1
1220780 2180.5
1220790 2180.5
1220800 2194.1
1220810 2208.2
1220820 2226.3
1220830 2226.3
1220840 2249.3
1220850 2270.6
1220860 2270.6
1220870 2284.4
1220880 2297.4
1220890 2297.4
1220900 2308.3
1220910 2324.0
1220920 2324.0
1220930 2341.6
1220940 2348.9
1220950 2348.9
1220960 2368.0
1220970 2411.3
1220980 2411.3
1220990 2424.5
1221000 2430.5
1221010 2430.5
1221020 2438.5
1221030 2456.3
1221040 2456.3
1221050 2475.7
1221060 2493.7
1221070 2493.7
1221080 2519.3
1221090 2545.8
1221100 2545.8
1221110 2570.9
1221120 2592.6
1221130 2616.0
1221140 2616.0
1221150 2629.4
1221160 2647.0
1221170 2647.0
1221180 2670.3
1221190 2691.9
1221200 2691.9
1221210 2701.8
1221220 2696.2
1221230 2696.2
1221240 2691.1
1221250 2689.4
1221260 2689.4
1221270 2686.3
1221280 2682.4
1221290 2682.4
1221300 2679.8
1221310 2676.0
1221320 2676.0
1221330 2673.0
1221340 2670.0
1221350 2670.0
1221360 2667.0
1221370 2664.0
1221380 2664.0
1221390 2660.8
1221400 2657.6
1221410 2657.6
1221420 2654.1
1221430 2650.8
1221440 2647.0
1221450 2646.6
1221460 2642.8
1221470 2639.4
1221480 2639.4
1221490 2636.7
1221500 2634.2
1221510 2634.2
1221520 2631.6
1221530 2628.9
1221540 2628.9
1221550 2626.2
1221560 2623.6
1221570 2623.6
1221580 2621.1
1221590 2618.7
1221600 2618.7
1221610 2616.6
1221620 2614.3
1221630 2614.3
1221640 2611.5
1221650 2608.6
1221660 2608.6
1221670 2606.0
1221680 2603.9
1221690 2603.9
1221700 2602.3
1221710 2601.0
1221720 2601.0
1221730 2599.0
1221740 2596.3
1221750 2593.3
1221760 2593.3
1221770 2590.8
1221780 2588.6
1221790 2588.6
1221800 2586.5
1221810 2584.3
1221820 2584.3
1221830 2582.2
1221840 2579.9
1221850 2579.9
1221860 2577.8
1221870 2576.0
1221880 2576.0
1221890 2574.6
1221900 2572.9
1221910 2572.9
1221920 2571.7
1221930 2570.5
1221940 2570.5
1221950 2569.6
1221960 2568.5
1221970 2568.5
1221980 2567.3
1221990 2566.0
1222000 2566.0
1222010 2564.8
1222020 2563.8
1222030 2563.8
1222040 2562.9
1222050 2562.0
1222060 2561.3
1222070 2561.3
1222080 2560.7
1222090 2560.4
1222100 2560.4
1222110 2560.3
1222120 2560.2
1222130 2560.2
1222140 2560.6
1222150 2560.9
1222160 2560.9
1222170 2561.1
1238110 2227.5
1238120 2227.5
1238130 2228.5
1238140 2227.9
1238150 2227.9
1238160 2224.4
1238170 2222.2
1238180 2222.2
1238190 2221.2
1238200 2218.7
1238210 2218.7
1238220 2215.9
1238230 2214.8
1238240 2213.6
1238250 2213.6
1238260 2211.3
1238270 2209.8
1238280 2209.8
1238290 2209.1
1238300 2210.0
1238310 2210.0
1238320 2212.5
1238330 2213.7
1238340 2213.7
1238350 2212.9
1238360 2214.2
1238370 2214.2
1238380 2215.9
1238390 2217.4
1238400 2217.4
1238410 2219.8
1238420 2223.1
1238430 2223.1
1238440 2225.6
1238450 2228.8
1238460 2228.8
1238470 2232.9
1238480 2237.2
1238490 2233.9
1238500 2237.6
1238510 2241.4
1238520 2241.4
1238530 2245.4
1238540 2249.5
1238550 2252.8
1238560 2252.8
1238570 2256.4
1238580 2261.5
1238590 2261.5
1238600 2266.5
1238610 2271.5
1238620 2271.5
1238630 2276.4
1238640 2281.8
1238650 2281.8
1238660 2287.6
1238670 2293.7
1238680 2293.7
1238690 2300.1
1238700 2307.8
1238710 2307.8
1238720 2317.1
1238730 2327.1
1238740 2327.1
1238750 2326.2
1238760 2309.6
1238770 2309.6
1238780 2300.5
1238790 2293.3
1238800 2293.3
1238810 2286.5
1238820 2278.6
1238830 2278.6
1238840 2270.3
1238850 2264.5
1238860 2259.0
1238870 2259.0
1238880 2253.7
1238890 2248.2
1238900 2248.2
1238910 2242.1
1238920 2235.1
1238930 2235.1
1238940 2226.4
1238950 2218.7
1238960 2218.7
1238970 2212.7
1238980 2207.1
1238990 2207.1
1239000 2202.1
1239010 2193.3
1239020 2193.3
1239030 2189.2
1239040 2185.1
1239050 2185.1
1239060 2180.9
1239070 2176.8
1239080 2176.8
1239090 2172.4
1239100 2168.1
1239110 2168.1
1239120 2164.7
1239130 2162.6
1239140 2162.6
1239150 2162.6
1239160 2163.4
1239170 2164.4
1239180 2164.4
1239190 2165.4
1239200 2166.2
1239210 2166.2
1239220 2165.4
1239230 2163.5
1239240 2163.5
1239250 2161.1
1239260 2159.0
1239270 2159.0
1239280 2156.3
1239290 2153.0
1239300 2153.0
1239310 2150.0
1239320 2148.6
1239330 2148.6
1239340 2147.5
1239350 2145.5
1239360 2145.5
1239370 2143.1
1239380 2140.8
1239390 2140.8
1239400 2138.7
1239410 2137.5
1239420 2137.5
1239430 2136.4
1239440 2134.9
1239450 2134.9
1239460 2133.9
1239470 2135.9
1239480 2137.2
1239490 2137.2
1239500 2138.8
1239510 2139.2
1239520 2139.2
1239530 2144.3
1239540 2144.0
1239550 2144.0
1239560 2144.0
1239570 2144.2
1239580 2144.2
1239590 2144.0
1239600 2143.0
1239610 2143.0
1239620 2141.9
1239630 2141.5
1239640 2141.5
1239650 2141.2
1239660 2139.8
1239670 2139.8
1239680 2137.4
1239690 2135.9
1239700 2135.9
1239710 2135.2
1239720 2135.2
1239730 2135.2
1239740 2135.3
1239750 2135.9
1239760 2135.9
1239770 2137.2
1239780 2139.1
1239790 2143.4
1239800 2143.4
1239810 2150.4
1239820 2158.5
1239830 2158.5
1239840 2167.0
1239850 2173.7
1239860 2173.7
1239870 2183.8
1239880 2192.8
1239890 2192.8
1239900 2198.7
1239910 2202.7
1239920 2202.7
1239930 2212.3
1239940 2232.3
1239950 2232.3
1239960 2251.7
1239970 2268.3
1239980 2268.3
1239990 2283.6
