1220000 1696.0
1220010 1699.9
1220020 1699.9
1220030 1703.0
1220040 1705.7
1220050 1705.7
1220060 1708.6
1220070 1712.3
1220080 1712.3
1220090 1716.6
1220100 1721.3
1220110 1721.3
1220120 1726.2
1220130 1730.1
1220140 1734.2
1220150 1734.2
1220160 1738.6
1220170 1742.8
1220180 1742.8
1220190 1746.8
1220200 1750.7
1220210 1749.5
1220220 1754.1
1220230 1758.3
1220240 1758.3
1220250 1763.0
1220260 1767.5
1220270 1767.5
1220280 1771.5
1220290 1775.3
1220300 1775.3
1220310 1779.4
1220320 1783.8
1220330 1783.8
1220340 1788.6
1220350 1792.7
1220360 1792.7
1220370 1797.9
1220380 1803.2
1220390 1803.2
1220400 1808.7
1220410 1813.9
1220420 1813.9
1220430 1819.4
1220440 1825.0
1220450 1830.0
1220460 1830.0
1220470 1835.1
1220480 1840.7
1220490 1840.7
1220500 1846.6
1220510 1852.1
1220520 1852.1
1220530 1857.4
1220540 1862.8
1220550 1862.8
1220560 1867.7
1220570 1872.8
1220580 1872.8
1220590 1879.4
1220600 1888.3
1220610 1888.3
1220620 1897.7
1220630 1903.7
1220640 1903.7
1220650 1912.9
1220660 1926.8
1220670 1926.8
1220680 1942.1
1220690 1960.1
1220700 1974.1
1220710 1993.4
1220720 2009.2
1220730 2009.2
1220740 2025.1
1220750 2037.6
1220760 2049.1
1220770 2049.1
1220780 2063.9
1220790 2081.4
1220800 2081.4
1220810 2091.3
1220820 2109.1
1220830 2109.1
1220840 2123.0
1220850 2137.4
1220860 2137.4
1220870 2158.8
1220880 2194.6
1220890 2194.6
1220900 2218.1
1220910 2239.6
1220920 2239.6
1220930 2259.2
1220940 2280.2
1220950 2280.2
1220960 2301.1
1220970 2310.2
1220980 2310.2
1220990 2323.8
1221000 2343.4
1221010 2343.4
1221020 2371.7
1221030 2413.8
1221040 2413.8
1221050 2448.9
1221060 2480.0
1221070 2480.0
1221080 2491.7
1221090 2506.4
1221100 2515.7
1221110 2515.7
1221120 2512.7
1221130 2509.6
1221140 2509.6
1221150 2517.9
1221160 2536.3
1221170 2536.3
1221180 2581.2
1221190 2579.1
1221200 2579.1
1221210 2578.0
1221220 2585.1
1221230 2585.1
1221240 2595.4
1221250 2612.6
1221260 2612.6
1221270 2623.6
1221280 2630.1
1221290 2630.1
1221300 2663.8
1221310 2689.2
1221320 2689.2
1221330 2709.3
1221340 2724.5
1221350 2724.5
1221360 2738.4
1221370 2751.9
1221380 2751.9
1221390 2767.5
1221400 2797.9
1221410 2808.7
1221420 2808.7
1221430 2809.4
1221440 2806.9
1221450 2806.9
1221460 2802.9
1221470 2799.2
1221480 2799.2
1221490 2796.8
1221500 2792.6
1221510 2792.6
1221520 2792.5
1221530 2792.0
1221540 2792.0
1221550 2790.3
1221560 2789.2
1221570 2789.2
1221580 2789.7
1221590 2789.1
1221600 2789.1
1221610 2786.7
1221620 2784.2
1221630 2784.2
1221640 2777.9
1221650 2776.1
1221660 2765.0
1221670 2763.4
1221680 2762.5
1221690 2762.5
1221700 2762.2
1221710 2762.0
1221720 2760.3
1221730 2760.3
1221740 2764.2
1221750 2767.7
1221760 2767.7
1221770 2765.6
1221780 2763.5
1221790 2763.5
1221800 2764.4
1221810 2765.1
1221820 2765.1
1221830 2766.5
1221840 2766.7
1221850 2766.7
1221860 2768.1
1221870 2772.4
1221880 2772.4
1221890 2775.0
1221900 2778.3
1221910 2778.3
1221920 2779.0
1221930 2777.3
1221940 2777.3
1221950 2774.5
1221960 2771.7
1221970 2771.7
1221980 2770.6
1221990 2770.9
1222000 2770.9
1222010 2770.4
1222020 2770.7
1222030 2769.1
1222040 2769.1
1222050 2768.5
1222060 2768.9
1222070 2768.9
1222080 2768.0
1222090 2767.5
1222100 2767.5
1222110 2771.1
1222120 2768.2
1222130 2768.2
1222140 2764.7
1222150 2749.9
1222160 2749.9
1222170 2746.6
1222180 2742.3
1222190 2742.3
1222200 2738.1
1222210 2734.3
1222220 2734.3
1222230 2730.8
1222240 2727.8
1222250 2727.8
1222260 2724.9
1222270 2721.8
1222280 2721.8
1222290 2718.7
1222300 2715.8
1222310 2715.8
1222320 2713.9
1222330 2712.8
1222340 2712.6
1222350 2712.6
1222360 2713.1
1222370 2712.1
1222380 2712.1
1222390 2702.9
1222400 2699.2
1222410 2699.2
1222420 2697.4
1222430 2694.9
1222440 2694.9
1222450 2693.8
1222460 2693.3
1222470 2693.3
1222480 2691.3
1222490 2682.7
1222500 2682.7
1222510 2676.5
1222520 2669.6
1222530 2669.6
1222540 2661.7
1222550 2653.7
1222560 2653.7
1222570 2646.3
1222580 2639.5
1222590 2639.5
1222600 2634.2
1222610 2629.6
1222620 2629.6
1222630 2625.4
1222640 2616.3
1222650 2612.2
1222660 2612.2
1222670 2606.2
1222680 2599.0
1222690 2599.0
1222700 2592.6
1222710 2589.9
1222720 2589.9
1222730 2587.3
1222740 2583.4
1222750 2583.4
1222760 2578.4
1222770 2573.1
1222780 2573.1
1222790 2570.0
1222800 2568.2
1222810 2568.2
1222820 2566.4
1222830 2564.8
1222840 2564.8
1222850 2563.0
1222860 2560.4
1222870 2560.4
1222880 2557.6
1222890 2556.8
1222900 2556.8
1222910 2556.2
1222920 2555.5
1222930 2555.5
1222940 2554.6
1222950 2553.4
1222960 2552.3
1222970 2552.3
1222980 2551.0
1222990 2549.9
1223000 2549.9
1223010 2549.1
1223020 2547.3
1223030 2547.3
1223040 2545.7
1223050 2543.8
1223060 2543.8
1223070 2542.4
1223080 2541.0
1223090 2541.0
1223100 2539.9
1223110 2538.9
1223120 2535.5
1223130 2534.0
1223140 2532.4
1223150 2532.4
1223160 2531.4
1223170 2531.2
1223180 2531.2
1223190 2531.1
1223200 2531.1
1223210 2531.1
1223220 2530.0
1223230 2528.1
1223240 2528.1
1223250 2527.0
1239240 2029.7
1239250 2015.3
1239260 2005.0
1239270 2005.0
1239280 1986.5
1239290 1969.3
1239300 1969.3
1239310 1963.1
1239320 1953.5
1239330 1953.5
1239340 1945.8
1239350 1940.4
1239360 1940.4
1239370 1935.3
1239380 1928.8
1239390 1928.8
1239400 1913.5
1239410 1901.4
1239420 1901.4
1239430 1896.7
1239440 1893.3
1239450 1893.3
1239460 1893.3
1239470 1896.2
1239480 1896.2
1239490 1896.8
1239500 1896.7
1239510 1900.6
1239520 1900.6
1239530 1905.9
1239540 1913.0
1239550 1913.0
1239560 1915.6
1239570 1920.9
1239580 1920.9
1239590 1925.4
1239600 1927.1
1239610 1927.1
1239620 1930.4
1239630 1936.5
1239640 1936.5
1239650 1944.4
1239660 1958.6
1239670 1958.6
1239680 1969.8
1239690 1978.2
1239700 1978.2
1239710 1990.7
1239720 2004.8
1239730 2004.8
1239740 2016.2
1239750 2026.1
1239760 2033.3
1239770 2041.8
1239780 2052.8
1239790 2052.8
1239800 2062.8
1239810 2070.7
1239820 2078.3
1239830 2078.3
1239840 2084.2
1239850 2092.2
1239860 2092.2
1239870 2101.8
1239880 2110.6
1239890 2110.6
1239900 2118.8
1239910 2128.6
1239920 2128.6
1239930 2138.2
1239940 2148.0
1239950 2148.0
1239960 2158.6
1239970 2169.9
1239980 2169.9
1239990 2179.2
