1220000 1768.0
1220010 1768.5
1220020 1768.5
1220030 1767.4
1220040 1766.6
1220050 1766.6
1220060 1766.9
1220070 1768.4
1220080 1768.4
1220090 1769.4
1220100 1771.0
1220110 1771.0
1220120 1773.5
1220130 1776.6
1220140 1776.6
1220150 1780.0
1220160 1782.7
1220170 1782.7
1220180 1784.4
1220190 1786.2
1220200 1789.8
1220210 1789.8
1220220 1793.5
1220230 1797.6
1220240 1797.6
1220250 1802.3
1220260 1806.8
1220270 1806.8
1220280 1811.3
1220290 1816.4
1220300 1816.4
1220310 1821.4
1220320 1826.1
1220330 1826.1
1220340 1830.8
1220350 1835.8
1220360 1835.8
1220370 1840.9
1220380 1846.0
1220390 1846.0
1220400 1848.7
1220410 1853.8
1220420 1853.8
1220430 1859.1
1220440 1864.7
1220450 1864.7
1220460 1870.2
1220470 1875.9
1220480 1875.9
1220490 1881.8
1220500 1887.8
1220510 1887.8
1220520 1893.9
1220530 1900.2
1220540 1906.5
1220550 1906.5
1220560 1912.9
1220570 1919.1
1220580 1919.1
1220590 1925.0
1220600 1931.6
1220610 1931.6
1220620 1938.1
1220630 1944.3
1220640 1944.3
1220650 1950.3
1220660 1956.1
1220670 1956.1
1220680 1961.9
1220690 1967.8
1220700 1967.8
1220710 1974.1
1220720 1980.3
1220730 1980.3
1220740 1986.2
1220750 1991.4
1220760 1991.4
1220770 1995.5
1220780 2003.5
1220790 2003.5
1220800 2018.9
1220810 2034.0
1220820 2034.0
1220830 2038.6
1220840 2044.4
1220850 2060.1
1220860 2060.1
1220870 2070.9
1220880 2059.5
1220890 2059.5
1220900 2071.5
1220910 2085.5
1220920 2085.5
1220930 2105.4
1220940 2124.0
1220950 2124.0
1220960 2138.5
1220970 2151.1
1220980 2151.1
1220990 2163.7
1221000 2183.0
1221010 2183.0
1221020 2201.4
1221030 2224.2
1221040 2224.2
1221050 2241.0
1221060 2246.5
1221070 2246.5
1221080 2251.3
1221090 2276.6
1221100 2276.6
1221110 2310.3
1221120 2327.2
1221130 2327.2
1221140 2338.5
1221150 2360.9
1221160 2408.8
1221170 2408.8
1221180 2422.6
1221190 2433.7
1221200 2433.7
1221210 2445.7
1221220 2452.7
1221230 2452.7
1221240 2451.3
1221250 2444.1
1221260 2444.1
1221270 2436.3
1221280 2426.7
1221290 2426.7
1221300 2409.1
1221310 2381.5
1221320 2381.5
1221330 2359.7
1221340 2357.2
1221350 2357.2
1221360 2355.5
1221370 2361.3
1221380 2361.3
1221390 2359.5
1221400 2358.2
1221410 2358.2
1221420 2356.6
1221430 2353.4
1221440 2353.4
1221450 2351.0
1221460 2350.2
1221470 2350.2
1221480 2350.2
1221490 2349.5
1221500 2349.1
1221510 2349.1
1221520 2347.6
1221530 2346.6
1221540 2346.6
1221550 2347.1
1221560 2348.1
1221570 2348.1
1221580 2349.5
1221590 2351.1
1221600 2351.1
1221610 2352.7
1221620 2354.6
1221630 2354.6
1221640 2356.5
1221650 2358.0
1221660 2358.0
1221670 2358.5
1221680 2358.9
1221690 2358.9
1221700 2360.7
1221710 2363.2
1221720 2363.2
1221730 2363.7
1221740 2362.8
1221750 2362.8
1221760 2366.5
1221770 2373.0
1221780 2379.7
1221790 2379.7
1221800 2386.4
1221810 2396.2
1221820 2396.2
1221830 2410.8
1221840 2428.2
1221850 2452.2
1221860 2445.7
1221870 2445.5
1221880 2445.5
1221890 2463.3
1221900 2483.4
1221910 2483.4
1221920 2489.4
1221930 2493.3
1221940 2493.3
1221950 2498.9
1221960 2505.6
1221970 2505.6
1221980 2510.9
1221990 2520.1
1222000 2520.1
1222010 2526.8
1222020 2530.8
1222030 2530.8
1222040 2536.5
1222050 2546.9
1222060 2546.9
1222070 2560.5
1222080 2576.3
1222090 2584.6
1222100 2584.6
1222110 2590.2
1222120 2597.4
1222130 2597.4
1222140 2599.6
1222150 2598.5
1222160 2598.5
1222170 2599.5
1222180 2605.3
1222190 2605.3
1222200 2611.5
1222210 2620.7
1222220 2620.7
1222230 2629.2
1222240 2637.3
1222250 2637.3
1222260 2646.0
1222270 2654.8
1222280 2654.8
1222290 2662.4
1222300 2666.6
1222310 2666.6
1222320 2676.4
1222330 2683.4
1222340 2691.8
1222350 2696.8
1222360 2704.4
1222370 2704.4
1222380 2715.0
1222390 2725.2
1222400 2735.6
1222410 2735.6
1222420 2746.5
1222430 2753.0
1222440 2753.0
1222450 2758.4
1222460 2765.4
1222470 2765.4
1222480 2772.4
1222490 2779.7
1222500 2779.7
1222510 2787.3
1222520 2795.6
1222530 2795.6
1222540 2807.9
1222550 2825.8
1222560 2825.8
1222570 2837.6
1222580 2848.2
1222590 2848.2
1222600 2861.1
1222610 2867.0
1222620 2867.0
1222630 2875.8
1222640 2882.7
1222650 2882.7
1222660 2887.1
1222670 2887.1
1222680 2887.1
1222690 2888.4
1222700 2887.6
1222710 2885.8
1222720 2885.8
1222730 2888.7
1222740 2890.4
1222750 2890.4
1222760 2890.3
1222770 2892.7
1222780 2892.7
1222790 2895.5
1222800 2891.6
1222810 2891.6
1222820 2876.4
1222830 2875.0
1222840 2875.0
1222850 2872.8
1222860 2869.9
1222870 2869.9
1222880 2867.9
1222890 2865.1
1222900 2865.1
1222910 2861.1
1222920 2857.2
1222930 2857.2
1222940 2854.2
1222950 2853.0
1222960 2853.0
1222970 2851.9
1222980 2849.3
1222990 2849.3
1223000 2848.0
1223010 2847.7
1223020 2847.7
1223030 2845.8
1223040 2843.8
1223050 2841.9
1223060 2841.9
1223070 2840.4
1223080 2839.9
1223090 2839.9
1223100 2840.4
1223110 2842.2
1223120 2842.2
1223130 2846.1
1223140 2849.8
1223150 2849.8
1223160 2850.1
1223170 2852.1
1223180 2852.1
1223190 2854.8
1223200 2852.9
1223210 2852.9
1223220 2852.2
1223230 2855.4
1223240 2855.4
1223250 2862.2
1223260 2873.2
1223270 2873.2
1223280 2888.2
1223290 2902.9
1223300 2902.9
1223310 2904.7
1223320 2901.7
1223330 2901.7
1223340 2898.5
1223350 2895.4
1223360 2892.0
1223370 2892.0
1223380 2888.8
1223390 2885.8
1223400 2885.8
1223410 2883.0
1223420 2880.8
1223430 2880.8
1223440 2878.3
1223450 2876.6
1223460 2876.6
1223470 2875.4
1223480 2874.4
1223490 2874.4
1223500 2873.4
1223510 2872.4
1223520 2872.4
1223530 2871.4
