1220000 1696.3
1220010 1699.7
1220020 1699.7
1220030 1703.0
1220040 1707.0
1220050 1707.0
1220060 1710.2
1220070 1713.4
1220080 1713.4
1220090 1717.0
1220100 1721.5
1220110 1721.5
1220120 1725.9
1220130 1729.6
1220140 1729.6
1220150 1732.5
1220160 1736.4
1220170 1736.4
1220180 1740.8
1220190 1744.8
1220200 1748.9
1220210 1748.9
1220220 1752.8
1220230 1756.8
1220240 1756.8
1220250 1761.4
1220260 1766.0
1220270 1766.0
1220280 1770.3
1220290 1774.3
1220300 1774.3
1220310 1778.2
1220320 1782.1
1220330 1782.1
1220340 1786.5
1220350 1791.3
1220360 1791.3
1220370 1796.7
1220380 1801.9
1220390 1801.9
1220400 1806.9
1220410 1812.2
1220420 1812.2
1220430 1817.8
1220440 1823.0
1220450 1823.0
1220460 1828.0
1220470 1833.4
1220480 1833.4
1220490 1839.2
1220500 1845.0
1220510 1850.1
1220520 1850.1
1220530 1858.6
1220540 1875.2
1220550 1875.2
1220560 1890.1
1220570 1897.9
1220580 1897.9
1220590 1909.1
1220600 1917.7
1220610 1917.7
1220620 1927.0
1220630 1935.7
1220640 1935.7
1220650 1943.2
1220660 1955.9
1220670 1955.9
1220680 1970.2
1220690 1983.5
1220700 1983.5
1220710 1998.0
1220720 2011.9
1220730 2011.9
1220740 2028.4
1220750 2041.8
1220760 2041.8
1220770 2054.3
1220780 2071.1
1220790 2071.1
1220800 2081.4
1220810 2093.1
1220820 2114.1
1220830 2114.1
1220840 2130.2
1220850 2143.8
1220860 2143.8
1220870 2166.8
1220880 2200.3
1220890 2200.3
1220900 2221.8
1220910 2244.9
1220920 2244.9
1220930 2269.0
1220940 2295.3
1220950 2295.3
1220960 2310.5
1220970 2321.8
1220980 2321.8
1220990 2338.6
1221000 2363.5
1221010 2389.1
1221020 2431.6
1221030 2464.2
1221040 2464.2
1221050 2496.2
1221060 2508.5
1221070 2508.5
1221080 2518.1
1221090 2539.0
1221100 2539.0
1221110 2550.4
1221120 2552.0
1221130 2560.5
1221140 2560.5
1221150 2580.4
1221160 2595.6
1221170 2595.6
1221180 2596.3
1221190 2597.6
1221200 2597.6
1221210 2602.3
1221220 2612.8
1221230 2612.8
1221240 2612.1
1221250 2617.3
1221260 2617.3
1221270 2627.7
1221280 2639.8
1221290 2639.8
1221300 2674.1
1221310 2700.4
1221320 2700.4
1221330 2721.3
1221340 2732.1
1221350 2732.1
1221360 2744.5
1221370 2761.3
1221380 2761.3
1221390 2786.9
1221400 2806.7
1221410 2806.7
1221420 2804.8
1221430 2801.5
1221440 2798.3
1221450 2798.3
1221460 2795.0
1221470 2792.1
1221480 2792.1
1221490 2781.2
1221500 2771.1
1221510 2771.1
1221520 2766.1
1221530 2768.2
1221540 2768.2
1221550 2770.6
1221560 2768.7
1221570 2768.7
1221580 2767.1
1221590 2761.1
1221600 2761.1
1221610 2757.3
1221620 2756.0
1221630 2756.0
1221640 2754.4
1221650 2754.9
1221660 2754.9
1221670 2753.6
1221680 2751.9
1221690 2751.9
1221700 2752.0
1221710 2752.2
1221720 2752.2
1221730 2750.7
1221740 2748.1
1221750 2747.9
1221760 2747.9
1221770 2749.0
1221780 2750.4
1221790 2750.4
1221800 2752.4
1221810 2754.9
1221820 2754.9
1221830 2756.7
1221840 2757.0
1221850 2757.0
1221860 2757.8
1221870 2761.7
1221880 2761.7
1221890 2763.4
1221900 2768.5
1221910 2768.5
1221920 2769.9
1221930 2767.6
1221940 2767.6
1221950 2765.0
1221960 2762.7
1221970 2762.7
1221980 2752.6
1221990 2753.5
1222000 2753.5
1222010 2753.4
1222020 2753.1
1222030 2753.1
1222040 2751.7
1222050 2750.3
1222060 2749.3
1222070 2749.3
1222080 2747.7
1222090 2748.5
1222100 2748.5
1222110 2749.2
1222120 2749.5
1222130 2749.5
1222140 2747.1
1222150 2742.1
1222160 2742.1
1222170 2739.2
1222180 2735.3
1222190 2735.3
1222200 2730.7
1222210 2726.7
1222220 2726.7
1222230 2723.1
1222240 2719.8
1222250 2719.8
1222260 2717.1
1222270 2713.9
1222280 2713.9
1222290 2710.4
1222300 2708.0
1222310 2708.0
1222320 2706.2
1222330 2704.1
1222340 2704.1
1222350 2702.3
1222360 2700.3
1222370 2696.9
1222380 2696.9
1222390 2693.5
1222400 2690.9
1222410 2690.9
1222420 2688.7
1222430 2686.6
1222440 2686.6
1222450 2684.7
1222460 2682.0
1222470 2674.3
1222480 2669.9
1222490 2665.4
1222500 2665.4
1222510 2661.0
1222520 2656.0
1222530 2656.0
1222540 2651.0
1222550 2642.4
1222560 2642.4
1222570 2634.2
1222580 2628.2
1222590 2628.2
1222600 2623.1
1222610 2618.9
1222620 2618.9
1222630 2614.7
1222640 2610.9
1222650 2610.9
1222660 2607.5
1222670 2602.1
1222680 2594.5
1222690 2594.5
1222700 2588.0
1222710 2584.6
1222720 2584.6
1222730 2582.6
1222740 2579.5
1222750 2579.5
1222760 2575.0
1222770 2570.1
1222780 2570.1
1222790 2565.9
1222800 2563.7
1222810 2563.7
1222820 2561.8
1222830 2560.3
1222840 2560.3
1222850 2559.3
1222860 2556.7
1222870 2556.7
1222880 2554.2
1222890 2552.7
1222900 2552.7
1222910 2551.8
1222920 2550.7
1222930 2550.7
1222940 2549.7
1222950 2545.1
1222960 2545.1
1222970 2544.5
1222980 2543.9
1222990 2542.8
1223000 2542.8
1223010 2540.9
1223020 2538.8
1223030 2538.8
1223040 2537.5
1223050 2537.0
1223060 2537.0
1223070 2536.2
1223080 2534.7
1223090 2534.7
1223100 2533.6
1223110 2532.6
1223120 2532.6
1223130 2530.9
1223140 2529.1
1223150 2529.1
1223160 2527.9
1223170 2527.4
1223180 2527.4
1223190 2527.1
1223200 2526.6
1223210 2526.6
1223220 2525.4
1239130 2085.9
1239140 2085.9
1239150 2079.8
1239160 2075.9
1239170 2075.9
1239180 2071.5
1239190 2063.0
1239200 2063.0
1239210 2055.6
1239220 2046.9
1239230 2035.0
1239240 2035.0
1239250 2021.2
1239260 2009.7
1239270 2009.7
1239280 1991.8
1239290 1980.6
1239300 1980.6
1239310 1973.4
1239320 1965.8
1239330 1965.8
1239340 1958.5
1239350 1949.6
1239360 1949.6
1239370 1944.1
1239380 1939.3
1239390 1939.3
1239400 1924.3
1239410 1910.7
1239420 1910.7
1239430 1909.9
1239440 1908.9
1239450 1908.9
1239460 1908.6
1239470 1909.4
1239480 1909.4
1239490 1907.8
1239500 1906.1
1239510 1906.1
1239520 1909.0
1239530 1913.5
1239540 1921.9
1239550 1921.9
1239560 1926.1
1239570 1930.9
1239580 1941.2
1239590 1945.4
1239600 1947.0
1239610 1947.0
1239620 1948.3
1239630 1954.3
1239640 1954.3
1239650 1961.3
1239660 1970.5
1239670 1970.5
1239680 1979.9
1239690 1988.6
1239700 1988.6
1239710 1997.9
1239720 2010.8
1239730 2010.8
1239740 2029.5
1239750 2044.5
1239760 2044.5
1239770 2052.1
1239780 2060.7
1239790 2060.7
1239800 2069.5
1239810 2078.4
1239820 2078.4
1239830 2084.5
1239840 2091.9
1239850 2099.3
1239860 2099.3
1239870 2107.6
1239880 2115.0
1239890 2115.0
1239900 2124.2
1239910 2133.7
1239920 2133.7
1239930 2142.3
1239940 2150.6
1239950 2150.6
1239960 2162.4
1239970 2176.1
1239980 2176.1
1239990 2185.6
