1220000 1696.3
1220010 1700.3
1220020 1700.3
1220030 1704.2
1220040 1707.8
1220050 1707.8
1220060 1710.9
1220070 1714.1
1220080 1714.1
1220090 1717.6
1220100 1722.2
1220110 1726.6
1220120 1726.6
1220130 1730.7
1220140 1734.4
1220150 1734.4
1220160 1738.6
1220170 1743.1
1220180 1743.1
1220190 1747.3
1220200 1751.7
1220210 1751.7
1220220 1756.2
1220230 1761.0
1220240 1761.0
1220250 1765.6
1220260 1770.1
1220270 1770.1
1220280 1774.4
1220290 1778.8
1220300 1778.8
1220310 1782.9
1220320 1787.2
1220330 1787.2
1220340 1791.9
1220350 1796.2
1220360 1796.2
1220370 1800.3
1220380 1803.7
1220390 1803.7
1220400 1809.1
1220410 1814.5
1220420 1820.0
1220430 1820.0
1220440 1825.5
1220450 1830.8
1220460 1830.8
1220470 1835.9
1220480 1841.3
1220490 1841.3
1220500 1847.1
1220510 1852.9
1220520 1852.9
1220530 1858.3
1220540 1863.3
1220550 1863.3
1220560 1868.0
1220570 1871.5
1220580 1871.5
1220590 1875.1
1220600 1881.4
1220610 1881.4
1220620 1889.5
1220630 1895.5
1220640 1895.5
1220650 1902.1
1220660 1914.8
1220670 1914.8
1220680 1932.3
1220690 1954.2
1220700 1954.2
1220710 1972.7
1220720 1994.7
1220730 2019.5
1220740 2019.5
1220750 2034.9
1220760 2046.0
1220770 2046.0
1220780 2052.7
1220790 2063.3
1220800 2063.3
1220810 2074.3
1220820 2090.4
1220830 2090.4
1220840 2109.7
1220850 2125.0
1220860 2132.3
1220870 2148.9
1220880 2185.2
1220890 2185.2
1220900 2212.2
1220910 2233.3
1220920 2233.3
1220930 2250.8
1220940 2265.2
1220950 2265.2
1220960 2288.0
1220970 2299.8
1220980 2299.8
1220990 2312.8
1221000 2333.9
1221010 2333.9
1221020 2352.7
1221030 2392.0
1221040 2418.6
1221050 2418.6
1221060 2457.9
1221070 2476.7
1221080 2476.7
1221090 2487.1
1221100 2494.5
1221110 2494.5
1221120 2494.7
1221130 2487.7
1221140 2487.7
1221150 2490.7
1221160 2507.6
1221170 2507.6
1221180 2520.1
1221190 2528.2
1221200 2528.2
1221210 2540.3
1221220 2570.6
1221230 2570.6
1221240 2588.5
1221250 2598.1
1221260 2598.1
1221270 2601.7
1221280 2617.5
1221290 2617.5
1221300 2642.9
1221310 2669.3
1221320 2669.3
1221330 2695.8
1221340 2710.6
1221350 2732.0
1221360 2732.0
1221370 2743.3
1221380 2754.2
1221390 2754.2
1221400 2766.2
1221410 2787.4
1221420 2787.4
1221430 2805.9
1221440 2808.8
1221450 2808.8
1221460 2808.9
1221470 2807.3
1221480 2807.3
1221490 2805.4
1221500 2803.0
1221510 2803.0
1221520 2798.5
1221530 2798.6
1221540 2798.6
1221550 2796.3
1221560 2797.0
1221570 2797.0
1221580 2799.6
1221590 2800.5
1221600 2800.5
1221610 2799.2
1221620 2796.2
1221630 2796.2
1221640 2789.6
1221650 2787.9
1221660 2785.0
1221670 2785.0
1221680 2784.5
1221690 2785.7
1221700 2785.7
1221710 2785.5
1221720 2785.0
1221730 2785.0
1221740 2785.4
1221750 2789.8
1221760 2789.8
1221770 2790.8
1221780 2788.1
1221790 2788.1
1221800 2786.6
1221810 2787.4
1221820 2787.4
1221830 2777.2
1221840 2777.5
1221850 2777.5
1221860 2778.6
1221870 2784.2
1221880 2784.2
1221890 2786.1
1221900 2787.8
1221910 2787.8
1221920 2787.9
1221930 2785.9
1221940 2785.9
1221950 2783.6
1221960 2781.5
1221970 2781.5
1221980 2779.8
1221990 2780.6
1222000 2780.5
1222010 2780.5
1222020 2780.1
1222030 2778.6
1222040 2778.6
1222050 2778.2
1222060 2777.0
1222070 2777.0
1222080 2776.3
1222090 2775.9
1222100 2775.9
1222110 2780.8
1222120 2779.5
1222130 2779.5
1222140 2774.1
1222150 2766.9
1222160 2766.9
1222170 2762.4
1222180 2759.7
1222190 2759.7
1222200 2756.6
1222210 2753.3
1222220 2753.3
1222230 2750.0
1222240 2746.8
1222250 2746.8
1222260 2742.5
1222270 2738.4
1222280 2738.4
1222290 2735.0
1222300 2732.0
1222310 2731.2
1222320 2722.4
1222330 2723.2
1222340 2724.0
1222350 2724.0
1222360 2725.1
1222370 2725.7
1222380 2725.7
1222390 2720.8
1222400 2711.2
1222410 2711.2
1222420 2708.5
1222430 2707.8
1222440 2707.8
1222450 2707.5
1222460 2708.3
1222470 2708.3
1222480 2708.0
1222490 2705.8
1222500 2705.8
1222510 2692.5
1222520 2675.2
1222530 2675.2
1222540 2666.0
1222550 2658.2
1222560 2658.2
1222570 2651.1
1222580 2645.0
1222590 2645.0
1222600 2640.0
1222610 2634.9
1222620 2630.9
1222630 2630.9
1222640 2627.6
1222650 2622.2
1222660 2622.2
1222670 2615.3
1222680 2608.1
1222690 2608.1
1222700 2602.9
1222710 2598.9
1222720 2598.9
1222730 2595.0
1222740 2591.0
1222750 2591.0
1222760 2586.5
1222770 2583.0
1222780 2583.0
1222790 2580.2
1222800 2577.9
1222810 2573.1
1222820 2571.3
1222830 2569.4
1222840 2569.4
1222850 2566.9
1222860 2563.7
1222870 2563.7
1222880 2561.8
1222890 2561.8
1222900 2561.8
1222910 2561.4
1222920 2560.5
1222930 2559.6
1222940 2559.6
1222950 2558.3
1222960 2557.1
1222970 2557.1
1222980 2555.8
1222990 2554.5
1223000 2554.5
1223010 2553.3
1223020 2551.6
1223030 2551.6
1223040 2549.6
1223050 2547.0
1223060 2547.0
1223070 2545.5
1223080 2544.7
1223090 2544.7
1223100 2543.6
1223110 2542.8
1223120 2542.8
1223130 2542.5
1223140 2541.7
1223150 2541.7
1223160 2541.3
1223170 2540.9
1223180 2540.9
1223190 2540.7
1223200 2540.7
1223210 2540.7
1223220 2540.3
1223230 2539.3
1223240 2537.0
1223250 2537.0
1223260 2537.0
1223270 2536.4
1223280 2536.4
1223290 2538.0
1239350 1928.5
1239360 1928.5
1239370 1923.1
1239380 1903.3
1239390 1903.3
1239400 1892.7
1239410 1882.9
1239420 1882.9
1239430 1886.1
1239440 1884.8
1239450 1885.3
1239460 1885.3
1239470 1887.0
1239480 1887.9
1239490 1887.9
1239500 1890.1
1239510 1894.0
1239520 1894.0
1239530 1899.4
1239540 1904.8
1239550 1904.8
1239560 1908.3
1239570 1913.7
1239580 1913.7
1239590 1917.3
1239600 1920.5
1239610 1920.5
1239620 1925.5
1239630 1932.1
1239640 1932.1
1239650 1939.3
1239660 1952.0
1239670 1952.0
1239680 1962.4
1239690 1973.1
1239700 1973.1
1239710 1987.8
1239720 1999.4
1239730 1999.4
1239740 2010.2
1239750 2020.3
1239760 2020.3
1239770 2028.9
1239780 2039.2
1239790 2046.0
1239800 2046.0
1239810 2054.0
1239820 2064.2
1239830 2064.2
1239840 2078.2
1239850 2089.2
1239860 2089.2
1239870 2098.4
1239880 2107.0
1239890 2107.0
1239900 2115.4
1239910 2124.1
1239920 2124.1
1239930 2132.8
1239940 2141.8
1239950 2145.4
1239960 2154.7
1239970 2163.8
1239980 2163.8
1239990 2172.3
