1220000 1739.7
1220010 1739.7
1220020 1746.2
1220030 1754.1
1220040 1754.1
1220050 1762.4
1220060 1770.7
1220070 1770.7
1220080 1777.3
1220090 1784.8
1220100 1784.8
1220110 1792.3
1220120 1790.7
1220130 1790.7
1220140 1783.2
1220150 1779.5
1220160 1779.5
1220170 1779.9
1220180 1787.4
1220190 1787.4
1220200 1793.2
1220210 1794.5
1220220 1794.5
1220230 1789.8
1220240 1776.6
1220250 1776.6
1220260 1771.3
1220270 1779.2
1220280 1791.0
1220290 1791.0
1220300 1811.0
1220310 1818.4
1220320 1818.4
1220330 1814.7
1220340 1811.3
1220350 1811.3
1220360 1810.7
1220370 1811.2
1220380 1811.2
1220390 1822.2
1220400 1808.2
1220410 1808.2
1220420 1800.6
1220430 1801.0
1220440 1801.0
1220450 1808.9
1220460 1809.9
1220470 1809.9
1220480 1805.7
1220490 1804.0
1220500 1804.0
1220510 1811.2
1220520 1821.4
1220530 1821.4
1220540 1836.7
1220550 1852.4
1220560 1852.4
1220570 1864.9
1220580 1884.4
1220590 1900.4
1220600 1900.4
1220610 1914.4
1220620 1919.4
1220630 1919.4
1220640 1917.2
1220650 1915.0
1220660 1915.0
1220670 1920.2
1220680 1933.5
1220690 1933.5
1220700 1939.5
1220710 1942.8
1220720 1942.8
1220730 1947.5
1220740 1953.1
1220750 1953.1
1220760 1957.3
1220770 1961.2
1220780 1961.2
1220790 1960.9
1220800 1963.8
1220810 1963.8
1220820 1972.4
1220830 1982.4
1220840 1982.4
1220850 1996.0
1220860 2008.3
1220870 2008.3
1220880 2019.0
1220890 2019.4
1220900 2019.4
1220910 2015.2
1220920 2013.3
1220930 2017.9
1220940 2017.9
1220950 2023.9
1220960 2028.1
1220970 2028.1
1220980 2035.0
1220990 2031.6
1221000 2031.6
1221010 2026.1
1221020 2025.9
1221030 2025.9
1221040 2027.6
1221050 2034.8
1221060 2034.8
1221070 2041.6
1221080 2044.3
1221090 2044.3
1221100 2048.3
1221110 2054.9
1221120 2054.9
1221130 2061.0
1221140 2061.6
1221150 2061.6
1221160 2065.2
1221170 2069.4
1221180 2069.4
1221190 2074.5
1221200 2076.7
1221210 2076.7
1221220 2077.7
1221230 2082.2
1221240 2091.0
1221250 2091.0
1221260 2097.3
1221270 2100.1
1221280 2100.1
1221290 2096.9
1221300 2081.1
1221310 2081.1
1221320 2071.3
1221330 2074.2
1221340 2074.2
1221350 2082.2
1221360 2103.2
1221370 2103.2
1221380 2109.7
1221390 2116.5
1221400 2116.5
1221410 2123.2
1221420 2130.3
1221430 2130.3
1221440 2137.3
1221450 2145.7
1221460 2145.7
1221470 2157.8
1221480 2166.4
1221490 2166.4
1221500 2172.9
1221510 2179.1
1221520 2179.1
1221530 2186.2
1221540 2201.6
1221550 2215.5
1221560 2215.5
1221570 2229.4
1221580 2236.0
1221590 2236.0
1221600 2229.4
1221610 2220.7
1221620 2220.7
1221630 2215.7
1221640 2220.4
1221650 2220.4
1221660 2228.0
1221670 2232.7
1221680 2232.7
1221690 2236.2
1221700 2239.8
1221710 2239.8
1221720 2239.4
1221730 2239.1
1221740 2239.1
1221750 2237.4
1221760 2233.7
1221770 2233.7
1221780 2231.4
1221790 2228.6
1221800 2228.6
1221810 2227.5
1221820 2228.2
1221830 2228.2
1221840 2227.2
1221850 2240.3
1221860 2235.7
1221870 2235.7
1221880 2228.5
1221890 2228.3
1221900 2228.3
1221910 2228.9
1221920 2228.1
1221930 2228.1
1221940 2223.6
1221950 2222.9
1221960 2222.9
1221970 2227.0
1221980 2232.3
1221990 2232.3
1222000 2237.2
1222010 2241.7
1222020 2241.7
1222030 2245.4
1222040 2248.2
1222050 2248.2
1222060 2248.8
1222070 2249.2
1222080 2249.2
1222090 2249.8
1222100 2252.7
1222110 2252.7
1222120 2254.7
1222130 2256.7
1222140 2256.7
1222150 2262.9
1222160 2270.3
1222170 2278.3
1222180 2278.3
1222190 2286.8
1222200 2295.6
1222210 2295.6
1222220 2304.3
1222230 2311.8
1222240 2311.8
1222250 2319.3
1222260 2330.5
1222270 2330.5
1222280 2342.5
1222290 2354.2
1222300 2354.2
1222310 2366.3
1222320 2381.4
1222330 2378.1
1222340 2396.5
1222350 2411.7
1222360 2411.7
1222370 2421.6
1222380 2430.8
1222390 2430.8
1222400 2439.1
1222410 2447.9
1222420 2447.9
1222430 2457.1
1222440 2465.8
1222450 2465.8
1222460 2474.5
1222470 2481.8
1222480 2481.8
1222490 2489.2
1222500 2494.4
1222510 2473.8
1222520 2473.8
1222530 2441.8
1222540 2416.8
1222550 2416.8
1222560 2397.4
1222570 2378.5
1222580 2378.5
1222590 2361.1
1222600 2369.3
1222610 2369.3
1222620 2382.1
1222630 2379.3
1222640 2379.3
1222650 2373.1
1222660 2378.4
1222670 2378.4
1222680 2381.5
1222690 2383.3
1222700 2383.3
1222710 2384.0
1222720 2384.1
1222730 2384.1
1222740 2383.8
1222750 2382.7
1222760 2382.7
1222770 2381.7
1222780 2382.8
1222790 2382.8
1222800 2382.5
1222810 2380.0
1222820 2398.8
1222830 2398.8
1222840 2401.7
1222850 2401.1
1222860 2401.1
1222870 2400.2
1222880 2402.1
1222890 2402.1
1222900 2403.5
1222910 2403.0
1222920 2403.0
1222930 2402.4
1222940 2398.6
1222950 2398.6
1222960 2399.5
1222970 2398.3
1222980 2398.3
1222990 2411.4
1223000 2422.1
1223010 2422.1
1223020 2423.6
1223030 2422.4
1223040 2422.4
1223050 2424.0
1223060 2419.2
1223070 2419.2
1223080 2417.8
1223090 2425.6
1223100 2425.6
1223110 2434.8
1223120 2444.7
1223130 2450.8
1223140 2450.8
1223150 2456.0
1223160 2454.4
1223170 2454.4
1223180 2460.3
1223190 2473.7
1223200 2473.7
1223210 2488.6
1223220 2498.8
1223230 2498.8
1223240 2507.7
1223250 2522.7
1223260 2522.7
1223270 2540.2
1223280 2547.8
1223290 2547.8
1223300 2552.0
1223310 2577.8
1223320 2577.8
1223330 2581.5
1223340 2586.8
1223350 2586.8
1223360 2592.2
1223370 2606.9
1223380 2606.9
1223390 2622.5
1223400 2636.3
1223410 2636.3
1223420 2643.1
1223430 2636.2
1223440 2619.9
1223450 2619.9
1223460 2601.3
1223470 2585.0
1223480 2585.0
1223490 2573.3
