1220000 1628.5
1220010 1634.0
1220020 1634.0
1220030 1637.6
1220040 1639.2
1220050 1639.2
1220060 1641.8
1220070 1644.2
1220080 1644.2
1220090 1648.3
1220100 1650.6
1220110 1650.6
1220120 1653.7
1220130 1658.8
1220140 1658.8
1220150 1663.2
1220160 1667.0
1220170 1667.0
1220180 1672.4
1220190 1676.8
1220200 1676.8
1220210 1679.3
1220220 1680.5
1220230 1680.5
1220240 1681.5
1220250 1684.5
1220260 1688.7
1220270 1688.7
1220280 1693.0
1220290 1697.1
1220300 1697.1
1220310 1701.0
1220320 1705.1
1220330 1705.1
1220340 1709.2
1220350 1713.2
1220360 1713.2
1220370 1717.0
1220380 1721.0
1220390 1721.0
1220400 1725.3
1220410 1729.9
1220420 1729.9
1220430 1734.4
1220440 1738.1
1220450 1738.1
1220460 1741.5
1220470 1750.2
1220480 1750.2
1220490 1754.1
1220500 1758.7
1220510 1758.7
1220520 1763.4
1220530 1768.7
1220540 1768.7
1220550 1773.7
1220560 1777.5
1220570 1779.8
1220580 1779.8
1220590 1780.2
1220600 1781.7
1220610 1781.7
1220620 1785.9
1220630 1791.0
1220640 1791.0
1220650 1795.4
1220660 1799.7
1220670 1799.7
1220680 1804.9
1220690 1810.6
1220700 1810.6
1220710 1815.9
1220720 1820.1
1220730 1820.1
1220740 1822.9
1220750 1825.3
1220760 1825.3
1220770 1826.7
1220780 1826.9
1220790 1826.9
1220800 1825.7
1220810 1828.6
1220820 1828.6
1220830 1837.4
1220840 1848.1
1220850 1848.1
1220860 1856.3
1220870 1863.1
1220880 1868.6
1220890 1868.6
1220900 1873.7
1220910 1877.0
1220920 1877.0
1220930 1880.1
1220940 1887.7
1220950 1905.1
1220960 1903.5
1220970 1887.7
1220980 1887.7
1220990 1888.4
1221000 1894.6
1221010 1894.6
1221020 1898.5
1221030 1895.8
1221040 1895.8
1221050 1894.5
1221060 1901.4
1221070 1901.4
1221080 1906.6
1221090 1902.5
1221100 1902.5
1221110 1907.6
1221120 1921.6
1221130 1921.6
1221140 1935.8
1221150 1944.8
1221160 1944.8
1221170 1953.8
1221180 1962.4
1221190 1976.4
1221200 1976.4
1221210 1990.1
1221220 1997.2
1221230 1997.2
1221240 1986.0
1221250 1972.4
1221260 1972.4
1221270 1967.8
1221280 1976.1
1221290 1976.1
1221300 1981.5
1221310 1977.5
1221320 1977.5
1221330 1971.1
1221340 1974.2
1221350 1974.2
1221360 1985.0
1221370 1997.0
1221380 1997.0
1221390 2004.3
1221400 2011.5
1221410 2011.5
1221420 2020.4
1221430 2033.8
1221440 2033.8
1221450 2047.8
1221460 2063.8
1221470 2063.8
1221480 2074.3
1221490 2079.3
1221500 2079.3
1221510 2080.5
1221520 2080.7
1221530 2082.2
1221540 2082.2
1221550 2083.7
1221560 2084.5
1221570 2084.5
1221580 2084.9
1221590 2086.6
1221600 2086.6
1221610 2089.0
1221620 2092.4
1221630 2092.4
1221640 2094.4
1221650 2095.4
1221660 2095.4
1221670 2094.5
1221680 2091.7
1221690 2091.7
1221700 2091.5
1221710 2095.1
1221720 2095.1
1221730 2100.5
1221740 2105.1
1221750 2105.1
1221760 2107.6
1221770 2101.4
1221780 2101.4
1221790 2091.6
1221800 2089.0
1221810 2089.0
1221820 2092.1
1221830 2096.8
1221840 2099.9
1221850 2099.9
1221860 2099.3
1221870 2097.2
1221880 2097.2
1221890 2101.1
1221900 2105.3
1221910 2105.3
1221920 2118.9
1221930 2124.9
1221940 2124.9
1221950 2130.6
1221960 2135.4
1221970 2135.4
1221980 2140.3
1221990 2144.3
1222000 2144.3
1222010 2146.5
1222020 2151.7
1222030 2151.7
1222040 2157.4
1222050 2161.6
1222060 2161.6
1222070 2170.9
1222080 2183.2
1222090 2183.2
1222100 2197.8
1222110 2215.9
1222120 2215.9
1222130 2231.1
1222140 2242.8
1222150 2251.4
1222160 2251.4
1222170 2264.6
1222180 2281.6
1222190 2281.6
1222200 2291.8
1222210 2296.3
1222220 2296.3
1222230 2300.4
1222240 2306.4
1222250 2306.4
1222260 2314.1
1222270 2322.3
1222280 2322.3
1222290 2334.6
1222300 2343.4
1222310 2343.4
1222320 2343.4
1222330 2336.9
1222340 2336.9
1222350 2328.4
1222360 2319.2
1222370 2319.2
1222380 2310.8
1222390 2302.8
1222400 2302.8
1222410 2306.5
1222420 2306.6
1222430 2306.6
1222440 2301.2
1222450 2294.4
1222460 2288.2
1222470 2288.2
1222480 2283.5
1222490 2279.1
1222500 2279.1
1222510 2272.4
1222520 2263.1
1222530 2263.1
1222540 2252.7
1222550 2242.6
1222560 2242.6
1222570 2234.3
1222580 2227.4
1222590 2227.4
1222600 2225.0
1222610 2226.7
1222620 2226.7
1222630 2228.7
1222640 2229.8
1222650 2229.8
1222660 2232.9
1222670 2237.1
1222680 2237.1
1222690 2235.1
1222700 2231.7
1222710 2231.7
1222720 2227.2
1222730 2226.9
1222740 2226.9
1222750 2227.3
1222760 2231.0
1222770 2230.9
1222780 2230.9
1222790 2225.6
1222800 2221.8
1222810 2221.8
1222820 2214.7
1222830 2204.7
1222840 2204.7
1222850 2188.5
1222860 2180.0
1222870 2180.0
1222880 2180.1
1222890 2197.8
1222900 2197.8
1222910 2185.2
1222920 2178.5
1222930 2178.5
1222940 2185.8
1222950 2193.3
1222960 2193.3
1222970 2202.2
1222980 2211.5
1222990 2211.5
1223000 2221.0
1223010 2229.5
1223020 2229.5
1223030 2240.8
1223040 2264.7
1223050 2264.7
1223060 2282.8
1223070 2297.6
1223080 2313.5
1223090 2313.5
1223100 2329.4
1223110 2347.6
1223120 2347.6
1223130 2366.2
1223140 2382.7
1223150 2382.7
1223160 2394.7
1223170 2406.4
1223180 2406.4
1223190 2416.5
1223200 2430.2
1223210 2430.2
1223220 2451.0
1223230 2463.5
1223240 2463.5
1223250 2480.8
1223260 2493.2
1223270 2493.2
1223280 2500.0
1223290 2507.3
1223300 2507.3
1223310 2523.3
1223320 2537.2
1223330 2537.2
1223340 2545.3
1223350 2552.7
1223360 2552.7
1223370 2561.0
1223380 2576.9
1223390 2576.9
1223400 2588.1
1223410 2597.9
1223420 2606.7
1223430 2606.7
1223440 2608.8
1223450 2602.2
1223460 2602.2
1223470 2594.4
1223480 2586.0
1223490 2586.0
