1220000 1459.2
1220010 1459.2
1220020 1461.6
1220030 1462.5
1220040 1462.5
1220050 1463.8
1220060 1466.9
1220070 1466.9
1220080 1470.0
1220090 1471.9
1220100 1471.9
1220110 1473.6
1220120 1475.1
1220130 1477.3
1220140 1477.3
1220150 1480.0
1220160 1483.2
1220170 1483.2
1220180 1486.2
1220190 1487.6
1220200 1487.6
1220210 1487.1
1220220 1488.9
1220230 1488.9
1220240 1490.6
1220250 1493.0
1220260 1493.0
1220270 1496.1
1220280 1500.7
1220290 1500.7
1220300 1505.3
1220310 1509.7
1220320 1509.7
1220330 1513.6
1220340 1513.0
1220350 1513.0
1220360 1516.4
1220370 1517.9
1220380 1517.9
1220390 1518.9
1220400 1521.6
1220410 1521.6
1220420 1525.3
1220430 1528.1
1220440 1530.1
1220450 1530.1
1220460 1531.5
1220470 1532.9
1220480 1532.9
1220490 1533.9
1220500 1534.6
1220510 1534.6
1220520 1535.9
1220530 1537.5
1220540 1537.5
1220550 1539.6
1220560 1541.7
1220570 1541.7
1220580 1543.1
1220590 1543.5
1220600 1543.5
1220610 1543.6
1220620 1544.2
1220630 1544.2
1220640 1545.4
1220650 1545.8
1220660 1545.8
1220670 1546.0
1220680 1547.0
1220690 1547.0
1220700 1547.7
1220710 1547.6
1220720 1547.6
1220730 1546.5
1220740 1545.4
1220750 1544.9
1220760 1544.9
1220770 1545.6
1220780 1546.8
1220790 1546.8
1220800 1548.4
1220810 1549.8
1220820 1547.6
1220830 1549.2
1220840 1550.4
1220850 1550.4
1220860 1551.1
1220870 1551.3
1220880 1551.3
1220890 1551.0
1220900 1548.9
1220910 1548.9
1220920 1548.0
1220930 1547.7
1220940 1547.7
1220950 1547.2
1220960 1547.0
1220970 1547.0
1220980 1547.3
1220990 1547.9
1221000 1547.9
1221010 1550.0
1221020 1552.3
1221030 1552.3
1221040 1552.9
1221050 1552.6
1221060 1552.6
1221070 1553.6
1221080 1555.2
1221090 1557.0
1221100 1557.0
1221110 1558.9
1221120 1563.5
1221130 1563.5
1221140 1568.0
1221150 1571.5
1221160 1571.5
1221170 1574.0
1221180 1578.6
1221190 1578.6
1221200 1582.4
1221210 1585.0
1221220 1585.0
1221230 1587.0
1221240 1589.2
1221250 1589.2
1221260 1591.3
1221270 1593.5
1221280 1593.5
1221290 1595.7
1221300 1599.5
1221310 1600.4
1221320 1603.2
1221330 1605.4
1221340 1605.4
1221350 1608.2
1221360 1610.0
1221370 1610.0
1221380 1610.4
1221390 1610.8
1221400 1612.0
1221410 1612.0
1221420 1613.0
1221430 1613.6
1221440 1613.6
1221450 1612.2
1221460 1609.9
1221470 1609.9
1221480 1607.9
1221490 1607.0
1221500 1607.0
1221510 1605.9
1221520 1605.5
1221530 1605.5
1221540 1605.8
1221550 1606.1
1221560 1606.1
1221570 1606.5
1221580 1606.2
1221590 1606.2
1221600 1605.4
1221610 1605.2
1221620 1605.2
1221630 1605.2
1221640 1605.7
1221650 1605.7
1221660 1606.9
1221670 1608.0
1221680 1608.0
1221690 1608.3
1221700 1610.1
1221710 1612.3
1221720 1612.3
1221730 1613.9
1221740 1614.5
1221750 1614.5
1221760 1617.0
1221770 1619.0
1221780 1619.0
1221790 1623.9
1221800 1625.4
1221810 1625.4
1221820 1626.3
1221830 1627.0
1221840 1627.0
1221850 1628.8
1221860 1629.6
1221870 1629.6
1221880 1630.2
1221890 1630.2
1221900 1630.2
1221910 1630.5
1221920 1629.6
1221930 1629.6
1221940 1630.2
1221950 1627.8
1221960 1627.8
1221970 1626.5
1221980 1625.1
1221990 1625.1
1222000 1623.5
1222010 1621.8
1222020 1621.8
1222030 1619.4
1222040 1617.4
1222050 1617.1
1222060 1617.1
1222070 1615.0
1222080 1613.9
1222090 1613.9
1222100 1613.0
1222110 1612.3
1222120 1612.3
1222130 1611.8
1222140 1610.6
1222150 1610.6
1222160 1609.3
1222170 1608.3
1222180 1608.3
1222190 1607.2
1222200 1604.8
1222210 1604.8
1222220 1604.9
1222230 1605.3
1222240 1605.3
1222250 1606.9
1222260 1609.7
1222270 1609.7
1222280 1617.5
1222290 1621.4
1222300 1621.4
1222310 1625.9
1222320 1629.4
1222330 1629.4
1222340 1631.7
1222350 1634.7
1222360 1638.8
1222370 1638.8
1222380 1641.4
1222390 1643.8
1222400 1643.8
1222410 1646.5
1222420 1648.4
1222430 1648.4
1222440 1649.7
1222450 1650.6
1222460 1650.6
1222470 1653.1
1222480 1655.9
1222490 1655.9
1222500 1658.3
1222510 1660.4
1222520 1660.4
1222530 1662.0
1222540 1663.0
1222550 1663.0
1222560 1663.5
1222570 1664.0
1222580 1664.0
1222590 1664.4
1222600 1665.7
1222610 1665.7
1222620 1668.6
1222630 1673.4
1222640 1673.4
1222650 1677.3
1222660 1678.6
1222670 1679.3
1222680 1679.3
1222690 1680.9
1222700 1681.8
1222710 1681.8
1222720 1682.5
1222730 1682.9
1222740 1682.9
1222750 1683.4
1222760 1690.3
1222770 1690.3
1222780 1696.8
1222790 1707.0
1222800 1707.0
1222810 1712.2
1222820 1716.8
1222830 1716.8
1222840 1725.8
1222850 1734.0
1222860 1734.0
1222870 1740.2
1222880 1751.2
1222890 1751.2
1222900 1781.3
1222910 1805.9
1222920 1805.9
1222930 1834.3
1222940 1844.2
1222950 1844.2
1222960 1837.8
1222970 1834.7
1222980 1824.6
1222990 1824.6
1223000 1802.7
1223010 1790.4
1223020 1790.4
1223030 1778.2
1223040 1770.9
1223050 1770.9
1223060 1765.7
1223070 1758.5
1223080 1758.5
1223090 1758.7
1223100 1759.6
1223110 1759.6
1223120 1761.5
1223130 1765.2
1223140 1765.2
1223150 1771.6
1223160 1776.8
1223170 1776.8
1223180 1781.1
1223190 1785.9
1223200 1785.9
1223210 1791.1
1223220 1796.2
1223230 1796.2
1223240 1801.4
1223250 1807.5
1223260 1807.5
1223270 1813.1
1223280 1818.1
1223290 1818.1
1223300 1821.7
1223310 1824.4
1223320 1828.2
1223330 1828.2
1223340 1836.0
1223350 1860.4
1223360 1860.4
1223370 1880.8
1223380 1894.5
1223390 1894.5
1223400 1904.8
