1220000 1561.1
1220010 1565.5
1220020 1568.0
1220030 1568.0
1220040 1571.3
1220050 1575.5
1220060 1579.5
1220070 1579.5
1220080 1582.9
1220090 1585.9
1220100 1585.9
1220110 1588.2
1220120 1590.1
1220130 1590.1
1220140 1591.5
1220150 1593.8
1220160 1593.8
1220170 1598.0
1220180 1602.0
1220190 1602.0
1220200 1605.8
1220210 1609.9
1220220 1609.9
1220230 1614.7
1220240 1618.8
1220250 1623.4
1220260 1626.3
1220270 1628.9
1220280 1628.9
1220290 1631.0
1220300 1631.7
1220310 1631.7
1220320 1633.6
1220330 1635.3
1220340 1635.3
1220350 1637.8
1220360 1640.7
1220370 1643.1
1220380 1643.1
1220390 1644.8
1220400 1647.1
1220410 1647.1
1220420 1649.7
1220430 1651.9
1220440 1651.9
1220450 1654.6
1220460 1657.3
1220470 1657.3
1220480 1660.4
1220490 1663.6
1220500 1663.6
1220510 1666.6
1220520 1669.3
1220530 1669.3
1220540 1672.8
1220550 1676.1
1220560 1676.1
1220570 1679.3
1220580 1682.7
1220590 1682.7
1220600 1685.4
1220610 1688.1
1220620 1688.1
1220630 1690.9
1220640 1694.0
1220650 1694.0
1220660 1698.7
1220670 1702.8
1220680 1705.6
1220690 1705.6
1220700 1707.5
1220710 1709.1
1220720 1709.1
1220730 1717.1
1220740 1718.3
1220750 1718.3
1220760 1718.5
1220770 1719.1
1220780 1719.1
1220790 1720.0
1220800 1722.3
1220810 1722.3
1220820 1724.4
1220830 1726.5
1220840 1726.5
1220850 1728.7
1220860 1730.7
1220870 1730.7
1220880 1732.1
1220890 1734.4
1220900 1734.4
1220910 1735.8
1220920 1736.8
1220930 1736.8
1220940 1738.2
1220950 1740.0
1220960 1740.0
1220970 1741.4
1220980 1742.4
1220990 1742.4
1221000 1742.9
1221010 1743.7
1221020 1744.4
1221030 1744.4
1221040 1744.4
1221050 1744.6
1221060 1744.6
1221070 1744.7
1221080 1744.5
1221090 1744.5
1221100 1743.1
1221110 1741.4
1221120 1741.4
1221130 1740.8
1221140 1740.8
1221150 1740.8
1221160 1741.4
1221170 1742.4
1221180 1742.4
1221190 1748.6
1221200 1761.6
1221210 1761.6
1221220 1781.3
1221230 1792.1
1221240 1792.1
1221250 1794.2
1221260 1799.1
1221270 1799.1
1221280 1803.2
1221290 1799.5
1221300 1799.5
1221310 1788.2
1221320 1784.4
1221330 1784.7
1221340 1784.7
1221350 1784.7
1221360 1787.7
1221370 1787.7
1221380 1790.5
1221390 1792.5
1221400 1792.5
1221410 1796.2
1221420 1800.2
1221430 1800.2
1221440 1803.3
1221450 1806.6
1221460 1806.6
1221470 1814.0
1221480 1814.3
1221490 1814.3
1221500 1817.0
1221510 1820.5
1221520 1820.5
1221530 1816.2
1221540 1815.3
1221550 1815.3
1221560 1817.0
1221570 1816.6
1221580 1816.6
1221590 1818.9
1221600 1827.0
1221610 1827.0
1221620 1831.5
1221630 1835.8
1221640 1849.9
1221650 1849.9
1221660 1865.2
1221670 1854.4
1221680 1854.4
1221690 1836.7
1221700 1857.7
1221710 1857.7
1221720 1859.4
1221730 1862.5
1221740 1862.5
1221750 1871.4
1221760 1872.0
1221770 1872.0
1221780 1862.4
1221790 1859.9
1221800 1859.9
1221810 1875.6
1221820 1895.8
1221830 1895.8
1221840 1910.0
1221850 1926.0
1221860 1926.0
1221870 1937.3
1221880 1939.7
1221890 1939.7
1221900 1939.6
1221910 1940.3
1221920 1940.3
1221930 1941.3
1221940 1939.0
1221950 1938.3
1221960 1938.3
1221970 1937.4
1221980 1936.1
1221990 1936.1
1222000 1931.0
1222010 1928.5
1222020 1928.5
1222030 1936.8
1222040 1939.0
1222050 1939.0
1222060 1942.7
1222070 1946.2
1222080 1946.2
1222090 1951.0
1222100 1955.3
1222110 1955.3
1222120 1958.5
1222130 1961.0
1222140 1961.0
1222150 1961.1
1222160 1964.5
1222170 1964.5
1222180 1970.6
1222190 1981.7
1222200 1981.7
1222210 1986.9
1222220 1997.7
1222230 1997.7
1222240 2013.2
1222250 2033.7
1222260 2062.6
1222270 2062.6
1222280 2082.1
1222290 2095.2
1222300 2095.2
1222310 2104.6
1222320 2111.0
1222330 2111.0
1222340 2116.6
1222350 2120.9
1222360 2120.9
1222370 2125.6
1222380 2132.2
1222390 2132.2
1222400 2138.5
1222410 2144.0
1222420 2144.0
1222430 2151.1
1222440 2153.8
1222450 2153.8
1222460 2151.4
1222470 2149.5
1222480 2149.5
1222490 2148.7
1222500 2146.1
1222510 2146.1
1222520 2145.7
1222530 2145.0
1222540 2145.0
1222550 2139.5
1222560 2135.2
1222570 2135.2
1222580 2130.9
1222590 2126.5
1222600 2120.9
1222610 2120.9
1222620 2115.5
1222630 2110.9
1222640 2110.9
1222650 2107.2
1222660 2102.8
1222670 2102.8
1222680 2105.5
1222690 2102.5
1222700 2102.5
1222710 2098.8
1222720 2097.2
1222730 2097.2
1222740 2095.0
1222750 2091.6
1222760 2091.6
1222770 2087.9
1222780 2084.4
1222790 2084.4
1222800 2083.2
1222810 2081.9
1222820 2081.9
1222830 2079.8
1222840 2082.6
1222850 2082.6
1222860 2082.0
1222870 2079.4
1222880 2079.4
1222890 2075.9
1222900 2072.8
1222910 2071.6
1222920 2071.6
1222930 2073.6
1222940 2074.3
1222950 2074.3
1222960 2076.2
1222970 2082.5
1222980 2082.5
1222990 2093.2
1223000 2107.3
1223010 2107.3
1223020 2120.3
1223030 2136.0
1223040 2136.0
1223050 2151.8
1223060 2169.1
1223070 2169.1
1223080 2182.7
1223090 2196.2
1223100 2196.2
1223110 2212.1
1223120 2223.0
1223130 2223.0
1223140 2229.3
1223150 2242.8
1223160 2253.8
1223170 2262.5
1223180 2272.8
1223190 2272.8
1223200 2282.2
1223210 2293.0
1223220 2304.2
1223230 2304.2
1223240 2314.9
1223250 2329.0
1223260 2329.0
1223270 2343.3
1223280 2354.1
1223290 2354.1
1223300 2368.2
1223310 2384.5
1223320 2384.5
1223330 2399.4
1223340 2409.6
1223350 2409.6
1223360 2422.2
1223370 2432.7
1223380 2432.7
1223390 2445.2
1223400 2459.6
1223410 2459.6
1223420 2475.9
1223430 2493.3
1223440 2493.3
1223450 2508.1
