1220000 1571.0
1220010 1575.6
1220020 1580.2
1220030 1580.2
1220040 1583.8
1220050 1587.3
1220060 1587.3
1220070 1591.2
1220080 1596.0
1220090 1596.0
1220100 1600.1
1220110 1603.7
1220120 1603.7
1220130 1607.1
1220140 1609.9
1220150 1609.9
1220160 1613.0
1220170 1616.1
1220180 1619.5
1220190 1619.5
1220200 1623.0
1220210 1627.1
1220220 1627.1
1220230 1635.4
1220240 1639.8
1220250 1639.8
1220260 1644.2
1220270 1647.9
1220280 1647.9
1220290 1649.8
1220300 1652.6
1220310 1652.6
1220320 1655.1
1220330 1657.3
1220340 1657.3
1220350 1659.1
1220360 1661.6
1220370 1661.6
1220380 1664.1
1220390 1666.8
1220400 1666.8
1220410 1669.3
1220420 1671.2
1220430 1671.2
1220440 1673.5
1220450 1675.6
1220460 1675.6
1220470 1677.3
1220480 1678.6
1220490 1681.6
1220500 1681.6
1220510 1685.5
1220520 1689.4
1220530 1689.4
1220540 1692.9
1220550 1696.6
1220560 1696.6
1220570 1700.0
1220580 1703.6
1220590 1703.6
1220600 1707.4
1220610 1710.6
1220620 1710.6
1220630 1713.7
1220640 1716.6
1220650 1716.6
1220660 1719.5
1220670 1722.6
1220680 1722.6
1220690 1725.5
1220700 1729.1
1220710 1734.3
1220720 1737.6
1220730 1740.5
1220740 1740.5
1220750 1742.7
1220760 1743.8
1220770 1743.8
1220780 1744.1
1220790 1743.9
1220800 1743.9
1220810 1743.9
1220820 1745.7
1220830 1748.1
1220840 1748.1
1220850 1751.1
1220860 1754.7
1220870 1754.7
1220880 1756.9
1220890 1758.6
1220900 1758.6
1220910 1760.6
1220920 1762.3
1220930 1762.3
1220940 1763.6
1220950 1765.0
1220960 1765.0
1220970 1766.9
1220980 1768.6
1220990 1768.6
1221000 1769.9
1221010 1771.5
1221020 1771.5
1221030 1772.6
1221040 1773.2
1221050 1773.2
1221060 1773.5
1221070 1773.2
1221080 1773.2
1221090 1772.2
1221100 1770.6
1221110 1769.3
1221120 1769.3
1221130 1768.8
1221140 1771.1
1221150 1771.1
1221160 1777.7
1221170 1783.9
1221180 1783.9
1221190 1816.5
1221200 1831.4
1221210 1831.4
1221220 1840.3
1221230 1846.3
1221240 1846.3
1221250 1853.0
1221260 1856.1
1221270 1856.1
1221280 1848.8
1221290 1838.9
1221300 1838.9
1221310 1826.1
1221320 1820.2
1221330 1820.2
1221340 1814.3
1221350 1810.5
1221360 1810.5
1221370 1812.8
1221380 1820.8
1221390 1820.8
1221400 1826.1
1221410 1834.5
1221420 1834.5
1221430 1845.3
1221440 1853.3
1221450 1860.8
1221460 1860.8
1221470 1866.1
1221480 1874.0
1221490 1874.0
1221500 1886.8
1221510 1898.6
1221520 1898.6
1221530 1901.8
1221540 1889.8
1221550 1889.8
1221560 1866.0
1221570 1857.2
1221580 1857.2
1221590 1863.8
1221600 1873.2
1221610 1873.2
1221620 1881.6
1221630 1889.6
1221640 1889.6
1221650 1894.8
1221660 1898.1
1221670 1898.1
1221680 1923.5
1221690 1938.8
1221700 1938.8
1221710 1950.3
1221720 1955.4
1221730 1955.4
1221740 1952.1
1221750 1948.9
1221760 1947.4
1221770 1947.4
1221780 1946.8
1221790 1947.7
1221800 1947.7
1221810 1949.2
1221820 1947.4
1221830 1947.4
1221840 1947.4
1221850 1963.3
1221860 1963.3
1221870 1979.5
1221880 1987.3
1221890 1987.3
1221900 1989.2
1221910 1987.1
1221920 1987.1
1221930 1984.0
1221940 1980.1
1221950 1980.1
1221960 1975.4
1221970 1971.1
1221980 1971.1
1221990 1965.6
1222000 1961.1
1222010 1961.1
1222020 1964.4
1222030 1966.9
1222040 1966.9
1222050 1968.7
1222060 1971.9
1222070 1975.9
1222080 1975.9
1222090 1978.7
1222100 1983.7
1222110 1983.7
1222120 1990.1
1222130 1996.9
1222140 1996.9
1222150 2005.1
1222160 2027.9
1222170 2027.9
1222180 2032.7
1222190 2042.9
1222200 2042.9
1222210 2044.0
1222220 2042.5
1222230 2042.5
1222240 2048.1
1222250 2059.5
1222260 2059.5
1222270 2073.4
1222280 2087.0
1222290 2087.0
1222300 2101.5
1222310 2120.5
1222320 2120.5
1222330 2135.1
1222340 2145.2
1222350 2145.2
1222360 2148.8
1222370 2151.0
1222380 2158.1
1222390 2158.1
1222400 2170.3
1222410 2176.7
1222420 2176.7
1222430 2179.6
1222440 2179.6
1222450 2179.6
1222460 2179.0
1222470 2177.6
1222480 2177.6
1222490 2175.4
1222500 2173.5
1222510 2173.5
1222520 2170.0
1222530 2166.4
1222540 2166.4
1222550 2165.8
1222560 2159.2
1222570 2159.2
1222580 2148.0
1222590 2142.5
1222600 2142.5
1222610 2139.4
1222620 2136.3
1222630 2136.3
1222640 2133.4
1222650 2135.5
1222660 2135.5
1222670 2131.8
1222680 2128.6
1222690 2128.6
1222700 2126.1
1222710 2123.5
1222720 2121.0
1222730 2121.0
1222740 2116.4
1222750 2111.7
1222760 2111.7
1222770 2108.3
1222780 2109.0
1222790 2109.0
1222800 2109.0
1222810 2107.2
1222820 2107.2
1222830 2106.0
1222840 2105.8
1222850 2105.8
1222860 2102.3
1222870 2096.9
1222880 2096.9
1222890 2093.6
1222900 2092.3
1222910 2092.3
1222920 2092.6
1222930 2094.8
1222940 2094.8
1222950 2101.0
1222960 2110.1
1222970 2110.1
1222980 2118.5
1222990 2130.7
1223000 2130.7
1223010 2143.3
1223020 2155.2
1223030 2165.3
1223040 2165.3
1223050 2181.0
1223060 2199.2
1223070 2199.2
1223080 2212.4
1223090 2229.0
1223100 2229.0
1223110 2243.7
1223120 2254.5
1223130 2254.5
1223140 2276.8
1223150 2288.6
1223160 2288.6
1223170 2299.4
1223180 2310.5
1223190 2310.5
1223200 2319.3
1223210 2329.0
1223220 2329.0
1223230 2340.7
1223240 2359.1
1223250 2359.1
1223260 2372.2
1223270 2387.8
1223280 2387.8
1223290 2395.9
1223300 2406.3
1223310 2406.3
1223320 2416.7
1223330 2428.0
1223340 2442.3
1223350 2442.3
1223360 2456.3
1223370 2471.4
1223380 2471.4
1223390 2486.6
1223400 2498.7
1223410 2498.7
1223420 2511.7
1223430 2525.5
1223440 2525.5
1223450 2536.4
1223460 2545.1
1223470 2545.1
