1220000 1460.3
1220010 1463.1
1220020 1466.2
1220030 1468.2
1220040 1470.3
1220050 1471.4
1220060 1474.0
1220070 1474.0
1220080 1478.0
1220090 1482.4
1220100 1482.4
1220110 1487.2
1220120 1492.3
1220130 1492.3
1220140 1497.5
1220150 1503.5
1220160 1503.5
1220170 1509.3
1220180 1514.3
1220190 1514.3
1220200 1519.4
1220210 1523.1
1220220 1523.1
1220230 1526.3
1220240 1529.1
1220250 1529.1
1220260 1531.8
1220270 1535.2
1220280 1535.2
1220290 1540.0
1220300 1546.2
1220310 1546.2
1220320 1549.9
1220330 1552.6
1220340 1552.6
1220350 1555.5
1220360 1558.7
1220370 1562.3
1220380 1562.3
1220390 1566.7
1220400 1570.6
1220410 1570.6
1220420 1573.7
1220430 1576.6
1220440 1576.6
1220450 1578.7
1220460 1581.0
1220470 1581.0
1220480 1581.3
1220490 1580.5
1220500 1580.5
1220510 1580.6
1220520 1582.8
1220530 1582.8
1220540 1584.0
1220550 1585.6
1220560 1585.6
1220570 1586.9
1220580 1587.4
1220590 1587.4
1220600 1586.7
1220610 1585.5
1220620 1585.5
1220630 1584.2
1220640 1583.7
1220650 1583.7
1220660 1584.8
1220670 1586.1
1220680 1587.3
1220690 1587.3
1220700 1588.4
1220710 1589.1
1220720 1589.1
1220730 1590.2
1220740 1591.7
1220750 1591.7
1220760 1593.5
1220770 1595.4
1220780 1595.4
1220790 1597.6
1220800 1598.2
1220810 1598.2
1220820 1597.8
1220830 1596.6
1220840 1596.6
1220850 1596.1
1220860 1596.7
1220870 1596.7
1220880 1597.4
1220890 1598.6
1220900 1598.6
1220910 1601.0
1220920 1603.1
1220930 1603.1
1220940 1603.8
1220950 1605.0
1220960 1605.0
1220970 1606.3
1220980 1607.0
1220990 1607.2
1221000 1608.0
1221010 1608.0
1221020 1607.8
1221030 1607.8
1221040 1607.2
1221050 1606.6
1221060 1606.6
1221070 1605.6
1221080 1605.3
1221090 1605.3
1221100 1605.8
1221110 1605.7
1221120 1605.7
1221130 1605.6
1221140 1605.5
1221150 1605.5
1221160 1605.3
1221170 1603.9
1221180 1603.9
1221190 1601.5
1221200 1599.0
1221210 1599.0
1221220 1597.9
1221230 1597.4
1221240 1597.4
1221250 1596.1
1221260 1595.0
1221270 1595.0
1221280 1594.6
1221290 1595.3
1221300 1595.3
1221310 1596.6
1221320 1598.1
1221330 1599.6
1221340 1599.6
1221350 1600.4
1221360 1601.6
1221370 1601.6
1221380 1601.8
1221390 1601.8
1221400 1601.8
1221410 1601.7
1221420 1601.5
1221430 1601.5
1221440 1601.0
1221450 1598.3
1221460 1598.3
1221470 1594.8
1221480 1592.2
1221490 1592.6
1221500 1592.0
1221510 1593.1
1221520 1593.1
1221530 1594.4
1221540 1594.7
1221550 1594.7
1221560 1594.1
1221570 1591.7
1221580 1591.7
1221590 1589.9
1221600 1588.8
1221610 1588.8
1221620 1588.8
1221630 1587.6
1221640 1585.5
1221650 1585.5
1221660 1584.5
1221670 1582.2
1221680 1582.2
1221690 1579.1
1221700 1576.2
1221710 1576.2
1221720 1573.0
1221730 1570.6
1221740 1570.6
1221750 1568.8
1221760 1566.3
1221770 1566.3
1221780 1563.4
1221790 1558.6
1221800 1558.6
1221810 1551.9
1221820 1546.3
1221830 1546.3
1221840 1542.8
1221850 1542.4
1221860 1542.4
1221870 1542.1
1221880 1540.7
1221890 1540.7
1221900 1539.7
1221910 1539.7
1221920 1539.7
1221930 1540.5
1221940 1540.6
1221950 1538.3
1221960 1538.3
1221970 1535.3
1221980 1532.5
1221990 1532.5
1222000 1530.2
1222010 1528.0
1222020 1528.0
1222030 1525.5
1222040 1522.1
1222050 1522.1
1222060 1519.0
1222070 1514.5
1222080 1514.5
1222090 1509.1
1222100 1503.5
1222110 1503.5
1222120 1498.1
1222130 1493.3
1222140 1493.3
1222150 1488.8
1222160 1485.8
1222170 1485.8
1222180 1484.1
1222190 1482.4
1222200 1482.4
1222210 1479.3
1222220 1476.2
1222230 1476.2
1222240 1476.5
1222250 1479.2
1222260 1479.2
1222270 1479.9
1222280 1481.3
1222290 1482.9
1222300 1482.9
1222310 1484.7
1222320 1485.4
1222330 1485.4
1222340 1486.5
1222350 1487.5
1222360 1487.5
1222370 1488.4
1222380 1489.4
1222390 1489.4
1222400 1491.6
1222410 1492.6
1222420 1492.6
1222430 1493.1
1222440 1492.8
1222450 1492.8
1222460 1495.1
1222470 1497.0
1222480 1497.0
1222490 1497.2
1222500 1496.4
1222510 1496.4
1222520 1496.4
1222530 1497.8
1222540 1497.8
1222550 1499.2
1222560 1499.8
1222570 1499.8
1222580 1500.1
1222590 1500.5
1222600 1500.0
1222610 1500.0
1222620 1498.9
1222630 1499.0
1222640 1499.0
1222650 1499.3
1222660 1500.0
1222670 1500.0
1222680 1500.2
1222690 1500.8
1222700 1500.8
1222710 1504.1
1222720 1508.3
1222730 1508.3
