1220000 1448.7
1220010 1451.7
1220020 1454.5
1220030 1454.5
1220040 1456.2
1220050 1457.4
1220060 1457.4
1220070 1460.6
1220080 1462.9
1220090 1462.9
1220100 1464.1
1220110 1467.2
1220120 1467.2
1220130 1471.7
1220140 1477.5
1220150 1477.5
1220160 1483.3
1220170 1488.8
1220180 1488.8
1220190 1495.8
1220200 1500.7
1220210 1500.7
1220220 1504.7
1220230 1509.3
1220240 1514.6
1220250 1514.6
1220260 1518.2
1220270 1521.1
1220280 1521.1
1220290 1523.5
1220300 1525.5
1220310 1525.5
1220320 1527.6
1220330 1529.8
1220340 1529.8
1220350 1533.1
1220360 1535.8
1220370 1535.8
1220380 1537.3
1220390 1539.2
1220400 1539.2
1220410 1539.8
1220420 1540.2
1220430 1540.2
1220440 1540.4
1220450 1540.6
1220460 1540.6
1220470 1539.0
1220480 1537.3
1220490 1537.3
1220500 1535.6
1220510 1534.7
1220520 1534.7
1220530 1533.8
1220540 1533.7
1220550 1533.7
1220560 1533.7
1220570 1535.1
1220580 1537.3
1220590 1537.3
1220600 1538.6
1220610 1540.5
1220620 1540.5
1220630 1542.1
1220640 1543.3
1220650 1543.3
1220660 1544.4
1220670 1546.1
1220680 1547.7
1220690 1549.0
1220700 1550.2
1220710 1550.2
1220720 1550.9
1220730 1551.3
1220740 1551.3
1220750 1552.3
1220760 1554.1
1220770 1554.1
1220780 1554.5
1220790 1554.1
1220800 1554.1
1220810 1553.1
1220820 1551.6
1220830 1551.6
1220840 1550.1
1220850 1548.3
1220860 1546.2
1220870 1546.2
1220880 1544.3
1220890 1543.0
1220900 1543.0
1220910 1542.2
1220920 1541.6
1220930 1541.6
1220940 1542.1
1220950 1542.6
1220960 1542.6
1220970 1542.6
1220980 1542.8
1220990 1542.8
1221000 1543.2
1221010 1541.9
1221020 1541.9
1221030 1540.0
1221040 1539.5
1221050 1539.5
1221060 1539.0
1221070 1537.7
1221080 1537.7
1221090 1537.4
1221100 1536.4
1221110 1536.4
1221120 1535.3
1221130 1534.1
1221140 1534.1
1221150 1532.5
1221160 1530.2
1221170 1530.2
1221180 1529.7
1221190 1530.8
1221200 1532.0
1221210 1532.0
1221220 1532.0
1221230 1531.9
1221240 1531.9
1221250 1531.4
1221260 1530.2
1221270 1530.2
1221280 1529.2
1221290 1529.3
1221300 1529.3
1221310 1529.4
1221320 1529.1
1221330 1529.1
1221340 1526.7
1221350 1523.1
1221360 1523.1
1221370 1521.7
1221380 1523.0
1221390 1523.0
1221400 1525.8
1221410 1528.0
1221420 1528.0
1221430 1530.3
1221440 1532.3
1221450 1532.3
1221460 1534.8
1221470 1537.3
1221480 1537.3
1221490 1539.8
1221500 1541.9
1221510 1543.9
1221520 1543.9
1221530 1544.6
1221540 1545.2
1221550 1545.2
1221560 1545.0
1221570 1543.0
1221580 1543.0
1221590 1541.0
1221600 1540.3
1221610 1540.3
1221620 1540.0
1221630 1538.9
1221640 1538.9
1221650 1540.6
1221660 1541.1
1221670 1541.1
1221680 1541.4
1221690 1539.9
1221700 1539.9
1221710 1537.8
1221720 1535.7
1221730 1535.7
1221740 1533.3
1221750 1531.4
1221760 1531.4
1221770 1528.9
1221780 1525.8
1221790 1525.8
1221800 1524.1
1221810 1523.7
1221820 1523.2
1221830 1523.2
1221840 1522.8
1221850 1522.4
1221860 1522.4
1221870 1520.9
1221880 1515.9
1221890 1515.9
1221900 1509.9
1221910 1504.7
1221920 1504.7
1221930 1500.8
1221940 1496.8
1221950 1496.8
1221960 1492.1
1221970 1487.4
1221980 1487.4
1221990 1482.6
1222000 1478.5
1222010 1478.5
1222020 1474.7
1222030 1471.0
1222040 1471.0
1222050 1467.6
1222060 1465.4
1222070 1465.4
1222080 1464.0
1222090 1461.8
1222100 1461.8
1222110 1458.9
1222120 1456.3
1222130 1458.4
1222140 1456.4
1222150 1453.7
1222160 1449.6
1222170 1449.6
1222180 1444.8
1222190 1440.1
1222200 1440.1
1222210 1436.0
1222220 1432.7
1222230 1432.7
1222240 1431.0
1222250 1430.6
1222260 1430.6
1222270 1427.7
1222280 1425.8
1222290 1425.8
1222300 1425.8
1222310 1422.7
1222320 1422.7
1222330 1422.2
1222340 1421.2
1222350 1421.2
1222360 1419.5
1222370 1425.0
1222380 1425.0
