1220000 1438.2
1220010 1438.2
1220020 1436.1
1220030 1433.0
1220040 1433.0
1220050 1428.5
1220060 1424.7
1220070 1424.7
1220080 1420.4
1220090 1416.9
1220100 1414.1
1220110 1414.1
1220120 1412.3
1220130 1411.2
1220140 1411.2
1220150 1410.5
1220160 1410.7
1220170 1410.7
1220180 1410.9
1220190 1410.8
1220200 1410.8
1220210 1411.4
1220220 1412.3
1220230 1412.3
1220240 1413.9
1220250 1416.8
1220260 1416.8
1220270 1418.7
1220280 1419.3
1220290 1419.3
1220300 1420.5
1220310 1422.8
1220320 1422.8
1220330 1424.9
1220340 1426.2
1220350 1426.2
1220360 1425.6
1220370 1423.0
1220380 1423.0
1220390 1419.6
1220400 1414.2
1220410 1410.6
1220420 1410.6
1220430 1410.0
1220440 1408.7
1220450 1408.7
1220460 1404.2
1220470 1399.4
1220480 1399.4
1220490 1396.2
1220500 1393.5
1220510 1393.5
1220520 1390.5
1220530 1385.2
1220540 1385.2
1220550 1382.5
1220560 1382.1
1220570 1382.1
1220580 1382.0
1220590 1381.6
1220600 1381.6
1220610 1381.4
1220620 1381.5
1220630 1381.5
1220640 1381.2
1220650 1381.1
1220660 1381.1
1220670 1382.5
1220680 1383.0
1220690 1383.0
1220700 1383.3
1220710 1383.7
1220720 1383.7
1220730 1384.5
1220740 1385.9
1220750 1386.6
1220760 1386.6
1220770 1385.8
1220780 1384.3
1220790 1384.3
1220800 1383.0
1220810 1383.4
1220820 1383.4
1220830 1384.5
1220840 1384.9
1220850 1384.9
1220860 1385.2
1220870 1384.5
1220880 1384.5
1220890 1382.3
1220900 1379.3
1220910 1379.3
1220920 1376.3
1220930 1372.2
1220940 1372.2
1220950 1367.7
1220960 1363.1
1220970 1363.1
1220980 1357.6
1220990 1351.8
1221000 1351.8
1221010 1346.5
1221020 1342.1
1221030 1342.1
1221040 1337.6
1221050 1334.1
1221060 1332.7
1221070 1332.7
1221080 1330.5
1221090 1327.3
1221100 1327.3
1221110 1324.9
1221120 1323.5
1221130 1323.5
1221140 1322.3
1221150 1321.4
1221160 1329.8
1221170 1329.7
1221180 1328.8
1221190 1328.8
1221200 1329.4
1221210 1332.4
1221220 1332.4
1221230 1333.2
1221240 1333.8
1221250 1333.8
1221260 1331.7
1221270 1328.9
1221280 1328.9
1221290 1327.3
